2.970931 28.743552 9.039892 
2.207424 29.044860 9.611093 
1.250125 29.098841 9.895109 
0.770672 29.385728 9.065760 
1.427054 30.086694 9.344701 
2.009019 29.788092 8.588292 
1.699515 28.902605 8.241709 
1.618159 28.280469 7.463038 
2.140273 28.905132 6.882356 
3.114234 28.824412 7.094212 
3.321317 27.914901 6.733786 
4.221349 28.337766 6.628296 
4.997468 28.819110 6.220930 
4.612970 29.342821 6.981120 
5.215159 29.898153 6.407556 
4.362482 30.347041 6.674842 
4.419764 31.219961 6.190353 
5.328376 31.131343 6.598484 
5.065134 31.911182 7.166422 
5.223870 32.390752 8.029449 
4.262044 32.343963 7.759816 
3.445695 32.844511 7.471675 
3.722700 33.795008 7.612475 
3.149115 34.573292 7.867962 
4.115340 34.805005 7.755190 
4.859953 35.408132 8.041181 
5.106365 34.882498 7.226939 
5.941985 34.461095 7.579302 
5.993686 33.467327 7.480550 
6.687447 32.923847 7.953124 
6.737276 32.835239 6.958304 
7.145046 31.930243 6.837037 
7.932081 31.463201 7.240084 
7.278409 30.987887 7.828973 
7.311914 30.040362 7.511049 
6.808799 29.911297 6.656522 
6.280504 30.513471 6.057947 
5.711710 30.563255 5.236975 
6.219247 30.117197 4.499793 
5.463702 29.626098 4.933350 
4.895448 30.246049 4.392287 
5.582557 29.882555 3.763198 
6.183363 30.113957 2.998028 
5.576799 30.709882 2.471765 
4.647306 30.394188 2.281029 
3.987497 31.144926 2.248729 
3.702729 30.864590 1.332040 
4.692882 30.828660 1.196739 
4.900787 31.598597 1.800040 
4.684184 32.553508 2.003084 
3.833477 32.892006 2.405225 
3.207143 32.925200 1.626378 
2.402970 32.702891 1.075121 
1.797224 33.498042 1.046721 
1.351847 34.357358 1.298147 
1.647495 34.473218 0.349902 
2.224487 34.827766 1.085684 
2.184943 35.821103 0.977432 
1.760817 35.931497 1.876281 
2.672281 35.532947 1.978223 
3.387395 35.535269 2.677227 
2.865956 35.405588 3.520604 
3.037175 36.173474 4.137885 
3.854529 36.579742 4.546392 
3.094025 36.795649 5.158779 
2.214708 36.775720 5.634599 
2.047655 36.598451 6.604480 
2.713820 36.860966 7.302556 
2.661643 37.786454 7.677722 
3.097347 38.094933 8.523301 
3.812148 38.357823 9.171335 
4.792562 38.535290 9.256743 
5.436278 37.825797 9.543534 
5.573771 37.047731 8.930583 
5.491829 37.442328 8.015389 
5.122514 38.310156 7.683003 
5.008983 38.475259 6.703283 
5.909335 38.071654 6.865974 
5.777072 37.101219 7.067875 
6.566742 36.500883 7.194440 
6.026546 35.700143 6.935592 
5.526273 35.487005 6.096366 
6.417651 35.610394 5.660225 
7.008721 36.334758 6.015095 
7.640819 36.863155 5.448306 
8.219593 37.088431 4.664551 
7.461431 37.731718 4.557907 
6.666798 38.332644 4.471613 
6.952757 39.222261 4.827714 
6.320276 39.725094 4.238538 
6.051448 40.311534 5.002619 
5.858122 41.111304 4.434294 
4.871048 41.119681 4.594341 
4.410074 40.258863 4.809969 
4.873334 40.107606 3.936750 
4.056549 39.763505 3.473655 
3.206963 39.904284 3.981971 
2.939647 39.596433 4.895081 
2.565104 40.523543 4.908601 
2.654224 41.230545 5.610176 
3.002063 41.900713 6.265830 
3.460907 41.565711 7.088773 
-3.073869 -52.088648 6.601172 
-2.269366 -52.626013 6.348162 
-2.117945 -53.548010 5.991801 
-2.435079 -54.229040 6.651820 
-3.322300 -54.553909 6.324256 
-4.032846 -55.050599 5.825836 
-3.538605 -54.683975 5.037602 
-3.016392 -53.899160 5.371307 
-3.940622 -53.629744 5.100728 
-3.918646 -53.080095 5.935834 
-3.399229 -52.510514 5.298823 
-3.719376 -51.563178 5.306578 
-3.732200 -50.611776 5.614262 
-3.179760 -50.396006 6.419404 
-2.479196 -49.884528 5.921809 
-3.070304 -49.090379 6.062941 
-4.016098 -49.365204 6.235990 
-4.452151 -48.521828 5.922025 
-3.841575 -48.238489 5.182488 
-3.870180 -47.595528 4.417123 
-4.459907 -47.314819 3.659875 
-4.625006 -48.099585 3.062475 
-4.389811 -49.070508 3.107088 
-4.826105 -49.409032 3.940785 
-5.795212 -49.299700 3.719703 
-6.471891 -48.573600 3.841707 
-5.889929 -47.871461 3.431438 
-5.228075 -47.258836 2.999419 
-4.936673 -46.345644 3.284314 
-4.343859 -45.563898 3.477820 
-4.771629 -44.664121 3.391717 
-4.813825 -45.002301 2.451582 
-5.791994 -44.884519 2.622793 
-6.110868 -45.081491 1.695689 
-6.394022 -45.297474 0.761251 
-5.706600 -45.501745 0.064311 
-6.299669 -46.292316 0.216847 
-5.954864 -46.504814 -0.697458 
-5.075248 -46.071975 -0.894753 
-4.922380 -47.018330 -0.610071 
-4.286239 -47.149888 -1.370344 
-3.453928 -46.941256 -1.883892 
-3.351160 -47.714195 -2.509995 
-3.688106 -46.899459 -2.981879 
-3.701509 -47.013333 -3.975283 
-4.137249 -47.579765 -4.674773 
-4.821913 -48.308495 -4.661090 
-5.090667 -47.398002 -4.346808 
-4.647066 -46.591019 -4.736675 
-5.451014 -46.176280 -5.162889 
-5.950647 -46.817419 -5.745390 
-5.561457 -47.608649 -5.273706 
-6.539249 -47.429173 -5.165491 
-6.525773 -46.668004 -4.517077 
-7.315261 -47.281205 -4.490758 
-8.199593 -46.815369 -4.459885 
-8.808433 -47.199527 -3.765813 
-9.340133 -46.359261 -3.871870 
-8.920841 -45.752062 -4.546780 
-9.258726 -44.844642 -4.296932 
-10.054182 -45.436504 -4.166743 
-10.430973 -45.960731 -4.930429 
-9.941746 -45.123540 -5.174903 
-10.762253 -44.639211 -5.478536 
-10.442277 -43.946324 -6.124697 
-10.964936 -43.116593 -5.928806 
-11.501264 -43.950694 -6.057749 
-11.761790 -43.588302 -6.952623 
-12.401424 -42.837275 -6.788838 
-12.569704 -43.472849 -6.035361 
-13.370254 -43.805131 -6.534068 
-13.605021 -44.358827 -7.333009 
-13.436332 -44.073636 -8.276519 
-13.376205 -44.923738 -8.799694 
-13.621814 -45.500494 -9.578815 
-13.046727 -44.965672 -10.197880 
-12.134975 -44.556026 -10.227865 
-11.264924 -44.975068 -9.968221 
-10.676908 -45.768664 -10.124563 
-10.184643 -45.700169 -9.256817 
-9.381425 -45.895044 -9.819724 
-9.607822 -46.806634 -10.162868 
-10.538833 -47.113625 -10.360290 
-11.172374 -47.525561 -11.015221 
-11.688514 -48.311758 -10.675378 
-12.132557 -47.777700 -11.394827 
-12.599183 -47.205067 -10.720770 
-12.485085 -47.493206 -9.770003 
-12.712258 -47.919971 -8.894638 
-13.242058 -47.073094 -8.940596 
-13.733151 -47.745074 -9.494916 
-14.032988 -48.673690 -9.713480 
-13.765052 -49.269706 -8.956528 
-12.894707 -49.449506 -8.498083 
-12.541917 -49.870317 -7.662346 
-16.984169 -3.348048 -12.025468 
-17.837157 -2.872535 -11.810296 
-17.796038 -3.416020 -10.971885 
-18.199736 -4.098543 -10.362631 
-17.940785 -3.460401 -9.637565 
-18.441699 -3.659774 -8.795345 
-17.715081 -3.872953 -8.142214 
-17.375285 -4.788834 -7.928432 
-16.490362 -4.349048 -8.081727 
-16.558219 -4.053214 -9.034553 
-16.746444 -3.592624 -9.901979 
-15.888442 -3.660707 -10.411093 
-15.888483 -3.193137 -9.527137 
-16.308177 -2.312006 -9.309273 
-16.777871 -2.213614 -8.431944 
-17.007081 -3.174367 -8.275688 
-16.192504 -3.284678 -7.706218 
-15.746940 -2.590940 -7.140356 
-16.528180 -2.310093 -6.582870 
-15.664857 -2.014999 -6.173488 
-16.297846 -1.423032 -5.674590 
-15.342146 -1.399815 -5.381166 
-14.752503 -0.661452 -5.708492 
-15.383525 -0.317814 -5.012989 
-15.235210 0.573249 -5.441951 
-14.905060 0.646978 -6.382996 
-15.848864 0.347517 -6.243145 
-16.598417 -0.170278 -5.830764 
-17.474825 -0.626331 -5.676089 
-18.387927 -0.361435 -5.366128 
-19.031769 0.363095 -5.120113 
-19.523110 1.044048 -5.663148 
-18.931362 1.645597 -6.199779 
-19.613682 2.086769 -5.616850 
-19.220536 2.946044 -5.944086 
-18.924386 2.823162 -4.996882 
-18.794350 2.334798 -4.133985 
-19.784855 2.221713 -4.212164 
-20.108058 3.141191 -3.988333 
-19.732850 4.024159 -4.270442 
-19.103320 4.215301 -5.023540 
-19.865502 4.840070 -5.193075 
-20.324017 4.037505 -5.574720 
-21.038027 3.458925 -5.968973 
-21.132614 2.656249 -5.380105 
-22.002003 3.126679 -5.531294 
-22.027984 3.460104 -6.473713 
-23.012221 3.623038 -6.542485 
-23.955405 3.676381 -6.870448 
-24.896446 3.340553 -6.829690 
-24.366923 2.703999 -7.390408 
-23.866110 2.494221 -6.550658 
-24.450788 1.931663 -5.966124 
-25.031084 1.907450 -6.780169 
-25.423400 1.034137 -7.068981 
-25.263125 1.004638 -8.055612 
-25.332496 1.025772 -9.052979 
-25.871214 1.703327 -9.553680 
-26.354429 2.549358 -9.328435 
-26.306227 2.293329 -10.293901 
-25.555587 2.841003 -9.924316 
-25.314569 2.802678 -10.894080 
-26.045747 3.476885 -10.790043 
-25.298908 4.103407 -10.567105 
-25.602923 3.958394 -9.625539 
-26.204948 4.600296 -10.100437 
-26.598443 4.586782 -11.019664 
-27.294576 4.785973 -10.329938 
-27.478044 3.831649 -10.094132 
-26.914681 3.499596 -9.337586 
-27.424074 3.216436 -8.524973 
-27.993035 4.028279 -8.393851 
-27.444940 4.045032 -7.557603 
-26.754246 4.723415 -7.808077 
-26.151530 3.968341 -7.550012 
-25.282365 3.645130 -7.924292 
-24.284469 3.591988 -7.961431 
-23.749802 4.419166 -7.788492 
-22.794598 4.550648 -7.523354 
-21.963554 5.096920 -7.628012 
-21.293013 4.529188 -7.150462 
-20.755616 4.650057 -6.315839 
-20.292020 4.654055 -7.201877 
-19.820919 4.065446 -6.544912 
16.463431 4.723552 41.637132 
16.644652 5.120102 42.537081 
17.202605 4.290330 42.524124 
17.407146 4.801827 43.358710 
17.791407 5.519071 43.940006 
18.398518 5.438962 44.730575 
19.014722 5.681241 45.479971 
19.529394 5.968947 46.287645 
19.664139 6.746502 45.673436 
18.873659 7.355466 45.739050 
18.374450 6.507931 45.919256 
17.502875 6.467397 46.407840 
18.087164 6.861416 47.117315 
18.186619 7.653990 47.718927 
18.940682 8.245522 47.433480 
19.671807 8.379196 46.764460 
20.560036 8.792589 46.964848 
20.575899 7.988742 46.370223 
21.472737 8.008430 46.812143 
21.641879 8.201254 47.778688 
21.638138 9.192896 47.649724 
22.045694 9.804740 48.327621 
22.725805 10.246181 47.742319 
22.960951 9.307921 47.996043 
23.949141 9.448705 47.935535 
24.611597 9.351661 48.678323 
24.539420 8.598045 49.331664 
24.557217 7.654678 49.000392 
25.109714 7.093161 48.384400 
25.529954 6.339103 47.879629 
26.523410 6.446354 47.918908 
27.308360 6.490491 48.536893 
27.524193 5.526165 48.690164 
27.446569 5.811823 49.645346 
27.692220 6.192624 50.536775 
26.886407 5.632717 50.729569 
27.567057 4.901191 50.769391 
27.596527 3.978272 51.153256 
27.859038 4.232413 52.084117 
28.723649 4.000382 52.529772 
28.767134 4.952855 52.831276 
29.509083 5.499595 52.443218 
30.395721 5.487916 51.980902 
31.047578 5.748108 52.693210 
30.612097 6.074379 53.532199 
29.942954 6.590946 52.997964 
29.343683 7.388109 53.071478 
29.300038 8.343274 52.778637 
30.218757 8.600931 52.479355 
30.786764 8.704629 53.295819 
31.447667 8.460457 54.005459 
31.246120 7.529961 53.699591 
31.524961 7.368494 52.752925 
32.310127 7.028133 53.270293 
32.056712 6.650030 54.160697 
32.968119 6.290061 54.360098 
33.896950 6.040390 54.086352 
34.057609 5.075678 53.877739 
33.322143 4.489057 53.538673 
32.588354 4.601351 52.868640 
32.484641 4.896676 51.918889 
32.867109 5.727729 51.515071 
31.946374 5.962855 51.826459 
31.797756 5.227052 51.165773 
31.049656 4.563753 51.146260 
31.083149 3.971132 51.951044 
31.833391 3.538622 51.450972 
31.768098 3.949381 50.541569 
31.130506 3.419249 49.982609 
30.846205 2.525828 50.330420 
31.268932 2.742033 51.210510 
31.552831 2.054598 51.878967 
31.943670 1.164154 52.112105 
32.370499 0.689313 52.881744 
33.171739 0.313001 53.346937 
33.839025 0.110543 52.630180 
33.848886 1.104573 52.521518 
34.490972 1.704309 52.999056 
34.133247 2.527816 52.558750 
34.986692 3.035002 52.438777 
35.482896 3.113636 51.574140 
36.137091 2.828025 52.274465 
8.346431 55.846652 54.919232 
9.202836 55.720381 55.419858 
8.628688 55.811736 56.233497 
7.690718 56.133982 56.105549 
7.560543 56.791302 56.847832 
7.762873 56.457644 57.768558 
8.697651 56.778367 57.921292 
8.943450 57.746916 57.959962 
8.069607 57.452202 58.346670 
8.193948 58.359594 58.748140 
8.959446 58.926934 59.051683 
9.472112 59.361477 59.792187 
8.668400 59.838768 59.436882 
9.521047 59.923164 58.921256 
9.932025 60.537456 58.247653 
9.113042 60.737012 57.709652 
8.220816 60.524414 57.311237 
7.373604 60.536854 57.842347 
7.204795 61.182557 57.097652 
7.428485 62.145559 57.247953 
6.618347 61.920329 56.706707 
5.931876 62.611482 56.480730 
4.981373 62.301258 56.498211 
4.690212 61.421795 56.121687 
3.966529 61.222655 55.460909 
4.488846 61.369194 54.620843 
3.534001 61.196812 54.378858 
3.482841 61.595044 53.463002 
3.375845 62.588789 53.431022 
3.138120 63.102602 52.606714 
2.427166 62.447785 52.350276 
1.917247 61.668765 51.985434 
1.728336 62.445640 51.384787 
1.012926 62.415124 52.082825 
1.506053 62.969265 52.753461 
1.663643 63.539672 53.559563 
0.921744 63.162568 54.113980 
0.279714 62.722822 53.485950 
-0.173964 61.884924 53.789436 
-0.872609 62.593259 53.890217 
-1.602097 62.267834 53.288598 
-2.225687 62.816382 53.845581 
-2.063441 63.623726 53.278243 
-1.629211 63.826967 52.400669 
-1.248961 64.209398 53.242784 
-1.394516 64.912548 52.546800 
-2.114546 64.782828 51.865089 
-2.168075 65.777100 51.772580 
-1.488289 65.979249 51.067579 
-2.325164 66.484077 50.855946 
-3.020217 66.276488 51.544283 
-3.412417 65.377003 51.736912 
-3.670247 64.599903 51.162770 
-4.255851 64.478504 51.964224 
-3.582494 63.788444 52.229571 
-3.990953 63.005767 52.699228 
-4.475205 62.391754 53.322515 
-5.232828 61.999632 52.800740 
-5.014131 61.034996 52.653602 
-5.430891 61.104138 53.559985 
-6.396242 61.002299 53.319723 
-7.247406 61.451738 53.590880 
-7.255459 61.233691 54.566785 
-7.689811 60.482554 55.063908 
-7.834065 59.618775 54.581127 
-7.904839 59.874621 53.617004 
-7.575934 59.543541 52.732579 
-6.848224 58.990243 53.137917 
-6.367238 58.191543 52.776350 
-5.663452 57.967695 53.450573 
-6.510266 57.462043 53.615562 
-5.983776 56.645013 53.850657 
-5.501693 56.644521 52.974532 
-4.997771 55.809950 52.751926 
-4.812466 54.835252 52.626915 
-5.719012 54.415130 52.586034 
-6.515391 53.814469 52.515413 
-6.762618 54.547034 53.149628 
-7.565467 55.133413 53.257301 
-7.285014 55.941133 52.738713 
4.301831 71.475952 13.032212 
3.710057 71.889703 13.724031 
3.169942 72.000846 14.558251 
3.312214 72.909878 14.166564 
3.289518 73.271915 15.098451 
3.570351 73.993392 15.731383 
3.624373 73.710947 16.689144 
3.721129 72.790977 17.069004 
3.909269 71.981095 17.624608 
3.894359 71.601878 16.699420 
3.062115 71.426077 16.173622 
2.450533 71.644995 16.933913 
2.591613 72.319405 16.209160 
1.607361 72.144827 16.236931 
0.783707 71.750604 15.829278 
0.750617 72.716233 15.571470 
0.321594 73.473679 16.063624 
-0.303825 74.252598 16.109846 
0.628906 74.452688 16.409809 
1.061396 75.194781 15.897704 
0.232645 75.593615 15.505145 
-0.749696 75.406555 15.508915 
-0.431509 76.324446 15.271782 
-0.005955 76.588446 16.137350 
-0.316876 77.450587 15.737299 
-0.712717 77.751411 16.604948 
-1.426278 77.064891 16.465228 
-1.939269 76.520509 17.128921 
-2.038319 75.536850 16.978578 
-2.687012 75.304784 16.253772 
-3.431731 75.933506 16.477606 
-3.020951 76.291152 17.316265 
-2.339545 75.993584 17.984949 
-2.248965 75.203476 18.591188 
-2.600280 74.330325 18.253276 
-3.194346 75.040443 17.875365 
-3.570988 75.828969 18.361541 
-4.406850 76.331124 18.139781 
-4.859554 76.137250 19.010110 
-5.670152 76.231746 19.588038 
-5.506245 76.385681 20.562430 
-6.149093 76.459955 21.324814 
-6.239981 77.110282 22.079012 
-5.297616 77.440988 22.028185 
-5.176424 78.029447 22.827577 
-5.410191 78.968856 22.576850 
-5.370993 79.193337 21.603161 
-5.160428 79.670055 20.749696 
-4.539220 79.108787 20.202815 
-3.981480 79.920010 20.378437 
-3.412098 79.099043 20.335807 
-2.692459 79.696360 20.689829 
-2.977832 80.296874 19.942872 
-3.021577 80.879624 19.131399 
-3.592867 80.059856 19.171489 
-3.511155 79.084298 18.967504 
-3.423669 79.385507 18.017967 
-3.861434 79.900268 17.280822 
-4.010754 80.273098 18.196628 
-4.546001 81.116772 18.238163 
-5.203598 81.648923 17.704888 
-5.775571 81.310007 16.957906 
-6.205581 81.188383 17.852500 
-5.514433 81.048240 18.561496 
-5.132180 81.078399 19.485061 
-4.429860 81.601903 19.967442 
-4.216770 82.578853 19.954773 
-4.104347 82.067060 20.806494 
-3.279015 81.890081 21.342690 
-2.983897 82.687498 21.869028 
-2.294494 81.963334 21.886634 
-2.281628 81.025365 22.233114 
-3.273443 81.018281 22.105630 
-4.107533 80.722285 21.640141 
-4.374389 80.869076 20.687649 
-3.375402 80.911064 20.703802 
-3.331507 81.695021 20.084540 
-2.505889 82.074441 19.666935 
-51.897469 35.092252 33.084132 
-51.654083 34.702948 33.972505 
-51.230278 34.068159 34.618595 
-51.028486 34.646507 35.409034 
-51.092499 35.615473 35.170272 
-50.269862 36.168392 35.302747 
-49.378673 35.796648 35.042769 
-49.451861 34.818922 34.846059 
-48.941339 35.094328 34.031492 
-48.369053 35.515784 33.328027 
-47.846453 36.288798 33.687666 
-48.776515 36.445095 34.020166 
-49.596168 35.957787 33.719003 
-50.117337 36.039919 32.869510 
-50.498023 35.382218 33.519517 
-50.185501 34.810003 32.761296 
-49.831792 35.203048 31.912529 
-49.829979 35.417025 30.935692 
-50.155955 34.501564 30.699746 
-49.361523 34.113719 30.232355 
-49.332942 33.152830 30.507810 
-48.650844 32.779814 31.136779 
-48.166702 32.084143 30.606073 
-47.210734 32.354750 30.719633 
-46.916056 32.196647 29.777206 
-46.364393 31.685964 29.117759 
-46.995899 31.470622 28.372891 
-47.772387 32.081800 28.526277 
-48.074648 32.958407 28.151845 
-47.333933 33.475762 28.580430 
-47.026619 34.422965 28.671891 
-47.490962 34.982719 27.985552 
-47.848798 34.255733 27.399512 
-47.741725 33.367998 26.951781 
-47.114154 32.676209 26.594596 
-46.858975 31.914180 27.189739 
-47.271249 31.613945 26.329571 
-47.566033 31.316816 25.421377 
-48.551953 31.171377 25.503892 
-48.826775 30.255963 25.797985 
-49.692719 30.375864 26.283541 
-49.599606 29.412233 26.534030 
-50.098157 28.935915 25.809760 
-50.728857 28.462751 25.194672 
-51.670813 28.793189 25.254079 
-52.655657 28.619970 25.245272 
-52.332068 28.927073 26.140245 
-52.440741 29.830876 25.726326 
-53.280152 29.287757 25.706084 
-53.463799 29.921507 26.457506 
-54.395211 29.923945 26.093547 
-53.880364 30.779781 26.043773 
-54.602120 31.161353 25.466304 
-55.025046 31.475112 24.616192 
-55.896607 31.173591 25.002800 
-55.942050 30.177075 24.932864 
-55.022585 29.812577 24.785470 
-55.615828 29.117376 24.379565 
-56.453387 28.645250 24.104627 
-56.536618 29.611133 23.859390 
-56.161313 30.153740 23.107908 
-56.103468 29.545058 22.316605 
-55.782551 28.612556 22.482291 
-54.796355 28.659494 22.641083 
-53.984801 28.892112 23.177057 
-53.891464 29.752725 23.677691 
-53.631574 30.701648 23.856582 
-52.677097 30.409158 23.798082 
-52.125333 29.630661 23.498919 
-52.946959 29.085254 23.664640 
-53.008126 29.004132 22.669814 
-52.656027 28.392890 21.961006 
-51.887359 27.753249 21.963959 
-51.223840 28.400848 22.338604 
-50.387767 28.827541 21.993763 
-49.486124 28.962032 22.404799 
-9.305669 -60.206748 53.230532 
-8.500765 -60.334976 52.651147 
-7.786436 -60.049337 52.012285 
-7.149286 -59.778472 51.290709 
-6.525029 -59.799912 50.509784 
-5.601734 -60.120951 50.720642 
-5.596276 -61.119702 50.770298 
-4.695921 -60.706697 50.633228 
-3.816806 -60.745078 50.158166 
-3.732930 -60.248063 49.294487 
-4.703413 -60.328863 49.521717 
-4.330766 -61.072631 48.966792 
-5.275716 -61.395776 49.018239 
-6.102912 -60.934589 48.697219 
-5.806551 -60.214768 49.324936 
-5.244506 -60.370994 48.512718 
-4.309908 -60.217373 48.191895 
-4.326648 -60.252419 47.192650 
-3.563101 -60.872244 47.373794 
-3.370077 -60.002213 47.827432 
-3.226698 -59.015928 47.909194 
-3.916095 -59.227285 48.602059 
-3.030509 -59.372943 49.043106 
-3.526511 -59.286367 49.907101 
-3.883874 -59.002122 50.796762 
-3.265234 -58.231909 50.951866 
-3.920128 -57.479505 51.022587 
-4.261460 -57.135051 50.148033 
-5.004795 -57.671207 49.748045 
-4.176061 -58.017132 49.308117 
-3.257677 -57.640038 49.427996 
-3.751510 -56.979131 48.862902 
-3.177196 -56.456543 48.232773 
-3.918575 -56.290684 47.582505 
-3.640796 -55.931249 46.691637 
-2.720244 -56.166133 47.003747 
-2.734332 -55.425920 46.331522 
-2.082903 -55.550194 45.583059 
-1.383736 -55.231448 46.223033 
-0.526255 -54.883710 45.843817 
-0.193316 -55.025646 44.911612 
0.302217 -55.871289 44.713282 
0.899639 -56.648690 44.516469 
1.313470 -56.491875 43.619723 
1.994744 -57.179239 43.367937 
1.800995 -56.741948 42.489736 
1.204379 -55.959968 42.309301 
0.540592 -55.223647 42.440518 
-0.059820 -54.860621 41.727975 
0.620884 -54.718244 41.009385 
0.429514 -54.000031 40.340395 
0.237811 -54.448733 39.467516 
0.447334 -55.408779 39.653021 
0.641150 -56.197320 39.069378 
1.424627 -56.703040 39.430503 
1.736734 -55.952686 40.013220 
0.805845 -56.173472 40.304248 
1.500482 -56.688199 40.806777 
2.272360 -56.373753 41.359343 
2.695458 -55.966782 40.549798 
3.502202 -56.481784 40.839519 
3.336314 -57.031568 41.658187 
3.150947 -56.293346 42.306776 
3.950605 -56.062280 42.860993 
4.388643 -55.211191 42.571563 
5.049216 -54.645022 42.078516 
5.139842 -54.052960 41.277735 
4.927070 -53.586137 42.136108 
-26.092269 -5.152748 44.359532 
-25.714141 -4.381773 44.871994 
-24.924419 -4.357808 45.484990 
-25.694614 -4.770319 45.971441 
-25.972755 -5.622897 46.413874 
-26.688072 -5.401371 47.076632 
-26.058743 -4.625122 47.113807 
-25.667580 -4.921999 47.984930 
-25.262984 -5.789451 47.695398 
-25.941645 -6.522339 47.743314 
-25.458377 -6.776807 48.580988 
-24.929224 -7.520195 48.990099 
-25.770810 -8.043149 49.125203 
-25.089712 -8.770781 49.206798 
-24.399847 -8.570543 49.902492 
-24.205981 -8.865471 50.838138 
-24.118802 -9.606351 50.172183 
-23.623169 -10.364588 50.595769 
-22.767680 -10.880824 50.636265 
-23.190749 -10.848822 51.541797 
-23.989031 -11.351592 51.873412 
-23.690491 -12.302493 51.791808 
-24.688345 -12.240529 51.812928 
-25.388657 -11.552098 52.001676 
-26.128514 -12.172684 52.261454 
-26.834656 -12.741075 52.683705 
-27.735479 -12.560361 52.288913 
-27.431247 -12.751869 51.355764 
-26.500131 -12.756312 50.991067 
-26.334813 -13.508370 51.629094 
-26.251020 -14.021526 52.483290 
-25.739482 -14.692741 53.019759 
-24.811388 -14.321020 53.041339 
-23.881824 -14.625407 53.249327 
-24.012556 -13.657486 53.034764 
-24.197585 -12.700135 52.812852 
-23.258367 -12.837389 53.127544 
-23.548212 -13.194691 54.015421 
-22.768996 -13.804051 53.868779 
-21.901022 -14.117689 54.253814 
-22.616492 -14.608667 54.750848 
-23.377882 -15.239842 54.898844 
-22.689082 -15.525355 55.565205 
-22.651639 -14.591480 55.920839 
-22.253695 -14.530833 56.836242 
-22.160385 -14.681208 57.820458 
-22.359462 -14.139976 58.637426 
-22.199849 -14.320284 59.607999 
-22.574933 -13.480290 60.000071 
-22.650901 -13.050544 59.100323 
-21.729629 -12.800170 59.397929 
-21.545222 -13.414088 58.630401 
-21.389697 -12.616720 58.047292 
-20.531225 -13.047996 58.324831 
-20.556597 -12.179643 58.820127 
-19.599476 -12.434951 58.957014 
-19.395602 -11.458324 59.025102 
-19.576768 -11.603862 58.052478 
-19.805677 -10.635202 57.956050 
-19.810852 -9.638679 58.039215 
-19.862268 -9.891585 57.073091 
-19.791420 -9.777532 56.082146 
-18.846089 -10.042769 56.271881 
-18.587524 -10.163634 57.230284 
-18.380480 -9.196495 57.082724 
18.045531 -72.380848 -23.448668 
17.450614 -72.781711 -24.145362 
17.303628 -73.001934 -25.109673 
17.206841 -72.032531 -24.884082 
17.638203 -71.498015 -25.610870 
18.472407 -71.922630 -25.962730 
19.351017 -71.461799 -25.837516 
19.623441 -71.564993 -26.794144 
19.852244 -72.259251 -27.476533 
19.703072 -72.585102 -26.542955 
19.608226 -73.533219 -26.846397 
20.480160 -74.022548 -26.863386 
20.986983 -74.781313 -27.272541 
20.761698 -75.725056 -27.030474 
20.807745 -76.012331 -26.073733 
20.505027 -75.794103 -25.145973 
19.596189 -76.166543 -24.958082 
19.234076 -76.444352 -24.068309 
19.065149 -75.459216 -24.099456 
18.362374 -75.285367 -23.409612 
18.322376 -74.312723 -23.180782 
19.148877 -74.221060 -22.625360 
19.031859 -75.023061 -22.039611 
19.306278 -75.278886 -22.966567 
19.935700 -75.518568 -22.227391 
20.522501 -76.071045 -21.635417 
19.826044 -75.626105 -21.072412 
20.087213 -74.697361 -20.809303 
19.167963 -74.455814 -20.498441 
19.709770 -74.462236 -19.657962 
19.327821 -73.588746 -19.356086 
18.474116 -73.293011 -19.784720 
19.020926 -73.372930 -20.618154 
19.801042 -72.899107 -21.026701 
20.124577 -73.658232 -21.591550 
20.682683 -73.444553 -20.789766 
21.616600 -73.705697 -21.033904 
22.395226 -73.081446 -21.097552 
23.207799 -72.912678 -20.539661 
22.898218 -73.568833 -19.851461 
22.027310 -73.138769 -19.613629 
22.651481 -73.190641 -18.834066 
23.080515 -73.198109 -17.930808 
23.122963 -74.192373 -17.832634 
22.399574 -74.541565 -17.237006 
22.364949 -75.092046 -18.071136 
23.024730 -74.744001 -18.737135 
23.901940 -75.030439 -18.351835 
24.185173 -75.916937 -18.717760 
24.602809 -75.627158 -17.856593 
23.872626 -75.450477 -17.196580 
23.799883 -75.705234 -16.232315 
23.374621 -76.568992 -16.502640 
24.169815 -77.175196 -16.489107 
23.948079 -77.369925 -17.444572 
23.814844 -77.528907 -18.422822 
22.880974 -77.830191 -18.615473 
23.116238 -78.781676 -18.813786 
23.035316 -78.904707 -17.824688 
22.388438 -78.955356 -17.063778 
21.629442 -78.575282 -16.535131 
20.863814 -78.840196 -15.948927 
20.458751 -79.468417 -15.284651 
21.126593 -79.540972 -14.543892 
21.541136 -80.011605 -13.765009 
22.495960 -79.913083 -13.484645 
23.215368 -80.605278 -13.427044 
22.664711 -81.425815 -13.580326 
23.190898 -82.155656 -13.143910 
16.372931 -26.723448 11.000132 
15.902591 -27.588200 10.824113 
15.839475 -27.000129 10.017770 
15.842653 -26.493327 9.155714 
16.441802 -27.198659 8.776865 
15.973719 -28.081352 8.818717 
15.413493 -27.727633 8.069698 
15.511534 -28.720012 8.144352 
14.845659 -29.451543 7.997815 
14.022988 -28.895442 8.115987 
13.928174 -28.676965 7.144762 
12.992073 -28.476097 6.856028 
12.609570 -28.430517 5.933199 
12.025452 -28.732370 6.686651 
11.855466 -29.591882 6.204631 
12.444249 -30.215320 5.690180 
12.586818 -30.637256 6.585526 
11.842684 -30.975036 6.009185 
10.968556 -30.673615 5.628337 
10.398924 -31.077141 4.912316 
9.641312 -30.440593 4.767989 
9.515551 -30.103557 5.701043 
9.138563 -29.247306 6.054193 
9.666460 -29.693011 6.777153 
10.274134 -29.489433 7.544804 
11.193998 -29.330085 7.903216 
11.168390 -29.261743 8.900549 
11.945518 -29.824735 9.181817 
12.692350 -29.339169 9.636203 
12.513965 -28.430280 9.259243 
12.824999 -27.543075 8.918470 
13.481857 -28.021680 8.335826 
13.954986 -27.210603 7.991874 
13.199949 -27.353932 7.352048 
13.007727 -27.286183 6.373038 
13.763695 -26.748455 5.999728 
14.056647 -27.352907 5.258906 
13.733130 -27.031408 4.368976 
13.559836 -27.990136 4.594390 
12.901649 -28.343480 3.929606 
12.514022 -27.477432 3.613843 
11.922955 -26.765504 3.234634 
11.687726 -27.620074 2.771625 
12.499782 -27.196664 2.370016 
12.465401 -26.958692 1.399353 
13.111641 -26.283502 1.755011 
13.772100 -26.811413 2.288962 
14.666030 -26.366951 2.231147 
15.619643 -26.079759 2.140900 
15.773289 -26.584891 2.990155 
15.808384 -26.221540 3.921146 
16.233588 -25.316567 3.936169 
15.469723 -24.927638 4.451189 
15.189570 -25.861331 4.674193 
14.861656 -26.805704 4.699357 
15.436474 -26.732744 5.514379 
16.090188 -26.666135 6.268183 
16.335568 -27.625350 6.127840 
15.434324 -27.535166 6.551663 
15.617248 -28.400109 6.084316 
14.665401 -28.161270 6.276523 
14.127927 -28.653608 5.591887 
14.782083 -28.509178 4.849445 
14.217378 -29.220278 4.430583 
26.736631 29.201752 -53.680268 
26.675517 30.027216 -54.241404 
26.835755 30.849019 -53.694627 
27.351182 31.588037 -53.260823 
27.849674 31.535312 -54.126112 
28.624378 30.964831 -53.853376 
28.624837 30.227996 -54.529448 
28.479761 29.634976 -55.321459 
28.186024 30.421588 -55.864561 
29.141652 30.432619 -56.158931 
29.117129 31.419640 -56.317637 
28.167938 31.579644 -56.588625 
27.436065 31.914142 -55.994929 
26.615957 31.598538 -55.517628 
26.766781 30.754066 -56.031554 
26.670628 29.777582 -55.838594 
25.765829 29.899160 -55.430479 
25.383395 28.997616 -55.632870 
25.895405 28.263848 -56.079446 
25.761213 27.812023 -55.197490 
25.319718 26.988166 -55.552939 
26.026473 26.366940 -55.214449 
26.101808 25.430956 -55.558337 
25.332528 25.122799 -54.998651 
24.820865 24.622303 -54.300293 
24.997658 23.936556 -53.594250 
25.650107 23.182572 -53.670526 
25.934859 23.998108 -54.174329 
26.498337 24.113233 -53.356258 
27.256940 23.627891 -53.790958 
28.150168 23.916914 -53.446562 
28.898576 24.005401 -54.103871 
29.354081 24.064471 -54.992143 
30.123044 23.914127 -54.370779 
31.039136 23.618868 -54.642065 
31.984910 23.808259 -54.905966 
32.301050 23.308314 -55.712261 
32.342729 23.555867 -56.680238 
32.817968 22.771651 -57.079178 
32.576237 22.196463 -57.860667 
31.782259 21.770724 -57.426681 
32.138471 20.851700 -57.595526 
32.139107 21.236451 -58.518546 
32.781831 21.292631 -59.282581 
32.923680 22.277688 -59.380266 
33.374278 23.075228 -58.979154 
32.937078 23.822126 -59.480153 
32.255885 23.325504 -60.018058 
31.815550 23.580921 -59.157322 
30.881027 23.571644 -58.801541 
30.637723 24.535825 -58.695913 
30.401252 25.140742 -57.935547 
29.946019 26.020161 -57.796320 
29.318801 26.729634 -57.475000 
29.541709 27.371620 -56.741403 
29.920154 26.584570 -56.254236 
28.925860 26.680118 -56.206814 
28.685160 27.425595 -55.585262 
28.750533 28.142992 -54.891671 
28.206444 28.545684 -54.155595 
28.858053 28.779172 -53.433868 
29.752834 29.028336 -53.063350 
30.190665 29.910656 -53.236017 
43.034631 -10.671448 -20.641768 
42.658529 -11.539948 -20.318884 
42.615309 -11.298013 -19.349554 
43.611153 -11.384891 -19.322210 
44.288308 -10.822739 -18.847400 
44.047000 -10.401598 -17.973094 
44.309657 -10.432069 -17.008686 
43.580962 -9.873189 -16.612888 
44.499982 -9.599968 -16.328718 
43.973048 -8.785769 -16.572483 
43.012794 -9.009460 -16.739437 
42.204552 -8.468524 -16.972101 
41.682997 -9.275799 -16.695897 
41.790004 -9.630555 -15.767082 
42.562545 -9.607770 -15.132526 
43.091234 -8.762948 -15.050290 
43.294343 -8.915859 -14.083147 
43.718049 -8.618901 -13.227408 
43.769982 -9.181162 -12.402080 
43.665728 -8.833213 -11.470381 
44.021726 -9.751006 -11.294534 
43.881942 -10.619176 -11.770708 
44.293351 -10.681203 -10.861370 
43.618199 -11.059273 -10.227941 
44.090990 -10.574112 -9.492355 
43.691351 -10.761512 -8.595042 
43.915075 -11.425102 -7.881183 
44.071399 -12.403837 -7.748359 
43.438260 -13.172366 -7.656179 
42.450865 -13.029491 -7.588077 
41.822300 -13.030640 -8.365834 
41.387497 -13.642692 -7.705275 
40.967319 -14.312614 -7.093184 
40.752808 -14.292606 -6.116667 
41.612135 -13.865253 -5.835729 
41.784588 -14.825098 -6.056991 
41.997900 -15.712754 -5.648867 
41.840396 -16.589447 -6.103401 
41.385745 -16.045972 -6.809041 
42.051818 -16.587464 -7.322006 
42.385436 -17.255111 -6.656463 
42.625660 -17.922109 -7.361733 
41.667879 -18.156396 -7.195109 
40.675281 -18.246867 -7.114086 
39.881328 -17.834086 -6.667711 
39.185326 -18.477485 -6.348932 
39.530431 -19.403874 -6.499618 
40.479236 -19.361616 -6.812640 
40.921685 -18.720210 -6.185872 
41.404311 -18.250283 -5.446791 
42.141908 -18.892105 -5.656586 
43.069564 -19.245697 -5.776700 
43.299428 -20.131951 -5.374560 
44.203092 -19.713886 -5.467374 
44.403233 -20.687522 -5.576810 
44.034577 -21.373415 -6.204220 
43.906069 -21.908013 -5.368941 
44.586584 -22.280614 -4.738016 
45.487615 -22.166390 -5.156461 
45.694014 -21.326998 -5.659273 
46.601107 -21.623849 -5.957705 
46.631164 -21.708371 -6.953673 
46.375444 -21.620455 -7.916419 
-42.634469 -47.318808 -4.246668 
-43.281352 -47.336221 -5.009057 
-42.397676 -47.646176 -5.359833 
-42.165873 -47.234773 -6.241318 
-41.845434 -46.765361 -7.064100 
-41.818637 -45.802150 -7.331508 
-42.430848 -45.136196 -7.757774 
-42.579704 -44.726727 -8.657873 
-41.663615 -45.127161 -8.637039 
-41.034622 -45.425415 -9.354962 
-40.445204 -45.721332 -8.603284 
-39.767560 -46.353101 -8.226899 
-39.390308 -46.534693 -9.135031 
-40.074397 -47.246283 -9.295229 
-40.584248 -47.675062 -8.549441 
-40.123429 -47.663985 -7.662016 
-40.174276 -48.648608 -7.829145 
-41.168422 -48.735257 -7.764598 
-41.450660 -49.685070 -7.899490 
-40.557126 -50.069845 -7.668091 
-40.113958 -49.701243 -8.485241 
-39.727001 -49.248989 -9.288815 
-40.111787 -49.292974 -10.210772 
-39.613044 -48.843660 -10.951969 
-40.196306 -49.133192 -11.710900 
-40.641713 -49.769556 -11.081095 
-41.611470 -49.830593 -10.844781 
-42.123949 -49.955328 -11.694373 
-42.361925 -49.001667 -11.510260 
-42.100048 -48.038322 -11.452065 
-42.509436 -47.201564 -11.815709 
-43.043837 -46.531932 -11.299947 
-43.303069 -45.734002 -10.755792 
-43.580423 -45.189550 -9.964182 
-44.255979 -44.844818 -10.615936 
-45.057051 -44.249842 -10.550451 
-44.810311 -44.585354 -11.459600 
-45.562797 -44.890293 -12.043361 
-46.382862 -45.450185 -12.161746 
-46.580516 -45.076606 -11.255450 
-46.931844 -44.191384 -10.950574 
-47.116262 -44.130526 -9.969612 
-48.004514 -44.252346 -9.526704 
-48.987434 -44.428100 -9.472124 
-49.884751 -44.520858 -9.903653 
-50.023018 -45.395361 -9.438758 
-49.741143 -45.273628 -8.487061 
-49.015421 -44.658857 -8.178219 
-49.211679 -44.133080 -7.350547 
-48.529264 -43.402288 -7.366467 
-49.067810 -43.381350 -8.208803 
-48.748496 -42.819286 -8.971773 
-47.935342 -43.249657 -8.579904 
-47.950055 -42.367406 -8.109355 
-47.454114 -41.614859 -7.676093 
-47.199178 -40.655290 -7.795400 
-48.185646 -40.712205 -7.641637 
-48.732153 -41.524175 -7.846660 
-48.839282 -41.503258 -8.840685 
-48.322508 -41.008713 -9.539520 
-48.743615 -40.276008 -9.004906 
-49.282721 -39.615675 -8.482101 
-49.536586 -39.684710 -7.517328 
-50.038884 -40.317011 -6.927504 
-49.977691 -39.658235 -6.177657 
-49.606936 -39.052092 -5.474002 
-4.873469 47.724052 -50.255768 
-5.369994 48.050303 -51.060145 
-4.575622 48.633563 -51.229798 
-3.620859 48.571136 -51.520539 
-2.961777 48.861418 -50.826748 
-2.252015 49.549703 -50.976754 
-2.804681 49.913315 -51.726651 
-3.686383 49.647749 -51.336682 
-3.583926 50.603992 -51.062637 
-4.492635 50.856526 -51.395015 
-4.868593 50.940971 -52.317796 
-5.803120 50.630953 -52.143015 
-6.068301 51.496991 -51.719156 
-5.673931 52.106528 -51.031451 
-4.779405 51.988110 -51.462498 
-4.085681 51.555536 -52.038368 
-3.457552 51.295053 -52.771582 
-3.133654 51.141326 -53.705101 
-3.482348 51.588190 -54.528949 
-3.486212 52.528990 -54.867887 
-3.802539 52.739554 -55.792874 
-3.159606 52.330394 -56.440351 
-3.001425 52.495483 -57.413862 
-3.973589 52.520719 -57.646799 
-4.197306 51.546850 -57.685925 
-5.032545 51.025410 -57.860497 
-5.869875 51.481510 -57.559083 
-5.875230 51.087355 -58.478111 
-5.130464 51.656845 -58.825971 
-5.901319 51.726408 -59.459172 
-5.251203 51.016709 -59.730606 
-5.482766 50.260145 -59.119059 
-5.820639 50.169869 -60.055911 
-5.758516 49.341368 -59.499381 
-4.874444 48.981267 -59.201479 
-4.774860 48.603334 -58.281018 
-5.703928 48.799328 -57.967300 
-6.024401 47.892207 -58.240115 
-6.705066 48.590101 -58.462914 
-7.060394 47.695717 -58.734608 
-6.413429 47.777545 -59.492725 
-6.302565 48.505621 -60.169197 
-5.480397 48.839026 -60.630587 
-5.369244 49.698731 -61.129138 
-6.367572 49.641090 -61.133366 
-6.673334 50.563944 -60.899163 
-6.743904 50.397986 -61.882768 
-7.728462 50.503894 -62.022159 
-8.039734 49.553831 -62.044279 
-8.104374 48.559856 -61.955757 
-8.512956 48.870334 -61.097466 
-8.954387 48.487483 -60.285946 
-9.741492 47.956746 -60.600245 
-10.118452 48.877244 -60.703121 
-11.085493 48.780462 -60.938631 
43.480931 35.976752 -4.505368 
42.831740 35.216170 -4.497268 
41.894107 35.143873 -4.157244 
41.947043 35.016070 -3.166858 
41.816644 34.030113 -3.062533 
42.744082 34.381657 -3.190103 
42.597213 34.033702 -4.116038 
41.864721 33.572403 -4.616698 
40.964200 33.784580 -4.237168 
39.992708 33.847595 -4.465714 
40.087366 33.808657 -5.460462 
39.696201 32.910354 -5.260362 
40.372922 32.188690 -5.114584 
41.124036 32.305579 -4.464842 
41.088296 31.306866 -4.500827 
40.881243 30.777762 -3.677919 
41.738729 30.263934 -3.651497 
42.662385 30.478761 -3.968845 
43.519883 29.965912 -3.927814 
43.191051 30.447255 -3.115300 
42.824986 30.756876 -2.237729 
41.966313 31.195417 -2.502988 
41.787209 32.173513 -2.609052 
42.406514 32.015246 -3.378085 
43.392333 32.139151 -3.264910 
43.978536 32.772160 -3.770544 
43.213257 33.237019 -4.215802 
43.826077 33.932955 -4.590137 
44.013156 34.807009 -5.038501 
43.601635 35.112654 -5.897123 
43.599650 34.219153 -6.346181 
42.679883 34.010001 -6.014089 
43.333228 33.456113 -5.497998 
43.126897 32.807743 -6.230831 
43.289378 32.002022 -5.661259 
43.904400 31.214007 -5.689224 
44.263598 32.088715 -6.014589 
44.377491 31.888411 -6.987680 
43.768367 31.101209 -6.891341 
43.003004 31.182448 -7.529791 
42.533749 31.752601 -6.855458 
41.938179 31.127591 -7.360096 
41.998148 30.375187 -8.016063 
41.032126 30.132407 -7.927406 
40.983536 29.870098 -6.963646 
40.218289 29.559626 -6.399727 
39.502091 28.894434 -6.610867 
39.009821 28.673288 -5.768985 
38.334828 29.409936 -5.727333 
37.461319 28.971783 -5.515192 
37.412907 29.088158 -6.507216 
36.911027 29.533125 -7.248918 
-15.035669 34.727252 -2.453968 
-15.368517 34.420796 -1.562174 
-14.699814 33.679730 -1.501705 
-14.726329 32.902564 -2.130442 
-14.998595 33.152922 -3.059523 
-15.922070 32.811999 -2.883554 
-15.623772 33.625372 -2.384112 
-16.465877 33.550550 -1.850015 
-16.341700 32.616536 -1.515056 
-15.610845 33.158046 -1.099583 
-15.396315 32.881171 -0.162931 
-15.134458 32.887400 0.802155 
-14.145375 32.802071 0.922297 
-13.775062 33.104667 0.044058 
-13.872129 33.815060 0.741138 
-14.657312 34.420006 0.873529 
-15.147166 35.290177 0.820173 
-15.526311 35.788876 1.599626 
-15.981143 35.918164 2.480769 
-15.149107 35.673711 2.978724 
-14.954533 35.672994 3.959612 
-15.947756 35.559983 3.932475 
-16.000579 34.574444 3.771469 
-15.528839 33.869993 4.301762 
-15.495575 32.923302 3.981341 
-16.143437 33.556956 3.558544 
-16.176792 33.240246 2.610608 
-16.793118 33.435656 1.847747 
-17.148758 33.530888 2.777505 
-18.029486 33.962535 2.582574 
-18.251564 34.724135 1.973765 
-17.501117 34.820572 1.319907 
-17.985496 35.549281 0.835800 
-17.912922 35.876018 -0.106525 
-17.989654 36.308188 -1.005047 
-17.584082 37.038383 -0.455205 
-16.694768 36.659009 -0.199871 
-16.458497 36.225532 0.669769 
-16.905840 37.111998 0.788344 
-17.874749 37.175714 1.027419 
-17.275266 36.594657 1.577867 
-16.983465 36.352372 2.503151 
-17.115786 37.026169 3.230123 
-18.044047 37.372453 3.094405 
-18.641434 36.584922 3.245810 
-19.140515 36.462299 2.387975 
-19.991316 36.982712 2.460833 
-19.567115 37.709790 1.921008 
-20.290767 38.010977 1.300029 
-20.012474 38.954650 1.121048 
-8.491869 -21.905948 -53.933568 
-7.915262 -21.793376 -54.742797 
-7.731904 -21.000494 -55.323932 
-8.651313 -20.633263 -55.183119 
-8.415311 -19.730766 -54.822839 
-8.391955 -19.059044 -55.563274 
-8.805317 -18.170373 -55.364794 
-7.874193 -18.139537 -55.001398 
-7.852375 -17.325744 -55.582144 
-8.156647 -16.480805 -56.022026 
-8.755513 -15.816420 -56.469186 
-8.361914 -14.898447 -56.420128 
-7.743820 -14.478758 -57.084824 
-7.369372 -14.677835 -57.990449 
-7.495530 -15.557435 -58.449130 
-7.290056 -14.913481 -59.186086 
-6.646575 -14.166585 -59.353649 
-5.813134 -14.665587 -59.591080 
-5.183085 -14.402371 -58.860495 
-5.824207 -14.126124 -58.144499 
-5.165959 -13.384970 -58.276404 
-5.202285 -12.404123 -58.085042 
-5.021702 -11.433185 -58.242110 
-4.395905 -11.119378 -58.956185 
-5.075923 -11.697952 -59.406548 
-5.907795 -12.223802 -59.583947 
-6.901544 -12.184788 -59.479350 
-6.889457 -11.218278 -59.223005 
-6.561360 -11.226511 -58.278396 
-6.412777 -10.497776 -57.609915 
-5.603784 -9.982294 -57.327411 
-5.007330 -9.197445 -57.159319 
-4.502109 -9.296705 -56.302057 
-4.430030 -9.656449 -55.371794 
-5.276047 -9.256992 -55.018682 
-5.794484 -8.666714 -54.399977 
-5.640802 -7.736466 -54.733174 
-4.715449 -7.535916 -55.054889 
-5.345142 -7.977813 -55.693805 
-5.954626 -8.288967 -56.422991 
-6.207826 -8.694426 -55.544644 
-6.929591 -8.217573 -56.046308 
-7.759439 -7.825229 -55.649547 
-8.336611 -8.009107 -54.853896 
-7.984642 -8.419646 -54.012721 
-8.373559 -9.162254 -53.467490 
-8.925510 -9.968028 -53.252831 
-9.662720 -10.046852 -52.581780 
-21.871169 -75.848248 -58.073968 
-21.868757 -75.580642 -59.037493 
-21.534583 -75.047559 -59.814764 
-22.261144 -75.693751 -60.048312 
-22.989792 -75.642313 -60.731265 
-22.634253 -74.809658 -61.155857 
-22.581626 -75.106057 -62.109470 
-22.353751 -74.137274 -62.207101 
-21.586884 -74.771312 -62.306655 
-21.054994 -74.899851 -61.469654 
-20.651075 -75.484083 -62.173588 
-20.109348 -76.222237 -62.575658 
-19.683458 -77.059254 -62.919197 
-18.769269 -77.453459 -63.013326 
-19.139709 -78.008306 -62.268397 
-18.601368 -78.372062 -61.508220 
-18.286657 -77.713461 -60.824698 
-18.835410 -78.374021 -60.312320 
-18.806130 -78.047574 -59.367558 
-18.294769 -78.068298 -58.508442 
-17.620469 -77.694610 -57.871514 
-17.461472 -77.738155 -56.885196 
-17.448624 -78.734731 -56.803512 
-17.833625 -79.239597 -56.030929 
-17.731141 -80.231850 -56.101142 
-17.282562 -80.187770 -55.208486 
-17.710700 -79.775072 -54.404510 
-18.420438 -80.374266 -54.034053 
-18.815951 -81.193138 -54.450006 
-18.323268 -82.052320 -54.311915 
-17.358767 -82.276785 -54.451036 
-17.408324 -82.355918 -55.446668 
21.952231 -25.029048 -55.806068 
22.886465 -25.079435 -55.452983 
23.520526 -25.329929 -54.721396 
23.644029 -24.350535 -54.881190 
24.124746 -24.586034 -54.036530 
23.988195 -23.626446 -53.790470 
23.636606 -23.978983 -52.923231 
24.129867 -23.907024 -52.056331 
23.367746 -24.537444 -51.908878 
23.958606 -25.090391 -52.496360 
23.534705 -25.688009 -51.815801 
22.673864 -25.816300 -51.323364 
22.881659 -26.473157 -50.598547 
23.012131 -27.061391 -49.800450 
22.154202 -26.818127 -49.347923 
21.988606 -27.086358 -48.398908 
21.399820 -27.270468 -47.611866 
21.203228 -26.477408 -47.035318 
20.653449 -26.089796 -47.775250 
20.178856 -25.281098 -47.427731 
19.938944 -24.318684 -47.555018 
20.380621 -23.618773 -48.116307 
20.085035 -24.028086 -48.979494 
19.420237 -24.598711 -49.461605 
19.086221 -25.532002 -49.593518 
18.940159 -26.170365 -48.837767 
18.661791 -25.795507 -47.953463 
18.269564 -25.082999 -48.535263 
17.473306 -24.585813 -48.190620 
16.572393 -24.158616 -48.267161 
15.880013 -23.680926 -48.807922 
15.443572 -23.696513 -47.908324 
14.739625 -24.143974 -48.459901 
15.535647 -24.749241 -48.460187 
16.023860 -24.740772 -49.332871 
15.437895 -25.473849 -49.678189 
15.629613 -26.239072 -50.292743 
15.172364 -25.996392 -51.148330 
15.649777 -26.624851 -51.762427 
14.691611 -26.674648 -52.044273 
13.765855 -26.339856 -51.868518 
14.171639 -26.090368 -50.989260 
13.837665 -25.149007 -50.941287 
13.296008 -24.759821 -50.196209 
13.563180 -24.206009 -49.407595 
12.953885 -23.457516 -49.145837 
12.724250 -22.515380 -49.390069 
13.533580 -22.065639 -49.012289 
13.746105 -21.834230 -49.961648 
13.369914 -21.027280 -49.506333 
14.124074 -20.386104 -49.648237 
14.702906 -19.992496 -50.362398 
15.419815 -20.558412 -50.769559 
15.302512 -21.313367 -51.414759 
15.433741 -21.237225 -52.403183 
16.031296 -21.840468 -52.931411 
16.329652 -22.606476 -53.500812 
16.652040 -23.178890 -52.746883 
15.854372 -23.453547 -52.209957 
14.893545 -23.197951 -52.317107 
15.198892 -22.249475 -52.232514 
14.685562 -22.363015 -53.083162 
15.385556 -22.164569 -53.769185 
15.770614 -21.257083 -53.937114 
14.944234 -21.150443 -53.384191 
14.654812 -20.270859 -53.761771 
13.789056 -20.561070 -54.169502 
13.732457 -20.951749 -55.088287 
13.113489 -20.338596 -55.579125 
12.603253 -20.210266 -54.728719 
12.514506 -19.870635 -53.792356 
12.131502 -18.955539 -53.666234 
11.495839 -19.440146 -54.267141 
10.889461 -18.719981 -54.604286 
9.916446 -18.843287 -54.409257 
10.085819 -17.857807 -54.421156 
10.078823 -17.020361 -53.874680 
9.625983 -17.422708 -53.079033 
9.067921 -17.659660 -52.283785 
8.821166 -17.195294 -51.433211 
8.285712 -17.967810 -51.091878 
8.809710 -18.815875 -51.013070 
9.354607 -18.354073 -50.313194 
9.500746 -19.268394 -49.935491 
9.759363 -19.560887 -49.014858 
10.477112 -20.195007 -48.727230 
10.420697 -21.191574 -48.787815 
11.201960 -21.284501 -48.170569 
10.958307 -20.554455 -47.532081 
11.198038 -19.701636 -47.068153 
