0.000000
0.000000
0.000000
0.000000
0.000000
0.000000
0.000000
0.000000
0.000000
0.000000
3.790357
3.774645
3.771420
3.740564
3.699825
3.666222
3.642781
3.626139
3.616630
3.557532
3.503960
3.447736
3.418661
3.413470
3.426882
3.430819
3.471343
3.530615
3.597457
3.610595
3.570216
3.474037
3.390991
3.306203
3.258367
3.218148
3.174682
3.127455
3.085050
3.088231
3.092656
3.104097
3.126250
3.171352
3.225802
3.286355
3.326522
3.332248
3.306817
3.267580
3.218805
3.153034
3.098775
3.049250
3.017319
2.995708
3.003604
3.024999
3.058077
3.096710
3.142760
3.174531
3.199785
3.203816
3.202704
3.209243
3.190669
3.163738
3.138644
3.087894
3.029747
2.994756
3.005335
3.046868
3.121274
3.198514
3.268048
3.321277
3.365701
3.412102
3.434235
3.458549
3.445845
3.401384
3.346177
3.296699
3.260517
3.245783
3.254139
3.272344
3.307115
3.336410
3.354107
3.380604
3.422696
3.461452
3.470000
3.441704
3.386719
3.318174
3.244787
3.203996
3.187224
3.180251
3.180227
3.174048
3.166263
3.143707
3.112951
3.087108
3.063982
3.049008
3.007291
2.961231
2.942894
2.957686
2.999274
3.039659
3.071224
3.087591
3.123279
3.150770
3.153115
3.127656
3.098296
3.107455
3.123523
3.143145
3.168990
3.162234
3.154314
3.143837
3.142321
3.150033
3.179307
3.192654
3.210676
3.209963
3.183056
3.126107
3.071024
3.012446
2.961447
2.946750
2.941493
2.947816
2.963120
2.986690
3.047493
3.112296
3.162578
3.180534
3.223222
3.281399
3.354719
3.422987
3.445960
3.463020
3.478090
3.488086
3.468081
3.436983
3.391678
3.337056
3.286028
3.249797
3.229805
3.210978
3.187719
3.183109
3.188072
3.197109
3.201740
3.231681
3.262374
3.257083
3.267712
3.313936
3.367664
3.377674
3.382844
3.347958
3.289761
3.222042
3.170633
3.152430
3.146291
3.152339
3.155881
3.150781
3.137707
3.126012
3.079378
3.040059
3.012296
2.983921
2.938754
2.905992
2.891200
2.867564
2.849112
2.838024
2.845689
2.868424
2.890219
2.932185
2.993816
3.036110
3.050686
3.043737
3.054113
3.035469
3.002341
2.967909
2.944373
2.944037
2.952190
2.962176
2.986822
2.987078
2.984206
2.979960
2.946662
2.943805
2.953035
2.961728
2.994586
3.043458
3.096834
3.156180
3.181074
3.191869
3.161196
3.137189
3.121946
3.101944
3.082574
3.054655
3.004147
2.925978
2.892639
2.878013
2.876813
2.884358
2.881080
2.874989
2.867484
2.855954
2.850656
2.818117
2.788398
2.785822
2.811620
2.855445
2.876815
2.901431
2.904387
2.907207
2.920583
2.932004
2.925878
2.887153
2.840971
2.817160
2.811471
2.823611
2.843709
2.868279
2.897814
2.937528
2.963471
2.977196
2.983807
3.006661
3.021856
3.024306
3.007824
2.986943
2.950420
2.899259
2.860378
2.833800
2.816454
2.817674
2.812360
2.832067
2.831506
2.840260
2.832410
2.800116
2.771792
2.765218
2.778860
2.776720
2.774968
2.777892
2.792250
2.782794
2.779288
2.778688
2.783065
2.771249
2.760288
2.738124
2.723393
2.706252
2.691417
2.678827
2.679729
2.718150
2.772920
2.834545
2.919567
2.993643
3.051060
3.136348
3.222670
3.305273
3.379506
3.417660
3.430422
3.401331
3.339976
3.235365
3.148160
3.075983
3.003945
2.903060
2.775913
2.639083
2.500723
2.383224
2.289379
2.226683
2.212658
2.230846
2.254314
2.213640
2.116957
2.025790
2.010820
2.071300
2.145257
2.196748
2.223679
2.244386
2.239815
2.228885
2.210954
2.211410
2.241647
2.281661
2.330458
2.389024
2.443202
2.479860
2.518581
2.543307
2.558817
2.561902
2.561967
2.528846
2.465574
2.393689
2.333363
2.317341
2.284685
2.252679
2.254191
2.263361
2.295901
2.368390
2.486448
2.624350
2.745662
2.838749
2.892254
2.937494
2.973673
2.977936
2.946875
2.897465
2.783905
2.629841
2.487874
2.383826
2.315150
2.326531
2.388446
2.477132
2.605249
2.735801
2.874805
3.015084
3.164292
3.243601
3.239273
3.187395
3.069240
2.884830
2.688801
2.552022
2.456767
2.402255
2.405191
2.402546
2.380756
2.356440
2.329039
2.341215
2.358724
2.442418
2.540497
2.633480
2.695932
2.685222
2.666014
2.617541
2.556913
2.558776
2.620895
2.705969
2.777837
2.804934
2.766672
2.704906
2.626464
2.501608
2.370800
2.241159
2.129522
2.034233
1.975928
1.931106
1.937644
2.007811
2.105507
2.188100
2.250830
2.302091
2.329058
2.347878
2.375606
2.384785
2.430858
2.445727
2.445095
2.480812
2.505182
2.537868
2.590673
2.635810
2.663219
2.686750
2.736942
2.775810
2.814033
2.845294
2.880533
2.913939
2.917412
2.885951
2.851061
2.822166
2.809298
2.794682
2.772055
2.709827
2.619991
2.590914
2.603482
2.596558
2.582195
2.540206
2.516137
2.503819
2.518864
2.543933
2.588781
2.595376
2.589106
2.640837
2.728663
2.820875
2.911757
3.044625
3.086072
3.063391
2.997251
2.926042
2.864129
2.831321
2.835680
2.888416
2.939285
3.037065
3.163584
3.289222
3.404841
3.502174
3.565672
3.590752
3.569654
3.509597
3.430115
3.333203
3.108456
2.909693
2.722167
2.578517
2.479989
2.411545
2.375531
2.387550
2.444048
2.567770
2.733662
2.825011
2.868952
2.913886
2.966503
3.030796
3.112557
3.184874
3.203889
3.192196
3.168602
3.153131
3.122927
3.066643
2.980466
2.886335
2.779182
2.641917
2.489066
2.357162
2.272834
2.216623
2.139156
2.059189
1.998969
1.933630
1.891286
1.854402
1.832746
1.824621
1.812751
1.818513
1.898449
1.983880
2.081747
2.206877
2.356307
2.483516
2.592663
2.665452
2.757392
2.859532
2.936625
2.963078
2.954385
2.865470
2.782782
2.687474
2.633257
2.621558
2.628193
2.631970
2.692958
2.789300
2.842719
2.812939
2.708581
2.567136
2.426899
2.321342
2.263649
2.231959
2.165876
2.149698
2.115204
2.087500
2.072285
2.092153
2.085468
2.093128
2.108585
2.153822
2.184691
2.192674
2.222201
2.147725
2.072671
2.043435
2.081683
2.178749
2.345934
2.583829
2.650557
2.683773
2.713280
2.807074
2.914635
3.044675
3.174919
3.294711
3.364467
3.397835
3.390170
3.331297
3.200603
2.907803
2.699850
2.529136
2.403882
2.331942
2.316188
2.314751
2.272605
2.276302
2.326909
2.425255
2.423760
2.408730
2.369403
2.334615
2.302919
2.319669
2.316571
2.285519
2.268381
2.269471
2.301162
2.354077
2.431806
2.462815
2.461308
2.427382
2.357618
2.250134
2.174325
2.121757
2.088567
2.116864
2.214114
2.335706
2.486014
2.642821
2.752945
2.843379
2.909652
2.932650
2.906522
2.823988
2.719552
2.570397
2.468859
2.420800
2.411034
2.443678
2.510160
2.564276
2.628082
2.623549
2.587735
2.547397
2.510941
2.483722
2.472444
2.486915
2.525326
2.546772
2.563023
2.550167
2.541650
2.552292
2.542335
2.510672
2.475784
2.444667
2.420381
2.388447
2.394824
2.434619
2.510474
2.629782
2.780786
2.946118
3.133877
3.323960
3.473132
3.577813
3.649461
3.670696
3.630584
3.513852
3.354402
3.213066
3.081066
2.968035
2.865110
2.778504
2.699650
2.637421
2.621814
2.634825
2.681775
2.734689
2.742601
2.708818
2.655117
2.600479
2.554305
2.509915
2.472350
2.440944
2.417178
2.389520
2.390744
2.427689
2.488479
2.540789
2.566573
2.588455
2.595736
2.603522
2.620388
2.602877
2.578205
2.550714
2.496159
2.423734
2.338644
2.250046
2.178231
2.112195
2.057978
2.030474
2.021102
2.028416
2.049841
2.085060
2.141071
2.193611
2.228814
2.254682
2.240907
2.202360
2.184654
2.172356
2.193705
2.258731
2.396274
2.530639
2.654235
2.727958
2.768987
2.800109
2.801789
2.763043
2.688926
2.589170
2.480417
2.349416
2.231110
2.132272
2.060355
2.046280
2.044732
2.080868
2.122804
2.142662
2.145290
2.108871
2.067909
2.031405
2.010686
2.008569
2.027418
2.051487
2.061219
2.055248
2.080724
2.109502
2.146150
2.201017
2.254914
2.257898
2.245050
2.215359
2.172857
2.168009
2.169054
2.179650
2.191814
2.213102
2.216956
2.237422
2.252913
2.238291
2.203399
2.168390
2.152079
2.139715
2.121762
2.113004
2.106263
2.111343
2.141030
2.183771
2.276914
2.388731
2.509567
2.582601
2.641561
2.669625
2.659975
2.618148
2.552568
2.500913
2.443821
2.399697
2.320124
2.272857
2.236432
2.142091
2.010463
1.907454
1.831597
1.788988
1.788961
1.803769
1.804124
1.808751
1.816043
1.838628
1.897083
1.957927
2.057054
2.202335
2.296240
2.394325
2.517001
2.655281
2.726939
2.752440
2.722667
2.629762
2.502682
2.378296
2.280747
2.192755
2.138044
2.148173
2.190421
2.253690
2.321138
2.416980
2.520219
2.604690
2.600529
2.569980
2.507313
2.395827
2.275910
2.224545
2.169728
2.109881
2.029944
1.950311
1.912052
1.928789
1.964621
1.986540
1.957498
1.922413
1.919267
1.966716
2.024074
2.083814
2.144915
2.212488
2.290717
2.361979
2.440293
2.456974
2.425410
2.391390
2.371975
2.367081
2.331406
2.270446
2.213142
2.189390
2.155472
2.129839
2.104297
2.080523
2.045964
2.010070
2.008995
2.061557
2.056474
2.003341
1.940665
1.886307
1.942393
2.004135
2.063520
2.101625
2.101280
2.080015
2.047267
2.027734
2.020014
2.001321
1.979738
1.941176
1.872794
1.854818
1.876442
1.875526
1.822613
1.855223
1.974379
2.142042
2.305269
2.411754
2.538112
2.654254
2.751479
2.841979
2.947786
3.028839
3.069591
3.089782
3.054093
2.980992
2.895492
2.785222
2.612677
2.385862
2.233463
2.139183
2.110222
2.098422
2.095078
2.089167
2.053211
1.935819
1.850484
1.834126
1.812620
1.853703
1.956935
1.961452
1.866853
1.799131
1.779402
1.820415
1.857473
1.886173
1.913409
1.939825
1.964812
1.998399
2.096382
2.178778
2.291815
2.365795
2.415155
2.439883
2.448807
2.413304
2.293431
2.089272
1.998666
2.019854
2.134805
2.347489
2.616563
2.812216
2.958898
3.083368
3.142422
3.139222
3.096187
3.005189
2.911785
2.773881
2.648155
2.528667
2.442890
2.404521
2.346343
2.364020
2.447728
2.485910
2.544437
2.622344
2.700748
2.749798
2.777337
2.767970
2.725332
2.661414
2.563111
2.425632
2.335886
2.245386
2.215305
2.259871
2.245516
2.230465
2.247752
2.339951
2.471107
2.652933
2.795808
2.900230
2.970934
2.991526
2.992852
2.984911
2.943629
2.849089
2.740718
2.644416
2.543164
2.485299
2.435558
2.365044
2.234129
2.158958
2.107306
2.052650
2.032903
1.991150
1.905124
1.843793
1.873901
1.913297
1.954230
1.973616
1.989180
2.054822
2.150820
2.282633
2.443630
2.592023
2.736030
2.842935
2.921416
2.963630
2.919249
2.878557
2.900118
2.971307
3.063179
3.129426
3.125269
2.974714
2.775046
2.600222
2.483113
2.428439
2.423513
2.450020
2.498705
2.537931
2.555735
2.524691
2.481363
2.414947
2.376915
2.319238
2.287857
2.279939
2.305047
2.310314
2.289979
2.256375
2.209534
2.189526
2.198478
2.219489
2.211741
2.196784
2.164125
2.148686
2.165392
2.204594
2.245172
2.309094
2.409149
2.508609
2.627386
2.759095
2.864287
2.894417
2.885806
2.895556
2.980554
3.089221
3.242405
3.381964
3.430122
3.405023
3.331424
3.224813
3.111641
3.002387
2.900178
2.801943
2.730468
2.702647
2.670148
2.667437
2.635122
2.588834
2.589367
2.543213
2.482284
2.411359
2.362140
2.345271
2.343695
2.318474
2.341361
2.383774
2.416454
2.425985
2.405419
2.375729
2.326697
2.226808
2.050946
1.966083
1.882626
1.861038
1.907623
1.973168
2.079058
2.245736
2.489398
2.759848
2.956582
3.133889
3.328639
3.474022
3.562353
3.613812
3.611569
3.549183
3.408855
3.178058
2.947035
2.719807
2.496015
2.306486
2.165881
2.062713
1.960456
1.904278
1.893209
1.921673
1.947073
2.018227
2.120825
2.191401
2.243246
2.277319
2.301194
2.328041
2.350539
2.388441
2.420589
2.468101
2.489673
2.469985
2.437211
2.380255
2.323784
2.270906
2.234379
2.224866
2.216530
2.262918
2.342941
2.442261
2.580258
2.755249
2.960902
3.168181
3.345738
3.484094
3.574728
3.645365
3.666305
3.654133
3.610271
3.522277
3.387076
3.211711
3.025837
2.837307
2.647435
2.463032
2.292663
2.145538
2.037384
1.981115
1.984064
2.028817
2.110703
2.215851
2.323743
2.423082
2.506636
2.568364
2.604205
2.637481
2.652235
2.640003
2.627852
2.612580
2.586899
2.547001
2.515828
2.539545
2.626651
2.698845
2.751929
2.784855
2.782106
2.739801
2.688733
2.591848
2.492698
2.408296
2.373092
2.394605
2.478293
2.610626
2.642327
2.602302
2.524454
2.430743
2.349023
2.324702
2.374545
2.463077
2.554793
2.673425
2.826527
3.021502
3.236007
3.426726
3.579594
3.675211
3.722508
3.704755
3.601110
3.389972
3.058287
2.775970
2.590304
2.524373
2.477085
2.441900
2.412206
2.394830
2.392844
2.391713
2.368267
2.333561
2.305644
2.284340
2.280683
2.333230
2.393020
2.460073
2.526264
2.594123
2.632449
2.623210
2.573236
2.479425
2.317499
2.173858
2.061842
1.972587
1.911871
1.891465
1.911071
1.961394
2.031735
2.131507
2.242695
2.297447
2.307761
2.323221
2.367575
2.421993
2.459356
2.491675
2.520432
2.484726
2.364827
2.158442
2.016649
1.937022
1.887560
1.853841
1.866536
1.909447
1.973262
2.047553
2.117976
2.199181
2.277217
2.314471
2.339434
2.347423
2.342109
2.306242
2.214785
2.053217
1.943013
1.870901
1.844545
1.850651
1.853251
1.870265
1.912562
1.949855
1.975691
2.047485
2.128885
2.153493
2.183117
2.173382
2.157323
2.160147
2.199523
2.274604
2.402111
2.592226
2.792816
2.997932
3.172122
3.341242
3.509401
3.679895
3.861572
4.044450
4.204148
4.259472
4.237582
4.122260
3.896406
3.632488
3.344822
3.074183
2.833112
2.602716
2.406855
2.256876
2.159473
2.081764
2.019190
2.000047
2.031024
2.128025
2.244472
2.340186
2.402356
2.414484
2.468887
2.531408
2.592858
2.674783
2.763764
2.815088
2.874851
2.928236
2.987489
3.029244
3.009913
2.943638
2.859841
2.718573
2.591122
2.482073
2.380054
2.273650
2.174624
2.131225
2.157347
2.175188
2.175532
2.180737
2.164101
2.139988
2.136698
2.163025
2.170967
2.150835
2.118780
2.127529
2.125770
2.117540
2.096045
2.106055
2.155868
2.237950
2.356144
2.476017
2.624784
2.745890
2.829753
2.871685
2.910792
2.939330
2.939589
2.877511
2.771437
2.653235
2.530091
2.372675
2.244390
2.151826
2.080156
2.024296
1.986946
1.956068
1.904868
1.882840
1.867154
1.882004
1.919310
1.978680
2.059870
2.148679
2.268134
2.439852
2.633998
2.767294
2.917203
3.058948
3.144708
3.127479
3.023494
2.878665
2.705313
2.545040
2.401375
2.315346
2.254338
2.253880
2.279520
2.330180
2.392326
2.488362
2.611992
2.725413
2.809046
2.851116
2.867081
2.817572
2.709556
2.602786
2.506982
2.408525
2.333980
2.304574
2.308301
2.290512
2.235528
2.238033
2.217963
2.258727
2.281267
2.269980
2.222913
2.158959
2.101161
2.028881
1.957927
1.927627
1.933167
2.018439
2.126864
2.230351
2.368935
2.550167
2.774417
3.000409
3.216276
3.412905
3.572476
3.737634
3.726214
3.652587
3.566736
3.432277
3.306542
3.197359
3.060353
2.845689
2.654952
2.496816
2.383802
2.275316
2.163099
2.109214
2.088883
2.083083
2.091463
2.104658
2.096722
2.068744
1.998950
1.952130
1.940662
1.965433
2.031894
2.053447
2.054726
1.991356
1.958786
1.973746
2.014888
2.072146
2.134094
2.192676
2.245449
2.325619
2.429053
2.572826
2.739985
2.936133
3.119559
3.270868
3.363794
3.410366
3.402323
3.312519
3.144996
2.958749
2.783283
2.621958
2.484594
2.343751
2.278567
2.268014
2.217137
2.199276
2.239945
2.342341
2.522162
2.582146
2.532656
2.382180
2.259386
2.196673
2.231301
2.284981
2.348594
2.440630
2.539084
2.656486
2.812160
2.965930
3.118944
3.295426
3.438507
3.505112
3.450170
3.441811
3.440025
3.418168
3.355209
3.244750
3.107762
2.911885
2.706897
2.495547
2.309327
2.149890
2.041901
1.949464
1.914265
1.940680
1.985707
2.040721
2.165821
2.358491
2.486328
2.570388
2.610900
2.636167
2.665528
2.685427
2.711062
2.723619
2.694785
2.649482
2.602227
2.551309
2.500173
2.465937
2.456938
2.447341
2.456756
2.478679
2.452609
2.414605
2.381949
2.397059
2.430504
2.483204
2.512811
2.534252
2.544954
2.526606
2.494009
2.470733
2.463786
2.424058
2.404557
2.425542
2.497346
2.617586
2.780374
2.875777
2.928240
2.922697
2.884563
2.853804
2.813807
2.794051
2.772012
2.729030
2.657023
2.577345
2.512686
2.433502
2.360806
2.277082
2.194176
2.113664
2.057162
2.015781
1.971451
1.915090
1.876739
1.841483
1.793867
1.783542
1.819235
1.852534
1.870256
1.906599
1.933618
1.937217
1.969185
2.040011
2.135617
2.249044
2.403218
2.596345
2.836239
3.137268
3.378215
3.596648
3.806734
3.993667
4.123840
4.241826
4.355605
4.353765
4.256167
4.081478
3.837889
3.576788
3.245243
2.957605
2.706715
2.488558
2.313002
2.200079
2.154156
2.162249
2.207435
2.221051
2.257578
2.258745
2.249707
2.249333
2.267549
2.303152
2.362145
2.421049
2.470823
2.499186
2.507371
2.518122
2.569070
2.665683
2.807778
2.985261
3.167227
3.328117
3.403372
3.429313
3.390590
3.197764
3.039400
2.876098
2.680108
2.493423
2.316874
2.177495
2.093618
2.055098
2.033302
2.009105
2.013063
2.025407
2.055681
2.094258
2.130555
2.160485
2.150738
2.190742
2.191851
2.195274
2.206693
2.200657
2.199903
2.206450
2.231172
2.249632
2.262200
2.210934
2.141721
2.067775
2.013686
2.012912
2.059308
2.110982
2.138428
2.092524
2.034892
1.980954
1.877693
1.810182
1.805792
1.833981
1.941329
2.008715
2.056048
2.087453
2.097675
2.057657
2.077975
2.088337
2.051033
2.028481
1.968568
1.907475
1.837224
1.771704
1.776544
1.845006
1.962577
2.113023
2.250226
2.366637
2.445459
2.447581
2.458282
2.459579
2.420323
2.390268
2.370555
2.368384
2.390304
2.377939
2.317259
2.244329
2.147835
2.081936
2.051409
2.062809
2.114943
2.170164
2.250889
2.325623
2.410500
2.506778
2.590651
2.681449
2.778124
2.864176
2.899185
2.865070
2.782798
2.662370
2.579782
2.487331
2.396483
2.339066
2.307175
2.282012
2.253740
2.217266
2.201098
2.228155
2.284222
2.347861
2.424718
2.442752
2.429237
2.381150
2.339728
2.317169
2.322192
2.324913
2.331332
2.349592
2.368492
2.384090
2.385910
2.432494
2.480256
2.533582
2.602621
2.645994
2.662122
2.679226
2.634721
2.532404
2.431595
2.318822
2.222206
2.161656
2.129827
2.154288
2.213313
2.319506
2.455678
2.629068
2.762927
2.865440
2.961813
3.082029
3.180860
3.238607
3.238825
3.189527
3.070982
2.952729
2.835535
2.695357
2.546620
2.441054
2.375824
2.340235
2.313907
2.299163
2.296843
2.313308
2.341803
2.390991
2.424288
2.436168
2.481617
2.503358
2.520758
2.523752
2.529165
2.520765
2.513750
2.498366
2.488699
2.480983
2.481536
2.493598
2.522020
2.562580
2.577546
2.577506
2.592537
2.613030
2.599446
2.581890
2.542990
2.522780
2.495412
2.474519
2.458513
2.490190
2.548086
2.620481
2.707932
2.781382
2.829264
2.824653
2.770161
2.685032
2.582053
2.454478
2.348297
2.305883
2.303674
2.320351
2.356329
2.436948
2.534783
2.621481
2.678790
2.724652
2.716470
2.675514
2.608926
2.520637
2.455045
2.424721
2.436618
2.459375
2.452955
2.434286
2.422322
2.429951
2.443811
2.451959
2.456273
2.440809
2.421606
2.374973
2.326414
2.292433
2.272104
2.276381
2.270478
2.258147
2.239226
2.235666
2.233712
2.250460
2.283551
2.306666
2.334815
2.357407
2.396774
2.435832
2.484667
2.555135
2.631597
2.694641
2.756253
2.768757
2.730328
2.687185
2.615945
2.550641
2.488341
2.451517
2.402822
2.382410
2.385072
2.370697
2.394060
2.436568
2.477782
2.523588
2.550123
2.552566
2.532451
2.521062
2.533699
2.550016
2.566524
2.587978
2.599866
2.603483
2.604709
2.610489
2.655501
2.725901
2.780169
2.786177
2.771245
2.717465
2.660671
2.615015
2.583669
2.578990
2.571197
2.579842
2.590508
2.583788
2.569519
2.545684
2.525409
2.522883
2.503935
2.475813
2.468190
2.450278
2.422457
2.403821
2.405909
2.453092
2.484519
2.492791
2.505528
2.530170
2.535064
2.500984
2.462880
2.446070
2.435513
2.413636
2.373850
2.336532
2.326611
2.340799
2.340064
2.344880
2.359765
2.365403
2.347011
2.323307
2.324733
2.350933
2.380365
2.400639
2.427498
2.439469
2.444022
2.439154
2.441314
2.418242
2.388799
2.370816
2.333909
2.282226
2.229631
2.202117
2.121498
2.076623
2.062938
2.081087
2.158336
2.243094
2.314019
2.361368
2.378527
2.325148
2.246988
2.147799
2.088739
2.024226
1.985728
1.965985
1.950977
1.964302
2.001004
2.038790
2.121736
2.183585
2.246528
2.322721
2.376343
2.445341
2.541254
2.603855
2.670051
2.755639
2.844363
2.953403
2.984221
2.981346
2.956088
2.906431
2.866053
2.849069
2.839031
2.846943
2.844940
2.872214
2.915090
2.950755
2.967929
2.964632
2.905220
2.859239
2.817794
2.784377
2.748468
2.705488
2.641455
2.607114
2.577101
2.575912
2.577683
2.599190
2.666172
2.751263
2.815760
2.872671
2.882050
2.884538
2.875558
2.818137
2.743239
2.688461
2.654949
2.617603
2.560810
2.507796
2.483874
2.495768
2.512201
2.522709
2.529763
2.507913
2.497153
2.475360
2.443132
2.394071
2.343562
2.292797
2.237305
2.190939
2.139013
2.099954
2.082218
2.101114
2.148619
2.186922
2.236565
2.305146
2.387130
2.458573
2.519957
2.585555
2.645561
2.691273
2.694407
2.648381
2.586297
2.538548
2.498413
2.449501
2.393129
2.369837
2.319158
2.301118
2.319161
2.359242
2.399351
2.456560
2.527777
2.595360
2.679710
2.728513
2.783967
2.821202
2.861772
2.931213
3.005854
3.109053
3.187021
3.270212
3.359083
3.453565
3.569207
3.655451
3.693921
3.728415
3.748429
3.712525
3.611351
3.422632
3.247843
3.066331
2.822233
2.651705
2.562054
2.538086
2.577463
2.632422
2.742294
2.850809
2.950933
2.993214
2.980546
2.894553
2.801773
2.711214
2.645331
2.585363
2.512003
2.437943
2.367323
2.300693
2.224552
2.148926
2.080796
2.020498
1.976093
1.920765
1.887210
1.887707
1.920867
1.951060
1.973845
2.015690
2.078336
2.143496
2.196904
2.260161
2.356710
2.402329
2.418722
2.376813
2.298014
2.230062
2.158376
2.094949
2.046902
1.996910
1.969471
1.957028
1.947569
1.951138
2.003938
2.105406
2.255427
2.413576
2.481344
2.484424
2.441272
2.342767
2.254716
2.196626
2.197932
2.255019
2.343678
2.462309
2.645034
2.849566
3.067077
3.283638
3.501920
3.736286
3.974220
4.185092
4.354943
4.404020
4.298785
4.174486
4.073238
3.997186
3.955604
3.832831
3.691391
3.499296
3.293153
3.091109
2.882107
2.734781
2.603568
2.482478
2.382898
2.324717
2.316939
2.357597
2.439409
2.532117
2.618136
2.712752
2.790914
2.838561
2.813388
2.685486
2.568602
2.475830
2.407244
2.344048
2.314142
2.269928
2.202758
2.126136
2.047951
2.014472
1.999512
1.975079
1.951543
1.944346
1.959404
1.985803
2.038795
2.113847
2.154635
2.168593
2.169168
2.182835
2.188781
2.205205
2.191772
2.180231
2.190396
2.192459
2.152440
2.126541
2.080103
2.013813
1.963798
1.930996
1.903600
1.921910
1.980503
2.073524
2.148781
2.186809
2.194002
2.182089
2.161222
2.113336
2.065894
2.044551
2.046454
2.037172
2.054582
2.090042
2.104553
2.120030
2.144483
2.182784
2.200009
2.217771
2.252821
2.241306
2.218078
2.228093
2.188628
2.156650
2.128861
2.102759
2.063735
1.980675
1.882408
1.820554
1.782920
1.774876
1.823020
1.902104
1.893009
1.881353
1.892310
1.958721
2.023144
1.981421
1.946581
1.889866
1.809063
1.784754
1.796703
1.868337
2.008048
2.151140
2.341879
2.476672
2.582560
2.677300
2.778314
2.871654
2.949897
3.058006
3.146630
3.187519
3.140153
2.982858
2.816791
2.620107
2.430132
2.291626
2.187715
2.106612
2.100587
2.148338
2.247124
2.323545
2.388753
2.456476
2.555415
2.620225
2.647695
2.641517
2.564508
2.442752
2.412040
2.394276
2.359149
2.364032
2.367412
2.383713
2.421791
2.389149
2.365517
2.367205
2.332145
2.287890
2.270739
2.253155
2.205256
2.063430
1.961851
1.884897
1.833927
1.850307
1.878473
1.873590
1.914199
1.937056
1.943947
1.997458
2.085108
2.134310
2.201398
2.214854
2.161076
2.108928
2.109201
2.090861
2.053504
2.024359
1.987073
1.969824
2.016566
2.072578
2.104195
2.125541
2.091249
2.013707
1.990962
1.991693
1.962340
1.877632
1.772604
1.692631
1.706936
1.785659
1.888976
1.994484
2.134491
2.253852
2.317507
2.422839
2.534284
2.548275
2.507672
2.426031
2.294798
2.185408
2.069812
1.966502
1.898888
1.876524
1.877927
1.880155
1.851643
1.819566
1.775715
1.739209
1.741815
1.789057
1.919158
2.101360
2.169428
2.181310
2.184872
2.193948
2.206924
2.194017
2.139762
2.153602
2.156041
2.132030
2.071658
2.025126
2.024319
1.980813
1.896882
1.815211
1.727187
1.738264
1.823458
1.880070
1.912383
1.929222
1.945842
1.927677
1.908536
1.902530
1.915487
1.964691
2.022689
2.077612
2.121964
2.151978
2.133383
2.110505
2.123069
2.204222
2.258006
2.305125
2.356291
2.380050
2.350149
2.249880
2.188144
2.166597
2.218999
2.252695
2.402535
2.482584
2.474327
2.399234
2.281994
2.175298
2.119208
2.065559
2.071143
2.146491
2.285226
2.410910
2.461068
2.441752
2.332634
2.213807
2.124502
2.098542
2.105244
2.127882
2.204398
2.223998
2.172766
2.096544
2.072176
2.059281
2.068977
2.102342
2.182232
2.254578
2.325713
2.345403
2.334635
2.310778
2.309599
2.295468
2.296397
2.337929
2.431932
2.460029
2.448547
2.338909
2.146260
2.041100
2.001613
2.014390
2.117307
2.284242
2.439223
2.531923
2.596915
2.639597
2.628469
2.571955
2.501056
2.373632
2.290881
2.241164
2.256684
2.260464
2.259943
2.259230
2.287957
2.322305
2.329045
2.325390
2.311424
2.319502
2.333441
2.306854
2.245519
2.198385
2.124215
2.067089
1.980997
1.860686
1.777928
1.714895
1.709626
1.676588
1.699021
1.749245
1.723351
1.642120
1.610035
1.610526
1.654665
1.708062
1.758751
1.748002
1.761831
1.761912
1.800881
1.812988
1.786152
1.816872
1.867286
1.931216
1.950554
1.988515
2.048149
2.159761
2.257093
2.362203
2.479148
2.609553
2.710397
2.789769
2.834905
2.853691
2.835650
2.797172
2.690732
2.543700
2.389416
2.287118
2.214634
2.198817
2.131246
2.031104
2.048146
2.019481
1.975281
1.948893
1.918373
1.888844
1.898766
1.957416
2.029563
2.151028
2.334321
2.483947
2.565743
2.623862
2.666344
2.692344
2.681348
2.654270
2.565110
2.547014
2.518720
2.425607
2.295016
2.143623
2.046460
1.971762
1.960113
2.045773
2.078933
2.082862
2.057076
1.970113
1.902759
1.879826
1.863869
1.838844
1.845696
1.855877
1.900640
1.988081
1.960150
1.970154
2.035168
2.112084
2.174047
2.237287
2.241829
2.175958
2.104518
2.091834
2.102685
2.132803
2.150317
2.146699
2.137595
2.162920
2.189553
2.143471
2.159073
2.185189
2.134305
2.166598
2.248191
2.307044
2.317597
2.322543
2.275260
2.131292
2.060507
1.997927
1.943755
1.922536
1.891582
1.883570
1.934709
2.025740
2.156357
2.302768
2.320192
2.306534
2.274390
2.237883
2.225520
2.206001
2.221683
2.243291
2.269402
2.278424
2.257258
2.209191
2.210667
2.202469
2.166796
2.304814
2.429123
2.547388
2.662626
2.775481
2.839445
2.811282
2.712739
2.584733
2.453414
2.309107
2.202469
2.141180
2.088716
2.084735
2.068469
2.135038
2.123871
2.129082
2.118888
2.114108
2.082652
2.105983
2.122580
2.100663
2.063349
1.980206
1.970092
2.048648
2.199390
2.332843
2.407243
2.447277
2.435422
2.399268
2.316528
2.269392
2.078136
1.966127
1.893708
1.945355
1.901951
1.843930
1.839185
1.792190
1.769933
1.809398
1.754853
1.783464
1.859550
1.873609
1.904529
1.949017
1.982141
2.052468
2.188831
2.299265
2.377832
2.460825
2.529267
2.556315
2.548525
2.584328
2.606313
2.612454
2.600967
2.606522
2.619338
2.703510
2.704629
2.635310
2.632535
2.688980
2.800221
2.887786
2.871306
2.780519
2.640055
2.530679
2.446678
2.336511
2.245029
2.162787
2.131903
2.182021
2.255037
2.379506
2.583702
2.884695
3.046195
3.116435
3.147504
3.112284
3.018420
2.891939
2.793164
2.720874
2.624736
2.470672
2.362244
2.289690
2.237749
2.191685
2.191308
2.212760
2.269501
2.307648
2.344331
2.371087
2.340864
2.352142
2.415071
2.424221
2.385300
2.247537
2.273660
2.323717
2.297094
2.288594
2.335555
2.359571
2.407188
2.461603
2.495808
2.529954
2.549665
2.569870
2.582342
2.587915
2.599045
2.578287
2.552054
2.438804
2.327081
2.244133
2.084898
1.945790
1.863877
1.860494
1.880967
1.873881
1.918334
1.888688
1.902580
1.916855
1.880859
1.882842
1.935790
2.071823
2.290393
2.409366
2.559694
2.697882
2.834662
3.000684
3.180053
3.287358
3.381265
3.442325
3.449475
3.419698
3.339119
3.257287
3.163575
2.988678
2.658100
2.520926
2.568688
2.678961
2.772689
2.906483
2.999649
3.052995
3.087254
3.094195
2.997764
2.822397
2.633118
2.463507
2.324449
2.210974
2.081060
1.982910
1.823946
1.697289
1.671189
1.675926
1.671438
1.719256
1.858308
2.053201
2.059475
1.959659
1.950398
1.867229
1.769970
1.755161
1.751016
1.765487
1.813227
1.859128
1.871677
1.881043
1.859271
1.844657
1.851929
1.925005
1.971069
1.976210
1.999186
2.057489
2.088767
2.175904
2.200537
2.189897
2.237741
2.269610
2.235693
2.123945
2.028465
1.962517
1.965593
1.990361
1.977292
1.943602
1.884173
1.808559
1.718195
1.697527
1.722329
1.737118
1.756479
1.793001
1.827217
1.829794
1.797477
1.808770
1.883432
1.968960
2.062305
2.182625
2.254013
2.215643
2.090046
1.992500
1.910606
1.893560
1.958134
2.028708
2.066331
2.035527
1.977811
1.913574
1.860076
1.823317
1.829529
1.807741
1.830537
1.867042
1.948389
2.053276
2.158925
2.268223
2.384568
2.524237
2.717219
2.884922
3.004522
3.092219
3.162536
3.205834
3.179933
3.126639
3.053464
3.010660
2.997606
2.963493
2.879601
2.748395
2.618050
2.508045
2.414731
2.296939
2.178241
2.047468
1.938022
1.928123
2.029390
2.158666
2.270288
2.323149
2.293796
2.256112
2.207389
2.181881
2.177937
2.192300
2.202044
2.173976
2.139717
2.127899
2.075692
1.944955
1.832518
1.767875
1.729952
1.686888
1.662333
1.734904
1.794003
1.884354
2.062502
2.161140
2.248251
2.266024
2.233871
2.249751
2.212448
2.210641
2.204942
2.180350
2.164049
2.112235
2.050072
1.984884
1.881360
1.815968
1.696384
1.646315
1.635952
1.699327
1.723840
1.668566
1.677634
1.654921
1.702644
1.764683
1.705206
1.726101
1.813760
2.005732
2.208012
2.392998
2.497419
2.699458
2.925147
3.085840
3.086916
3.048914
3.029374
2.970187
2.878269
2.757633
2.679484
2.620441
2.517646
2.467160
2.415582
2.317657
2.256248
2.276396
2.359912
2.444715
2.566457
2.603645
2.597129
2.524703
2.501108
2.491681
2.451259
2.428862
2.373273
2.315109
2.272243
2.223499
2.201462
2.224203
2.213033
2.157896
2.037534
1.827953
1.714941
1.623081
1.601510
1.668924
1.668943
1.710407
1.766790
1.817064
1.837100
1.846392
1.882516
1.879531
1.859950
1.809935
1.783212
1.802154
1.833626
1.878373
1.842749
1.848015
1.811044
1.751417
1.704005
1.714329
1.732051
1.761365
1.799170
1.789216
1.787340
1.828957
1.898306
1.967313
2.098394
2.203364
2.269698
2.300932
2.261854
2.225404
2.197956
2.220285
2.250366
2.331823
2.453962
2.544561
2.583301
2.604152
2.625487
2.613369
2.624407
2.611471
2.560180
2.447992
2.313126
2.128207
1.995455
1.958108
2.026764
2.121827
2.294936
2.389367
2.429609
2.457082
2.482140
2.491900
2.578563
2.590698
2.540556
2.459989
2.390077
2.328004
2.247509
2.119321
1.969722
1.851320
1.769564
1.720550
1.686098
1.705395
1.772015
1.795014
1.776168
1.764209
1.814681
1.868260
1.893957
1.841229
1.795631
1.770736
1.778843
1.799865
1.843293
1.877211
1.891326
1.936152
2.002967
2.083727
2.188446
2.339107
2.541360
2.698219
2.783190
2.849245
2.830623
2.742070
2.657043
2.625003
2.549706
2.396490
2.221158
2.051318
1.940525
1.848541
1.820431
1.809985
1.855195
1.936152
2.033628
2.107986
2.165256
2.189776
2.187961
2.190657
2.121469
2.071919
1.958749
1.933305
1.990326
2.034608
2.081681
2.114936
2.130551
2.157114
2.187401
2.212631
2.222439
2.209308
2.217729
2.239458
2.288682
2.330075
2.330782
2.302155
2.246317
2.181106
2.118844
2.054199
1.952463
1.804330
1.733285
1.766411
1.819871
1.820067
1.832940
1.867086
1.903316
1.931459
1.945889
1.951600
1.961070
1.956585
1.934635
1.939958
1.960868
1.991992
1.995621
1.999474
2.025344
2.085975
2.188344
2.299214
2.429714
2.578621
2.749344
2.945746
3.037445
3.086985
2.987694
2.829281
2.654627
2.524550
2.450879
2.410039
2.360784
2.312571
2.271068
2.232346
2.226112
2.226912
2.242486
2.298661
2.384921
2.477593
2.531851
2.569228
2.550519
2.484007
2.338788
2.265664
2.274939
2.319740
2.366025
2.385000
2.372778
2.379026
2.370760
2.340403
2.344940
2.351256
2.367511
2.378568
2.409447
2.476980
2.438665
2.366882
2.290482
2.237337
2.235990
2.280223
2.375367
2.534170
2.706677
2.873009
3.044228
3.214431
3.263864
3.242699
3.237408
3.255206
3.287614
3.312780
3.292595
3.180534
2.941518
2.709894
2.523524
2.396744
2.308999
2.248024
2.203139
2.147026
2.047386
1.986292
1.944077
1.882494
1.817006
1.846413
1.853306
1.792070
1.749640
1.754537
1.784797
1.836314
1.873802
1.908013
1.941694
1.929007
1.857881
1.765082
1.725746
1.771434
1.839923
1.888200
1.905295
1.882167
1.890302
1.916801
1.950446
2.035503
2.096262
2.175895
2.236208
2.269485
2.262076
2.211608
2.150125
2.071152
2.063776
2.066209
2.027043
2.013019
2.023030
2.047013
2.066546
2.059129
1.978823
1.918303
1.901932
1.969794
1.988426
1.940572
1.901443
1.911662
2.002603
2.031956
2.095718
2.130917
2.135382
2.176719
2.193443
2.161479
2.172168
2.153685
2.103846
2.085184
2.042684
2.046456
2.042583
2.071210
2.122313
2.211909
2.336407
2.476020
2.575000
2.599100
2.664159
2.623068
2.574938
2.533584
2.496037
2.480539
2.518423
2.576848
2.688828
2.889818
2.998183
3.071380
3.086138
3.130264
3.150033
3.167196
3.169510
3.173564
3.142784
3.099356
3.043311
2.930584
2.732702
2.504620
2.294214
2.127171
2.064156
2.069020
2.046740
1.981248
1.882192
1.834579
1.821769
1.808973
1.777829
1.792651
1.822086
1.862325
1.903725
1.944096
1.972172
1.954108
2.015797
2.036664
2.020115
2.010982
1.975697
1.879279
1.808237
1.790902
1.794873
1.851715
1.901178
1.900079
1.839276
1.757209
1.676879
1.662726
1.693242
1.729855
1.851331
1.987549
2.028195
1.991244
1.924343
1.896463
1.828783
1.777507
1.723450
1.655528
1.589515
1.591966
1.629594
1.682763
1.728921
1.770482
1.809286
1.951703
2.087904
2.204423
2.357478
2.509243
2.732094
2.854402
2.884054
2.836129
2.767480
2.677987
2.556389
2.478428
2.414037
2.338929
2.319648
2.338531
2.349172
2.440081
2.500509
2.515398
2.503409
2.527704
2.584315
2.675920
2.761005
2.682697
2.627512
2.581725
2.590421
2.572822
2.591508
2.644342
2.644875
2.622429
2.563009
2.447631
2.317479
2.325993
2.375693
2.466390
2.587003
2.704308
2.859792
3.005012
3.104007
3.129427
3.098441
2.970899
2.880671
2.786934
2.674029
2.529068
2.365038
2.297895
2.211669
2.118120
2.119244
2.098533
1.937296
1.882685
1.930117
1.954603
1.976600
1.980853
1.986912
2.017733
2.169289
2.159328
2.159523
1.982666
1.931970
2.119035
2.520278
2.754368
2.897745
2.941735
2.979605
3.064465
3.129548
3.229465
3.278976
3.275095
3.221029
3.051241
2.874627
2.744282
2.633364
2.456060
2.231257
2.049781
1.942467
1.898258
1.910518
1.893977
1.888833
1.890800
1.917056
1.975022
1.940669
1.880186
1.837560
1.842504
1.842061
1.822768
1.883331
2.002783
2.052462
2.022321
2.013573
2.042330
2.108028
2.215804
2.313384
2.368349
2.426738
2.558536
2.633522
2.665885
2.683012
2.681331
2.671610
2.644036
2.698115
2.719623
2.707756
2.638112
2.566396
2.524597
2.513758
2.472753
2.486797
2.543918
2.583221
2.569911
2.548569
2.541159
2.568836
2.556819
2.417930
2.222953
2.033961
1.900255
1.848885
1.877537
1.957124
2.104940
2.306242
2.543045
2.793693
2.993257
3.114524
3.149010
3.205505
3.216117
3.194790
3.150839
3.079096
2.967129
2.837812
2.779676
2.746645
2.591677
2.506062
2.484268
2.534879
2.619509
2.657494
2.630825
2.541704
2.413339
2.249642
2.148198
2.109727
2.048102
2.011254
2.055366
2.116147
2.166298
2.171011
2.140199
2.172577
2.229212
2.288964
2.312549
2.312295
2.279441
2.237689
2.144947
2.039172
1.964836
1.997155
2.033341
2.068637
2.074625
2.082248
2.087808
2.014811
1.974086
1.912315
1.862523
1.809561
1.850577
1.940784
1.953689
1.909733
1.864021
1.860731
1.889938
1.981960
2.082394
2.158615
2.211984
2.239279
2.235903
2.292258
2.309262
2.368581
2.457231
2.578015
2.673269
2.704285
2.710762
2.688268
2.628141
2.578357
2.508140
2.435606
2.341785
2.201966
2.063183
1.960281
1.957369
2.053221
2.204363
2.378570
2.570062
2.713149
2.852209
2.959858
2.967693
2.957192
2.943416
2.942531
2.948292
2.994666
3.041762
3.086510
3.150304
3.331548
3.602715
3.918523
4.253718
4.589643
4.923769
5.248567
5.551465
5.796016
5.968979
5.992303
5.997900
5.980388
5.861797
5.602769
5.241414
4.819538
4.371413
3.943156
3.576801
3.321211
3.136038
3.069096
3.175708
3.416872
3.755663
4.012940
4.183124
4.245227
4.214472
4.110647
4.029727
3.884461
3.672699
3.415785
3.142874
2.941837
2.844136
2.851904
2.953964
3.105093
3.213200
3.315577
3.412305
3.469489
3.482680
3.429289
3.393817
3.280717
3.140338
2.992222
2.886446
2.813591
2.767560
2.772815
2.755919
2.758514
2.764102
2.781267
2.834243
2.909325
2.977196
3.042297
3.107611
3.130485
3.092142
2.990886
2.804757
2.632987
2.577308
2.567568
2.655626
2.681777
2.676055
2.639900
2.582514
2.563368
2.569879
2.586665
2.609966
2.618425
2.616257
2.644461
2.629273
2.568716
2.460630
2.370556
2.328730
2.351332
2.409118
2.454845
2.508467
2.547347
2.552430
2.601786
2.621734
2.626474
2.640939
2.655392
2.643229
2.642107
2.660050
2.680067
2.714134
2.780668
2.850502
3.008225
3.231482
3.481162
3.677790
3.911747
4.115601
4.313661
4.496693
4.653426
4.758341
4.800818
4.793374
4.780401
4.762061
4.670593
4.446595
4.205363
3.910478
3.622124
3.355322
3.135143
2.986161
2.875209
2.819916
2.790168
2.779655
2.756688
2.716265
2.735151
2.821693
2.880434
2.953160
3.069697
3.129774
3.135176
3.065934
3.001089
2.989193
3.065153
3.071411
3.042697
3.073985
3.131073
3.182523
3.193358
3.174935
3.023929
2.871102
2.803247
2.826194
2.942173
3.078702
3.143062
3.075802
2.951463
2.816085
2.648983
2.525305
2.453321
2.417366
2.458240
2.554652
2.617085
2.592839
2.498230
2.415319
2.255427
2.276224
2.479977
2.814171
3.199662
3.595851
3.789692
3.875310
3.928475
3.967156
4.016118
4.074969
4.107718
4.122473
4.101041
4.076746
4.069801
4.112149
4.149494
4.161748
4.166253
4.161805
4.126897
4.057387
3.940217
3.750903
3.467189
3.244755
3.057491
2.944506
2.904258
2.926493
2.981612
3.028066
3.047572
3.051459
3.066482
3.125843
3.066297
2.940355
2.793366
2.655915
2.539254
2.481647
2.489855
2.580013
2.719582
2.863615
3.015556
3.143216
3.245339
3.393116
3.554964
3.742756
3.943455
4.118717
4.264658
4.337921
4.276014
4.229634
4.207158
4.226012
4.296403
4.390922
4.484340
4.566776
4.586455
4.504514
4.332785
4.126173
3.896762
3.689588
3.525341
3.419589
3.383490
3.405039
3.507366
3.656525
3.844764
4.025462
4.142039
4.195978
4.269467
4.350643
4.418327
4.473788
4.462376
4.356573
4.235825
4.124697
4.016558
3.903571
3.774290
3.638337
3.529024
3.391389
3.265263
3.170345
3.077358
2.977935
2.909421
2.830502
2.699193
2.559452
2.406506
2.276947
2.183571
2.167665
2.223518
2.375846
2.537292
2.636215
2.726390
2.784495
2.846178
2.939076
3.074627
3.278748
3.531498
3.781983
3.992319
4.110530
4.128059
4.110298
4.064347
3.999721
3.923223
3.834810
3.720990
3.595389
3.492011
3.452492
3.485420
3.553428
3.623092
3.752678
3.952288
4.175667
4.384595
4.597058
4.781933
4.826365
4.756248
4.653535
4.545600
4.413405
4.275488
4.176790
4.184157
4.226374
4.251537
4.277409
4.341540
4.430826
4.582887
4.642199
4.659641
4.639734
4.606282
4.518665
4.395559
4.213926
3.941029
3.738067
3.595238
3.449243
3.364990
3.282235
3.216921
3.050401
2.863600
2.713721
2.596189
2.516858
2.504885
2.527878
2.611963
2.724604
2.866779
3.003913
3.083201
3.126192
3.151934
3.181692
3.188017
3.174747
3.119534
3.043562
3.037945
3.150997
3.388539
3.548695
3.663627
3.794018
3.945302
4.115187
4.317352
4.391302
4.325805
4.165224
3.976978
3.810686
3.578604
3.334508
3.119540
2.936535
2.791639
2.707341
2.625111
2.622852
2.603691
2.541172
2.492855
2.468101
2.476285
2.526260
2.602068
2.643947
2.703820
2.817789
2.926254
2.999499
3.017293
2.998460
2.954936
2.972408
3.068622
3.117579
3.100704
3.135323
3.241557
3.372822
3.537708
3.692419
3.740824
3.691854
3.573994
3.402494
3.210487
3.083319
2.959481
2.904017
2.944526
3.029119
3.129397
3.242929
3.391723
3.507866
3.525182
3.497182
3.431284
3.292694
3.135147
2.984763
2.902883
2.814629
2.815314
2.792115
2.789591
2.826778
2.884313
2.879676
2.876243
2.800852
2.745891
2.651517
2.521063
2.367891
2.218833
2.146509
2.133887
2.116051
2.143956
2.298361
2.590588
2.788656
2.997806
3.232659
3.445542
3.578274
3.637189
3.659081
3.607550
3.547546
3.481165
3.483574
3.485338
3.463244
3.476525
3.598498
3.817561
4.125716
4.473258
4.807987
5.062756
5.162997
5.166343
5.094633
4.947208
4.732906
4.483411
4.206334
3.984439
3.741720
3.594201
3.579226
3.684790
3.862744
4.009799
4.113135
4.161924
4.119237
4.023499
3.866590
3.661619
3.405906
3.174420
2.951633
2.779778
2.620342
2.468070
2.349734
2.232745
2.065016
2.012109
2.073892
2.138956
2.202838
2.304144
2.471038
2.630791
2.707599
2.718317
2.721139
2.724840
2.817880
3.047653
3.319027
3.570430
3.810463
4.010790
4.218203
4.270445
4.252838
4.207761
4.099229
3.867403
3.645314
3.439512
3.245165
3.100146
3.008101
2.876179
2.624261
2.480972
2.401018
2.336804
2.234601
2.226073
2.221286
2.237280
2.270541
2.245235
2.298577
2.317119
2.297708
2.298689
2.336013
2.371774
2.424850
2.523402
2.639500
2.774971
2.878644
2.932199
2.959931
3.007734
3.084433
3.185008
3.241979
3.247063
3.179436
3.120700
3.053615
2.921057
2.819221
2.740038
2.709572
2.774979
2.830121
2.915519
2.984916
3.009906
3.005789
2.960568
2.926145
2.871535
2.809442
2.716486
2.514079
2.314819
2.161361
2.030245
1.913911
1.867781
1.822299
1.809189
1.832369
1.851538
1.863293
1.888661
1.970807
1.957503
1.895756
1.935815
1.992416
2.049485
2.077604
2.105044
2.121962
2.163957
2.209619
2.207347
2.165603
2.160876
2.084291
2.028566
2.003804
1.955036
1.885707
1.762286
1.665682
1.728299
1.716771
1.792401
1.965450
2.144866
2.167270
2.158018
2.152275
2.131917
2.174455
2.185161
2.191174
2.208979
2.255840
2.247034
2.220343
2.126251
2.078729
2.110611
2.154362
2.197744
2.185572
2.264237
2.278899
2.211921
2.073714
2.006460
1.962031
1.951207
2.026987
2.094276
2.191161
2.263888
2.302735
2.311580
2.384099
2.510745
2.639656
2.713370
2.734422
2.682057
2.663638
2.563501
2.495586
2.442931
2.406224
2.391336
2.364500
2.369600
2.409747
2.446265
2.462742
2.445463
2.439908
2.391141
2.357318
2.334515
2.351479
2.376480
2.417994
2.466342
2.527596
2.657054
2.762012
2.853324
2.852583
2.810657
2.727487
2.659767
2.640052
2.673494
2.725350
2.708588
2.619540
2.486663
2.340874
2.197736
2.090036
2.006528
2.083126
2.301072
2.483469
2.679206
2.783202
2.832298
2.847970
2.852754
2.866996
2.889550
2.872853
2.788003
2.644741
2.480148
2.357801
2.266731
2.123803
2.006979
2.017060
2.131084
2.285823
2.433142
2.538518
2.625537
2.705281
2.822039
2.851324
2.818065
2.764990
2.639242
2.508853
2.403887
2.395734
2.404120
2.481058
2.566169
2.694056
2.814486
2.942194
3.005277
2.922423
2.783645
2.622791
2.496557
2.416242
2.348677
2.304435
2.218781
2.128851
2.049457
2.042535
2.063047
2.153200
2.266192
2.356303
2.413665
2.452110
2.460687
2.428454
2.379728
2.355370
2.334276
2.333865
2.360666
2.389671
2.382608
2.353153
2.310596
2.312471
2.346676
2.406103
2.460030
2.479388
2.451215
2.455343
2.474829
2.472669
2.426816
2.348432
2.261677
2.213726
2.180309
2.168303
2.148905
2.058177
1.940560
1.868146
1.813149
1.812204
1.857356
1.970319
2.075203
2.128134
2.174389
2.213180
2.223586
2.207045
2.189661
2.162900
2.110693
2.023204
1.968349
1.956503
1.962236
1.946733
1.947021
1.960669
1.877920
1.869813
1.852225
1.880596
1.867406
1.824935
1.769012
1.729211
1.686904
1.715385
1.729143
1.743340
1.786108
1.782963
1.750687
1.752776
1.742385
1.688271
1.685821
1.646778
1.654131
1.680577
1.766267
1.901706
2.017821
2.018453
2.006003
2.027635
1.994686
2.017614
2.083171
2.169344
2.210544
2.212061
2.170844
2.145729
2.138309
2.151312
2.125811
2.076778
2.063768
2.103005
2.205443
2.256485
2.216072
2.137071
2.120162
2.123722
2.137242
2.140171
2.115342
2.066696
1.988282
1.948609
1.930046
1.982450
2.100829
2.191249
2.209091
2.212005
2.270498
2.335040
2.350929
2.288120
2.215813
2.132441
2.096369
2.175404
2.221468
2.213849
2.142817
2.019478
1.906972
1.830384
1.763921
1.710296
1.800470
1.946016
2.110232
2.237516
2.319051
2.302497
2.248184
2.231091
2.290291
2.346773
2.368148
2.312744
2.162608
2.032881
1.915824
1.823642
1.740253
1.717999
1.677854
1.643636
1.703363
1.828732
2.017201
2.167316
2.367216
2.584115
2.740034
2.791874
2.738450
2.597483
2.455268
2.356694
2.281743
2.205508
2.190975
2.191160
2.195651
2.225649
2.235975
2.232949
2.273828
2.363447
2.430298
2.457414
2.437571
2.406059
2.263234
2.108268
2.017869
2.035762
2.187662
2.346519
2.467533
2.545899
2.575360
2.555746
2.541121
2.540801
2.530102
2.469880
2.440665
2.432524
2.384839
2.263434
2.076724
1.905814
1.714275
1.648150
1.658531
1.729942
1.804279
1.829090
1.844183
1.853197
1.877790
1.950162
2.083355
2.237304
2.390208
2.462175
2.518330
2.515786
2.502824
2.408972
2.324772
2.254331
2.221595
2.192749
2.173712
2.158267
2.145879
2.131498
2.152778
2.108676
2.035290
2.015880
2.034990
2.136714
2.136387
2.088628
2.055180
2.066946
2.079164
2.067498
2.123510
2.217633
2.261497
2.233301
2.204069
2.244357
2.337010
2.425321
2.547545
2.578940
2.606952
2.602497
2.519762
2.417868
2.206363
2.053858
2.015998
2.081984
2.126370
2.153646
2.141480
2.058849
1.911040
1.768594
1.696634
1.696037
1.715141
1.809148
1.871598
1.938293
2.016416
2.068137
2.083865
2.092985
2.014831
1.925239
1.908685
1.919217
1.855919
1.838817
1.829031
1.840005
1.861921
1.947580
1.941230
1.940037
1.887100
1.929601
2.000696
2.140580
2.317462
2.434687
2.564218
2.696768
2.735890
2.760156
2.772255
2.781828
2.786263
2.791774
2.763917
2.752589
2.751129
2.652824
2.329231
2.120100
2.034689
2.026947
2.087253
2.166775
2.222818
2.246868
2.228453
2.123228
2.035317
1.998697
2.010992
1.994229
1.971267
1.960464
1.948936
1.986504
2.077115
2.098166
2.082626
2.071449
2.041864
1.984002
1.964314
1.953698
2.001898
2.110692
2.285101
2.506968
2.752070
2.993267
3.238164
3.478664
3.677670
3.805303
3.892499
3.919401
3.902404
3.889736
3.884804
3.818507
3.653659
3.385200
3.092866
2.827876
2.653703
2.551895
2.444216
2.372273
2.297014
2.262186
2.319834
2.475543
2.698128
3.005906
3.373830
3.589776
3.711295
3.781181
3.837224
3.886465
3.951023
3.993699
3.982465
3.906900
3.778428
3.591719
3.319509
3.072819
2.828276
2.532291
2.346670
2.282998
2.271085
2.275957
2.228277
2.085893
1.995038
1.985473
1.971190
2.052796
2.157632
2.277452
2.316227
2.325585
2.304968
2.296083
2.300878
2.271308
2.228033
2.206533
2.254524
2.419465
2.496434
2.579142
2.599481
2.615624
2.652081
2.654502
2.606758
2.576928
2.452348
2.327204
2.217796
2.209978
2.302499
2.459694
2.678544
2.800056
2.839370
2.858620
2.878539
2.804281
2.595632
2.428450
2.227620
2.118775
2.141913
2.129691
2.132637
2.138628
2.137197
2.171148
2.224179
2.240083
2.323162
2.331178
2.278874
2.250116
2.336803
2.524411
2.792277
3.092227
3.424496
3.806016
4.207297
4.593174
4.889903
5.190349
5.448559
5.648267
5.728399
5.762452
5.572605
5.232269
4.846199
4.271490
3.723007
3.230708
2.782626
2.429619
2.206043
2.051785
1.969572
1.975590
2.073389
2.154650
2.236964
2.325286
2.365359
2.351668
2.304372
2.321028
2.360627
2.412761
2.423634
2.402821
2.387040
2.404738
2.384773
2.380773
2.333664
2.167741
2.026195
1.931424
1.850105
1.814193
1.838968
1.921351
1.939923
1.938930
1.953807
1.996734
2.060654
2.148369
2.351786
2.634131
2.933207
3.226710
3.511194
3.769965
4.000311
4.146820
4.252161
4.302460
4.293830
4.250292
4.141993
3.984718
3.696879
3.404867
3.124086
2.864223
2.586782
2.383359
2.172196
1.998719
1.868069
1.763032
1.728565
1.762492
1.768477
1.767541
1.742222
1.720806
1.759387
1.875147
1.936287
1.960257
1.934939
1.922223
1.951741
2.025808
2.103254
2.155359
2.235163
2.342689
2.482431
2.634483
2.759397
2.830727
2.831974
2.822466
2.777740
2.731631
2.701825
2.716442
2.723509
2.755262
2.803492
2.830447
2.822877
2.752127
2.620753
2.531673
2.443606
2.449951
2.587171
2.655638
2.665914
2.646949
2.641431
2.697591
2.822752
2.936252
2.964302
2.960401
2.924179
2.895586
2.806263
2.702115
2.647928
2.646147
2.764196
2.825272
2.828736
2.796949
2.638519
2.322942
2.125052
2.049763
2.166354
2.376395
2.583917
2.781491
2.957531
3.108055
3.193606
3.218141
3.207220
3.195538
3.152883
3.060320
2.910551
2.683579
2.593800
2.668450
2.793088
3.021458
3.249800
3.440734
3.686584
3.938002
4.163543
4.339831
4.408461
4.338383
4.176286
3.953137
3.672491
3.385172
3.139679
2.955754
2.788511
2.642631
2.548504
2.535691
2.589783
2.655813
2.655166
2.597983
2.536310
2.510240
2.522485
2.569972
2.663823
2.765750
2.916773
3.045158
3.137499
3.180462
3.159165
3.163968
3.244368
3.279588
3.281147
3.237372
3.138079
3.005036
2.776614
2.611998
2.502718
2.485259
2.480610
2.558315
2.680548
2.817994
2.884097
2.906351
2.889411
2.859324
2.900726
2.960531
2.995007
2.943869
2.867777
2.771491
2.665442
2.548576
2.301418
2.117648
2.012915
2.020469
2.167067
2.406149
2.682616
2.963021
3.189927
3.318603
3.352367
3.391679
3.470313
3.418479
3.280816
3.125465
2.902417
2.751314
2.667115
2.640996
2.664206
2.692538
2.640395
2.600584
2.580707
2.579239
2.581215
2.631190
2.743196
2.851780
3.010197
3.206055
3.401770
3.580781
3.775373
3.925121
4.045089
4.124064
4.173016
4.204481
4.202890
4.152865
3.981762
3.824900
3.686323
3.632399
3.597442
3.551226
3.531621
3.535134
3.534065
3.478815
3.448833
3.376007
3.311579
3.198480
3.065146
3.015833
3.034808
3.058782
3.066326
3.010664
2.905062
2.939044
3.018404
3.134444
3.281328
3.442903
3.420689
3.263987
3.103124
2.949478
2.883613
2.824162
2.877131
2.975445
3.124377
3.311449
3.492777
3.638382
3.746015
3.824070
3.891691
3.878920
3.839028
3.804733
3.737982
3.658298
3.548473
3.502628
3.487811
3.394353
3.262804
3.125316
3.003182
2.860366
2.763852
2.712809
2.706969
2.712586
2.664109
2.535528
2.385043
2.232888
2.109368
2.079549
2.135790
2.157522
2.248488
2.365645
2.509585
2.649961
2.722246
2.779673
2.880997
3.080227
3.281030
3.445776
3.545254
3.568636
3.484781
3.244734
2.958471
2.700419
2.523862
2.427799
2.428278
2.498201
2.543600
2.616598
2.707348
2.756103
2.771997
2.685772
2.621057
2.631643
2.722226
2.713131
2.632842
2.543060
2.485282
2.495249
2.491485
2.452167
2.405886
2.395886
2.450897
2.569005
2.759214
2.920944
3.080152
3.197294
3.208602
3.174123
3.140897
3.098718
2.972114
2.683768
2.441590
2.285282
2.174301
2.130868
2.142478
2.131471
2.089013
2.004263
1.934163
1.962267
1.995898
2.007465
2.061686
2.076464
2.141678
2.287084
2.447481
2.645716
2.860633
3.031928
3.122525
3.220439
3.298850
3.393883
3.428829
3.387343
3.386893
3.380232
3.286769
3.187001
3.095388
2.972701
2.813421
2.643587
2.493281
2.400005
2.327702
2.358319
2.307135
2.234631
2.177615
2.074570
2.020522
2.013705
2.012788
1.997210
1.981358
1.975209
2.002191
1.992381
2.063972
2.198962
2.260959
2.443834
2.720959
3.037974
3.213164
3.298136
3.183986
3.112322
3.098158
3.014656
2.939665
2.819320
2.628392
2.420908
2.267709
2.179286
2.124574
2.115983
2.085729
2.157452
2.265787
2.385698
2.533724
2.639697
2.624272
2.575721
2.531532
2.515853
2.497198
2.480609
2.456040
2.466639
2.524578
2.622860
2.775254
2.821016
2.827333
2.849450
2.906274
3.000002
3.035236
3.028155
3.000142
2.974789
2.952067
2.990230
3.067618
3.127495
3.185713
3.203036
3.151064
3.019977
2.915320
2.840323
2.780247
2.762968
2.815029
2.876426
2.869310
2.765228
2.528729
2.355409
2.267777
2.274867
2.356504
2.428969
2.432787
2.374249
2.265983
2.213284
2.225234
2.271851
2.267976
2.175734
2.147906
2.197489
2.204204
2.210562
2.219390
2.262945
2.318086
2.331508
2.393462
2.456610
2.476943
2.444218
2.435417
2.455916
2.501685
2.476411
2.428565
2.450328
2.546705
2.687022
2.841346
3.028536
3.238593
3.539667
3.850642
4.085123
4.307743
4.506506
4.680192
4.660985
4.503973
4.296004
4.100707
3.846151
3.579705
3.373056
3.224705
3.047055
2.915423
2.804670
2.712178
2.704373
2.822635
3.072935
3.377348
3.703309
4.050525
4.319556
4.402608
4.233718
4.008778
3.786902
3.611826
3.528980
3.588828
3.548757
3.495359
3.449067
3.383724
3.340886
3.259530
3.187334
3.233264
3.358565
3.525067
3.677794
3.751144
3.694146
3.530683
3.314817
3.022059
2.732380
2.565590
2.534680
2.618057
2.737552
2.855785
2.950599
2.982053
3.006556
3.064029
3.153969
3.179630
3.127776
3.012089
2.908985
2.830385
2.733436
2.674243
2.569334
2.382651
2.291673
2.277412
2.308650
2.411619
2.438222
2.407291
2.389605
2.411840
2.511228
2.614049
2.635364
2.606190
2.605325
2.644111
2.676389
2.697897
2.712102
2.670676
2.593045
2.528327
2.548016
2.626223
2.754242
2.841020
2.859511
2.946215
3.104861
3.280788
3.421308
3.515504
3.579723
3.628105
3.674823
3.735448
3.814322
3.946950
4.148554
4.179165
4.316068
4.396173
4.394236
4.310143
4.156072
3.964107
3.781275
3.611134
3.458720
3.295165
3.112055
2.959707
2.873153
2.823762
2.833059
2.905039
3.017836
3.128858
3.239078
3.337774
3.516384
3.537757
3.548087
3.543497
3.494444
3.417860
3.319481
3.253499
3.164638
3.000751
2.774382
2.565752
2.425607
2.354628
2.381892
2.475857
2.496955
2.506960
2.482152
2.431588
2.350804
2.283594
2.274938
2.296960
2.356214
2.450374
2.535649
2.548995
2.459259
2.344550
2.198110
2.101631
1.974790
1.955066
2.012964
2.128384
2.211897
2.285627
2.243361
2.168450
2.091352
1.983129
1.955111
1.942167
1.946183
1.991922
2.061724
2.099042
2.117110
2.112703
2.036614
1.941856
1.908132
1.875656
1.862734
1.870284
1.884278
1.908159
1.860519
1.834319
1.831611
1.893720
1.998288
2.017105
2.002063
1.995589
1.960387
1.882973
1.807066
1.785770
1.774682
1.876949
2.033893
2.225410
2.313165
2.326819
2.341306
2.303827
2.300560
2.364305
2.380704
2.372883
2.299988
2.216752
2.174425
2.160368
2.162335
2.179757
2.193741
2.210097
2.226290
2.251619
2.302703
2.358374
2.398507
2.510830
2.603505
2.669666
2.696909
2.681052
2.506280
2.371994
2.204907
2.093159
2.018425
1.963947
1.888618
1.938140
1.995233
2.156111
2.385791
2.686269
3.052194
3.440643
3.663047
3.720616
3.673996
3.636078
3.597769
3.652331
3.563921
3.462577
3.372842
3.175489
2.969961
2.800743
2.580437
2.362190
2.231439
2.042108
1.949679
1.943858
1.943651
1.960415
2.002383
2.077357
2.211066
2.387459
2.621541
2.872335
2.991629
3.036322
3.053573
3.063726
3.063252
3.032731
2.946715
2.793054
2.660472
2.606547
2.728298
2.836202
2.917943
2.985415
3.088254
3.207097
3.333335
3.453394
3.469382
3.421202
3.314366
3.293812
3.253547
3.196828
3.125634
3.047808
2.938187
2.845594
2.786687
2.701883
2.604844
2.509632
2.370002
2.328650
2.418275
2.585951
2.806387
3.076163
3.356454
3.637375
3.869389
4.028286
4.124942
4.158496
4.130655
4.108002
4.085070
4.073200
4.106221
4.040867
4.018293
4.045363
4.133319
4.137980
4.182265
4.266814
4.257030
4.179901
4.054559
3.891958
3.735136
3.558506
3.368895
3.245418
3.189688
3.207658
3.271673
3.339368
3.348977
3.285574
3.201852
3.218016
3.337824
3.448895
3.628776
3.807914
3.914266
4.029460
4.127241
4.161722
4.118701
4.044555
3.974887
3.873841
3.723738
3.520074
3.264057
3.068294
3.000179
3.197311
3.358243
3.488094
3.585193
3.617946
3.572736
3.468622
3.335284
3.205245
3.109855
2.975466
2.843192
2.825928
2.891565
3.008087
3.097701
3.137545
3.142617
3.113387
3.140750
3.178415
3.133479
3.102538
2.937672
2.705550
2.488380
2.375819
2.423682
2.544694
2.644824
2.694525
2.756619
2.795318
2.866276
2.838140
2.777923
2.667602
2.610872
2.636695
2.716226
2.846341
2.918081
2.995743
2.975041
3.035538
3.119203
3.138267
3.100568
3.035782
2.990969
2.980773
2.939429
2.868628
2.733898
2.485097
2.344153
2.273539
2.209827
2.161213
2.125312
2.112998
2.094897
2.168594
2.227218
2.382916
2.583210
2.857402
3.176522
3.475978
3.683217
3.790235
3.838450
3.849996
3.825194
3.779510
3.701443
3.589068
3.385946
3.095000
2.766837
2.506456
2.351578
2.288231
2.288269
2.303142
2.294281
2.265041
2.263747
2.280336
2.242976
2.210423
2.260010
2.346197
2.482792
2.628384
2.778532
2.865326
2.866303
2.862070
2.887449
2.869677
2.840515
2.758495
2.704356
2.687867
2.670559
2.626520
2.537066
2.388999
2.230605
2.128100
2.104242
2.146625
2.166756
2.130771
2.165216
2.214152
2.275275
2.370644
2.463312
2.461249
2.386353
2.305681
2.253139
2.252803
2.294586
2.357331
2.419261
2.506285
2.581589
2.663247
2.653187
2.606913
2.630326
2.698132
2.732343
2.794535
2.796199
2.761130
2.729346
2.710485
2.672195
2.634327
2.574236
2.527911
2.507650
2.506153
2.541400
2.592361
2.667826
2.798443
2.936594
3.113100
3.218787
3.235676
3.180398
3.054227
2.904630
2.807612
2.792032
2.802047
2.877567
2.911569
2.983387
3.103015
3.188763
3.203713
3.146321
3.007237
2.853547
2.722483
2.594034
2.569984
2.685427
2.993037
3.186418
3.292319
3.341179
3.367694
3.411256
3.457584
3.488563
3.499495
3.546072
3.574879
3.553797
3.489608
3.473601
3.435869
3.375367
3.309978
3.253381
3.135578
3.008095
2.899740
2.788278
2.760056
2.801867
2.932052
3.100435
3.356453
3.690472
3.921061
4.069873
4.258786
4.487630
4.749321
4.984204
5.032294
4.964035
4.774069
4.488888
4.098047
3.744251
3.451131
3.151187
2.806990
2.501233
2.257397
2.150244
2.130148
2.317744
2.687762
2.849848
2.901800
2.967593
3.029167
3.085874
3.171317
3.314409
3.518187
3.772442
3.861214
3.885125
3.783139
3.561442
3.337548
3.179543
3.086903
3.071558
3.101137
3.053529
2.952789
2.659943
2.526573
2.531585
2.644238
2.747797
2.793683
2.790144
2.749010
2.649423
2.447412
2.327076
2.177401
2.054780
2.013986
2.044860
2.155160
2.227760
2.221463
2.224158
2.252468
2.456053
2.588847
2.755680
2.961625
3.071081
3.164882
3.255010
3.319585
3.324727
3.275276
3.106515
2.954263
2.889835
2.842649
2.798843
2.662168
2.518442
2.430668
2.306365
2.187136
2.110785
2.114450
2.132851
2.051544
1.931051
1.821167
1.831397
1.912737
2.080043
2.363725
2.737387
2.972521
3.109930
3.240042
3.356719
3.464280
3.594344
3.744094
3.884346
3.974149
4.113300
4.240584
4.313007
4.230254
3.960150
3.532686
3.150726
2.837607
2.646458
2.641822
2.749540
2.888042
2.959786
2.995638
3.055211
3.156115
3.238191
3.337958
3.493944
3.506001
3.526457
3.428671
3.224609
2.923571
2.668224
2.481078
2.309414
2.168284
2.106059
2.130929
2.203613
2.314791
2.321988
2.306967
2.253235
2.250737
2.317292
2.385952
2.388290
2.338023
2.232167
2.216306
2.238840
2.299938
2.330709
2.294371
2.221923
2.238387
2.341275
2.469299
2.519119
2.463570
2.287473
2.232835
2.243842
2.282799
2.312336
2.262020
2.170340
2.123549
2.090111
2.095242
2.186675
2.340675
2.425035
2.451721
2.425480
2.424265
2.451515
2.513416
2.584289
2.748101
2.870842
2.996281
3.100024
3.220060
3.342086
3.432557
3.462340
3.436665
3.332028
3.259027
3.136852
2.893884
2.552948
2.293438
2.111047
2.003911
1.937520
1.917965
1.922863
1.942090
1.978604
2.028946
2.059245
2.076985
2.031371
1.908291
1.839999
1.839026
1.868772
1.911236
1.985922
2.072880
2.215358
2.253745
2.234455
2.257157
2.255278
2.260876
2.295385
2.374056
2.481817
2.652468
2.891496
3.167748
3.486742
3.750879
3.851589
3.786119
3.594571
3.382523
3.201068
3.071847
3.017212
2.947567
2.859602
2.812703
2.822857
2.854293
2.997174
3.235279
3.601349
3.855547
4.045614
4.208830
4.279567
4.284863
4.241538
4.154405
4.014055
3.830872
3.627800
3.487666
3.397704
3.321164
3.247322
3.138875
2.994037
2.788056
2.609286
2.447668
2.321305
2.342612
2.419965
2.501011
2.555460
2.542034
2.542341
2.614828
2.810546
2.906955
2.949959
2.925921
2.830139
2.598067
2.385025
2.242050
2.248607
2.438118
2.580838
2.675024
2.812890
3.009794
3.238272
3.428116
3.561240
3.654469
3.711539
3.713263
3.640929
3.492559
3.406322
3.322082
3.197477
3.023611
2.882030
2.739819
2.620697
2.518661
2.447546
2.500277
2.606638
2.705192
2.805881
2.934734
3.022942
3.121936
3.203534
2.978082
2.827176
2.732912
2.710684
2.691287
2.711774
2.737445
2.692628
2.554308
2.437003
2.385518
2.424175
2.555649
2.706766
2.784728
2.887953
2.980924
3.021077
2.998263
2.953258
2.799263
2.740983
2.709405
2.699762
2.667578
2.585863
2.405639
2.169975
2.012766
1.965456
2.028586
2.106815
2.212848
2.261481
2.259003
2.290099
2.377568
2.537450
2.737938
2.959334
3.087223
3.181894
3.260290
3.253149
3.176382
3.101841
3.077188
3.040583
3.013231
2.949623
2.833740
2.641384
2.477133
2.338661
2.282014
2.272112
2.347709
2.476615
2.694761
2.860954
2.922272
2.904143
2.884595
2.867639
2.809121
2.758547
2.670413
2.641078
2.591545
2.513998
2.418030
2.287287
2.256556
2.254236
2.337008
2.474498
2.721443
3.055653
3.405484
3.662261
3.798986
3.827494
3.836284
3.780003
3.721507
3.642676
3.502706
3.434936
3.438069
3.438564
3.371230
3.227418
3.160020
3.074180
3.002981
2.974819
2.987721
3.032373
3.080997
3.119675
3.081257
3.009197
2.954489
2.924656
2.954557
3.022697
3.056720
3.029607
3.034145
3.046649
3.070538
3.209631
3.254561
3.263340
3.288608
3.327092
3.368038
3.397962
3.425052
3.414769
3.379006
3.354354
3.449701
3.600372
3.733144
3.932545
4.132011
4.310168
4.381819
4.323691
4.195285
4.019637
3.613476
3.262832
2.985669
2.922682
2.924767
3.022073
3.115596
3.134439
3.095116
3.039636
3.023014
2.994801
3.016167
3.118881
3.227409
3.286294
3.299574
3.354637
3.415533
3.474678
3.520875
3.501554
3.542150
3.601022
3.628502
3.611679
3.514329
3.376309
3.214815
3.034088
2.867847
2.762442
2.706568
2.725525
2.791854
2.873226
2.926325
2.894823
2.746881
2.580946
2.460136
2.413095
2.388020
2.473316
2.669448
2.940783
3.207920
3.433219
3.490666
3.487948
3.461614
3.423218
3.378811
3.321678
3.240838
3.158530
3.033647
2.914424
2.864906
2.837983
2.850563
2.790242
2.718588
2.681029
2.676792
2.690971
2.624370
2.407525
2.136272
1.963961
1.882173
1.888690
1.872972
1.875255
1.937280
2.062503
2.200740
2.406946
2.520818
2.556958
2.593161
2.617923
2.680134
2.763752
2.861963
2.936112
2.940449
2.821969
2.778355
2.817839
2.867152
2.934390
3.026238
3.088428
3.114855
3.116746
3.096792
3.053389
2.945005
2.836311
2.725160
2.605692
2.529701
2.530541
2.513925
2.502185
2.540049
2.618374
2.562117
2.508910
2.490832
2.429461
2.377785
2.358304
2.312715
2.241863
2.159779
2.064962
1.935650
1.863015
1.851328
1.782075
1.667648
1.710322
1.767428
1.816423
1.862120
1.959532
2.096560
2.201315
2.203971
2.274501
2.347639
2.372194
2.294620
2.221260
2.209832
2.218832
2.133551
2.013917
1.889456
1.780847
1.828852
1.962933
2.151923
2.267551
2.408439
2.534897
2.598271
2.663029
2.670215
2.655675
2.605192
2.562616
2.484181
2.423511
2.365892
2.274428
2.087534
1.904828
1.802401
1.750244
1.776652
1.767705
1.720565
1.696209
1.740957
1.761593
1.820704
1.821897
1.714620
1.628792
1.631079
1.725812
1.837056
1.963758
2.076641
2.133830
2.139436
2.161449
2.221785
2.241636
2.292224
2.254500
2.147778
2.033594
1.981159
1.910436
1.864746
1.829426
1.816730
1.835546
1.821813
1.805691
1.796266
1.775571
1.745165
1.718561
1.738188
1.773525
1.783373
1.782539
1.870238
2.021271
2.169481
2.309125
2.354433
2.346179
2.351927
2.444972
2.501140
2.568299
2.679561
2.807582
2.936887
3.081010
3.236937
3.314821
3.388647
3.516356
3.655387
3.745381
3.827647
3.882331
3.793973
3.679729
3.589445
3.453020
3.304029
3.137219
2.991929
2.889368
2.837158
2.938353
3.200612
3.593222
3.930654
4.126879
4.236273
4.292497
4.303288
4.313818
4.297605
4.211863
4.028868
3.809417
3.529439
3.190864
2.895918
2.652815
2.530630
2.570297
2.662572
2.749576
2.798092
2.767898
2.634770
2.487015
2.371345
2.292048
2.216330
2.188586
2.238821
2.326290
2.396069
2.390293
2.328955
2.265670
2.068503
1.958549
1.995898
1.992952
1.871410
1.779746
1.727932
1.729261
1.730344
1.725087
1.752874
1.822759
1.822801
1.829426
1.810691
1.813311
1.864617
1.874855
1.879315
1.863658
1.849074
1.868389
1.877738
1.866759
1.922787
2.076436
2.187787
2.228758
2.301957
2.449897
2.653535
2.889009
3.108901
3.131010
3.008203
2.913017
2.861279
2.840674
2.860350
2.848545
2.794965
2.807507
2.905900
3.017465
3.206490
3.424978
3.583145
3.760690
3.908974
3.949211
3.889680
3.742703
3.480899
3.077244
2.718323
2.451315
2.313621
2.304321
2.417122
2.494136
2.628009
2.832641
3.077912
3.265477
3.396914
3.481824
3.462198
3.402118
3.269820
3.101622
2.989689
2.929208
2.854752
2.690905
2.518191
2.344839
2.201053
2.072637
1.978704
1.902487
1.860265
1.860845
1.861912
1.898402
1.949647
2.021231
2.027502
2.090222
2.147112
2.201098
2.260981
2.393263
2.573515
2.783982
3.010372
3.133890
3.134598
3.139602
3.187568
3.295612
3.431675
3.471953
3.423355
3.356945
3.314233
3.212502
2.998286
2.802899
2.667376
2.595956
2.545824
2.575416
2.578964
2.569832
2.546223
2.521522
2.523700
2.534114
2.585791
2.688118
2.777493
2.845385
2.910389
2.980983
3.054434
3.152978
3.314182
3.504048
3.683904
3.853010
4.033112
4.253073
4.485012
4.784663
5.107340
5.416374
5.693209
5.900933
5.990177
5.865722
5.559206
5.166374
4.736055
4.349598
4.036930
3.784988
3.524216
3.281517
3.034584
2.778505
2.577891
2.451049
2.373170
2.339555
2.337453
2.382459
2.458338
2.523728
2.526378
2.504129
2.510769
2.570358
2.654857
2.767424
2.943142
3.169468
3.284655
3.398701
3.492124
3.596968
3.637670
3.550850
3.457155
3.404878
3.379401
3.405449
3.438659
3.452292
3.436688
3.381770
3.266900
3.099704
2.897378
2.693167
2.532808
2.407992
2.347470
2.311938
2.376630
2.506168
2.677041
2.888620
3.133785
3.353423
3.552087
3.712376
3.800711
3.755767
3.757612
3.826245
3.805477
3.694298
3.574424
3.462453
3.313061
3.147602
2.936537
2.725516
2.526013
2.385997
2.287537
2.219190
2.193083
2.157401
2.189137
2.277179
2.426117
2.635328
2.897544
3.184351
3.470714
3.769697
4.070297
4.301656
4.439798
4.507748
4.452837
4.264293
3.992246
3.745780
3.492581
3.273806
3.132530
3.068001
2.947819
2.905155
2.932835
2.973327
3.015857
3.042717
3.036565
2.988110
2.890421
2.694940
2.569431
2.521989
2.522212
2.520823
2.500214
2.421417
2.273062
2.159067
2.083572
2.036975
2.031965
2.121434
2.266460
2.263201
2.182684
2.130231
2.142521
2.204863
2.215437
2.215056
2.231429
2.278824
2.354370
2.357075
2.292531
2.210145
2.146526
2.091581
2.131540
2.138276
2.161083
2.210030
2.302368
2.456129
2.660179
2.814119
2.981448
3.184952
3.434424
3.642292
3.841417
3.989910
4.080373
4.106878
4.029138
3.914279
3.762871
3.585073
3.420514
3.328965
3.314202
3.314785
3.299443
3.311590
3.330921
3.411678
3.544596
3.710659
3.882744
4.005508
4.078410
4.062617
3.927613
3.757434
3.622588
3.535794
3.509159
3.546945
3.615901
3.629513
3.597877
3.540601
3.452960
3.312873
3.155940
2.981246
2.811465
2.535960
2.304600
2.113283
2.076614
2.055286
2.069845
2.086174
2.250649
2.387869
2.498532
2.594871
2.649081
2.616220
2.564011
2.513023
2.521251
2.527291
2.609789
2.701672
2.936864
3.179518
3.189746
3.081973
2.898135
2.684374
2.517520
2.391526
2.289546
2.256941
2.224545
2.190752
2.224090
2.347873
2.386840
2.299356
2.110559
2.001247
1.822481
1.906359
2.108390
2.197610
2.182400
2.234568
2.325012
2.439687
2.587142
2.685317
2.659759
2.593169
2.461265
2.276498
2.153763
2.195716
2.211720
2.188106
2.142620
2.020763
1.924057
1.916889
1.987562
2.040190
2.214699
2.453236
2.612296
2.669093
2.748055
2.845130
2.947941
2.918286
2.829577
2.815315
2.871925
2.794919
2.521926
2.289633
2.173060
2.125180
2.125232
2.070855
2.122255
2.147648
2.217988
2.292061
2.338947
2.332437
2.349524
2.361617
2.357646
2.283286
2.321093
2.385416
2.424227
2.436858
2.527636
2.655808
2.783066
2.979017
3.210492
3.381479
3.433833
3.354690
3.236671
3.107766
2.987157
2.828848
2.646067
2.467829
2.281395
2.150127
2.091920
2.079954
2.044991
1.999114
1.960890
1.901987
1.858642
1.847251
1.857572
1.873591
1.889512
1.891094
1.866885
1.853883
1.814093
1.796395
1.782487
1.774688
1.790728
1.847348
1.901180
1.950797
1.990525
2.029185
2.088368
2.183424
2.317084
2.465849
2.627159
2.747507
2.786356
2.733348
2.618041
2.513093
2.453006
2.470655
2.536430
2.607713
2.713273
2.814957
2.958862
3.116701
3.275242
3.463858
3.651582
3.738586
3.720568
3.609020
3.458837
3.279719
3.107403
2.972268
2.850858
2.772376
2.724973
2.782416
2.811485
2.831930
2.857012
2.885674
2.907371
2.904117
2.868889
2.771119
2.656248
2.556897
2.491622
2.533269
2.551664
2.629479
2.806515
2.912877
2.976557
3.018260
3.025500
2.987446
2.949409
2.919376
2.961644
3.142257
3.427413
3.602947
3.626207
3.699760
3.764856
3.739776
3.656599
3.583787
3.590741
3.617975
3.683151
3.743490
3.699372
3.522293
3.368903
3.258388
3.147031
3.023011
2.907124
2.806437
2.687016
2.543394
2.444294
2.451274
2.457365
2.389033
2.313296
2.267738
2.245775
2.246334
2.278296
2.293640
2.315302
2.316127
2.266056
2.243155
2.257901
2.309697
2.374553
2.490349
2.703076
2.984156
3.251731
3.504753
3.764094
4.010030
4.262549
4.482729
4.694244
4.893325
5.047321
5.126868
5.099045
4.968071
4.750791
4.500399
4.258782
4.037027
3.834140
3.621986
3.395539
3.168830
2.977274
2.848968
2.717614
2.624980
2.563296
2.534871
2.502212
2.428851
2.356300
2.271358
2.191677
2.148954
2.195225
2.216992
2.197321
2.156217
2.150688
2.157429
2.208600
2.286974
2.381633
2.472577
2.513089
2.650737
2.848610
3.078280
3.330299
3.421531
3.389794
3.325649
3.264080
3.208599
3.181616
3.191101
3.341527
3.442683
3.458074
3.418338
3.383324
3.366072
3.316601
3.229100
3.158737
3.127003
3.124544
3.109421
3.087594
3.005628
2.959669
2.933579
2.897643
2.838561
2.767697
2.713972
2.659847
2.479516
2.319558
2.214286
2.237858
2.348579
2.532503
2.719781
2.889660
3.025890
3.072296
2.955581
2.843401
2.785158
2.775666
2.736941
2.642112
2.506212
2.462467
2.497205
2.480860
2.443309
2.388386
2.333936
2.299485
2.292433
2.316623
2.350514
2.425216
2.511066
2.616822
2.751262
2.964164
3.188623
3.366557
3.480719
3.572098
3.656352
3.710823
3.714300
3.638641
3.511056
3.325547
3.131933
2.925297
2.768343
2.706926
2.693662
2.750822
2.867835
2.892988
2.867828
2.806125
2.742406
2.734560
2.679339
2.611460
2.584282
2.514765
2.450092
2.395921
2.324598
2.281042
2.251494
2.251620
2.310428
2.394481
2.491891
2.636423
2.720063
2.730213
2.765018
2.801915
2.855859
2.871398
2.806854
2.767350
2.652909
2.440436
2.266751
2.132912
1.998531
1.934749
1.924883
2.041276
2.121491
2.188624
2.224547
2.221490
2.148179
2.075235
1.999482
1.923366
1.908762
1.889113
1.867058
1.870040
1.857292
1.904757
1.937990
1.977677
1.863845
1.844035
1.930354
2.143319
2.373224
2.656261
2.969173
3.310829
3.529503
3.693913
3.773080
3.767880
3.734629
3.717475
3.707990
3.690298
3.603133
3.406897
3.239279
2.950870
2.408525
1.997988
1.780187
1.658467
1.602771
1.605820
1.660776
1.760026
1.854180
2.045345
2.284543
2.591776
2.679723
2.750471
2.787813
2.817674
2.849974
2.881538
2.888989
2.868439
2.846132
2.810841
2.728776
2.567729
2.386607
2.195980
2.050037
1.986467
1.993134
2.084519
2.252193
2.337078
2.330784
2.356601
2.452885
2.530724
2.598384
2.660963
2.710901
2.790845
2.800622
2.754161
2.692703
2.653283
2.704968
2.880127
2.922695
2.924059
2.911540
2.813652
2.664383
2.495912
2.429268
2.434714
2.537233
2.679242
2.728075
2.759959
2.779388
2.789293
2.798375
2.756707
2.746262
2.712575
2.711173
2.708241
2.544882
2.510852
2.572851
2.743178
2.941036
3.088427
3.176503
3.195559
3.181894
3.130326
3.073709
3.060747
3.012704
2.968285
2.947345
2.938455
2.936286
2.959704
2.980746
2.949380
2.883425
2.733036
2.589920
2.461334
2.356421
2.305391
2.278734
2.307072
2.456449
2.607619
2.771746
2.877111
3.117039
3.466272
3.749591
4.007557
4.261652
4.471796
4.597525
4.564058
4.401702
4.201311
3.951497
3.701678
3.522811
3.423443
3.359582
3.281135
3.239487
3.212152
3.277852
3.379988
3.507735
3.678490
3.814506
3.926150
4.031587
4.186318
4.408635
4.555098
4.642623
4.697506
4.706996
4.647116
4.503091
4.292242
4.072777
3.894345
3.777120
3.633815
3.528164
3.385962
3.209273
3.048715
2.911376
2.856142
2.865022
2.975425
3.118624
3.175502
3.205325
3.183267
3.149351
3.083316
2.965243
2.765761
2.595257
2.531877
2.499004
2.606550
2.797833
3.032403
3.281937
3.537135
3.791224
4.016195
4.221720
4.405413
4.435334
4.320244
4.108654
3.861013
3.634402
3.450991
3.337058
3.244466
3.134029
2.985580
2.818631
2.662722
2.564455
2.545915
2.639442
2.751877
2.903508
3.092003
3.326590
3.416840
3.422336
3.424417
3.446009
3.485711
3.498498
3.450205
3.323411
3.099049
2.860574
2.657570
2.536071
2.528538
2.637600
2.751910
2.832398
2.966875
3.136277
3.246484
3.274686
3.149626
3.035623
2.932594
2.867108
2.838553
2.810222
2.874447
2.914188
2.930918
2.899632
2.889486
2.840587
2.814023
2.791987
2.746964
2.731224
2.728006
2.693988
2.616393
2.496693
2.322290
2.159034
2.073063
2.099984
2.234058
2.467355
2.754538
3.056430
3.415907
3.677834
3.810706
3.860900
3.880714
3.887862
3.912701
3.896662
3.809687
3.679198
3.459317
3.170998
2.993266
2.955528
3.026748
3.108517
3.196582
3.257028
3.255592
3.183417
3.073091
2.934799
2.900887
2.963464
3.037058
3.045644
3.026319
2.995906
3.019276
3.094335
3.195950
3.196988
3.122346
2.963931
2.717145
2.428486
2.201560
1.973996
1.868777
1.883187
2.052892
2.300133
2.590232
2.890956
3.186327
3.391673
3.658027
3.852403
3.947951
4.062255
4.163074
4.242957
4.363692
4.406778
4.304198
4.135174
3.857222
3.405277
2.923841
2.548461
2.342206
2.296671
2.334636
2.466468
2.693588
2.897787
3.108902
3.327360
3.572381
3.847433
4.115975
4.346555
4.504977
4.566319
4.554352
4.507749
4.378268
4.113858
3.824724
3.551410
3.354891
3.231504
3.119198
2.996223
2.873080
2.710225
2.551279
2.374065
2.204494
2.076678
1.996928
1.970383
2.002716
2.107953
2.257592
2.478641
2.766538
2.918025
2.990943
3.052785
3.128624
3.206419
3.311579
3.415916
3.560306
3.719070
3.723993
3.583399
3.469138
3.364020
3.187637
2.982357
2.842286
2.724714
2.626413
2.511917
2.413512
2.341260
2.375143
2.472211
2.469768
2.472242
2.481374
2.507803
2.494275
2.421225
2.344561
2.373327
2.471145
2.555910
2.615922
2.652314
2.649593
2.580012
2.513175
2.458779
2.494962
2.594476
2.721924
2.853037
2.999926
3.104580
3.183420
3.251860
3.284822
3.320350
3.387843
3.413929
3.407360
3.390321
3.319015
3.218853
3.075525
2.878966
2.763442
2.569824
2.431667
2.388310
2.412576
2.422368
2.447202
2.490610
2.558885
2.624523
2.737890
2.849883
2.857734
2.760873
2.768717
2.776115
2.780499
2.775899
2.761644
2.721161
2.667050
2.588191
2.495971
2.356313
2.214703
2.087121
2.056467
2.097692
2.183659
2.283589
2.383120
2.467804
2.600770
2.681054
2.683404
2.590217
2.489293
2.398113
2.347775
2.292323
2.231983
2.173168
2.057661
1.916210
1.891402
1.857540
1.809589
1.771441
1.702154
1.776760
1.913517
2.060513
2.199507
2.276858
2.411422
2.507303
2.566392
2.594815
2.571979
2.472435
2.344530
2.303406
2.282978
2.227852
2.175275
2.073507
1.946878
1.871988
1.822344
1.854885
1.922314
1.972140
1.989631
2.082435
2.130536
2.101740
2.085819
2.069621
2.059796
2.082112
2.145056
2.223131
2.294009
2.328509
2.278776
2.138940
2.022810
1.916198
1.806331
1.759474
1.775642
1.860010
1.929297
1.989805
1.993196
2.082820
2.220745
2.379565
2.560597
2.832507
3.125753
3.231864
3.241092
3.172009
3.034281
2.902198
2.806611
2.760013
2.719596
2.617306
2.497605
2.419128
2.397636
2.321401
2.240129
2.173106
2.058406
1.983385
1.967240
1.967008
1.971308
1.969189
2.103416
2.302011
2.426549
2.527419
2.746804
3.107339
3.256896
3.292848
3.277029
3.245700
3.175279
3.052370
2.931850
2.803374
2.684694
2.579927
2.528154
2.491989
2.435933
2.397178
2.352762
2.276582
2.188429
2.154939
2.136127
2.072523
1.825350
1.689203
1.666357
1.710643
1.675877
1.713278
1.772613
1.858917
1.983805
1.994925
1.934965
1.888741
1.902900
1.915984
1.849089
1.825259
1.807596
1.783479
1.746607
1.741902
1.764641
1.867403
2.007926
2.197406
2.457451
2.574098
2.624498
2.592074
2.522330
2.381562
2.300638
2.295665
2.272296
2.263213
2.288676
2.263161
2.187441
2.110457
2.038950
1.927141
1.857550
1.868290
1.923458
2.010864
2.100449
2.142637
2.216131
2.359392
2.581380
2.722328
2.916289
3.106148
3.169993
3.195577
3.204508
3.205042
3.197878
3.100178
2.945695
2.740399
2.530212
2.283732
2.088934
1.957649
1.915606
1.989377
2.137524
2.175671
2.273783
2.292573
2.277428
2.282065
2.227387
2.221842
2.268602
2.235351
2.195977
2.080022
2.091259
2.152213
2.301028
2.353515
2.410949
2.416011
2.417908
2.429000
2.475880
2.464331
2.452492
2.507611
2.539421
2.514833
2.377223
2.239660
2.085950
1.951283
1.810681
1.720481
1.673715
1.726843
1.853717
2.003916
2.194095
2.299860
2.342001
2.354285
2.344827
2.343641
2.384815
2.436898
2.536172
2.683868
2.882063
3.156060
3.477983
3.860194
4.184288
4.490888
4.802080
5.072654
5.214378
5.243840
5.142317
4.968442
4.783636
4.609853
4.484298
4.293979
4.059138
3.759988
3.402682
3.077884
2.850241
2.744291
2.744106
2.817237
2.928748
3.094583
3.134772
3.024341
2.809872
2.587560
2.388016
2.281474
2.261079
2.375566
2.602581
2.856899
3.120756
3.306151
3.455222
3.639698
3.737196
3.775685
3.732806
3.668431
3.575400
3.443542
3.263319
3.185638
3.212944
3.348076
3.549702
3.752843
3.950281
4.043136
4.075456
4.097770
4.087931
4.007826
3.900721
3.793070
3.660928
3.428132
3.034735
2.793444
2.687190
2.561913
2.484300
2.489152
2.551856
2.636915
2.731851
2.754090
2.747151
2.634599
2.547525
2.471806
2.447294
2.412362
2.435221
2.468184
2.457248
2.406358
2.396583
2.464156
2.610706
2.664086
2.777623
2.917343
3.023412
3.070256
3.105868
3.114571
3.219913
3.387796
3.522489
3.594326
3.593658
3.537935
3.477379
3.390904
3.335691
3.310876
3.358195
3.456388
3.447264
3.315914
3.306745
3.414168
3.474323
3.492959
3.482369
3.483998
3.482925
3.365834
3.092248
2.778727
2.479896
2.248346
2.117866
2.113325
2.184640
2.266714
2.288252
2.293092
2.311104
2.329265
2.308398
2.296049
2.327925
2.350958
2.395628
2.394202
2.384634
2.374168
2.420805
2.539354
2.703486
2.940326
3.182670
3.389516
3.502787
3.559762
3.614402
3.614000
3.592926
3.576380
3.553067
3.540713
3.511416
3.526881
3.567964
3.731908
3.853259
3.985447
4.120083
4.225269
4.330058
4.292922
4.227104
4.094254
3.964290
3.852837
3.705914
3.545592
3.434863
3.381938
3.342667
3.331251
3.449092
3.630960
3.772324
3.834405
3.895038
3.912200
3.853861
3.742354
3.526555
3.331538
3.040818
2.787422
2.596748
2.490487
2.499502
2.509328
2.652431
2.891110
3.147055
3.419558
3.657529
3.877389
4.064802
4.239666
4.458554
4.638784
4.777119
4.835598
4.756599
4.604369
4.383967
4.109365
3.812862
3.526038
3.321404
3.205945
3.084987
2.971598
2.828138
2.584331
2.428180
2.288407
2.217858
2.193279
2.145191
2.016644
1.869070
1.791596
1.767653
1.813649
1.814902
1.861625
1.959200
2.089728
2.180299
2.197172
2.221398
2.172404
2.103738
1.955612
1.870758
1.821688
1.829274
1.926475
2.114527
2.375680
2.664924
2.961370
3.221495
3.423170
3.569844
3.583465
3.559628
3.506439
3.405569
3.305394
3.201832
3.020975
2.890646
2.689914
2.532515
2.395395
2.357600
2.434267
2.555670
2.719640
2.859343
2.943706
2.880268
2.678774
2.476766
2.252366
2.159310
2.135323
2.185329
2.296263
2.358375
2.340828
2.227388
1.931708
1.764728
1.711457
1.709297
1.770277
1.852141
1.876124
1.888363
1.918664
1.941264
1.992112
2.035988
2.104961
2.209911
2.271046
2.320006
2.306066
2.260528
2.212400
2.148656
2.108400
2.079720
2.049503
2.054892
1.959843
1.886553
1.826631
1.803987
1.851414
1.903760
1.866469
1.881340
1.871775
1.864375
1.843360
1.827006
1.810076
1.849001
1.845645
1.825777
1.802820
1.770625
1.834216
1.861445
1.923959
2.024773
2.163266
2.251195
2.325149
2.350117
2.365342
2.391353
2.358355
2.301421
2.300900
2.310682
2.304249
2.325636
2.246315
2.149020
2.100625
2.089623
2.181201
2.318107
2.390314
2.423540
2.450008
2.353793
2.312733
2.243081
2.171340
2.131813
2.108350
2.080389
2.068147
2.112820
2.193111
2.306732
2.410301
2.505209
2.590442
2.633493
2.702020
2.763662
2.743767
2.669818
2.593789
2.515184
2.569962
2.655303
2.682830
2.646832
2.592140
2.518030
2.358109
2.123870
1.995581
2.007986
2.158584
2.145128
2.095104
2.060728
2.062639
2.095673
2.139747
2.200233
2.256410
2.349023
2.468978
2.534340
2.541083
2.543023
2.586583
2.640965
2.663748
2.760105
2.843779
2.880673
2.838332
2.635466
2.478534
2.348293
2.289955
2.229388
2.159750
2.123132
2.120756
2.128800
2.128519
2.128196
2.113148
2.076163
1.974255
1.903287
1.852300
1.854272
1.875671
1.967290
2.030229
2.057828
2.022581
1.973259
1.945213
1.933840
1.951199
1.997121
2.034914
2.060513
2.090220
2.062136
2.008585
1.992875
1.943321
1.941995
1.989757
2.058291
2.077515
2.080274
2.065606
2.068490
2.017160
1.927157
1.905207
1.864283
1.817202
1.817003
1.845419
1.873543
1.888697
1.876666
1.928268
2.002325
2.126680
2.190853
2.191373
2.126864
2.033985
1.976782
1.958573
1.974089
2.033464
2.152050
2.192576
2.204787
2.234928
2.273531
2.304438
2.328291
2.405621
2.488379
2.586813
2.683548
2.771168
2.773395
2.683194
2.574019
2.493384
2.471270
2.433142
2.417884
2.399362
2.289613
2.108551
1.986893
1.949810
2.009059
2.039559
2.053573
2.048492
2.089902
2.254138
2.381979
2.509910
2.633781
2.781035
2.899807
2.975339
2.974854
2.905257
2.802840
2.673204
2.529880
2.403984
2.347609
2.376507
2.447497
2.547118
2.635692
2.748284
2.874315
2.966936
2.956729
2.904603
2.878877
2.839631
2.798329
2.787387
2.804407
2.868539
2.979467
3.006459
2.963701
2.792497
2.667845
2.604830
2.551030
2.529626
2.582473
2.663390
2.775527
2.794480
2.796294
2.805942
2.812507
2.788817
2.767236
2.762822
2.734071
2.625449
2.443248
2.246109
2.137993
2.106082
2.127085
2.193701
2.329488
2.429495
2.492929
2.549547
2.610214
2.652615
2.689500
2.708691
2.760556
2.878021
2.976750
3.045849
3.097184
3.090044
2.986509
2.881635
2.693498
2.603342
2.635085
2.625848
2.590627
2.562603
2.542336
2.443148
2.289863
2.190046
2.158000
2.160510
2.183444
2.201244
2.169459
2.158954
2.142932
2.041831
1.990729
2.003127
2.063625
2.101373
2.051072
2.052653
2.133450
2.252131
2.374191
2.376404
2.460425
2.489872
2.527500
2.534305
2.467046
2.416535
2.425557
2.454942
2.455935
2.416469
2.396657
2.461926
2.522800
2.582844
2.636369
2.715296
2.807562
2.905734
2.990740
3.056446
3.159130
3.320361
3.473502
3.576211
3.636522
3.635190
3.518367
3.259334
3.031693
2.833124
2.672048
2.602466
2.598717
2.551082
2.405265
2.318311
2.267039
2.247129
2.241245
2.259688
2.248511
2.171901
2.049000
1.993880
2.026880
2.072230
2.157035
2.297232
2.468724
2.683015
2.877692
2.994705
3.160319
3.354962
3.530809
3.649947
3.672186
3.628110
3.614236
3.590447
3.523394
3.325916
2.999825
2.828331
2.678413
2.515935
2.386478
2.303473
2.239300
2.159508
2.065296
2.027728
2.068076
2.160281
2.274706
2.304330
2.315278
2.265033
2.178161
2.116049
2.115900
2.196643
2.329408
2.411447
2.453401
2.494250
2.594489
2.663911
2.687456
2.654597
2.632757
2.618052
2.608675
2.592515
2.548559
2.490391
2.505215
2.565240
2.701735
2.872185
3.036936
3.195563
3.324916
3.395751
3.446442
3.494665
3.508153
3.413990
3.314740
3.209803
3.091256
2.931651
2.713913
2.494732
2.316057
2.142885
2.026995
1.980914
2.028991
2.159410
2.334235
2.503396
2.638356
2.711055
2.745959
2.795030
2.853138
2.904492
2.874907
2.816734
2.753513
2.701499
2.722709
2.796960
2.863616
2.890582
2.911457
2.952383
2.942434
2.840131
2.690206
2.510740
2.363582
2.281587
2.140624
1.964019
1.805535
1.720232
1.696286
1.663094
1.658019
1.673402
1.738557
1.772567
1.812716
1.877070
1.903342
1.915715
1.911911
1.888418
1.935201
2.011120
2.024140
2.004849
1.972707
1.976254
2.004934
1.968004
1.879652
1.787092
1.733796
1.787391
1.914966
2.002460
2.183829
2.364088
2.521716
2.633101
2.640216
2.602494
2.585408
2.625152
2.700353
2.722556
2.733967
2.794895
2.899878
2.851558
2.754461
2.643275
2.557475
2.432104
2.358963
2.374197
2.359799
2.258326
2.280300
2.418648
2.502533
2.484446
2.383860
2.255148
2.131510
1.995712
1.928645
2.006374
2.149513
2.182554
2.181725
2.221077
2.236667
2.236686
2.288832
2.346276
2.335211
2.278855
2.242544
2.209876
2.091546
2.023657
2.010892
2.063143
2.125520
2.242311
2.405201
2.452084
2.453812
2.402017
2.367454
2.404100
2.423989
2.451402
2.473436
2.532253
2.614763
2.736291
2.778604
2.716386
2.594574
2.505386
2.468817
2.449092
2.456756
2.494010
2.564035
2.669879
2.734372
2.817611
2.915562
3.021272
3.189907
3.434788
3.748521
4.117229
4.488260
4.833095
5.125436
5.319575
5.383937
5.274200
5.003850
4.629313
4.256181
3.954222
3.685924
3.495577
3.412060
3.420627
3.554704
3.765239
4.003604
4.270011
4.410090
4.439369
4.366296
4.219401
3.993152
3.665916
3.322584
3.058763
2.876705
2.759838
2.645931
2.531993
2.452084
2.395415
2.357510
2.388571
2.497231
2.558646
2.505036
2.474683
2.458332
2.432654
2.414786
2.386178
2.390436
2.439542
2.503437
2.569735
2.634957
2.651442
2.598427
2.502516
2.427163
2.332276
2.299313
2.351859
2.498134
2.706237
2.947343
3.162158
3.351634
3.483327
3.577508
3.624192
3.625010
3.584119
3.540872
3.504188
3.496851
3.478006
3.384544
3.246730
3.120571
3.008220
2.806079
2.620020
2.563009
2.503261
2.487850
2.545263
2.575314
2.616804
2.686293
2.757037
2.801367
2.858650
2.930690
3.032423
3.068103
3.009038
2.911031
2.766633
2.630761
2.523043
2.420959
2.393630
2.424029
2.478125
2.567309
2.711958
2.858856
2.883231
2.784249
2.650324
2.542140
2.494784
2.515865
2.558800
2.730861
2.964450
3.139132
3.184958
3.192809
3.171495
3.139893
3.179002
3.233476
3.237736
3.207128
3.138486
3.074520
3.045460
3.049194
3.029928
2.971393
2.873757
2.899710
3.029461
3.218906
3.428938
3.576389
3.624294
3.683544
3.751608
3.856721
3.949558
3.953107
3.746507
3.468776
3.153630
2.903221
2.758447
2.745999
2.778872
2.818660
2.861247
2.939419
3.043735
3.157388
3.229886
3.257328
3.338180
3.477823
3.637881
3.771398
3.789499
3.627031
3.211485
2.853179
2.584139
2.448416
2.381659
2.406534
2.510902
2.711436
2.844996
2.923625
3.028773
3.087887
3.121437
3.144652
3.170324
3.209543
3.222233
3.194343
3.055188
2.871634
2.669914
2.461714
2.271385
2.165676
2.085461
2.067877
2.100253
2.237256
2.362450
2.408172
2.366901
2.292543
2.193206
2.167402
2.225420
2.358313
2.422437
2.485132
2.531077
2.539903
2.484968
2.379788
2.300991
2.266567
2.142947
2.120437
2.103768
2.093147
2.067895
2.066648
2.092684
2.086144
2.118091
2.176984
2.248542
2.373828
2.491828
2.673993
2.886568
3.059185
3.219941
3.440343
3.634347
3.811735
3.964690
4.032588
4.066917
4.058032
4.062689
4.047416
3.938785
3.694910
3.407946
3.154134
2.974849
2.855000
2.771215
2.628125
2.430651
2.306851
2.268082
2.345615
2.547656
2.785753
3.015220
3.198078
3.406017
3.657355
3.953081
4.066904
4.027811
3.943744
3.896891
3.849249
3.788733
3.675445
3.507995
3.323643
3.117254
2.920535
2.799477
2.776508
2.784756
2.780126
2.756857
2.694831
2.649797
2.660583
2.709936
2.778177
2.956902
3.116929
3.228027
3.321760
3.401019
3.453360
3.479683
3.489292
3.545701
3.663290
3.836673
3.802189
3.620868
3.403877
3.207085
3.065369
2.888724
2.742137
2.640878
2.646748
2.746753
2.940066
3.173003
3.402505
3.651850
3.922485
4.135649
4.236211
4.262843
4.213190
4.065774
3.843249
3.682311
3.544751
3.415992
3.301613
3.230578
3.167954
3.036488
2.841282
2.706836
2.595857
2.509199
2.429598
2.394713
2.396762
2.381780
2.379621
2.463740
2.602850
2.734629
2.825961
2.849726
2.806996
2.762116
2.712342
2.662392
2.582819
2.547851
2.529687
2.537782
2.537623
2.522635
2.528590
2.560189
2.613942
2.676098
2.762302
2.911886
2.956768
2.927033
2.867635
2.839516
2.715172
2.647509
2.642973
2.724307
2.883814
3.026137
3.177219
3.276365
3.329409
3.310473
3.268197
3.167275
3.055380
2.950849
2.876969
2.805130
2.699002
2.637014
2.602478
2.543253
2.420911
2.367940
2.326165
2.276937
2.251195
2.251089
2.304468
2.342677
2.399104
2.417533
2.424182
2.435501
2.443477
2.487439
2.576212
2.661108
2.749180
2.886704
2.968164
3.013096
3.021430
3.006466
2.983482
2.937309
2.881734
2.895301
3.048756
3.261747
3.513379
3.720652
3.815848
3.837315
3.792358
3.719499
3.610121
3.420597
3.210778
3.015788
2.809696
2.649731
2.569411
2.614629
2.777652
2.926995
3.137073
3.393737
3.678104
3.983069
4.286487
4.488386
4.578354
4.543739
4.423729
4.242242
4.002272
3.730775
3.477028
3.271114
3.127308
3.066282
2.967062
2.837410
2.757125
2.746708
2.769342
2.814347
2.905297
2.977002
2.967281
2.846832
2.684024
2.491878
2.359378
2.301126
2.352506
2.566359
2.871484
3.039633
3.097587
3.073248
3.005604
2.930898
2.886465
2.842505
2.750347
2.685029
2.672182
2.688025
2.701553
2.737432
2.777685
2.806101
2.854163
2.924370
3.035205
3.129695
3.148327
3.109970
3.057498
3.013356
2.992898
2.993114
3.035254
3.091245
3.087364
3.118908
3.116488
3.004431
2.825987
2.621222
2.436456
2.307155
2.221124
2.226278
2.291760
2.340835
2.387018
2.418472
2.494117
2.584764
2.682497
2.747297
2.754714
2.749317
2.748340
2.720511
2.637122
2.481393
2.328485
2.238155
2.262065
2.351700
2.494234
2.707531
2.836079
2.912314
2.919724
2.931277
2.928692
2.878068
2.791682
2.692360
2.588748
2.517919
2.458625
2.379975
2.304101
2.253999
2.303608
2.401324
2.448211
2.475381
2.497150
2.511480
2.495198
2.504118
2.495832
2.459672
2.433977
2.458106
2.473701
2.396141
2.262341
2.246483
2.318001
2.367596
2.384949
2.467491
2.601728
2.781834
2.939667
3.010333
2.968958
2.878158
2.803697
2.790071
2.767129
2.688111
2.567832
2.472780
2.365890
2.296679
2.315222
2.329749
2.391126
2.491940
2.687893
2.802852
2.853224
2.815709
2.713436
2.624645
2.599231
2.652993
2.710290
2.814843
2.911357
0.000000
0.000000
0.000000
0.000000
0.000000
0.000000
0.000000
0.000000
0.000000
0.000000
