18.293444 -17.247626 -19.090830 
19.283015 -17.236108 -18.947242 
19.852307 -17.562466 -19.701825 
20.062670 -16.617788 -19.450170 
19.590157 -15.853590 -19.889183 
18.993965 -16.304914 -20.553157 
18.156279 -16.199890 -21.089117 
17.327147 -16.574034 -20.673719 
17.341222 -17.559431 -20.504031 
18.236770 -17.115681 -20.471162 
18.269835 -16.380216 -19.794406 
18.551188 -15.834194 -19.005292 
18.538698 -14.839370 -19.106129 
17.753634 -14.527670 -18.570856 
17.922454 -13.760739 -17.951730 
17.136831 -13.146647 -17.876314 
17.452668 -12.988724 -16.940735 
16.645628 -12.908462 -16.355719 
16.163688 -13.427436 -17.061694 
15.434280 -13.925020 -16.592253 
14.677355 -13.739740 -17.218940 
14.335895 -13.873622 -18.149252 
14.207194 -13.079957 -18.743837 
13.345307 -13.540019 -18.957128 
13.231466 -14.077974 -18.121877 
12.531408 -14.650002 -18.549314 
11.971744 -13.894394 -18.889656 
12.152327 -13.154730 -18.241360 
11.559578 -12.362410 -18.385847 
11.246552 -11.434468 -18.588179 
11.051886 -11.813519 -17.683510 
11.377633 -12.285803 -16.864464 
11.462341 -13.200560 -16.469440 
11.401462 -12.586812 -15.682289 
12.345687 -12.357072 -15.446370 
12.331220 -11.669261 -14.720624 
11.782068 -11.015073 -15.240690 
12.722066 -10.678247 -15.186365 
13.661370 -10.360207 -15.315049 
13.355497 -10.319076 -14.363866 
13.361286 -11.310365 -14.495440 
14.301317 -11.122731 -14.210599 
14.127835 -10.682240 -13.329763 
14.830890 -10.152110 -12.855763 
15.574278 -10.507978 -12.289431 
16.367501 -9.899289 -12.272250 
16.381298 -10.711832 -12.854987 
17.368657 -10.846201 -12.939059 
17.697645 -9.911175 -12.806793 
18.189678 -9.043130 -12.873137 
18.852435 -9.189147 -13.607598 
19.127758 -9.617419 -14.468284 
18.227743 -9.784097 -14.871016 
17.344843 -9.957661 -15.307322 
16.568028 -9.693850 -15.879128 
15.726129 -9.370317 -16.311021 
16.532967 -8.876036 -16.634592 
17.428008 -8.759072 -17.064966 
18.335540 -8.849025 -16.654730 
19.023735 -8.151399 -16.853992 
18.966952 -8.941679 -17.464102 
19.513019 -9.636496 -17.932117 
19.946851 -10.523558 -17.774286 
19.163264 -10.424538 -17.160946 
18.731383 -11.029769 -16.492235 
18.945842 -11.853996 -15.968158 
19.227163 -11.867209 -16.927680 
20.181064 -12.088008 -16.724407 
19.866551 -12.845279 -16.152024 
19.034089 -13.394814 -16.222853 
19.151409 -14.186316 -15.623052 
19.131713 -14.886376 -14.909239 
18.207395 -15.266253 -14.945690 
17.606868 -14.774369 -14.315280 
17.572073 -13.833486 -13.978341 
18.037013 -13.691414 -14.852210 
17.289529 -13.027601 -14.827286 
16.911624 -12.910158 -13.908921 
16.445519 -12.577301 -13.089194 
15.819034 -13.251732 -12.698478 
14.999267 -13.751041 -12.978962 
15.856515 -14.234222 -13.156899 
15.745860 -14.166756 -14.148466 
15.940232 -14.683657 -14.982152 
16.170247 -15.381808 -15.660148 
16.039414 -16.241022 -16.154753 
15.256315 -16.861433 -16.111781 
14.985119 -15.938070 -15.840019 
14.789878 -16.615539 -15.130853 
14.976098 -15.798352 -14.585393 
14.905547 -15.356191 -13.691236 
15.801307 -15.777318 -13.833590 
15.354045 -16.629741 -13.562792 
15.461365 -17.538307 -13.159071 
14.889001 -18.315152 -12.896561 
15.550071 -18.543198 -12.181731 
14.605460 -18.331183 -11.931212 
14.385758 -19.300594 -11.821787 
14.684361 -19.331595 -10.867913 
15.370976 -19.998633 -10.578743 
14.843191 -20.277219 -9.776351 
14.732347 -21.255845 -9.603133 
15.068455 -22.191895 -9.499007 
14.434854 -22.798509 -9.018831 
14.194621 -21.967733 -8.516736 
13.287798 -21.785466 -8.896802 
12.952718 -20.925543 -9.281838 
12.684099 -20.632621 -10.199466 
11.859638 -21.179764 -10.344031 
12.494431 -21.591195 -10.998067 
12.054063 -20.781329 -11.385614 
11.727546 -19.841948 -11.490256 
12.588278 -19.374695 -11.288227 
12.479928 -19.070692 -10.341738 
11.920481 -19.303568 -9.546259 
11.233968 -19.823120 -9.037567 
11.723939 -19.507756 -8.224871 
11.551996 -19.861659 -7.305530 
11.430953 -20.840543 -7.140801 
10.756851 -20.886023 -7.878038 
9.827468 -20.523580 -7.808162 
9.085309 -20.716246 -8.450096 
9.989056 -20.999294 -8.771227 
-14.513056 44.821374 22.004670 
-14.333516 45.800078 21.905153 
-13.348887 45.866643 21.743671 
-12.901679 46.725640 21.494413 
-13.862460 46.603052 21.245672 
-14.295565 45.842664 20.761699 
-15.112806 45.268695 20.813444 
-15.959512 44.774956 21.011712 
-16.254249 43.970192 21.526965 
-15.843205 44.426256 22.316299 
-15.161966 43.968577 21.744946 
-14.981033 43.322915 22.486824 
-14.644972 42.384297 22.408987 
-14.045865 41.896004 21.774447 
-13.903877 41.196309 21.074256 
-13.283376 41.933348 20.806390 
-12.586867 42.121792 21.498751 
-12.397636 42.386071 22.444451 
-11.872819 41.601046 22.115358 
-12.182808 40.664202 21.953401 
-12.984994 40.067781 21.925479 
-12.755046 39.182120 21.522081 
-12.947859 38.581212 22.297795 
-12.485177 37.871552 21.766469 
-12.321486 37.897857 22.752630 
-11.438854 37.427961 22.765273 
-10.472049 37.460242 22.511808 
-9.492056 37.640895 22.595346 
-9.161885 37.324125 23.484527 
-9.156972 37.200634 24.476861 
-9.268614 37.167973 25.470072 
-9.937958 37.690699 25.998026 
-10.432491 38.443056 26.433223 
-9.605141 38.632779 25.904548 
-9.245653 39.512418 26.216003 
-9.247749 40.441174 26.586688 
-10.123808 40.194176 26.172547 
-10.265670 39.798098 25.265355 
-11.233888 40.026305 25.163013 
-11.631119 39.290934 25.712046 
-12.379339 39.483750 26.346859 
-11.847048 39.560567 27.189928 
-11.699404 38.581934 27.046829 
-11.489173 37.853993 26.394215 
-12.468166 38.050585 26.340141 
-12.524218 37.432308 25.556182 
-12.806628 38.373312 25.369753 
-13.734385 38.465697 25.008182 
-14.715953 38.640940 24.931935 
-15.537879 39.097257 25.272834 
-16.381818 38.778529 25.704318 
-16.762768 38.899490 24.787669 
-17.016257 39.684501 25.352913 
-17.022038 39.604645 26.349703 
-17.499214 40.351671 26.812580 
-18.494125 40.434078 26.870561 
-18.605261 39.441860 26.814425 
-18.753905 39.404592 25.826237 
-19.277158 39.366825 24.974897 
-19.198147 40.221828 24.462326 
-20.144177 40.543444 24.422467 
-20.479017 41.012206 25.239868 
-20.127932 41.536741 26.015498 
-19.244403 41.531141 26.483842 
-19.652673 40.620209 26.424524 
-20.274600 40.571966 27.206112 
-20.592604 41.508724 27.059967 
-21.479904 41.141089 27.338431 
-21.984088 40.281626 27.254031 
-22.513318 39.481062 26.972940 
-22.173062 39.358411 26.040641 
-23.057903 38.895455 25.988414 
-23.641507 38.375747 25.364466 
-23.801352 37.521733 25.859551 
-23.129441 36.859171 26.190529 
-23.571995 35.977234 26.028257 
-24.189139 35.693171 26.762043 
-24.403970 36.665460 26.669839 
-24.314073 37.257598 27.470646 
-24.451423 36.316862 27.780727 
-25.305378 36.780418 28.017107 
-25.352364 35.781538 28.022762 
-24.841231 35.567695 28.855237 
-23.898428 35.248212 28.950377 
-24.301635 34.961419 28.081369 
-23.631144 34.247741 27.878624 
-23.502525 33.422961 28.429256 
-22.595363 33.702576 28.114816 
-22.125130 34.465660 27.671438 
-21.410920 34.715855 27.017751 
-21.421316 33.748791 27.272074 
-20.891971 33.986530 28.086490 
-19.893316 33.967894 28.038091 
-19.101830 34.548997 27.848703 
-19.042014 33.670616 27.374499 
-18.279856 33.027562 27.299683 
-18.199256 33.504261 28.175046 
-17.765381 32.755306 28.675864 
-16.825049 33.038397 28.864640 
-16.472723 32.118076 28.694710 
-15.790934 31.540926 29.144221 
-15.916830 30.591851 28.855417 
-16.040637 30.418495 29.832463 
-16.774109 29.740175 29.876053 
-16.340732 29.153679 30.560309 
-16.706416 29.026159 31.482270 
-15.903860 28.762626 32.017484 
-16.017336 27.999993 32.654285 
-16.996802 28.155897 32.526459 
-17.386572 28.817069 33.167498 
-16.724380 29.562119 33.087493 
-17.528766 30.031728 32.723583 
-18.260144 30.573521 33.137766 
-18.439857 30.998162 32.250420 
-3.988856 12.525674 -15.626330 
-3.713292 11.699505 -16.117767 
-2.785720 11.770433 -15.750915 
-2.792212 12.770255 -15.768622 
-2.941529 13.557821 -16.366488 
-2.456607 14.140973 -17.018242 
-1.792926 13.527195 -17.445798 
-1.759300 13.692079 -18.431538 
-2.129043 14.027931 -19.297848 
-1.665968 14.914204 -19.288818 
-1.279273 15.441558 -18.532270 
-1.775069 16.288426 -18.339912 
-2.702456 16.662250 -18.354334 
-2.988415 16.549791 -19.305954 
-3.849117 16.344780 -18.839946 
-4.022180 15.701347 -19.585630 
-3.449484 15.215312 -20.245773 
-3.959629 15.496521 -21.058591 
-3.741940 16.328628 -20.548484 
-2.832121 16.695704 -20.354870 
-2.487799 15.757634 -20.393164 
-2.732345 15.178500 -21.170854 
-2.151784 14.529977 -20.678546 
-1.619846 14.002500 -21.340973 
-1.237366 13.761052 -22.232832 
-1.286796 13.093803 -22.976025 
-2.272321 13.009812 -22.828766 
-2.893999 13.625924 -22.345110 
-3.372294 13.065815 -21.668714 
-3.803187 13.408682 -20.833984 
-4.262797 13.784090 -21.638861 
-3.860718 14.464453 -22.251592 
-4.808899 14.377660 -22.557238 
-5.190176 15.301975 -22.573630 
-4.209956 15.362329 -22.762109 
-4.217435 15.472972 -23.755941 
-3.758433 15.682961 -24.619203 
-3.598072 14.778913 -24.222994 
-3.820542 13.991223 -24.797494 
-3.636453 14.139375 -25.769174 
-3.518806 13.156743 -25.912673 
-2.818777 12.922219 -25.238168 
-3.587439 12.292199 -25.127566 
-3.073759 12.594600 -24.324643 
-2.078015 12.510403 -24.287157 
-1.287923 12.263502 -24.848224 
-0.539184 11.697588 -24.503072 
0.361484 12.085784 -24.307878 
-0.223222 12.877405 -24.130523 
-0.614330 13.231557 -24.980000 
-1.607060 13.350110 -24.959212 
-1.100897 14.049512 -24.454598 
-1.571934 14.178553 -23.581974 
-1.490161 15.049658 -24.066215 
-0.605806 15.244512 -24.490418 
-1.090194 15.645289 -25.268072 
-0.776849 15.167426 -26.088719 
-0.312728 14.317027 -25.840901 
0.149944 15.125881 -25.478012 
0.526243 16.034266 -25.295704 
0.651912 16.972954 -24.974656 
1.330835 17.419916 -25.557141 
2.031291 18.097187 -25.782231 
1.403222 18.819843 -25.493617 
1.290080 19.804057 -25.357523 
1.999085 19.579838 -26.026132 
2.394226 20.091572 -26.789016 
2.701790 19.893714 -27.719745 
2.283061 20.401600 -28.472552 
2.337924 21.397633 -28.402500 
2.447204 21.704493 -27.457040 
2.148492 22.592307 -27.807123 
2.375674 23.554216 -27.959169 
2.579992 23.311115 -27.010930 
2.044247 23.492825 -26.186335 
1.545113 22.954799 -26.865594 
0.566254 22.750655 -26.852940 
0.457386 21.994213 -26.208003 
0.410443 22.099754 -25.214697 
0.122312 22.762945 -24.523931 
-0.107510 23.313577 -25.326419 
-0.923387 23.372964 -25.901587 
-1.110193 23.724519 -24.984247 
-1.243625 24.662924 -25.302982 
-1.792420 25.498171 -25.268542 
-2.182100 26.145335 -24.613310 
-1.758716 26.861577 -25.168056 
-2.235571 26.704341 -26.032860 
-1.509762 26.490053 -26.686528 
-2.056389 27.160847 -27.187762 
-1.540555 27.847154 -27.700498 
-1.287530 27.819043 -26.733447 
-2.220478 28.159378 -26.616059 
-2.774567 28.810043 -27.135309 
-3.759746 28.834769 -27.305051 
-3.587856 29.097347 -28.254527 
-4.002642 29.733768 -28.904852 
-4.035965 28.877057 -29.419572 
-4.539000 28.016239 -29.342454 
-5.065677 27.792944 -28.522240 
-5.967342 27.364728 -28.461975 
28.370744 0.238974 27.823870 
27.397439 0.387408 27.998926 
26.419385 0.205028 28.099656 
26.437964 1.131310 28.476028 
26.324214 1.897623 29.108345 
25.420023 1.892861 29.535446 
25.407576 2.831865 29.879128 
26.181205 2.784424 30.510988 
25.616036 3.604213 30.603345 
24.710668 3.197382 30.724983 
24.022131 3.792822 30.311017 
24.210874 4.737952 30.577672 
24.427468 5.581939 30.086985 
25.022833 5.005182 29.527618 
25.854832 5.198010 29.007429 
26.007116 4.537885 29.742987 
26.539795 3.769721 29.387773 
25.847816 3.156485 29.006846 
25.328726 3.048899 28.158924 
24.507072 3.539495 28.449096 
23.929165 3.860635 27.698834 
23.229819 3.157222 27.571853 
22.717970 3.693765 26.900933 
21.861755 4.057038 26.533608 
22.533259 4.597935 26.027138 
23.208636 4.658788 25.292180 
23.602890 3.740214 25.320189 
23.051961 3.090187 24.796794 
23.771084 2.402407 24.895894 
24.280647 2.494196 24.040370 
24.935647 1.971376 24.585929 
25.258489 1.031725 24.699192 
25.134310 0.522944 25.551085 
26.088371 0.318554 25.332014 
26.649330 0.706816 26.063162 
27.360304 0.012739 25.950140 
27.747556 0.422608 25.124280 
28.189443 0.725873 24.280025 
28.373947 1.695624 24.439840 
28.907674 2.517005 24.641008 
28.990570 3.158583 25.403572 
28.579791 3.967654 25.823888 
28.132638 4.511088 26.534334 
28.440316 5.358811 26.102246 
27.557927 5.389769 26.571746 
28.050235 6.224152 26.819612 
28.537512 6.449144 27.663377 
28.326806 6.473367 28.640626 
28.243661 5.549289 28.267577 
28.825268 5.468068 27.458172 
29.288913 4.625292 27.184746 
29.732043 3.730544 27.129417 
29.618259 3.134954 26.334227 
30.424528 2.668526 25.970392 
30.380400 2.067605 25.172302 
30.948802 1.252549 25.284562 
30.325392 0.746226 24.688745 
30.370656 -0.181417 24.318030 
30.416659 -0.975727 24.923798 
31.203383 -0.716164 25.483880 
32.069483 -1.138619 25.216665 
31.980138 -0.147677 25.116405 
31.965944 0.672552 25.688264 
31.404848 0.138008 26.320272 
31.744286 0.337301 27.239545 
31.679556 -0.659363 27.189838 
31.604207 -1.639456 27.006150 
32.223811 -1.538855 26.227710 
32.600681 -2.219466 25.599427 
33.404312 -2.091076 26.180542 
34.235295 -2.619687 26.353851 
34.142365 -3.059191 27.247272 
35.030030 -3.411876 27.543356 
35.085528 -3.137784 28.503457 
34.557737 -3.498500 29.272431 
34.786149 -2.802683 29.953362 
35.048316 -3.351739 30.746965 
34.431957 -3.530150 31.513953 
34.990378 -4.175355 32.035370 
35.674412 -4.694553 32.547749 
35.675559 -4.342378 33.483682 
35.451910 -5.249245 33.840856 
34.598644 -5.089425 34.337238 
35.403025 -5.280681 34.899725 
36.283424 -5.149223 34.444075 
37.011135 -5.467623 33.836574 
37.821082 -5.211029 34.363968 
38.296544 -4.355093 34.160719 
38.701596 -3.499634 33.838038 
38.413957 -3.073389 34.695697 
38.482490 -3.933966 35.200385 
39.227764 -4.501044 35.551082 
39.437574 -4.904507 36.441698 
39.259679 -5.526363 37.204357 
38.591421 -6.119126 36.754841 
38.307606 -6.928975 37.268255 
39.251288 -6.942009 36.937658 
39.999990 -6.810377 37.587365 
60.735944 -44.100226 18.505970 
60.544635 -44.925402 17.974476 
60.361714 -45.819005 18.384371 
59.453376 -45.423774 18.521177 
59.397829 -45.048631 19.446478 
58.592345 -45.564166 19.738745 
58.839713 -46.305243 19.114555 
59.545744 -46.643085 18.492154 
60.337239 -47.164327 18.811284 
60.643179 -47.275087 17.865698 
61.488665 -46.899147 18.244938 
62.189302 -46.209121 18.063357 
61.756826 -45.442246 17.589155 
62.621161 -44.939615 17.606117 
62.668912 -44.067829 17.118563 
62.511187 -43.328007 17.772616 
61.737213 -43.409255 17.144632 
61.857284 -43.676691 16.188567 
62.538742 -42.953919 16.303526 
63.332626 -42.713720 16.862144 
63.946746 -42.574291 16.085345 
64.785947 -42.914957 15.661449 
64.300549 -43.784662 15.571996 
64.719312 -43.497348 14.710550 
64.707627 -42.537873 14.429000 
65.066266 -42.896597 13.567203 
65.184539 -43.772930 13.100241 
64.701031 -43.992548 12.252900 
65.161138 -44.396806 11.462408 
66.002747 -44.021397 11.850691 
65.925179 -43.287700 11.175657 
66.247383 -43.479687 10.248659 
66.929855 -43.312865 10.960278 
67.889334 -43.240591 10.687923 
68.282309 -44.139020 10.883872 
69.150857 -44.352043 10.436383 
69.197523 -45.190458 9.893352 
69.896513 -45.876903 10.093868 
69.380947 -46.727796 10.194735 
68.495293 -46.418103 9.848748 
68.431447 -47.311841 9.404726 
67.480965 -47.001100 9.399724 
66.955882 -46.182900 9.165554 
67.214747 -45.683941 8.338494 
68.004044 -45.864334 7.751580 
68.938957 -46.153394 7.545707 
68.381432 -46.513924 6.797921 
68.067245 -46.165997 5.914613 
67.906913 -46.588992 5.022779 
68.033474 -46.410151 4.047075 
67.763277 -45.876421 3.245747 
67.848020 -45.344592 2.403146 
67.688502 -44.357693 2.427306 
67.785861 -43.408471 2.726470 
66.926625 -43.329663 2.220997 
66.051467 -42.960034 2.533203 
66.050899 -42.089076 2.041845 
66.285946 -41.136362 2.234426 
66.959534 -40.521074 1.824912 
67.242052 -39.986464 1.028435 
66.943038 -40.729355 0.429517 
67.366534 -41.263831 -0.301911 
67.964678 -41.261242 0.499474 
67.494171 -41.577554 1.323227 
67.524811 -42.165707 0.515058 
67.492523 -43.128853 0.782093 
66.542122 -42.964839 1.046361 
66.654718 -43.360476 0.134882 
66.234563 -44.261854 0.239706 
66.382018 -44.161482 1.223669 
67.380849 -44.208705 1.233933 
67.915798 -44.803724 0.634114 
67.295695 -45.543731 0.373609 
66.988451 -46.093997 -0.402798 
66.514298 -45.351636 -0.876168 
66.315918 -44.380015 -1.005003 
65.830440 -44.815652 -1.762982 
65.300670 -45.303808 -2.456558 
64.408001 -45.433485 -2.888212 
63.982640 -44.541943 -2.732576 
63.658587 -44.263220 -1.828528 
63.861891 -43.344495 -1.489985 
64.380856 -42.491719 -1.548713 
64.913275 -42.328865 -2.379380 
65.175902 -41.410332 -2.674887 
65.555470 -40.544990 -2.347606 
65.794061 -39.595469 -2.143931 
66.485025 -40.196882 -1.742843 
66.491781 -39.342303 -1.223564 
65.495147 -39.261021 -1.234188 
65.500513 -39.578763 -0.286026 
66.241830 -39.531227 0.383444 
65.670947 -38.712109 0.439456 
64.844952 -38.611673 -0.115201 
64.607669 -37.647367 -0.232720 
39.080044 -51.905226 -35.788310 
40.000803 -51.677725 -36.105242 
40.888241 -51.433830 -36.496356 
41.354604 -51.433050 -37.380949 
41.142278 -51.442566 -38.358101 
40.543107 -50.697500 -38.065063 
39.723688 -51.121486 -38.450793 
40.358867 -51.199770 -39.219181 
39.649955 -51.888776 -39.369896 
40.312179 -52.621888 -39.214958 
39.991705 -53.405113 -38.682177 
39.782300 -53.460580 -39.658432 
39.006385 -53.458064 -39.027600 
38.992896 -52.847981 -39.819822 
39.318790 -52.703760 -40.754163 
40.143274 -52.360075 -40.304600 
40.411452 -53.172170 -40.822851 
40.589622 -54.133235 -40.611643 
41.531707 -53.798706 -40.635436 
41.657288 -54.781993 -40.503615 
40.870029 -55.157356 -40.014406 
40.540264 -56.031029 -40.372107 
40.029968 -55.680860 -41.157587 
39.732012 -56.288999 -41.893379 
40.717849 -56.362056 -41.742419 
40.731141 -56.104039 -42.708468 
40.766706 -55.888964 -43.684418 
40.881563 -56.309893 -44.584210 
41.002259 -56.697534 -45.498085 
41.393333 -56.226899 -46.289012 
41.953352 -55.403093 -46.201140 
41.148857 -54.877902 -45.923719 
40.748069 -55.473147 -45.227262 
40.854332 -54.757510 -44.536920 
41.828274 -54.588383 -44.385807 
42.039749 -53.662349 -44.073174 
42.618614 -53.319633 -43.333268 
43.199023 -52.848469 -42.669093 
44.085120 -53.311966 -42.667507 
45.015562 -53.165856 -42.331456 
45.151909 -53.724071 -43.149872 
45.927581 -53.350859 -43.658837 
46.590083 -53.820627 -44.242283 
47.139193 -53.006122 -44.429524 
47.203579 -52.119164 -43.972183 
48.163133 -51.923425 -44.174524 
47.564307 -52.112459 -44.952775 
47.722910 -52.976267 -45.430981 
46.920894 -53.415838 -45.835391 
47.199987 -53.602218 -46.777393 
47.046938 -52.616521 -46.847938 
46.983295 -51.856947 -47.495237 
46.047091 -51.507960 -47.453634 
45.518464 -51.045554 -46.741782 
45.415650 -50.051335 -46.772731 
44.478211 -50.131187 -46.433862 
43.970906 -49.579382 -47.095793 
43.602002 -50.508327 -47.064650 
43.792709 -50.738847 -48.018846 
44.290718 -50.323020 -48.779816 
45.128971 -50.453405 -48.250352 
45.561301 -49.714144 -48.766669 
44.830298 -49.278925 -48.241105 
44.858376 -48.707988 -49.061618 
45.220321 -48.146143 -48.317760 
45.921037 -47.537932 -47.944830 
45.934960 -47.528699 -48.944690 
46.436890 -47.648814 -49.801217 
47.168968 -48.312112 -49.645983 
48.129129 -48.262188 -49.920936 
48.260797 -48.967021 -50.617982 
49.020262 -48.996564 -49.968106 
48.696616 -49.929740 -50.124424 
49.255813 -49.477071 -50.818966 
49.302710 -50.064125 -51.627154 
49.394364 -50.277619 -52.599790 
49.804890 -49.569197 -53.173904 
48.854415 -49.451539 -52.886234 
48.190455 -49.934548 -52.315393 
48.109035 -49.784474 -51.330076 
47.896980 -50.739297 -51.538273 
47.003457 -50.345432 -51.322664 
46.659862 -49.414974 -51.195420 
47.067975 -48.823173 -51.890557 
47.552499 -49.022616 -52.742295 
48.126829 -48.555762 -53.414749 
47.538117 -48.015643 -54.016155 
48.065305 -48.726494 -54.481735 
47.278085 -49.318994 -54.310779 
46.722156 -49.546403 -55.110297 
47.387335 -49.892034 -55.772170 
47.270014 -50.291475 -56.681391 
47.438491 -51.084006 -57.267488 
48.289300 -50.944992 -57.774242 
62.105944 -7.755026 -18.863830 
63.048053 -8.090037 -18.877902 
63.093768 -7.581992 -18.017786 
63.687219 -6.915353 -18.468794 
63.175697 -6.297228 -19.065674 
63.439318 -6.303846 -20.030278 
63.655048 -6.972390 -20.741973 
63.195012 -7.581854 -20.096280 
63.400113 -7.940378 -21.006990 
63.262380 -8.560693 -21.779155 
64.236891 -8.597141 -22.000515 
64.470499 -7.912761 -21.309826 
64.904165 -7.117872 -20.885460 
65.360396 -7.998174 -20.755380 
64.500935 -7.904905 -20.252759 
64.555724 -8.891606 -20.099726 
64.855171 -8.614288 -19.186804 
65.106116 -8.200163 -18.311860 
64.879846 -9.173689 -18.344249 
65.106201 -9.083437 -17.374394 
65.793512 -8.932068 -16.663978 
65.672552 -8.871430 -15.673174 
66.507187 -8.469202 -16.049468 
66.685204 -9.294377 -15.513375 
66.207754 -8.881480 -14.737773 
66.685503 -9.233432 -13.932860 
65.845449 -9.733650 -14.142838 
66.086518 -10.201001 -14.993408 
66.798666 -10.816544 -15.330977 
67.105424 -9.982378 -14.872646 
67.283832 -10.360535 -13.964259 
68.128679 -10.893466 -14.011355 
67.603936 -10.962149 -13.162870 
67.609866 -10.243185 -12.467847 
68.320611 -9.604902 -12.172153 
68.600452 -10.032476 -11.312578 
68.060990 -10.438516 -10.574938 
67.344031 -10.840836 -10.005633 
66.959033 -9.940179 -9.804154 
66.798890 -10.520881 -9.005944 
67.313743 -10.813248 -8.200061 
67.542553 -9.935872 -7.778329 
67.550398 -10.413093 -6.899581 
67.196836 -10.505285 -5.968724 
66.613919 -10.762630 -6.739425 
66.000970 -11.109780 -6.029650 
66.018616 -10.753341 -5.095498 
65.188880 -10.424320 -4.644629 
64.891105 -10.806864 -3.769992 
65.423514 -11.650980 -3.706673 
65.681406 -12.573628 -3.419947 
65.295258 -12.888169 -4.287099 
66.267683 -13.119528 -4.257716 
66.430259 -13.678006 -5.071147 
66.045464 -13.918243 -5.962337 
65.271559 -13.330393 -6.197927 
65.077080 -14.231781 -6.584808 
64.794470 -14.762805 -7.383648 
64.821648 -15.757071 -7.487070 
64.873577 -15.308685 -8.379400 
64.092119 -14.687562 -8.319996 
63.950030 -13.835870 -8.824409 
64.552610 -13.040356 -8.888076 
64.680743 -12.250314 -8.288563 
65.625030 -12.321219 -7.967168 
66.082930 -11.840531 -7.219327 
66.764841 -11.882907 -7.949533 
67.395768 -11.707060 -7.193881 
68.293255 -12.025503 -6.888742 
69.273605 -12.202703 -6.802050 
68.689462 -12.906182 -7.206891 
69.521415 -13.414252 -7.429868 
70.014301 -13.067656 -8.227949 
70.325602 -12.853270 -9.153763 
69.527131 -12.303260 -9.398575 
68.768200 -12.408987 -8.756044 
67.853750 -12.182748 -8.420491 
67.856466 -13.179993 -8.494615 
67.404289 -14.071742 -8.476721 
66.815179 -14.057656 -7.668791 
67.038528 -14.783756 -7.018488 
66.894152 -15.750094 -6.805543 
67.766088 -15.580995 -6.346051 
67.821887 -14.796922 -5.727896 
67.008157 -15.351749 -5.554664 
67.290902 -15.778069 -4.695417 
67.124482 -16.606089 -4.159985 
66.516136 -16.924742 -4.886880 
65.521102 -16.951846 -4.982652 
65.944970 -16.528785 -5.783498 
66.296783 -16.867077 -6.656301 
16.201944 49.545334 59.059970 
17.165143 49.811651 59.023590 
17.022440 49.539719 59.975267 
16.482015 50.214561 60.477790 
16.090288 49.369941 60.842710 
16.893111 49.208347 61.416611 
17.757916 48.757412 61.195770 
18.486468 48.511563 61.835122 
19.404306 48.696740 61.484006 
20.234690 49.078708 61.889670 
21.070731 49.627220 61.876671 
21.242377 49.669778 62.860910 
21.292083 48.678465 62.739143 
22.000607 49.231820 62.301203 
22.516703 49.180597 61.446205 
23.216924 49.530382 62.068572 
23.215045 50.526183 61.977048 
23.301800 50.297235 61.007483 
23.677500 50.085579 60.105235 
23.778304 50.465703 59.185809 
23.314674 50.158132 58.354878 
22.338545 50.348682 58.459107 
21.637232 51.032982 58.658841 
21.320720 50.137037 58.347229 
20.799621 50.399230 59.159455 
19.883742 49.997776 59.158534 
20.342904 49.296095 59.703340 
19.796118 48.635784 59.188546 
19.221842 48.287347 59.929356 
19.378500 47.355835 59.601111 
20.366107 47.245436 59.489561 
21.227217 46.865495 59.151721 
20.768988 46.119497 58.668489 
21.172072 45.209151 58.574712 
21.232976 44.756256 57.685231 
20.904841 44.188057 58.439868 
21.622955 43.563946 58.747760 
21.636164 43.035893 59.596868 
20.710152 43.017932 59.219802 
20.304100 43.049985 60.133089 
19.935983 42.253377 60.612573 
19.128706 42.770311 60.897322 
19.543804 42.461324 61.753021 
19.370694 42.787717 62.682269 
18.529614 43.270147 62.437635 
18.258488 43.973561 61.780596 
19.108169 44.291975 61.360292 
19.002329 45.125253 61.902921 
19.773725 45.656058 62.253913 
20.451283 46.349300 62.008291 
20.377442 47.344543 61.944736 
21.272936 47.604813 61.583695 
21.668898 46.814041 61.116905 
21.715158 45.951040 60.613826 
22.642664 46.201634 60.336455 
23.353373 45.498342 60.319936 
22.964164 44.677813 60.738562 
22.668555 44.184434 59.920520 
22.801360 44.492738 58.978548 
22.664955 43.917220 58.172215 
22.744708 43.543038 57.248296 
23.279920 43.663111 56.412156 
22.974267 44.100460 55.566400 
23.947875 44.095657 55.794573 
24.301729 45.028497 55.726762 
24.964243 45.736388 55.481887 
24.929439 46.713360 55.692398 
24.193797 46.998298 55.077873 
24.083845 47.385315 54.162379 
24.417946 48.327457 54.135083 
24.494964 48.238886 53.141995 
25.261418 48.850382 52.945474 
26.142870 49.017181 53.387312 
26.211322 49.102025 54.381352 
27.189360 48.976357 54.547633 
26.875014 48.568960 55.405080 
27.065592 48.424210 56.376021 
26.881761 49.195684 56.985147 
27.396613 49.651465 56.259067 
26.603646 50.237131 56.426992 
27.426590 50.610418 56.855265 
45.451444 22.895574 26.169170 
45.412277 22.515486 25.245049 
46.051891 21.851444 25.632272 
46.416154 22.772607 25.495268 
46.543408 23.711736 25.176139 
46.728844 24.040353 26.102219 
47.343748 24.387536 25.394153 
47.415889 24.761756 24.469624 
47.977992 23.937805 24.541348 
48.807395 23.765282 24.010005 
48.227437 23.223247 23.401854 
48.058092 22.455112 24.019341 
47.207995 22.768537 23.596139 
46.666417 22.377140 22.852162 
46.229833 23.248333 23.076700 
45.773022 23.938244 22.515143 
46.771449 23.982676 22.480944 
46.598083 24.303938 21.549958 
46.155861 25.200824 21.555897 
47.080542 25.226768 21.935756 
47.589403 25.368611 21.086673 
47.262860 24.975366 20.227180 
46.963942 24.176116 19.705791 
46.455142 23.317984 19.637000 
47.396056 22.982326 19.592122 
47.473713 21.985456 19.577314 
47.374016 21.072671 19.181229 
47.535247 20.869392 18.215474 
46.567421 21.100496 18.314997 
46.989140 22.004932 18.250589 
46.425452 22.751114 18.604805 
45.710235 22.740259 17.905987 
45.991850 22.064899 17.224385 
45.072381 22.293873 16.904779 
44.985411 21.668860 16.129024 
45.324686 21.023948 15.444201 
45.164713 20.955219 14.459475 
44.936437 21.908078 14.259603 
44.830675 21.347069 13.438578 
44.043314 21.099885 12.873810 
44.459352 20.276977 12.486856 
44.980943 19.701646 11.856826 
45.277607 19.924493 10.928209 
45.445922 20.901649 10.798458 
45.594595 20.650935 11.755034 
46.505093 21.063939 11.775585 
45.800058 21.764361 11.886650 
46.589326 22.256611 11.519573 
47.562682 22.418959 11.681505 
47.787151 21.706583 11.016574 
48.250746 20.959240 10.540593 
48.210072 21.741699 9.919221 
47.397645 22.294210 9.732952 
47.240341 21.364386 9.400262 
48.099801 20.853337 9.387664 
47.641225 20.118187 9.886926 
47.233877 20.925804 10.313333 
47.515104 20.381626 11.103765 
47.735479 19.535805 11.589585 
48.425000 19.048241 11.054007 
48.005620 18.174757 10.806731 
47.471654 17.573313 10.212469 
47.367448 18.311576 9.546054 
47.581550 17.568201 8.912371 
46.697815 17.103250 8.859151 
46.121450 16.300156 8.708008 
45.877763 15.341378 8.854162 
45.309196 15.816717 9.525567 
45.455099 16.535345 10.205483 
45.147255 16.002909 10.993991 
45.050347 15.029226 10.787713 
45.874722 15.062210 10.222631 
46.675373 15.276891 10.781980 
46.624532 14.297403 10.586995 
47.214315 13.502812 10.731149 
47.180655 12.504041 10.767532 
47.767811 12.690746 11.555179 
48.111168 12.113809 12.296293 
-57.232776 39.032574 34.510770 
-57.595613 38.648315 33.661833 
-58.387169 38.085458 33.899806 
-58.460854 39.078210 33.994752 
-58.423205 38.715210 33.063723 
-57.949989 37.999194 32.550510 
-58.070293 38.259401 31.592481 
-58.706887 37.490165 31.537498 
-58.361977 37.521788 30.599395 
-58.112759 36.662835 30.152080 
-58.031112 36.385411 29.194808 
-57.551050 36.561145 28.335356 
-56.727925 36.006991 28.459360 
-56.607358 36.766048 29.099122 
-56.089220 36.060656 29.582812 
-55.207024 35.624653 29.404959 
-54.293220 35.287124 29.179044 
-54.775770 34.920136 29.974321 
-55.089242 34.057329 30.370929 
-55.462104 34.055940 31.298815 
-56.311002 33.780385 31.749859 
-57.065546 33.216071 31.414877 
-57.807371 32.658982 31.041584 
-57.965599 33.189298 30.208680 
-58.940110 33.371451 30.077727 
-58.536173 33.844245 30.860862 
-58.611011 34.588205 31.524883 
-58.428943 33.975251 32.293738 
-58.727815 33.183744 32.826836 
-59.677227 32.881674 32.740985 
-59.738411 31.947443 32.389603 
-60.543977 31.859169 31.803710 
-60.158968 32.343662 31.018194 
-59.402334 32.141202 30.396490 
-59.467787 31.445897 29.680762 
-59.550598 30.912533 30.522584 
-60.240187 30.188447 30.535391 
-59.862019 30.216338 31.460707 
-59.552354 29.485732 30.852166 
-58.893452 29.701962 31.572647 
-58.921427 29.047539 32.328258 
-58.882424 28.631131 33.236599 
-58.397854 28.138384 33.959365 
-57.468257 28.466002 33.790496 
-56.776263 28.096645 33.170239 
-55.860227 27.931721 33.535860 
-56.029668 28.123337 34.502594 
-55.929057 28.983365 35.002823 
-55.520662 28.252025 35.549043 
-55.801797 27.939725 36.456474 
-56.637479 27.868499 35.911898 
-57.504576 28.027613 36.383941 
-56.921245 28.811196 36.170110 
-57.846350 29.190480 36.188110 
-58.435435 29.674565 36.835135 
-59.275097 29.894438 37.331747 
-59.593966 29.959792 38.277290 
-60.528427 30.104893 38.602450 
-59.883430 30.774011 38.971586 
-59.014137 31.181020 39.252074 
-58.309466 31.151450 38.543157 
-57.976950 31.242557 39.481844 
-57.321886 31.916358 39.823726 
-58.092248 32.402520 39.411187 
-58.221105 32.942837 38.579650 
-58.548948 33.522937 39.325306 
-58.912590 33.944225 40.156138 
-59.682307 34.381820 39.691330 
-60.484818 34.919924 39.433607 
-61.272014 34.527484 39.909330 
-62.248217 34.649978 39.730380 
-63.017523 34.486149 40.347898 
-62.150504 34.616247 40.828889 
-61.905261 33.728425 40.439494 
-61.522620 33.866965 41.352945 
-60.672692 33.671467 41.842233 
-59.924995 34.273354 41.561730 
-58.964136 34.547042 41.604675 
-58.103414 34.290990 42.044670 
-57.257966 34.588279 41.601007 
-57.029454 34.487594 42.569328 
-56.267181 35.019942 42.937492 
-17.191056 9.006874 30.893270 
-16.483793 8.472399 31.355997 
-15.634105 8.085449 31.714185 
-15.815469 8.119225 32.697021 
-15.615108 7.422516 33.385826 
-15.938304 7.827587 34.241082 
-15.823335 6.834218 34.240503 
-16.473126 6.382231 33.629372 
-16.990804 6.578241 34.462192 
-17.393280 7.471248 34.663565 
-18.328653 7.326009 34.986030 
-18.132381 8.073639 35.620481 
-17.166371 8.319951 35.542029 
-16.244781 8.694654 35.440694 
-16.788374 9.432250 35.841266 
-17.188740 9.870815 36.645858 
-17.721644 10.443752 36.023156 
-17.448141 11.137515 35.356906 
-17.166765 12.071548 35.136884 
-17.466595 13.014857 35.279262 
-18.148392 13.205267 35.985588 
-19.025681 13.584818 36.279367 
-19.547325 13.423422 37.117126 
-18.970204 14.238709 37.069818 
-18.797260 14.130765 38.048817 
-18.458192 13.615729 38.836072 
-17.564519 13.253110 38.571769 
-16.879141 13.316759 39.297169 
-16.049969 13.815388 39.044498 
-15.733497 14.048255 39.964073 
-14.835892 14.449620 39.781832 
-14.821740 14.284690 40.768036 
-14.030849 14.008960 40.221716 
-13.835039 14.767366 39.600041 
-14.257098 14.048464 39.047732 
-13.786102 14.683600 38.435553 
-12.848766 15.031815 38.423393 
-12.351073 14.485444 37.749761 
-11.850048 14.973858 37.035321 
-11.504804 15.025447 37.972415 
-10.807373 15.652807 37.625992 
-9.943778 16.122738 37.443325 
-9.965514 16.211609 36.447519 
-9.632997 17.153879 36.408016 
-8.654099 16.993592 36.281262 
-8.322961 16.161831 36.726819 
-7.383641 16.464215 36.564828 
-6.986777 16.127233 37.418610 
-6.932314 15.129580 37.460118 
-7.480955 14.344320 37.173135 
-7.138458 13.404808 37.176925 
-8.003613 13.004880 37.479521 
-8.761913 12.366298 37.610655 
-8.141464 12.035665 36.899511 
-8.319308 11.171826 36.428180 
-8.767531 11.614961 35.651826 
-9.254488 12.080277 34.912668 
-10.050837 11.475594 34.926346 
-10.317080 12.199109 34.289446 
-10.551804 11.711689 33.448419 
-10.423335 10.740619 33.649716 
-9.702499 10.070750 33.827678 
-9.892692 9.093668 33.732093 
-10.615496 9.589742 33.250986 
-10.612164 9.557291 34.250453 
-10.510985 9.677750 35.238002 
-10.960332 9.676695 36.131359 
-11.879704 9.394956 35.856808 
-12.177380 10.232922 35.399424 
-12.888797 9.641616 35.779217 
-12.394484 10.132625 36.496549 
-12.495513 10.389775 37.457625 
-11.884640 11.088293 37.084923 
-12.570802 11.792164 36.901219 
-13.371594 12.359324 36.708704 
-13.961354 13.166559 36.732270 
-13.681527 13.704039 37.527765 
-35.656556 -43.956226 -32.694270 
-35.519016 -43.144731 -32.126328 
-34.940158 -42.330306 -32.166770 
-34.068250 -42.557888 -32.600341 
-34.501443 -43.436441 -32.801560 
-34.179397 -44.364993 -32.986159 
-33.707456 -44.626444 -33.828130 
-32.991380 -44.710921 -34.521022 
-32.224165 -44.454682 -33.933040 
-31.740642 -43.824770 -34.540836 
-32.428991 -43.105325 -34.448244 
-32.944645 -43.332823 -33.622202 
-32.739959 -43.331536 -32.643375 
-32.182238 -42.533492 -32.871570 
-33.155949 -42.315310 -32.937017 
-33.431015 -41.634090 -32.258579 
-32.458671 -41.414686 -32.178526 
-31.605379 -40.900431 -32.264758 
-32.277502 -40.183835 -32.451146 
-32.019385 -39.232515 -32.619573 
-31.168383 -38.893274 -33.020462 
-31.152624 -39.232751 -32.079980 
-30.552484 -40.032184 -32.107184 
-29.942564 -40.790080 -31.875685 
-29.716932 -41.672427 -31.462704 
-30.277359 -42.412200 -31.090338 
-29.555071 -43.053663 -31.348845 
-29.618000 -43.905009 -31.869661 
-28.801773 -43.744356 -31.314717 
-28.122077 -43.573083 -30.601499 
-27.177506 -43.853306 -30.430440 
-26.831645 -43.850047 -31.368720 
-27.307600 -44.152391 -32.194586 
-27.450361 -43.192675 -31.952585 
-27.289071 -42.230656 -31.732348 
-27.517359 -41.335500 -31.349489 
-28.027592 -40.533611 -31.660352 
-28.364472 -39.609398 -31.840187 
-29.348644 -39.513389 -31.691230 
-29.830156 -38.960742 -32.371470 
-29.690876 -37.990767 -32.172094 
-29.224532 -37.331438 -31.582342 
-29.433675 -36.353677 -31.597918 
-30.323629 -36.759854 -31.390546 
-29.948109 -36.243771 -30.620712 
-29.792266 -35.293796 -30.350044 
-30.428441 -35.328969 -31.120786 
-31.181740 -35.927369 -31.393654 
-31.002586 -35.920017 -32.377448 
-30.017956 -35.885134 -32.548584 
-29.034851 -35.969949 -32.710788 
-29.196701 -35.294329 -33.430054 
-29.478846 -34.576693 -32.793350 
-30.421785 -34.289542 -32.961906 
-30.000262 -33.711949 -33.660979 
-29.495495 -32.877748 -33.883059 
-29.729585 -32.166760 -34.546156 
-29.506042 -31.501937 -33.833387 
-28.640308 -31.229912 -33.413261 
-28.168890 -30.348002 -33.413818 
-28.333034 -29.987926 -34.332187 
-29.295318 -29.718409 -34.369207 
-28.709562 -29.115858 -33.827155 
-29.509845 -29.486745 -33.355998 
-30.496991 -29.400433 -33.221489 
-31.370168 -29.432814 -33.707817 
-30.716535 -29.987400 -34.222790 
-30.790608 -29.595094 -35.139637 
-30.094023 -30.224892 -35.483327 
-31.019334 -30.598575 -35.418827 
-30.916259 -30.953503 -36.348021 
-31.818131 -30.782247 -36.744630 
-32.711035 -30.826491 -37.192698 
-32.862350 -30.562221 -36.240193 
-33.502089 -30.624927 -35.474163 
-33.960167 -30.435428 -34.605685 
-38.443556 -16.735526 20.913570 
-39.013059 -16.631747 21.728982 
-38.833035 -17.491782 22.206403 
-38.670334 -16.792982 22.902972 
-38.261625 -16.048046 23.430254 
-37.496762 -15.445461 23.658016 
-38.014677 -14.831501 23.062350 
-37.201269 -14.292672 23.281508 
-37.968775 -13.979802 23.841014 
-38.961856 -14.095529 23.821098 
-39.714063 -13.627785 24.285211 
-40.584267 -14.116124 24.219860 
-41.324940 -14.005431 24.882544 
-41.597835 -13.314330 25.551804 
-40.634144 -13.087468 25.692639 
-40.477691 -12.737335 24.769098 
-40.019619 -12.728651 23.880225 
-40.914052 -13.122904 23.669147 
-41.879758 -13.076641 23.413664 
-42.667133 -12.460242 23.404057 
-42.073862 -11.953166 24.029280 
-41.694450 -11.762721 23.123865 
-42.508446 -11.743930 22.543298 
-42.412738 -11.074705 21.806428 
-42.748024 -10.305086 22.349815 
-43.415397 -10.754617 21.756067 
-43.806798 -9.980770 21.258105 
-43.718152 -9.015892 21.010813 
-43.690002 -8.541721 21.890796 
-44.191482 -7.749040 22.237459 
-44.095597 -7.843184 23.228390 
-44.287139 -7.537255 24.160977 
-43.643518 -6.772908 24.121927 
-43.730818 -6.795443 25.117854 
-44.685253 -6.811904 24.819887 
-44.939526 -5.846989 24.754436 
-44.376900 -5.039827 24.933156 
-44.732198 -4.876491 25.853528 
-44.697735 -3.931939 26.180078 
-44.026680 -3.212376 26.358720 
-44.521609 -2.346300 26.429128 
-44.966665 -1.755738 27.102301 
-45.136082 -0.772424 27.036035 
-45.558134 -0.156935 27.701651 
-46.381351 -0.298346 27.151819 
-46.508798 -0.207072 28.139456 
-47.499833 -0.089402 28.202725 
-48.044746 0.018382 29.034262 
-48.201790 -0.831725 28.531615 
-48.236036 -1.329172 27.664796 
-48.021553 -2.260717 27.958429 
-47.127782 -2.578290 27.641694 
-47.185384 -3.261593 26.913834 
-47.624226 -3.823278 27.615210 
-48.441766 -3.515727 27.128341 
-48.676878 -2.803361 26.467087 
-49.554213 -3.195399 26.743837 
-50.333737 -3.821190 26.716870 
-51.027328 -4.494058 26.459614 
-51.666696 -5.197056 26.148161 
-51.405097 -6.114522 25.848457 
-52.150688 -6.715891 26.135597 
-52.916995 -6.079156 26.049916 
-53.539807 -6.820557 26.299779 
-54.421410 -7.159726 26.628016 
-54.360834 -6.254963 27.049602 
-55.076902 -6.161154 27.741300 
-55.959138 -5.974805 28.173659 
-56.871300 -5.573156 28.092185 
-56.327359 -5.255175 27.315643 
-56.243348 -5.767908 26.461215 
-57.071013 -6.288866 26.252472 
-56.549109 -7.100931 26.513560 
-56.023095 -7.933864 26.341713 
-56.489150 -7.478791 25.582964 
-56.206364 -7.608054 24.632531 
-1.813056 61.631134 -4.553130 
-2.135678 60.828720 -4.051088 
-1.185591 61.074614 -3.859073 
-0.761546 60.909560 -4.749546 
-1.098865 60.086188 -4.293175 
-0.904258 59.159632 -4.615080 
0.027481 59.130074 -4.977004 
0.203720 58.533499 -5.759972 
0.469034 59.318137 -6.320286 
1.235483 59.911743 -6.565619 
2.098078 60.335516 -6.841928 
1.337724 60.975092 -6.955088 
1.796390 61.829715 -7.198492 
1.687880 61.308294 -8.044864 
1.561114 62.157172 -8.558027 
0.896170 62.897330 -8.457947 
0.114072 62.900090 -7.834798 
-0.514897 62.150116 -7.630012 
-1.397267 61.820191 -7.294494 
-0.677525 62.032190 -6.633413 
-0.537921 61.699024 -5.700937 
-0.133840 61.988354 -4.833178 
0.291399 61.247828 -4.312800 
0.355970 60.251962 -4.248909 
0.481089 59.648898 -3.461090 
-0.055455 58.868937 -3.138938 
-0.148264 59.424568 -2.312705 
-1.024641 59.455713 -1.832088 
-0.947038 58.496485 -1.560318 
-1.179685 58.710076 -0.611501 
-1.492324 58.353273 0.268810 
-1.345615 57.942531 1.168681 
-1.197525 57.162017 0.561338 
-0.321879 56.859265 0.185059 
-0.331391 57.610011 0.845581 
-0.285023 56.823149 1.460965 
-0.234718 56.171550 2.217859 
-1.140445 55.748466 2.243509 
-1.333739 56.008226 1.297379 
-2.285701 56.208737 1.065941 
-1.807125 56.958251 1.523318 
-1.033844 57.313578 2.048465 
-0.680366 57.094082 2.957791 
0.025283 57.653903 2.523441 
0.341647 58.341707 3.176771 
0.070587 58.847002 3.996041 
0.689278 58.987318 4.769044 
1.187426 58.214915 4.375036 
2.017000 58.356592 3.834911 
2.218035 57.782837 4.628882 
2.669756 57.450329 5.456763 
2.973580 56.524010 5.233998 
3.679101 55.874371 5.517211 
4.659464 55.926310 5.326969 
4.245272 56.736774 4.912731 
4.879969 56.233600 4.326236 
5.092918 55.320143 3.979466 
5.791020 55.589912 3.316232 
5.731929 56.557185 3.562990 
4.971532 57.200104 3.471055 
4.121992 57.132245 2.947913 
3.568619 56.472037 2.440070 
3.411581 55.987578 1.579467 
3.259168 55.699713 0.634002 
3.920674 56.390308 0.341618 
4.773297 55.978772 0.663602 
4.712252 54.983171 0.592533 
5.542742 54.702530 1.073707 
6.325141 55.300441 1.247927 
6.880961 55.921389 1.800637 
7.756138 56.010351 1.325083 
8.531062 55.651165 0.805008 
9.335554 55.060614 0.741426 
9.480338 55.809538 1.388071 
9.782108 55.569476 2.310733 
9.617502 56.226479 3.046432 
10.158863 55.956792 3.842797 
11.031042 55.485379 3.973462 
11.541864 56.335457 4.101636 
-11.573556 -26.557926 -64.827230 
-12.300402 -27.017672 -65.337454 
-12.124868 -28.001545 -65.371835 
-12.584233 -28.029452 -64.484025 
-12.225820 -28.906342 -64.163707 
-12.974445 -29.193759 -63.566252 
-13.840385 -29.041448 -63.089860 
-13.344878 -28.211384 -63.345724 
-13.052020 -27.520430 -62.684802 
-13.995548 -27.238838 -62.859335 
-14.807317 -26.831989 -62.440403 
-14.845233 -26.703561 -63.431397 
-15.840880 -26.794135 -63.453397 
-16.553924 -27.353430 -63.030599 
-17.455116 -27.742393 -63.221805 
-17.361120 -28.039361 -62.271555 
-17.759622 -28.953794 -62.200779 
-18.093363 -29.894617 -62.259676 
-18.230076 -30.534440 -61.503411 
-17.493600 -31.203437 -61.403188 
-16.967002 -32.028252 -61.609040 
-16.185210 -32.487491 -61.187256 
-15.506784 -31.760533 -61.293416 
-15.697891 -30.876619 -60.866597 
-15.690378 -29.882524 -60.974850 
-16.012680 -28.974342 -61.241921 
-15.385177 -29.337105 -61.930864 
-14.999795 -28.659328 -62.557043 
-14.856669 -28.768158 -63.540745 
-14.732079 -29.640028 -63.067121 
-14.680198 -30.636081 -63.139140 
-15.403916 -31.311592 -63.280266 
-14.830121 -31.358380 -62.462605 
-14.207956 -30.695353 -62.046305 
-14.049094 -30.579983 -61.065769 
-13.459845 -31.283111 -61.463759 
-13.805422 -32.167836 -61.150970 
-14.004042 -31.891696 -62.091340 
-13.434693 -32.641344 -62.428786 
-13.444789 -33.598145 -62.719355 
-12.667618 -33.570190 -63.348023 
-12.693395 -34.526846 -63.638098 
-12.563788 -35.060961 -62.802680 
-12.533732 -35.834868 -62.170095 
-12.351147 -36.594478 -61.545871 
-12.958524 -37.228412 -61.067101 
-13.427295 -38.107393 -60.979658 
-13.762971 -38.265572 -60.051057 
-13.215448 -37.803502 -59.353412 
-12.580809 -37.376424 -59.997491 
-12.157614 -36.888806 -59.233858 
-13.024732 -36.450673 -58.996904 
-13.984075 -36.727597 -59.051432 
-14.018124 -37.114251 -58.129836 
-14.745788 -36.776077 -57.533058 
-14.038512 -37.291390 -57.049104 
-14.303138 -38.016570 -56.413426 
-14.416329 -38.223701 -55.441683 
-15.208578 -38.833054 -55.409598 
-16.177320 -38.978671 -55.610435 
-17.161754 -38.968106 -55.434999 
-17.493807 -38.707648 -56.341587 
-16.717098 -38.145536 -56.057417 
-17.290899 -37.514476 -56.579447 
-16.472502 -37.751618 -57.102888 
-16.282176 -36.791522 -56.897971 
-12.908256 -54.217226 -3.506530 
-12.781585 -53.264743 -3.783532 
-12.099466 -52.928865 -3.133994 
-12.563917 -52.055996 -2.984376 
-13.306229 -52.210837 -2.332459 
-13.380104 -52.563619 -1.399674 
-13.809479 -53.323215 -0.911155 
-13.201607 -53.738512 -0.234383 
-13.590977 -54.310042 0.487936 
-12.667852 -54.609981 0.247362 
-12.059559 -54.788692 -0.525969 
-11.228087 -55.122174 -0.970317 
-11.191780 -54.123159 -0.995816 
-11.292312 -53.178701 -0.682937 
-11.364739 -53.356093 0.298535 
-11.888721 -53.731584 1.063028 
-11.882133 -53.051809 1.796419 
-11.864098 -52.252770 1.195411 
-12.170884 -51.516446 0.592327 
-12.963395 -51.397472 -0.005813 
-12.817283 -50.427360 0.187926 
-12.751791 -49.429736 0.166538 
-12.218330 -49.702769 -0.634007 
-12.154415 -49.782771 -1.628750 
-12.916099 -50.427312 -1.562376 
-12.651601 -51.369088 -1.354773 
-11.695195 -51.658478 -1.394031 
-12.192363 -52.164863 -0.689475 
-12.531313 -52.974688 -0.210627 
-13.466294 -52.636536 -0.103555 
-14.455424 -52.689192 0.033736 
-14.649769 -52.513585 0.998823 
-14.802817 -51.526513 0.951236 
-15.529746 -51.711071 0.289789 
-15.392285 -51.935368 -0.674989 
-15.807889 -52.843921 -0.632518 
-16.180440 -53.435950 -1.347156 
-15.202342 -53.603830 -1.224112 
-14.934057 -53.392741 -2.164039 
-14.197987 -53.943714 -2.557270 
-14.244196 -54.756577 -3.137889 
-14.919721 -55.039057 -2.456808 
-14.909000 -55.158814 -1.464063 
-15.148225 -55.487940 -0.550582 
-15.979640 -55.676607 -0.027940 
-15.816627 -54.887332 0.564065 
-15.299649 -55.597946 1.041309 
-15.453849 -54.723810 1.501862 
-15.745131 -54.938523 2.434092 
-15.633420 -55.924922 2.554671 
-16.290591 -56.447375 2.011377 
-15.792663 -57.125458 1.470755 
-16.034976 -58.095628 1.463399 
-16.272895 -57.907490 2.416289 
-16.547446 -58.867196 2.476161 
-16.957782 -59.463127 3.166445 
-16.468216 -59.214336 4.002165 
-15.616981 -58.839140 3.635250 
-14.810853 -58.260642 3.759736 
-14.122695 -57.713913 3.282738 
-13.463583 -57.918693 4.006365 
-13.325136 -58.780230 3.517913 
19.279744 -41.545526 21.611470 
18.582430 -41.332394 22.295815 
18.395848 -42.072153 22.942300 
18.200948 -41.194324 23.379825 
17.503620 -40.579807 23.748747 
16.619955 -40.306787 24.129006 
16.718436 -39.449346 24.634077 
15.729469 -39.383388 24.766723 
14.818263 -39.753427 24.585686 
14.487942 -39.507665 23.674374 
14.459057 -40.097635 22.867466 
15.159443 -40.596572 23.377878 
14.505958 -41.321372 23.159652 
13.799485 -41.433823 22.460902 
14.086006 -42.391112 22.422123 
13.416324 -43.005982 22.838609 
13.453109 -43.108583 21.844567 
12.747013 -43.813711 21.909551 
11.867010 -43.355970 22.036310 
11.062806 -43.449817 21.449411 
10.594994 -43.492241 22.332220 
11.203033 -43.961641 22.972495 
11.112280 -44.709192 22.314520 
11.130533 -45.623210 21.909256 
10.729842 -46.039493 22.725439 
10.053211 -46.674810 23.097652 
9.679707 -46.971321 23.976615 
9.911215 -47.824713 23.509575 
10.832744 -48.119803 23.257177 
10.582813 -48.225696 24.219633 
11.537384 -48.397167 24.463337 
11.089234 -47.767223 25.097633 
11.237131 -46.878377 25.531313 
10.244367 -46.814118 25.632755 
9.729602 -45.965117 25.513536 
9.103561 -45.670974 26.235722 
9.056643 -44.732401 25.893845 
8.337709 -44.316532 25.336902 
8.704007 -44.871039 24.589675 
8.966606 -43.992006 24.191753 
9.513701 -43.812221 25.009288 
9.915416 -44.688910 24.744635 
9.476356 -44.847260 23.860242 
10.407536 -45.211234 23.880924 
11.162955 -45.764960 24.231252 
11.764643 -46.051728 24.976729 
12.347717 -46.323680 24.211179 
12.916912 -47.077313 24.539897 
12.737408 -46.801793 25.484284 
12.783348 -47.612289 26.068224 
13.718266 -47.809205 25.773008 
14.501927 -48.039407 25.196048 
14.032481 -47.169308 25.045884 
14.683631 -46.419304 25.162060 
14.293224 -45.882369 25.909912 
14.824700 -45.577847 26.700355 
14.010137 -45.909861 27.176018 
14.178257 -46.677282 26.557308 
14.695800 -47.322758 27.119011 
14.684756 -47.165816 28.106557 
-45.399576 25.221374 -31.068730 
-46.292365 24.896456 -31.380749 
-47.097889 24.616711 -31.903122 
-46.786744 25.173185 -32.673528 
-46.564525 25.513624 -33.587158 
-47.291587 26.187244 -33.719893 
-47.887142 26.154354 -32.917252 
-48.331470 26.413824 -33.774718 
-47.949663 26.666105 -34.663863 
-47.810473 27.656365 -34.667196 
-48.768523 27.508434 -34.421723 
-48.342080 28.374701 -34.161478 
-49.341898 28.360342 -34.148950 
-49.692491 27.924227 -33.320163 
-50.543731 27.721952 -32.835936 
-50.512555 26.977339 -33.502704 
-51.332774 26.825771 -34.054307 
-51.791885 27.111035 -34.895641 
-50.845030 27.001271 -35.197996 
-51.213141 27.489791 -35.989098 
-51.568337 26.749790 -36.560266 
-51.703165 25.779817 -36.357846 
-51.965984 24.860993 -36.652276 
-51.110395 24.496176 -37.019531 
-51.217455 23.743149 -37.668752 
-50.426010 23.451496 -38.205924 
-49.429658 23.374728 -38.243210 
-49.303746 22.683252 -38.954551 
-49.670167 22.689896 -39.884977 
-49.340442 22.395907 -40.782112 
-50.269962 22.031481 -40.725668 
-50.062707 21.155807 -41.161834 
-50.291408 21.156316 -42.135330 
-50.258591 22.135149 -42.337339 
-49.281435 22.315081 -42.450432 
-49.353212 22.068708 -43.416946 
-49.235592 21.889196 -44.393645 
-50.148574 22.140856 -44.714784 
-49.949402 22.992833 -45.199001 
-49.437699 22.177810 -45.470840 
-48.594208 22.463759 -45.925545 
-47.716798 21.985843 -45.883735 
-47.499055 22.282143 -44.953791 
-47.386353 22.236120 -43.961229 
-47.732513 21.377402 -43.583370 
-47.425166 20.806485 -44.344679 
-47.693398 20.130266 -45.030813 
-47.909883 19.283791 -45.517243 
-48.455748 19.209143 -44.682702 
-49.315913 18.958125 -44.238736 
-49.465755 17.969733 -44.263813 
-49.583219 18.448516 -43.393773 
-49.759152 18.215304 -42.437395 
-50.143350 18.913391 -41.833188 
-51.045349 19.318106 -41.983534 
-51.553596 18.812817 -41.286133 
-52.398374 19.322055 -41.450528 
-62.366356 64.479534 -24.547630 
-62.667167 63.692198 -24.009472 
-62.945195 63.617770 -23.051787 
-62.490849 63.344668 -22.203857 
-62.786309 64.035548 -21.544017 
-62.649267 63.675746 -20.621107 
-62.006503 64.080796 -19.970885 
-61.973744 64.816044 -20.647891 
-60.975050 64.866735 -20.641580 
-60.216676 65.168720 -21.219226 
-60.284256 65.867449 -21.931412 
-59.958019 66.586223 -21.317462 
-58.993365 66.849648 -21.324451 
-58.383815 67.242634 -20.635967 
-58.535800 67.996903 -21.274699 
-59.441362 68.052425 -21.695264 
-59.493626 67.865439 -22.676235 
-59.710268 68.647457 -23.260628 
-59.681822 69.457768 -23.845937 
-60.321096 70.097755 -24.272253 
-59.841647 70.656900 -24.948630 
-59.441209 70.672139 -24.032432 
-58.701131 71.068452 -24.575775 
-58.584147 71.591650 -25.419919 
-58.030880 71.930416 -24.658911 
-57.796962 71.446416 -23.815687 
-58.386746 70.678461 -23.565887 
-58.163517 69.727928 -23.781884 
-57.354904 69.785356 -23.196353 
-57.119981 68.826519 -23.355859 
-56.214285 69.100252 -23.679564 
-55.327861 69.399711 -24.032520 
-55.950580 69.791041 -24.710075 
-55.634660 69.117440 -25.378250 
-55.303288 69.791472 -26.038457 
-56.002375 70.444660 -25.747556 
-56.183732 71.314906 -26.205576 
-56.805506 70.619488 -26.565841 
-56.808539 70.412972 -27.544279 
-67.576656 -3.909826 -21.936430 
-67.629251 -4.570446 -22.685306 
-68.504975 -4.216896 -23.014108 
-68.607161 -4.470841 -22.052303 
-68.852372 -4.693205 -21.108679 
-69.071214 -4.036900 -20.386619 
-70.060279 -4.174615 -20.333835 
-69.598590 -4.842535 -19.750117 
-69.362975 -5.528748 -20.438302 
-69.186366 -6.105673 -19.640827 
-69.656221 -6.813413 -20.168408 
-70.241552 -6.286332 -20.784503 
-69.778538 -6.383340 -21.665530 
-69.040124 -6.199573 -22.314355 
-68.752810 -5.595059 -23.057331 
-68.061468 -5.475521 -23.769901 
-67.858284 -4.620330 -24.246729 
-66.875397 -4.575302 -24.068105 
-66.039074 -4.900064 -23.626412 
-65.925736 -4.969225 -24.617558 
-66.166962 -4.495290 -25.464432 
-67.096389 -4.743609 -25.737384 
-66.427558 -4.569998 -26.460243 
-65.713894 -3.938935 -26.764285 
-66.338401 -3.237645 -27.108063 
-67.261232 -3.527381 -27.361905 
-67.761878 -3.042258 -26.644960 
-67.619458 -3.179874 -25.664767 
-66.907143 -2.486099 -25.558546 
-66.624034 -2.863129 -24.676674 
-66.489080 -3.260667 -23.769067 
-66.897345 -3.913249 -23.130744 
-67.797240 -3.639165 -23.469960 
-68.584585 -3.193733 -23.043725 
-68.991407 -2.311829 -22.805517 
-68.000069 -2.198385 -22.871692 
-68.036148 -1.199947 -22.914354 
-68.271367 -1.249168 -21.943659 
-68.007430 -0.308468 -22.156776 
-68.588604 0.496993 -22.040714 
-69.493631 0.225233 -22.367933 
-69.683744 0.483232 -21.420677 
-70.638872 0.726458 -21.251647 
-71.284225 0.423456 -20.550427 
-71.120233 0.405027 -19.564138 
-70.916610 1.340178 -19.274260 
-69.936993 1.224727 -19.109881 
-69.134839 0.939536 -18.585271 
-68.429527 0.494730 -18.033290 
-67.465202 0.248663 -17.935682 
-66.798622 0.988843 -17.847337 
-66.438709 0.088888 -18.093395 
-65.853065 0.661031 -17.519223 
-64.927990 1.004361 -17.356862 
-64.785623 0.014716 -17.338588 
-64.053971 0.354469 -17.929565 
-63.228429 0.692856 -18.381200 
-62.760442 1.516650 -18.701124 
-63.257828 2.318353 -19.032605 
-64.178746 1.928679 -19.024616 
-64.395010 0.955960 -18.940671 
-65.315329 1.174569 -19.265051 
-65.535829 0.721968 -20.129072 
-64.935089 -0.052534 -19.930938 
-64.714139 -0.502637 -19.065728 
-65.510089 -1.106356 -19.110316 
-66.159373 -1.644314 -18.572700 
-66.340331 -1.825977 -19.539268 
-66.598385 -2.645315 -20.051218 
-67.204885 -2.219361 -20.722575 
-66.960333 -3.061493 -21.203208 
-66.366674 -3.790684 -20.862840 
-65.769859 -3.127717 -21.314821 
-65.327388 -3.880784 -20.827882 
-65.601016 -4.798488 -20.539879 
-64.834627 -4.902335 -19.905951 
-64.706681 -5.476118 -19.097000 
-64.366378 -5.475495 -18.156684 
-64.457963 -4.485996 -18.044857 
-63.530566 -4.393804 -18.407398 
-62.586185 -4.619081 -18.646970 
-62.293478 -3.769766 -18.207668 
-61.338621 -4.048942 -18.106134 
-60.463720 -4.115746 -17.626461 
-60.364445 -5.105124 -17.520280 
-60.202548 -5.690324 -18.314843 
-59.488648 -5.487704 -18.985135 
-59.545269 -6.400749 -19.389044 
-59.287076 -6.327765 -20.352377 
-58.690479 -5.688747 -20.837895 
-59.231201 -4.852761 -20.931426 
-58.482058 -4.656915 -20.298631 
-58.050229 -3.832253 -19.933313 
-57.051369 -3.866643 -19.900227 
-56.463606 -3.207656 -19.430896 
-56.055766 -2.560553 -20.075041 
-55.620467 -1.703284 -19.800077 
-54.941630 -2.231741 -20.309895 
-54.888334 -3.181902 -20.002725 
-55.494554 -3.066190 -20.789559 
-55.150300 -4.004732 -20.814593 
-55.606565 -4.780790 -21.249976 
-55.888714 -5.004608 -20.317079 
-56.644819 -5.583010 -20.010881 
-55.982267 -6.075992 -19.446973 
-55.437561 -5.303657 -19.120178 
-54.484970 -5.412425 -19.404324 
