2.456013 36.141251 26.761033 
1.604174 36.427199 26.322166 
1.565851 36.672652 25.353515 
1.527842 37.657874 25.186505 
1.489184 38.642892 25.018439 
1.204369 38.873308 25.948916 
2.197825 38.929327 26.048453 
3.128258 39.218874 26.273080 
2.717579 38.792477 27.079014 
3.376161 38.128790 26.724347 
3.327468 37.414870 27.422879 
2.523093 37.069849 27.906553 
1.536093 37.118099 27.753246 
1.073554 38.004694 27.755627 
1.285014 38.146407 26.788568 
0.471407 38.727487 26.808298 
-0.046708 39.579942 26.738455 
-0.861060 39.152821 26.345518 
-1.016498 38.381456 26.962636 
-0.922810 37.428562 27.251107 
-1.480934 36.770945 27.757109 
-2.319549 37.303277 27.641583 
-2.139413 37.423420 28.617860 
-2.201495 37.402806 29.615718 
-2.060133 37.547876 30.594989 
-2.084975 37.011323 31.438490 
-2.378354 36.215767 31.968602 
-1.969185 35.969157 32.847103 
-1.667183 36.897117 32.628733 
-1.344317 37.768435 32.998276 
-0.571986 38.403642 33.002311 
-0.104331 39.287057 32.972695 
-0.649516 40.124985 32.947181 
-1.065092 40.185787 32.039657 
-0.087153 39.986394 31.977386 
0.906004 39.894203 32.049089 
0.938707 38.924724 31.806109 
0.781305 37.948933 31.654260 
0.498091 37.262643 30.984337 
-0.151672 37.184679 31.740465 
-0.129790 36.637069 32.576913 
-0.553800 36.039226 33.257206 
0.243237 35.547635 32.906390 
0.808600 35.074189 33.581825 
1.278809 35.407953 32.764816 
0.997914 34.475345 32.538231 
1.486146 33.889397 31.891474 
0.637864 33.882929 31.361969 
-0.162441 33.283337 31.363318 
-0.551569 33.785089 30.590773 
-0.274099 34.745161 30.626440 
0.702052 34.707307 30.412672 
0.873533 33.802939 30.021888 
0.567284 32.854101 29.944949 
1.555895 32.725192 29.867282 
2.058256 32.425521 30.678349 
2.756126 33.140099 30.629802 
3.360756 32.486776 31.085425 
3.998873 32.618587 30.326853 
4.394422 31.749603 30.624186 
4.278226 30.908722 31.152786 
4.745707 30.746790 30.283741 
5.302927 30.878171 29.463836 
4.878535 30.023729 29.164134 
4.109708 29.433534 28.918016 
3.944941 30.229793 29.500102 
3.272376 30.101182 28.771326 
3.638678 31.029867 28.713301 
3.378981 31.651278 27.974108 
2.987907 31.551492 27.059175 
2.045349 31.246391 26.923170 
1.712523 32.187946 26.975145 
1.172832 32.969517 26.662288 
0.421279 33.093518 26.014374 
0.607233 34.023067 26.332744 
0.652870 34.251336 25.360216 
-0.346994 34.267601 25.363129 
-1.242075 33.824053 25.317358 
-1.994193 34.080608 25.924399 
-1.375952 34.748463 26.338824 
-1.841321 35.267069 25.621552 
-2.377178 34.603984 25.098889 
-2.415288 33.990572 24.310046 
-1.841730 34.787281 24.119558 
-1.207136 34.050968 23.884754 
-0.838467 33.193162 24.242878 
-1.621006 32.656544 24.558588 
-2.599307 32.472731 24.654195 
-3.500718 32.492891 25.086690 
-4.407145 32.739332 24.743678 
-5.006674 32.336021 24.052370 
-4.060220 32.228999 23.747784 
-4.146941 32.537693 22.800584 
-3.756870 33.453672 22.894537 
-4.361212 34.005696 23.469028 
-4.282963 34.507997 22.607883 
-4.148758 33.914676 21.814184 
-4.957319 34.079882 21.249440 
-4.842476 34.788529 20.553286 
-5.588359 34.180299 20.281782 
-6.033289 33.684614 19.535904 
-6.830261 33.082434 19.488838 
-7.272770 32.951173 20.375943 
-6.937763 32.080378 20.735786 
-7.466487 31.470423 21.326044 
-7.405045 31.708896 22.295248 
-6.410190 31.711254 22.396531 
-6.673786 30.961257 23.003179 
-7.538965 31.247388 23.414998 
-7.524937 30.629252 24.200944 
-8.222771 30.346810 23.542723 
-8.973483 29.909223 24.037647 
-9.937743 29.644837 24.055018 
-10.765943 29.679788 23.495675 
-10.652543 28.824101 24.000592 
-10.551860 28.216592 24.788498 
-10.711524 28.830352 25.561678 
-10.740738 28.120186 26.265105 
-10.091671 27.611639 25.699337 
-9.868965 26.641894 25.599353 
-8.876286 26.581500 25.703953 
-8.888444 27.565515 25.526286 
-8.641772 28.070119 26.353649 
-8.255067 -27.846169 -42.303567 
-8.539345 -27.076067 -41.732490 
-8.755622 -26.515119 -42.531590 
-9.347519 -26.261434 -43.296640 
-9.778799 -26.863109 -43.968939 
-9.070605 -27.406280 -43.517911 
-8.630541 -28.260855 -43.242147 
-9.156487 -28.442813 -42.411321 
-9.778094 -29.032910 -42.926483 
-10.222267 -28.360128 -42.334812 
-10.311723 -27.855790 -41.475952 
-11.214697 -27.429245 -41.424003 
-11.940149 -28.117387 -41.437362 
-11.839412 -27.609544 -42.292901 
-12.670032 -27.086184 -42.483072 
-13.072157 -26.399793 -41.877132 
-13.424975 -27.172131 -41.348915 
-13.650145 -27.410193 -40.404127 
-14.470532 -26.847610 -40.301824 
-14.726433 -27.023099 -39.351183 
-14.789479 -27.994642 -39.122862 
-13.829249 -27.978007 -38.844149 
-12.897336 -28.311770 -38.702231 
-12.988950 -29.121894 -39.281286 
-13.282595 -30.013572 -39.625791 
-12.544721 -30.272741 -40.248987 
-12.995056 -31.084480 -39.877132 
-12.732379 -31.313974 -40.814327 
-13.172617 -32.123892 -40.426741 
-13.158541 -32.049663 -39.429599 
-12.297836 -31.552081 -39.321898 
-11.572191 -31.041791 -39.783465 
-11.795127 -31.642629 -40.551119 
-11.570739 -31.376403 -41.488548 
-11.698074 -32.182926 -42.065876 
-11.402287 -32.960240 -41.510634 
-10.969765 -33.603177 -40.878529 
-11.271865 -34.176743 -40.117111 
-11.260897 -34.653522 -39.238156 
-10.811824 -34.299267 -38.417890 
-9.834454 -34.445228 -38.264776 
-9.970104 -34.326926 -39.248445 
-9.851782 -34.844247 -40.096017 
-8.974871 -34.790306 -39.618401 
-8.578094 -33.948187 -39.253157 
-8.346308 -33.039224 -38.906657 
-7.619835 -32.387987 -38.687279 
-8.037471 -31.512421 -38.930105 
-8.955466 -31.715948 -38.589718 
-8.907782 -31.386484 -39.532682 
-9.547437 -30.932082 -40.152650 
-10.008753 -30.473623 -39.393043 
-9.988321 -31.011338 -38.550164 
-10.442000 -31.857074 -38.269261 
-10.437124 -32.755405 -37.829969 
-11.019113 -33.168803 -38.530248 
-11.285428 -33.456674 -37.610354 
-12.092031 -34.045799 -37.658546 
-12.660445 -34.078647 -36.836459 
-12.482004 -34.796750 -36.163788 
-11.932555 -34.884236 -36.994722 
-11.099247 -34.884400 -36.441914 
-11.226236 -33.896209 -36.356164 
-11.281281 -33.004098 -35.907714 
-11.367109 -32.135298 -35.420045 
-11.815544 -31.427205 -34.874601 
-12.716799 -31.651760 -35.245162 
-13.283324 -32.444538 -35.020324 
-12.667559 -32.753665 -35.745082 
-12.251548 -31.964779 -36.197402 
-11.958339 -31.790122 -37.137361 
-12.460093 -30.946667 -36.945457 
-13.111961 -31.013353 -36.190063 
-13.699304 -31.071249 -35.382798 
-13.527478 -31.912150 -35.895985 
-14.287926 -31.365088 -36.245903 
-14.706172 -32.120730 -35.741844 
-15.303317 -31.772627 -35.019180 
-15.353751 -32.185903 -34.109971 
-16.129234 -32.313641 -34.728284 
-16.938220 -32.473794 -35.293874 
-17.099123 -31.486832 -35.297953 
-17.297690 -31.886359 -36.192910 
-16.826773 -32.669061 -36.599869 
-17.825184 -32.629658 -36.640155 
-18.338259 -32.004565 -37.228383 
-17.811637 -31.747866 -38.038800 
-17.972762 -30.776084 -38.211074 
-17.422250 -30.243551 -38.853994 
-17.329704 -29.469476 -38.227700 
-18.189864 -29.827816 -37.864772 
-18.219713 -28.828361 -37.850683 
-19.104542 -29.232989 -37.619699 
-19.835201 -28.888619 -37.030168 
-20.314178 -28.239784 -37.621434 
-20.884249 -28.169764 -38.440040 
-20.583386 -27.222078 -38.546684 
-20.169620 -26.313930 -38.482926 
-19.532560 -25.791168 -39.049383 
-20.310793 -25.579841 -39.640732 
-20.127703 -24.907221 -38.923752 
-19.299103 -24.452406 -39.250194 
-19.763898 -23.754641 -39.795253 
-19.753893 -23.672080 -38.798718 
-18.863040 -23.273269 -38.581164 
-17.868907 -23.305262 -38.684487 
-18.092904 -23.120222 -37.727625 
-17.916704 -22.144040 -37.854208 
-18.807851 -21.766247 -38.105465 
-18.815745 -21.788871 -39.105178 
-19.064837 -22.309921 -39.921549 
-20.032899 -22.559470 -39.945658 
-20.800763 -22.539115 -39.305370 
-20.366967 -22.781073 -38.437454 
9.534093 -26.721209 5.394033 
10.340238 -26.946401 4.846841 
9.823686 -26.925538 3.990840 
9.809349 -27.482691 3.160553 
8.971674 -26.952025 3.031346 
9.103243 -26.201417 2.383831 
9.423266 -25.805468 3.244534 
10.030445 -25.176236 3.729715 
10.365847 -24.235739 3.784233 
11.284241 -24.631052 3.800968 
10.958077 -25.379730 3.223822 
11.620769 -26.035321 3.585814 
12.530170 -25.814696 3.938397 
11.765229 -25.371826 4.406083 
11.827700 -26.335038 4.667465 
11.939596 -26.266788 5.658838 
11.600516 -26.950036 6.305520 
11.381603 -26.642619 7.231572 
10.721568 -27.241285 6.777752 
9.732613 -27.388663 6.761998 
10.083184 -26.467644 6.931777 
9.501751 -26.016350 6.254821 
9.128532 -25.204708 5.805439 
9.064017 -24.718497 6.676896 
9.177186 -24.109283 5.892006 
10.020571 -24.148989 5.356165 
10.930612 -23.735718 5.388280 
11.177989 -23.337512 6.271590 
10.661461 -22.547735 5.940756 
11.153274 -22.470076 5.073524 
11.938743 -22.677008 5.656806 
12.441804 -23.469472 5.311943 
13.016518 -24.183268 5.712190 
13.550039 -24.665007 5.017004 
13.739318 -23.766184 4.621668 
14.001491 -23.594350 3.672069 
13.708599 -22.832430 4.249730 
13.096316 -22.835084 3.459096 
12.635748 -22.289728 2.758764 
11.992934 -23.050195 2.666674 
11.288213 -22.505451 3.121231 
12.073023 -22.498206 3.740925 
11.799349 -21.548451 3.892809 
11.711617 -20.724603 4.452789 
12.388939 -20.032250 4.701550 
11.816451 -19.261317 4.980691 
11.765381 -19.475221 4.005172 
10.967727 -18.889118 4.147409 
10.760218 -18.076468 3.602854 
10.325143 -18.078947 4.503245 
10.401228 -17.703879 5.427115 
11.100681 -16.989545 5.404924 
11.404988 -17.926740 5.234444 
11.543017 -18.269168 6.163794 
11.572203 -18.966312 6.880131 
11.060941 -19.749062 6.525289 
12.058424 -19.807337 6.565682 
12.998126 -19.753540 6.903418 
13.126343 -19.122675 6.138193 
14.088240 -19.261725 5.902779 
14.550649 -18.569629 6.457018 
13.917504 -17.807997 6.319018 
12.997190 -17.710793 5.940108 
13.386369 -17.016236 5.335022 
13.854066 -16.420822 5.988277 
14.391585 -17.038301 5.414001 
14.966190 -16.220239 5.389454 
15.219996 -16.471798 6.323424 
15.467539 -17.352431 5.919432 
15.567233 -17.999121 6.675642 
15.824269 -17.843733 7.629469 
16.422585 -18.451771 7.107638 
17.044677 -19.074795 6.633462 
17.083271 -19.375356 5.680481 
16.867008 -19.783971 4.793765 
16.770681 -20.143287 3.865534 
16.300784 -19.276862 4.034363 
15.405421 -18.979512 4.365888 
14.465602 -19.155489 4.073020 
13.507337 -19.391039 3.911014 
13.735065 -20.356319 4.038974 
14.338902 -19.959196 3.347835 
14.328551 -20.191540 2.375257 
13.422854 -19.784025 2.492066 
12.967998 -19.008303 2.054617 
13.557363 -18.210602 1.926856 
13.483659 -17.312362 1.493574 
13.076923 -18.032568 0.931551 
12.954843 -18.577852 0.102237 
13.515712 -19.058663 0.776215 
13.913274 -19.973565 0.706220 
12.931142 -20.144009 0.626439 
12.573053 -20.197796 -0.305698 
13.110638 -19.740589 -1.014192 
13.110974 -18.885671 -1.532955 
13.989110 -18.913503 -2.010556 
14.931397 -19.142805 -1.766599 
14.719650 -19.999741 -1.296680 
13.887218 -20.276085 -1.776982 
13.514724 -20.902760 -2.461473 
12.757928 -21.135085 -1.850503 
-1.832467 31.740551 -14.632567 
-2.800899 31.610543 -14.845259 
-2.960883 30.865612 -15.492933 
-2.587739 30.278211 -16.211073 
-1.790090 30.310470 -15.608814 
-1.425414 29.496956 -16.061811 
-0.950433 28.648373 -16.294838 
-0.161450 28.587759 -16.906256 
-0.256651 29.528104 -16.579624 
0.072220 29.589004 -17.522033 
-0.226420 29.772574 -18.458577 
-0.287462 30.763857 -18.341818 
-0.814952 31.447158 -18.846648 
-1.252640 31.381639 -17.949912 
-2.175208 31.753217 -17.845991 
-1.763410 31.282995 -17.065405 
-0.885844 31.463158 -16.621088 
-0.355126 30.954850 -17.299293 
0.235642 31.678118 -17.656893 
0.474011 32.553448 -18.077580 
1.264203 32.018551 -18.376712 
1.629542 32.892800 -18.057002 
1.107359 33.226412 -17.272127 
0.727753 34.072691 -17.645906 
1.229710 34.122930 -18.509338 
2.215606 34.268956 -18.591099 
2.209221 33.438534 -19.148198 
3.014278 33.023694 -19.572216 
2.874276 33.889425 -20.052746 
2.331957 33.777359 -20.885411 
2.825783 33.682011 -21.749728 
2.114732 32.985399 -21.845327 
1.813612 32.054628 -21.637983 
1.465302 31.250212 -22.119227 
1.382734 30.624991 -21.343159 
2.353631 30.549692 -21.115806 
2.178460 30.914014 -20.201156 
2.818021 30.568896 -19.514238 
2.126829 30.518209 -18.793347 
2.175185 29.520107 -18.755210 
3.109267 29.275010 -19.014858 
2.731105 28.435189 -18.625381 
2.930000 28.200450 -19.576873 
2.434438 28.967753 -19.983893 
3.323461 29.366062 -20.209700 
3.658723 28.447457 -20.418899 
4.376244 28.200436 -19.767636 
4.778408 28.130982 -20.680566 
5.160500 27.233877 -20.458735 
5.954183 27.223962 -21.066986 
6.288901 26.532087 -21.706731 
6.631011 25.592627 -21.687364 
5.633023 25.646762 -21.654352 
4.781335 25.315240 -22.060210 
5.349105 25.135373 -22.863507 
6.236288 24.676169 -22.908651 
5.743173 24.326972 -22.111845 
6.610213 24.577530 -21.681192 
6.050731 24.992099 -20.963480 
5.564066 24.127268 -20.840096 
4.844199 23.989997 -21.520499 
3.945810 23.591159 -21.704416 
3.886525 24.090296 -22.568909 
3.045269 24.481821 -22.941731 
3.337488 25.033265 -23.723088 
3.349904 25.983040 -23.410403 
2.557212 26.561486 -23.217942 
2.728399 26.661460 -24.198096 
2.461266 26.218677 -25.054006 
3.459242 26.155147 -25.056827 
3.811434 26.957224 -24.574506 
3.717014 27.952738 -24.580588 
3.968929 28.167763 -23.637030 
3.096544 28.569873 -23.914972 
2.996269 29.272807 -24.619123 
2.652847 28.364791 -24.859056 
2.111626 29.081785 -25.298373 
1.828743 28.866864 -26.233139 
2.822913 28.894334 -26.128877 
3.683460 29.253011 -26.490554 
2.928350 29.411436 -27.126723 
2.713510 30.111570 -27.807646 
2.233508 29.244543 -27.941300 
3.056910 28.718190 -28.153344 
2.234589 28.555595 -28.698644 
1.950006 28.192347 -29.585810 
2.115645 28.737547 -30.407589 
3.016821 29.098576 -30.167717 
3.762446 28.837476 -30.780799 
4.353709 29.024070 -31.565395 
3.470637 28.606597 -31.779636 
2.512548 28.378539 -31.953003 
2.609809 29.354215 -31.756541 
2.594022 30.263581 -32.172238 
2.848259 31.151840 -32.554807 
3.289022 31.678867 -31.828192 
3.252127 30.744050 -31.474983 
3.478579 31.303799 -30.677863 
20.956893 74.097151 8.231733 
21.648571 74.689124 7.818032 
21.981393 75.584574 8.113667 
22.735723 76.177734 7.832335 
22.651146 77.063424 8.288845 
22.835100 77.104790 9.270909 
23.236888 77.109489 10.186630 
23.427751 77.881352 10.793095 
23.380900 77.794979 11.788255 
22.762395 77.030048 11.608442 
23.203505 76.184842 11.306700 
22.446462 75.590782 11.578689 
22.489230 75.422252 10.593921 
22.139336 74.978853 9.768711 
22.639144 74.157414 10.043355 
23.274540 74.769837 9.573024 
24.155211 75.119723 9.253652 
24.829748 74.407899 9.057930 
25.452962 75.162925 9.261746 
25.019157 76.053769 9.126805 
25.105377 75.586941 8.246671 
25.995539 75.837713 7.866245 
26.820104 75.326666 7.623501 
26.373509 74.693561 6.991258 
26.547726 74.114308 7.787571 
26.700396 73.216999 7.373410 
25.809060 72.918491 7.032216 
25.184579 72.155517 6.865197 
24.435259 72.086899 7.523840 
25.266473 72.495342 7.901011 
25.016301 73.377035 8.301051 
24.284226 73.974063 7.972991 
23.479141 74.523082 7.748456 
23.416765 74.084222 8.644844 
22.571073 74.552928 8.389658 
22.278657 73.622976 8.166761 
22.539999 73.998318 7.277481 
21.762150 74.415125 6.807136 
21.070773 75.117161 6.636428 
21.674071 75.132121 5.839052 
22.448677 75.704039 6.109043 
22.922181 75.452364 6.953113 
23.900430 75.524555 6.758650 
24.492509 74.843657 6.327581 
25.139541 74.134882 6.608627 
25.759282 73.828698 5.886012 
26.686307 74.200644 5.933768 
27.476531 74.622650 5.489406 
28.093757 74.175256 4.842204 
28.809808 74.210821 4.145062 
28.358532 73.320899 4.211303 
27.984905 73.661587 3.348555 
27.613026 74.370128 2.748825 
26.912309 75.057468 2.557622 
26.723797 75.237796 3.522995 
25.828765 75.148610 3.086002 
25.491238 74.646603 3.882284 
24.837927 73.889718 3.864697 
23.973215 73.491449 4.170728 
23.972350 74.477073 4.339678 
24.462711 74.348370 5.201642 
23.469394 74.259150 5.274870 
22.627315 73.721392 5.233413 
22.096673 74.400251 4.725899 
21.603729 73.541102 4.588532 
21.224688 73.927484 5.429386 
20.774065 74.818282 5.487843 
20.243352 74.416093 6.233892 
19.755193 75.067999 6.814167 
19.747840 75.887138 7.387715 
18.748785 75.898820 7.429576 
17.798595 75.726403 7.169940 
17.135462 74.991498 7.027925 
16.853140 74.065743 6.776382 
16.056076 74.057363 6.172546 
15.511248 73.230453 6.033328 
15.520307 72.897121 6.976094 
15.521164 71.897357 6.954380 
14.981924 71.781831 7.788571 
15.581521 72.082226 8.530357 
16.166130 72.352736 7.765467 
16.566872 71.473565 8.023272 
17.003945 70.586515 7.874575 
17.626100 69.835383 8.095310 
16.777317 69.307091 8.073521 
16.471222 68.474700 8.535506 
15.978290 67.993670 9.260509 
16.660417 68.151334 9.974543 
15.783843 68.334300 10.419674 
14.818942 68.095287 10.528488 
15.098010 67.577127 11.336962 
15.311782 68.120214 12.148971 
14.538982 67.942686 12.758285 
15.334161 67.577946 13.242697 
16.290609 67.869696 13.233267 
21.702293 50.624451 53.338033 
21.293857 50.997541 52.504976 
21.403816 51.817275 51.942886 
22.310715 52.220634 51.821082 
22.560580 52.396034 50.868821 
23.508552 52.100558 50.750314 
23.884735 51.544294 51.491298 
24.563653 52.163469 51.885878 
24.974156 52.171838 50.974057 
25.037436 53.038238 51.469381 
25.853863 53.513223 51.140997 
26.009473 52.589237 50.791661 
25.691783 52.396761 49.863207 
26.363771 52.384802 49.122742 
25.982692 51.461158 49.163472 
25.484629 50.962340 48.454166 
25.355150 49.976783 48.345022 
25.068867 50.351146 47.463039 
26.066035 50.383954 47.395365 
26.671910 51.087639 47.766502 
27.589843 51.476371 47.687223 
28.026392 50.621237 47.966812 
28.737391 51.257161 48.266946 
28.970186 50.543547 48.927674 
29.010444 49.662528 48.456309 
28.745283 49.023745 47.734059 
28.807935 48.218264 48.323359 
28.918529 47.670540 49.152676 
29.759329 48.050523 48.767100 
29.178840 48.777400 49.134091 
28.229488 48.908590 48.848574 
27.444028 49.393877 48.464454 
26.605582 49.066042 48.899807 
26.944307 48.128434 48.821346 
26.086778 47.615003 48.789207 
26.440964 47.898512 47.898042 
25.593140 48.424240 47.828726 
24.744941 47.922977 47.999881 
24.509390 47.924855 47.028021 
23.966841 48.755344 47.154228 
23.124210 48.216928 47.163238 
22.512220 48.421663 47.927144 
22.306113 49.118749 48.613868 
22.778682 49.904094 49.013759 
23.150690 50.747359 49.401720 
23.789997 51.332156 49.901018 
23.910139 52.273450 49.585532 
24.094618 53.250810 49.689142 
24.243376 54.170699 50.052014 
25.033623 53.901460 50.602487 
24.996075 54.100043 51.581852 
24.341512 54.702499 52.038573 
23.669349 55.027577 51.373350 
23.837380 55.601047 50.571542 
23.717582 55.935151 49.636650 
23.490129 54.976152 49.805722 
24.032447 55.195853 48.994783 
24.571296 54.895129 48.207886 
25.257429 55.556827 47.905601 
25.676330 55.225415 48.750993 
26.577749 55.645357 48.645667 
26.777561 55.636396 49.625461 
27.476922 55.192637 49.065129 
27.607008 54.429111 49.697669 
28.417097 54.834217 50.121515 
28.743754 54.122406 50.743303 
29.373671 53.383242 50.504892 
28.573325 52.796913 50.630047 
27.581100 52.688664 50.691456 
28.075592 52.492930 51.538312 
28.513734 52.677956 52.417969 
28.334480 53.633298 52.652894 
29.219219 53.510337 52.203319 
29.939329 54.083629 51.812452 
30.703727 53.725597 51.276254 
30.752233 53.768772 50.278365 
31.328474 52.978786 50.068916 
31.100300 53.260621 49.136980 
30.196863 53.331622 48.714180 
30.708113 53.091765 47.888896 
30.770531 54.021153 48.252684 
29.995695 54.375047 47.728863 
30.597910 54.367986 46.930560 
31.095553 53.514689 46.774881 
30.407038 53.464700 46.051383 
30.251001 52.528553 45.736292 
30.806102 52.454869 46.564805 
31.663340 52.776393 46.162604 
32.297323 53.115793 45.467713 
31.873084 53.071663 44.563239 
31.141299 53.353116 43.942534 
30.257174 53.432099 43.482007 
29.745465 54.065461 42.901483 
29.058532 54.023016 42.176003 
56.152293 27.520951 20.188033 
55.782398 27.260761 19.296137 
55.511563 26.834355 18.433103 
55.090946 27.137915 17.578157 
54.150697 26.804404 17.509591 
53.776676 27.321082 18.279755 
53.980522 28.288886 18.427408 
54.345822 28.001838 17.541881 
53.962839 28.860123 17.200309 
54.642343 29.022078 16.484736 
55.447982 29.434900 16.909616 
55.255369 30.265483 16.387092 
55.526050 30.564833 17.302035 
56.153377 31.250874 16.933514 
56.971314 30.684713 16.831330 
56.534613 29.788292 16.906976 
56.923956 29.276695 16.141025 
57.743577 29.691052 15.745385 
58.070338 28.950168 15.158598 
58.755336 28.389513 14.693362 
58.161203 27.753257 15.185486 
58.396527 26.880042 14.758733 
58.920664 26.313674 14.122724 
59.376872 25.609912 14.667326 
60.055532 26.309904 14.444993 
60.980243 26.016970 14.201890 
60.982672 25.016973 14.201862 
61.166012 25.424191 13.307121 
61.338848 26.273830 12.808884 
60.995088 26.876610 13.528944 
60.545789 27.533032 14.134947 
60.296877 28.067043 13.326940 
61.204048 28.084054 12.906521 
61.259960 29.016547 13.263355 
61.076607 29.506091 14.115839 
61.296953 28.556036 14.336843 
62.139401 28.021109 14.401143 
61.762602 27.371289 15.061262 
62.618307 26.890498 15.252596 
63.399757 26.269839 15.188412 
64.367134 26.049470 15.313385 
64.595143 27.019244 15.226500 
65.409988 27.583117 15.092055 
65.900750 27.191342 14.313810 
65.646191 26.282312 13.983864 
66.463435 26.475082 13.440770 
66.512256 26.905420 12.539424 
65.672898 27.447750 12.502598 
65.062137 27.472588 13.294024 
64.161450 27.906637 13.313131 
63.718054 28.580213 13.904481 
63.599541 28.233147 14.834804 
63.509772 27.659811 15.649192 
63.564735 27.259216 16.563797 
64.220259 27.070298 17.294959 
64.687787 27.472899 18.081934 
65.021994 26.899970 18.830304 
65.860761 26.986369 18.292712 
65.101338 26.437498 17.943402 
65.735525 25.676862 18.082106 
65.863080 25.755981 19.070777 
66.687082 26.213351 18.736361 
66.323392 26.996191 19.241229 
66.493929 27.745110 18.600887 
66.236102 28.663495 18.901042 
66.703701 29.230408 18.222837 
65.992833 29.852630 18.550720 
65.739085 30.819901 18.550499 
65.783171 31.175591 17.616936 
66.007358 32.123752 17.842171 
65.781751 32.605632 18.688867 
66.489965 33.203821 18.313895 
66.413999 34.013703 18.895548 
66.517167 33.421710 19.694860 
66.111015 32.545625 19.954699 
65.174733 32.855237 20.120583 
65.186118 33.846655 19.990349 
65.255728 34.622185 20.617810 
66.084860 35.172726 20.520623 
66.813543 34.840343 19.921839 
67.761260 34.914932 20.232113 
67.991210 34.685732 19.286285 
68.270476 34.090082 18.533150 
68.903143 33.826454 17.804980 
68.512349 33.587580 16.916036 
68.510430 33.011861 16.098391 
68.849789 32.969384 15.158694 
68.933235 32.164846 14.570685 
69.319743 32.885383 13.994979 
69.386532 33.871124 13.840530 
69.738419 33.636655 12.934329 
12.923493 17.441651 -81.280467 
13.563364 18.195126 -81.431593 
12.672281 18.623834 -81.282662 
11.709357 18.854309 -81.142456 
11.235506 17.974264 -81.111068 
10.651755 18.729014 -80.811758 
9.966781 19.420813 -80.583232 
10.191905 20.052091 -81.325396 
10.346742 20.960706 -80.937524 
9.358247 21.059816 -80.823263 
8.591968 20.998561 -80.183683 
9.341276 20.566246 -79.682045 
9.249719 21.445518 -79.214607 
8.518034 22.103991 -79.038399 
8.804068 23.030997 -78.795820 
9.516942 22.555171 -78.280650 
9.590651 21.596192 -78.006925 
9.415704 21.649309 -77.023781 
10.028121 20.892597 -77.252544 
10.841337 21.134659 -76.723313 
11.068155 20.881975 -77.663901 
11.634655 21.636833 -77.333345 
12.031456 22.043385 -78.156306 
11.283737 21.973680 -78.816653 
11.630264 22.405245 -79.649522 
10.905804 22.453217 -80.337169 
10.934821 21.626461 -79.775357 
10.786866 20.660196 -79.986168 
11.068249 19.704048 -80.067438 
11.867640 20.123718 -80.497382 
12.213703 20.895491 -79.963896 
13.005496 21.027959 -80.560147 
13.892734 20.692837 -80.243126 
14.815640 20.968666 -79.974497 
14.324850 21.524824 -80.645179 
13.913392 21.680697 -81.543180 
14.043587 21.163254 -82.388935 
13.799606 20.440219 -81.742643 
13.061582 21.106723 -81.637318 
12.817757 20.136952 -81.647024 
12.090687 20.692429 -82.050526 
11.784608 19.755489 -81.881832 
11.417975 19.343779 -82.716144 
10.529575 19.497761 -83.148620 
9.816760 19.094075 -82.575093 
9.173894 18.887894 -81.837386 
9.294837 17.944446 -81.528713 
9.422442 17.539752 -82.434219 
8.859291 16.798712 -82.799896 
7.934435 16.443656 -82.663595 
8.156389 16.145757 -83.592031 
8.309035 15.834392 -84.529981 
9.110511 15.251149 -84.662134 
9.393233 14.316246 -84.447603 
8.972587 14.002639 -83.596305 
9.240446 13.291729 -82.946029 
8.586568 12.944712 -83.618355 
7.796061 13.039542 -83.013288 
7.222442 13.645150 -83.564831 
7.198003 14.033173 -84.486156 
7.149615 14.899269 -84.983687 
7.676870 15.144251 -85.797313 
7.711664 15.410754 -86.760519 
8.260344 14.587193 -86.904389 
7.942745 14.175523 -87.758590 
8.562954 14.703461 -88.338782 
9.325469 15.340121 -88.453821 
9.774237 15.177027 -89.332461 
8.866166 15.524654 -89.566051 
8.416286 15.772377 -88.708006 
8.286031 16.361487 -89.505491 
7.359858 16.650633 -89.747565 
7.077798 17.589012 -89.547851 
6.215894 17.905922 -89.152010 
6.202023 18.905695 -89.168197 
5.822966 19.215575 -90.040143 
5.585334 20.131230 -90.364347 
6.489266 19.916326 -90.734107 
6.203469 19.074745 -91.192433 
6.955096 18.715466 -91.745583 
7.590944 19.462230 -91.550545 
32.881493 20.842451 -33.891167 
33.522449 21.189932 -34.575588 
34.412130 20.921523 -34.944942 
34.962554 20.857613 -34.112507 
34.652715 19.925063 -34.297844 
35.139018 19.939887 -33.424180 
35.634165 19.390893 -32.750805 
36.092681 19.186455 -31.885953 
36.064444 18.404025 -32.508051 
35.366440 17.733211 -32.758648 
36.223725 17.296282 -33.030960 
35.710888 16.893129 -32.273025 
36.066897 16.444023 -31.453536 
36.944251 16.535926 -31.924498 
36.973656 15.865422 -32.665820 
36.590244 15.383341 -33.453598 
36.484912 15.169124 -34.424688 
35.895839 14.630322 -33.822455 
36.793506 14.211043 -33.686816 
37.604676 13.645020 -33.539774 
36.933170 13.190949 -34.125349 
36.475867 12.909912 -34.969086 
36.752039 13.007121 -35.925266 
36.118462 13.780729 -35.914764 
35.479174 13.701170 -36.679605 
35.093640 13.764182 -35.759066 
34.663221 14.490356 -35.222959 
33.856538 14.216329 -35.746573 
33.161234 14.899019 -35.971269 
32.628561 15.652683 -35.586237 
33.559088 15.645774 -35.220081 
34.260342 15.267516 -34.615793 
33.770534 15.624403 -33.820355 
33.526084 14.719852 -34.169685 
32.714822 14.257727 -33.811501 
32.052110 14.909849 -34.179671 
31.866925 15.693350 -34.772825 
32.646680 16.268465 -34.525386 
33.271416 16.954209 -34.151942 
32.557092 17.116265 -33.471149 
32.737953 16.929215 -32.505591 
31.783250 16.638232 -32.443365 
32.012119 16.157961 -31.596631 
32.095805 15.342922 -32.169963 
32.355626 14.976784 -33.063515 
32.728392 14.197667 -32.559509 
33.051309 13.422075 -33.101894 
33.410674 13.511500 -32.172991 
33.441992 14.303127 -31.562789 
34.322348 14.734805 -31.366249 
34.931166 14.636242 -30.579086 
35.447642 15.477113 -30.740913 
35.229783 16.230811 -30.120851 
34.460099 16.768802 -30.464582 
34.905194 17.645578 -30.282495 
35.176091 17.200109 -31.135824 
35.327765 18.170356 -31.324545 
34.364212 18.046449 -31.561637 
33.935749 17.730522 -30.715109 
33.446760 17.075240 -31.290865 
32.607252 17.611620 -31.204137 
31.769534 17.572706 -30.659422 
31.887956 18.358729 -31.266171 
32.330487 18.059184 -32.111415 
32.453044 19.048449 -32.191005 
31.933350 19.167780 -33.036982 
32.537073 19.452873 -33.781456 
32.027433 19.637853 -34.621723 
32.071437 19.689428 -35.619423 
32.204587 20.680374 -35.602165 
32.815021 21.237228 -36.165444 
32.888873 20.265601 -36.390137 
32.676798 19.760758 -37.226892 
31.806401 20.125946 -37.557113 
31.005660 20.652044 -37.270697 
30.828283 20.164506 -38.125591 
31.320922 20.203181 -38.994965 
31.163606 19.230310 -39.164593 
-31.441707 -51.478649 -38.751567 
-32.019396 -51.495402 -39.567652 
-32.925841 -51.537558 -39.147436 
-32.814774 -52.479035 -39.465690 
-31.919837 -52.856843 -39.703070 
-31.349784 -52.374700 -40.368336 
-31.887396 -52.808912 -41.091131 
-31.661770 -53.305217 -41.929447 
-32.542309 -52.833421 -41.974823 
-33.413850 -52.433525 -42.258546 
-34.012478 -51.809685 -42.761009 
-33.274305 -51.853458 -43.434198 
-33.642226 -51.026197 -43.858784 
-34.015838 -51.034359 -44.786333 
-34.223662 -50.128450 -44.417363 
-34.995925 -50.590193 -43.981010 
-34.991006 -49.996581 -43.176274 
-35.520813 -49.210642 -42.857518 
-35.116551 -48.775897 -43.662235 
-35.713031 -48.127094 -44.134745 
-35.283624 -47.524607 -43.461975 
-35.333720 -46.870172 -44.216432 
-35.756987 -45.969278 -44.120332 
-34.795888 -45.794604 -44.334288 
-35.059602 -44.895128 -44.682711 
-35.738238 -44.215947 -44.403130 
-35.687251 -44.469096 -43.437047 
-36.016657 -44.619205 -42.504867 
-36.126128 -44.601051 -41.511043 
-35.756389 -45.401365 -41.039038 
-36.578070 -45.922533 -40.808333 
-36.768018 -46.628166 -41.490977 
-36.166041 -47.420016 -41.593913 
-35.572621 -48.219257 -41.498688 
-35.742083 -49.202005 -41.572766 
-34.790635 -49.498300 -41.489362 
-35.213405 -50.403900 -41.523329 
-34.961472 -51.257385 -41.979501 
-35.767328 -51.803540 -42.208216 
-36.180067 -51.239483 -42.923399 
-36.411679 -50.542875 -43.602437 
-35.950424 -50.452206 -44.485060 
-35.924092 -51.150255 -45.200625 
-35.987987 -50.267387 -45.665880 
-35.410630 -49.862334 -46.374815 
-35.414755 -49.665549 -47.355254 
-34.495199 -49.895406 -47.673975 
-33.897624 -49.889941 -46.872180 
-33.541092 -50.625784 -46.296490 
-33.636873 -51.215996 -47.098035 
-32.761131 -51.564938 -47.431674 
-33.405711 -52.314530 -47.281247 
-34.197148 -52.634671 -47.801954 
-35.071405 -53.117344 -47.749962 
-35.974199 -52.689567 -47.705577 
-36.843057 -52.214111 -47.843518 
-37.683381 -52.740400 -47.713608 
-37.161773 -53.228026 -48.413713 
-37.725744 -52.462956 -48.724523 
-38.471494 -52.402828 -49.388031 
-39.081631 -51.974832 -48.721283 
-39.474295 -51.234675 -48.175406 
-38.554907 -51.124269 -48.552944 
-38.080388 -51.343028 -49.405574 
-38.474607 -50.488120 -49.742803 
-38.599723 -50.034365 -48.860504 
-39.001327 -50.057444 -47.944981 
-39.079963 -49.442046 -47.160697 
-38.107753 -49.654060 -47.061409 
-37.205402 -49.223474 -47.042490 
-37.382959 -48.257606 -46.853881 
-37.296022 -48.683876 -45.953473 
-38.236076 -48.348828 -46.017045 
-37.988777 -47.390518 -46.160172 
-38.827907 -47.521065 -46.688205 
-38.244540 -47.534750 -47.500298 
-38.447959 -47.340199 -48.459867 
-38.209850 -46.690806 -49.182080 
-39.092102 -46.666476 -49.652227 
-38.912788 -45.977324 -50.354307 
-39.456256 -45.173811 -50.111388 
-39.618585 -45.135683 -49.125388 
-24.689107 1.897751 -25.588667 
-25.686087 1.850938 -25.650631 
-25.720267 2.653523 -25.055074 
-24.822720 2.450985 -24.663426 
-24.920767 3.445279 -24.705440 
-24.303273 3.134271 -23.982962 
-25.203815 2.796806 -23.708841 
-24.947252 3.743276 -23.512959 
-24.517305 4.560832 -23.129883 
-24.538220 5.227167 -22.384523 
-25.090707 5.121613 -21.557712 
-25.625887 5.896399 -21.894296 
-24.812543 6.474997 -21.833498 
-25.299022 7.325536 -21.633697 
-25.542715 8.269853 -21.854786 
-25.863751 9.184823 -21.610316 
-26.582200 9.581298 -21.038793 
-26.055650 10.431164 -21.017016 
-25.629090 11.215204 -21.467935 
-25.133460 10.429550 -21.838202 
-24.222406 10.049500 -21.678378 
-23.787143 9.277258 -22.141183 
-24.002644 8.383266 -22.534041 
-23.045992 8.105671 -22.445961 
-23.085957 8.166100 -23.443333 
-23.909241 7.598477 -23.440503 
-23.947907 7.807246 -24.417703 
-23.978966 7.344043 -25.303411 
-23.828160 6.453561 -25.732713 
-24.045696 5.518254 -25.453647 
-23.293990 4.875584 -25.601681 
-22.312134 4.688432 -25.571136 
-21.612591 4.079504 -25.945097 
-20.812112 4.149704 -26.540332 
-19.878981 4.267739 -26.879941 
-19.460889 4.866005 -27.563518 
-19.850802 4.919245 -28.482829 
-19.182170 4.176885 -28.439995 
-19.146376 4.005779 -29.424597 
-18.498907 3.278208 -29.651369 
-18.442544 2.755863 -28.800499 
-19.099892 2.232984 -29.343169 
-19.149874 1.818113 -30.251676 
-20.135798 1.730507 -30.394078 
-20.497926 0.813105 -30.229038 
-20.601856 1.111253 -31.177882 
-20.684330 0.704306 -32.087603 
-20.105806 1.512155 -31.974952 
-19.117613 1.436826 -31.841538 
-18.311631 0.846962 -31.792000 
-17.889714 1.620488 -31.319090 
-17.135576 0.973754 -31.433162 
-17.089766 1.494808 -32.285456 
-16.193200 1.574342 -31.849745 
-15.493129 0.890464 -32.055197 
-15.797733 0.275018 -31.328256 
-15.811786 -0.048157 -30.382022 
-15.471058 0.549843 -29.656556 
-15.267992 1.175174 -28.903080 
-15.952045 0.810055 -28.271605 
-16.792795 1.350390 -28.237318 
-17.121087 0.684827 -27.567057 
-17.757159 -0.029358 -27.859208 
-18.432443 0.674272 -28.080332 
-18.067958 1.603753 -28.137035 
-18.366287 2.106577 -27.325759 
-18.464111 2.483149 -26.404551 
-17.708085 1.914628 -26.080193 
-17.874833 1.161807 -25.443439 
-17.401532 0.480289 -24.885299 
-16.967059 -0.284549 -25.360963 
-17.389352 -0.954240 -25.971850 
-17.065071 -1.305259 -26.850273 
-16.462746 -1.434238 -26.062511 
-15.961828 -1.773996 -25.266493 
-15.499602 -1.034663 -25.756119 
-15.692218 -0.905331 -24.783405 
-32.212707 -13.428449 58.065033 
-31.279722 -13.468198 58.422745 
-30.540235 -14.110042 58.625712 
-31.106499 -14.093543 59.449770 
-30.577576 -13.621559 60.155086 
-30.961667 -14.422881 60.613733 
-31.494059 -14.504572 61.456280 
-31.942344 -15.126475 62.098368 
-32.907190 -15.236444 61.859668 
-33.457024 -14.868500 61.109801 
-34.324944 -14.450080 60.842145 
-34.435832 -15.039064 61.642647 
-34.626231 -14.740580 62.577877 
-35.034110 -13.901645 62.217570 
-35.046788 -12.940605 61.941449 
-34.637529 -12.317732 61.274713 
-34.496264 -11.572877 61.926813 
-35.163739 -11.155987 62.543805 
-34.806775 -10.352573 62.067252 
-34.229206 -10.715711 61.336127 
-33.503708 -10.852655 60.661665 
-33.463156 -10.369233 59.787217 
-33.782663 -11.167946 59.277342 
-34.286272 -10.401454 58.878760 
-34.928344 -10.157609 58.151929 
-35.415628 -9.622584 58.842076 
-35.935720 -9.725938 57.994241 
-36.400890 -9.823591 57.114423 
-36.997392 -9.642478 56.332513 
-37.605231 -8.849715 56.287143 
-37.474548 -9.076475 57.252286 
-36.549141 -8.719650 57.124619 
-36.036268 -8.015457 57.615611 
-35.737440 -8.405820 58.486427 
-36.250102 -7.570010 58.682895 
-36.461639 -8.044963 59.537103 
-37.103800 -7.300420 59.719543 
-37.472091 -6.412478 59.995081 
-38.347520 -6.845971 60.208879 
-38.822402 -7.664667 60.531715 
-38.843824 -7.787649 59.539537 
-38.594469 -7.331027 58.685536 
-39.519115 -7.284312 58.307586 
-40.226510 -7.790095 58.801322 
-40.304145 -7.225185 59.622814 
-39.426772 -6.814227 59.870462 
-40.135187 -6.134425 60.060248 
-40.391709 -6.314692 59.110669 
-39.899382 -5.453033 58.987560 
-39.071890 -5.013377 59.336788 
-39.226019 -5.528977 60.179641 
-39.500067 -4.654261 60.579351 
-39.161446 -3.717232 60.493839 
-40.140575 -3.608850 60.665764 
-40.466530 -2.688645 60.449026 
-39.503005 -2.632044 60.710592 
-39.474350 -1.635421 60.787545 
-40.201378 -0.961624 60.919561 
-39.837132 -1.384077 61.749536 
-38.857084 -1.403021 61.947393 
-39.062053 -0.858677 62.760829 
-40.012148 -0.565003 62.655593 
-39.838060 -0.360007 63.618749 
-39.761227 -1.156706 64.218223 
-38.997286 -1.781188 64.380754 
-38.764617 -2.752768 64.424311 
-38.062544 -2.864225 65.127640 
-37.403413 -3.348034 64.551902 
-36.415625 -3.438655 64.678640 
-36.092260 -4.012076 65.431385 
-35.494659 -3.224972 65.278611 
-35.162654 -3.744226 66.066106 
-35.616362 -3.134769 66.716269 
-35.624088 -2.474480 67.467241 
-36.122017 -1.800284 68.012701 
-36.700357 -0.993696 67.890478 
-41.894707 -11.170009 -0.133867 
-41.640771 -11.315378 -1.090102 
-40.821246 -11.795674 -1.402662 
-41.283631 -11.764647 -2.288798 
-40.893824 -10.885269 -2.015403 
-41.389195 -10.096461 -1.651548 
-40.475164 -10.108663 -1.246087 
-41.007152 -9.263690 -1.191215 
-40.319750 -8.914935 -1.828278 
-40.140493 -8.676914 -2.782852 
-39.190537 -8.424984 -2.967555 
-38.349362 -7.894297 -2.863647 
-37.762944 -7.120348 -3.102637 
-38.296194 -6.458651 -2.575569 
-38.525034 -5.687212 -1.981840 
-38.324741 -5.267274 -2.867015 
-38.810246 -4.408237 -3.029313 
-38.765809 -4.294543 -4.021834 
-38.373248 -3.384131 -4.152390 
-37.625520 -4.048130 -4.155004 
-37.008171 -4.633741 -3.629704 
-36.665579 -4.573303 -4.567242 
-37.141917 -4.894031 -5.385920 
-37.142276 -4.124145 -6.024101 
-37.484693 -3.225646 -6.298784 
-36.850676 -3.680086 -6.924489 
-36.134531 -3.756097 -7.618289 
-36.104794 -4.434949 -8.351962 
-35.929012 -4.103500 -9.278915 
-35.762105 -3.125380 -9.154724 
-35.545269 -2.155733 -9.041736 
-35.861044 -2.266630 -8.099404 
-35.710017 -1.282503 -8.192598 
-36.471899 -1.234217 -8.838512 
-36.434689 -0.355361 -8.362878 
-36.715147 -0.885413 -7.562635 
-36.287432 -0.764398 -6.666859 
-35.918233 -0.307821 -5.857397 
-35.975305 0.439198 -6.519746 
-36.627991 0.919955 -5.934192 
-37.232944 1.692418 -6.127409 
-37.981807 2.080512 -5.590206 
-38.864566 1.614294 -5.648327 
-39.334497 1.050196 -4.969388 
-40.209608 1.029108 -5.452850 
-39.449801 0.517687 -5.854276 
-38.869300 0.717085 -6.643743 
-39.353367 1.591761 -6.668643 
-38.375694 1.747411 -6.527476 
-38.887713 2.563430 -6.795711 
-39.236942 3.060657 -6.001480 
-39.981414 3.727022 -6.042956 
-39.866619 4.286077 -5.221811 
-40.140615 3.568824 -4.581128 
-40.151484 2.576049 -4.461629 
-41.150864 2.551959 -4.487276 
-40.851818 3.197685 -3.784703 
-41.098087 3.642012 -2.923352 
-42.072425 3.457939 -2.793801 
-41.964103 3.858178 -1.883814 
-42.032224 2.861407 -1.926332 
-42.206999 2.426233 -2.809552 
-41.665902 1.822983 -2.223630 
-41.583594 1.203460 -1.442979 
-42.512873 0.846554 -1.538149 
-43.394443 0.786612 -2.006382 
-42.907485 0.073866 -2.511222 
-42.744100 -0.468416 -1.687065 
-43.382403 -1.062585 -1.197644 
-44.226869 -0.547076 -1.342994 
-44.822701 -1.155844 -0.819176 
-45.316927 -0.631095 -1.512270 
-44.938251 0.133456 -0.990670 
-45.518680 0.661632 -0.370888 
-45.151959 1.209708 0.380863 
-45.628031 0.650280 1.059387 
28.218793 -40.082449 -44.206447 
28.702476 -40.541226 -44.951816 
29.658575 -40.490990 -45.240521 
29.392807 -40.054542 -44.380940 
29.490405 -39.089502 -44.137684 
30.298564 -39.666911 -44.021588 
30.500658 -38.690663 -43.943490 
31.218502 -38.607473 -44.634706 
30.411809 -38.191600 -45.054582 
29.825211 -38.520006 -45.794887 
28.996807 -38.218139 -46.266717 
29.306677 -38.488869 -47.178137 
29.906543 -37.695557 -47.282139 
30.895311 -37.706297 -47.431208 
31.732983 -38.210968 -47.640044 
32.365134 -37.604168 -47.158195 
32.964071 -38.235804 -47.650447 
33.856696 -38.431838 -47.244502 
33.933264 -38.870863 -46.349296 
33.493775 -38.532615 -45.517167 
33.166434 -38.117584 -44.668287 
32.770106 -37.571406 -43.930308 
33.445892 -36.835300 -43.892080 
33.411505 -36.290830 -43.054005 
33.816647 -35.520838 -43.546926 
34.439172 -35.820418 -44.269916 
35.344662 -36.191433 -44.475914 
36.186507 -36.063997 -43.951455 
36.970154 -35.669873 -44.431626 
37.137465 -36.576993 -44.045440 
37.533821 -35.857337 -43.475355 
38.121050 -35.755699 -44.278369 
38.918749 -35.256478 -43.940058 
38.296367 -34.511970 -44.181615 
38.813950 -34.479859 -45.036645 
39.365107 -35.274258 -45.291902 
40.335661 -35.261003 -45.051382 
40.238237 -34.937215 -45.992483 
40.726964 -35.765292 -46.267137 
40.185921 -36.345654 -46.875785 
39.933417 -36.615193 -47.805080 
39.334221 -36.013271 -48.332958 
38.765690 -36.417561 -49.049423 
38.976818 -37.132002 -48.382341 
38.745418 -37.895914 -48.984747 
38.314452 -38.734495 -49.317988 
37.492303 -39.287892 -49.451492 
37.223079 -38.357802 -49.701395 
37.611061 -37.732587 -49.024213 
37.709081 -37.904965 -48.044072 
37.705340 -38.902438 -47.973118 
38.376531 -39.627557 -48.127083 
38.755912 -40.277566 -48.785535 
39.613192 -39.906961 -48.428151 
39.705548 -39.074877 -48.975056 
40.148716 -38.336140 -48.467247 
40.046511 -38.767750 -47.570995 
39.284808 -39.384066 -47.371084 
39.302432 -39.295754 -46.375147 
38.503387 -39.340895 -45.775573 
38.761213 -40.305953 -45.822355 
38.799569 -40.864568 -46.650895 
37.938446 -41.220238 -47.014166 
37.238788 -41.286032 -47.725608 
37.741009 -40.639353 -48.299700 
36.982311 -40.796710 -48.931852 
37.800139 -40.329943 -49.268430 
36.948342 -40.233507 -49.783348 
37.034882 -41.108046 -50.260519 
36.095400 -41.234567 -50.578900 
36.128404 -40.912327 -49.632818 
35.454738 -40.499070 -49.020126 
35.914809 -39.611353 -49.037244 
36.609774 -38.899671 -48.934614 
36.137183 -39.182136 -48.099826 
36.127205 -39.167892 -47.099978 
36.104930 -40.161295 -47.212466 
36.464033 -39.852411 -46.331764 
37.133063 -40.257252 -46.955064 
0.944893 -17.594049 67.229033 
0.771018 -16.875957 67.902911 
-0.050818 -17.281185 68.303380 
-0.331715 -18.240888 68.311560 
-1.095760 -17.830080 68.809025 
-1.989049 -17.992390 68.389871 
-1.294410 -18.705058 68.291985 
-1.083617 -19.652975 68.530771 
-1.046734 -19.048494 69.326537 
-0.963050 -19.693157 70.086410 
-1.839722 -20.173218 70.054989 
-1.422336 -20.695843 70.798394 
-1.285871 -21.548617 71.302531 
-0.647657 -21.646738 70.538951 
-0.278415 -21.714833 69.612115 
0.324508 -21.326909 70.309251 
0.306214 -20.716251 71.100934 
0.113253 -21.518442 71.665961 
-0.127798 -21.625195 72.630584 
-0.939081 -21.109706 72.906429 
-1.019950 -20.452740 73.655999 
-1.011693 -19.458699 73.764693 
-1.201157 -19.785448 72.838767 
-0.337079 -19.285791 72.899687 
-0.150322 -18.728111 73.708461 
0.512756 -18.150305 74.184348 
-0.194978 -17.450233 74.089416 
-0.686443 -17.952021 74.801223 
-1.036168 -17.016134 74.843728 
-0.736426 -16.064527 74.911546 
-1.361916 -15.285517 74.955202 
-2.236716 -14.848162 74.746767 
-1.509097 -14.171465 74.859251 
-2.129194 -14.042001 74.085481 
-1.232768 -13.895716 73.667127 
-0.288089 -13.723087 73.388234 
0.008402 -14.581274 72.969177 
-0.292354 -15.525386 73.104081 
-0.101135 -15.426561 72.127522 
-0.744654 -16.187108 72.213842 
-0.156329 -16.593921 71.515003 
0.261654 -16.597884 72.423449 
0.906004 -17.068377 73.026316 
1.380880 -17.285456 72.173456 
1.854488 -17.859358 71.505376 
2.350167 -17.020683 71.731045 
2.912199 -16.425482 72.305375 
3.745123 -16.932557 72.526990 
4.246524 -16.574384 73.314587 
4.087906 -17.189784 74.086677 
3.096220 -17.282805 74.175594 
2.617436 -16.459866 73.869758 
2.084279 -16.129245 73.091020 
2.606382 -15.427141 73.575228 
3.504730 -15.461057 73.137254 
4.431473 -15.132947 72.954251 
4.677373 -14.829899 73.874954 
4.946524 -15.787425 73.978394 
5.652091 -16.032200 73.313367 
5.628514 -15.171553 72.804711 
5.165103 -14.311205 73.016964 
6.031762 -14.461000 73.492847 
6.065773 -14.183110 74.452857 
5.638280 -14.879678 75.029089 
6.420658 -15.485690 74.885444 
6.217736 -15.278087 75.842379 
-30.992507 34.944451 22.431533 
-31.364620 34.319034 21.745686 
-30.715902 33.823721 22.323466 
-30.224289 33.708488 23.186622 
-29.656266 33.474921 22.397448 
-30.178561 33.122512 21.620908 
-29.375512 33.501442 21.160991 
-28.574046 33.379601 20.575493 
-28.283798 34.334410 20.511498 
-29.196924 34.427542 20.114602 
-29.700036 34.796907 19.333290 
-30.271762 34.127922 18.858329 
-31.075425 33.902284 19.408979 
-31.069960 34.876055 19.636443 
-30.337586 34.795112 20.312518 
-30.569525 35.183887 21.204179 
-31.553526 35.112329 21.041021 
-31.974822 35.475345 21.872122 
-32.336110 36.137449 21.215547 
-32.476914 36.704991 22.026762 
-33.380775 36.345584 22.258843 
-33.218028 35.358955 22.250042 
-34.010410 35.520703 22.838233 
-34.268627 35.684262 21.886091 
-34.591489 35.757269 20.942466 
-33.831348 36.118492 20.402370 
-33.993055 35.322854 19.818579 
-34.607868 34.716452 19.314315 
-35.059234 35.357353 19.935214 
-35.537334 36.200409 20.181539 
-36.365593 36.674507 20.480235 
-36.736439 35.965750 21.080349 
-37.391278 35.749709 20.356117 
-37.961461 35.866132 19.542891 
-38.883897 36.193827 19.747167 
-39.843695 36.455244 19.849388 
-39.804732 36.063183 20.768502 
-40.395294 35.581434 21.415923 
-39.682637 34.922982 21.657919 
-39.081376 34.182710 21.958721 
-38.376452 33.503008 21.756018 
-38.054245 34.367422 21.370050 
-37.330483 33.802007 21.765618 
-37.390767 33.948765 22.752952 
-36.460888 33.656386 22.976201 
-35.506022 33.422134 22.793559 
-34.665641 33.361464 22.254970 
-34.676640 33.024516 23.196429 
-34.502721 33.797556 23.806479 
-35.152761 33.786080 24.566293 
-34.600072 32.952772 24.577804 
-35.549834 32.801095 24.304042 
-36.305459 33.440875 24.163646 
-36.616474 32.493238 24.236132 
-36.525903 31.645930 24.759453 
-36.628216 30.725023 25.135570 
-36.975895 31.006584 26.029909 
-36.855931 31.050970 27.021695 
-36.802332 32.033756 27.198500 
-37.218180 31.987663 28.106765 
-38.073670 32.082170 28.615887 
-39.022629 31.958353 28.905969 
20.756893 7.558151 19.420833 
21.464168 8.253717 19.294539 
22.288275 7.722071 19.099091 
22.655917 7.504563 18.194917 
23.485034 7.790229 18.675500 
24.235443 8.403649 18.921674 
24.349268 7.814096 18.122004 
23.612669 7.630626 17.471035 
23.152927 7.225883 16.680579 
22.301946 6.713008 16.793678 
21.486685 6.178198 16.571577 
21.255055 5.587871 17.344792 
22.105980 5.982360 17.691641 
22.659105 5.706577 18.477768 
22.965974 4.888876 17.990740 
23.765934 4.754190 18.575482 
24.758164 4.788636 18.695037 
24.507553 4.390979 19.577682 
24.022056 4.321559 20.449160 
23.396984 4.850731 19.875347 
22.420690 4.657041 19.778730 
22.209492 4.266687 20.674844 
22.747086 3.564032 21.140964 
22.339214 3.498298 22.051634 
21.836025 3.929858 22.800337 
22.232220 3.024846 22.955200 
22.764349 3.719611 23.439080 
22.460542 2.952324 24.003856 
21.688205 2.990120 24.637943 
22.359999 3.451856 25.217161 
21.509905 3.977732 25.245348 
20.678329 4.514658 25.387442 
20.610936 3.566757 25.698798 
20.797280 3.422637 26.670654 
20.438000 4.355700 26.688280 
21.339627 4.484490 26.275386 
21.529119 4.925223 27.152795 
22.200931 5.559766 27.534925 
22.767552 5.154843 26.817306 
23.544389 5.164780 27.446929 
23.078741 4.594494 28.123646 
23.926550 4.682400 28.646611 
23.150052 4.419446 29.219242 
22.214275 4.698408 29.434882 
22.869868 4.769778 30.186616 
22.886751 5.709908 30.527013 
21.997023 6.068606 30.809363 
21.491417 6.518678 30.073294 
20.764696 5.841850 30.190690 
19.931173 6.317098 29.908949 
20.380493 7.015150 30.466475 
20.409442 6.943369 31.463476 
20.564025 6.469700 32.330506 
20.824518 7.435138 32.322005 
20.254405 7.977237 31.704672 
19.669509 8.788146 31.722663 
19.737981 9.519017 31.043591 
19.471879 10.444240 30.773123 
19.858269 11.158606 30.189698 
19.785786 11.899403 30.857505 
-7.171387 -61.828149 14.418633 
-7.291492 -62.820030 14.460433 
-6.394509 -62.649531 14.052569 
-6.683595 -63.109688 13.213114 
-6.723818 -64.108737 13.229977 
-5.931844 -64.577702 12.839018 
-5.244539 -65.209087 13.198135 
-4.724734 -64.922408 12.393388 
-3.866722 -65.336981 12.696610 
-3.582561 -64.800200 13.491040 
-3.251844 -63.911794 13.809412 
-2.895729 -64.236079 12.933043 
-2.304709 -63.749283 12.289828 
-1.737957 -64.452616 12.718915 
-2.080539 -65.310618 12.336201 
-1.246509 -65.481541 12.860777 
-1.321715 -66.388443 13.275352 
-2.293453 -66.152464 13.269025 
-1.813147 -65.404804 13.727620 
-2.522268 -64.952415 14.268445 
-1.660702 -64.444797 14.263236 
-0.677439 -64.599225 14.359913 
-0.596738 -64.154081 15.251728 
-0.916204 -63.211069 15.158612 
-1.009839 -63.623664 14.252523 
-0.147850 -63.129077 14.141357 
0.279289 -62.229384 14.051330 
1.218564 -62.319650 13.720247 
1.271393 -62.537287 14.694846 
0.521198 -62.855952 15.274207 
1.014711 -63.671189 15.577248 
0.752625 -64.541133 15.159506 
0.733199 -65.336888 14.554199 
0.102877 -65.464555 15.319964 
0.806438 -66.156226 15.483032 
1.094401 -66.504553 16.375078 
0.452080 -67.270952 16.367597 
0.441561 -68.193107 16.754274 
1.220595 -68.033693 16.147897 
0.751696 -68.394691 15.341787 
0.383141 -69.184905 14.852164 
-0.496501 -68.722239 14.962486 
-0.493006 -69.004254 14.003083 
-0.391377 -69.881611 14.472035 
0.002450 -70.583068 13.878016 
0.676459 -69.889549 13.623569 
0.565804 -70.543301 12.874995 
1.054060 -70.880853 12.070219 
1.758080 -70.178937 12.178244 
2.047745 -69.224129 12.111642 
2.294681 -68.955022 11.180727 
2.724678 -68.275051 11.774647 
3.343028 -69.050593 11.901838 
3.936908 -68.255802 12.026793 
4.467597 -67.779034 11.326034 
3.595739 -67.960901 10.871293 
2.749853 -67.589417 10.488571 
-6.424387 -91.454049 -25.411367 
-7.063888 -92.050489 -25.896443 
-7.189520 -91.152498 -26.318141 
-7.436195 -91.253370 -27.281975 
-8.309138 -91.115657 -26.813996 
-8.021827 -92.067361 -26.922217 
-8.149461 -92.801564 -26.255392 
-7.635167 -93.495620 -26.759166 
-7.737087 -93.967881 -25.883619 
-8.126865 -94.695873 -25.319614 
-7.504449 -95.476007 -25.382763 
-7.126364 -94.632865 -25.000451 
-6.435915 -95.079997 -25.569092 
-5.919811 -95.382908 -24.767917 
-5.050094 -94.913249 -24.616221 
-4.352435 -94.534814 -25.224546 
-3.738042 -94.987063 -24.578023 
-3.934377 -94.254717 -23.926009 
-4.512711 -94.731737 -23.264207 
-5.332931 -94.371243 -23.708372 
-6.189096 -93.877085 -23.557412 
-7.125211 -94.223981 -23.499513 
-8.058217 -94.146228 -23.850874 
-7.664049 -93.285816 -24.173864 
-7.366941 -92.939137 -23.284178 
-6.682705 -92.345525 -22.860569 
-6.224576 -93.176365 -22.544622 
-6.021182 -93.597944 -21.660936 
-5.570395 -92.850752 -21.172576 
-4.951531 -92.443233 -21.844095 
-5.006244 -92.980980 -22.685424 
-5.083110 -93.942878 -22.423043 
-5.196547 -94.220169 -21.468977 
-5.874754 -94.161975 -20.736413 
-5.809441 -94.595510 -19.837647 
-5.894498 -95.572609 -20.032693 
-5.536899 -96.008480 -20.858611 
-5.318552 -96.479663 -20.004028 
-5.016393 -97.393176 -20.276413 
-40.243207 -54.251549 20.758233 
-40.322354 -55.153009 20.332667 
-39.833643 -56.010088 20.495692 
-39.622749 -56.067434 21.471517 
-39.118189 -55.476946 22.101392 
-38.965511 -56.392952 22.472366 
-39.901327 -56.148283 22.726110 
-40.834529 -56.478724 22.867324 
-41.171226 -56.897218 22.023820 
-41.370943 -56.129993 21.414329 
-42.034495 -56.056617 22.158852 
-42.301682 -55.281987 21.585651 
-41.418940 -55.123139 22.027843 
-41.232716 -55.559979 22.907895 
-42.068682 -55.031571 23.056032 
-43.038519 -55.050568 22.813020 
-43.796445 -54.824614 23.424979 
-43.773912 -53.854216 23.665439 
-44.086678 -53.978630 22.723792 
-44.912018 -54.424311 22.377119 
-45.854109 -54.153216 22.574535 
-45.753002 -53.961452 23.550754 
-46.434936 -53.955242 24.282141 
-46.344236 -54.756424 23.690634 
-46.578041 -55.499935 24.317153 
-46.152305 -55.628754 25.212784 
-45.740585 -54.760703 24.935341 
-45.137631 -54.501020 24.181013 
-44.759840 -53.577462 24.246693 
-44.885256 -52.821829 24.889569 
-45.457280 -52.047259 24.619701 
-46.296532 -51.527514 24.779454 
-46.531112 -50.888904 25.512359 
-45.999064 -50.131436 25.890733 
-45.280539 -50.042609 26.580538 
-44.534044 -49.599303 26.084327 
-44.097998 -49.551391 25.185679 
-44.429706 -48.674923 24.836716 
-43.913938 -47.818966 24.800381 
-44.130853 -47.195277 24.049408 
-45.121468 -47.130323 23.929142 
-45.503506 -46.672301 24.731802 
-46.208301 -46.972112 25.374745 
-45.721539 -47.436168 26.114823 
-45.881557 -48.150815 26.795759 
-44.959698 -48.309441 27.149333 
-44.655878 -49.256751 27.250808 
-45.028463 -49.295648 28.177991 
-45.180994 -48.422938 28.641792 
-45.812096 -48.577129 27.881572 
-46.498064 -47.942582 28.237659 
-47.022026 -47.145355 27.937839 
-47.518113 -47.896260 28.373773 
-47.821118 -47.810387 27.424661 
-47.309811 -48.386876 26.787303 
-47.019439 -47.442632 26.632102 
-47.564374 -47.126143 25.855648 
-48.539764 -47.047213 26.061522 
-48.445149 -46.126803 26.440856 
-48.355142 -45.275986 25.923160 
-47.529755 -45.695296 26.301202 
-47.695074 -45.853864 27.274612 
-47.759460 -44.956353 27.710878 
-47.389706 -44.589339 28.564448 
-47.821103 -45.480768 28.703190 
-47.699766 -45.089045 29.615238 
-47.725020 -44.202940 30.078034 
-47.054222 -43.818824 30.712451 
-46.885315 -42.926157 31.130322 
-47.792859 -42.525200 31.005430 
-47.728361 -43.091220 31.827295 
-48.636318 -43.173469 32.238206 
-48.240983 -42.969055 33.133708 
-48.651305 -42.224521 33.660306 
-49.549311 -41.898336 33.365031 
-49.802340 -42.501181 34.121704 
-49.789867 -43.435905 33.766549 
-48.832201 -43.266423 33.999253 
-48.992651 -44.191587 33.655265 
-48.502478 -44.152585 32.784513 
-47.636371 -44.331157 33.251386 
-47.232019 -44.275863 32.338455 
-46.650731 -44.688372 33.039840 
-46.969466 -45.278012 33.781953 
-47.931338 -45.045258 33.925580 
-48.528085 -45.740571 33.525038 
-47.619674 -46.146836 33.426349 
-47.057237 -45.626074 32.784110 
-48.026230 -45.727929 32.558993 
-48.975375 -46.035348 32.626937 
-48.926973 -46.119982 31.631701 
-49.897949 -46.329985 31.746173 
-50.483872 -46.664437 32.484303 
-50.017334 -47.539282 32.614642 
-49.376069 -47.752570 33.351722 
-49.834430 -47.521832 34.210015 
-49.965651 -46.531076 34.175607 
-50.932910 -46.764358 34.275559 
-50.597437 -47.321597 33.515991 
-51.464134 -47.574016 33.085735 
-52.123870 -48.319304 33.182146 
-52.089015 -48.146662 32.197778 
-51.334361 -48.743646 32.470005 
-50.395314 -48.780352 32.811829 
-49.784814 -48.652369 32.030222 
-50.092380 -49.315550 31.347877 
-50.697340 -50.105893 31.251027 
