-9.589085 -18.331386 -33.474155 
-8.595850 -18.312189 -33.359628 
-8.344950 -19.094252 -33.930090 
-7.910749 -19.376593 -33.074665 
-8.419659 -19.734097 -32.291594 
-9.354242 -19.945203 -32.577932 
-9.772953 -19.685208 -31.707827 
-9.160915 -18.945653 -31.427707 
-8.572641 -18.819910 -30.628881 
-8.548753 -18.297387 -29.776590 
-9.482974 -18.104445 -30.076598 
-9.407952 -19.101363 -30.099533 
-10.189388 -19.423368 -29.565051 
-9.696442 -19.508945 -28.699210 
-9.711404 -20.484545 -28.918256 
-9.842046 -20.761696 -29.870159 
-10.231760 -21.489168 -29.305439 
-10.153832 -22.332236 -29.837569 
-10.071689 -22.194691 -30.824653 
-10.778510 -22.901905 -30.840463 
-9.881944 -23.233060 -30.546345 
-9.705106 -23.352132 -31.523356 
-10.381115 -24.029522 -31.813450 
-11.291272 -24.208034 -31.439622 
-11.363325 -24.930297 -32.127477 
-12.180034 -24.787845 -31.568288 
-12.112177 -25.762183 -31.353672 
-12.215304 -25.936213 -30.374346 
-11.858590 -26.848343 -30.576274 
-10.992844 -26.576077 -30.996220 
-10.850055 -26.490140 -30.010205 
-11.313146 -25.611650 -29.892718 
-11.505094 -24.921932 -29.194546 
-12.305453 -24.696989 -29.750268 
-13.020210 -25.395457 -29.714698 
-13.210920 -25.659205 -28.769147 
-13.621347 -25.659197 -27.857254 
-14.109839 -24.800715 -27.701096 
-14.671144 -24.490791 -28.468483 
-14.208074 -24.200651 -29.305970 
-14.492467 -24.624632 -30.165832 
-14.572571 -25.591420 -29.923130 
-15.563632 -25.583005 -29.789985 
-16.145074 -26.264781 -30.233951 
-15.560338 -26.330105 -31.042539 
-15.205560 -26.986436 -30.376685 
-14.857237 -27.419346 -29.545265 
-13.913670 -27.088466 -29.531111 
-13.412722 -26.565459 -30.220686 
-13.018358 -26.742080 -31.122507 
-12.771493 -26.691001 -32.090210 
-12.586023 -27.582029 -32.504539 
-11.740010 -27.049444 -32.479751 
-11.460493 -26.127545 -32.748028 
-11.379584 -25.192986 -33.094516 
-11.414226 -25.942112 -33.756038 
-11.733383 -25.933185 -34.703698 
-12.577236 -25.397645 -34.670374 
-13.320939 -25.826877 -35.182883 
-13.132539 -25.054176 -35.789049 
-13.203451 -25.177991 -36.778818 
-12.736548 -24.316858 -36.979947 
-13.250447 -23.555066 -36.585510 
-13.745129 -22.818755 -36.123842 
-14.490783 -23.347164 -36.529778 
-15.158936 -23.091271 -35.831144 
-14.901620 -22.151606 -35.605713 
-14.743302 -21.609196 -36.430775 
-15.048456 -22.503865 -36.757037 
-14.350321 -22.545084 -37.471816 
-13.354080 -22.606352 -37.533058 
-13.512491 -21.628578 -37.395713 
-12.583994 -21.898397 -37.650840 
-11.648328 -21.868512 -37.299219 
-10.930066 -21.811171 -36.605814 
-11.662216 -21.263906 -36.200281 
-12.355061 -20.542866 -36.192030 
-12.532950 -21.124915 -35.398573 
-13.251831 -21.761796 -35.677129 
-12.790377 -22.640573 -35.555432 
-12.600498 -23.620064 -35.488029 
-12.492576 -23.758135 -34.503504 
-12.081348 -24.136001 -33.673982 
-12.831452 -24.794147 -33.738697 
-13.317248 -25.247248 -32.991233 
-13.767876 -25.538958 -32.147528 
-14.629861 -25.984168 -32.389954 
-14.652686 -26.834637 -31.864424 
-14.241667 -27.338819 -32.623939 
-13.756906 -26.687247 -33.207429 
-14.327321 -25.945538 -33.560267 
-15.094571 -26.284985 -34.104421 
-15.811451 -25.709525 -34.498031 
-15.204403 -26.084525 -35.198651 
-14.787061 -25.264769 -35.590857 
-14.920409 -24.750241 -36.437898 
-15.886953 -24.510637 -36.529451 
-16.440508 -25.343172 -36.550945 
-16.212302 -26.310035 -36.665390 
-15.222262 -26.306602 -36.524646 
-14.980958 -26.919818 -37.276802 
-15.719294 -26.559944 -37.847196 
-16.575759 -26.091874 -38.064863 
-16.891083 -25.301413 -38.589976 
-16.802230 -24.955479 -37.655933 
-16.652000 -23.967955 -37.608732 
-17.058047 -23.186028 -37.135746 
-16.840459 -23.885873 -36.455398 
-17.383650 -24.707086 -36.280602 
-17.000754 -25.206976 -35.503749 
-17.462104 -26.046924 -35.218017 
-16.541265 -26.403066 -35.059214 
-16.798974 -26.309910 -34.097493 
-17.724640 -26.262716 -33.722105 
-17.605548 -25.396459 -33.236910 
-17.418737 -25.761618 -32.324901 
-17.543652 -26.753742 -32.334259 
-16.770467 -27.146347 -31.836219 
-16.514704 -27.281311 -30.878946 
-17.151117 -28.035670 -30.717949 
-17.628940 -27.160262 -30.644837 
-18.159561 -27.979998 -30.860415 
-18.938393 -28.415708 -31.311611 
2.241935 50.106614 32.303345 
1.848091 49.338578 31.798363 
2.184494 48.551335 32.315161 
2.983838 49.063680 32.001232 
3.436489 48.190829 32.183548 
3.730925 47.859215 33.079840 
3.524548 46.949202 33.439401 
2.621644 47.318686 33.219751 
2.516523 46.325894 33.277308 
2.946370 45.424844 33.335101 
2.002104 45.471947 33.009307 
1.099521 45.878299 32.867102 
0.873452 46.098636 33.815967 
-0.051656 46.437997 33.986293 
-0.419492 46.513281 33.059455 
-1.077097 46.918270 32.424207 
-1.363391 46.274102 31.714923 
-2.355287 46.383857 31.778918 
-2.130782 47.287476 32.143706 
-2.235302 47.805043 31.294471 
-1.584986 47.805353 30.534808 
-1.003023 47.662474 29.734242 
-1.667124 47.486913 29.007504 
-0.857928 46.900451 28.971949 
-1.448512 46.457662 28.297303 
-1.696395 45.745819 27.640162 
-2.123936 44.893773 27.942199 
-1.718153 45.380972 28.715489 
-2.626403 45.796709 28.762870 
-3.130851 46.505012 28.269068 
-3.216238 45.581812 27.894353 
-3.999644 45.438873 27.289504 
-4.471225 45.947390 28.009936 
-4.825203 46.163144 27.099909 
-4.894747 47.076037 26.697678 
-4.864409 48.068572 26.815803 
-4.094593 48.678587 27.003593 
-3.517052 48.031509 27.501323 
-4.414378 47.756878 27.846844 
-4.693800 48.434237 28.527365 
-5.094679 49.264508 28.914594 
-5.246821 49.249364 27.926351 
-4.665110 50.028345 27.692254 
-5.508512 49.937175 27.162762 
-6.281381 49.525842 27.645958 
-6.824204 49.116996 26.912345 
-7.472498 49.385383 26.199826 
-8.055832 48.730953 26.680912 
-7.938204 48.926192 27.654588 
-8.726034 48.427679 28.016263 
-8.205813 47.975786 28.740944 
-8.023517 47.119514 28.257656 
-8.221133 46.659840 29.123478 
-8.046335 47.197501 29.948322 
-7.898043 46.252077 30.238465 
-7.273891 46.871498 30.714651 
-6.702680 47.691317 30.754836 
-6.660667 48.667070 30.540033 
-6.340071 48.690448 29.593105 
-6.965761 49.414376 29.302518 
-7.195044 50.366313 29.505604 
-8.139771 50.651638 29.344106 
-7.769437 51.214215 28.604944 
-8.629988 51.699287 28.760371 
-9.406547 51.276932 29.227887 
-8.834842 51.858666 29.806454 
-8.276733 51.515110 30.561758 
-8.785881 51.077141 31.302670 
-9.561480 50.936313 30.687353 
-10.420462 51.390593 30.451179 
-10.439997 50.421236 30.696057 
-9.666052 49.807203 30.850886 
-9.566942 49.302868 29.993085 
-9.519005 48.792373 29.134542 
-10.094528 48.637487 28.331557 
-10.559108 48.917411 27.491434 
-9.951388 48.403866 26.885671 
-9.647501 47.451815 26.850286 
-9.167108 46.873121 27.509327 
-9.912489 46.651908 28.138194 
-9.283142 45.990441 28.546097 
-10.000324 45.871038 29.232677 
-10.985555 45.882986 29.061863 
-10.958415 46.616469 29.741030 
-10.414277 46.322935 30.527002 
-10.004026 47.162557 30.171011 
-9.744789 47.462016 31.089227 
-9.657902 48.352239 31.536388 
-10.559750 48.103444 31.183160 
-11.061052 48.902789 30.851885 
-11.714286 49.246910 31.526322 
-11.490500 49.141718 32.495267 
-12.238285 48.479757 32.546504 
-12.415244 48.302631 31.578355 
-12.621813 47.365329 31.859059 
-11.656395 47.141477 31.725420 
-11.560095 46.271371 31.242055 
-11.060046 45.500310 30.847827 
-10.283796 44.870228 30.868651 
-10.384702 45.046598 31.847789 
-11.357787 44.953457 32.058575 
-11.947939 44.587293 31.339100 
-11.327800 43.813090 31.212459 
-11.428612 43.820244 30.217579 
-11.082428 44.430604 29.505107 
-11.764377 43.799676 29.135141 
-11.213334 42.970561 29.040694 
-10.623109 42.236498 28.704858 
-10.934237 42.293342 27.756192 
-10.255411 42.350730 27.024139 
-10.392662 41.944873 26.120567 
-10.696455 41.295915 25.423026 
-11.653794 41.502044 25.220510 
-11.522371 40.686873 24.656397 
3.531235 -3.813786 15.507545 
4.163695 -4.015426 14.759658 
3.316108 -4.331136 14.333133 
3.200299 -3.601070 13.659642 
3.712014 -2.815310 13.312182 
2.784471 -2.710531 12.953454 
3.250765 -2.926200 12.095517 
4.102613 -2.438095 11.905497 
3.625457 -1.737642 12.436239 
4.560497 -1.384582 12.403857 
5.185703 -1.507025 11.633062 
4.708727 -2.193504 11.084207 
3.828762 -2.485939 10.709848 
3.718720 -1.628527 10.207122 
4.276165 -0.994424 9.671240 
4.983839 -0.369098 9.342356 
5.294360 0.040458 8.484544 
6.194020 0.275626 8.116703 
5.952112 1.101089 7.606713 
5.146202 1.584307 7.948778 
4.774503 0.988197 7.237096 
3.817711 1.149742 6.995326 
3.813229 0.247551 6.564012 
3.361352 -0.337423 5.890505 
3.011792 0.589326 5.752869 
3.901694 0.831054 5.366034 
4.522265 0.351081 4.745939 
5.511426 0.318203 4.602832 
5.369935 1.097896 3.992867 
5.944016 1.690593 4.557793 
6.177095 1.170316 5.379368 
7.050849 1.608857 5.589687 
8.022127 1.834579 5.514391 
8.358947 1.414949 4.671502 
8.996738 1.265318 3.915967 
9.796841 0.719325 4.164416 
10.230016 0.639980 3.266606 
11.161538 0.898275 3.522637 
11.842286 0.343952 4.001497 
11.863810 0.532275 4.983368 
11.614219 1.500603 4.976629 
11.254927 2.380552 5.287433 
10.439294 2.018548 5.738760 
10.524397 1.517144 6.599777 
10.774893 2.271670 7.206360 
9.814196 2.007418 7.291405 
9.253820 1.887847 6.471843 
8.539509 1.454121 7.021063 
7.906996 2.224641 7.099966 
7.105718 1.629550 7.038157 
6.977355 2.232423 7.825601 
7.722508 2.444005 8.458041 
7.949178 1.509665 8.183034 
7.605691 0.732319 8.710054 
7.625632 -0.167857 8.274985 
8.214714 -0.844192 7.832771 
8.165561 -0.061355 7.212489 
8.731476 -0.176799 6.396148 
8.592171 -0.974172 5.808959 
9.066634 -1.853138 5.760955 
9.743513 -1.778831 5.028622 
10.163335 -2.683478 4.955385 
9.917597 -3.626332 5.180415 
9.998557 -4.591109 5.430718 
10.909779 -4.984700 5.309229 
10.844691 -5.980958 5.366091 
10.432537 -5.996637 6.277071 
9.659422 -5.716508 5.708017 
9.383474 -5.747975 4.747360 
9.553464 -6.699875 4.492430 
10.508155 -6.821508 4.764037 
11.085290 -7.410301 4.198141 
12.083476 -7.378541 4.249289 
12.033777 -7.127872 3.282493 
12.342215 -6.418958 3.916770 
11.963954 -6.430884 4.842391 
12.845247 -5.965002 4.763161 
13.554904 -5.990636 4.059080 
14.195423 -6.014746 3.291516 
14.061459 -7.005300 3.262245 
14.357154 -6.844388 2.320613 
13.464913 -6.995630 1.895135 
12.934604 -6.209449 2.212456 
12.631888 -5.326781 1.852929 
13.065025 -4.932177 1.042572 
12.673689 -4.075006 1.377405 
12.346718 -3.676462 2.234291 
13.343048 -3.641581 2.156127 
13.438567 -2.659061 2.315913 
12.737517 -2.307910 2.936575 
12.494097 -1.873561 3.803805 
11.501001 -1.913966 3.913936 
11.773133 -1.793167 4.868584 
11.385948 -2.312978 5.630086 
10.816368 -3.066971 5.957305 
9.941162 -3.488851 6.194014 
10.344213 -3.854147 7.033126 
10.084092 -3.272166 7.803604 
9.160567 -3.293021 8.186574 
8.236320 -3.300491 7.804851 
8.971249 -3.274731 7.127195 
-37.384765 12.561114 -22.222955 
-38.203788 12.102724 -22.568033 
-37.946898 11.634913 -23.413705 
-37.577577 10.769968 -23.753517 
-38.165154 11.102344 -24.491269 
-38.502361 10.362141 -23.909556 
-39.392150 10.064725 -23.563406 
-39.902116 9.354655 -24.048931 
-39.435177 8.844441 -24.771185 
-40.127971 9.280335 -25.345670 
-41.081260 9.017281 -25.197205 
-41.971067 9.146142 -24.759439 
-42.209483 9.947344 -25.308285 
-42.217609 10.932317 -25.480805 
-42.174743 10.969000 -26.479212 
-42.210782 11.682348 -27.179095 
-42.416597 12.506878 -26.652036 
-42.983691 12.851654 -27.400056 
-43.655181 13.368486 -27.931079 
-44.504580 13.590365 -28.409923 
-45.173338 13.984189 -27.779315 
-45.510034 13.531932 -28.605208 
-45.973828 12.744411 -29.011048 
-46.792114 12.246453 -29.298180 
-47.743668 12.351968 -29.586990 
-47.733278 12.339498 -30.586858 
-47.333262 11.508897 -30.974271 
-46.896458 10.809673 -31.540211 
-46.617216 10.169031 -30.824948 
-47.472998 10.184840 -30.307854 
-47.908658 9.327795 -30.582947 
-47.073064 9.067245 -30.099318 
-46.930290 8.086247 -30.230683 
-46.953949 7.685649 -29.314734 
-46.615200 6.852526 -29.751948 
-46.056772 7.048221 -30.558088 
-45.318451 6.760312 -29.948177 
-45.093968 7.522470 -30.555403 
-44.215227 7.266639 -30.152458 
-43.474376 6.820783 -30.654804 
-43.379838 6.611692 -29.681489 
-42.523493 7.107930 -29.538587 
-42.156486 7.668345 -28.796132 
-42.391420 7.063867 -28.034941 
-41.454065 6.873600 -27.743113 
-40.796132 7.555333 -28.063058 
-41.390974 8.064598 -27.441115 
-41.309525 8.910702 -27.967872 
-40.549849 9.541627 -27.810308 
-40.740233 9.603473 -28.790067 
-40.449814 10.440380 -29.254011 
-40.893918 10.934187 -30.001625 
-40.488530 10.704606 -30.886472 
-40.339228 11.693205 -30.905980 
-39.982373 12.607553 -30.714611 
-40.290529 12.812323 -31.643648 
-40.427264 13.790542 -31.487469 
-40.406854 14.749514 -31.204706 
-40.231196 14.761819 -32.189080 
-40.880332 14.688465 -32.946208 
-41.118395 15.513756 -32.434132 
-40.305453 16.095095 -32.399920 
-40.069183 16.277904 -33.354256 
-39.092334 16.468352 -33.451702 
-38.473098 16.305480 -34.219829 
-38.126776 17.208647 -33.966156 
-37.130885 17.122257 -33.993316 
-37.380699 16.367858 -34.600337 
-37.578445 15.518482 -34.110995 
-36.788646 15.372808 -33.515179 
-36.145829 15.998520 -33.073286 
-36.594667 16.740810 -32.575742 
-37.206258 17.425701 -32.971823 
-36.986743 18.398288 -32.895087 
-37.619339 18.146779 -33.627593 
-37.899617 19.090638 -33.452738 
-38.013407 18.954872 -34.436923 
-38.332409 19.450409 -35.244810 
-39.096951 19.715948 -35.832147 
-39.209618 20.246928 -36.672008 
-38.715660 20.779867 -35.984999 
-37.756323 20.552738 -36.152588 
-37.765375 19.820163 -36.833214 
-37.781969 20.279778 -37.721177 
-38.476511 20.990551 -37.832595 
-39.131713 20.294273 -38.125694 
-38.992651 19.477723 -38.685969 
-39.943461 19.205300 -38.833432 
-40.735661 19.755970 -38.570409 
-39.988131 19.702019 -37.908375 
-40.294508 18.750125 -37.913832 
-40.368169 17.756307 -37.830757 
-40.685461 16.899932 -37.423391 
-40.659930 16.684817 -36.447136 
-41.526999 16.826859 -35.969627 
-41.293397 17.466910 -35.237667 
-42.040762 18.011505 -35.618274 
-41.214871 18.480156 -35.304793 
-59.247465 -15.641386 -49.265655 
-58.273425 -15.486229 -49.430498 
-58.509735 -15.356288 -50.393449 
-57.535562 -15.396054 -50.171173 
-57.311885 -15.589438 -51.126459 
-57.019289 -16.500424 -51.417134 
-56.233795 -16.973590 -51.018244 
-56.004303 -17.792944 -50.492895 
-56.402274 -17.126900 -49.862020 
-56.720095 -17.538055 -49.007654 
-57.310217 -18.140375 -48.470098 
-57.400513 -19.123384 -48.629915 
-57.767416 -19.404411 -47.743119 
-56.877002 -19.185240 -47.344213 
-56.587949 -18.687692 -46.526353 
-56.239100 -19.574507 -46.223261 
-55.274272 -19.790758 -46.372734 
-54.566511 -19.207596 -46.771479 
-54.969715 -18.849171 -47.613476 
-54.479818 -19.543627 -48.140477 
-54.421086 -19.743542 -49.118529 
-55.301871 -19.336260 -49.360065 
-55.783248 -18.461928 -49.298267 
-55.982163 -18.007432 -48.430013 
-56.395226 -18.907501 -48.568773 
-56.498772 -19.431161 -49.414384 
-57.151692 -18.779154 -49.799846 
-57.951446 -18.199174 -49.954822 
-58.909067 -18.002937 -49.743985 
-58.843643 -18.475732 -48.865244 
-59.475647 -17.853887 -48.402775 
-60.464274 -17.890054 -48.548752 
-61.218534 -18.462063 -48.226420 
-60.819080 -19.353486 -48.440431 
-60.619793 -20.321131 -48.285682 
-59.705509 -20.711426 -48.177261 
-60.134753 -21.609472 -48.081012 
-59.153832 -21.735619 -47.933092 
-58.674986 -20.906350 -48.221224 
-57.896507 -20.822385 -47.599195 
-56.953010 -21.088721 -47.796370 
-57.096647 -21.411173 -46.860745 
-56.635838 -22.251078 -47.147476 
-56.710662 -22.982239 -47.825565 
-57.147820 -23.658850 -47.233036 
-57.597926 -23.923844 -46.380286 
-56.856697 -24.590355 -46.459933 
-56.623371 -24.633268 -45.488482 
-55.709460 -24.627802 -45.894359 
-55.791846 -25.587325 -46.163670 
-56.556860 -25.714906 -45.532419 
-57.296088 -25.369221 -44.954454 
-57.004821 -25.772826 -44.087121 
-56.660359 -25.887856 -43.155395 
-55.852727 -25.428811 -42.785250 
-55.460533 -24.850073 -42.070234 
-54.571678 -24.606838 -41.681937 
-54.372003 -25.300355 -42.374154 
-53.478718 -25.620708 -42.689457 
-52.552692 -25.501592 -43.047627 
-52.434338 -25.890909 -43.961096 
-52.188659 -26.323217 -44.828709 
-51.350414 -26.323953 -45.374001 
-51.604487 -26.091101 -46.312738 
-50.631868 -26.267673 -46.463849 
-49.814981 -26.044967 -45.931780 
-49.122755 -25.484053 -45.477688 
-49.177583 -25.698866 -44.502573 
-49.307639 -24.821139 -44.041398 
-50.270481 -24.551682 -44.059491 
-50.197069 -23.842256 -43.358544 
-51.097823 -24.252035 -43.214585 
-51.775934 -24.823562 -43.676669 
-51.676723 -24.169386 -44.426476 
-51.347966 -24.040918 -45.362112 
-51.323240 -24.401112 -46.294662 
-50.931645 -23.993104 -47.119395 
-50.243235 -23.549964 -47.693605 
-49.783599 -24.271884 -47.176337 
-48.836900 -24.269187 -46.854229 
-48.230445 -24.780431 -46.245261 
-48.318222 -25.775721 -46.286421 
-48.112596 -25.569529 -47.243084 
-47.401231 -24.964368 -47.600492 
-46.629516 -25.592924 -47.503680 
-46.320861 -24.725962 -47.894971 
-46.308922 -25.269108 -48.734525 
-45.364257 -24.969226 -48.867486 
-45.190658 -24.016192 -48.619314 
-46.035861 -23.772294 -48.143768 
-46.887808 -23.395833 -48.507725 
-46.347858 -22.862226 -47.856789 
-46.437790 -22.498650 -46.929575 
-45.759412 -22.480561 -46.195085 
-46.670555 -22.598031 -45.800092 
-34.772665 -58.981586 -22.405555 
-34.035949 -58.310705 -22.490225 
-34.210834 -57.455229 -22.002807 
-34.789958 -57.455346 -22.818046 
-34.787174 -58.337374 -23.289234 
-35.411221 -57.970740 -23.979266 
-36.251000 -58.210184 -24.466544 
-36.556285 -57.905528 -25.368755 
-36.726238 -58.333349 -26.256497 
-36.781935 -59.318487 -26.094012 
-36.802927 -59.959651 -25.326895 
-37.478774 -60.541996 -25.778674 
-38.152565 -60.953464 -25.164915 
-38.095810 -61.045929 -24.170818 
-37.167531 -61.343066 -23.947196 
-36.197512 -61.484744 -24.144655 
-36.711707 -60.891724 -24.764277 
-36.088075 -61.466262 -25.294361 
-36.005257 -60.764156 -26.001602 
-35.708642 -59.879348 -26.360954 
-34.737675 -59.808506 -26.589439 
-34.709623 -58.818757 -26.729478 
-34.752750 -58.297609 -25.877102 
-34.223410 -58.868450 -25.249457 
-33.636038 -58.104877 -24.981221 
-34.226811 -57.319414 -24.796738 
-34.825293 -56.898962 -24.114799 
-34.710112 -56.116910 -24.727275 
-35.245533 -56.777268 -25.253823 
-35.807450 -56.947826 -24.444403 
-36.275874 -56.453806 -25.176881 
-36.678631 -55.693398 -25.686358 
-37.610192 -55.665098 -26.048839 
-36.923500 -55.689769 -26.775369 
-36.955486 -56.616986 -27.148525 
-37.409563 -56.819110 -28.016258 
-37.045325 -55.934388 -28.307115 
-36.601184 -56.072349 -29.192387 
-35.870324 -56.707116 -28.941561 
-36.520460 -57.297845 -28.463687 
-36.211592 -58.004001 -27.826550 
-35.431533 -58.110893 -28.443057 
-34.930624 -57.381224 -27.977576 
-34.613947 -56.875957 -27.174817 
-35.092742 -56.051263 -27.475872 
-34.139579 -55.821679 -27.672776 
-33.454768 -55.175402 -27.336086 
-33.497391 -55.662990 -26.464053 
-33.058282 -54.873540 -26.035156 
-33.203329 -54.018441 -26.532919 
-33.058284 -53.597475 -27.428323 
-33.303192 -54.357183 -28.030705 
-34.216327 -54.436022 -27.630743 
-34.376210 -54.538177 -28.612579 
-35.240621 -54.542183 -29.115349 
-35.691172 -55.353808 -28.743505 
-36.449645 -55.015889 -29.300757 
-37.416999 -54.902057 -29.527183 
-37.741870 -54.849405 -28.582892 
-37.910970 -55.704494 -29.073022 
-38.202797 -56.637641 -28.863084 
-38.534115 -57.568660 -29.016154 
-38.948471 -58.432076 -28.728366 
-38.333446 -59.034713 -28.219866 
-39.141883 -59.159411 -27.644643 
-39.872003 -59.075017 -26.966556 
-39.094402 -58.580010 -26.578863 
-39.542106 -57.712898 -26.797216 
-40.298642 -57.337252 -27.332513 
-40.835021 -56.673018 -27.853178 
-40.815430 -55.806592 -27.354258 
-40.206513 -55.150141 -26.908957 
-39.970579 -55.579214 -26.037044 
-40.919970 -55.796288 -25.810029 
-41.907766 -55.905057 -25.921512 
-41.929407 -55.001248 -26.348900 
-41.684825 -54.077907 -26.644910 
-41.613952 -53.944247 -27.633400 
-42.581271 -53.696151 -27.581031 
-43.510079 -53.328918 -27.531477 
-43.533917 -52.349198 -27.730425 
-44.468441 -52.704766 -27.715062 
-45.215276 -52.056687 -27.864163 
-44.774296 -52.194982 -28.750961 
-44.459170 -52.677306 -29.568310 
-44.885836 -53.058751 -30.388344 
-45.763116 -53.260252 -30.823979 
-46.162206 -54.147229 -30.591602 
-46.972126 -54.057326 -30.011993 
-47.800156 -54.173210 -29.463416 
-48.238334 -54.060352 -28.571640 
-47.383019 -53.578516 -28.381192 
-46.795836 -54.227084 -28.865522 
-46.822560 -55.137664 -29.277991 
-56.394965 -38.368186 12.690845 
-56.215779 -38.914587 13.508976 
-55.539745 -38.945919 12.772772 
-54.882055 -38.430709 13.322318 
-54.256295 -37.698499 13.053443 
-54.598304 -36.803147 12.768181 
-54.516052 -35.840852 12.508907 
-54.033091 -36.528683 11.967023 
-53.815595 -37.197312 11.255947 
-53.778549 -38.074651 11.734385 
-53.709847 -38.211296 10.746150 
-54.518818 -38.720564 10.452531 
-54.132641 -39.595561 10.160561 
-53.848846 -40.534851 10.353425 
-53.903586 -41.490509 10.642770 
-54.815870 -41.088057 10.718738 
-54.933782 -41.423827 9.784203 
-54.171727 -41.454073 9.137398 
-54.509915 -40.941811 8.347957 
-55.142103 -41.309593 7.665992 
-54.581637 -40.763436 7.043424 
-54.128711 -41.650428 6.953404 
-53.593440 -40.875860 6.616464 
-53.599566 -40.161763 7.316483 
-52.800794 -39.743554 6.883975 
-51.891517 -39.382703 6.676605 
-51.756880 -40.354420 6.482594 
-52.115538 -40.501695 7.404372 
-52.522803 -41.374616 7.135778 
-52.038031 -41.529906 6.275033 
-51.748914 -41.094988 5.422239 
-52.206733 -40.784413 4.589205 
-52.801121 -41.392986 4.063524 
-53.114305 -42.325785 4.241854 
-53.208380 -42.869051 5.076127 
-52.210938 -42.865167 5.004749 
-52.478899 -42.803261 5.966188 
-51.480402 -42.840449 5.925908 
-50.923573 -43.631712 5.673237 
-50.229472 -43.852082 4.987919 
-50.249336 -44.756770 4.562307 
-49.549099 -45.460500 4.442173 
-49.846681 -45.163010 3.535010 
-49.007187 -45.179897 2.991904 
-48.754565 -44.216963 3.086456 
-47.772120 -44.047814 3.007784 
-47.110382 -44.067952 3.757249 
-46.950236 -45.012600 3.470905 
-47.564120 -45.794049 3.359171 
-48.441066 -46.234117 3.166024 
-49.210634 -46.864362 3.063278 
-49.576139 -47.605427 2.500048 
-50.128270 -47.676551 1.669329 
-50.851428 -48.235475 1.263564 
-50.612210 -48.740947 0.434544 
-50.522045 -49.736837 0.443073 
-49.619516 -49.332347 0.590821 
-48.652746 -49.194749 0.806282 
-48.222072 -50.025554 1.158819 
-47.490957 -49.695642 0.561635 
-47.617045 -48.726733 0.774511 
-46.878536 -48.110273 1.047607 
-46.788114 -47.754186 0.117539 
-47.265451 -48.351509 -0.526940 
-46.628345 -48.096541 -1.254324 
-46.118025 -47.346034 -0.834427 
-46.359999 -47.019547 -1.748131 
-46.710031 -47.498699 -2.553047 
-46.146691 -47.770797 -3.333182 
-46.296645 -46.797305 -3.505886 
-47.241354 -46.687185 -3.197018 
-47.169514 -46.183240 -2.336275 
-46.292227 -45.885703 -1.959660 
-46.810600 -45.131597 -1.556406 
-47.129058 -44.205014 -1.756477 
-47.123183 -44.719521 -2.613944 
-48.071820 -44.925795 -2.853816 
-48.960815 -45.270926 -3.154770 
-49.532403 -44.509056 -2.850073 
-49.246320 -44.411484 -3.803298 
-49.373315 -45.261457 -4.314588 
-50.024463 -44.520842 -4.480408 
-50.661407 -44.456688 -3.712171 
-51.565255 -44.555058 -4.128562 
-51.989499 -44.032258 -3.389172 
-52.106742 -44.050694 -2.396240 
-51.402482 -44.728491 -2.185032 
-51.638331 -44.345925 -1.291713 
-51.235692 -45.255066 -1.185199 
-52.110781 -45.537717 -0.792353 
-52.287332 -46.469345 -1.109998 
-45.417365 69.567114 3.210145 
-46.221505 70.158608 3.151031 
-45.870027 70.642864 3.952255 
-45.796728 70.801204 4.936915 
-46.240768 70.852194 5.831470 
-46.443365 69.966108 6.248370 
-47.248532 69.489813 5.895028 
-46.939642 69.187020 4.993416 
-46.966637 68.207040 4.796160 
-47.012923 67.219044 4.648779 
-47.329587 67.191891 3.700630 
-48.308035 66.985403 3.701617 
-49.306744 67.030466 3.725092 
-50.180628 67.260617 4.153293 
-50.565111 66.400779 4.489228 
-50.772526 66.095719 3.559757 
-51.418016 66.781286 3.896418 
-51.594010 67.663684 3.460071 
-51.045188 68.255987 4.049963 
-51.141537 68.584236 4.989627 
-52.079775 68.693374 5.317953 
-51.779789 68.222718 6.147707 
-51.463332 68.578049 7.027250 
-52.306953 69.114916 7.036067 
-52.573975 68.547410 7.814936 
-52.934774 67.722481 8.250040 
-53.212610 67.766073 9.209679 
-52.666377 68.215292 9.916667 
-51.867435 68.804273 9.795041 
-51.263196 68.984180 9.018813 
-51.510185 68.015746 9.052458 
-50.511361 67.993953 9.009136 
-50.278527 67.989041 9.981640 
-50.367342 67.408286 10.790859 
-50.112995 66.552911 10.339595 
-49.634688 65.675918 10.293689 
-49.461819 66.307571 9.537956 
-50.205714 66.876556 9.187420 
-49.504763 67.535173 9.461083 
-48.533837 67.388543 9.271865 
-48.473226 67.068833 10.217440 
-47.639699 67.598547 10.374401 
-47.688547 68.596462 10.416583 
-47.131571 69.142094 11.042732 
-46.486660 68.378826 11.081616 
-45.707531 67.980811 10.597321 
-45.124466 68.116911 11.398265 
-45.329917 67.163933 11.621030 
-44.401793 66.956375 11.930070 
-44.966526 67.460663 12.583347 
-45.218290 67.398915 13.549164 
-45.853606 67.941835 12.999973 
-46.740323 67.647924 13.356835 
-47.351601 67.017646 13.835468 
-47.612750 66.448470 14.615109 
-48.350349 67.104700 14.774198 
-49.049541 67.391818 15.428946 
-49.525214 66.534351 15.625124 
-50.179748 66.681944 16.366610 
-50.326775 65.723112 16.123662 
-49.347586 65.529691 16.185127 
-48.624442 64.905131 16.480064 
-47.934259 64.272204 16.129278 
-48.636904 64.275694 15.417745 
-48.460413 63.403612 15.874171 
-49.042656 62.608310 16.042954 
-49.750114 63.204149 15.662850 
-50.195573 64.048037 15.961882 
-50.599686 63.790777 16.839668 
-50.813861 63.108979 17.539155 
-51.273159 62.276915 17.228165 
-50.363445 62.242724 16.814339 
-50.390238 61.276739 16.557130 
-49.840802 60.451690 16.689093 
-49.657277 60.085719 15.776743 
-49.483145 60.972001 15.347579 
-49.087716 61.834183 15.030910 
-48.388149 62.047098 14.348801 
-48.448738 62.668620 15.129852 
-48.974644 63.326860 14.591202 
-49.867018 63.236314 14.149083 
-48.535765 12.896014 14.382545 
-48.395150 13.591575 15.087118 
-49.125660 13.720034 15.757829 
-48.683943 12.882066 16.078291 
-49.357899 12.932345 16.815349 
-49.663539 13.877446 16.699732 
-49.582405 14.656185 16.077652 
-49.241959 15.287403 15.380759 
-49.283510 14.479972 14.792262 
-50.211495 14.319011 15.128320 
-50.645554 15.129422 14.734841 
-49.956068 15.851165 14.674041 
-49.405788 16.639291 14.398271 
-48.935126 15.904902 13.909241 
-49.662979 15.511379 13.347662 
-50.460450 15.712078 12.778662 
-50.578817 14.895324 12.213949 
-51.427627 14.739463 12.719151 
-51.542268 15.673495 12.380859 
-52.484925 15.366781 12.512478 
-53.057474 14.548799 12.456862 
-53.490782 13.726748 12.826290 
-53.397993 13.318182 13.734290 
-53.910353 13.896873 14.368802 
-53.004627 14.236834 14.115646 
-52.483343 13.551971 14.624788 
-51.536361 13.379358 14.895768 
-52.019953 14.129396 15.346968 
-52.602614 14.816016 15.781778 
-52.142624 15.497733 15.212858 
-51.888194 15.483789 14.245867 
-51.339056 16.305279 14.399502 
-52.161526 16.854846 14.252806 
-52.625246 16.286294 13.573313 
-53.307541 16.628883 12.927474 
-53.079373 17.245394 13.681034 
-53.529111 17.205614 14.573309 
-54.135231 17.828810 14.079097 
-54.669414 17.918671 14.919675 
-55.428265 18.222546 15.495701 
-54.801668 17.699298 16.073272 
-54.641138 17.108180 16.863721 
-54.851784 17.470122 17.771810 
-55.783897 17.501244 18.132638 
-56.199193 17.121418 18.959234 
-56.391483 16.502135 18.197977 
-57.294160 16.931518 18.169617 
-57.120276 17.680246 17.529952 
-57.419059 18.275883 16.784336 
-56.670721 18.829855 17.149171 
-56.105744 18.005373 17.181275 
-55.977125 17.470565 16.346147 
-56.901216 17.189180 16.087540 
-57.743977 17.201701 16.625683 
-58.172402 17.756878 17.338585 
-58.035826 18.701503 17.636965 
-57.713901 18.200418 18.440257 
-57.632662 19.180766 18.620029 
-56.703557 18.896773 18.383152 
-56.172183 19.560002 17.856115 
-55.274181 19.927908 17.614790 
-54.474294 19.909925 17.014909 
-54.488494 20.872386 17.285957 
-53.995588 21.530433 17.855183 
-53.844743 21.393616 18.834227 
-53.068441 21.483255 19.458182 
-52.241485 21.045122 19.810579 
-51.972147 21.959090 20.114092 
-52.842725 22.286502 20.481373 
-52.481848 22.321877 21.413315 
-51.596963 22.747871 21.224880 
-51.634983 21.967961 21.849616 
-51.332263 21.811424 22.789752 
-50.384352 22.018019 23.032203 
-49.955220 21.494650 22.296044 
-50.065148 21.003910 21.431700 
-50.737220 21.644541 21.060338 
-50.141013 21.911686 20.303256 
48.779435 48.089614 33.258945 
48.244106 48.538090 33.974691 
48.173232 47.542217 33.917999 
48.590325 46.752242 33.468587 
49.540510 46.515453 33.265904 
49.377072 46.622664 32.285193 
49.966954 46.997831 31.570149 
49.462160 46.335035 31.017080 
48.966562 45.630708 31.525318 
49.827070 45.359106 31.956314 
50.300752 45.444903 32.832821 
50.965889 45.471404 33.579072 
50.396142 44.885357 34.155213 
50.564847 45.818488 34.472711 
50.964214 46.579954 33.962146 
51.370647 47.487252 34.069951 
52.356646 47.369630 34.188141 
52.161550 46.931285 33.310764 
52.088928 47.274256 32.374230 
51.890893 47.313601 31.394825 
52.806090 46.921413 31.487575 
53.104143 46.343899 30.727547 
53.647959 46.985703 30.186852 
54.350647 46.327415 29.916878 
54.476030 46.972818 29.163397 
55.157733 47.675131 29.368426 
55.881021 47.526609 28.694040 
56.421384 47.303602 29.505382 
56.470563 46.394631 29.091432 
55.858558 46.222725 29.863377 
55.999745 45.341021 30.313561 
56.811278 45.114044 29.775142 
57.155735 45.515314 30.623865 
57.889693 44.888602 30.362066 
58.140121 45.846881 30.224267 
58.796011 45.166601 29.897118 
59.018512 46.131361 29.756654 
58.398980 46.911275 29.667688 
59.032546 47.475374 29.138174 
58.336081 46.939731 28.660657 
58.447523 46.912759 27.667252 
57.828294 46.482674 27.010302 
57.390521 46.663774 27.890960 
56.817668 45.850142 27.990166 
57.717692 45.437757 28.131219 
56.912653 44.844616 28.140959 
57.506740 44.541010 27.396053 
56.657449 44.014826 27.438903 
57.147009 43.196907 27.136678 
57.611305 42.914406 27.976096 
56.831687 43.314241 28.458101 
56.783965 43.778143 29.342701 
57.576772 44.001296 29.909852 
57.826742 43.400121 30.668867 
58.453834 43.353894 31.446439 
59.432093 43.157034 31.511678 
59.510273 43.557366 30.598649 
59.466049 44.173944 31.384701 
60.424896 44.446384 31.464637 
60.612895 45.353130 31.087187 
59.705638 45.401916 31.504923 
59.811870 45.878676 32.377514 
60.130067 46.731884 32.790777 
60.556403 47.635631 32.829240 
61.090929 47.844162 32.010218 
61.237059 48.726843 31.563543 
62.232916 48.636054 31.568652 
62.495847 48.501368 30.613285 
61.662313 48.537506 30.062001 
62.441463 48.262867 29.498531 
61.930405 48.195634 28.641619 
61.038457 47.801467 28.863115 
61.079954 47.100176 29.574781 
61.392806 47.349803 30.491193 
61.682640 46.392770 30.482004 
62.671898 46.423582 30.339110 
63.524685 46.585019 29.842428 
62.864968 46.966838 29.195135 
62.924934 46.439215 28.347776 
62.365092 47.002430 27.740020 
63.006208 47.087738 26.977332 
63.136843 46.102244 27.085663 
10.145035 26.803514 -6.781455 
10.454515 25.894281 -7.059871 
9.481753 25.663032 -7.043841 
9.147019 25.164557 -7.843514 
9.984873 24.858931 -7.391193 
10.524600 24.062771 -7.664734 
10.843658 24.241284 -6.733962 
10.880195 23.317204 -6.353515 
10.666219 22.417090 -6.733001 
11.301649 21.656920 -6.868536 
11.629591 21.371190 -5.968085 
12.521466 20.970993 -6.178802 
13.373524 21.473927 -6.033698 
14.348601 21.470355 -6.255533 
15.030488 21.776381 -6.919896 
14.625958 21.848130 -7.831602 
14.470654 22.341482 -8.687455 
13.494888 22.483047 -8.854313 
13.032343 23.354971 -9.014935 
13.673493 23.883738 -8.458758 
13.179470 24.600861 -7.967153 
13.202197 25.271315 -7.225550 
12.361320 25.544976 -6.758607 
12.588848 26.030713 -5.914635 
13.184127 26.343692 -6.654694 
13.998447 25.775515 -6.773260 
14.189331 26.736895 -6.971530 
15.025670 26.639368 -6.432063 
15.119297 27.625490 -6.569166 
14.505626 28.396628 -6.738738 
13.657124 28.118172 -6.288729 
13.003754 28.273390 -7.029684 
12.715147 27.712877 -6.253455 
12.531038 28.593463 -5.816795 
13.000247 27.929598 -5.234450 
12.925692 28.231060 -4.283892 
13.570685 27.484405 -4.446652 
14.167265 28.152987 -4.002703 
13.557006 28.451082 -3.268725 
13.751939 29.292633 -3.772505 
14.285442 29.277669 -4.618171 
14.485101 30.257236 -4.594010 
13.730379 29.991429 -5.193795 
14.398072 29.805246 -5.914574 
14.833354 29.005154 -5.501800 
15.715350 29.050140 -5.032695 
15.984046 28.933182 -5.988793 
16.552245 28.222867 -5.573340 
16.027181 27.428151 -5.877862 
15.422070 27.573111 -5.095029 
15.679335 27.743613 -4.143849 
14.765997 27.336608 -4.131194 
14.425890 26.570434 -4.676450 
15.181022 26.145895 -5.175993 
15.189905 25.266518 -5.652037 
14.802451 25.237321 -4.730610 
15.012892 24.836190 -3.839090 
14.497564 23.979272 -3.850442 
15.311332 23.442017 -3.628767 
16.062036 23.929651 -4.074477 
16.621363 24.732256 -3.867166 
16.726342 25.213112 -4.737659 
17.326839 25.464026 -3.978419 
17.016871 25.604940 -3.038173 
16.555866 24.960401 -2.428219 
17.259559 25.348907 -1.833340 
16.876037 26.269332 -1.757654 
16.336940 27.084550 -1.546007 
16.308776 27.954826 -2.037766 
16.890670 28.604416 -1.548449 
17.440419 28.987794 -2.290606 
18.173153 29.634389 -2.078438 
17.477631 30.116558 -2.611131 
17.584409 29.330826 -3.220412 
17.806002 28.733821 -3.991438 
16.920297 28.451190 -3.623136 
16.962678 27.539544 -3.214350 
55.932035 -40.503686 -18.985555 
56.160721 -41.443569 -19.239171 
57.107767 -41.682404 -19.024552 
57.270683 -42.610854 -19.358378 
56.956199 -43.527791 -19.603990 
56.165590 -42.920260 -19.680436 
55.412111 -42.674450 -20.290228 
56.100603 -43.257086 -20.722100 
56.869336 -43.627035 -21.243816 
56.593374 -43.591580 -22.204330 
55.792168 -44.001648 -21.768539 
55.898054 -44.225179 -22.737467 
56.442370 -43.583183 -23.277431 
57.362941 -43.882225 -23.026187 
57.887150 -44.698132 -22.782263 
58.362745 -44.382997 -23.603542 
58.923436 -44.748899 -22.860749 
59.350991 -45.323174 -23.558893 
59.820871 -46.205273 -23.525509 
59.012376 -46.672385 -23.883477 
59.373103 -45.926770 -24.443775 
58.915365 -46.500986 -25.122562 
59.218622 -47.324665 -24.643408 
60.175080 -47.440060 -24.375320 
61.041708 -47.516090 -23.882192 
61.875309 -48.066137 -23.932772 
62.452780 -48.806514 -23.588724 
62.213938 -48.772908 -22.618247 
62.430848 -49.585070 -22.076636 
62.557450 -50.396775 -22.646816 
63.002637 -51.117438 -23.178280 
62.417138 -51.879405 -23.455042 
63.154403 -52.529971 -23.637266 
63.124045 -51.673247 -24.152147 
62.570962 -51.889767 -24.956646 
62.308908 -52.807608 -25.254798 
61.957065 -52.045639 -25.798497 
61.220447 -51.552714 -26.261550 
61.156951 -51.991658 -27.157817 
62.017767 -52.494496 -27.079387 
62.120255 -53.430079 -26.741480 
61.177447 -53.125155 -26.876144 
60.394631 -53.688773 -27.139835 
59.965626 -53.873389 -26.255600 
58.999003 -54.125187 -26.302893 
59.234556 -53.180217 -26.075856 
58.320976 -53.165160 -26.482236 
57.735709 -53.949190 -26.275455 
57.947807 -54.894366 -26.523762 
58.759310 -55.141956 -27.053065 
58.882109 -54.241687 -27.470721 
59.480070 -53.898346 -28.194986 
59.035413 -53.095587 -28.592299 
58.184034 -52.876173 -28.115841 
58.053466 -51.978809 -28.537372 
57.780412 -52.129830 -29.487442 
57.772192 -51.749673 -30.412328 
57.500104 -52.553131 -30.941879 
57.791190 -53.314002 -30.361928 
57.620833 -53.747727 -31.246722 
56.809006 -53.594602 -30.683260 
56.459470 -54.395224 -30.196610 
55.899054 -55.091246 -30.645483 
55.542385 -55.959522 -30.990279 
54.951834 -56.388711 -31.673687 
55.578436 -56.834283 -32.313090 
55.159861 -57.403992 -33.020357 
56.006104 -57.072951 -33.437831 
56.954817 -57.265266 -33.186915 
57.319610 -56.338447 -33.275973 
57.247567 -55.597276 -32.608533 
57.802859 -55.532737 -31.779386 
58.154321 -55.128588 -32.623861 
58.055763 -54.139454 -32.514769 
58.477982 -53.242124 -32.643335 
59.144530 -52.986288 -33.343522 
37.443435 15.496014 -15.410055 
36.862188 15.101463 -16.121729 
37.690827 15.034164 -16.677452 
38.512950 15.508452 -16.992355 
39.153816 15.024722 -17.588423 
39.767134 14.240563 -17.493893 
39.504883 13.401452 -17.017325 
40.227209 12.743745 -16.803623 
41.013081 12.445209 -17.345178 
41.525615 12.439187 -16.486533 
42.428628 12.047344 -16.310387 
42.872410 11.840628 -17.182354 
43.360085 11.508380 -16.375023 
43.024037 11.232509 -15.474486 
42.038632 11.247782 -15.304941 
41.596641 12.142072 -15.374865 
42.546371 12.128670 -15.062082 
42.635471 13.119479 -15.163852 
42.840394 13.168252 -14.186290 
43.551639 13.413253 -14.845156 
43.722823 14.392129 -14.733367 
42.807293 14.356659 -14.332683 
42.643596 15.086536 -13.668994 
42.515075 14.178237 -13.270904 
41.761921 14.333830 -12.631725 
41.190965 14.420656 -13.448101 
40.265074 14.687048 -13.180218 
39.404824 14.412963 -12.750280 
39.129385 15.126980 -13.393952 
38.287937 14.871380 -13.870014 
38.923574 14.712486 -14.625474 
39.757265 14.393622 -15.076345 
40.353300 14.430224 -15.878469 
41.211664 14.839321 -15.568870 
42.072437 15.179019 -15.947915 
42.905517 14.862395 -16.401486 
42.911594 15.147371 -17.360001 
43.039081 15.717025 -18.171938 
43.403363 16.423031 -17.564605 
44.389498 16.257628 -17.577994 
44.716688 15.326555 -17.739389 
44.769480 15.681879 -18.672640 
44.449746 16.359215 -19.335200 
43.585787 16.624181 -18.906986 
42.973763 17.388962 -19.108323 
43.254998 18.313403 -19.365842 
44.228676 18.094414 -19.302641 
44.754365 18.724054 -19.874659 
45.361111 19.518641 -19.852498 
45.497882 19.176536 -18.922843 
46.163029 19.917257 -19.017250 
46.727609 19.096036 -19.099989 
46.682188 18.619686 -19.978071 
46.731079 18.154828 -20.862105 
45.763825 18.053493 -21.094809 
45.033927 18.698934 -20.869741 
45.318859 19.312765 -21.605965 
44.348697 19.484961 -21.776648 
43.951854 19.138672 -20.926589 
43.362228 19.048230 -21.729186 
43.938366 18.245217 -21.576757 
43.660838 17.933606 -22.485535 
42.892536 17.810011 -21.857494 
42.571623 17.592691 -20.935655 
42.983731 16.683013 -20.884147 
42.968756 16.758098 -19.887083 
43.308664 15.830985 -19.729207 
42.347291 15.564502 -19.798117 
42.937040 15.207619 -20.522570 
42.484836 14.458883 -21.007241 
42.365586 13.532677 -21.364902 
41.429992 13.831127 -21.553558 
40.653578 14.044652 -22.146508 
40.669190 13.373960 -22.888080 
39.761042 13.768906 -23.026953 
39.434095 13.090141 -23.684512 
-6.563805 40.722014 52.839945 
-6.828965 40.362538 51.945257 
-6.031237 39.858328 51.614497 
-6.890422 39.425453 51.341695 
-6.106104 38.840496 51.548264 
-6.160820 38.680958 50.562590 
-6.117315 39.031709 49.627133 
-6.323276 38.076347 49.415327 
-6.387982 38.032235 48.418398 
-6.805877 38.581946 47.695084 
-7.319384 38.148543 46.954495 
-8.052548 37.644968 47.411531 
-8.739436 38.258938 47.022654 
-8.667979 38.803380 47.858403 
-8.746800 39.622642 47.290427 
-9.535557 39.661818 46.676971 
-10.065267 40.298210 47.237696 
-9.437392 40.809740 46.651086 
-9.997747 41.217039 45.929900 
-10.337343 41.984226 45.385750 
-9.954108 42.469288 44.599718 
-10.393475 43.007060 45.319272 
-11.325497 42.819046 45.629088 
-11.844077 42.383553 46.364901 
-11.776916 41.385978 46.383192 
-12.254120 40.910432 47.122199 
-12.330487 40.277945 47.892997 
-12.848299 39.478519 48.197607 
-12.757090 40.212253 48.870893 
-13.615238 39.913892 49.288700 
-14.262154 39.382087 49.835219 
-14.315832 40.377291 49.916990 
-15.108200 40.877430 49.567685 
-15.597660 41.302162 50.329283 
-16.178628 41.578037 49.563535 
-16.156379 40.589528 49.414019 
-16.695381 39.756552 49.539029 
-16.355557 39.467614 50.434035 
-16.810641 40.246273 50.865994 
-17.659939 40.339639 51.385586 
-17.786339 40.124732 50.417166 
-18.737922 40.426921 50.360851 
-18.986195 39.754126 51.057778 
-19.479820 39.354775 51.830341 
-19.282418 38.500092 51.350185 
-19.832625 38.392950 52.178311 
-19.233550 38.110371 52.927483 
-19.375509 37.191921 52.558296 
-20.067869 37.285932 51.842895 
-20.750350 36.690755 52.267141 
-20.959527 36.598693 53.240676 
-20.489699 35.806881 52.850424 
-20.963109 35.015681 52.463273 
-21.586907 35.728891 52.782971 
-21.846665 35.608891 51.824782 
-20.974027 35.872582 51.413722 
-20.098580 35.435727 51.206965 
-20.144073 35.286023 50.219281 
-21.055260 35.656109 50.400317 
-21.328243 34.813053 49.936920 
-21.495106 34.387360 49.047570 
-21.600370 35.379267 48.976579 
-20.724040 35.630759 49.387427 
-19.924590 35.675677 48.788377 
-19.947803 34.681105 48.686950 
-20.195849 33.716152 48.601282 
-19.516225 33.351760 49.237938 
-18.653136 33.774867 49.513726 
-19.474878 34.325392 49.660910 
-18.649728 34.867149 49.820992 
-18.852633 34.853386 48.841891 
-19.133467 34.222336 48.118767 
-19.887397 34.073749 47.478837 
-19.431605 34.897764 47.142308 
-18.768113 35.600265 47.399738 
-18.267166 34.800109 47.069886 
-18.110249 34.419311 47.981132 
-17.339668 34.216081 48.585203 
-16.943257 34.149138 49.500832 
30.677035 -54.375186 12.646745 
30.965513 -54.040428 13.543806 
31.000699 -54.529339 14.415429 
30.516360 -54.126655 15.192128 
30.682100 -53.143372 15.116729 
29.951425 -52.729175 14.573999 
29.924508 -52.359411 13.645264 
29.455249 -51.563947 13.261814 
30.094067 -50.914475 12.849384 
29.564685 -50.189837 12.408188 
28.909292 -50.941030 12.329642 
28.875382 -51.154568 11.353296 
27.907274 -51.324739 11.537168 
27.005444 -51.275371 11.107905 
27.282167 -50.314424 11.110205 
26.968942 -50.345936 10.161049 
26.092130 -50.021241 10.515696 
26.637590 -49.249813 10.188020 
26.476756 -48.271677 10.056175 
27.173643 -47.556714 10.112544 
27.392383 -46.775556 10.697305 
28.186554 -46.444152 11.206680 
28.662282 -46.292438 10.340270 
28.046366 -46.884690 9.820766 
28.183543 -46.211203 9.094407 
27.540379 -45.501164 9.381086 
26.619268 -45.126094 9.485374 
26.673262 -44.767806 8.553326 
26.202670 -43.892537 8.441756 
25.656839 -43.638323 9.240157 
26.093122 -43.405782 10.109399 
26.013914 -42.816245 10.913247 
26.393286 -41.898711 11.032442 
27.225376 -42.231603 10.588812 
27.353257 -41.521079 11.280766 
27.818436 -42.311499 11.679319 
28.427998 -43.103003 11.635097 
29.320564 -42.661147 11.545152 
28.988469 -42.243686 10.699315 
28.367545 -42.963149 10.388146 
27.652711 -43.656743 10.477252 
27.599384 -44.605675 10.166313 
27.202386 -44.835349 11.054932 
26.741886 -45.444369 11.700714 
26.853616 -46.437919 11.681346 
27.312363 -47.215322 12.111690 
27.875281 -46.884254 12.868999 
28.170687 -46.482757 13.735910 
28.712005 -46.142131 12.967179 
28.903321 -45.311037 12.444990 
29.544244 -45.217954 13.206931 
30.000453 -45.642526 13.988987 
30.757324 -46.133729 14.420110 
30.916159 -46.082740 15.406097 
31.683681 -46.676652 15.647300 
32.660589 -46.469840 15.593651 
33.310472 -46.076683 14.943205 
33.534390 -45.800338 15.877814 
32.765552 -45.212611 16.129736 
32.074542 -45.460768 15.450822 
32.374348 -44.881464 14.692849 
33.227803 -44.682907 15.174711 
32.875876 -43.922583 14.628766 
32.024877 -44.061404 14.122279 
31.320536 -43.597466 14.659554 
30.627895 -43.866808 13.990447 
11.362535 -20.669706 -49.299655 
11.283380 -20.333631 -50.238158 
12.015007 -20.989322 -50.424681 
11.503918 -21.560057 -49.781992 
12.134356 -21.773365 -49.035636 
11.534520 -22.245905 -48.389956 
11.119705 -22.033989 -47.505072 
11.824792 -21.786448 -46.840560 
12.667581 -21.598326 -46.336261 
13.335184 -21.767030 -47.061413 
13.432503 -22.754717 -47.183900 
14.328828 -23.195160 -47.235005 
14.425238 -22.344668 -47.752083 
15.069322 -21.720101 -47.310414 
15.301444 -20.776543 -47.546673 
15.585697 -19.846658 -47.313193 
16.077799 -19.864465 -46.442837 
15.803109 -20.146400 -45.523567 
16.025086 -19.446867 -44.844318 
16.926624 -19.220116 -45.212848 
17.889615 -18.994869 -45.360874 
17.854814 -18.257960 -44.685777 
18.463318 -19.032804 -44.514488 
19.081728 -18.789902 -43.767115 
19.429991 -19.688182 -44.035082 
18.778060 -19.671909 -43.276978 
18.071964 -19.548892 -42.579630 
17.205850 -19.422835 -43.063320 
17.427354 -20.136044 -43.728353 
18.033380 -20.513713 -43.028282 
18.896788 -20.991493 -42.866252 
19.819363 -20.648876 -43.043646 
20.718792 -20.752704 -43.468203 
20.883694 -20.503245 -44.422445 
20.865735 -19.552793 -44.112093 
21.770442 -19.151269 -44.254514 
22.504704 -19.713275 -44.635314 
22.418042 -20.651896 -44.301428 
23.315999 -20.221568 -44.209286 
23.762970 -19.991297 -43.344883 
23.954049 -19.838188 -42.375323 
23.379400 -20.270613 -41.680495 
22.381394 -20.286856 -41.741492 
21.412008 -20.046127 -41.693111 
21.561150 -20.740051 -40.988677 
22.021082 -21.052408 -40.157476 
22.597613 -21.869428 -40.166947 
21.714173 -22.279763 -40.393130 
22.482369 -22.497838 -40.995058 
22.601972 -23.175727 -41.720428 
23.559995 -23.083254 -41.991799 
22.878133 -23.369969 -42.664747 
22.739129 -24.353746 -42.551340 
23.464290 -24.302094 -43.237979 
23.556207 -24.039326 -44.198449 
24.255922 -24.652648 -43.832069 
24.575328 -25.562439 -43.567003 
25.200651 -25.803844 -44.309091 
25.649729 -26.413812 -43.656199 
25.633719 -27.390553 -43.870026 
25.717111 -28.149277 -43.223974 
25.741544 -28.872091 -43.914584 
-15.512165 -29.371066 -4.845055 
-14.621003 -28.933055 -4.726827 
-13.920947 -28.384508 -4.269644 
-14.472033 -27.552419 -4.332355 
-15.180521 -26.868989 -4.508332 
-16.052351 -26.890243 -4.018986 
-15.424483 -26.642211 -3.281245 
-15.910805 -27.172836 -2.587035 
-16.477329 -27.464625 -1.816379 
-16.151818 -27.025902 -0.978785 
-15.353889 -26.452928 -0.791673 
-15.296053 -25.671532 -1.413022 
-15.873865 -24.940820 -1.776607 
-16.708641 -24.514029 -1.428759 
-16.030445 -23.905595 -1.016620 
-15.476801 -24.589218 -0.541081 
-15.242468 -25.052911 0.313365 
-15.641650 -24.246149 0.749013 
-15.084539 -24.483437 1.544827 
-15.149554 -24.097705 2.465145 
-16.102377 -24.312864 2.251054 
-16.600035 -25.072977 1.833245 
-15.846222 -25.729277 1.865408 
-16.456773 -26.195660 1.225319 
-16.776771 -26.546624 0.345304 
-16.441282 -27.457558 0.105209 
-15.542408 -27.871845 0.248011 
-15.457627 -27.138889 0.922983 
-14.718810 -27.201584 1.593967 
-14.791921 -26.595223 2.385788 
-14.436819 -25.718978 2.711513 
-13.888989 -25.661400 3.546119 
-14.577819 -26.378913 3.649507 
-14.432438 -27.366971 3.598474 
-13.587170 -27.491808 4.118029 
-13.664170 -26.890991 4.913698 
-13.735754 -27.252593 5.843278 
-14.069120 -26.579413 6.503351 
-13.158303 -26.318998 6.183046 
-12.647134 -25.498540 6.439084 
-13.339128 -24.783509 6.538453 
-14.199764 -24.488962 6.123064 
-13.584535 -24.908933 5.455893 
-13.383797 -25.723455 4.911597 
-13.020775 -25.046469 4.271358 
-13.022106 -24.165268 4.744099 
-12.049166 -24.016596 4.567224 
-11.663175 -24.366230 3.713546 
-11.626246 -25.049311 4.442954 
-11.524002 -25.731687 5.166770 
-10.540388 -25.554778 5.132033 
-10.374218 -26.474107 5.488717 
-10.115805 -26.646904 4.538262 
-10.000483 -27.631175 4.672097 
-10.359101 -28.150221 5.447973 
-9.647637 -27.537587 5.792210 
-8.744902 -27.967714 5.799961 
-9.405116 -28.715305 5.872237 
-9.240202 -28.733222 6.858382 
-10.079677 -28.202781 6.976346 
41.940735 -12.789986 44.650945 
42.816845 -13.177774 44.937393 
43.600587 -13.745178 44.684803 
42.745448 -14.072343 44.282682 
42.005699 -13.850895 44.918081 
41.079066 -13.891477 44.544310 
40.937186 -14.636220 45.196405 
41.548022 -15.289023 45.644432 
41.246853 -16.231619 45.500177 
40.501414 -15.566682 45.453498 
40.099134 -14.704367 45.761040 
40.033628 -13.887623 45.187770 
39.042135 -13.997530 45.257503 
38.351840 -13.277396 45.187503 
39.143101 -12.751198 45.498984 
39.013134 -12.825608 46.487707 
39.078544 -13.769971 46.810042 
39.010992 -14.530505 47.455817 
39.923693 -14.443457 47.056567 
39.848515 -15.366470 47.433919 
40.461968 -15.800263 48.093842 
40.443442 -15.779205 49.093449 
40.929386 -16.209736 49.854041 
41.250168 -17.019834 50.344797 
42.029815 -16.401309 50.246931 
42.036768 -17.168337 49.605355 
41.549832 -17.361991 48.753656 
41.001750 -18.034723 48.256626 
40.034482 -17.998316 48.507758 
39.838554 -17.792137 47.549059 
38.933059 -17.629515 47.157098 
37.939596 -17.524454 47.112465 
37.711897 -18.451541 46.814703 
38.620015 -18.730344 47.127096 
37.973081 -19.062188 47.813649 
37.046757 -18.986835 47.444534 
36.349016 -19.693656 47.328076 
36.495685 -19.548439 46.349608 
35.997650 -20.414778 46.387271 
36.229726 -20.894099 45.540872 
37.087153 -21.345204 45.293237 
37.086900 -22.345187 45.287354 
37.741299 -22.542994 46.017172 
38.053908 -22.810896 45.105852 
37.706459 -22.192226 44.401206 
36.736161 -21.963268 44.323103 
36.418651 -21.489992 43.501400 
37.214618 -20.912343 43.320411 
38.113132 -21.346673 43.256922 
38.769104 -20.680027 43.610876 
38.118563 -19.995169 43.939152 
37.472273 -19.909420 43.180893 
37.589557 -18.938066 43.387571 
38.363864 -18.975778 42.755885 
37.893036 -18.142245 42.466846 
38.399015 -17.512963 43.056753 
38.639669 -17.583666 44.024786 
56.859035 38.904814 75.390145 
57.210116 37.968470 75.389299 
57.487195 38.383155 76.256053 
57.204986 39.337800 76.350982 
58.049309 39.825515 76.129051 
59.005955 40.062296 75.959455 
58.861278 40.818342 75.321126 
59.727953 41.282632 75.138617 
59.342185 42.085601 74.684277 
58.572246 42.555678 75.115809 
59.179536 42.177373 75.814439 
58.450434 42.638413 76.320258 
59.159514 43.331516 76.449925 
59.520913 43.138705 75.537667 
58.765118 43.789500 75.610056 
58.578390 44.534139 76.250872 
59.329675 44.246988 76.845107 
59.536161 44.272170 77.823232 
59.069046 44.219485 78.705858 
58.255833 44.800329 78.741976 
58.420363 44.403501 77.838949 
58.478064 43.488784 77.438995 
57.746734 43.187152 78.050693 
57.738266 42.712316 77.170659 
57.388843 42.296676 76.330929 
56.938145 42.780995 75.581058 
57.126892 43.010619 74.626256 
56.576082 42.589614 73.905588 
56.688378 43.446839 73.403038 
56.576534 44.064860 72.624874 
56.053216 44.210797 71.785326 
55.772331 45.132146 72.054064 
55.209959 45.368158 71.261577 
55.753299 46.193121 71.105954 
56.536416 46.713434 70.765363 
57.437822 47.134678 70.865466 
57.640557 47.598531 70.003063 
57.833673 47.365151 69.050046 
58.458086 48.007459 68.605581 
65.092135 3.808014 17.305145 
65.684944 4.145673 16.574007 
65.990066 4.256643 15.628181 
66.296033 3.378703 15.259934 
65.863464 3.529061 14.370959 
65.120901 3.485964 15.039347 
64.920164 3.363535 14.067382 
64.412576 4.053285 13.551049 
65.225164 4.175461 12.981159 
65.489040 4.040428 12.026102 
66.256001 4.165479 11.396710 
66.730323 4.346551 10.535181 
65.914867 4.626358 10.028485 
65.207319 5.333023 10.028020 
65.610868 6.128459 10.480160 
65.180670 5.675079 11.260786 
65.554436 6.591447 11.404204 
65.999567 6.508156 12.295788 
66.636814 7.214295 11.987106 
67.519694 6.942761 11.603971 
68.096186 6.567016 10.878387 
69.022849 6.728868 10.539124 
69.273782 6.438105 9.615821 
69.779053 5.595697 9.803040 
69.776916 4.994355 9.004051 
69.933036 4.357868 8.248729 
69.437304 3.581234 7.860028 
68.778092 3.706409 7.118562 
69.483612 4.251236 6.665347 
68.776958 4.014109 5.998706 
69.583558 3.780079 5.455912 
70.019181 4.468589 4.876096 
70.745833 4.217811 5.515695 
70.942527 4.348242 6.487445 
70.343315 4.639119 7.233325 
71.163387 5.188654 7.073658 
72.091906 4.822669 7.136166 
72.584931 5.500239 7.681900 
72.247424 4.730063 8.223119 
71.541375 5.322636 8.610872 
72.024269 5.664833 9.416921 
72.979523 5.511210 9.669682 
73.636460 6.208300 9.956909 
74.552078 6.246276 9.556656 
75.371956 5.831804 9.951640 
75.914976 6.662793 9.830868 
76.421071 6.264931 10.596097 
76.641496 5.297070 10.475032 
76.803771 5.368322 11.459201 
77.551094 4.707538 11.389392 
78.441210 4.477780 11.782972 
78.421526 3.518824 12.065845 
77.630631 2.935596 12.251124 
78.046282 2.701287 13.129949 
77.772026 1.863069 12.658597 
77.447279 1.392684 11.838061 
77.961764 2.171845 11.479992 
78.604073 1.505503 11.101274 
79.411762 1.403754 11.682037 
79.236700 1.804173 12.581491 
78.784124 2.480209 11.999985 
79.658394 2.500647 11.514976 
80.177595 1.917754 12.140009 
81.080952 1.614049 11.837174 
81.976691 1.772317 11.421719 
82.265365 1.575088 10.484826 
82.738099 0.696347 10.418963 
83.658796 0.731065 10.807693 
83.394151 1.158441 11.672165 
83.685758 0.914392 12.597046 
84.177775 0.496290 11.833430 
83.747347 -0.380744 11.620024 
82.915330 0.044173 11.976664 
82.018984 0.456088 12.140649 
82.302345 0.546313 13.095409 
81.726677 1.155682 13.640638 
81.588384 0.651066 14.492834 
80.795994 0.041054 14.491001 
81.083039 0.277483 13.562719 
81.599376 -0.321533 12.950694 
80.882204 -0.177489 12.268847 
80.188013 0.267428 12.834663 
79.697699 -0.149568 12.069348 
78.714371 0.031089 12.048612 
78.965085 0.452549 12.920113 
78.001443 0.612711 13.133990 
78.227816 0.381416 14.080170 
78.105696 1.351072 13.868382 
77.238375 1.814741 13.687372 
76.386737 1.669756 14.191050 
76.627430 0.747487 13.888580 
76.820826 -0.076023 14.421899 
77.435113 -0.436769 13.720105 
76.927815 -1.108885 13.180745 
77.603952 -1.835492 13.058761 
77.555381 -2.742769 12.641041 
78.134885 -3.460455 12.254904 
78.045143 -3.854825 13.169463 
77.537621 -3.155218 13.672426 
78.262887 -3.489620 14.274227 
78.860880 -3.683903 15.051825 
78.428560 -3.107524 15.745284 
78.878263 -3.138173 16.637936 
78.947663 -2.258753 17.108897 
79.628365 -1.689689 17.570211 
80.579592 -1.686017 17.261743 
80.664032 -0.818093 16.772277 
