14.224118 -27.556001 -19.194558 
13.917424 -28.365680 -19.694917 
14.342945 -29.225106 -19.978322 
13.735946 -29.444413 -20.742165 
13.432734 -30.072232 -20.025293 
12.925677 -30.391895 -20.825736 
13.446419 -30.558896 -21.662957 
13.400914 -31.394427 -21.115401 
13.543466 -31.704067 -22.055508 
13.331128 -32.394763 -22.746777 
13.696549 -32.853995 -23.556452 
13.511474 -33.774593 -23.900322 
12.637150 -33.717995 -24.382352 
11.879334 -34.323198 -24.626164 
11.619921 -33.521046 -25.163990 
12.395840 -33.310719 -25.758727 
12.894492 -32.467408 -25.959157 
13.700886 -33.023222 -26.161145 
14.046580 -33.853266 -25.723512 
14.862833 -33.605620 -26.245433 
15.785829 -33.988489 -26.284015 
16.215177 -34.515502 -27.017444 
16.202803 -35.245972 -27.700277 
15.285768 -35.598222 -27.887273 
14.949284 -34.784053 -28.360461 
14.344841 -34.160718 -28.856548 
13.368642 -34.105430 -29.066259 
13.075377 -34.239306 -30.012870 
13.478355 -34.617596 -30.846240 
12.861764 -35.207794 -31.367279 
12.037595 -35.713758 -31.621728 
11.427485 -36.321820 -31.113764 
11.659086 -36.006699 -30.193405 
11.766197 -36.062436 -29.200721 
11.995096 -37.011144 -29.418801 
11.781863 -37.296434 -30.353221 
11.123925 -37.322555 -31.105839 
10.177336 -37.379648 -30.788491 
9.617706 -37.747598 -31.531072 
8.685749 -37.756295 -31.168608 
7.732754 -37.560546 -31.399871 
7.035721 -36.911818 -31.094427 
6.370619 -36.568627 -31.757647 
6.129221 -35.677003 -31.374589 
5.886745 -36.451697 -30.790591 
5.591476 -37.342845 -31.135078 
5.942538 -37.657084 -30.253029 
4.958152 -37.698668 -30.424072 
4.760663 -38.557952 -29.952237 
4.039966 -39.152547 -30.308679 
3.773360 -39.547539 -31.187828 
4.754189 -39.542797 -31.382639 
4.686240 -40.039836 -30.517576 
5.604395 -39.646883 -30.466789 
5.427552 -40.431207 -29.872178 
6.424514 -40.491855 -29.823306 
7.352372 -40.779311 -30.060894 
8.317211 -40.914425 -29.835436 
8.104938 -40.109844 -29.280830 
7.478494 -39.359197 -29.070834 
8.160931 -38.868964 -29.613007 
8.939128 -38.735382 -28.999357 
9.894834 -38.932229 -29.218166 
10.605138 -38.687555 -28.558165 
10.258119 -38.088291 -27.836735 
10.486239 -37.130620 -27.661157 
11.038799 -37.626292 -28.331222 
11.522819 -37.133303 -27.608251 
12.040384 -36.438674 -28.107869 
12.708659 -36.070236 -27.461601 
13.502260 -35.746768 -26.946270 
13.922572 -36.557829 -26.539432 
13.683381 -37.298993 -25.912166 
13.632069 -38.257172 -26.193698 
12.839684 -37.820274 -25.767969 
12.117416 -37.626675 -25.104004 
11.944074 -37.823937 -24.139100 
11.658946 -38.492850 -24.825582 
11.506582 -39.412620 -25.187256 
12.091043 -40.061449 -25.674520 
12.157080 -39.261555 -26.271017 
12.426056 -38.750744 -25.454485 
13.145647 -39.440118 -25.537861 
14.032066 -39.410507 -25.999798 
14.731438 -40.123298 -25.946807 
14.885771 -39.550520 -25.141756 
15.813133 -39.303006 -25.422358 
15.776769 -38.663250 -26.190075 
16.145068 -38.047509 -25.493499 
15.991959 -37.081964 -25.283067 
16.406448 -36.275738 -24.860932 
16.484433 -35.279785 -24.905609 
16.841080 -34.435725 -24.505152 
17.689798 -34.032988 -24.162398 
18.029284 -34.814302 -24.686133 
18.203106 -35.798550 -24.718415 
18.568394 -35.674914 -25.641063 
18.935473 -34.872689 -26.111901 
18.726128 -35.688275 -26.651340 
18.575151 -36.170299 -27.514392 
17.821943 -36.343954 -28.148838 
17.219763 -35.623564 -28.492959 
17.432005 -34.898238 -29.147830 
16.771029 -34.435836 -29.738841 
16.690689 -33.883002 -28.909431 
16.869355 -32.957080 -28.576645 
15.935251 -33.051934 -28.920816 
16.265258 -32.127482 -29.111824 
16.384339 -32.007627 -28.126200 
15.674167 -31.326832 -27.946828 
14.695565 -31.211998 -27.776092 
14.685045 -30.261018 -28.085166 
15.056946 -29.560085 -27.476576 
15.994677 -29.374923 -27.182679 
16.246219 -30.056740 -27.869594 
16.672836 -30.284594 -28.744854 
16.208706 -30.941084 -29.339500 
16.406761 -31.278214 -30.259890 
16.737239 -32.149951 -30.621634 
17.380433 -31.519374 -30.187268 
18.062757 -31.848891 -29.534694 
18.764523 -31.312900 -29.065399 
18.249211 -30.458009 -29.125521 
-14.456682 54.529899 9.998142 
-14.262650 54.620703 10.974926 
-15.165080 54.618065 11.405754 
-14.766225 54.706016 12.318541 
-14.922120 55.241072 13.148849 
-14.582570 55.985564 12.574012 
-13.735394 55.693898 12.129915 
-13.836716 55.933450 11.164333 
-14.786454 55.724719 10.931031 
-14.469190 55.909269 10.000824 
-14.844324 56.476205 9.267436 
-15.791230 56.192314 9.418350 
-15.554713 55.221629 9.461121 
-15.960083 54.410525 9.882767 
-15.767497 53.962347 9.009814 
-16.107433 53.023175 8.960828 
-15.731643 53.147799 8.042542 
-15.010180 53.007086 8.720547 
-14.729915 52.669294 9.619073 
-15.635139 52.777889 10.029897 
-16.287852 53.477664 10.320209 
-16.446086 54.283886 10.890268 
-16.392499 54.665097 11.813202 
-17.288313 54.259920 11.630586 
-17.186412 54.034134 12.599419 
-17.626351 54.589547 13.305089 
-17.328865 53.740416 13.741527 
-16.376382 53.707211 13.438751 
-15.852136 53.967949 14.249418 
-15.127348 53.567146 13.689026 
-14.330257 53.361639 13.121211 
-13.827311 53.489688 13.975991 
-13.169760 53.226786 13.269939 
-13.158512 53.644904 12.361617 
-12.665107 54.337143 11.834969 
-11.867980 53.766898 11.636450 
-10.904187 53.625012 11.410679 
-11.118379 54.263453 10.671413 
-11.786139 54.414150 9.942450 
-12.244265 53.526808 9.890055 
-12.081285 52.637678 10.317705 
-11.885498 52.241460 11.214745 
-12.655709 52.314963 11.848285 
-13.132384 51.731928 11.190372 
-13.585368 51.149113 11.865007 
-13.993835 50.778435 11.030889 
-14.845105 51.289411 10.911551 
-14.348367 52.123882 10.672992 
-13.596915 52.753495 10.475744 
-12.923497 52.669145 9.741311 
-12.709165 52.675191 8.764568 
-13.376575 53.403408 8.608802 
-13.995476 53.571959 9.375974 
-13.611038 54.424011 9.020707 
-13.586764 55.279863 9.537358 
-13.295854 55.902566 8.810989 
-12.395086 55.468266 8.810562 
-12.344767 55.311045 7.824281 
-12.571202 54.726496 7.045160 
-12.460812 53.860435 7.532759 
-12.534401 52.877629 7.363417 
-11.904245 52.101757 7.393846 
-12.548428 51.665991 8.022443 
-12.242636 50.815678 7.594122 
-11.286878 50.760730 7.883099 
-10.494908 51.073244 7.358582 
-10.517758 51.312730 6.387951 
-9.953053 52.132211 6.290184 
-9.836045 52.796427 7.028511 
-10.372323 53.540083 7.427737 
-11.248267 53.136092 7.691394 
-11.679167 53.550635 6.889845 
-11.502970 54.325725 6.283060 
-11.275884 55.248242 5.970977 
-10.309163 55.019576 5.856249 
-9.939241 55.854521 6.263711 
-10.797621 56.367271 6.247233 
-11.354579 56.327341 5.417653 
-12.226997 55.849937 5.312901 
-12.832080 55.077601 5.506216 
-13.126633 54.400702 4.831645 
-12.856298 53.854057 5.624171 
-13.742749 53.477845 5.354600 
-13.649487 52.671307 4.770820 
-14.271007 53.326324 4.341092 
-14.653972 53.858602 5.096087 
-15.020686 52.928962 5.132023 
-14.913614 53.058201 6.117839 
-15.026898 53.168526 7.105257 
-15.807631 52.555582 6.983783 
-14.905351 52.128823 6.922394 
-15.151373 51.168549 6.790685 
-15.858789 51.456545 6.145223 
-15.929831 51.368088 5.151680 
-16.003571 50.878599 4.282794 
-16.988589 50.786804 4.136803 
-16.770318 50.899374 3.167429 
-15.826681 50.985689 2.847900 
-15.032956 50.384724 2.753870 
-14.374431 49.738017 3.138727 
-14.549176 49.661389 2.157100 
-14.861184 50.520673 1.751781 
-15.713127 50.007066 1.853769 
-16.035485 49.193943 2.338451 
-15.997544 48.446246 1.675495 
-15.410785 48.360664 0.870268 
-15.064680 49.072214 0.258788 
-14.632648 49.389754 -0.585319 
-15.097769 50.262936 -0.439662 
-15.741200 50.792831 -0.992119 
-15.611301 51.551205 -1.630863 
-15.293137 50.966542 -2.377148 
-15.064727 50.209817 -1.764615 
-15.655221 49.426840 -1.960231 
12.820618 12.666999 -4.666258 
12.562225 12.955661 -5.588162 
12.652606 12.692608 -6.548701 
11.780670 13.065703 -6.231640 
11.541587 13.974409 -6.573826 
11.508716 13.597585 -7.499528 
11.539914 12.612243 -7.331810 
11.926974 11.708173 -7.513033 
11.509448 12.158291 -8.302378 
11.118737 12.587102 -9.116913 
10.454573 13.098380 -8.571494 
9.824844 13.561318 -7.947691 
9.883665 12.716093 -7.416527 
9.646455 12.205626 -6.589995 
10.212621 11.671400 -7.217736 
10.096062 10.679008 -7.257378 
9.455312 11.170255 -6.667364 
8.796249 10.695879 -7.250975 
8.642638 9.952988 -6.599425 
7.668589 9.827999 -6.410731 
6.902096 10.467351 -6.349755 
6.510833 9.555285 -6.227080 
6.003290 8.784780 -5.841435 
6.745904 8.603735 -6.486219 
7.527311 8.649406 -7.108567 
7.595075 8.903307 -8.073421 
6.636719 8.618386 -8.054090 
6.100241 9.449971 -8.197818 
5.907988 10.316729 -8.658003 
5.022771 10.745197 -8.839123 
5.130168 10.612385 -9.824429 
4.501349 9.962857 -9.396994 
4.175777 9.235858 -8.792448 
4.216412 8.555654 -8.060553 
3.424122 8.459404 -8.663058 
2.677554 8.189179 -8.055099 
2.285389 9.095623 -7.898365 
2.298142 10.003281 -7.478849 
2.184108 9.459434 -6.647449 
2.579132 8.615899 -6.283575 
3.330915 8.400332 -6.906755 
3.941454 9.173823 -6.736597 
4.539608 9.905994 -6.410811 
4.405893 10.763525 -5.914060 
3.641316 11.406501 -5.869295 
3.115176 10.857596 -6.518818 
3.778899 11.147470 -7.208344 
2.904896 11.539797 -7.495045 
3.326567 12.216950 -6.892004 
3.401484 13.200125 -7.058599 
3.077895 13.560751 -6.183819 
3.135437 14.535982 -6.397392 
3.622364 14.952768 -5.629804 
4.614401 14.961525 -5.755446 
5.045887 15.797004 -6.095731 
4.206494 16.088831 -6.554269 
4.605344 16.747985 -7.191791 
4.482654 16.560350 -8.166337 
3.803819 17.261015 -7.946673 
3.062059 16.973505 -8.552585 
3.454081 16.222722 -8.020943 
3.368697 15.783700 -8.915353 
4.034263 15.195110 -8.456458 
4.910486 14.922854 -8.854088 
5.701231 14.964522 -9.464814 
5.900823 14.845364 -8.492207 
6.364502 14.069677 -8.920357 
6.009915 13.568272 -8.131141 
6.929080 13.252944 -7.895123 
6.775882 13.984526 -7.230805 
7.560994 14.478610 -6.857333 
8.396854 14.386880 -7.398557 
7.660282 14.487887 -8.067332 
8.109265 15.381319 -8.081225 
8.534412 16.193307 -7.681318 
8.146179 17.046525 -8.029591 
8.540729 17.123846 -8.945206 
8.078963 17.889463 -9.393094 
7.146806 17.886369 -9.755134 
6.895102 17.910273 -8.787626 
6.901829 16.963432 -8.465994 
7.735381 16.504445 -8.773438 
8.527847 15.953225 -9.034502 
8.915345 15.171826 -9.523644 
8.113990 14.623502 -9.762749 
8.763177 14.026705 -9.291167 
9.458855 13.359270 -9.025530 
9.842039 14.276844 -8.919564 
9.020472 14.488367 -8.390143 
9.585724 15.255225 -8.086139 
10.177448 14.906545 -7.359307 
10.798174 14.686744 -6.606720 
10.860314 14.743489 -5.610267 
9.952457 14.367664 -5.424388 
9.717290 15.153750 -5.996022 
8.870891 15.249835 -6.519832 
9.461625 15.980342 -6.862460 
9.493435 16.661523 -6.131036 
10.126453 17.144985 -5.526427 
11.019230 17.110347 -5.077262 
10.673846 18.015117 -5.326462 
-30.346602 -8.183501 -16.740258 
-30.453531 -7.285501 -16.313454 
-29.924196 -6.523154 -16.685786 
-30.005996 -7.296062 -17.315010 
-30.227994 -7.984800 -18.005196 
-31.037005 -8.565627 -17.914967 
-31.783837 -9.158266 -18.216665 
-31.982593 -9.656931 -17.372965 
-32.276042 -10.589319 -17.161921 
-33.179779 -10.966453 -17.364479 
-33.143252 -10.159235 -17.953602 
-33.832841 -9.594768 -17.499900 
-34.099403 -9.780449 -18.445663 
-34.856311 -9.902539 -19.087678 
-34.967470 -10.267977 -18.163504 
-35.369619 -9.520157 -17.635260 
-35.701527 -10.071001 -16.869487 
-35.388134 -9.206774 -16.475920 
-36.159512 -8.589068 -16.628945 
-36.175816 -7.771065 -16.053962 
-37.041999 -7.321203 -16.271566 
-37.190675 -6.346240 -16.106215 
-36.693678 -6.077505 -16.931306 
-36.907032 -6.870778 -17.501566 
-36.753021 -7.851516 -17.381426 
-36.496789 -8.767349 -17.690611 
-37.140072 -9.259716 -17.104299 
-38.030370 -9.400805 -16.671330 
-37.645115 -10.320668 -16.745022 
-38.602553 -10.379359 -16.462415 
-38.832001 -11.276577 -16.839713 
-39.596974 -11.918832 -16.791492 
-39.851294 -12.528562 -16.040792 
-39.332825 -13.382846 -16.078057 
-38.498113 -13.624112 -16.573079 
-38.442271 -14.295638 -15.834205 
-37.704864 -14.344610 -16.507876 
-38.033544 -15.243984 -16.796141 
-37.319699 -15.337895 -17.490120 
-38.155035 -14.993902 -17.918935 
-39.097460 -15.261027 -18.120132 
-39.065727 -16.219212 -18.404517 
-38.804246 -17.043312 -17.902036 
-39.316761 -17.533297 -18.607191 
-38.866711 -18.404327 -18.410311 
-39.692048 -18.565398 -17.869132 
-39.788265 -18.973398 -16.961234 
-40.385766 -18.186395 -17.114915 
-39.767669 -17.482788 -16.764354 
-39.869485 -16.560121 -16.392440 
-39.722550 -15.582085 -16.244605 
-39.926105 -14.866838 -16.913176 
-40.865352 -15.170168 -17.073814 
-41.852003 -15.007400 -17.079087 
-42.705844 -14.927652 -17.593475 
-42.230156 -14.368521 -18.272515 
-41.920671 -13.835999 -17.484708 
-41.827804 -12.891525 -17.799898 
-41.168223 -12.144781 -17.885495 
-41.437610 -11.438439 -17.230887 
-41.956005 -10.885381 -16.578664 
-41.098417 -10.957802 -16.069450 
-41.581801 -10.099504 -15.897217 
-41.710734 -9.265564 -15.360635 
-41.630654 -8.749639 -16.213518 
-42.365813 -8.096486 -16.394988 
-43.318138 -8.369961 -16.259752 
-43.156302 -9.060466 -15.554762 
-42.993552 -10.027616 -15.750041 
-42.926665 -10.840467 -15.171423 
-42.841984 -11.742100 -15.595554 
-43.758777 -11.346931 -15.653291 
-44.578712 -10.774743 -15.670801 
-45.525246 -10.775382 -15.993403 
-45.496894 -9.775955 -15.974949 
-46.022100 -9.008737 -15.606796 
-46.103632 -8.443281 -16.427534 
-45.366924 -8.084515 -17.000726 
-45.349948 -7.240826 -16.464162 
-44.729558 -6.747114 -17.073559 
-44.780261 -5.879024 -16.579748 
-43.880454 -5.455599 -16.684913 
-43.580923 -5.635091 -15.747862 
-42.651151 -5.279372 -15.842673 
-41.667778 -5.460172 -15.825686 
-41.815841 -6.289982 -16.363732 
-41.740346 -6.689469 -17.277357 
-41.310208 -6.050602 -17.915190 
-41.395544 -6.882308 -18.463808 
-40.474615 -7.262325 -18.550276 
-39.504506 -7.021923 -18.583381 
-39.322627 -6.948215 -19.563935 
-38.473251 -7.246400 -19.999419 
-38.491515 -7.492837 -20.968405 
-38.058616 -8.322765 -20.616528 
-37.542753 -8.009796 -21.413984 
-37.453710 -7.204301 -21.999858 
-38.022216 -7.166099 -22.821650 
-41.660002 -55.898001 -40.327858 
-40.767476 -55.744562 -39.903766 
-40.187188 -55.891965 -40.704727 
-39.835010 -55.222372 -40.050804 
-39.572791 -54.334021 -39.673877 
-38.617853 -54.038609 -39.645174 
-38.470369 -53.051406 -39.584513 
-38.990292 -52.969838 -40.434823 
-38.539492 -52.207183 -40.898652 
-39.372356 -51.682178 -40.723413 
-39.657627 -50.751270 -40.951513 
-39.599686 -50.963861 -39.976091 
-39.635879 -49.970579 -39.866174 
-39.929799 -49.693437 -38.951405 
-40.890320 -49.696359 -38.673210 
-41.529987 -49.008293 -39.015835 
-41.957231 -49.654773 -39.647916 
-42.494727 -49.907328 -38.843358 
-42.601447 -50.231937 -37.903549 
-42.080185 -49.668114 -37.262933 
-42.169964 -49.881604 -36.290121 
-42.430890 -49.044353 -35.809571 
-41.900860 -48.467145 -35.188363 
-41.129325 -48.191996 -35.761972 
-40.425193 -48.688180 -35.254036 
-40.149194 -48.887161 -36.194372 
-39.439274 -48.220634 -35.966877 
-38.831620 -48.996272 -35.796170 
-38.847234 -48.610033 -36.718437 
-37.858264 -48.758087 -36.714306 
-37.379184 -49.327279 -36.046097 
-37.704464 -48.524323 -35.546643 
-37.394973 -47.608447 -35.802352 
-36.562783 -48.141349 -35.955571 
-36.389367 -47.200171 -35.665553 
-35.752794 -47.629297 -35.024753 
-36.015849 -48.559370 -34.768303 
-36.776028 -47.981013 -34.472281 
-37.477132 -47.268457 -34.499060 
-37.908299 -47.627277 -33.671205 
-37.070515 -47.738722 -33.136697 
-36.885130 -47.970467 -32.181748 
-37.754905 -48.331440 -31.845311 
-37.863286 -47.970636 -30.918989 
-37.629674 -48.863124 -30.533127 
-38.487515 -48.883391 -31.046643 
-38.604604 -49.803392 -31.420659 
-37.982999 -50.290065 -32.034464 
-37.320057 -50.347437 -31.287995 
-37.593824 -51.020257 -30.600707 
-37.030743 -51.179216 -29.789737 
-36.719210 -52.122715 -29.676788 
-36.370478 -52.894752 -29.145427 
-37.071774 -53.362965 -29.682977 
-36.803136 -54.321526 -29.777807 
-37.667569 -54.258307 -30.276564 
-37.781949 -54.710748 -29.392135 
-38.521071 -55.280388 -29.032680 
-39.306654 -54.928316 -29.541507 
-39.614146 -54.569270 -30.422719 
-40.154001 -54.695484 -31.254961 
-39.575735 -55.496047 -31.097773 
-39.057495 -56.299946 -31.389618 
-39.539957 -56.586512 -30.561904 
-38.815607 -55.944838 -30.309770 
-37.889292 -55.572070 -30.255128 
-36.897979 -55.631902 -30.138002 
-36.254047 -56.191336 -30.659906 
-36.161569 -56.130844 -29.666031 
-36.584446 -55.883004 -28.794394 
-36.074230 -55.983284 -27.940213 
-35.229476 -55.670950 -28.374767 
-34.751869 -54.986102 -28.925108 
-35.749781 -54.935204 -28.964867 
-35.652505 -53.949411 -28.827934 
-34.763617 -53.876096 -28.375714 
-34.628927 -53.061816 -28.940344 
-34.351075 -52.346562 -29.581600 
-34.231339 -52.078681 -30.537583 
-34.240519 -52.855054 -31.167790 
-34.890562 -52.398695 -31.775393 
-35.199939 -52.284493 -30.831336 
-35.428433 -51.450114 -31.332934 
-35.756771 -50.531829 -31.111692 
-36.192406 -50.427349 -30.217653 
-35.562749 -49.786585 -29.778388 
-34.986116 -50.543661 -29.471255 
-33.993227 -50.612113 -29.568650 
-33.008984 -50.566990 -29.739619 
-32.758062 -49.719506 -29.271848 
-33.286765 -49.652684 -30.118021 
-34.086362 -49.416515 -30.670170 
-34.625624 -50.250993 -30.783497 
-35.087452 -49.960537 -31.621561 
-35.455229 -49.031106 -31.651525 
5.252818 -66.543001 -46.164758 
4.298431 -66.244456 -46.168798 
4.664031 -65.963207 -47.056061 
4.067774 -66.392462 -47.734454 
3.336059 -66.953729 -48.121200 
2.966287 -67.124005 -49.034587 
2.060738 -66.918894 -49.405950 
1.652293 -67.159192 -48.525365 
1.764557 -68.139739 -48.364357 
2.513471 -68.782381 -48.202680 
3.025538 -69.602467 -48.458115 
3.401536 -70.528500 -48.425140 
2.890331 -70.730136 -47.589668 
2.187687 -71.431573 -47.470176 
2.422560 -71.774369 -46.560601 
1.865769 -72.295485 -45.913746 
1.249967 -72.112786 -45.147320 
0.298657 -71.886573 -44.937945 
-0.096447 -72.805078 -44.922443 
0.593570 -73.341690 -44.436723 
0.541723 -74.013960 -43.698236 
1.154692 -74.415797 -43.017945 
1.771521 -75.114418 -43.380507 
2.597007 -75.190394 -43.939792 
2.422324 -74.213116 -43.819736 
2.913708 -73.694587 -43.119972 
3.491617 -74.483324 -42.910411 
3.985209 -73.923241 -42.245073 
4.465345 -73.490814 -41.481871 
4.819806 -73.518754 -40.547218 
4.909814 -72.673668 -40.020218 
4.899831 -72.069061 -39.223757 
4.301311 -71.304948 -39.464392 
5.198596 -70.875765 -39.567740 
5.597237 -69.994564 -39.313635 
6.415931 -70.348512 -39.765809 
6.938159 -71.195798 -39.668936 
6.814958 -71.056109 -40.651437 
6.884456 -71.562059 -41.511195 
6.974113 -72.529340 -41.273855 
5.995445 -72.721398 -41.346811 
6.468532 -73.503402 -40.941029 
6.325212 -73.542858 -41.929918 
5.629438 -73.849102 -42.579621 
5.002858 -74.593757 -42.809592 
4.978694 -75.591399 -42.873822 
4.592274 -76.320020 -42.308321 
3.752076 -76.861267 -42.341764 
2.940859 -76.316212 -42.130004 
2.965049 -76.408797 -43.125414 
2.856302 -76.393359 -44.119364 
3.394494 -77.193032 -44.385581 
3.942102 -77.075214 -43.557182 
4.481330 -77.707396 -44.113580 
4.218714 -78.185457 -44.951727 
3.292327 -78.207846 -45.327636 
2.356074 -78.280178 -44.983838 
1.500702 -78.794042 -44.918392 
1.488703 -77.893163 -45.352296 
1.059195 -78.386883 -46.108447 
0.483557 -77.572687 -46.032792 
0.350879 -76.924470 -45.282984 
0.336210 -75.935947 -45.132631 
1.235616 -75.522333 -45.274025 
1.746754 -75.036542 -44.564980 
1.235509 -74.249574 -44.910394 
1.839189 -74.290038 -45.706593 
1.001635 -74.745037 -46.009047 
1.448241 -74.902738 -46.889770 
2.238329 -74.342473 -46.641043 
2.998622 -74.910776 -46.326422 
3.018786 -75.669089 -46.978001 
2.875668 -76.139858 -47.848571 
3.496345 -75.355835 -47.856777 
3.324850 -74.811572 -48.677975 
3.602727 -73.853903 -48.753159 
4.168353 -74.453753 -48.187256 
4.020587 -73.623236 -47.650220 
3.449792 -72.835626 -47.418135 
3.431708 -72.848431 -48.417889 
3.235958 -71.917298 -48.725580 
2.614059 -71.175544 -48.474498 
2.574203 -70.604308 -49.294316 
2.337234 -71.442198 -49.786033 
1.730895 -71.675609 -50.546212 
0.938328 -71.383349 -50.011028 
1.284729 -70.625650 -50.564109 
1.605170 -69.946296 -51.224257 
2.080590 -70.755001 -51.570626 
2.965751 -70.439035 -51.229078 
2.895748 -69.603575 -50.684004 
3.155050 -69.068796 -51.488226 
2.933647 -68.335303 -52.130852 
3.327729 -67.546401 -51.659331 
-3.126882 -14.265001 -71.729958 
-2.467253 -13.646534 -71.302888 
-1.780005 -13.253054 -71.913513 
-1.062151 -12.991316 -71.268393 
-0.809154 -13.217717 -70.327790 
0.096371 -12.804119 -70.233126 
0.023991 -13.280843 -71.109195 
0.563877 -12.483687 -71.379501 
-0.178540 -11.813787 -71.372329 
0.312538 -11.934874 -72.234987 
0.292094 -10.993203 -71.899073 
0.423197 -10.835350 -70.920353 
0.949357 -10.563539 -70.114577 
1.209427 -10.268536 -69.195155 
0.966686 -11.043087 -68.611076 
1.934563 -10.853224 -68.446259 
2.519191 -10.449934 -69.150225 
2.553287 -11.298245 -69.678625 
2.888180 -12.015814 -70.289314 
2.402192 -12.889767 -70.284628 
2.520043 -13.025397 -71.268353 
2.534996 -12.025775 -71.291385 
1.614258 -11.707033 -71.516427 
1.977083 -10.915440 -71.024758 
2.130322 -9.948805 -71.230029 
2.878120 -9.438329 -70.805513 
3.157514 -9.261313 -71.749231 
3.201866 -8.292385 -71.992563 
3.495822 -8.815997 -72.792201 
4.125445 -8.159525 -73.207674 
4.651526 -8.953969 -72.904199 
4.653622 -9.639539 -72.176195 
5.253836 -10.422465 -72.012582 
5.958942 -10.713304 -72.659296 
5.339374 -11.256513 -73.225916 
5.165081 -11.131884 -74.202691 
6.151943 -11.102188 -74.043876 
6.195844 -10.744216 -74.976576 
6.137079 -10.541896 -75.954131 
7.005199 -10.845874 -75.561745 
7.718611 -10.420544 -76.118646 
7.873563 -10.972579 -76.937943 
8.634662 -10.423647 -76.592396 
8.751451 -9.432286 -76.652084 
8.121321 -9.849259 -77.307118 
8.537521 -10.459559 -77.981143 
8.303355 -10.462566 -78.953335 
8.788934 -11.088291 -79.563811 
8.877927 -12.084319 -79.560777 
8.872459 -13.007603 -79.944855 
8.794453 -12.683685 -80.887719 
9.146381 -12.938776 -81.788316 
9.489994 -13.441820 -80.995299 
8.977196 -14.131106 -81.507083 
8.297956 -14.202789 -80.776677 
7.307335 -14.090911 -80.855125 
7.552091 -14.713184 -80.111572 
6.930017 -15.459012 -79.873322 
6.802874 -15.673546 -80.841728 
6.471665 -15.846817 -81.769240 
6.275799 -16.091155 -82.718943 
7.197215 -16.467527 -82.622322 
6.985133 -17.441247 -82.539310 
7.175561 -17.792498 -83.456021 
6.481507 -17.420039 -84.072108 
6.840850 -17.976879 -84.820975 
6.355611 -17.850907 -85.686235 
6.845251 -18.717199 -85.587287 
7.532276 -19.420718 -85.769106 
8.358743 -19.583693 -85.230226 
8.023733 -18.709126 -84.879654 
8.996725 -18.822039 -84.678317 
9.687345 -18.148121 -84.415870 
9.354068 -18.482080 -83.534169 
9.815061 -18.332223 -82.659510 
10.321847 -18.881544 -81.995120 
9.884459 -18.326026 -81.287948 
10.546968 -17.622311 -81.031305 
10.555940 -17.209056 -80.120733 
9.723592 -17.277726 -79.570751 
9.384927 -17.631967 -78.699074 
9.969820 -17.411361 -77.918540 
10.157401 -16.909475 -77.074192 
10.952471 -17.401784 -77.428447 
11.931832 -17.458230 -77.622523 
11.385745 -16.805607 -78.147758 
10.958416 -16.297761 -77.399772 
10.718950 -15.934865 -76.499237 
10.508104 -15.330557 -75.730891 
10.123917 -14.450257 -76.009229 
10.337564 -14.167275 -75.074202 
-65.360682 48.050999 2.092942 
-65.810424 47.912295 1.210620 
-66.730348 48.137429 0.889599 
-66.703148 49.108003 0.650335 
-67.584845 49.528627 0.864078 
-67.545233 49.439316 1.859294 
-67.384768 48.684304 2.495067 
-67.202896 47.880163 3.060999 
-67.504725 47.470410 3.921813 
-67.635750 48.453163 3.791318 
-67.938927 49.405516 3.824589 
-67.575977 49.761720 2.963551 
-68.007513 50.445925 2.375639 
-68.659300 50.747933 3.071316 
-69.492106 50.439964 3.531304 
-70.457538 50.699510 3.507265 
-71.068349 49.975858 3.185958 
-71.534862 49.578938 2.395502 
-72.272973 49.897832 2.990060 
-72.620113 49.386682 2.203791 
-72.420418 49.195126 1.242839 
-72.280850 48.260457 0.915862 
-72.501630 47.821314 1.786729 
-72.384260 47.153693 1.051538 
-72.304986 46.168591 0.898924 
-71.472705 46.423952 1.390960 
-70.831622 45.883149 1.935518 
-71.752826 45.497864 1.881321 
-72.326388 44.938320 1.283042 
-72.031350 44.174119 0.709501 
-72.388343 43.911396 1.605901 
-73.375063 43.893629 1.444448 
-74.134216 43.246648 1.515874 
-74.380569 42.288493 1.661647 
-74.380532 41.303892 1.836463 
-73.544033 41.219673 2.377921 
-73.414984 42.020126 2.963260 
-72.539822 42.399975 2.663583 
-71.797378 43.040947 2.858339 
-71.199059 42.598151 2.190547 
-71.208209 42.245005 1.255024 
-71.545754 41.500627 0.678860 
-72.045409 40.699527 0.349340 
-71.677176 41.024185 -0.521867 
-72.528166 41.496337 -0.751843 
-72.316064 42.099730 -1.520562 
-71.768855 42.252600 -2.343480 
-72.382990 41.990436 -3.087865 
-72.232516 42.941931 -3.356222 
-72.956779 43.624600 -3.259236 
-73.588397 44.330836 -2.939411 
-74.207009 44.017586 -2.218860 
-73.483029 44.329672 -1.603672 
-72.825036 44.046901 -0.905757 
-73.658547 43.558326 -0.647778 
-73.446805 44.385679 -0.127536 
-72.845278 43.614521 0.080988 
-72.755628 42.894285 -0.606924 
-71.959331 43.496667 -0.551716 
-71.311302 42.967246 -0.004203 
-70.893008 43.729257 -0.498540 
-70.357352 43.712764 0.345735 
-70.254020 43.518008 1.321128 
-69.764157 42.871384 1.905861 
-69.939528 42.703605 2.875961 
-69.051504 42.272730 2.715461 
-68.742177 42.867967 1.973835 
-68.014968 42.222551 1.740159 
-67.937607 42.632808 0.831477 
-67.110918 42.184326 0.491699 
-66.683299 41.337800 0.174625 
-66.892160 40.454492 0.594319 
-66.310461 39.747606 0.191903 
-65.757270 39.785555 -0.640286 
-66.705586 39.714659 -0.949594 
-66.808085 40.585975 -1.429491 
-67.764814 40.330324 -1.290520 
-67.757094 39.669083 -0.540386 
-67.150607 39.049585 -0.041994 
-67.383032 38.423768 0.702541 
-67.594231 37.912469 -0.130507 
-31.665602 17.025899 -33.431058 
-32.095402 17.413532 -32.615575 
-32.262530 18.399390 -32.627915 
-31.960398 19.331168 -32.426654 
-31.113044 19.392207 -32.954162 
-30.481148 19.334247 -32.181279 
-30.248704 19.719081 -31.288042 
-30.629148 20.475248 -31.820465 
-31.176389 21.163266 -32.297077 
-30.718746 21.988766 -32.627400 
-29.809673 22.372218 -32.790342 
-29.332574 21.760763 -32.159074 
-29.328630 21.381684 -33.084431 
-29.360870 21.889073 -33.945545 
-28.440190 22.241111 -33.776969 
-27.612580 21.780197 -33.456627 
-26.616426 21.756095 -33.372395 
-26.526360 21.290954 -34.253038 
-26.831691 20.609025 -33.588398 
-25.974178 20.361522 -33.137383 
-25.835060 20.338684 -34.127395 
-25.482031 20.327024 -35.062935 
-25.543505 21.324990 -35.046118 
-24.596173 21.079923 -35.252284 
-24.402464 20.122689 -35.467178 
-23.428593 19.901939 -35.413833 
-23.517449 19.430212 -34.536578 
-23.015385 18.635892 -34.194543 
-22.088323 18.303204 -34.367388 
-21.270418 17.823826 -34.049225 
-21.341283 18.451627 -33.274084 
-20.465698 18.295121 -32.817075 
-20.604068 19.279642 -32.709497 
-20.382812 20.048040 -32.108989 
-20.355439 19.134571 -31.703003 
-21.029351 18.876944 -31.010565 
-21.777230 19.026631 -30.363827 
-22.414995 19.180535 -29.609128 
-22.551081 18.190934 -29.655735 
-23.299160 17.923843 -29.048249 
-22.901647 17.062414 -29.364356 
-21.947165 17.339323 -29.253515 
-21.544113 16.436054 -29.106361 
-21.469910 15.959666 -28.230264 
-21.546468 16.605930 -27.471000 
-21.527802 17.605720 -27.462505 
-21.538537 18.569988 -27.197796 
-21.322120 19.034274 -28.056634 
-20.860902 18.604045 -28.832638 
-19.910498 18.625934 -28.522392 
-19.124687 19.088932 -28.932432 
-18.686529 19.943701 -29.210617 
-18.053539 19.227124 -29.503604 
-17.605814 18.346794 -29.660323 
-17.696274 17.771963 -28.847066 
-18.226865 17.527047 -28.035592 
-17.431040 16.972302 -27.792857 
-18.077297 16.473258 -28.370184 
-18.812482 15.796039 -28.399814 
-18.018778 15.340780 -28.803267 
-18.609520 15.464018 -29.600661 
-18.384164 16.177402 -30.264210 
-18.024304 16.360344 -31.179105 
-18.744123 15.826607 -31.622935 
-18.331682 15.077603 -31.104392 
-17.921532 14.520469 -30.382327 
-18.615654 14.376300 -29.677053 
-18.833344 14.193832 -30.635863 
-19.043918 13.216298 -30.626563 
-19.569752 12.662744 -31.272378 
-20.431549 12.433023 -30.820122 
-21.081773 12.082103 -30.146280 
-21.498434 11.174535 -30.198372 
-21.501717 10.226442 -30.516349 
-22.015281 9.425267 -30.823545 
-22.675238 9.805132 -30.175349 
-23.151978 10.491198 -29.625774 
-22.333826 10.236008 -29.110503 
13.159218 48.527999 61.151642 
13.542797 47.604587 61.138323 
13.101342 47.405616 60.263379 
12.551696 46.738027 59.761169 
13.242515 47.140218 59.160327 
13.950414 47.537831 58.576560 
14.453390 48.188522 58.007687 
14.117682 49.122252 58.131976 
13.704274 50.003953 57.904604 
12.807679 49.606290 57.709710 
13.223513 49.237710 56.878307 
12.474505 49.383510 56.231986 
12.862522 50.272411 55.988475 
12.913354 50.403060 56.978600 
11.960273 50.656287 57.144473 
11.458656 51.464946 56.837145 
11.494646 52.075543 57.628268 
12.174303 52.530525 57.052892 
12.755232 52.882911 57.786613 
12.250737 53.459918 58.428913 
12.411271 53.925661 59.299150 
11.477888 53.875506 59.654509 
10.591556 53.620779 59.267818 
10.503306 54.598463 59.458465 
11.274538 54.732967 58.836284 
11.474642 55.635518 59.217544 
11.610969 56.539093 59.623707 
11.002833 56.357006 60.396374 
10.216422 56.022468 59.877105 
9.780792 55.889886 58.986797 
10.662680 55.891309 58.515340 
10.820363 55.764921 57.535972 
11.364252 55.016038 57.157341 
12.044544 54.617973 57.772765 
12.605721 55.369185 58.120271 
12.341287 56.302504 57.877393 
12.459299 57.218925 57.494972 
11.484201 57.396035 57.361496 
11.972689 58.189652 56.998796 
12.374885 58.083908 56.089369 
13.280833 57.724775 55.865130 
13.275026 58.401678 56.601180 
13.360317 57.948989 57.488759 
12.652370 58.444078 57.992443 
13.303984 58.355321 58.745783 
13.157022 58.726968 59.662451 
13.334152 59.699622 59.812679 
12.547706 59.282111 60.267857 
13.084959 58.828097 60.978653 
13.350858 57.995312 60.493096 
13.027203 57.607202 59.630183 
12.080536 57.471694 59.337849 
11.479587 58.079162 58.818384 
11.182622 57.896606 59.755659 
11.323987 58.237258 60.685160 
11.368484 58.699999 61.570536 
10.669942 59.415381 61.586936 
10.222997 60.308844 61.631246 
9.225091 60.366640 61.602195 
9.765764 61.116757 61.221412 
8.870558 61.548639 61.111479 
8.095937 62.137087 61.343189 
7.319279 61.577399 61.632243 
7.320914 61.250261 62.577218 
6.454503 61.237419 63.076384 
5.486825 61.188633 62.828956 
6.150820 61.553058 62.176036 
6.209754 62.543895 62.054503 
6.210041 63.508140 61.789493 
6.453439 63.167277 60.881435 
7.274684 62.830926 61.342329 
7.806316 63.252655 62.076844 
6.934961 63.164704 62.559550 
7.001407 62.709821 63.447619 
6.339682 62.338515 64.098965 
5.734462 61.544336 64.044300 
5.644567 61.685605 65.030181 
5.151705 62.353518 65.587837 
5.853618 62.981270 65.251319 
6.808680 63.115477 65.515604 
6.810833 62.140585 65.738271 
5.921868 62.136427 66.196227 
-19.708282 6.203699 25.383442 
-18.749814 6.391267 25.168603 
-18.850378 5.396578 25.146695 
-18.070185 5.515577 25.760811 
-17.405774 5.942324 25.147260 
-17.496843 4.946554 25.159428 
-16.698810 5.016366 25.757984 
-16.193579 5.814519 25.429816 
-16.249379 5.695961 24.438438 
-17.021437 6.285117 24.200065 
-16.803852 6.813897 23.379669 
-15.953198 6.357815 23.641157 
-15.838634 6.548615 22.666237 
-15.803058 7.545864 22.731258 
-15.924150 7.569563 21.738900 
-16.816571 7.240135 21.430579 
-17.296418 6.791556 22.184584 
-18.090573 7.298955 21.850123 
-17.437302 8.055722 21.826875 
-18.307793 8.547715 21.813117 
-17.749706 9.170958 21.265296 
-18.537963 9.694843 20.942503 
-18.930058 10.213089 20.182448 
-18.147624 10.801926 20.385099 
-17.181702 10.551950 20.317966 
-16.743452 9.681094 20.095373 
-16.823520 9.610689 21.089673 
-16.477570 9.407317 22.005619 
-16.760451 10.346188 22.201829 
-15.771016 10.438124 22.089733 
-15.731691 10.067105 21.161941 
-15.519451 10.250723 20.202130 
-14.708331 9.680369 20.072586 
-15.121683 9.211333 19.292108 
-16.100988 9.140140 19.481560 
-16.922148 8.605336 19.282357 
-17.340438 9.121626 18.535043 
-17.674634 10.057093 18.420093 
-17.344219 9.771199 17.520599 
-16.708559 9.285789 16.920338 
-15.714740 9.356934 16.835111 
-15.475700 9.233137 15.872025 
-15.493693 10.230260 15.798391 
-15.959972 9.939677 14.962841 
-16.009554 8.942142 14.913189 
-16.310507 8.867020 13.962514 
-15.352028 8.610883 13.837166 
-14.364147 8.587930 13.990672 
-14.534353 9.445979 14.475215 
-14.491274 9.799104 15.409799 
-14.309542 10.581439 16.005555 
-15.092180 10.945087 16.510765 
-14.997353 10.300487 17.269381 
-14.413271 10.871537 17.846227 
-13.816931 11.593471 18.197209 
-13.693878 12.163269 19.009729 
-13.017945 12.274025 18.281136 
-12.212100 12.016893 18.814519 
-12.273363 11.127338 18.361816 
-11.515187 11.167405 17.710998 
-11.280008 10.896840 18.644532 
-11.523703 10.130889 18.049611 
-10.963265 9.416360 18.468367 
-11.391709 8.572433 18.791203 
-12.306020 8.631676 19.191860 
-12.234868 8.263214 20.118776 
-11.312557 7.967862 19.869557 
-11.721749 7.077522 20.069197 
-10.762863 6.947036 19.817181 
-10.472316 6.148925 20.345008 
-10.473729 6.836836 21.070801 
-11.452313 6.661451 20.963039 
-11.023200 5.771542 21.117715 
-11.959623 5.830600 21.463582 
-12.109660 5.187188 22.214255 
-12.844204 5.765269 22.569596 
-12.779487 6.749959 22.407741 
36.239318 -33.492001 35.095562 
36.301563 -33.902447 34.185804 
36.090919 -32.934025 34.052429 
35.154418 -33.000902 33.708200 
34.515076 -33.766452 33.780139 
34.577780 -34.650428 34.243446 
34.583111 -35.199997 35.078878 
35.162159 -35.743335 35.686732 
35.436799 -36.350456 34.941093 
34.607161 -36.831656 35.224199 
34.010757 -37.358556 35.829738 
34.091444 -36.378807 36.012991 
33.432684 -35.631891 35.922709 
33.644642 -34.743427 36.329779 
32.685561 -34.642378 36.594268 
32.638814 -35.569942 36.964996 
32.822296 -35.348757 37.922812 
33.748952 -35.577419 38.221178 
33.632139 -35.422282 37.240216 
34.588377 -35.487563 37.525428 
35.419078 -35.239282 38.023718 
35.198040 -34.447343 37.454530 
34.473411 -33.860375 37.093448 
33.591946 -34.056620 37.522993 
33.725992 -34.350130 38.469504 
33.637059 -33.736756 39.254274 
33.676009 -33.269497 40.137536 
33.131640 -32.558568 39.692292 
33.413585 -31.837496 39.059392 
33.190257 -30.872113 38.924628 
32.474875 -31.559930 38.801598 
31.509513 -31.299397 38.815734 
30.533755 -31.098033 38.901451 
29.548243 -30.936888 38.954354 
29.869157 -31.849270 39.208467 
30.149541 -32.549627 39.864885 
30.161391 -31.824841 40.553757 
30.067480 -30.842607 40.391283 
29.613677 -29.954277 40.461509 
29.193136 -29.049226 40.398038 
30.014817 -28.488389 40.296535 
29.902029 -27.841136 39.542651 
28.926082 -27.655615 39.657156 
28.497298 -27.092696 40.363743 
29.447851 -27.036490 40.669178 
28.744477 -27.029315 41.379963 
28.757358 -27.785234 42.034502 
28.483320 -28.372984 42.795720 
28.558431 -27.577982 43.397658 
28.549577 -27.106940 44.279725 
28.969308 -26.536386 44.985625 
29.928525 -26.487640 44.707190 
30.073211 -26.636800 43.729019 
29.309700 -26.009440 43.575817 
29.000100 -25.063168 43.482454 
28.772045 -24.445216 42.730040 
29.433867 -23.702423 42.628799 
29.296801 -23.516597 43.601775 
30.210488 -23.223496 43.320229 
31.015150 -23.601304 43.778247 
31.076222 -24.573805 44.002995 
31.582680 -25.221471 44.572231 
31.711921 -26.190343 44.361081 
31.302804 -27.058402 44.642323 
31.451443 -27.634857 45.445819 
31.563747 -26.646257 45.546109 
32.427334 -26.657805 46.050177 
33.221153 -26.603736 46.655924 
32.413471 -27.098621 46.976454 
33.313484 -27.433963 47.254882 
33.269955 -28.402184 47.501161 
32.292684 -28.556260 47.355549 
32.628253 -28.363013 46.433567 
33.159974 -28.240020 45.595627 
33.916190 -28.832069 45.317030 
34.685520 -28.198366 45.236085 
-5.429482 -2.191201 43.649242 
-6.278947 -2.192070 44.176887 
-6.579530 -2.277747 43.226987 
-5.966879 -1.489898 43.164118 
-5.852858 -1.860371 42.242300 
-6.259267 -1.789953 41.331326 
-5.680842 -2.121957 40.586210 
-4.884458 -1.535921 40.436761 
-5.658766 -0.930543 40.621060 
-4.777020 -0.522557 40.857855 
-4.337981 0.200466 40.324485 
-3.628882 0.844683 40.037845 
-3.851742 1.468891 39.289047 
-4.371767 1.611195 38.446834 
-4.580578 2.233630 39.201137 
-5.317097 2.838840 38.899044 
-5.693905 3.730511 39.149921 
-6.611526 4.109174 39.270692 
-7.275340 4.667842 39.767926 
-8.084724 4.947700 39.251615 
-8.193413 5.941644 39.267778 
-7.448896 6.012440 38.603940 
-7.995858 5.529273 37.920287 
-8.889265 5.489240 38.367747 
-8.866826 5.637891 37.379112 
-8.916346 6.633489 37.458691 
-8.232840 7.131234 36.924772 
-7.978722 8.015742 37.316014 
-8.422391 8.911880 37.325777 
-9.008703 9.559687 36.839379 
-8.329797 10.038913 36.283116 
-8.178760 10.980683 35.982688 
-9.070857 10.695243 35.632420 
-9.593402 10.095841 35.026067 
-10.552555 10.078030 35.308395 
-10.326272 9.107686 35.223372 
-10.713432 8.836412 34.342170 
-11.600544 9.114828 33.974044 
-12.343501 9.683776 34.326625 
-13.181238 9.642941 34.871170 
-13.911731 10.038808 35.427649 
-14.093250 10.421046 34.521589 
-14.187353 9.866226 33.694957 
-14.657503 9.106288 34.143791 
-15.615289 9.390845 34.102886 
-16.523257 9.009194 34.275904 
-16.700022 8.497779 35.116862 
-16.791945 7.577959 35.498280 
-17.661687 7.274094 35.109417 
-17.329100 6.724465 34.343066 
-16.431500 7.164113 34.375047 
-16.361126 6.491187 33.638694 
-17.059933 5.996265 33.122242 
-17.814787 5.732862 33.722920 
-18.438449 5.199108 34.294018 
-18.560376 5.432950 35.258618 
-19.098508 5.438730 36.101458 
-18.709527 5.752528 36.967613 
-18.135902 6.000333 36.186879 
-17.543080 6.419150 36.874741 
-18.385013 6.899831 36.629598 
-18.318681 7.262493 37.559155 
-18.606980 8.219808 37.538364 
-18.670383 8.617638 38.453629 
-17.684019 8.513694 38.326032 
-16.854744 8.360440 38.863448 
-16.156057 9.066557 38.748401 
-16.595075 9.907387 39.065054 
-16.095845 10.637464 39.531699 
-15.945669 11.511766 39.993264 
-15.699352 12.260529 39.377893 
-15.080302 12.493014 38.627741 
-14.462566 11.729324 38.815304 
-14.747023 11.263040 37.977650 
-14.945900 11.154919 37.003608 
-15.135609 10.921669 36.049876 
2.680718 65.251999 -5.237958 
2.847409 64.357947 -4.822163 
3.342741 65.002933 -4.240236 
4.081772 65.228208 -3.605346 
4.233524 65.934055 -2.913427 
5.146494 65.765144 -3.284852 
5.166074 66.475097 -3.988828 
5.476277 67.027264 -3.214951 
5.675126 67.424880 -2.319205 
6.482311 67.082987 -1.837996 
6.507889 66.693829 -2.758812 
7.186778 67.350292 -3.087699 
7.106367 68.310934 -3.353594 
6.286836 68.497687 -2.811845 
6.688801 68.149317 -1.965049 
7.532552 68.031393 -1.441429 
7.488168 67.920157 -0.448626 
8.407462 68.282157 -0.294177 
7.936334 68.027668 0.550379 
7.295054 68.464746 1.181032 
6.426566 68.040046 0.925377 
6.301027 68.842879 1.508214 
6.483256 69.158787 2.439339 
6.180501 69.284706 3.384053 
5.645195 69.960947 3.890161 
6.231262 70.348267 4.601856 
6.813491 69.638954 4.999203 
7.536190 68.986371 5.226891 
6.932397 68.657356 5.952965 
6.960066 69.367924 6.656049 
6.142474 69.727050 6.205970 
6.810761 70.445980 6.397099 
7.513537 71.155328 6.451246 
6.960279 71.173647 7.284055 
7.653767 71.884993 7.169771 
8.286937 72.351385 7.787488 
8.773952 72.142821 8.635614 
8.506208 73.103827 8.566470 
7.975118 73.951142 8.567664 
7.262487 74.166454 9.235345 
7.207640 73.192989 9.457510 
6.298480 72.913179 9.765949 
5.497746 73.481091 9.956482 
4.754461 73.651737 9.309638 
4.992504 74.551217 9.676067 
4.050339 74.829609 9.489460 
3.787706 75.480624 10.201642 
4.716173 75.673930 10.518788 
5.703902 75.521603 10.484319 
5.456933 75.459776 11.451368 
5.236536 74.873502 12.230925 
4.421648 75.302774 12.620391 
4.184320 76.270119 12.531399 
4.378904 76.600790 13.454867 
4.909182 77.414790 13.217780 
3.949726 77.456473 12.939021 
3.442582 78.211405 13.354812 
3.013780 78.737451 12.620370 
3.599270 79.031974 11.865084 
3.183249 78.810495 10.983112 
4.136517 78.935476 10.708049 
4.251129 79.801653 11.194466 
3.722226 80.207625 11.939750 
3.356537 81.043247 12.349638 
3.705317 81.954183 12.129301 
3.523326 82.621829 12.851193 
4.289102 82.882241 13.439217 
3.431567 83.332000 13.688919 
2.549366 83.190448 13.239827 
2.566129 83.006956 14.222706 
2.910051 83.228022 15.135310 
2.993564 82.745199 16.007036 
3.984250 82.625703 16.072329 
3.595010 81.707869 15.994397 
3.219979 80.838458 16.316074 
3.347984 80.533483 15.372356 
2.372062 80.655180 15.553368 
1.629430 81.213113 15.182951 
1.814378 81.734929 14.350182 
58.671818 -36.015001 -8.200858 
58.561927 -36.732519 -7.513040 
59.049354 -37.230475 -6.795785 
59.021369 -37.273467 -5.797102 
58.873958 -37.944058 -5.070069 
59.308423 -38.828064 -5.242616 
58.904545 -39.737716 -5.145585 
58.129770 -40.330716 -4.926322 
57.423581 -40.419848 -4.223931 
58.157664 -41.037952 -3.942738 
59.146152 -40.906390 -3.868013 
59.958358 -40.324371 -3.907712 
60.803340 -39.789753 -3.894003 
60.583288 -39.322865 -3.037502 
59.905720 -39.052439 -2.353565 
59.917239 -38.711950 -1.413387 
59.751123 -39.194616 -0.553480 
59.868917 -39.979311 -1.162067 
59.128165 -39.908333 -1.830086 
58.933805 -40.878538 -1.974743 
57.997426 -40.637201 -1.719887 
57.349482 -40.968630 -2.405688 
57.067352 -40.963464 -1.446326 
56.965168 -41.577882 -0.663990 
57.192894 -41.794030 0.285442 
57.384702 -40.963695 0.808656 
57.403599 -41.421181 1.697672 
56.512436 -41.365369 1.247435 
56.596613 -40.937261 2.147234 
55.955114 -40.825380 2.906156 
55.370173 -41.542194 2.526654 
54.609404 -42.158084 2.321931 
54.726649 -43.144297 2.438711 
53.827834 -43.491505 2.706252 
53.661775 -43.094271 1.803683 
53.414665 -43.269816 0.850730 
53.846719 -42.993124 -0.007623 
54.734611 -43.333800 -0.316799 
55.236754 -44.155697 -0.585752 
55.479897 -44.281683 -1.547526 
54.919919 -45.082546 -1.335288 
53.946650 -45.276454 -1.212217 
53.315411 -45.997267 -0.925922 
53.233217 -46.517751 -0.076016 
53.127154 -45.693405 0.480045 
52.226999 -45.986197 0.157565 
51.545164 -46.559439 -0.296852 
51.116489 -47.269445 0.261833 
52.085489 -47.515888 0.279258 
52.454843 -48.420693 0.491165 
52.277699 -48.759989 -0.432685 
51.326534 -49.068526 -0.423166 
50.911576 -49.436369 0.409001 
50.111540 -49.139930 0.930600 
49.291336 -49.034204 0.368383 
49.261934 -49.861442 0.929465 
49.963014 -49.843768 1.642329 
50.674059 -49.859275 2.345305 
51.517793 -50.024521 1.834614 
51.614378 -50.966775 1.513943 
51.322383 -51.135285 2.455401 
51.611039 -50.906995 3.385219 
51.823634 -49.941493 3.234853 
51.109411 -49.993554 3.932832 
51.668957 -49.991027 4.761628 
50.886449 -50.590562 4.929672 
4.433918 -51.961001 11.651642 
4.434174 -50.961811 11.691867 
4.939561 -51.368273 12.453032 
5.387211 -51.836036 13.215139 
6.270356 -52.211641 13.496165 
6.244975 -52.681562 14.378508 
5.556464 -53.348164 14.664157 
5.001076 -54.153585 14.457179 
4.460912 -54.990075 14.549418 
4.785077 -55.008436 13.603596 
3.869445 -54.882406 13.221844 
3.603547 -55.811457 12.964623 
3.739785 -55.842390 13.954816 
3.212228 -55.788493 14.802624 
3.702578 -56.114431 15.610907 
3.739362 -55.167659 15.930700 
3.617327 -54.897737 16.885818 
4.140815 -54.417204 17.589415 
4.704892 -55.226328 17.754140 
5.267901 -56.052239 17.724280 
4.943980 -56.016640 16.778866 
5.635244 -56.696783 16.534818 
6.490186 -57.077855 16.182884 
7.475686 -56.992042 16.036510 
8.327324 -57.392394 15.698233 
8.679876 -56.458334 15.641320 
9.235088 -56.613552 16.458417 
9.296443 -55.806044 17.045075 
9.927872 -55.257486 16.497005 
10.858602 -55.408525 16.163947 
11.289596 -55.021886 16.979272 
11.579450 -54.239206 17.530087 
12.334651 -54.515230 16.935543 
12.398655 -55.244371 17.616907 
12.218453 -55.809069 18.422291 
12.322952 -56.337063 17.579496 
13.000296 -57.067196 17.669562 
12.918966 -56.822900 18.635846 
11.925008 -56.737976 18.705380 
11.365369 -57.126672 19.437309 
10.630407 -56.779172 20.019610 
10.660329 -57.594606 20.597687 
9.827311 -57.968515 21.005455 
10.107550 -58.915202 20.846550 
10.286809 -59.527814 20.076763 
9.526604 -59.779403 19.477770 
9.653415 -60.697217 19.853983 
9.322380 -61.351927 20.533521 
8.325076 -61.339580 20.605850 
8.110356 -60.415250 20.290398 
7.152503 -60.679086 20.404011 
6.916614 -60.035140 19.676213 
7.476097 -59.438027 19.101378 
7.585972 -58.606024 19.645160 
6.863289 -58.071275 19.207241 
7.623182 -57.768038 18.632254 
6.882894 -58.247352 18.160839 
6.727258 -58.943009 17.459528 
6.865423 -59.931289 17.394605 
6.934602 -59.938168 16.397024 
7.703690 -60.308244 16.918127 
8.685546 -60.476064 16.829835 
-24.351482 -33.881001 -1.833158 
-25.228498 -33.548240 -2.179730 
-26.031728 -33.426489 -1.596635 
-26.484088 -33.570916 -0.716573 
-25.825472 -32.947689 -0.294894 
-25.395761 -32.058151 -0.450037 
-24.995699 -32.530435 0.335391 
-24.220398 -33.140260 0.171006 
-24.482131 -33.812879 0.863162 
-25.233210 -34.257254 0.374887 
-25.437317 -34.260720 1.353829 
-25.538759 -34.192842 2.346353 
-25.786394 -34.947257 2.954247 
-26.109685 -35.875527 3.138085 
-25.587982 -36.628363 3.539414 
-26.275457 -36.654870 4.265138 
-25.700698 -35.844273 4.377313 
-26.437212 -35.753872 5.047667 
-27.039550 -36.473871 5.392327 
-27.090215 -37.417040 5.063899 
-27.961904 -37.808320 5.358954 
-27.203601 -38.401681 5.628952 
-26.600853 -39.199373 5.609406 
-26.439518 -39.940684 4.957923 
-26.496767 -39.515492 4.054632 
-26.755165 -38.986602 3.246235 
-25.799711 -38.781619 3.458581 
-25.748742 -38.408651 2.532138 
-24.892499 -37.919291 2.697591 
-25.251095 -37.002632 2.521108 
-24.720514 -36.613905 1.767864 
-25.665678 -36.760235 1.475883 
-25.913370 -36.598942 0.520565 
-26.609629 -36.481235 -0.187509 
-26.658870 -35.512510 0.055693 
-27.616547 -35.567372 -0.226874 
-27.651013 -36.524663 -0.513938 
-27.139342 -36.395980 -1.363428 
-26.929457 -37.307794 -1.716334 
-26.077397 -36.957325 -1.327536 
-26.344655 -37.722901 -0.742331 
-27.265284 -37.593492 -0.373964 
-26.638820 -37.485548 0.397976 
-26.594973 -38.197787 1.098542 
-27.414132 -38.283703 1.665636 
-27.681886 -37.638884 0.949734 
-27.396996 -36.798044 1.409979 
-28.201390 -36.731311 0.819642 
-28.492238 -37.289707 1.596560 
-28.736343 -36.606926 2.285198 
-29.684941 -36.292010 2.316674 
-29.822777 -35.924134 3.236276 
-30.303148 -35.136760 2.849900 
-29.605910 -34.445147 3.038393 
-30.210886 -34.199292 3.795730 
-30.166760 -33.210408 3.653734 
-30.000686 -32.230794 3.540710 
-29.283023 -32.540084 4.164649 
-29.363915 -32.366969 5.146223 
-30.186553 -32.262051 5.705024 
56.933518 30.485999 22.332962 
57.439282 30.579477 23.190555 
57.545993 29.640746 22.862841 
56.808228 29.130564 23.304900 
56.235529 29.944142 23.405431 
55.986734 29.839302 24.368296 
55.206105 29.716200 24.981048 
54.499014 29.013588 24.901308 
54.289845 29.588001 24.109918 
53.430063 29.977147 23.779253 
53.173622 29.505002 24.622650 
52.321671 28.982525 24.657243 
52.166871 29.292703 25.595234 
51.722737 29.930776 24.966261 
50.767828 29.809039 24.695466 
50.580232 30.617213 25.253733 
50.297533 30.854357 26.183166 
51.104639 30.264148 26.167890 
51.540996 30.277189 27.067569 
52.428317 30.108668 27.496828 
53.374144 29.947635 27.214908 
53.075326 30.449407 26.403162 
53.285613 31.376548 26.093018 
53.506304 31.015345 25.187022 
54.504492 30.971566 25.228310 
55.435650 31.282388 25.037692 
55.841305 30.889974 25.863195 
56.805665 30.634731 25.932918 
57.156449 30.017116 26.636837 
57.116068 30.982851 26.893208 
56.347247 30.482741 27.291711 
55.450400 30.259653 27.673677 
55.734230 31.009151 28.271752 
55.332787 31.324320 27.411803 
55.447853 32.057136 28.082430 
54.757003 32.353515 27.422971 
55.345214 32.096857 26.656072 
54.633991 31.401370 26.553804 
53.843247 30.978220 26.996148 
54.210611 31.542655 27.735375 
53.736469 31.867678 28.553635 
53.860173 32.568841 27.851447 
53.155129 33.147858 27.441993 
52.515299 32.569879 27.948508 
52.493743 32.222890 28.886129 
51.717147 31.669678 28.584706 
51.966932 30.701586 28.604835 
52.217903 30.705588 29.572822 
52.729843 29.873593 29.359039 
53.546373 30.236576 28.910128 
53.993528 29.432019 29.300947 
54.799636 29.385492 28.711011 
54.003745 28.821330 28.491289 
53.385516 28.132861 28.870502 
54.002640 27.995532 29.645292 
53.351152 28.732537 29.825259 
53.347852 28.225047 30.686911 
47.198818 75.194639 35.152162 
46.505613 75.155479 35.871839 
46.505730 75.963640 35.282876 
46.018249 76.762618 35.635007 
45.610646 77.221034 36.424763 
45.701893 78.025026 35.837164 
45.700296 78.732036 35.129963 
46.450663 78.230861 34.698949 
46.635456 79.202758 34.553120 
47.616729 79.290388 34.724656 
47.504420 78.882810 35.630894 
46.835461 78.550953 36.295999 
47.510033 77.813875 36.255142 
48.145394 77.391686 36.901728 
48.524788 76.970665 36.077834 
48.137955 76.225165 35.535074 
47.552995 76.510316 34.775791 
48.018569 77.393707 34.829297 
48.507020 76.675863 34.333196 
49.161721 75.949952 34.122433 
49.892721 75.386075 33.738141 
50.265849 75.658194 32.851164 
50.624495 74.776865 32.543539 
51.344446 75.325628 32.968427 
52.170418 75.462630 32.421618 
51.904923 74.618186 31.956401 
52.772745 74.813964 31.499723 
53.758421 74.661235 31.571252 
54.469290 74.009906 31.836650 
54.808035 74.807804 32.335259 
55.364848 74.507578 33.109741 
56.102762 75.148612 33.320831 
56.414180 74.829012 34.215747 
56.418359 75.605019 34.846457 
57.099966 76.304311 34.631043 
57.773550 76.604742 33.955747 
58.576081 77.055002 33.564327 
59.257171 76.537306 33.046536 
59.254481 75.694999 33.585528 
46.577518 6.776999 44.441742 
46.968517 7.531600 43.914774 
46.163761 8.125083 43.902678 
45.228834 7.902805 44.179269 
44.899065 8.299889 43.322778 
44.688858 7.351594 43.084977 
44.762312 6.557007 43.687668 
44.554468 6.531934 44.665508 
43.831880 6.018434 44.202707 
44.135313 5.578097 43.357703 
44.753811 5.257889 44.075287 
44.868708 4.811633 44.962786 
43.878076 4.941454 45.005144 
42.978519 4.727765 45.386109 
43.072012 4.805076 44.393495 
43.364341 4.155596 43.691555 
43.858627 3.617079 43.009147 
44.848570 3.726924 42.920005 
44.742915 4.720662 42.956377 
44.167544 4.860956 42.150607 
43.826248 4.547275 41.264536 
44.507836 4.301354 40.575362 
44.035744 3.602346 40.038225 
44.293901 2.973698 40.771816 
44.500111 2.471589 39.931956 
43.611738 2.391532 39.479868 
43.015170 2.875820 40.119846 
42.542055 2.826544 39.240225 
41.804354 3.224047 38.694525 
42.620781 3.771018 38.509403 
42.692632 4.737068 38.757567 
43.451878 5.252849 39.154451 
43.624879 5.626254 40.065845 
42.701899 5.950180 39.858047 
42.614780 6.936247 39.716341 
42.465583 6.692772 38.757978 
41.700181 6.143050 39.092590 
40.888167 5.613195 38.847873 
40.809057 4.779104 39.393798 
40.984581 4.028947 38.756259 
40.528836 3.162038 38.958163 
39.935064 2.638209 39.568932 
39.242196 2.503368 40.277275 
39.114967 2.411958 41.264928 
38.993074 1.922264 42.128260 
38.531003 2.611575 42.686239 
38.629237 3.024307 43.591779 
38.554646 3.775610 44.247507 
37.776124 3.211999 44.523634 
37.888710 2.252448 44.781677 
38.017207 2.386732 45.764254 
37.963709 3.018491 46.537570 
38.388978 3.858385 46.874801 
38.137887 3.667074 47.823671 
37.234918 4.086377 47.729698 
36.368132 4.138869 48.225609 
37.040493 4.668467 48.742771 
36.871293 5.160305 49.596859 
36.336758 6.005444 49.600233 
36.798585 6.862856 49.827304 
37.731165 6.518857 49.717945 
37.962925 6.174176 48.808284 
37.529857 6.734410 48.102175 
37.759818 7.645485 47.760035 
37.631691 6.942464 47.060503 
38.257835 6.845124 46.286895 
37.887461 5.948637 46.043719 
37.679357 5.190887 46.662191 
37.027392 5.863721 47.011812 
36.252950 6.428921 46.727576 
36.133694 5.886080 45.896250 
36.237970 5.397649 45.029901 
35.337943 4.974263 44.926482 
34.522001 5.550147 44.977433 
34.367690 4.562424 44.953110 
33.527634 4.845844 44.490532 
32.780081 5.200600 43.929004 
33.458984 5.502552 43.259739 
34.391100 5.864559 43.270296 
35.333626 5.581512 43.447864 
36.222752 5.203419 43.705740 
35.758949 4.317523 43.697062 
36.448640 4.409660 44.415280 
36.388437 3.832501 45.229690 
36.358198 3.055981 45.859056 
36.703167 3.793434 46.439711 
36.154978 4.570746 46.131044 
35.248542 4.990569 46.177108 
34.641631 5.773465 46.313976 
34.855303 6.529634 45.695468 
33.979308 6.514973 46.177565 
33.822063 6.987339 47.044827 
34.338048 7.660131 46.514629 
34.938272 7.661348 47.314459 
34.838006 7.831262 48.294804 
35.045512 7.288212 49.108462 
34.505856 6.481330 48.868230 
33.880646 5.790243 49.230877 
32.885176 5.732529 49.306430 
31.890672 5.734328 49.201746 
30.942010 5.746016 49.517822 
29.964065 5.930141 49.616422 
30.498233 6.764523 49.752334 
31.170991 6.535793 50.455953 
31.140390 5.760694 51.087051 
31.105186 4.767691 51.199770 
32.021076 4.648984 51.583245 
