Snapshot 0 0.000000
1.827221 -3.736661 -0.202777 
2.297319 -2.896264 0.066927 
1.803596 -2.326171 -0.589755 
0.922437 -2.080779 -0.993909 
0.337808 -1.337781 -1.319734 
-0.112034 -0.651765 -0.747873 
0.087624 0.234756 -1.165266 
-0.060622 0.757549 -0.325795 
-0.099137 1.655464 0.112684 
-0.589792 1.790465 0.973517 
0.001811 1.557059 1.745222 
-0.381767 0.840433 2.327730 
0.250304 0.199049 1.892859 
-0.625154 -0.109034 1.520488 
-0.860803 0.844516 1.332842 
-1.193221 0.404055 0.498880 
-1.441684 1.080922 -0.194025 
-1.409371 1.462849 -1.117652 
-0.737807 0.936363 -1.639010 
-0.016726 1.374974 -2.175354 
Snapshot 10000 477.602231
1.947407 -0.462604 -1.435311 
1.424383 1.774880 -0.978181 
1.320185 0.406232 -0.497634 
1.779628 0.271190 -1.979769 
1.672954 -0.522955 -2.568894 
2.118155 -1.475681 -1.402937 
0.512516 -0.830690 -1.302500 
0.791133 1.650709 -2.313213 
0.652758 0.454377 -1.854272 
1.641754 2.047021 -0.151782 
1.849852 1.023806 -1.000433 
2.819258 0.055915 -0.022507 
2.666753 0.950524 -0.866153 
0.349225 1.593676 -0.753428 
2.263731 -0.723044 0.079437 
2.910960 -0.320102 -1.345726 
1.823290 -0.507353 -0.890798 
1.478234 0.869348 0.506364 
0.867919 1.676901 0.695394 
2.394495 0.752820 0.668061 
