Snapshot 0 0.000000
-0.067586 -0.107201 -0.382439 
0.504542 0.424619 -1.006808 
0.250163 0.391562 -1.973347 
0.359012 -0.452570 -2.498317 
0.663386 -0.628833 -1.562214 
1.634551 -0.851352 -1.647795 
1.643300 -0.013490 -1.101983 
1.598788 -0.265839 -0.135371 
0.868253 0.406822 -0.017705 
-0.007233 0.772681 0.298006 
0.527425 0.937053 1.126935 
0.207701 0.991204 2.072897 
-0.176595 1.903438 1.930958 
-0.951657 1.470973 1.470249 
-0.567268 0.548051 1.448815 
-0.974116 0.197976 0.605060 
-0.701717 -0.763936 0.627945 
-0.673647 -1.622388 0.115820 
-1.666088 -1.698468 0.019524 
-2.471213 -1.640303 0.609771 
Snapshot 10000 470.775271
-0.850293 -1.252912 0.505042 
-1.103234 -0.087877 2.215956 
-1.298465 -0.701194 1.040043 
0.044728 -1.301655 1.567398 
0.627073 -1.498739 0.480542 
-0.276702 -1.902237 -0.150711 
0.178262 -0.534137 0.097114 
0.208931 -0.130245 2.593168 
0.046368 -0.254913 1.451110 
-2.180079 -0.214539 2.520108 
-1.047551 -1.107730 2.140118 
-2.117787 -2.263074 1.013216 
-1.452419 -1.643457 1.864579 
-1.006927 0.781170 1.881003 
-1.920655 -1.622402 -0.141996 
-0.982332 -2.461766 1.038569 
-0.289997 -1.927204 1.078700 
-2.077938 -0.366388 0.941592 
-2.687091 0.351469 1.707115 
-2.681292 -1.142689 1.277032 
