Snapshot 0 0.000000
2.731964 -1.376074 -0.048396 
2.402538 -0.437187 -0.148236 
2.952790 0.381771 0.014649 
2.487424 0.708639 -0.807903 
1.538121 0.399311 -0.863934 
0.898092 0.541683 -1.618979 
0.779911 -0.145133 -2.336138 
0.994053 0.285940 -3.212676 
0.001909 0.235262 -3.327049 
-0.545638 0.127197 -2.497282 
-0.714547 0.318875 -1.530468 
-1.396596 0.024491 -0.861029 
-1.421813 0.378798 0.073760 
-2.217575 0.697460 0.588753 
-1.647380 0.161836 1.211637 
-1.923973 0.680369 2.020723 
-1.905238 -0.157630 2.566072 
-1.666791 -0.300484 3.526663 
-1.138100 -1.147989 3.479538 
-0.209149 -1.377136 3.770297 
Snapshot 10000 474.077598
0.730479 1.016462 -1.036039 
-0.369065 -0.832642 -0.336883 
0.500429 0.036386 -0.113441 
-0.002918 0.368685 -1.504430 
0.575003 1.086426 -2.119627 
1.608083 1.392543 -1.382474 
1.697098 0.226297 -1.532164 
-1.088151 -0.935045 -1.447110 
0.436316 -0.560265 -1.661394 
-0.941647 -0.605460 0.691271 
-0.343402 0.181893 -0.449099 
0.829151 1.361907 0.668592 
-0.224279 0.810222 0.209484 
0.113691 -1.523694 -0.217588 
1.654418 0.940909 0.429217 
0.485645 1.678328 -0.582746 
1.052070 0.367166 -0.816407 
0.753365 -0.479384 0.863319 
-0.225227 -1.447993 1.321460 
0.379823 0.337119 1.285986 
