Snapshot 0 0.000000
-1.103472 0.156044 0.347608 
-0.538505 0.855124 -0.090684 
-0.759053 1.798152 -0.339795 
-0.303862 1.222193 -1.018818 
-0.966354 0.758935 -1.607458 
-0.147526 0.253524 -1.879637 
-0.021212 -0.190754 -0.992698 
-0.885031 -0.461846 -0.568050 
-0.200454 -1.165506 -0.758355 
-0.968807 -1.805404 -0.745502 
-0.451157 -1.965229 0.095030 
-0.648104 -1.062228 0.476871 
-0.049687 -1.395340 1.205523 
0.120072 -0.826092 2.009973 
0.664621 -0.106466 1.579155 
0.378061 0.818179 1.829983 
1.039688 0.945519 1.091042 
1.198532 0.564422 0.180255 
1.449047 0.919423 -0.720420 
2.193202 0.687351 -0.094021 
Snapshot 10000 477.412234
-0.698658 1.885895 1.695331 
-0.863278 -0.230046 0.892242 
-0.601397 1.108310 1.197442 
-1.373258 0.778156 2.373564 
-1.881095 1.830616 2.821783 
-0.968675 2.560339 2.287317 
-2.180480 1.662530 1.660413 
-1.911323 -0.599666 1.431176 
-1.911032 0.575417 1.622806 
0.297946 -0.494496 0.623941 
-0.508634 0.008651 1.871458 
0.645397 1.783771 2.195992 
0.285878 0.454056 2.112664 
-1.081537 -0.080928 0.159353 
0.529381 2.495498 1.436989 
0.029826 1.541252 2.820296 
-1.050617 1.585576 2.553757 
0.249717 1.009150 0.586685 
0.059699 0.194664 -0.731251 
0.785142 0.685092 0.813607 
