-7.87396 5.24548 -111.592
-48.5 -60.5937 -61.3128
-35.9414 -32.379 -107.752
-24.4914 6.42524 -57.6866
-11.8622 56.3285 -75.5323
9.25588 43.6552 -118.239
-52.2433 29.662 -109.838
-71.579 -21.2241 -30.1984
-60.7537 5.77964 -74.6347
-25.136 -98.1236 -75.6356
-20.8412 -36.848 -57.3983
25.1677 -39.1947 -131.1
9.9524 -51.1959 -80.4478
-83.5436 -62.0261 -85.1498
4.60392 -14.9978 -150.495
28.0901 -0.5504 -94.8195
8.31432 6.902 -81.5745
-35.9281 -69.3442 -132.679
-44.917 -116.329 -107.778
13.7992 -76.808 -111.132
