7.99576 -48.843 43.5764
-87.6348 -22.6704 54.0974
-29.6492 -41.2906 53.1541
-31.1878 -17.9773 10.9822
11.7238 -29.6157 -26.0385
34.706 -41.9804 14.3469
-2.07744 -70.6064 -1.08284
-94.7863 -36.7718 -0.17456
-41.4986 -60.6388 14.0915
-88.8947 -9.94292 83.9416
-51.524 -9.02524 45.9421
15.8494 -9.05312 88.3534
-27.3171 9.1462 74.7393
-75.6852 -71.8161 58.0004
24.3396 -50.0746 84.3124
15.7161 2.27712 36.6824
-3.37728 -1.4786 16.8266
-40.5976 -44.9948 100.495
-92.5032 -46.341 114.705
-28.6091 -11.8538 115.845
