-52.9048 26.5118 28.0132
15.4886 -10.2484 12.1336
-22.8738 17.8358 22.9178
-49.3076 -16.2305 -0.10916
-99.4725 -3.39188 -8.07864
-84.6819 50.0238 7.81712
-54.931 30.4238 -32.6329
3.05748 -49.6986 -23.8639
-31.8117 -4.98552 -30.8889
35.9147 -5.22148 43.8114
-15.6075 -20.835 32.8599
-50.2589 26.5104 82.3043
-22.4781 -15.3223 62.4286
28.5342 14.7048 -9.42812
-54.0657 70.8413 61.8346
-72.971 3.35984 55.7018
-74.3517 -14.5536 22.4769
0.62484 40.3885 43.2198
58.5696 28.7916 44.1944
3.05488 32.3963 72.52
