100 135 1
102 103 1
104 372 1
105 372 1
107 359 2
112 173 1
112 343 1
113 123 1
114 122 1
114 136 1
115 116 1
115 118 2
115 123 1
115 211 1
118 119 2
119 122 1
119 129 1
119 136 1
119 360 1
120 121 1
120 122 1
120 350 1
121 124 2
122 123 1
122 342 1
124 125 1
124 133 1
125 130 2
125 335 1
127 128 2
127 139 1
128 132 2
128 136 1
129 135 1
129 222 1
130 222 1
130 489 1
131 132 1
132 135 1
134 138 1
134 141 1
134 154 1
135 136 1
136 218 1
137 191 1
137 215 1
138 139 1
138 144 1
138 156 1
138 163 1
138 215 1
139 140 1
139 145 1
141 161 1
141 215 1
141 483 1
142 161 1
142 347 1
143 145 1
144 147 1
144 148 1
144 152 1
144 162 1
144 555 1
145 148 1
145 557 1
146 147 1
146 154 1
146 240 1
147 150 1
147 154 2
147 228 2
148 149 1
148 154 1
148 163 1
148 1161 1
149 151 2
150 165 1
151 161 1
151 162 2
152 153 1
153 154 1
154 157 1
154 158 1
154 221 1
156 157 1
157 222 1
157 238 1
158 161 1
158 1162 1
159 160 2
162 165 1
162 185 1
163 165 2
164 170 1
164 171 1
165 167 1
166 167 1
167 168 2
169 178 1
171 172 2
171 178 1
172 175 1
172 176 1
172 178 1
173 174 1
173 176 3
174 177 1
175 176 3
175 178 1
178 182 2
180 181 1
180 187 1
181 184 1
183 185 1
184 185 2
185 189 1
186 187 2
186 188 1
187 189 1
187 191 1
187 211 1
190 191 1
191 195 2
191 203 1
191 211 1
193 194 1
193 219 1
196 197 1
196 200 1
197 198 1
197 208 1
198 200 1
198 202 2
198 206 1
199 200 1
199 201 1
200 208 1
201 210 1
203 204 1
203 205 1
203 208 1
204 205 1
206 207 1
210 211 1
214 215 1
215 216 1
216 977 1
218 219 2
218 232 1
221 229 1
222 228 1
222 330 1
227 232 1
228 238 1
229 230 2
229 980 1
231 235 1
231 238 1
231 246 2
231 248 1
231 400 1
232 245 1
233 303 1
235 238 1
235 425 1
235 951 1
237 238 1
237 951 1
238 398 1
239 422 1
239 423 1
240 242 1
240 258 2
241 242 1
241 245 1
241 250 1
241 251 1
242 244 1
242 292 1
242 1094 1
243 245 2
243 294 1
243 329 2
244 292 1
244 293 1
246 1093 1
247 398 1
247 959 1
249 252 1
249 400 1
249 425 1
250 251 1
250 423 1
250 929 1
250 1108 2
251 420 1
251 937 1
251 948 1
252 254 1
254 286 1
254 291 1
255 1119 1
256 258 1
257 258 1
258 933 1
259 422 1
260 263 1
260 264 1
262 267 1
267 315 1
268 272 1
268 286 1
269 270 2
271 286 1
271 312 1
272 274 1
274 286 1
276 287 1
279 283 1
280 282 1
283 285 2
284 317 1
286 287 1
286 319 1
287 289 2
288 289 2
288 307 1
288 957 1
289 290 1
290 1130 1
292 301 1
293 294 1
294 299 1
294 301 1
295 297 1
295 299 1
295 302 1
295 399 1
296 303 1
296 399 1
297 298 1
297 299 1
297 301 1
297 304 1
297 396 1
297 400 1
297 1088 1
300 303 1
300 305 1
302 305 2
302 306 1
305 307 1
305 394 2
307 1092 1
309 314 1
310 312 1
312 315 1
313 314 1
315 395 2
317 318 1
324 388 2
324 504 1
325 391 1
327 378 2
328 335 1
328 336 1
330 489 1
331 332 1
331 334 1
331 340 1
335 336 1
335 337 1
336 337 1
337 338 2
341 362 1
343 347 1
343 353 1
344 346 1
344 347 1
345 350 1
346 349 1
346 350 1
348 349 1
358 359 2
361 487 1
363 364 1
363 365 1
365 366 2
365 499 1
367 498 1
368 374 1
369 377 1
369 386 2
370 377 1
370 381 1
370 383 1
372 373 2
372 376 1
372 501 1
376 380 1
376 496 1
378 379 1
378 381 1
383 386 1
384 504 1
388 389 2
389 394 1
390 391 1
390 392 1
394 398 1
397 407 1
397 424 1
398 408 2
400 401 1
400 407 1
400 424 2
403 404 1
403 405 1
404 405 1
404 411 1
406 407 1
414 417 1
414 419 1
415 448 1
415 932 1
417 421 1
417 452 1
419 426 1
421 423 1
421 453 1
421 1108 1
422 425 1
422 426 1
423 488 1
423 1089 1
424 559 2
424 580 1
425 1100 1
428 582 3
428 583 1
429 453 1
430 433 1
430 443 1
430 454 1
430 1110 1
432 433 1
432 445 3
433 434 1
437 457 1
437 582 1
438 1104 1
438 1105 1
439 574 1
440 441 2
440 674 2
440 711 1
441 1131 1
442 673 1
442 711 1
442 1102 1
443 1132 2
444 455 1
444 1106 1
444 1108 1
445 450 1
445 1116 1
449 932 1
451 1121 1
452 454 1
453 457 1
453 1109 2
455 456 1
457 573 1
457 582 1
458 585 1
459 460 1
460 461 1
460 476 1
462 473 1
462 475 1
462 546 1
464 523 1
465 480 1
465 532 1
465 535 1
466 514 1
467 514 2
467 528 1
468 535 1
469 471 2
469 536 1
470 472 1
471 472 1
471 522 1
477 635 1
478 479 3
480 511 1
480 512 1
481 512 1
484 486 1
484 491 1
484 493 1
485 495 1
486 488 1
486 493 1
486 496 1
487 494 1
487 500 1
489 491 1
489 492 1
489 497 1
489 498 1
489 499 1
489 619 1
490 491 1
490 498 1
491 496 1
491 500 1
492 496 1
493 494 1
494 495 1
495 496 1
495 497 1
501 504 1
507 508 1
518 526 1
520 525 1
520 526 1
521 522 1
524 530 1
528 536 1
528 545 1
530 544 1
530 548 1
533 543 1
534 553 2
537 551 2
539 542 1
540 541 3
541 555 1
542 543 1
542 554 1
543 553 1
544 627 1
545 547 1
549 551 1
551 562 1
552 554 1
552 559 1
553 558 1
553 564 1
557 627 1
560 561 1
560 582 1
560 1097 1
561 632 1
563 622 1
563 628 1
564 565 1
565 619 1
565 623 1
566 567 1
566 585 1
566 671 1
568 569 1
568 572 1
569 575 1
570 571 1
574 575 1
575 577 1
576 580 2
578 579 1
579 582 1
579 676 1
581 582 1
582 583 1
582 1101 1
585 632 1
587 641 1
590 593 1
591 609 1
592 607 1
592 614 1
593 611 1
593 648 1
594 611 1
595 596 2
595 652 1
596 608 1
596 617 1
597 644 1
599 606 1
599 625 1
599 626 1
600 601 1
602 625 1
603 606 1
603 617 1
603 642 1
604 640 1
605 639 1
606 607 1
607 617 1
613 639 1
614 637 1
615 616 2
616 655 1
617 654 1
618 623 1
618 629 1
618 635 1
619 624 2
619 627 1
619 635 1
620 622 1
620 640 1
624 629 1
625 629 1
631 634 1
632 633 1
632 671 1
633 670 1
633 671 1
634 640 1
636 695 1
637 639 1
638 664 1
640 644 2
641 642 1
647 654 1
648 652 1
650 652 1
655 657 1
655 661 2
657 658 1
657 687 1
658 688 1
663 688 1
664 665 1
664 675 1
664 682 1
665 688 1
666 668 2
667 679 1
667 680 1
668 669 1
669 670 1
669 678 1
673 675 1
674 1097 1
675 1097 1
675 1101 2
678 695 2
679 702 2
680 694 1
684 688 1
692 709 1
695 696 2
695 703 1
697 713 1
698 712 2
699 710 1
700 701 1
700 712 1
701 704 1
701 1113 1
704 705 1
704 725 1
704 1048 1
706 708 1
706 1049 1
707 1043 1
708 723 1
710 1097 1
710 1134 1
712 715 1
714 1115 2
716 718 2
717 733 1
720 724 1
720 1096 2
720 1099 1
720 1101 1
721 1159 2
721 1165 1
722 1100 1
723 1075 1
723 1095 1
724 735 1
724 767 1
724 1094 1
726 731 1
726 742 1
727 744 1
727 925 1
728 743 1
728 1115 1
729 735 1
729 742 1
730 743 1
730 744 1
730 925 1
731 744 1
732 734 3
732 741 1
734 738 1
734 742 1
735 738 1
735 741 1
735 745 1
735 1050 1
735 1129 2
736 759 1
736 1050 1
736 1328 2
737 741 1
739 741 2
739 744 1
740 743 1
740 751 2
740 782 1
740 847 1
741 747 1
741 1326 1
742 744 1
742 1099 1
744 745 2
744 1050 1
744 1055 1
745 1051 1
747 749 1
747 899 1
748 899 2
748 901 1
748 904 1
749 896 1
749 899 1
749 903 1
749 924 1
755 760 1
756 761 1
757 863 1
757 1636 1
758 842 1
759 760 1
760 1327 1
761 762 1
763 768 2
763 774 1
763 944 2
764 765 1
764 944 2
764 1331 1
765 773 1
765 939 1
765 940 1
766 776 2
767 769 1
767 774 1
768 773 1
769 775 1
770 779 1
770 829 1
774 778 1
774 1298 1
775 825 1
776 777 1
776 778 1
776 838 1
776 839 1
776 1607 1
777 841 1
778 783 1
779 782 1
780 781 2
780 811 1
780 814 2
780 815 1
780 820 1
780 823 1
780 829 1
781 782 1
781 793 2
781 825 1
782 815 1
783 832 1
784 837 1
785 786 1
785 787 1
785 803 1
786 791 1
787 830 1
787 1599 1
787 1600 1
788 794 1
792 808 1
793 794 1
794 796 1
794 809 1
794 827 1
794 829 1
795 798 1
795 803 1
796 803 1
798 807 1
800 802 1
802 804 2
803 830 1
803 831 1
804 806 1
805 808 1
806 807 1
809 831 1
810 818 1
811 829 1
812 823 1
812 1348 1
815 820 1
815 828 1
816 817 2
817 818 2
817 829 1
820 1354 1
822 828 1
822 1595 1
823 1348 1
824 838 1
824 1348 1
824 1648 1
827 828 1
830 831 1
832 857 1
833 835 1
835 857 1
835 1606 1
835 1634 1
836 1632 1
840 1628 1
840 1630 2
841 842 1
842 862 1
842 863 2
843 844 1
846 855 1
846 1325 1
847 868 1
849 854 1
849 903 1
849 913 1
850 854 1
850 858 1
853 854 1
854 865 1
859 868 1
861 1636 2
862 1319 1
863 894 1
863 1632 1
863 1637 1
866 870 1
866 903 1
870 882 1
871 872 1
871 891 1
872 874 1
872 875 1
872 917 1
873 880 1
873 882 1
874 891 1
879 892 1
879 907 1
879 910 1
880 882 1
880 924 1
882 887 1
883 887 1
883 889 2
884 886 1
884 917 1
885 886 1
885 902 1
886 894 2
887 911 1
893 908 1
894 924 1
895 904 1
896 1129 1
897 898 2
898 925 2
898 1126 1
899 900 1
899 1127 1
899 1128 1
904 1128 1
905 906 1
905 917 1
910 912 2
914 915 1
917 924 1
918 925 2
921 922 1
926 930 1
928 934 1
930 934 1
934 936 1
934 1120 1
938 939 1
938 957 1
939 954 1
941 959 1
942 994 1
943 944 1
943 956 1
946 951 1
946 956 1
948 949 1
948 950 1
948 952 1
948 954 1
948 955 1
949 1328 2
951 955 1
952 960 1
952 995 1
952 1000 1
952 1090 1
953 955 1
953 957 2
953 1080 1
953 1087 1
954 955 1
954 956 1
954 957 1
954 958 1
954 1001 1
955 958 2
955 966 1
956 1084 1
958 965 1
958 1092 1
959 964 1
959 966 1
960 967 1
960 996 3
961 996 1
962 964 1
962 965 1
962 996 2
962 1085 1
963 964 1
963 967 1
964 965 1
965 966 1
965 993 1
967 968 1
968 976 1
970 994 1
971 974 1
971 997 1
972 976 1
972 981 1
972 986 1
973 1475 2
974 1477 1
977 987 1
978 979 1
978 985 1
979 987 1
981 986 1
982 986 1
984 985 2
984 988 1
984 992 1
984 994 1
985 987 2
986 996 1
988 996 1
989 990 1
989 993 1
989 998 1
992 996 1
992 997 1
993 999 1
993 1085 1
993 1281 1
993 1477 1
994 995 1
994 1007 1
994 1477 1
996 997 1
996 998 2
996 1000 1
996 1088 1
997 998 1
997 1460 1
998 1079 1
1000 1001 1
1000 1015 1
1001 1282 1
1002 1007 1
1002 1072 1
1002 1282 1
1003 1004 1
1004 1028 1
1004 1454 1
1005 1011 1
1005 1452 1
1006 1091 1
1007 1009 1
1007 1070 1
1007 1071 1
1008 1010 1
1009 1061 1
1009 1069 1
1010 1077 1
1012 1026 1
1012 1027 1
1012 1029 1
1013 1315 2
1014 1015 1
1014 1016 1
1014 1017 1
1014 1435 1
1015 1725 1
1015 1730 1
1016 1017 1
1016 1058 1
1019 1029 1
1021 1052 1
1022 1023 1
1022 1025 1
1022 1053 1
1022 1066 1
1023 1026 1
1024 1026 1
1025 1026 1
1028 1435 1
1029 1030 1
1029 1061 1
1030 1031 1
1031 1065 1
1031 1066 1
1032 1038 1
1033 1038 2
1033 1047 1
1034 1035 1
1034 1213 1
1035 1036 2
1035 1213 1
1036 1037 1
1036 1038 1
1036 1207 1
1038 1039 1
1038 1058 3
1039 1058 1
1039 1059 1
1039 1082 1
1040 1057 1
1040 1060 1
1040 1066 1
1041 1047 1
1041 1139 1
1041 1163 1
1042 1043 1
1042 1053 1
1042 1054 1
1042 1056 2
1043 1052 1
1044 1049 1
1045 1049 1
1046 1049 1
1047 1138 1
1048 1136 2
1050 1051 1
1050 1328 1
1052 1058 1
1053 1056 1
1054 1056 1
1054 1057 1
1055 1056 1
1058 1069 1
1058 1729 1
1059 1066 1
1059 1728 1
1060 1140 1
1066 1067 1
1068 1069 1
1068 1147 1
1069 1076 1
1070 1077 3
1074 1075 1
1074 1079 1
1075 1076 1
1075 1148 1
1079 1080 1
1079 1081 2
1082 1087 1
1084 1087 1
1086 1087 3
1089 1100 1
1090 1091 2
1090 1096 1
1090 1099 1
1090 1102 1
1091 1130 1
1092 1102 1
1093 1096 1
1094 1107 1
1096 1099 1
1096 1101 1
1096 1102 1
1097 1098 5
1097 1101 1
1098 1101 1
1099 1101 1
1099 1102 1
1099 1107 1
1100 1108 1
1104 1105 4
1105 1135 1
1106 1110 1
1106 1132 1
1107 1114 1
1107 1136 1
1110 1123 2
1111 1133 2
1113 1123 1
1116 1126 2
1124 1131 1
1127 1129 1
1137 1138 1
1140 1142 2
1140 1145 2
1141 1142 2
1142 1145 1
1143 1152 1
1143 1166 1
1144 1166 1
1145 1146 1
1145 1154 2
1145 1155 1
1151 1154 1
1151 1155 1
1152 1153 1
1152 1157 1
1153 1156 1
1155 1176 1
1156 1157 1
1157 1163 1
1158 1161 1
1158 1163 1
1159 1162 2
1159 1163 3
1159 1164 1
1161 1162 1
1161 1170 1
1161 1181 1
1162 1163 2
1162 1166 1
1163 1185 1
1165 1166 1
1166 1167 1
1166 1175 1
1166 1198 1
1168 1196 1
1168 1229 1
1173 1182 1
1174 1178 1
1175 1181 1
1176 1179 1
1178 1200 1
1178 1738 1
1181 1195 1
1182 1186 2
1187 1191 1
1188 1190 1
1192 1197 1
1195 1200 1
1195 1201 1
1196 1199 1
1204 1205 2
1204 1230 1
1205 1229 1
1206 1213 2
1207 1209 4
1207 1218 1
1208 1225 1
1208 1226 1
1209 1211 1
1209 1226 1
1209 1817 1
1209 1831 1
1210 1215 1
1210 1817 1
1211 1230 1
1211 1831 1
1213 1226 2
1213 1230 1
1215 1815 1
1217 1220 1
1217 1818 2
1217 1831 1
1218 1832 1
1219 1225 2
1220 1735 1
1221 1813 1
1222 1223 1
1222 1827 1
1223 1779 1
1224 1225 1
1224 1831 1
1226 1227 1
1226 1832 1
1229 1245 1
1230 1231 1
1231 1233 1
1231 1264 1
1231 1476 1
1232 1233 1
1232 1786 1
1234 1243 1
1234 1290 1
1236 1246 1
1237 1243 1
1238 1240 1
1238 1241 1
1239 1240 1
1242 1246 1
1243 1786 1
1249 1253 1
1250 1258 1
1251 1253 1
1253 1255 1
1256 1274 1
1260 1261 1
1261 1270 1
1262 1265 1
1263 1264 1
1263 1270 1
1265 1271 1
1265 1272 1
1266 1272 1
1267 1268 1
1267 1279 1
1267 1471 1
1268 1271 1
1268 1273 1
1268 1276 1
1268 1482 1
1269 1270 1
1270 1468 1
1272 1471 2
1273 1277 1
1274 1466 1
1274 1482 1
1276 1280 1
1276 1292 1
1276 1479 1
1277 1278 1
1278 1289 1
1278 1467 1
1278 1480 1
1279 1280 2
1280 1403 1
1280 1422 1
1280 1473 1
1281 1291 1
1282 1283 2
1282 1284 1
1282 1289 1
1283 1285 1
1283 1287 1
1285 1286 1
1285 1287 1
1287 1288 1
1287 1292 1
1289 1292 1
1294 1453 2
1294 1457 1
1294 1458 2
1294 1740 1
1295 1455 2
1295 1456 1
1295 1459 1
1295 1780 1
1297 1457 1
1297 1459 1
1298 1322 1
1299 1431 1
1300 1630 1
1301 1638 2
1302 1632 1
1306 1307 2
1306 1308 1
1306 1320 1
1306 1334 1
1310 1634 1
1314 1315 1
1315 1316 1
1319 1326 1
1321 1336 2
1323 1371 1
1327 1328 1
1330 1352 1
1334 1335 1
1338 1645 1
1338 1648 2
1340 1341 1
1340 1664 1
1341 1362 2
1341 1375 1
1341 1380 1
1341 1392 1
1342 1343 1
1342 1351 1
1342 1361 1
1342 1380 1
1343 1387 1
1344 1347 1
1345 1347 1
1345 1596 1
1345 1653 1
1346 1654 1
1347 1348 1
1347 1373 1
1347 1601 1
1347 1616 1
1348 1370 1
1348 1372 1
1348 1596 1
1349 1352 1
1350 1595 1
1352 1355 1
1352 1362 1
1354 1380 1
1355 1356 1
1356 1364 1
1357 1358 1
1357 1380 1
1358 1363 1
1358 1367 2
1358 1374 1
1360 1383 1
1364 1366 1
1364 1368 2
1364 1371 1
1364 1426 1
1364 1427 1
1365 1368 1
1365 1385 1
1365 1397 1
1366 1447 1
1366 1452 1
1367 1426 2
1367 1447 1
1369 1373 1
1369 1596 1
1372 1596 1
1375 1664 1
1375 1674 1
1375 1763 1
1376 1381 1
1376 1661 2
1376 1663 1
1377 1379 1
1377 1456 1
1377 2028 1
1378 1381 1
1378 1387 1
1378 2036 1
1379 1380 1
1379 1663 1
1379 2036 1
1380 1381 1
1380 1388 1
1380 1412 1
1381 1393 1
1381 1656 1
1381 1664 1
1382 1386 2
1383 1384 1
1385 1386 1
1385 1402 1
1386 1397 1
1386 1400 1
1386 1461 1
1388 1456 1
1389 1404 2
1390 1583 1
1391 1401 2
1392 1396 1
1392 1400 1
1392 1401 1
1393 1397 1
1393 1414 1
1394 1395 1
1394 2035 1
1396 1415 1
1396 1464 1
1397 1398 1
1397 1408 1
1398 1399 1
1398 1419 1
1398 1588 1
1399 1484 1
1400 1422 1
1401 1402 1
1402 1404 1
1402 1469 1
1403 1404 1
1404 1584 1
1404 1592 1
1404 1593 1
1405 1407 1
1405 1417 1
1406 1483 1
1407 1484 1
1407 1495 1
1408 1464 1
1408 1484 1
1410 1414 1
1410 1415 1
1411 1413 1
1411 1858 1
1411 1859 1
1412 1422 1
1412 1853 1
1412 1857 1
1412 1859 1
1413 1415 1
1415 1416 2
1423 1860 1
1427 1428 1
1427 1442 2
1427 1763 1
1428 1429 1
1428 1747 1
1430 1450 1
1433 1441 1
1437 1739 1
1440 1738 1
1441 1752 1
1441 1754 1
1442 1751 1
1444 1445 1
1444 1749 1
1445 1446 1
1445 1655 1
1445 1748 1
1446 1447 1
1447 1452 1
1447 1760 1
1449 1757 1
1450 1739 1
1453 1457 1
1454 1455 2
1454 1741 1
1456 1460 1
1456 1472 1
1457 1766 2
1458 1476 1
1458 1480 1
1459 1475 1
1460 1477 1
1460 1482 1
1461 1462 1
1462 1463 2
1462 1480 1
1462 1482 1
1463 1482 1
1464 1465 3
1466 1468 1
1467 1473 1
1467 1780 2
1468 1475 1
1469 1470 1
1472 1478 1
1472 1479 1
1473 1475 1
1473 1480 2
1474 1476 1
1475 1476 1
1479 1482 1
1480 1481 2
1484 1485 3
1485 1496 1
1486 1492 1
1487 1488 1
1487 1495 2
1487 1501 1
1488 1495 2
1489 1494 1
1489 1588 1
1490 1576 1
1493 1495 1
1495 1498 1
1497 1499 1
1497 1502 1
1498 1502 2
1498 1587 1
1499 1500 1
1499 1576 1
1499 1581 1
1500 1501 1
1501 1504 1
1501 1505 1
1504 1513 1
1505 1518 1
1505 1520 1
1506 1520 1
1509 1510 1
1509 1511 1
1511 1514 1
1511 1581 1
1513 1514 1
1513 1516 1
1516 1523 1
1517 1518 1
1517 1533 1
1517 1536 1
1518 1519 1
1519 1521 1
1521 1537 1
1521 1541 1
1522 1527 1
1522 1541 1
1524 1525 1
1524 1527 1
1524 1530 1
1526 1530 1
1526 1531 2
1527 1540 1
1528 1530 1
1529 1530 1
1529 1531 1
1529 1544 1
1531 1533 1
1531 1535 1
1531 1537 1
1532 1533 1
1534 1539 1
1534 1541 1
1534 1544 1
1535 1569 1
1538 1539 1
1538 1549 1
1540 1543 1
1541 1549 1
1543 1545 1
1546 1550 1
1547 1548 2
1548 1549 1
1548 1552 1
1549 1560 1
1553 1558 1
1554 1555 1
1554 1564 1
1555 1556 2
1556 1557 1
1559 1562 1
1559 1563 1
1560 1568 1
1561 1562 1
1561 1564 1
1562 1566 1
1562 1567 1
1564 1566 1
1565 1567 3
1566 1567 2
1568 1569 1
1569 1573 1
1570 1571 2
1570 1574 1
1570 1576 1
1571 1572 2
1572 1573 1
1573 1574 1
1573 1577 1
1573 1578 1
1575 1576 1
1575 1587 1
1577 1578 1
1577 1589 1
1578 1590 1
1581 1586 1
1582 1587 1
1584 1585 1
1584 1590 1
1585 1588 1
1585 1591 1
1587 1590 1
1590 1592 1
1596 1603 1
1596 1612 1
1597 1621 1
1597 1628 1
1597 1644 2
1598 1608 1
1598 1616 1
1601 1604 1
1602 1603 1
1604 1613 1
1605 1613 1
1605 1614 1
1605 1621 2
1606 1633 1
1607 1642 1
1610 1611 1
1610 1617 1
1610 1629 1
1611 1628 1
1612 1615 1
1616 1620 1
1620 1622 1
1622 1647 1
1623 1643 1
1624 1650 1
1624 1754 1
1624 1755 2
1626 1628 1
1631 1632 1
1632 1638 1
1632 1641 1
1634 1640 1
1642 1643 1
1643 1644 1
1643 1667 2
1647 1652 1
1648 1649 1
1649 1652 1
1651 1658 1
1652 1657 1
1655 1657 1
1657 1659 1
1658 1667 1
1658 1674 1
1659 1660 1
1661 1663 1
1662 2028 1
1662 2032 1
1663 2030 1
1664 1665 1
1666 1667 1
1668 1669 1
1668 2033 1
1669 1683 1
1670 1676 1
1671 1673 1
1672 1675 1
1672 1758 1
1673 1682 1
1677 1681 2
1678 1690 1
1678 1719 1
1678 1720 2
1679 1701 1
1683 2032 1
1684 1689 1
1684 1698 1
1687 1688 1
1688 2032 1
1688 2035 1
1689 1700 1
1689 1713 1
1690 1695 1
1690 1714 1
1690 1736 2
1691 1710 1
1691 2042 1
1692 1774 1
1693 1711 1
1694 1705 1
1694 1710 1
1694 1776 1
1696 2032 1
1697 2034 1
1699 1700 1
1699 1719 1
1699 1720 1
1701 1706 1
1702 1706 2
1702 1709 1
1702 1773 1
1703 1710 1
1706 1710 1
1706 1713 1
1708 1709 1
1709 1710 2
1709 1735 2
1716 1720 1
1716 1734 1
1716 1736 1
1716 1742 1
1717 1736 1
1718 1737 1
1721 1730 1
1722 1723 1
1723 1724 1
1723 1737 1
1724 1741 1
1725 1741 1
1726 1736 1
1734 1742 1
1737 1742 1
1739 1741 3
1741 1742 2
1743 1745 1
1743 1759 1
1745 1747 1
1746 1752 1
1747 1748 2
1747 1758 2
1748 1749 1
1750 1752 1
1754 1762 1
1756 1757 1
1757 1758 1
1758 1759 1
1758 1762 1
1760 1761 1
1761 1762 1
1763 1764 1
1765 1766 1
1767 1775 1
1767 1778 1
1769 1771 1
1769 1789 1
1769 2036 1
1770 1778 1
1770 1779 3
1770 2036 1
1771 1773 1
1771 1848 2
1772 1802 1
1772 1849 1
1772 1894 1
1773 1774 2
1779 1787 1
1779 1788 1
1779 1789 1
1782 1854 1
1783 1789 1
1783 1790 1
1784 1799 1
1785 1801 2
1786 1797 1
1786 1798 1
1787 1789 1
1787 1796 1
1787 1801 1
1788 1789 1
1788 1790 1
1789 1791 2
1792 1794 2
1793 1796 1
1793 1809 1
1793 1810 1
1794 1796 1
1794 1797 1
1797 1798 1
1799 1848 1
1800 1809 1
1802 1834 1
1803 1816 1
1805 1807 1
1805 1815 1
1805 1818 1
1805 1827 1
1805 1828 1
1807 1808 1
1807 1810 1
1808 1811 1
1809 1830 1
1809 1836 1
1810 1815 1
1810 1818 1
1810 1827 1
1810 1828 1
1811 1812 1
1812 1819 1
1812 1827 1
1816 1817 1
1816 1828 1
1817 1828 1
1818 1826 1
1818 1828 1
1819 1820 1
1819 1821 1
1820 1821 2
1820 1849 1
1820 1850 2
1824 1826 1
1825 1835 1
1828 1829 1
1830 1836 1
1833 1834 1
1835 1849 1
1836 1849 1
1840 1850 1
1843 1876 1
1845 1863 1
1848 1874 2
1854 1857 1
1854 2042 1
1857 1858 1
1862 1863 1
1863 1864 1
1867 2043 1
1868 1873 1
1869 1874 1
1873 1874 1
1876 1891 1
1878 1879 1
1879 1883 1
1879 1885 1
1881 1882 1
1881 1885 1
1881 1886 1
1881 1903 1
1882 2020 1
1883 1884 2
1883 2019 1
1884 1912 1
1885 1888 1
1885 2020 2
1886 1887 1
1886 1888 1
1886 1908 1
1886 2020 1
1887 1889 1
1887 1902 1
1887 1905 1
1888 1903 1
1889 1890 2
1889 1903 1
1890 1897 1
1891 1892 1
1891 1894 1
1891 1908 1
1891 1975 1
1894 1895 1
1895 1897 1
1895 1909 1
1895 1919 2
1895 1958 1
1896 2020 1
1898 1899 2
1898 1900 1
1898 1936 1
1899 1901 1
1899 1928 2
1899 1945 2
1899 1957 1
1900 1954 1
1901 1920 2
1904 1905 1
1904 1910 1
1905 2039 2
1906 1951 1
1907 1909 1
1907 1962 1
1908 1958 1
1911 1913 1
1912 1948 1
1921 1922 1
1922 1946 1
1923 2012 1
1924 1972 1
1925 1950 1
1925 1973 1
1927 1928 1
1930 1945 1
1930 1999 1
1931 1945 1
1935 1943 1
1935 1999 1
1935 2001 1
1936 2001 1
1937 1943 1
1937 2000 1
1938 1944 1
1938 1956 1
1939 1971 1
1940 1944 1
1940 1956 1
1940 2001 1
1940 2002 1
1941 1942 1
1941 2012 1
1944 2001 1
1947 1948 1
1950 1951 2
1951 1973 1
1952 1956 1
1952 1974 1
1953 1971 1
1955 2000 1
1957 1958 1
1957 1959 1
1957 1960 2
1957 1974 1
1958 1973 1
1959 1973 1
1961 1974 1
1962 1963 1
1965 1966 1
1967 1968 1
1975 2011 1
1977 1979 1
1977 1993 1
1977 2003 1
1977 2005 1
1978 2013 1
1979 2009 1
1982 1985 1
1983 1985 1
1987 1997 1
1992 1997 1
1992 2001 1
1994 1995 1
1996 2009 1
1996 2016 1
1997 2001 1
1999 2001 1
2002 2010 1
2004 2005 1
2005 2009 1
2005 2011 1
2007 2026 1
2011 2022 1
2012 2013 1
2017 2022 2
2017 2023 1
2022 2023 1
2023 2024 1
2029 2030 1
2029 2035 1
2030 2031 2
2030 2032 1
2036 2037 1
2038 2043 1
2041 2042 1
