267 266 1
269 265 1
506 561 1
511 560 1
513 90 1
513 218 1
513 221 1
514 194 1
514 223 1
515 221 1
520 113 1
520 214 1
545 53 2
577 248 1
578 275 1
580 312 1
581 270 1
582 247 1
583 314 1
589 300 1
599 332 1
601 322 1
601 325 1
602 333 1
603 324 1
603 326 1
603 327 1
611 320 1
613 318 1
616 320 1
629 233 1
636 233 1
638 310 1
639 310 1
640 265 1
644 296 1
756 557 2
879 556 1
885 554 2
886 556 1
918 448 1
919 446 1
922 446 1
932 447 2
934 446 1
938 447 1
939 440 1
941 447 1
943 451 1
944 440 1
944 441 1
947 438 2
947 441 1
947 446 1
953 438 2
953 441 1
955 696 1
957 703 1
958 462 1
958 692 2
960 452 1
960 697 1
960 703 1
964 441 1
964 443 1
964 1320 1
966 441 1
968 1061 1
968 1068 1
968 1073 1
968 1074 1
969 1046 1
969 1049 2
969 1069 1
970 441 1
972 1334 1
975 450 1
977 452 1
977 1052 3
978 1063 1
978 1297 2
980 445 1
982 442 1
983 443 2
986 442 1
988 443 1
989 425 1
989 443 1
989 446 1
989 450 1
989 451 1
990 444 1
990 450 1
1162 434 1
1166 430 1
1167 434 2
1175 429 1
1175 430 1
1240 404 1
1240 406 1
1240 407 1
1244 415 1
1245 415 1
1245 424 1
1247 1206 1
1261 1205 1
1262 1204 1
1262 1326 2
1263 1203 1
1272 1330 1
1273 1251 2
1273 1286 1
1275 1269 1
1275 1282 1
1276 1265 2
1276 1339 1
1276 1340 1
1277 1343 1
1278 1328 1
1278 1332 1
1279 1332 1
1279 1337 1
1280 1326 1
1282 1273 1
1282 1281 1
1283 1281 1
1283 1337 1
1285 1273 2
1286 1273 1
1289 1275 2
1302 1338 2
1303 1275 1
1303 1334 1
1304 1275 1
1304 1332 1
1308 1274 2
1308 1275 1
1308 1276 1
1309 1274 2
1317 1277 1
1317 1278 1
1318 1278 1
2186 1176 1
2186 1178 1
2991 2027 1
2991 2028 1
2999 2043 1
3002 2028 1
3003 2018 1
3003 2028 1
3004 2027 2
3005 2025 1
3011 2022 1
3011 2025 1
3011 2026 1
3025 1566 2
