18 95 1
18 97 1
19 97 2
20 96 4
20 97 1
21 96 2
22 95 3
22 96 4
22 148 1
23 39 3
23 41 1
23 96 3
25 96 1
25 147 3
26 147 1
26 148 3
26 209 1
28 148 1
29 148 2
30 205 1
31 148 1
69 597 4
69 599 1
69 600 3
69 601 1
71 594 1
71 599 1
72 580 1
72 618 1
72 619 1
73 609 2
73 618 3
73 619 1
74 580 1
74 605 1
74 618 1
75 605 1
76 604 1
76 611 1
77 617 4
78 578 2
78 611 1
78 612 1
78 613 1
79 576 1
79 577 2
79 578 1
79 614 1
79 615 1
79 616 1
90 623 2
105 209 1
105 460 1
105 461 1
106 209 1
108 461 1
108 462 1
109 285 2
112 285 1
113 150 3
113 205 1
113 209 1
113 210 1
114 148 1
114 205 1
114 206 4
114 208 1
114 285 1
115 209 3
123 146 2
127 146 1
128 146 8
134 145 2
135 146 1
136 146 2
136 470 1
137 469 1
151 595 1
151 601 3
152 598 2
153 594 2
153 596 1
153 598 5
154 596 1
155 598 2
155 599 1
161 452 2
161 453 2
161 455 1
161 461 2
162 457 1
165 461 1
167 457 4
167 458 4
167 460 1
170 594 1
171 597 1
171 599 2
172 581 1
172 597 1
172 599 1
172 600 1
173 597 4
173 599 1
173 600 1
173 603 4
173 604 1
173 605 1
173 612 1
174 574 1
174 604 1
174 611 1
174 612 2
176 564 1
176 565 1
177 564 1
177 565 1
178 565 1
178 566 1
179 567 1
179 568 1
179 569 1
180 569 2
180 570 2
181 567 1
181 568 2
181 569 1
182 559 1
182 561 2
182 562 1
182 568 4
182 569 2
182 573 4
183 562 1
183 564 1
183 566 1
183 568 1
183 569 1
184 570 3
184 571 1
184 572 3
184 573 2
185 575 2
186 570 1
186 575 1
187 571 1
189 569 1
189 572 1
189 575 2
189 576 1
190 572 1
190 576 2
190 614 2
190 616 1
191 614 1
192 614 1
192 616 1
193 576 1
194 576 2
196 538 2
196 539 2
196 557 1
196 558 1
196 587 3
196 589 2
196 591 2
197 539 1
197 557 2
198 538 2
198 539 1
198 550 1
198 553 2
198 557 1
198 589 1
199 556 1
199 557 1
199 559 1
200 556 1
200 557 1
200 559 1
200 590 1
200 591 1
201 576 3
201 578 1
201 591 1
201 617 3
202 577 1
202 580 1
202 617 1
202 618 3
203 617 1
204 618 1
205 599 2
205 600 1
205 604 1
205 619 1
222 621 1
228 620 1
236 621 1
238 619 5
239 619 1
239 620 1
241 619 1
242 618 2
242 620 1
242 621 1
243 619 1
244 617 1
244 619 2
244 620 2
244 621 1
248 568 1
249 489 1
249 562 1
249 567 2
249 569 2
250 564 1
250 565 1
250 566 1
252 490 3
253 489 1
253 490 2
253 548 1
254 485 1
254 487 2
254 490 2
255 551 1
256 569 2
257 559 1
257 569 1
258 570 1
259 567 1
259 570 1
260 568 1
262 577 1
262 591 1
263 589 1
263 591 1
263 609 3
263 611 1
264 559 1
264 568 2
264 591 1
266 559 1
266 560 3
267 558 1
267 560 2
268 589 1
268 590 1
268 591 2
268 608 1
269 535 1
269 577 1
269 608 1
269 615 2
270 560 3
270 577 1
270 611 2
271 535 1
271 560 3
271 610 6
271 611 2
273 595 2
273 596 2
274 595 1
276 599 1
280 601 1
281 600 1
281 619 1
281 620 1
285 621 2
288 620 1
289 621 1
289 623 1
295 620 1
312 612 1
312 619 3
312 620 6
318 619 1
318 620 2
318 621 1
321 571 2
322 573 1
322 574 2
322 575 1
324 574 1
325 566 1
325 570 1
325 571 1
326 575 1
327 574 1
327 576 1
328 576 1
329 574 2
329 613 1
329 614 1
330 613 1
330 617 1
331 617 2
334 574 2
419 623 2
424 622 5
424 623 1
425 622 4
482 560 2
482 573 1
483 573 1
626 622 1
626 623 2
627 622 6
627 623 1
628 621 2
628 622 2
628 623 2
