28 38 1
29 39 1
30 171 2
105 192 1
106 192 1
123 40 1
124 37 3
124 41 1
125 37 2
134 38 1
143 37 1
144 41 1
156 38 1
156 185 1
169 176 1
170 256 1
171 256 1
171 261 1
171 265 1
182 197 1
182 356 1
183 199 2
183 362 1
186 198 1
187 228 1
187 372 1
188 228 1
199 370 1
200 370 1
202 370 2
202 373 2
202 374 1
202 379 1
203 379 1
204 373 1
204 374 3
294 353 1
296 353 1
299 229 2
299 351 1
299 354 1
300 347 1
300 348 1
300 352 2
359 216 1
375 218 2
383 222 1
384 217 1
466 224 1
468 216 3
470 220 1
470 240 1
904 310 1
904 311 1
905 310 1
905 320 1
909 283 1
910 368 1
914 370 1
915 339 2
915 367 1
916 363 1
916 368 3
917 281 1
918 363 1
922 253 1
922 254 1
923 280 1
923 706 2
924 272 3
924 706 2
924 710 2
925 251 1
925 252 1
925 705 1
926 709 1
930 217 1
934 204 1
934 216 1
935 199 2
935 200 1
935 225 1
935 354 1
937 203 1
937 225 1
938 209 1
939 199 1
939 348 1
940 340 1
942 233 1
942 347 4
943 348 1
944 345 1
944 348 1
948 204 1
948 345 1
949 238 1
949 344 1
952 341 1
952 344 1
962 350 1
963 344 1
963 350 1
965 344 1
965 345 2
965 351 1
966 342 3
966 343 1
969 345 1
970 345 1
981 206 1
982 197 1
982 204 1
982 206 1
982 213 1
982 343 1
983 361 1
984 225 1
984 346 2
984 349 1
984 357 1
984 360 1
985 198 1
985 343 1
991 205 2
991 209 2
991 214 1
991 215 1
992 203 1
997 208 1
997 209 1
997 214 2
997 343 1
998 206 1
999 201 1
999 206 1
999 208 1
1006 983 1
1007 988 1
1007 989 2
1011 991 1
1011 993 1
1017 990 2
1018 990 1
1018 993 1
1019 994 1
1020 990 1
1024 991 1
1025 992 1
1030 991 1
1035 601 2
1035 709 1
1035 711 1
1035 713 2
1049 239 1
1050 238 1
1051 239 1
1052 238 2
1052 239 1
1053 222 1
1054 224 4
1055 238 1
1055 239 2
