51 55 1
52 53 1
52 54 1
55 61 1
57 58 1
58 72 1
59 64 1
60 62 1
60 65 1
60 76 1
60 396 1
62 65 1
63 64 1
63 68 1
63 126 1
64 73 1
64 75 1
64 373 1
66 81 1
67 344 1
68 73 1
69 70 1
71 72 1
73 82 1
74 375 1
74 393 1
74 402 1
74 403 1
75 76 1
75 402 1
75 405 1
77 78 2
77 79 1
77 87 1
77 93 1
78 79 1
78 82 1
79 82 1
79 366 1
79 392 1
79 396 1
79 399 1
79 406 1
80 81 1
80 82 2
80 83 1
80 355 1
80 369 1
80 399 1
80 407 1
81 87 1
81 366 1
81 407 1
82 83 2
82 395 1
82 400 1
82 405 2
83 84 1
83 87 1
83 89 1
83 90 1
83 93 1
83 406 1
84 85 1
84 87 1
85 87 1
85 349 1
86 87 2
86 349 2
87 89 1
88 354 1
90 91 3
90 333 1
90 356 1
91 348 1
91 350 1
92 349 2
94 95 2
94 413 1
94 414 1
95 96 1
95 147 1
96 104 2
96 106 2
96 107 1
96 113 1
97 105 1
97 109 1
97 110 1
98 111 1
98 200 1
99 111 1
100 114 1
101 102 1
101 104 1
101 194 1
102 103 1
102 105 2
105 110 1
105 112 1
105 119 1
107 108 2
107 109 2
107 410 1
110 113 1
111 122 1
111 137 1
113 128 1
114 115 2
114 116 1
115 118 1
115 143 1
116 118 1
116 142 1
116 147 1
118 137 1
118 580 1
119 122 1
119 125 1
119 126 1
120 123 2
121 122 1
121 126 2
121 127 1
121 290 1
122 124 1
122 143 2
123 124 2
123 125 2
125 126 1
125 143 1
128 129 2
128 362 1
128 478 1
128 482 1
129 145 1
131 145 1
133 135 1
135 143 1
135 147 1
136 580 2
137 141 2
137 253 1
139 140 1
140 579 2
141 143 1
142 262 1
143 144 1
143 470 1
144 474 1
145 415 1
147 439 1
147 450 1
147 455 1
147 478 1
148 154 1
148 155 2
148 159 1
148 203 1
149 151 1
149 174 1
149 185 1
150 151 1
150 152 1
150 153 1
150 186 1
150 219 1
151 152 1
151 153 1
151 155 1
151 187 1
151 204 2
152 182 1
152 362 2
152 457 1
153 165 1
153 168 1
155 159 1
155 161 1
155 166 1
155 379 2
156 163 1
156 164 1
157 385 1
157 386 1
158 166 1
158 167 1
158 168 2
158 188 1
158 190 1
159 192 1
160 190 1
160 196 2
161 162 2
162 165 1
162 166 1
162 167 1
162 168 1
162 599 1
163 167 4
164 165 2
165 166 2
168 172 1
168 205 1
169 173 1
169 213 1
172 173 1
172 179 1
172 208 1
173 209 1
173 213 1
175 185 1
175 209 1
175 362 1
176 185 1
177 180 1
177 181 2
177 196 1
178 209 1
179 180 1
179 209 1
179 210 2
180 181 1
180 213 1
182 185 1
182 361 1
182 449 1
183 360 1
184 438 1
185 203 1
185 361 1
187 189 1
187 192 2
187 370 1
188 383 1
188 384 1
189 369 1
189 370 1
190 192 2
191 192 3
192 408 1
193 366 1
194 371 1
194 410 1
196 197 1
196 198 1
196 410 1
198 200 1
199 200 2
199 592 1
199 596 1
200 602 1
200 603 1
201 597 2
201 598 1
202 205 1
202 587 1
202 596 1
203 207 1
205 208 1
205 598 1
206 207 1
206 604 1
208 210 1
208 213 3
209 210 1
209 213 2
209 215 2
210 217 1
211 217 1
212 213 1
212 216 2
212 610 1
212 611 1
212 612 2
212 1124 1
214 215 1
214 217 1
214 469 1
215 477 1
215 479 1
216 217 1
216 610 1
216 1118 1
217 469 2
218 225 2
218 451 2
218 453 4
218 467 1
219 470 1
219 471 2
220 467 1
221 224 1
221 225 1
221 227 1
222 223 2
222 227 1
222 294 1
223 430 1
223 459 2
224 227 1
224 234 2
224 237 1
225 229 2
225 234 1
226 452 1
226 465 1
227 235 1
228 235 1
228 260 1
229 235 2
229 335 1
229 452 1
229 466 1
231 232 1
231 240 1
233 237 1
233 241 2
233 243 1
233 306 1
233 308 1
233 309 1
233 331 3
233 332 2
234 236 1
234 326 1
236 237 1
237 238 1
240 306 1
241 247 1
241 260 1
242 249 1
242 332 1
244 247 1
244 249 1
245 247 1
245 307 1
245 308 1
245 309 1
246 306 1
247 248 1
247 250 1
248 318 1
248 337 1
252 258 1
252 260 1
252 266 1
253 273 2
253 278 1
254 255 1
254 256 1
256 257 1
257 260 1
257 261 1
258 267 2
258 272 2
260 261 1
260 263 2
260 266 1
261 262 2
262 264 1
263 267 1
265 268 2
268 278 2
269 277 1
269 279 1
269 281 1
270 278 2
271 311 2
272 310 1
273 281 2
274 276 2
274 280 1
274 282 1
275 276 1
276 277 1
277 311 1
278 302 1
279 282 1
279 311 1
280 291 1
282 300 2
282 302 1
283 284 3
283 297 1
283 300 1
284 296 2
284 299 1
284 303 1
285 287 1
286 288 1
286 300 1
287 304 1
287 305 1
288 305 2
289 290 1
289 305 1
289 306 1
290 300 1
291 292 1
291 571 1
293 299 2
293 517 1
294 508 1
294 572 1
301 303 1
301 304 1
301 311 2
302 303 2
306 309 1
307 319 1
308 309 1
309 319 1
314 316 2
314 323 2
315 322 1
317 318 2
319 321 1
320 321 3
320 325 1
321 329 1
322 323 1
322 324 1
326 338 1
327 328 1
327 340 1
327 343 1
327 442 1
329 330 1
331 335 1
333 334 1
333 340 1
333 442 1
334 433 1
334 434 2
335 416 1
336 339 1
336 437 1
340 343 1
340 442 1
341 345 1
341 431 1
341 432 1
342 442 3
343 345 1
344 347 1
345 347 1
345 351 1
345 358 2
346 352 1
347 351 1
348 349 1
351 352 2
353 359 1
354 356 1
356 357 1
360 361 2
360 460 2
362 363 2
362 438 1
362 443 1
363 368 1
363 370 1
363 381 1
364 379 1
364 381 1
367 369 1
367 380 1
367 406 1
368 397 1
369 396 1
371 398 1
371 409 1
372 373 1
373 374 1
374 380 1
375 380 1
375 402 1
376 377 2
379 397 1
380 381 1
380 390 2
381 390 1
382 390 1
383 384 1
383 385 1
385 387 1
386 387 1
387 390 2
391 399 1
392 395 1
392 400 1
393 395 1
393 404 1
396 403 1
397 398 2
397 399 1
397 402 2
398 399 1
399 400 1
402 403 1
406 407 1
408 409 2
411 412 3
411 413 1
411 455 1
412 416 2
413 414 1
415 417 1
415 420 1
415 424 1
417 418 2
418 430 1
422 423 1
425 428 4
431 432 2
432 433 1
433 451 1
433 457 2
433 459 1
434 435 1
434 454 1
436 455 2
437 455 1
437 456 1
440 454 2
440 455 2
443 449 1
444 446 1
444 448 1
444 450 1
446 463 1
446 468 1
446 469 1
446 471 1
446 478 1
447 459 1
448 468 1
448 469 1
450 463 1
453 457 1
453 461 1
454 455 1
456 468 1
457 458 1
458 460 1
460 468 1
462 466 1
462 467 1
462 468 1
463 464 1
463 468 1
463 469 1
464 469 1
464 472 1
464 611 1
465 472 3
465 611 1
471 478 1
472 615 1
472 781 1
473 474 1
473 481 1
473 615 1
473 764 1
473 781 1
473 783 1
474 475 1
474 615 1
475 476 1
475 477 1
475 478 2
476 477 2
476 478 2
479 482 1
480 481 1
480 482 1
480 1119 1
480 1120 1
481 488 2
481 623 1
481 1117 1
482 619 1
483 485 2
483 489 2
484 488 1
484 490 1
484 620 1
484 762 1
485 490 1
485 492 1
485 502 1
486 487 1
486 488 2
486 489 1
486 491 1
486 492 1
486 574 1
487 488 1
487 491 2
487 579 1
487 619 1
488 489 2
488 490 3
488 632 1
489 491 2
489 625 2
490 491 3
490 492 2
490 625 1
490 1119 1
491 495 1
491 812 1
492 494 3
492 786 1
493 494 1
493 495 4
493 496 1
493 624 1
493 768 1
493 786 2
494 495 2
494 496 1
494 498 1
495 496 1
495 626 1
495 792 1
496 504 1
496 512 1
496 637 1
496 641 1
496 792 1
497 498 1
497 500 2
497 572 1
497 573 1
497 637 2
497 640 1
497 777 1
498 503 1
498 566 1
498 569 1
498 572 1
498 573 1
498 671 1
499 502 2
499 503 1
499 506 1
499 573 1
499 788 1
500 505 1
501 502 1
501 504 1
501 505 2
501 506 1
502 503 4
502 505 1
502 569 1
502 573 1
503 504 1
503 507 1
503 573 1
503 639 2
503 774 1
503 787 2
504 505 1
504 561 1
504 575 1
504 786 1
504 788 1
506 517 1
506 554 2
507 517 1
507 571 1
509 510 1
509 517 1
509 522 1
511 518 1
511 661 1
513 520 1
513 524 1
514 554 1
516 521 2
516 522 1
518 519 1
518 520 1
519 520 1
520 523 1
521 524 1
521 527 1
524 550 1
526 527 3
526 528 1
526 556 1
527 528 2
527 555 1
527 556 1
528 532 2
528 556 1
529 530 1
529 532 1
530 531 2
530 542 1
530 548 1
531 543 1
532 533 1
532 541 1
534 543 1
534 551 1
536 539 1
536 552 1
537 552 3
537 564 2
538 539 1
538 545 2
538 565 1
542 548 1
543 551 1
544 545 1
544 546 1
546 555 1
546 559 1
546 565 1
547 555 1
547 557 1
548 551 2
550 556 1
553 563 1
554 562 1
555 556 1
555 557 1
557 565 1
559 562 1
559 563 1
559 565 1
559 566 1
560 562 1
560 565 2
561 562 1
561 563 1
562 565 1
562 566 2
562 567 1
562 569 1
563 564 1
563 565 2
563 569 1
566 571 2
567 568 1
567 570 3
567 572 1
568 569 4
568 570 2
568 575 1
569 572 2
569 573 1
569 920 1
570 574 1
571 572 4
571 640 1
571 645 2
572 792 1
572 917 1
575 576 1
576 648 1
577 578 3
577 812 1
578 579 1
578 580 2
579 580 1
579 802 1
580 803 1
580 809 1
580 810 1
581 802 2
581 812 1
581 866 3
581 868 1
582 583 2
582 814 2
582 817 1
583 816 1
583 817 1
583 819 2
584 585 3
585 586 2
585 817 1
587 589 1
587 820 1
588 599 1
589 593 1
589 594 1
590 591 1
590 592 3
590 594 1
591 594 1
593 602 1
594 595 1
595 828 1
596 597 1
596 598 1
597 598 1
597 599 2
600 602 1
601 602 2
601 604 1
602 603 1
604 605 2
604 829 2
604 1125 1
605 829 1
605 1123 1
606 1125 1
606 1126 1
607 608 1
607 1122 2
607 1124 2
607 1128 1
607 1133 1
608 610 1
608 1119 1
608 1121 1
608 1129 1
609 1115 1
609 1129 2
610 613 1
610 1119 1
612 616 1
612 1118 1
613 616 1
613 1118 1
614 619 1
614 761 1
616 1117 1
616 1118 2
617 618 2
617 619 1
618 620 1
618 763 1
619 621 1
621 623 2
622 624 1
622 1117 1
623 624 1
623 627 1
623 761 1
623 770 1
623 1116 1
623 1117 1
624 626 1
624 627 1
624 756 1
625 626 2
625 631 1
626 627 2
626 631 1
626 634 1
626 742 1
627 628 1
627 630 2
627 631 1
627 633 1
627 861 1
628 629 3
628 630 1
628 755 1
628 757 1
628 759 2
628 1116 1
629 630 2
629 631 1
629 632 1
629 860 1
630 631 1
630 757 2
630 796 2
630 867 1
631 632 1
631 633 1
631 796 1
632 633 3
632 658 1
632 729 2
632 744 1
633 635 1
633 637 1
633 801 1
634 635 1
634 637 2
635 637 2
635 638 2
636 637 1
636 639 1
636 643 1
638 639 2
638 641 1
638 660 1
638 791 2
638 793 2
639 640 1
639 661 2
640 642 1
640 645 1
641 642 2
641 643 3
642 644 1
642 650 1
643 906 1
643 909 1
643 947 1
644 645 1
644 648 1
644 650 2
644 906 1
644 909 1
644 918 1
644 947 1
646 658 1
648 650 1
650 651 1
651 887 1
651 908 1
652 659 1
652 945 1
653 654 2
653 657 1
653 684 1
653 946 1
654 655 2
654 656 2
654 658 1
654 738 1
654 753 1
655 656 2
655 658 1
656 657 1
656 736 1
657 658 2
657 659 2
657 735 1
657 947 1
657 1415 1
657 1416 2
657 1418 1
658 659 1
658 662 2
658 1416 2
659 660 1
659 727 1
659 946 1
660 661 6
660 721 2
660 727 1
661 662 1
662 722 1
662 724 1
663 671 1
663 674 1
663 691 1
663 722 1
663 725 1
664 674 1
665 667 2
665 691 1
667 685 1
667 704 1
668 669 2
668 679 1
668 689 2
668 690 2
668 691 1
670 685 1
670 690 1
670 692 1
671 673 3
672 673 2
673 674 1
673 736 1
674 675 1
674 691 1
675 676 1
675 677 1
675 694 1
675 713 2
676 679 1
676 688 3
676 694 1
676 713 1
677 680 2
677 689 1
677 691 1
677 715 1
679 680 1
679 694 1
679 713 1
680 682 1
680 710 1
680 713 3
681 682 1
681 710 1
681 713 1
683 710 1
684 691 1
684 705 1
684 713 1
685 686 1
685 692 2
686 701 1
686 722 1
686 725 1
687 688 1
687 693 1
687 700 1
688 714 1
691 715 1
692 696 1
692 697 1
692 703 3
692 704 1
692 726 1
693 702 1
693 705 1
693 706 1
693 713 1
693 714 1
693 715 2
695 696 1
696 699 1
696 701 1
696 721 1
697 698 2
697 699 1
698 705 1
698 706 1
698 708 3
698 726 1
699 701 2
699 703 1
699 716 1
701 724 2
701 726 1
703 715 1
705 711 1
706 707 1
706 716 1
706 721 1
706 961 1
707 708 2
707 962 1
709 717 2
711 712 1
718 962 2
719 721 1
719 975 1
719 976 5
720 974 1
720 975 2
720 976 2
720 1037 1
721 723 1
721 976 1
721 977 2
722 724 1
722 726 1
722 777 1
723 777 1
724 725 1
727 1051 1
728 730 1
728 738 4
728 744 1
728 747 1
728 748 1
728 788 1
728 790 1
729 738 2
729 740 1
729 745 2
730 733 1
730 748 1
731 752 1
731 776 1
732 774 1
732 777 2
733 748 1
734 747 1
735 750 1
736 1041 1
736 1045 1
737 749 1
737 1010 1
738 746 1
739 740 3
739 744 1
739 751 1
740 741 1
741 742 1
743 1106 3
744 754 1
744 790 1
746 751 2
746 1046 1
748 749 1
750 751 2
753 1040 1
753 1046 2
754 755 3
754 1045 2
754 1046 1
755 757 1
755 766 1
755 1106 1
756 759 1
756 1114 1
757 1087 1
757 1111 2
758 1115 1
759 760 1
761 1115 1
761 1116 1
761 1117 3
764 767 1
765 781 1
765 783 1
765 785 2
766 767 3
766 783 1
768 769 1
768 770 2
769 780 1
769 787 1
769 788 2
770 771 1
770 780 1
771 784 1
772 775 2
772 778 1
773 788 1
774 776 1
775 777 1
775 786 1
775 787 1
776 789 1
777 787 1
778 779 1
781 783 2
786 787 1
788 790 2
789 790 1
789 792 2
790 792 5
794 1419 1
796 797 3
796 1388 1
796 1397 1
796 1399 3
797 1386 1
797 1387 1
798 799 1
798 811 1
798 1399 1
799 800 1
799 1388 1
800 874 1
800 1119 1
802 808 1
803 804 1
807 808 1
808 812 1
808 817 1
814 815 2
815 816 1
816 819 1
817 818 1
817 819 1
817 820 1
818 819 2
818 822 1
818 865 1
819 865 2
820 822 2
821 823 1
821 865 1
821 1120 2
821 1121 1
822 823 1
822 825 1
823 825 1
823 842 1
824 834 2
824 835 1
824 837 1
825 833 1
826 828 1
826 840 1
827 837 1
827 840 1
827 841 1
827 1143 1
828 831 1
828 832 1
828 839 1
828 840 1
828 1142 1
830 831 1
830 1125 3
831 833 1
831 1141 2
831 1143 1
832 840 1
832 1141 1
833 837 1
833 841 1
835 836 1
837 838 1
838 839 1
838 1142 1
839 842 1
839 1142 1
840 841 1
841 1126 1
841 1141 1
842 859 1
842 860 2
843 844 1
843 848 1
843 864 1
844 1145 1
844 1152 1
844 1319 2
845 1136 2
845 1323 1
846 847 2
847 848 2
847 857 2
847 859 1
847 1142 2
848 852 3
848 856 1
848 1136 1
849 850 1
849 852 1
849 1324 2
850 1313 1
850 1319 3
850 1320 1
850 1321 1
851 852 1
851 1318 2
852 855 2
852 1147 1
852 1293 1
852 1318 1
852 1321 1
852 1322 1
853 857 2
853 859 1
854 1330 1
854 1871 1
854 1874 1
854 1875 1
855 1321 1
855 1330 1
855 1877 1
856 1322 1
856 1374 1
856 1375 1
857 859 2
857 865 1
858 859 1
859 1137 1
859 1375 1
860 864 1
860 865 2
860 866 1
860 867 1
861 863 1
861 870 1
863 867 1
864 1133 1
865 867 2
866 867 2
866 869 2
867 868 2
867 869 1
867 1391 1
867 1392 1
870 876 2
870 1118 1
870 1385 1
870 1391 1
871 872 1
871 874 1
871 876 1
872 873 1
872 875 1
872 881 1
873 877 1
873 881 1
873 882 1
873 883 1
873 884 1
873 900 1
874 948 1
874 1397 1
876 1391 1
877 1394 2
877 1408 1
878 1393 1
878 1408 1
879 1395 2
880 883 2
880 897 1
880 1395 2
880 1419 1
880 1420 1
881 883 1
881 1401 1
882 885 1
882 900 1
883 885 1
883 889 1
883 892 2
884 898 2
885 886 1
886 900 1
886 906 2
887 890 1
887 1419 1
888 904 1
889 891 1
891 939 2
892 899 2
893 894 1
893 895 1
893 900 1
894 1411 1
895 896 4
896 899 1
897 907 1
897 1401 1
897 1405 2
898 899 1
898 1403 1
900 903 1
900 905 1
903 1402 1
903 1404 1
904 1402 1
905 906 1
905 1402 1
905 1410 1
906 908 1
907 909 1
908 909 1
908 938 1
910 911 1
911 921 1
911 924 1
912 918 1
913 914 1
913 918 1
913 920 1
915 916 1
915 917 1
917 918 2
918 919 1
918 945 1
920 922 2
921 945 1
923 924 2
924 927 2
925 927 1
928 931 1
928 933 1
928 939 1
928 940 1
929 930 1
929 1424 1
929 1425 1
929 1438 1
930 1410 1
931 1410 1
931 1432 1
932 933 1
932 943 1
933 934 1
934 935 1
934 936 1
934 941 4
938 941 1
939 940 1
941 942 1
941 944 1
942 946 1
943 945 1
945 946 1
945 1019 1
946 947 2
946 1008 1
946 1417 1
946 1418 1
946 1419 1
947 948 1
948 1417 1
949 950 1
950 972 1
951 955 1
951 965 1
951 969 1
952 964 1
952 966 1
952 968 1
955 967 1
956 1012 1
958 1010 1
959 963 1
960 962 1
963 964 1
966 967 1
966 972 3
966 978 1
967 968 2
969 973 2
969 976 1
969 1022 1
970 984 2
970 1033 1
972 973 1
973 974 1
973 975 1
975 976 1
975 978 2
976 977 2
976 1037 2
977 978 1
979 998 1
979 1002 1
979 1049 1
980 981 1
980 983 2
981 986 1
981 1008 1
982 983 1
983 985 1
985 1000 1
985 1273 1
987 991 1
988 990 1
989 990 2
989 991 1
990 992 1
991 994 1
991 1006 1
991 2001 1
992 1020 1
993 995 2
993 996 1
993 999 3
993 1030 1
995 996 1
995 997 2
996 1029 1
998 1019 1
999 1003 1
1000 1001 1
1000 1002 1
1000 1275 1
1001 1065 1
1003 1004 1
1003 1005 2
1003 1006 1
1004 1009 1
1004 1064 1
1006 1007 1
1006 1078 1
1008 1014 1
1009 1015 3
1009 1024 1
1009 1028 1
1010 1011 1
1011 1018 1
1011 1021 1
1012 1022 1
1012 1033 2
1012 1038 1
1013 1017 1
1014 1017 1
1014 1018 1
1014 1055 1
1015 1017 2
1015 1027 2
1015 1998 1
1016 1021 1
1016 1023 1
1016 1024 1
1016 1029 2
1016 1043 1
1017 1018 1
1020 1030 2
1022 1037 1
1023 1032 1
1023 1035 1
1025 1032 1
1025 1043 4
1025 1086 1
1025 1105 2
1026 1086 1
1027 1032 1
1027 1034 1
1027 1036 1
1028 1034 1
1028 1057 1
1029 1033 2
1030 1055 1
1031 1034 1
1031 1054 2
1031 1055 1
1032 1035 1
1032 1055 1
1037 1038 1
1039 1042 1
1039 1044 2
1039 1052 1
1040 1042 1
1040 1044 1
1040 1045 1
1040 1046 4
1040 1051 1
1040 1053 1
1040 1054 1
1041 1046 2
1042 1053 1
1044 1054 1
1045 1054 2
1047 1049 2
1047 1050 1
1047 1057 1
1050 1051 1
1053 1086 1
1053 1092 1
1054 1105 1
1056 1063 1
1056 1077 1
1056 1078 1
1056 1096 1
1057 1058 2
1057 1063 1
1057 1095 1
1058 1096 3
1058 1105 1
1060 1062 1
1060 1063 1
1060 1102 1
1062 1063 2
1062 1064 1
1062 1098 1
1062 1174 1
1064 1067 1
1065 1069 1
1065 1073 1
1066 1067 2
1066 1069 2
1066 1278 1
1067 1736 1
1068 1069 1
1068 1174 2
1068 1274 1
1069 1071 1
1069 1178 1
1070 1176 1
1070 1177 1
1071 1652 1
1071 1656 1
1071 1735 1
1072 1076 2
1074 1343 1
1074 1690 1
1075 1076 1
1075 1648 1
1075 1735 1
1075 1739 2
1076 1169 1
1076 1170 1
1076 1735 1
1077 1101 1
1077 1172 1
1077 1178 1
1077 1293 1
1078 1085 1
1078 1100 1
1078 1102 2
1078 1172 2
1078 1178 1
1078 1671 3
1079 1080 1
1079 1082 1
1079 1083 1
1079 1100 1
1079 1107 1
1079 1172 1
1080 1083 1
1080 1092 1
1080 1163 1
1081 1085 1
1081 1667 2
1082 1083 1
1082 1161 1
1083 1084 3
1083 1104 1
1083 1164 2
1083 1326 1
1084 1088 1
1084 1163 1
1084 1180 1
1085 1089 1
1086 1088 1
1086 1099 1
1086 1100 2
1087 1088 1
1087 1089 1
1087 1090 1
1087 1106 1
1088 1161 1
1089 1160 2
1090 1091 2
1090 1093 1
1090 1108 1
1091 1093 2
1091 1104 1
1092 1105 1
1092 1108 1
1093 1094 2
1093 1095 1
1093 1099 1
1093 1102 3
1093 1107 1
1094 1095 2
1094 1097 1
1095 1096 2
1096 1178 1
1097 1098 4
1097 1103 1
1098 1102 2
1099 1100 1
1099 1102 2
1101 1102 1
1101 1174 1
1103 1104 1
1106 1107 1
1108 1111 1
1108 1112 1
1109 1111 3
1109 1116 2
1112 1113 1
1112 1155 1
1112 1156 1
1112 1159 1
1114 1115 2
1114 1116 2
1114 1155 1
1115 1116 3
1115 1117 2
1115 1119 2
1115 1122 1
1116 1117 2
1117 1119 3
1119 1120 3
1119 1122 1
1120 1121 3
1120 1129 1
1122 1123 1
1122 1125 1
1123 1125 1
1126 1128 1
1127 1129 1
1128 1130 1
1129 1132 1
1130 1131 1
1131 1132 1
1131 1135 2
1132 1144 1
1133 1149 1
1133 1155 1
1134 1156 2
1136 1139 1
1136 1145 2
1137 1142 1
1137 1143 1
1137 1314 2
1138 1139 1
1138 1158 1
1141 1143 1
1142 1325 1
1144 1325 2
1147 1152 1
1147 1153 1
1147 1293 1
1147 1667 1
1148 1149 1
1149 1155 1
1151 1153 1
1151 1155 1
1151 1318 1
1153 1154 1
1153 1157 2
1157 1159 1
1157 1162 1
1158 1161 1
1160 2007 1
1161 1162 1
1163 1164 1
1164 1166 2
1164 1304 3
1164 1305 2
1165 1166 2
1165 1293 1
1166 1172 1
1166 1304 1
1166 1344 1
1168 1343 1
1168 1666 1
1168 1667 1
1168 1669 2
1169 1691 2
1170 1659 1
1171 1172 1
1171 1668 1
1171 1685 1
1172 1178 1
1174 1175 1
1176 1177 1
1179 1180 1
1179 2004 1
1180 1183 1
1181 1182 1
1181 1183 2
1181 1185 1
1181 2003 1
1182 1183 2
1182 1185 1
1182 1207 1
1182 1399 1
1182 2002 2
1183 1189 1
1183 2000 1
1183 2003 1
1184 1185 3
1184 2004 1
1184 2005 1
1185 1186 2
1185 1189 2
1185 1196 3
1185 1999 2
1185 2003 1
1186 1187 1
1186 1191 1
1186 1197 2
1186 1394 1
1186 1422 3
1186 2004 1
1187 1191 1
1187 1417 1
1187 1420 1
1187 2006 3
1188 1189 2
1188 1190 1
1188 1197 1
1188 1397 1
1188 1400 1
1189 1190 2
1189 1196 2
1189 1384 1
1189 1399 1
1189 2005 1
1190 1194 1
1190 1195 1
1190 1196 1
1190 1397 2
1190 1416 1
1191 1192 1
1192 1194 1
1192 1197 1
1192 1210 1
1192 1422 2
1192 1443 1
1192 1447 1
1193 1394 1
1194 1443 1
1195 1196 1
1195 2004 1
1196 1417 1
1197 1394 1
1197 1396 1
1198 1199 1
1198 1393 2
1199 1200 1
1199 1438 1
1200 1201 1
1200 1439 1
1202 1204 1
1203 1204 1
1205 1206 1
1206 1209 1
1207 1208 2
1207 1209 1
1208 1209 2
1209 1213 3
1209 1466 2
1210 1211 1
1210 1212 1
1210 1441 1
1210 1445 1
1210 2007 1
1211 1212 1
1211 1213 1
1211 1214 2
1212 1213 3
1212 1467 1
1212 2007 2
1213 1466 2
1214 1215 1
1214 1466 1
1214 1471 1
1215 1216 2
1215 1220 1
1215 1466 2
1216 1217 2
1216 1467 1
1216 1519 1
1216 1521 1
1216 1616 1
1216 1619 1
1217 1218 1
1217 1219 1
1217 1615 1
1218 1621 1
1219 1220 1
1219 1243 1
1219 1616 2
1221 1227 1
1221 1249 1
1221 1631 1
1222 1260 1
1222 1976 1
1223 1614 2
1224 1605 1
1225 1242 1
1225 1505 2
1225 1506 1
1225 1507 1
1225 1606 1
1226 1228 1
1226 1229 1
1226 1230 4
1226 1606 1
1228 1231 1
1230 1232 1
1231 1232 2
1231 1482 1
1231 1485 1
1231 1487 1
1231 1488 1
1232 1489 1
1233 1478 1
1233 1612 1
1234 1577 1
1234 1614 1
1235 1242 1
1235 1245 1
1236 1572 2
1236 1575 1
1236 1580 1
1236 1600 2
1237 1541 1
1237 1559 1
1237 1571 1
1237 1572 1
1237 1599 1
1237 1600 1
1238 1572 1
1240 1246 1
1240 1547 1
1241 1246 1
1241 1598 1
1241 1618 1
1242 1617 1
1243 1244 1
1243 1245 1
1243 1269 1
1244 1261 1
1244 1262 1
1244 1977 1
1245 1252 1
1246 1247 1
1247 1548 1
1247 1549 2
1248 1249 2
1248 1260 1
1248 1546 1
1249 1260 1
1250 1258 1
1250 1976 1
1251 1981 1
1252 1257 1
1252 1258 1
1252 1614 1
1253 1510 1
1253 1983 1
1254 1284 1
1254 1512 1
1255 1256 1
1255 1634 1
1255 1635 1
1256 1257 2
1256 1258 1
1256 1640 2
1257 1259 2
1258 1262 1
1258 1284 1
1259 1262 1
1259 1624 1
1260 1261 1
1260 1706 1
1260 1707 1
1262 1634 1
1262 1687 1
1263 1264 1
1263 1515 1
1263 1729 1
1264 1635 2
1265 1283 1
1265 1286 1
1265 1455 1
1265 1635 1
1266 1268 2
1266 1453 1
1267 1270 1
1267 1454 2
1267 1978 1
1267 1987 1
1268 1280 1
1268 1281 2
1268 1283 1
1268 1284 1
1268 1285 1
1268 1984 1
1269 1279 3
1269 1455 1
1269 1458 1
1270 1278 2
1270 1280 1
1271 1274 1
1271 1276 1
1272 1282 1
1272 1653 3
1276 1277 2
1276 1656 1
1278 1279 1
1278 1636 2
1278 1651 1
1278 1656 1
1278 1731 1
1279 1737 1
1280 1283 1
1280 1285 1
1281 1285 2
1281 1638 1
1281 1987 1
1283 1987 1
1284 1987 1
1285 1286 1
1286 1638 1
1287 1636 1
1287 1637 1
1287 1638 2
1287 1646 1
1287 1655 1
1288 1661 1
1288 1743 1
1289 1742 1
1289 1743 1
1290 1341 1
1290 1684 1
1290 1685 1
1290 1688 1
1291 1301 1
1291 1369 1
1292 1293 2
1292 1304 1
1292 1331 2
1292 1377 1
1293 1298 2
1293 1299 1
1293 1304 1
1293 1310 1
1295 1296 1
1296 1303 2
1297 1298 2
1297 1310 1
1297 1313 2
1298 1299 1
1298 1309 1
1298 1310 2
1299 1300 2
1299 1310 2
1299 1375 1
1300 1301 2
1300 1306 2
1300 1367 1
1301 1302 1
1301 1307 1
1301 1331 1
1301 1366 2
1301 1656 1
1302 1309 1
1302 1331 1
1302 1373 1
1302 1377 1
1303 1377 2
1303 1670 1
1304 1305 1
1305 1309 1
1306 1368 1
1307 1308 1
1307 1866 1
1308 1316 1
1308 1370 1
1308 1374 1
1309 1310 1
1309 1311 1
1309 1332 1
1310 1374 1
1311 1312 1
1311 1332 1
1312 1320 1
1313 1329 2
1313 1871 1
1314 1324 1
1314 1377 1
1315 1316 1
1315 1325 1
1315 1327 1
1315 1330 1
1315 1337 1
1315 1856 1
1315 1857 1
1316 1855 1
1316 1857 1
1317 1326 1
1317 1334 1
1321 1324 1
1322 1379 1
1323 1375 1
1324 1334 1
1324 1335 1
1325 1326 1
1326 1327 1
1327 1333 1
1327 1338 1
1327 1339 1
1331 1870 1
1332 1333 2
1332 1338 1
1333 1337 1
1336 1361 1
1336 1868 1
1336 1869 1
1337 1857 1
1337 1868 2
1338 1857 1
1339 1359 1
1339 1868 2
1340 1360 1
1340 1870 1
1341 1348 1
1341 1349 1
1341 2098 1
1341 2102 1
1342 1343 2
1342 1690 1
1343 1682 1
1344 1372 1
1344 1685 1
1344 2103 1
1345 1346 1
1345 2096 1
1346 1369 2
1346 2098 1
1346 2101 1
1346 2102 1
1348 1349 1
1348 1355 1
1348 1360 1
1349 2098 2
1350 1351 1
1350 1353 1
1350 1354 1
1350 1356 1
1350 1363 1
1350 2092 1
1351 1352 1
1351 1359 1
1351 2090 1
1352 1361 1
1352 1859 1
1353 1358 3
1353 1362 1
1354 1361 1
1355 1358 1
1356 1362 1
1356 1364 1
1356 1859 1
1356 2097 1
1356 2101 1
1357 1360 1
1357 2034 1
1358 1361 2
1360 1364 1
1361 1363 1
1365 1366 1
1365 2091 1
1366 1369 1
1366 1373 1
1366 1866 2
1367 1378 1
1368 1372 1
1369 1372 1
1372 1378 1
1372 1675 1
1373 1376 1
1373 1378 1
1374 1877 1
1375 1376 2
1375 1377 1
1375 1378 1
1375 1381 1
1375 1870 1
1375 1875 1
1376 1377 1
1376 1873 1
1376 1875 1
1377 1875 1
1378 1379 1
1378 1881 1
1379 1380 2
1379 1887 1
1380 1381 1
1380 1888 1
1381 1382 1
1381 1880 1
1381 1886 1
1381 1887 5
1381 1888 1
1382 1383 2
1382 1887 1
1382 2010 1
1383 1388 1
1383 1389 1
1384 1385 2
1384 1388 2
1384 1392 1
1384 1395 1
1384 1400 1
1385 1386 2
1385 1387 1
1386 1387 1
1386 1388 1
1388 1389 1
1389 1390 1
1389 1391 2
1389 1393 1
1390 1391 1
1392 1393 1
1392 1398 1
1392 1399 2
1392 1400 1
1392 1423 1
1393 1396 2
1394 1397 1
1395 1397 1
1396 1397 1
1396 1887 1
1397 1398 1
1398 1400 1
1398 1904 1
1399 1445 1
1401 1406 1
1401 1420 1
1402 1415 1
1402 1421 1
1403 1414 1
1405 1406 1
1405 1414 1
1405 1421 1
1406 1408 1
1406 1411 1
1406 1424 1
1406 1425 1
1407 1422 1
1408 1414 1
1413 1424 1
1413 1425 1
1414 1415 1
1414 1422 2
1414 1424 1
1415 1418 1
1415 1419 1
1416 1420 1
1417 1418 2
1417 1420 1
1417 1421 1
1418 1420 1
1419 1420 2
1419 1421 1
1421 1422 1
1422 1423 1
1423 1433 1
1424 1425 2
1425 1426 3
1425 1437 1
1426 1427 1
1426 1433 1
1426 1436 2
1427 1429 1
1429 1431 2
1429 1434 1
1430 1434 1
1430 1439 1
1432 1438 1
1432 1439 2
1435 1439 2
1440 1442 2
1441 1443 1
1441 1444 1
1442 1444 2
1442 1448 1
1443 1444 1
1443 1446 3
1443 1447 1
1443 1449 1
1444 1445 2
1444 1447 1
1444 1449 2
1445 1446 1
1445 1449 1
1445 1450 1
1446 1449 1
1446 1992 1
1446 1993 1
1447 1448 1
1447 1449 1
1447 1451 1
1447 1453 1
1448 1449 1
1448 1451 1
1449 1451 1
1450 1451 1
1450 1991 1
1450 1994 1
1451 1452 2
1452 1988 1
1454 1494 1
1455 1456 1
1457 1459 1
1457 1460 1
1457 1494 2
1457 1499 1
1458 1459 1
1458 1460 1
1460 1499 2
1460 1988 1
1462 1464 1
1463 1464 3
1463 1484 2
1464 1473 1
1464 1482 1
1464 1596 1
1465 1466 1
1465 1473 1
1465 1480 1
1466 1467 2
1467 1468 1
1467 1469 1
1467 1473 1
1467 1508 1
1468 1471 1
1468 1473 2
1471 1473 2
1472 1473 2
1472 1475 3
1472 1480 1
1472 1481 1
1473 1480 2
1475 1477 1
1475 1480 1
1475 1586 1
1475 1619 1
1476 1478 2
1476 1480 1
1476 1481 1
1476 1483 1
1477 1478 1
1477 1479 1
1477 1480 1
1477 1481 1
1477 1482 3
1479 1483 1
1480 1481 2
1480 1594 1
1481 1595 1
1482 1483 3
1483 1485 1
1483 1488 1
1484 1487 1
1485 1488 1
1485 1489 1
1485 1520 1
1485 1608 1
1487 1488 1
1487 1490 1
1487 1492 3
1488 1492 1
1489 1492 1
1489 1494 2
1489 1501 1
1490 1491 2
1490 1498 1
1490 1979 1
1491 1493 1
1491 1498 2
1492 1494 1
1493 1494 1
1494 1500 2
1494 1979 1
1495 1497 1
1495 1498 2
1495 1499 1
1496 1499 1
1500 1501 1
1501 1504 2
1501 1506 2
1501 1508 1
1502 1504 1
1503 1504 3
1504 1506 2
1504 1982 1
1504 1984 1
1505 1592 1
1505 1605 1
1505 1616 1
1506 1508 1
1506 1511 1
1506 1623 1
1506 1978 1
1506 1980 1
1507 1508 1
1507 1509 2
1507 1510 2
1508 1509 1
1508 1510 1
1508 1982 1
1509 1980 2
1510 1511 1
1510 1980 1
1510 1981 3
1511 1512 1
1511 1516 1
1511 1651 1
1511 1978 1
1511 1982 1
1512 1516 1
1512 1654 1
1513 1514 2
1513 1632 2
1514 1516 1
1514 1629 1
1514 1905 1
1515 1629 1
1515 1630 1
1515 1654 1
1515 1660 1
1515 1900 1
1515 2011 1
1516 1517 2
1516 1630 1
1516 1983 1
1516 1985 1
1516 2009 1
1516 2011 3
1516 2012 1
1517 1654 1
1517 2011 1
1517 2013 1
1517 2019 1
1518 1982 1
1519 1521 2
1519 1626 1
1519 1631 1
1519 1902 2
1519 1906 1
1520 2013 1
1521 1523 1
1521 1906 1
1522 1523 1
1522 1890 1
1523 1524 1
1523 1525 1
1524 1530 1
1525 1526 2
1525 1529 2
1525 1907 1
1526 1529 1
1526 1532 1
1526 1886 1
1527 1529 1
1527 1905 1
1528 1529 2
1530 1909 1
1530 1910 1
1531 1534 1
1531 1897 1
1531 1898 1
1531 1903 1
1532 1534 1
1532 1899 1
1533 1913 1
1534 1899 1
1535 1536 1
1535 1538 4
1535 1912 1
1536 1537 1
1536 1539 1
1536 1916 2
1537 1539 2
1537 1540 1
1537 1543 2
1538 1539 1
1538 1543 1
1538 1544 1
1538 1911 1
1538 1912 1
1538 1914 1
1538 1915 1
1539 1540 2
1539 1545 1
1539 1619 1
1540 1541 2
1540 1542 1
1540 1543 2
1541 1542 1
1541 1543 1
1541 1561 1
1541 1599 1
1541 1618 1
1541 1917 1
1541 1926 2
1542 1553 1
1542 1555 1
1542 1562 1
1542 1725 2
1543 1560 1
1544 1545 1
1544 1725 2
1544 1917 1
1544 1925 1
1545 1552 1
1545 1727 1
1546 1547 1
1546 1549 1
1546 1554 2
1547 1549 1
1547 1558 1
1548 1572 1
1549 1550 1
1549 1553 2
1550 1552 1
1550 1553 1
1550 1555 2
1550 1556 1
1550 1563 1
1550 1923 1
1550 1924 1
1551 1552 1
1551 1553 1
1551 1563 2
1551 1919 1
1551 1923 1
1552 1553 1
1553 1554 1
1553 1558 1
1553 1562 1
1554 1558 1
1555 1556 1
1555 1722 1
1556 1557 1
1556 1922 2
1557 1564 1
1557 1917 3
1557 1922 1
1557 1925 1
1559 1564 1
1559 1567 1
1560 1562 1
1560 1926 1
1561 1562 1
1561 1926 1
1563 1924 1
1565 1567 1
1566 1568 1
1566 1572 1
1567 1568 2
1567 1570 1
1568 1570 1
1570 1571 1
1571 1580 1
1571 1588 1
1571 1590 1
1571 1613 1
1572 1591 1
1573 1575 1
1573 1583 1
1573 1611 1
1573 1613 1
1575 1576 1
1575 1578 1
1576 1585 1
1576 1586 1
1576 1587 2
1577 1591 1
1577 1617 1
1578 1579 1
1578 1609 2
1579 1584 1
1579 1612 1
1580 1582 1
1580 1584 1
1580 1611 2
1580 1613 1
1581 1611 1
1583 1608 1
1583 1611 1
1585 1592 2
1586 1587 1
1586 1594 1
1586 1597 1
1587 1597 1
1588 1591 1
1588 1598 1
1588 1613 1
1589 1608 2
1591 1613 1
1591 1618 2
1592 1593 2
1592 1606 1
1592 1619 1
1593 1598 1
1593 1605 1
1593 1618 1
1595 1596 1
1597 1609 2
1598 1600 1
1598 1617 1
1601 1602 1
1604 1618 1
1605 1606 1
1606 1607 1
1608 1612 1
1608 1613 1
1609 1610 1
1609 1611 1
1614 1616 1
1615 1619 3
1620 1621 1
1620 1625 1
1621 1627 1
1621 1708 2
1621 1900 1
1622 1971 2
1623 1624 1
1624 1627 1
1625 1904 1
1627 1629 1
1627 1632 1
1627 1712 2
1628 1630 1
1629 1632 1
1629 1634 1
1629 1976 1
1630 1631 1
1631 1633 2
1632 1633 1
1632 1703 1
1634 1708 1
1635 1655 1
1635 1657 1
1636 1637 2
1636 1638 1
1637 1658 1
1637 1731 1
1638 1731 3
1639 1643 1
1640 1643 1
1641 1643 1
1641 1729 1
1642 1646 1
1642 1647 1
1642 1710 1
1642 1732 1
1643 1645 1
1643 1647 2
1643 1648 1
1643 1710 1
1643 1732 1
1643 1747 1
1644 1678 1
1644 1711 1
1644 1733 1
1645 1648 1
1645 1710 1
1646 1648 2
1646 1649 1
1646 1669 1
1647 1649 1
1647 1733 1
1648 1732 1
1649 1652 1
1649 1660 1
1649 1662 1
1649 1740 1
1650 1740 1
1651 1660 1
1653 1654 1
1653 1986 1
1653 1987 1
1654 1656 1
1654 1663 1
1657 1659 1
1657 1676 2
1658 1660 1
1658 1662 1
1658 1669 1
1659 1662 1
1659 1665 1
1659 1691 1
1660 1665 1
1661 1662 1
1661 1735 1
1662 1664 1
1663 1669 1
1664 1670 2
1665 1669 2
1666 1667 1
1666 1669 1
1666 2009 1
1667 1669 1
1668 1669 1
1668 1672 2
1668 1673 2
1668 1675 1
1669 1672 1
1669 1674 2
1669 1675 3
1670 1671 1
1670 1672 1
1670 2011 1
1671 1673 1
1671 1676 1
1671 1884 2
1671 1895 2
1671 2000 1
1671 2004 1
1672 1676 1
1673 1674 1
1673 1675 1
1673 1676 2
1674 1675 1
1675 1676 2
1675 1677 1
1675 1695 1
1675 2011 1
1675 2012 1
1675 2014 1
1677 1680 1
1677 2014 1
1677 2015 1
1677 2019 1
1677 2088 1
1678 1681 1
1678 1730 1
1678 2024 1
1678 2105 1
1678 2109 1
1679 1715 1
1679 1749 1
1679 2107 1
1680 2092 1
1681 1683 2
1681 1685 1
1681 1690 1
1682 1683 1
1682 1685 1
1682 1686 1
1682 1690 2
1683 1691 1
1684 1685 1
1684 1687 1
1684 1688 1
1685 1686 2
1685 1689 3
1686 1687 1
1686 1739 1
1686 1742 1
1687 1689 1
1687 1697 1
1687 1734 2
1687 1744 1
1688 1733 1
1689 1692 1
1690 1743 1
1692 1693 1
1692 1734 1
1692 1745 1
1693 1694 1
1693 1750 1
1693 1752 1
1693 2109 1
1696 1702 1
1696 2178 1
1696 2183 1
1696 2189 1
1697 1715 1
1698 1699 2
1698 1705 2
1698 1713 2
1699 1701 1
1699 1705 1
1700 1701 1
1700 1705 1
1700 1717 1
1700 1727 1
1700 1970 2
1700 1971 1
1701 1705 2
1703 1711 1
1703 1712 1
1704 1712 1
1704 1742 1
1705 1728 2
1705 1972 1
1706 1728 1
1707 1717 1
1707 1728 2
1708 1709 2
1709 1730 2
1710 1729 1
1711 1714 1
1711 1716 1
1712 1728 2
1713 1748 1
1714 1749 1
1714 2028 1
1714 2183 1
1715 1750 1
1715 1752 2
1715 2030 1
1717 1721 1
1717 1722 2
1718 2183 1
1720 1727 3
1721 1722 1
1722 1726 1
1723 1726 1
1724 1727 1
1725 2180 2
1729 1731 1
1730 1740 1
1731 1732 1
1731 1740 2
1733 1740 1
1734 1749 1
1737 1738 1
1740 1742 1
1741 1742 1
1741 1749 3
1745 1746 1
1746 1747 1
1748 2108 1
1749 1752 1
1749 2109 1
1751 1752 2
1751 1790 1
1752 1753 1
1752 2027 1
1752 2110 1
1753 1755 1
1753 2114 1
1753 2116 1
1754 2026 1
1754 2032 2
1754 2115 1
1754 2116 1
1755 1756 2
1755 2114 2
1756 1790 1
1756 1792 1
1756 1793 2
1756 2026 1
1756 2027 1
1757 2022 1
1757 2116 1
1757 2165 1
1758 2337 1
1759 1760 2
1759 2125 1
1760 1761 1
1760 2035 1
1761 1764 1
1761 2114 1
1761 2345 1
1762 1766 3
1762 1771 1
1762 2342 1
1763 1764 1
1763 1765 1
1763 2340 1
1763 2341 1
1763 2345 1
1763 2346 1
1764 2337 1
1765 2345 1
1766 1771 1
1766 2340 1
1766 2342 1
1766 2369 1
1766 2374 1
1767 2129 2
1767 2336 1
1767 2374 1
1768 1769 2
1768 2321 2
1769 1770 1
1769 2072 1
1769 2319 1
1771 1775 1
1771 2342 1
1772 1776 1
1772 1778 1
1772 1784 1
1773 1774 1
1773 1778 1
1773 2041 1
1775 1795 3
1775 2039 2
1776 2043 1
1777 1796 1
1777 1799 2
1777 2042 1
1778 1779 1
1778 1796 1
1779 1796 3
1780 1785 1
1780 1796 2
1780 2042 1
1781 1784 1
1781 1787 1
1782 1783 2
1782 1784 4
1783 2064 1
1784 1800 2
1784 2051 1
1784 2053 2
1784 2063 2
1785 1786 1
1785 1795 1
1785 2038 1
1786 1795 2
1786 2088 1
1787 1789 1
1787 1792 1
1787 2022 1
1787 2026 1
1787 2034 1
1787 2045 2
1788 1792 1
1788 2032 1
1788 2091 1
1788 2092 1
1789 2025 1
1789 2034 2
1789 2101 1
1790 1794 1
1790 2105 1
1791 1792 1
1791 1794 1
1791 2099 1
1791 2100 1
1791 2105 1
1792 2022 1
1792 2035 1
1793 2021 1
1793 2026 3
1793 2032 1
1794 2023 1
1795 2087 1
1796 1797 1
1797 1798 1
1797 1838 1
1798 1838 1
1799 1801 2
1799 1812 1
1799 1827 1
1799 1838 3
1800 1818 1
1800 2054 1
1801 1802 3
1801 1803 2
1801 1805 1
1801 1806 1
1801 2042 1
1804 2044 1
1805 1806 1
1805 1807 1
1805 1811 1
1805 2047 1
1805 2053 1
1806 2041 1
1806 2042 1
1806 2047 1
1807 1808 1
1807 1810 1
1808 1809 3
1808 1811 1
1809 1811 1
1810 1862 1
1811 1814 1
1811 1821 1
1812 1824 1
1813 1819 1
1813 1848 1
1814 1815 2
1814 1824 1
1814 1846 1
1815 1826 1
1815 1827 1
1817 1832 1
1817 1833 1
1818 2054 1
1820 1821 1
1820 1826 3
1821 1822 1
1822 1825 1
1822 1841 1
1823 1834 1
1823 1835 2
1824 1828 2
1824 1829 1
1824 1834 1
1824 1859 1
1827 1836 1
1827 1838 2
1829 1830 1
1830 2052 2
1832 1843 2
1832 1844 1
1834 1846 2
1835 1836 1
1835 1837 1
1835 1852 1
1836 1837 1
1836 1839 1
1837 1838 1
1839 1858 2
1840 1845 1
1840 1853 1
1840 1858 1
1841 1847 1
1841 1853 1
1843 1845 2
1844 1846 1
1847 1848 3
1847 1850 1
1847 1851 1
1847 1852 1
1848 1850 2
1849 1857 1
1851 1852 1
1853 1854 1
1855 1856 1
1855 1861 1
1857 1860 3
1857 1870 1
1857 1882 1
1859 1863 1
1860 1864 1
1860 1867 2
1861 1869 1
1863 1864 1
1864 1868 1
1867 1870 1
1867 1871 1
1869 1870 2
1870 1872 1
1871 1875 1
1872 1875 2
1872 1877 1
1873 1874 2
1875 1877 1
1877 1881 2
1878 1880 2
1879 1882 1
1881 1883 1
1882 1883 2
1882 2086 1
1883 1884 2
1884 1886 1
1884 1890 1
1885 1886 3
1885 1887 1
1885 1889 1
1886 1889 1
1887 1888 3
1887 1889 1
1888 1889 2
1888 1890 1
1888 1891 1
1889 1890 4
1889 2015 1
1890 1891 2
1890 1892 1
1890 1893 1
1890 1895 1
1891 2008 1
1892 1893 1
1892 1894 1
1892 1897 1
1893 1894 1
1894 1895 1
1894 2015 2
1897 1903 1
1897 2013 1
1897 2015 1
1898 1906 1
1900 1902 1
1900 2111 1
1901 2015 1
1902 1905 1
1903 1907 1
1903 1908 1
1903 1909 2
1904 1905 1
1904 2015 1
1905 2015 1
1905 2016 1
1906 2018 1
1907 2018 3
1911 1913 1
1912 1914 1
1912 1915 1
1916 1917 1
1917 1969 1
1918 1919 1
1919 1927 1
1919 1965 1
1920 1924 1
1921 1965 1
1924 1927 1
1926 1927 1
1926 1928 1
1926 1929 1
1926 1930 1
1926 1931 1
1927 1928 1
1927 1930 1
1928 1929 5
1928 1931 2
1930 1931 1
1931 1932 1
1931 1934 1
1933 1941 1
1933 1944 1
1935 1936 2
1936 1945 1
1937 1941 1
1938 1940 1
1938 1943 1
1939 1940 1
1939 1943 1
1939 1944 1
1941 1952 1
1942 1943 2
1942 1946 1
1943 1944 2
1943 1945 1
1943 1949 1
1946 1947 1
1948 1949 1
1950 1963 1
1951 1954 1
1951 1956 1
1952 1953 1
1953 1954 2
1953 1957 1
1954 1955 1
1954 1957 1
1957 1960 1
1959 1960 1
1961 1962 1
1961 1963 2
1963 2234 1
1967 1968 1
1967 2203 1
1969 1973 1
1969 1975 1
1970 1972 1
1970 1975 1
1973 1976 1
1976 1981 1
1977 1981 2
1978 1980 1
1978 1982 1
1980 1988 1
1983 1985 1
1984 1987 1
1986 1988 2
1986 1989 1
1988 1989 3
1990 1991 1
1990 1992 1
1990 1994 2
1991 1994 1
1991 1995 1
1991 2005 1
1992 1993 1
1992 1994 1
1992 2001 1
1992 2005 3
1993 1995 1
1994 1995 2
1994 2005 1
1995 1996 3
1995 1997 1
1996 1997 2
1996 1999 1
1996 2003 2
1997 1998 1
1998 1999 2
2000 2004 1
2001 2002 2
2001 2003 2
2002 2003 1
2003 2004 1
2003 2005 1
2006 2007 3
2007 2008 1
2007 2010 2
2008 2009 1
2008 2010 1
2008 2011 1
2009 2010 1
2010 2012 2
2010 2014 1
2011 2012 1
2011 2014 1
2013 2014 2
2014 2018 1
2015 2016 1
2015 2019 1
2016 2017 1
2016 2018 2
2016 2019 2
2016 2115 1
2017 2083 1
2017 2085 1
2019 2020 2
2019 2021 1
2019 2044 1
2020 2106 1
2020 2111 1
2021 2022 1
2021 2091 1
2021 2110 1
2022 2025 1
2023 2105 1
2024 2025 1
2024 2109 1
2024 2110 1
2025 2112 1
2026 2027 1
2026 2031 1
2027 2028 1
2027 2108 1
2027 2112 2
2027 2116 1
2028 2030 2
2029 2030 1
2030 2038 1
2031 2110 1
2032 2035 1
2034 2102 2
2035 2319 2
2037 2038 1
2037 2066 2
2038 2040 1
2039 2043 1
2039 2343 1
2041 2042 3
2041 2043 1
2042 2043 1
2042 2050 1
2043 2343 1
2044 2045 2
2044 2073 3
2045 2048 1
2045 2084 1
2045 2342 1
2046 2047 2
2046 2052 1
2046 2073 1
2046 2083 1
2046 2118 2
2047 2064 1
2048 2049 1
2048 2051 1
2048 2062 1
2050 2052 1
2051 2053 3
2051 2054 1
2053 2065 1
2053 2073 1
2054 2068 1
2055 2056 2
2056 2059 1
2056 2060 1
2056 2062 1
2056 2064 1
2056 2071 1
2060 2070 1
2060 2376 2
2062 2063 1
2063 2069 1
2064 2066 1
2065 2069 3
2065 2071 2
2065 2073 1
2066 2067 1
2066 2072 2
2067 2072 1
2067 2376 2
2068 2072 1
2070 2071 2
2071 2072 1
2071 2377 1
2071 2378 1
2072 2320 1
2072 2379 1
2073 2074 1
2073 2378 1
2073 2379 2
2074 2075 3
2074 2379 2
2075 2077 2
2075 2379 1
2076 2386 1
2077 2078 1
2077 2079 1
2078 2081 1
2079 2080 1
2081 2082 2
2083 2087 1
2084 2085 1
2085 2086 2
2086 2087 1
2086 2090 1
2087 2088 2
2087 2091 1
2088 2090 1
2088 2091 1
2088 2092 1
2088 2099 1
2088 2100 1
2088 2104 2
2088 2105 1
2089 2090 1
2090 2093 2
2091 2092 1
2091 2093 1
2092 2093 1
2092 2106 1
2093 2104 1
2094 2102 1
2094 2103 1
2094 2105 2
2094 2107 1
2095 2096 1
2095 2107 1
2096 2101 1
2096 2102 1
2099 2101 1
2099 2106 1
2100 2101 1
2100 2102 1
2102 2103 2
2102 2180 1
2103 2104 1
2103 2107 1
2104 2105 2
2104 2106 2
2105 2107 2
2105 2109 2
2110 2112 1
2112 2113 6
2112 2114 2
2112 2117 1
2112 2164 1
2112 2165 1
2112 2180 1
2113 2114 1
2113 2115 2
2113 2118 2
2114 2117 2
2114 2189 1
2116 2117 1
2116 2188 1
2116 2189 2
2116 2344 1
2117 2166 1
2117 2181 1
2117 2188 1
2118 2121 1
2118 2124 3
2118 2162 1
2119 2120 1
2119 2122 2
2119 2125 1
2119 2134 1
2119 2155 1
2119 2170 1
2119 2218 1
2120 2121 1
2120 2123 1
2120 2126 2
2120 2154 1
2121 2122 1
2121 2126 1
2121 2127 1
2121 2353 3
2121 2439 1
2122 2127 1
2122 2353 1
2123 2127 1
2123 2132 1
2124 2217 1
2126 2131 1
2126 2148 2
2126 2168 2
2126 2337 1
2126 2340 1
2127 2337 1
2127 2338 1
2127 2339 4
2128 2349 1
2129 2130 2
2129 2131 1
2129 2345 1
2130 2373 1
2130 2419 1
2130 2428 1
2130 2429 1
2130 2438 1
2131 2132 2
2131 2340 1
2131 2428 1
2131 2429 4
2132 2154 1
2132 2338 1
2132 2339 1
2133 2154 1
2133 2156 1
2133 2340 1
2134 2344 1
2134 2345 2
2135 2137 1
2135 2382 2
2136 2138 2
2136 2149 1
2136 2237 1
2137 2140 1
2137 2141 1
2137 2234 1
2137 2235 1
2137 2236 1
2138 2236 1
2138 2237 1
2138 2333 1
2139 2140 7
2140 2146 1
2140 2421 1
2141 2142 3
2141 2236 1
2141 2237 1
2142 2146 2
2142 2147 2
2142 2236 1
2143 2157 1
2143 2355 1
2144 2146 1
2144 2354 1
2144 2431 2
2145 2346 1
2145 2430 1
2146 2242 1
2147 2148 2
2147 2150 1
2147 2153 1
2147 2234 2
2147 2242 1
2148 2338 1
2151 2152 1
2152 2201 1
2152 2231 1
2152 2235 1
2153 2232 1
2153 2356 1
2154 2339 1
2154 2357 2
2155 2232 1
2155 2352 1
2155 2357 1
2156 2157 1
2156 2320 1
2158 2215 2
2158 2217 1
2158 2218 1
2160 2173 1
2161 2164 1
2162 2218 1
2164 2165 2
2167 2172 1
2167 2330 1
2168 2170 1
2170 2172 1
2170 2186 1
2170 2217 2
2173 2174 1
2179 2185 1
2180 2181 1
2181 2188 1
2182 2189 2
2183 2184 2
2184 2190 2
2184 2191 1
2185 2187 2
2186 2189 3
2187 2188 1
2187 2190 2
2188 2189 5
2190 2219 1
2192 2212 1
2193 2223 1
2193 2228 1
2194 2195 1
2195 2208 1
2196 2197 2
2196 2222 1
2196 2223 2
2197 2200 1
2200 2227 1
2200 2231 2
2201 2222 2
2201 2223 1
2201 2228 1
2201 2231 1
2202 2203 1
2202 2204 1
2202 2208 1
2204 2207 1
2205 2206 1
2208 2214 1
2209 2210 1
2211 2219 1
2211 2225 1
2212 2217 1
2213 2216 1
2214 2219 1
2214 2222 1
2215 2220 2
2219 2220 2
2221 2222 1
2221 2229 1
2222 2224 1
2222 2229 2
2223 2232 1
2224 2226 1
2225 2226 1
2226 2227 1
2226 2231 2
2229 2232 1
2230 2231 2
2231 2232 1
2231 2238 1
2232 2233 2
2232 2234 1
2232 2241 1
2233 2238 2
2233 2240 1
2233 2241 1
2233 2242 1
2233 2275 1
2234 2235 2
2234 2241 1
2234 2243 1
2234 2244 1
2234 2247 1
2234 2248 1
2235 2236 1
2235 2245 1
2235 2247 1
2235 2249 1
2235 2276 1
2236 2247 1
2237 2242 1
2237 2247 1
2237 2276 2
2238 2240 1
2238 2241 3
2238 2274 1
2239 2240 1
2241 2243 1
2241 2244 1
2243 2244 1
2244 2245 1
2244 2246 1
2244 2295 1
2245 2246 2
2245 2247 1
2245 2276 1
2245 2277 1
2246 2274 1
2247 2248 1
2247 2249 1
2248 2249 3
2249 2251 1
2250 2252 1
2251 2252 1
2251 2253 1
2251 2254 1
2251 2274 2
2252 2272 1
2252 2274 1
2253 2254 2
2254 2256 1
2255 2274 1
2256 2262 1
2256 2272 1
2257 2258 1
2258 2263 1
2259 2262 1
2260 2261 1
2260 2262 1
2261 2262 2
2261 2263 1
2261 2264 1
2261 2269 1
2261 2270 1
2261 2271 1
2262 2263 3
2262 2264 1
2262 2265 1
2263 2264 1
2263 2270 1
2263 2271 1
2264 2265 1
2264 2267 1
2264 2273 2
2265 2266 3
2265 2272 1
2266 2268 1
2266 2269 1
2266 2270 1
2268 2269 1
2268 2278 1
2271 2279 1
2273 2274 2
2273 2275 2
2273 2278 1
2274 2275 3
2274 2276 1
2275 2276 2
2275 2277 2
2276 2277 1
2276 2278 1
2278 2279 1
2280 2282 1
2281 2282 2
2282 2284 1
2285 2286 1
2287 2289 1
2288 2289 1
2289 2295 1
2290 2296 1
2290 2302 1
2291 2292 2
2291 2302 1
2292 2293 1
2292 2294 1
2293 2294 2
2295 2296 1
2296 2297 2
2296 2302 1
2297 2455 2
2297 2462 2
2300 2305 2
2301 2304 1
2301 2305 1
2305 2457 2
2305 2462 1
2306 2309 1
2306 2456 1
2308 2309 1
2309 2312 1
2310 2313 2
2310 2323 1
2310 2324 2
2312 2436 1
2314 2327 1
2314 2332 2
2315 2316 1
2315 2330 1
2315 2332 1
2316 2359 2
2316 2360 1
2316 2433 1
2317 2318 1
2317 2325 1
2318 2319 1
2318 2321 2
2318 2326 1
2318 2333 1
2318 2373 2
2319 2372 1
2319 2375 1
2319 2378 2
2321 2377 1
2322 2375 1
2324 2325 1
2324 2329 2
2324 2330 1
2324 2468 1
2325 2326 1
2325 2422 1
2325 2425 1
2329 2420 1
2331 2333 1
2331 2379 1
2331 2421 1
2331 2423 1
2331 2427 1
2331 2437 1
2332 2361 1
2332 2436 1
2333 2426 2
2334 2337 1
2334 2348 1
2334 2424 1
2335 2336 1
2335 2374 1
2336 2337 2
2336 2370 3
2336 2371 1
2337 2338 1
2337 2340 1
2337 2352 1
2337 2370 3
2340 2342 1
2340 2392 1
2341 2345 1
2342 2343 1
2342 2345 1
2342 2346 1
2343 2418 1
2344 2345 3
2345 2346 2
2345 2373 1
2346 2420 1
2347 2350 1
2347 2352 1
2347 2355 1
2347 2367 1
2347 2372 1
2348 2354 2
2348 2382 1
2350 2351 1
2350 2390 1
2351 2353 1
2351 2358 1
2351 2409 1
2352 2358 1
2352 2368 2
2352 2423 1
2353 2423 1
2354 2439 1
2355 2356 1
2355 2362 1
2355 2365 1
2355 2432 1
2355 2434 1
2356 2362 2
2356 2390 1
2356 2435 2
2359 2436 1
2361 2363 1
2361 2434 1
2365 2434 1
2365 2435 1
2367 2438 1
2368 2425 1
2368 2435 1
2369 2423 1
2370 2371 1
2371 2372 1
2372 2374 1
2373 2374 3
2373 2428 1
2376 2410 1
2377 2411 1
2378 2411 1
2378 2422 1
2379 2380 1
2379 2383 1
2379 2384 1
2379 2409 1
2379 2411 1
2379 2414 1
2380 2381 1
2380 2386 1
2381 2385 2
2382 2383 1
2382 2385 2
2383 2384 2
2383 2386 1
2384 2385 2
2384 2386 3
2384 2387 1
2384 2415 1
2385 2386 2
2385 2387 1
2387 2416 1
2388 2402 1
2388 2415 2
2388 2416 1
2389 2409 1
2389 2413 1
2391 2402 1
2391 2403 1
2392 2393 1
2392 2395 1
2392 2401 1
2393 2401 1
2393 2405 1
2394 2403 1
2395 2401 1
2395 2409 1
2396 2397 1
2397 2398 2
2397 2400 1
2397 2402 2
2397 2405 1
2398 2404 1
2399 2404 1
2399 2407 1
2403 2404 1
2403 2408 1
2404 2405 1
2404 2406 2
2404 2408 1
2405 2407 1
2407 2414 1
2408 2418 1
2409 2413 1
2410 2411 1
2413 2414 1
2414 2415 1
2415 2417 1
2417 2418 2
2417 2421 1
2417 2423 1
2417 2429 1
2417 2446 1
2418 2420 1
2419 2420 2
2419 2422 1
2419 2443 1
2419 2446 1
2420 2422 1
2420 2428 1
2420 2431 1
2421 2430 1
2422 2425 1
2422 2426 1
2422 2432 1
2422 2437 1
2423 2424 1
2425 2432 1
2426 2429 1
2426 2438 2
2427 2439 1
2429 2432 1
2430 2441 1
2431 2432 1
2431 2441 1
2431 2444 1
2433 2434 1
2435 2436 1
2439 2440 1
2439 2441 1
2440 2446 1
2441 2442 1
2442 2444 2
2442 2446 1
2445 2446 1
2446 2447 1
2447 2448 2
2447 2449 1
2447 2451 2
2447 2458 1
2448 2449 1
2450 2455 1
2450 2459 1
2451 2471 1
2451 2472 1
2452 2453 1
2452 2454 1
2452 2460 1
2453 2454 1
2453 2461 1
2454 2459 1
2454 2461 1
2455 2457 1
2455 2469 1
2456 2457 1
2456 2459 1
2457 2463 1
2459 2460 1
2460 2469 1
2463 2470 1
2464 2465 1
2464 2468 1
2469 2470 1
2470 2472 1
2471 2472 2
2474 2477 1
2475 2477 2
2476 2478 1
2476 2481 1
2479 2481 3
2479 2483 1
2480 2481 2
2481 2483 1
2481 2484 1
2481 2485 1
2483 2487 1
2484 2485 1
2484 2486 1
2485 2486 2
2486 2490 1
2487 2489 3
2488 2489 3
2489 2490 2
2489 2492 2
