25 28 1
29 30 2
29 31 1
29 32 1
30 31 3
30 33 1
31 32 4
31 33 3
32 33 1
32 35 2
33 34 5
33 35 1
33 44 1
34 35 3
34 37 1
35 37 2
35 38 4
36 37 3
37 38 2
37 39 1
37 57 1
38 39 2
38 77 1
39 40 3
40 41 3
40 42 1
41 44 1
42 43 3
42 47 3
42 49 2
43 44 1
43 49 1
43 50 2
43 51 1
44 45 3
44 46 1
44 50 3
44 56 1
45 49 1
46 47 1
46 50 1
47 48 1
47 50 1
47 51 1
49 53 1
52 53 4
52 54 1
53 65 1
54 55 1
56 58 2
57 58 2
57 64 1
58 59 2
58 63 1
59 62 2
59 65 1
60 61 1
60 64 1
62 63 1
62 65 1
64 65 1
65 67 2
66 68 1
67 68 1
67 69 3
68 69 2
70 71 5
70 98 1
71 72 3
71 77 1
71 78 1
71 81 2
72 74 1
72 88 2
73 76 1
73 77 1
73 90 1
73 92 1
73 94 1
74 75 6
74 77 1
74 78 1
74 88 2
75 76 1
75 77 2
75 85 2
76 77 2
76 78 1
76 85 1
77 78 1
78 79 1
78 80 1
78 81 1
78 99 1
79 80 1
79 81 1
79 82 3
79 99 2
80 81 1
80 83 1
80 93 1
81 82 1
82 83 2
82 92 1
85 86 3
85 88 1
85 95 1
86 87 4
86 90 1
86 91 2
87 88 3
87 89 1
87 90 2
87 91 1
88 89 3
88 91 1
89 90 1
90 91 2
90 92 2
91 92 1
92 93 2
92 94 1
93 95 4
94 95 1
95 97 1
95 100 1
96 97 2
96 100 3
96 101 3
96 102 1
97 99 2
97 101 2
97 102 1
98 100 1
101 102 1
103 104 3
105 108 1
106 107 3
108 109 3
108 110 2
108 111 2
109 110 2
109 111 2
110 111 2
110 113 1
111 112 1
112 113 2
113 114 1
113 173 1
114 172 3
114 174 1
114 175 1
115 116 2
115 118 1
116 117 2
116 118 1
117 118 4
117 119 4
117 121 1
118 119 1
118 120 6
119 120 3
119 121 2
120 121 7
120 125 1
120 127 1
121 123 1
121 126 2
122 125 1
122 127 3
123 124 1
123 126 3
124 125 3
126 128 1
126 129 3
127 128 1
127 129 1
129 174 1
129 175 1
129 261 1
130 131 2
130 132 2
130 133 1
131 132 4
131 134 1
132 133 1
132 134 1
133 134 2
133 139 1
134 135 1
135 136 3
135 139 5
135 264 2
135 366 1
136 137 2
136 140 1
136 142 2
136 365 2
137 138 1
137 368 1
137 369 1
138 139 2
138 368 1
139 141 1
139 142 1
139 144 2
139 276 1
140 141 2
140 142 1
141 142 2
141 143 1
142 143 1
142 144 1
143 145 2
144 145 1
146 147 3
147 150 1
147 781 1
148 150 1
149 150 3
149 151 1
149 152 2
149 154 2
149 799 1
150 151 1
150 153 1
150 154 2
151 152 1
151 153 2
151 158 1
152 153 2
152 787 1
152 800 1
153 154 1
153 156 2
154 156 1
155 156 3
156 157 2
157 158 1
157 162 2
158 163 1
158 817 1
161 162 2
164 165 1
167 168 2
167 272 1
167 816 1
168 169 4
168 172 1
168 268 1
168 269 1
169 170 1
169 173 1
170 171 1
170 172 1
170 179 1
171 172 2
171 173 4
171 259 1
172 178 1
172 257 2
172 258 2
173 174 2
173 259 1
174 175 4
174 176 4
175 178 1
175 259 1
176 177 3
176 178 2
179 180 1
179 184 1
180 181 1
180 184 1
181 182 4
181 184 2
181 185 1
182 183 2
182 184 3
182 185 2
183 184 2
183 185 3
184 185 1
185 186 1
185 189 1
186 190 1
186 241 1
188 189 3
189 191 1
190 191 1
190 193 2
190 195 2
190 239 1
191 192 1
191 195 1
191 225 1
191 234 1
191 240 1
191 246 1
192 193 2
192 213 1
192 220 1
193 195 1
193 196 1
194 196 1
194 198 2
194 199 1
194 211 1
195 196 1
195 198 1
195 199 1
196 198 4
197 198 1
197 199 1
197 200 1
197 208 1
198 218 1
200 202 2
200 207 1
200 208 2
200 209 6
201 202 1
201 203 2
201 204 1
201 207 1
202 203 1
202 206 1
202 207 1
203 204 1
204 206 1
204 207 2
205 206 3
205 208 1
205 218 1
205 219 1
206 207 2
206 208 1
206 209 1
206 217 1
207 208 1
207 209 1
209 210 1
209 216 2
209 220 1
209 221 1
210 211 1
210 212 2
211 212 1
211 214 1
212 213 1
212 221 1
213 230 1
215 220 1
216 217 2
216 218 2
216 222 1
217 219 1
217 220 1
218 219 4
221 222 1
222 236 3
224 237 1
224 243 1
225 226 1
226 227 1
226 228 1
226 229 1
226 236 1
227 228 1
227 229 2
227 237 1
228 234 1
230 234 1
230 235 2
231 232 2
232 233 1
233 235 1
234 236 1
234 237 1
235 236 4
236 237 1
237 238 1
238 240 1
239 240 1
239 245 1
240 241 1
240 242 1
240 251 1
241 242 1
241 244 1
242 244 1
243 244 2
243 245 1
244 245 1
246 247 2
248 249 1
248 250 1
248 254 3
249 250 3
250 254 1
251 252 1
251 255 1
251 257 1
251 273 4
252 253 2
252 256 1
254 255 1
255 256 2
255 259 1
256 258 3
257 258 4
257 259 1
257 268 1
257 272 1
258 259 2
258 261 1
258 265 1
258 269 1
259 260 3
259 269 2
259 270 2
260 276 2
261 265 1
262 265 1
263 264 4
263 265 2
264 265 1
264 266 4
264 267 4
264 268 1
265 266 3
265 267 2
265 269 1
266 270 1
266 366 1
267 269 2
268 269 1
268 271 2
268 273 2
269 270 2
270 271 3
270 272 1
271 272 3
271 273 1
271 274 1
271 275 1
272 273 3
272 274 2
272 275 2
273 274 3
273 275 1
274 275 4
274 319 1
275 276 1
276 277 2
276 278 2
276 279 2
276 280 1
276 281 1
277 281 1
277 285 1
277 317 1
278 281 1
279 280 6
279 281 1
279 364 1
279 367 2
279 368 1
279 385 1
280 353 2
280 362 1
280 364 1
280 437 1
280 564 1
281 283 1
281 320 1
281 321 1
282 302 1
282 319 1
282 320 2
282 322 3
283 284 3
284 321 1
284 354 1
285 286 2
285 570 1
285 571 1
285 573 1
285 574 2
285 611 1
286 287 1
286 436 1
286 562 1
286 563 1
286 564 1
286 573 1
287 319 1
287 567 1
287 568 1
287 570 1
287 574 1
287 611 1
288 289 2
288 319 1
288 322 1
288 570 2
289 290 1
289 291 2
289 319 1
290 291 1
291 292 1
292 293 1
292 297 1
293 296 1
294 295 2
294 296 1
295 297 1
296 297 1
297 298 1
297 320 1
298 299 2
298 320 1
299 300 1
299 318 1
299 320 1
300 319 1
300 325 1
300 342 2
301 302 1
301 303 3
301 305 1
301 307 1
301 317 1
301 336 3
302 303 1
302 341 1
305 306 1
305 332 1
307 341 2
309 311 2
310 311 2
310 312 2
310 315 1
311 315 1
311 316 1
311 569 1
312 313 4
312 314 1
312 315 1
313 568 3
313 610 1
314 315 4
315 316 1
315 569 3
316 319 1
316 337 1
316 338 2
316 339 5
317 318 1
317 322 1
317 324 1
317 325 1
317 326 3
317 339 1
317 562 2
318 321 1
318 322 1
318 323 1
318 324 1
318 325 1
318 563 1
318 569 1
319 320 2
319 322 1
319 324 2
320 321 2
320 322 1
320 324 2
320 325 1
321 322 1
322 324 1
322 325 2
322 611 1
323 324 3
323 325 1
324 325 1
325 339 1
326 332 1
326 333 1
326 342 1
326 343 2
327 328 2
327 334 1
327 337 1
327 340 1
327 341 3
327 342 2
327 343 2
327 562 1
328 329 1
328 330 2
328 332 1
328 333 1
328 334 3
329 330 1
329 335 1
329 338 1
330 334 1
330 391 1
331 340 1
331 343 2
332 343 1
332 360 1
333 343 1
333 344 1
333 391 1
335 336 1
335 340 1
336 340 2
336 341 1
337 338 3
337 340 1
337 341 1
337 342 4
337 343 1
338 569 1
340 342 1
343 569 1
344 363 1
344 384 1
344 387 1
344 391 1
345 386 1
345 389 1
345 393 2
345 438 1
345 443 1
346 347 2
346 348 2
346 349 1
346 389 1
347 389 1
348 387 2
348 389 1
349 368 1
349 369 1
349 371 1
349 382 1
349 384 4
349 445 1
350 351 1
350 362 1
350 385 1
350 386 1
350 435 1
350 438 2
350 439 1
350 440 1
350 445 1
350 449 1
351 357 1
351 363 1
351 366 1
351 437 1
351 443 1
351 444 1
351 448 1
352 353 1
352 355 1
352 357 1
352 361 2
352 437 1
352 455 1
352 577 1
352 578 2
352 580 1
352 581 1
353 355 1
353 454 1
353 577 1
353 579 1
354 357 1
354 363 1
354 364 1
354 441 1
354 560 1
354 563 2
355 357 1
355 363 1
355 449 2
355 453 1
355 455 1
355 477 1
355 478 2
356 357 2
356 477 1
358 359 3
358 360 1
358 453 1
358 456 1
358 457 1
358 460 1
358 581 1
359 361 1
359 362 1
359 444 1
359 453 2
360 388 1
360 437 2
360 444 1
360 526 1
360 529 1
360 530 1
362 385 1
362 444 1
362 452 1
362 455 1
363 367 1
363 393 1
363 455 1
363 558 1
364 365 2
364 384 2
364 387 1
364 393 1
364 438 2
364 531 1
366 367 2
367 368 1
368 369 2
368 370 1
368 445 1
369 448 1
369 578 1
370 381 1
370 382 3
370 488 1
371 380 2
371 480 3
371 481 1
372 373 1
372 375 2
372 480 1
372 488 1
373 384 1
376 380 1
376 481 3
377 378 2
379 482 1
379 541 1
380 394 1
380 483 1
380 486 1
381 384 1
381 440 1
381 445 1
382 386 1
382 446 2
382 450 1
382 526 1
382 527 1
383 384 1
384 385 1
384 393 1
385 393 1
385 440 1
385 443 2
385 557 1
386 387 1
386 388 1
386 389 2
386 394 1
386 442 1
386 446 1
387 389 1
387 390 1
387 392 1
388 443 1
388 451 2
388 453 1
388 530 1
389 393 2
392 435 1
392 560 1
393 435 3
393 440 2
394 442 1
394 526 1
394 527 1
395 397 1
395 424 1
395 482 1
396 398 1
397 398 3
397 399 1
398 399 1
399 400 1
399 401 2
400 401 1
400 424 1
400 425 1
400 521 1
400 663 1
401 425 1
402 403 2
402 426 1
403 425 1
405 408 1
405 409 2
405 428 1
406 410 1
406 412 2
406 415 1
406 420 2
406 663 1
406 664 2
407 408 5
407 410 1
407 411 1
407 418 1
408 409 3
408 428 1
409 411 3
409 428 2
410 412 1
410 420 1
410 664 5
410 665 1
411 412 2
411 428 1
412 413 2
412 415 1
412 420 1
412 421 2
412 422 1
412 431 1
412 517 1
412 519 1
412 663 2
413 416 1
413 417 1
413 420 1
413 517 1
414 422 1
414 516 2
414 522 1
414 524 1
415 416 1
415 419 2
415 420 2
416 419 1
417 419 2
417 420 3
417 421 1
417 422 2
418 419 3
418 660 2
419 420 1
420 422 1
421 422 2
421 431 1
421 521 1
422 521 1
423 425 3
423 426 1
423 520 1
423 522 1
424 425 1
424 430 1
424 539 2
424 543 1
425 553 1
426 428 1
427 430 2
428 429 1
430 521 2
431 432 1
431 515 1
431 521 1
432 433 1
432 514 5
432 515 1
432 516 2
432 534 1
432 537 1
433 458 2
433 528 1
434 439 1
434 449 1
434 458 1
435 558 3
435 559 1
436 560 1
436 561 1
436 562 1
437 438 2
437 444 2
437 563 1
438 452 1
438 453 1
439 440 2
439 446 1
441 443 3
441 444 1
441 448 1
442 446 1
442 452 1
442 453 1
443 454 2
445 451 1
447 451 2
447 453 2
447 529 1
447 531 1
448 457 1
449 450 2
450 452 1
450 527 1
450 529 1
451 529 1
451 530 1
451 532 2
451 533 1
452 454 1
452 529 1
453 581 1
454 557 1
454 560 1
454 575 1
454 580 1
455 456 1
455 461 1
455 477 1
455 580 1
456 461 1
456 477 1
456 581 1
457 462 1
457 581 1
458 529 1
458 531 2
458 532 1
458 557 2
459 461 1
460 496 1
460 531 1
460 792 2
460 794 3
460 796 3
461 462 1
461 500 1
461 506 1
461 508 1
461 775 1
462 463 2
462 464 1
462 502 3
463 491 1
463 499 1
463 502 1
463 628 3
463 793 2
464 493 1
464 628 2
464 791 1
464 792 3
465 472 1
465 502 1
465 628 1
465 791 1
466 467 2
466 468 1
466 631 1
466 788 2
467 505 1
468 470 1
468 471 1
468 589 1
468 590 1
469 470 2
469 471 1
469 474 1
469 476 1
469 588 1
470 474 1
471 588 1
471 626 1
472 475 2
473 474 1
473 475 1
473 476 1
473 509 1
473 582 2
473 588 1
474 475 1
475 501 4
475 505 1
477 478 1
477 796 1
478 479 1
478 796 1
478 797 2
480 481 1
480 482 1
480 484 1
480 485 1
480 545 1
481 482 1
481 483 2
481 488 1
482 483 2
482 541 1
482 550 1
482 552 1
483 485 1
483 486 2
483 548 3
484 489 3
484 545 1
484 548 2
484 549 1
485 489 2
485 545 1
485 550 2
486 527 1
486 549 1
487 544 1
487 545 1
488 545 1
489 545 1
489 549 1
490 492 1
490 498 2
490 500 1
490 509 1
490 531 1
490 627 1
491 492 1
491 635 1
491 643 1
491 702 1
492 650 1
492 651 4
493 627 1
493 645 1
494 512 1
494 514 1
495 552 1
495 771 1
495 778 1
495 779 1
496 499 1
496 512 2
496 778 1
496 796 1
497 794 1
498 509 3
498 510 5
498 627 1
498 773 1
499 500 1
499 510 2
499 511 1
499 773 1
499 777 1
500 502 1
500 508 1
500 510 1
500 774 1
501 508 1
502 503 1
502 790 1
503 504 2
503 505 2
503 511 1
503 626 1
503 793 1
504 510 1
505 626 2
505 643 2
506 507 1
506 774 1
507 538 1
507 699 1
507 790 2
508 511 1
508 793 1
509 627 1
510 512 1
511 513 1
512 513 1
512 646 1
513 650 1
513 654 1
514 518 3
514 536 2
514 771 1
515 522 1
515 535 1
516 517 2
516 518 1
516 519 1
516 524 1
516 776 2
518 519 1
518 646 1
518 647 1
518 654 1
519 521 1
519 537 1
519 556 1
520 538 2
521 522 1
523 524 1
523 525 1
523 770 2
523 771 1
523 778 1
524 776 1
525 528 1
525 533 1
525 538 1
525 539 2
525 544 1
525 554 1
525 556 2
526 527 2
526 528 1
526 529 1
527 548 1
529 557 2
530 531 1
530 533 1
531 557 1
532 533 2
534 535 1
534 536 1
534 538 1
534 556 2
534 794 1
535 556 1
535 794 1
537 538 1
538 542 2
539 540 1
539 543 1
540 541 1
540 544 1
540 545 1
541 545 1
541 547 1
541 555 1
541 556 1
542 547 2
542 555 2
543 552 2
543 554 1
543 555 1
544 545 2
544 549 1
545 549 1
546 549 1
547 549 2
550 552 2
551 555 2
552 553 1
552 555 1
555 556 1
558 559 1
558 564 1
559 560 1
559 564 1
559 565 1
560 561 1
560 564 3
560 565 1
561 563 1
561 564 4
562 565 3
562 567 1
563 567 1
565 570 1
566 571 1
566 573 1
568 569 1
568 570 1
568 607 1
570 572 1
570 611 1
572 579 1
572 586 1
572 596 3
572 613 2
572 619 1
573 576 1
573 607 1
575 576 1
575 587 1
576 577 2
576 582 1
577 578 1
578 580 1
579 580 1
579 584 1
579 588 1
579 591 1
582 586 2
583 585 1
583 587 1
584 585 1
584 586 1
584 587 1
586 625 1
586 638 1
587 588 1
587 596 1
588 623 1
589 592 1
590 594 1
591 592 1
592 626 1
594 596 1
595 597 2
595 622 1
596 613 1
596 623 1
596 624 2
596 625 1
597 599 1
597 620 1
599 601 1
599 608 1
600 602 1
600 607 2
600 614 1
600 618 1
601 602 1
601 613 1
601 614 1
601 615 1
602 607 1
602 610 4
602 613 1
604 606 1
604 609 1
607 609 1
607 612 1
608 610 2
609 610 2
609 611 1
609 618 1
609 620 2
610 611 1
610 612 1
611 612 1
613 614 3
613 617 1
613 620 1
614 615 2
615 618 1
615 620 2
616 620 1
616 624 1
616 625 1
617 618 1
617 620 3
617 623 1
618 622 1
622 623 1
623 624 1
624 625 1
628 773 1
628 789 2
628 791 1
628 792 1
629 631 1
629 632 2
629 634 1
629 637 2
629 639 1
629 719 1
629 722 2
630 631 1
630 637 2
630 638 1
630 639 1
630 640 1
631 639 1
632 633 1
633 634 3
633 728 1
634 699 1
635 637 1
635 642 1
635 644 1
635 709 1
636 641 2
636 710 1
637 639 1
637 641 1
639 640 3
641 708 1
643 644 2
645 647 1
645 650 3
645 704 1
646 648 1
646 649 1
646 650 1
646 768 1
646 769 1
646 776 1
647 650 1
648 703 1
648 704 1
649 695 1
649 705 1
649 706 1
649 767 2
649 768 1
650 721 1
651 652 2
651 707 1
651 723 1
652 653 3
652 723 2
653 707 1
654 658 1
655 701 2
655 703 1
656 659 1
656 667 3
656 698 1
657 665 1
657 667 1
657 669 1
658 659 2
658 666 1
658 673 1
658 690 1
658 691 1
659 667 2
659 670 2
659 692 1
659 699 1
660 661 1
660 665 1
660 668 1
661 662 1
661 695 1
662 664 2
662 667 1
663 664 4
664 666 1
665 666 1
665 668 1
665 670 2
666 667 1
666 670 1
667 668 1
668 670 2
668 673 4
669 672 2
669 674 1
670 671 1
670 673 1
672 673 2
673 675 1
675 676 1
675 693 1
676 677 2
676 681 1
676 682 1
676 683 3
677 678 2
677 679 1
677 681 1
677 682 1
678 679 2
678 680 1
678 682 2
679 680 1
679 681 1
679 683 2
680 681 1
680 684 1
681 683 1
681 686 1
683 693 2
685 686 1
685 687 2
685 688 3
685 700 1
686 687 2
687 688 2
687 730 1
688 689 1
688 690 1
688 732 1
689 690 3
689 691 2
689 694 1
689 698 1
689 705 1
690 693 1
691 693 1
691 694 1
692 693 2
694 697 3
695 696 1
695 697 1
695 699 1
696 701 1
696 726 1
696 763 1
697 698 1
697 699 2
698 701 1
698 723 1
699 701 2
699 775 1
700 725 1
700 726 1
700 727 2
701 721 1
701 725 1
701 726 4
702 703 1
702 704 1
702 785 2
703 704 1
704 768 1
704 775 1
705 706 1
705 766 1
706 724 1
706 725 1
706 728 4
706 762 1
707 708 3
707 709 1
707 713 1
708 709 1
708 715 1
709 713 1
709 714 1
709 715 1
709 717 1
709 718 1
709 721 1
709 722 2
710 711 1
710 712 1
710 722 1
711 713 2
713 714 1
713 719 1
713 722 4
714 715 1
714 720 1
714 722 1
715 716 3
715 717 1
715 718 1
715 725 1
716 717 1
716 747 2
717 718 1
717 720 1
717 725 3
717 727 1
717 734 1
717 744 1
718 720 1
718 721 1
718 744 1
719 727 1
720 723 1
720 725 2
720 728 1
721 722 1
721 724 2
721 725 1
721 726 2
723 726 1
724 726 1
724 732 1
725 727 1
727 729 2
727 730 1
727 737 1
728 729 1
729 730 2
729 739 1
729 740 2
729 752 1
730 731 1
732 735 2
733 734 2
734 742 1
735 742 1
736 740 1
736 747 1
736 750 1
738 739 2
738 748 4
739 740 2
739 743 1
739 744 1
740 746 2
740 747 1
741 742 1
742 743 1
742 747 1
744 751 1
748 750 1
748 751 2
749 752 2
750 751 1
751 752 1
751 753 1
751 755 1
752 754 1
753 754 2
753 755 2
753 756 1
754 755 1
754 756 1
755 756 1
756 757 1
756 758 3
757 758 3
758 759 2
758 785 1
759 760 1
759 761 2
759 763 1
759 784 1
760 761 2
761 763 1
761 785 2
762 763 4
762 764 2
763 764 1
764 781 1
765 769 1
765 770 1
765 771 2
765 779 1
765 782 1
766 767 1
766 769 1
768 769 2
769 770 1
769 778 1
770 771 1
771 772 1
771 778 1
772 775 1
773 774 1
773 789 1
773 792 3
774 775 1
774 779 1
774 792 3
774 796 1
774 797 1
775 777 1
775 779 2
775 792 1
776 777 2
777 779 1
779 780 1
780 781 1
780 782 1
780 790 2
780 796 1
781 782 1
781 783 2
781 788 1
782 783 4
783 784 1
783 787 1
783 788 1
783 789 1
784 786 1
785 812 1
786 787 1
786 788 1
787 788 2
787 789 1
788 789 2
788 790 1
788 791 2
789 790 1
789 791 2
789 792 1
790 791 1
796 798 2
797 798 2
798 799 3
799 800 1
801 812 1
802 810 2
802 812 1
802 814 1
803 804 1
803 805 1
804 805 1
804 806 1
805 806 2
805 811 1
806 807 1
807 809 2
808 814 1
809 810 1
810 812 1
813 814 1
815 817 1
816 817 4
