20 91 1
21 91 2
24 92 1
25 91 2
26 90 2
26 121 1
27 90 2
27 91 4
27 121 1
28 91 1
28 92 1
28 121 2
45 102 1
45 158 1
46 97 4
46 98 4
46 99 2
46 101 1
46 102 2
46 155 1
46 156 1
46 157 2
46 159 6
46 164 2
47 97 3
47 99 2
47 100 1
47 119 1
47 120 3
48 120 1
48 121 3
49 118 1
49 121 1
50 91 1
50 93 3
60 92 1
64 88 1
64 92 4
64 93 1
70 93 1
71 92 1
73 95 2
110 95 1
111 95 1
114 97 2
114 98 1
116 96 1
152 169 4
230 235 2
243 96 1
244 96 1
271 172 1
271 238 1
272 172 3
272 173 1
272 237 1
273 238 2
274 238 2
276 170 2
279 172 1
287 264 1
287 265 2
289 265 5
289 277 1
290 236 1
290 242 1
291 172 1
291 237 1
291 239 2
291 241 5
291 242 2
292 175 1
292 234 1
292 235 3
292 242 2
292 272 5
292 276 1
293 174 2
293 175 4
293 235 4
293 236 2
293 238 2
293 239 1
293 240 1
293 241 2
293 242 2
293 270 1
293 276 2
294 172 2
295 236 1
295 237 3
295 238 1
296 236 1
296 238 2
298 263 1
298 264 2
299 187 2
299 203 1
299 264 2
299 265 1
300 203 3
300 262 2
300 263 1
301 168 1
301 263 3
301 264 1
302 162 1
302 168 1
302 169 3
302 170 2
302 172 2
302 260 1
304 161 1
304 170 6
304 171 1
304 172 1
305 152 2
305 170 1
305 171 1
305 172 4
305 173 4
305 187 1
305 256 3
305 261 1
305 262 2
305 263 1
307 172 1
307 174 1
307 180 2
307 239 4
307 245 1
307 255 1
308 181 1
308 187 1
308 239 3
308 240 1
308 241 4
309 235 1
310 172 1
310 173 2
310 174 1
310 182 1
310 237 1
311 168 2
311 169 4
311 170 1
312 158 2
312 159 1
312 163 2
312 164 2
312 169 3
312 170 1
313 97 2
313 98 3
313 99 1
313 156 1
313 164 2
313 165 2
314 158 1
314 164 1
314 169 1
315 161 3
315 169 1
