10 118 1
10 119 2
11 119 1
13 119 2
18 33 2
38 34 7
38 35 4
39 32 2
39 35 1
60 141 2
61 142 6
62 142 1
62 143 1
74 119 1
75 118 2
75 119 1
75 122 1
76 118 1
76 119 5
76 120 1
76 122 7
76 123 6
77 45 2
77 80 14
77 92 2
77 120 1
77 121 2
77 122 1
77 123 3
77 130 2
78 96 2
78 126 1
78 127 7
78 128 4
78 130 1
79 96 1
80 96 1
85 90 1
85 95 3
86 90 1
86 96 7
86 128 1
87 43 2
87 128 1
88 119 2
88 122 1
88 123 1
95 141 2
97 96 1
97 127 8
98 96 1
99 89 7
99 90 7
101 96 3
102 90 6
102 94 1
102 95 2
102 96 4
102 101 1
103 90 2
103 91 2
103 93 1
103 94 5
103 95 1
104 95 4
104 103 1
105 95 1
105 112 4
105 113 1
106 112 1
109 112 2
110 95 2
111 111 2
111 112 2
112 111 8
112 114 2
112 139 4
113 111 2
113 113 2
113 139 6
123 112 6
123 115 8
123 139 2
123 145 3
123 146 1
124 115 4
127 113 1
127 114 11
127 138 2
127 139 7
127 147 3
128 114 2
128 138 1
128 147 7
137 95 1
137 96 3
137 125 1
138 116 2
138 117 1
138 125 7
138 126 8
138 140 2
138 141 3
139 115 1
139 125 1
139 140 5
140 126 2
141 126 3
159 115 2
