3 4 7
3 7 1
3 24 1
4 5 6
4 21 1
4 22 1
4 23 2
4 24 4
4 25 5
5 6 1
5 9 1
5 20 1
5 21 7
5 22 4
5 23 1
5 24 2
5 25 8
6 7 6
6 8 1
6 12 2
6 25 1
7 8 7
7 9 1
7 18 1
7 36 1
8 9 4
8 15 1
8 16 1
8 22 1
8 29 2
8 30 1
8 36 4
9 10 11
9 11 6
9 12 4
9 13 1
9 22 2
9 23 2
9 24 2
9 25 1
9 27 1
9 28 3
9 29 2
10 11 3
10 12 3
10 13 5
10 22 1
10 37 1
11 12 9
11 13 5
11 22 3
11 23 4
11 24 1
11 27 1
11 28 1
12 13 1
12 22 1
12 23 1
12 25 3
12 36 1
12 37 10
13 14 6
13 18 1
13 26 1
13 28 8
13 29 10
13 38 5
13 69 1
13 70 1
14 15 4
14 16 1
14 19 3
14 20 7
14 28 2
14 29 2
15 16 5
15 17 3
15 19 6
15 20 1
15 21 1
16 17 9
16 19 2
17 18 13
17 19 5
18 19 7
18 31 1
18 32 1
18 35 2
19 20 4
20 21 4
20 26 1
20 27 5
21 22 5
21 26 1
21 27 6
22 23 7
22 25 1
22 27 2
22 28 2
23 24 10
23 25 2
24 25 6
25 26 5
25 28 1
26 27 2
27 28 18
27 29 4
28 29 10
29 30 2
29 38 5
29 47 1
29 48 3
30 31 5
30 35 1
30 36 1
30 38 4
30 39 6
30 47 1
30 48 1
30 49 4
30 50 1
30 69 3
30 70 1
31 32 6
31 34 2
31 35 13
31 39 5
31 40 2
31 41 2
31 48 2
31 49 6
32 33 3
32 34 5
33 34 11
33 35 3
34 35 8
35 36 1
35 40 3
35 49 1
35 57 2
36 37 8
36 40 1
36 50 10
36 51 7
36 54 4
37 38 1
37 51 4
37 70 10
38 39 3
38 47 3
38 48 1
38 69 11
38 70 4
39 40 3
39 41 4
39 45 2
39 46 2
39 47 7
39 49 7
39 50 1
39 53 2
39 54 1
39 69 1
40 41 9
40 42 1
40 46 1
40 47 1
40 55 1
40 56 5
40 57 1
40 59 4
41 42 8
41 43 9
41 44 1
41 45 9
41 46 1
41 59 2
41 88 6
42 43 16
42 44 14
42 45 2
42 46 1
43 44 16
43 45 6
44 45 2
44 60 5
44 61 5
45 46 16
45 47 1
45 48 6
45 49 2
45 60 3
45 61 5
45 64 1
45 65 1
46 47 1
46 49 1
46 63 1
46 65 3
46 69 3
47 48 3
47 49 2
47 65 6
47 67 1
47 69 10
48 49 9
49 50 2
49 86 4
49 87 5
49 88 1
50 51 2
50 54 1
50 69 1
51 52 14
51 54 4
51 70 6
51 71 5
52 53 9
52 54 1
52 70 1
52 71 9
52 72 1
52 82 3
53 54 8
53 71 3
53 80 1
53 82 15
53 83 2
53 85 3
53 116 1
53 117 3
54 55 5
54 56 1
54 59 1
54 69 1
54 70 1
54 86 4
54 87 7
54 88 2
55 56 15
55 58 2
55 87 3
55 88 4
56 57 2
56 58 1
56 87 8
56 88 1
57 59 2
58 59 3
58 88 2
58 89 4
59 60 8
59 63 4
59 88 4
60 61 7
60 63 1
60 64 1
61 62 6
61 63 1
61 64 2
61 65 1
61 79 1
61 125 1
62 63 3
62 64 2
62 66 2
62 67 1
62 79 1
63 64 15
63 65 2
63 124 1
64 65 13
64 66 1
64 67 2
64 69 2
65 66 1
65 67 1
65 68 1
65 69 1
66 67 3
66 68 7
66 69 1
66 73 6
66 79 2
66 103 2
66 108 2
67 68 15
67 69 3
67 72 5
67 73 9
67 80 1
67 82 1
67 83 1
67 103 1
67 104 5
67 105 1
67 108 4
68 69 6
68 72 3
68 73 2
69 70 5
69 72 4
70 71 2
70 72 3
71 72 6
71 80 1
71 82 6
71 104 1
72 73 1
72 80 1
72 81 6
72 84 1
72 125 1
73 74 3
73 75 1
73 83 1
73 87 1
73 103 1
73 104 5
73 105 3
73 125 6
74 75 2
74 86 1
74 87 11
74 88 9
74 89 1
74 90 3
74 124 2
74 125 9
75 76 3
75 89 1
75 90 2
75 91 9
75 125 3
76 77 5
76 78 2
76 91 1
76 92 3
76 93 1
76 94 5
76 95 1
76 100 6
76 101 6
76 123 1
77 78 3
77 79 1
77 92 1
77 93 1
77 96 5
77 97 1
77 98 8
77 99 2
77 100 5
77 101 2
77 123 1
78 79 1
78 80 2
78 94 3
78 96 1
78 100 1
78 101 1
78 102 5
78 105 1
78 106 2
78 108 1
78 123 3
79 80 10
79 90 5
79 91 1
79 102 5
79 103 6
79 108 2
79 123 1
79 124 2
80 81 8
80 83 3
80 85 1
80 86 1
80 102 7
80 103 2
80 105 3
80 108 3
80 124 3
81 82 4
81 83 4
81 85 9
81 86 3
81 103 1
81 104 1
81 116 1
82 83 10
82 85 1
82 86 2
82 115 1
82 116 4
83 84 3
83 85 2
83 105 2
83 116 10
83 131 2
84 85 13
84 105 1
84 116 2
84 127 1
84 130 2
84 131 9
85 86 9
85 104 1
85 116 3
85 117 2
85 130 1
86 87 4
86 117 13
86 118 2
86 125 1
87 88 10
87 89 2
87 90 1
87 117 1
87 119 1
88 89 4
90 91 1
90 93 1
90 124 5
91 92 11
91 93 5
91 94 1
91 99 1
91 124 1
92 93 8
92 95 1
92 99 3
92 100 1
92 101 1
93 94 9
93 123 2
94 95 2
94 99 1
94 100 1
94 101 8
94 102 2
94 103 5
94 118 3
94 119 2
94 123 14
94 124 2
94 125 8
94 126 1
95 96 5
95 117 1
95 118 6
95 119 7
95 125 1
96 97 21
96 98 1
96 99 1
96 101 2
96 107 5
96 119 9
96 120 6
97 98 5
97 107 1
97 119 3
97 120 7
98 99 10
98 100 12
98 101 1
99 100 9
99 101 5
100 101 5
101 102 5
101 106 2
101 107 2
101 118 1
101 119 1
101 123 3
102 103 9
102 104 2
102 106 6
102 108 9
102 109 1
103 104 7
103 105 1
103 108 4
103 124 2
104 105 3
104 107 1
104 108 1
104 109 1
104 117 2
104 118 2
104 125 9
104 126 2
104 130 1
104 131 3
105 106 1
105 108 7
105 109 4
105 130 1
105 131 1
106 107 10
106 108 9
106 123 4
106 136 3
107 108 2
107 109 5
107 126 2
107 136 4
108 109 4
109 110 2
109 111 2
109 112 3
109 126 5
109 127 2
109 131 3
109 132 8
109 135 1
109 146 1
110 111 4
110 112 3
110 127 4
110 129 1
110 132 1
110 133 2
110 144 1
110 145 2
110 146 12
110 148 3
111 112 19
111 126 3
111 127 10
111 128 5
111 129 1
111 130 3
111 131 5
112 113 5
112 114 6
112 126 6
112 127 8
112 128 2
112 130 1
113 114 13
113 115 3
113 116 1
113 128 1
114 115 6
114 116 3
114 128 2
115 116 4
116 117 3
117 118 7
117 130 1
118 119 6
118 125 7
118 131 1
119 120 1
119 122 1
119 123 1
119 125 2
119 126 5
120 121 4
120 122 1
121 122 4
122 123 1
122 137 1
122 139 1
123 124 2
124 125 8
125 126 3
126 127 2
126 130 3
126 131 8
126 132 5
127 128 3
127 129 7
127 130 2
127 131 2
127 132 2
127 144 2
127 146 3
128 129 7
128 148 2
129 130 2
129 145 1
129 148 11
129 149 1
130 131 14
131 132 1
131 136 1
132 133 3
132 134 4
132 135 7
132 136 7
132 138 2
132 146 9
132 147 4
132 152 1
133 134 10
133 139 9
133 145 1
133 146 9
133 147 1
133 148 3
133 151 9
133 152 1
134 137 1
134 138 4
134 139 6
134 140 2
134 145 1
134 146 3
134 147 6
134 151 3
135 136 1
135 138 3
135 145 1
136 138 1
137 138 10
137 139 6
138 139 6
139 140 20
139 142 5
140 141 1
140 142 8
140 143 1
141 142 6
142 143 1
143 144 4
143 153 4
144 145 13
144 147 3
144 148 6
144 152 2
144 153 4
145 146 3
145 147 1
145 148 4
145 151 9
145 152 2
145 154 1
146 147 8
146 148 10
146 149 2
146 150 1
146 151 2
147 148 2
147 149 1
147 151 2
147 152 10
148 149 9
148 150 6
148 151 4
148 152 1
149 150 21
149 151 2
150 151 2
151 152 14
152 153 6
153 154 5
154 155 5
