14 19 2
15 85 2
52 96 1
53 96 1
61 20 1
62 18 5
62 20 1
67 19 1
71 18 1
72 20 1
78 19 1
78 92 1
84 88 1
85 128 2
85 130 1
85 132 1
91 98 1
91 99 2
91 178 1
91 181 1
93 99 1
93 114 1
93 186 1
94 114 1
99 185 1
100 185 1
101 185 2
101 186 2
101 187 1
101 189 2
102 186 1
102 187 3
147 176 1
148 176 1
149 114 2
149 175 1
149 177 1
150 173 1
150 174 1
150 176 2
179 108 1
187 109 2
191 111 1
192 108 1
233 112 1
234 108 3
235 110 1
235 120 1
452 155 3
452 160 1
454 141 1
455 184 1
457 169 2
457 183 1
457 185 1
458 140 1
458 181 1
458 184 3
459 181 1
461 126 1
461 127 1
461 140 1
461 353 2
462 125 1
462 126 1
462 136 3
462 352 1
462 353 2
462 355 2
463 354 1
465 108 1
467 99 2
467 100 1
467 102 1
467 108 1
467 112 1
467 177 1
468 101 1
468 112 1
469 99 1
469 104 1
469 174 1
470 170 1
471 116 1
471 173 4
471 174 1
472 172 1
472 174 1
474 102 1
474 119 1
474 172 2
476 170 1
476 172 1
481 172 1
481 175 2
482 172 3
482 175 1
483 171 4
484 172 1
485 172 1
490 103 1
491 98 1
491 102 1
491 103 1
491 106 1
491 171 1
491 180 1
492 99 1
492 112 1
492 171 1
492 173 2
492 174 1
492 178 1
492 180 1
495 102 2
495 104 2
495 107 2
496 101 1
498 104 2
498 107 2
498 171 1
499 100 1
499 103 2
499 104 1
503 491 1
503 494 3
505 495 1
505 496 1
508 495 2
509 495 1
509 496 1
509 497 1
510 495 1
512 495 1
512 496 1
515 495 1
517 300 2
517 354 1
517 355 1
517 356 2
524 119 1
525 119 2
526 111 1
526 119 3
527 112 4
527 119 3
