50 67 1
52 186 2
53 179 2
56 61 1
56 86 1
56 171 1
57 58 1
57 59 2
57 61 2
57 68 1
57 105 1
59 61 1
59 64 1
59 68 1
59 180 1
60 61 1
60 62 2
60 175 1
61 171 1
62 65 2
62 66 1
62 167 1
63 64 2
63 69 1
64 66 2
64 67 1
64 68 1
64 111 1
65 66 1
65 111 1
65 244 1
66 67 1
67 68 1
67 69 1
67 70 1
67 77 1
68 95 1
68 107 1
68 109 1
69 70 1
69 72 2
69 78 1
69 81 1
69 107 1
70 80 1
70 107 1
70 241 1
71 72 1
71 80 1
71 173 1
72 73 1
72 74 2
72 76 1
72 81 1
72 277 1
72 278 1
73 75 1
73 77 3
73 114 2
73 120 1
74 75 2
74 77 1
74 81 1
74 580 1
75 80 1
75 81 2
75 82 1
76 77 1
77 78 1
77 79 1
77 110 1
78 111 1
78 119 1
79 80 3
79 581 1
81 82 3
81 92 1
82 83 1
82 85 2
83 84 2
84 89 1
85 86 2
85 89 1
86 87 2
86 88 4
86 89 1
87 88 4
87 89 1
89 91 2
90 92 1
90 93 1
91 92 1
92 94 1
93 94 2
93 95 1
93 105 1
95 97 2
95 101 1
95 105 1
96 97 1
96 109 1
98 99 1
98 100 1
98 104 1
99 100 3
99 101 2
99 103 1
100 104 1
100 105 1
101 102 2
101 104 1
107 108 1
108 488 1
109 116 1
110 114 1
111 114 1
111 165 1
113 116 1
114 115 2
114 119 1
114 490 1
115 117 1
115 119 1
115 123 2
115 124 1
115 200 1
116 122 1
116 151 1
117 119 1
117 212 1
117 475 1
118 119 1
118 475 1
119 199 1
119 211 2
120 121 2
120 122 1
120 125 2
120 129 2
121 122 3
121 146 1
121 147 1
121 164 2
121 547 1
122 146 2
123 199 1
123 479 1
123 546 1
124 126 1
124 200 1
124 212 1
125 210 1
125 211 1
125 464 1
125 468 1
125 474 1
125 554 2
126 127 1
127 143 1
127 145 1
127 559 1
128 129 2
129 211 1
129 466 1
130 131 1
130 132 1
131 133 1
133 157 1
134 135 2
134 136 1
134 143 1
135 143 1
135 156 1
136 137 1
137 143 1
138 143 1
139 141 1
140 141 1
141 142 2
142 158 1
143 144 2
143 159 1
144 145 1
144 153 1
144 478 1
145 565 1
146 147 1
146 150 1
147 148 1
147 149 2
147 150 1
147 151 1
147 199 1
148 149 2
148 150 1
148 151 1
148 152 1
148 198 1
148 199 1
148 200 1
148 544 1
150 151 1
150 152 1
151 152 2
151 153 1
152 153 1
152 197 2
153 546 1
154 157 1
155 156 1
156 157 2
157 197 2
158 159 1
162 194 2
162 195 1
162 252 1
163 189 2
164 167 1
164 168 1
165 166 1
165 167 1
165 170 1
165 244 1
167 168 2
168 169 2
170 181 1
171 173 1
171 176 1
172 173 2
172 175 1
173 174 1
173 175 1
180 243 1
181 182 2
182 183 2
182 249 1
183 249 1
184 187 1
184 188 1
184 193 2
185 188 1
185 190 1
185 191 1
186 188 1
186 250 1
188 190 1
188 248 1
189 190 1
191 193 1
192 252 1
194 197 1
195 196 1
197 199 1
198 203 1
198 212 1
199 204 2
200 203 1
200 212 2
201 202 2
202 205 1
207 208 1
207 209 1
207 224 1
207 466 1
208 210 1
208 226 1
209 213 1
210 211 1
210 226 1
210 554 1
211 212 1
211 213 1
211 244 1
211 544 1
212 279 2
212 290 1
212 550 1
214 226 1
214 291 4
215 216 1
215 221 1
215 227 1
215 555 1
216 217 1
216 222 3
218 228 1
218 291 1
219 287 1
219 552 2
220 337 2
220 355 1
220 565 1
221 336 1
221 355 1
221 551 1
221 566 2
222 225 1
222 227 1
222 553 1
222 554 1
222 558 1
224 466 1
225 560 1
226 227 1
226 228 1
226 554 2
227 228 1
228 286 1
228 291 1
229 230 1
229 292 1
230 238 1
231 236 1
231 237 1
231 273 1
232 240 1
232 261 1
232 266 1
232 267 1
233 257 3
233 264 1
234 235 2
234 267 1
234 268 1
235 236 2
235 261 1
238 317 1
240 255 1
240 256 2
242 243 1
242 245 1
242 246 1
242 247 1
243 244 1
243 246 1
243 247 1
243 248 1
243 250 1
244 245 1
244 246 1
244 248 1
244 249 2
244 309 1
245 248 1
245 249 1
245 250 1
246 247 1
246 248 1
247 248 2
250 252 1
253 254 1
259 263 1
260 261 1
260 262 1
260 263 1
262 265 1
264 268 1
264 272 1
265 272 1
265 274 1
266 271 1
267 276 2
268 275 2
269 271 1
270 277 1
271 276 1
271 277 1
272 273 1
272 313 1
274 275 1
275 281 1
276 277 1
276 279 2
276 282 1
278 313 1
280 291 1
280 316 1
280 548 1
281 311 1
281 314 1
282 309 1
282 311 1
283 292 1
283 335 1
284 286 1
284 287 1
287 288 1
288 290 2
289 291 1
289 338 1
290 291 1
291 550 1
292 316 1
293 320 1
295 296 1
295 304 1
296 303 1
296 305 1
296 307 1
296 324 1
297 298 2
297 305 1
297 326 1
298 304 1
298 308 1
298 322 1
299 303 1
299 312 1
299 313 1
301 303 1
301 308 1
301 312 1
301 321 1
302 319 1
302 320 1
303 308 1
306 319 1
307 308 2
307 318 1
308 327 2
309 311 1
309 312 2
309 313 1
309 314 1
309 317 2
310 311 1
310 320 1
312 314 2
315 317 1
316 335 3
317 320 1
318 319 1
318 347 1
319 332 1
320 321 1
320 322 2
323 327 1
324 326 1
325 326 1
327 328 1
327 330 2
328 329 1
328 343 1
329 344 1
331 344 1
332 337 1
332 341 1
332 344 1
333 334 2
333 339 1
333 340 1
334 335 1
334 339 1
336 337 1
337 548 2
337 550 2
339 347 2
339 351 2
340 347 1
342 344 1
346 354 1
347 348 2
347 351 1
348 356 1
349 355 1
349 356 2
350 352 1
350 356 1
350 556 1
352 362 1
352 524 1
353 354 1
353 521 1
353 524 1
354 361 1
355 548 1
355 567 1
356 357 1
357 557 2
358 359 2
358 366 1
360 362 1
360 548 2
360 549 1
360 550 1
360 579 2
360 582 1
361 537 1
361 547 1
361 550 1
362 367 1
362 383 1
362 547 1
363 365 1
363 371 1
363 372 1
363 462 1
364 367 1
364 371 2
364 557 1
365 371 1
365 372 2
365 462 1
366 367 3
366 370 1
367 369 2
367 370 1
367 371 1
367 372 1
367 525 1
367 564 2
368 370 1
368 379 1
368 525 1
368 664 2
369 370 2
369 372 1
370 371 1
370 373 1
370 375 2
370 391 1
370 423 1
370 663 1
371 372 1
371 549 1
372 525 2
372 527 1
373 374 1
373 449 1
374 448 1
374 449 3
374 450 1
374 451 1
374 452 1
374 462 1
377 380 1
378 380 1
378 431 1
378 818 1
379 380 1
379 421 1
380 381 1
380 663 1
381 384 2
381 387 1
381 472 2
382 386 1
382 469 1
382 470 1
382 472 2
382 665 1
383 384 1
383 387 1
383 388 2
384 386 1
384 387 1
385 389 1
385 414 1
387 389 1
387 412 1
387 649 1
388 389 1
388 419 2
388 420 1
388 803 1
389 391 2
390 391 1
390 396 2
390 405 1
390 407 3
390 410 1
390 411 1
390 412 1
390 414 1
391 407 1
391 416 1
392 393 2
392 401 1
392 418 1
393 395 1
393 415 1
393 799 1
393 800 1
394 397 1
396 397 1
396 404 1
397 398 1
397 399 1
397 401 1
397 404 1
397 413 1
397 414 1
398 401 1
399 403 1
400 401 1
401 402 2
401 415 2
402 403 1
402 404 1
404 415 1
405 409 1
405 414 1
406 411 1
406 674 1
407 410 1
407 414 1
408 409 2
408 414 1
410 677 1
411 414 1
411 674 1
411 797 1
412 419 1
412 674 1
412 824 1
413 414 1
416 417 1
416 428 1
417 428 1
417 803 1
417 817 1
418 816 1
420 421 1
420 814 1
420 815 2
421 422 1
421 431 3
423 427 1
423 434 1
423 662 1
424 427 1
424 451 1
424 456 1
425 427 1
425 429 1
426 427 1
427 432 1
429 434 1
430 818 2
431 447 1
431 659 1
431 816 1
431 818 1
433 435 1
433 451 1
435 436 1
435 441 1
435 445 1
436 437 2
436 440 1
436 441 1
436 458 1
437 445 1
439 446 1
439 453 1
439 455 1
440 441 1
440 462 1
441 443 2
441 444 2
442 443 2
442 451 1
442 458 1
443 447 2
443 455 1
446 454 1
447 452 1
447 462 1
448 449 2
448 564 1
449 450 1
449 462 2
449 563 2
449 564 1
452 453 1
452 458 1
452 564 1
455 456 2
458 462 1
459 462 2
460 461 1
463 465 1
464 467 1
465 467 1
467 468 1
467 560 1
469 477 1
469 478 1
470 479 1
471 472 1
471 478 1
471 497 1
473 475 1
473 478 1
474 475 1
474 476 1
474 477 2
474 664 2
475 477 1
476 477 1
476 478 2
476 480 1
476 497 1
476 500 1
476 540 1
476 543 1
476 545 1
477 478 2
477 479 3
477 483 1
477 500 1
478 542 1
479 482 2
479 483 1
479 546 1
480 483 1
480 498 4
481 482 3
481 483 1
481 498 2
481 542 1
482 483 1
482 496 1
483 484 1
484 488 1
485 487 1
485 497 1
485 498 1
486 488 1
486 490 1
486 493 1
486 737 2
487 738 1
488 493 1
489 492 1
489 493 1
490 493 1
491 493 1
492 493 2
492 494 1
492 496 1
492 497 1
493 498 1
494 495 1
494 496 1
494 498 1
494 499 1
496 498 2
496 499 1
496 542 1
496 640 1
496 738 1
497 503 1
497 738 1
498 499 3
498 500 1
498 544 1
498 730 1
499 539 1
500 507 1
500 641 1
501 502 1
501 503 1
501 536 1
501 641 1
502 505 1
502 514 1
502 726 1
502 727 1
503 504 1
503 535 2
503 545 1
504 505 1
504 530 1
504 534 1
505 538 1
506 513 2
506 514 1
506 657 2
507 508 2
507 717 1
507 862 1
507 865 1
508 529 1
509 514 1
510 526 1
511 512 1
511 513 1
511 526 1
511 533 1
512 513 2
514 515 1
514 530 1
514 717 1
515 532 1
515 533 1
516 519 3
516 523 1
517 518 2
517 606 2
518 519 1
518 603 1
519 529 5
519 541 1
520 523 1
520 528 1
520 530 1
520 533 1
520 569 1
520 581 1
521 526 2
521 527 1
521 528 2
522 524 2
523 524 1
523 569 1
524 568 2
525 664 1
526 528 1
526 529 1
527 528 3
529 533 1
529 534 1
529 864 2
530 570 1
534 538 1
534 573 1
535 538 3
537 538 1
537 539 1
537 574 1
539 540 3
541 543 1
542 543 1
544 550 1
545 548 1
545 549 1
545 551 1
545 565 1
546 548 1
546 551 1
547 553 1
548 549 6
548 550 2
548 551 1
549 550 2
549 551 1
549 553 1
550 554 1
552 567 1
553 555 1
553 557 1
553 566 1
553 568 1
555 561 2
555 566 2
556 561 1
558 563 2
562 565 1
563 564 1
568 569 1
570 571 4
570 572 2
571 572 1
571 576 1
571 583 1
572 573 1
572 577 3
572 583 1
575 577 2
576 578 2
577 588 1
578 581 1
579 580 1
579 581 6
579 582 1
580 581 1
580 585 1
580 590 1
581 583 1
581 592 1
582 583 1
583 587 1
583 599 1
584 598 1
584 614 1
586 591 1
587 589 1
587 590 1
588 589 1
589 600 1
589 869 1
590 597 1
591 593 2
593 595 1
594 595 1
596 598 1
597 600 2
598 599 1
602 614 1
602 615 1
603 604 4
603 606 2
603 609 1
604 605 1
604 612 1
604 613 2
604 908 1
604 915 1
605 607 1
605 615 1
605 908 1
605 915 1
606 613 2
606 615 1
607 907 1
608 610 1
608 909 2
608 915 1
609 612 2
609 916 1
610 867 1
610 906 1
611 889 1
611 913 1
612 915 1
613 916 1
614 622 1
615 616 1
615 632 1
615 738 1
616 893 1
617 621 1
617 645 1
618 621 1
618 623 1
619 620 3
621 623 1
621 893 1
624 626 1
625 626 1
625 629 1
626 627 1
628 637 1
630 635 1
631 632 2
631 635 1
632 635 1
632 636 1
633 634 1
633 636 1
633 639 1
633 735 1
634 635 2
634 636 1
634 638 1
634 741 1
635 734 1
636 638 1
636 735 2
637 733 1
637 741 1
638 639 1
638 640 1
638 646 1
638 739 1
639 640 2
639 644 1
639 733 1
639 740 1
640 645 1
640 701 1
640 711 1
640 736 1
641 642 2
641 643 1
641 644 1
642 643 2
643 644 1
643 646 1
644 646 1
647 726 2
647 727 2
647 728 2
647 729 3
647 870 1
647 890 1
648 728 1
648 729 1
649 661 1
649 715 1
650 815 1
650 819 2
651 816 1
653 654 1
653 660 1
653 667 1
655 817 1
657 658 1
659 663 1
660 668 2
661 685 1
663 664 1
665 676 1
669 822 1
669 824 2
670 681 2
670 687 1
670 690 1
670 696 1
670 832 1
671 675 1
671 680 1
671 690 1
671 693 1
672 673 2
672 798 1
672 826 1
673 674 1
673 686 1
673 800 1
673 808 1
673 827 1
674 676 1
674 685 1
674 686 1
674 798 1
675 797 1
676 677 1
676 681 1
677 678 1
677 690 1
678 679 1
678 682 1
678 690 1
679 681 1
679 683 2
679 687 1
680 691 1
682 683 1
682 684 3
682 685 1
682 692 1
682 698 1
682 713 2
683 713 2
683 723 2
683 726 1
684 686 1
684 798 1
686 798 1
687 832 1
687 837 1
687 881 1
688 689 1
688 690 1
688 728 1
688 830 2
688 831 1
688 1014 1
689 690 2
689 693 1
689 831 1
689 1018 2
690 694 1
690 696 1
690 706 1
690 828 1
690 832 1
691 692 1
691 693 2
692 693 1
692 701 1
693 698 1
693 700 1
693 730 1
694 702 2
694 728 1
695 700 2
695 791 1
696 698 2
696 700 2
696 707 1
697 1017 1
698 699 1
698 704 1
698 707 1
698 732 1
699 709 1
699 742 1
699 794 1
700 701 1
700 711 1
701 702 2
701 734 1
702 703 1
702 708 1
702 792 1
702 796 2
703 741 1
703 742 1
703 747 1
704 732 1
704 742 1
705 706 1
705 707 2
705 929 2
706 707 1
706 711 1
706 926 1
706 928 1
706 929 1
707 708 2
711 930 1
713 714 1
713 721 2
713 881 1
714 873 1
715 725 1
716 720 1
718 869 1
720 869 1
720 876 1
720 877 1
721 875 1
722 723 1
722 827 1
722 874 2
723 726 1
723 880 1
724 878 1
725 869 1
726 728 1
727 870 1
728 730 1
728 736 1
728 883 2
729 737 1
729 738 1
729 740 1
730 731 1
730 738 1
730 741 1
731 740 1
731 741 2
733 734 1
733 736 1
733 890 2
734 735 1
734 737 1
736 737 1
736 739 2
736 740 2
737 738 2
739 741 1
742 748 1
743 744 1
743 746 1
743 747 2
743 750 1
744 747 3
744 794 1
745 788 1
746 747 1
747 749 1
748 749 1
748 751 1
749 750 1
749 751 2
749 788 1
749 790 1
749 793 1
750 752 2
752 756 1
752 759 1
752 760 1
753 760 1
754 755 2
755 757 1
755 790 1
756 757 1
756 758 1
758 759 1
758 761 1
758 766 1
758 768 1
759 760 1
760 768 1
760 770 1
761 763 1
761 770 1
762 763 1
762 765 1
763 765 3
763 770 1
764 765 3
764 772 1
765 766 1
765 767 1
765 768 1
767 769 1
767 770 1
767 772 1
767 784 1
769 774 1
770 771 1
770 774 1
771 772 1
773 774 2
773 775 1
774 776 1
774 780 1
776 779 1
777 778 2
777 782 1
779 781 2
780 781 1
780 782 1
780 784 1
781 783 2
782 783 4
784 786 1
785 786 2
785 787 1
785 788 1
786 787 1
786 788 1
786 789 1
787 788 1
787 793 1
788 789 1
788 794 1
789 795 1
790 793 1
791 793 1
792 794 1
792 795 2
793 795 1
795 796 1
798 801 1
798 806 1
798 810 1
798 814 1
798 822 2
799 804 1
799 808 1
800 802 1
802 806 2
802 807 1
802 810 2
803 816 1
803 821 1
805 808 1
805 814 2
806 807 1
808 810 1
810 811 1
811 821 1
811 823 1
812 825 1
812 877 3
813 814 1
815 816 1
816 819 1
816 820 1
817 820 1
821 822 1
821 833 2
823 826 1
824 826 1
825 829 1
826 828 1
827 828 1
828 829 1
829 830 1
829 833 1
829 837 1
830 831 1
831 1014 1
831 1015 1
831 1016 1
834 841 1
834 1016 1
835 836 1
835 838 1
836 837 1
836 841 1
836 879 1
838 840 2
839 845 1
839 850 1
839 859 1
839 860 2
841 1016 1
842 844 1
842 849 1
843 844 1
844 850 1
844 856 1
844 1016 1
844 1017 1
845 847 1
845 855 1
845 857 1
845 868 2
845 1021 1
846 855 1
846 887 1
847 852 1
847 855 1
847 888 1
848 1016 1
848 1017 1
849 850 1
849 859 1
849 860 1
850 853 1
851 853 2
851 854 1
851 855 1
851 886 1
853 855 1
853 856 1
854 855 2
854 867 2
858 860 1
858 867 1
858 868 2
858 871 1
859 868 1
860 865 1
861 862 1
861 868 1
862 870 2
863 868 1
867 871 1
868 871 1
869 870 3
870 871 2
871 872 1
871 879 1
872 873 1
873 874 2
873 876 1
873 879 2
875 876 1
877 881 1
878 879 1
879 881 1
880 881 1
881 882 1
882 883 1
883 887 1
883 889 1
884 885 1
884 894 1
884 1018 1
885 886 1
885 889 4
885 924 2
885 1018 1
886 887 2
886 901 1
886 924 1
886 947 1
889 893 1
889 894 2
891 894 1
891 895 1
891 927 1
892 899 1
892 900 2
893 894 1
893 898 2
893 899 1
893 900 1
894 895 3
896 897 2
896 898 1
896 904 1
896 905 1
897 898 2
898 899 1
899 924 1
900 904 1
901 908 1
901 917 1
902 903 1
902 907 1
902 909 1
902 913 1
902 914 1
903 904 1
903 905 1
904 905 1
904 915 1
904 918 1
905 906 1
905 907 1
905 909 1
905 913 1
905 914 1
906 909 1
906 913 1
908 914 2
909 910 2
909 913 1
909 914 1
910 924 1
910 925 2
912 913 1
912 917 1
915 918 1
916 917 1
917 924 1
918 924 1
920 925 1
921 938 1
922 931 1
924 937 2
927 928 1
927 1021 1
928 929 1
931 932 1
933 1021 1
934 936 1
934 937 1
936 937 1
938 945 1
939 941 1
939 942 1
940 941 1
940 942 1
940 943 1
940 951 1
941 942 2
941 1009 1
941 1010 1
942 944 1
942 956 1
942 1010 2
943 944 2
943 951 1
943 952 1
943 954 1
943 1010 1
944 945 2
944 951 2
945 946 1
945 947 1
945 948 1
945 954 1
945 987 1
947 948 1
947 954 1
947 959 2
947 979 1
948 1010 1
949 950 2
949 964 2
949 968 1
949 972 2
949 978 1
950 960 2
950 977 1
952 955 1
952 1019 2
953 954 1
953 975 1
953 981 1
954 979 1
955 956 1
956 974 1
960 961 1
961 973 1
961 1006 1
962 975 1
962 986 2
963 964 1
965 972 2
965 999 1
967 971 1
967 999 1
967 1000 1
968 971 1
968 1000 2
969 972 1
969 978 1
969 985 1
970 971 1
970 972 1
970 978 1
970 1000 1
970 1001 1
970 1006 1
972 1000 1
973 974 1
975 986 1
976 978 1
976 985 1
976 987 1
977 1000 1
978 979 2
978 980 2
978 987 1
979 986 2
980 987 1
982 983 1
983 984 1
987 1005 1
988 989 1
988 996 1
988 1001 1
988 1002 1
989 1004 1
989 1006 1
991 992 2
993 998 1
996 998 1
996 1000 1
998 1000 1
998 1004 1
998 1008 1
999 1000 1
1001 1005 1
1002 1004 1
1002 1005 1
1003 1013 1
1005 1011 1
1008 1011 3
1011 1012 1
1014 1015 1
1014 1017 1
1015 1016 1
1019 1021 1
1020 1021 1
