3 79 1
3 83 1
3 85 5
3 86 10
4 79 1
4 83 1
4 85 3
4 86 4
4 88 2
4 89 1
6 86 1
7 33 3
7 64 1
7 78 1
7 85 6
7 86 1
8 32 2
8 33 6
8 34 1
8 62 7
8 63 2
8 64 1
8 78 4
8 79 4
8 80 3
8 86 1
9 63 1
9 79 2
9 82 1
9 83 1
9 88 5
9 89 5
11 87 6
11 88 2
12 78 1
12 88 6
13 66 1
13 67 1
13 71 1
13 72 5
13 74 3
13 75 2
13 80 4
13 87 2
13 88 1
13 89 8
14 72 2
14 74 4
14 75 2
14 80 2
14 88 5
15 66 1
15 68 3
15 69 3
15 74 1
17 83 2
18 82 1
18 84 4
18 85 3
42 68 7
43 68 5
62 108 2
80 67 4
80 98 1
80 100 3
80 107 6
80 108 2
81 67 2
81 68 2
81 85 1
81 98 1
81 100 1
81 107 3
82 84 9
82 107 3
83 84 4
87 103 1
88 100 1
88 101 3
88 103 1
89 104 1
90 104 1
97 97 1
97 98 2
97 99 3
97 100 8
98 100 4
113 104 4
116 100 2
117 101 2
