10 10 1
11 9 1
11 10 2
11 16 2
34 16 2
41 9 1
41 12 1
42 10 5
42 11 2
42 12 6
43 10 1
43 11 1
43 13 1
44 11 1
45 10 1
45 11 6
45 13 2
47 9 1
47 10 2
47 12 1
48 10 1
48 13 1
50 14 2
76 17 1
77 17 1
122 34 2
122 35 3
123 35 5
134 26 3
134 33 1
135 32 1
135 33 1
136 24 4
136 33 4
137 23 1
137 24 2
137 27 1
137 33 1
138 27 6
138 28 2
139 27 1
139 28 4
139 29 4
140 28 5
140 29 5
140 30 3
141 28 2
141 29 2
141 30 3
142 25 1
142 26 1
142 33 4
142 34 3
143 24 6
143 25 7
143 34 4
143 35 1
144 24 1
144 35 2
145 35 5
145 36 5
146 36 5
146 37 1
