334 1467 1
350 1471 1
351 1457 1
398 1475 1
401 1459 1
412 1456 1
421 1451 1
424 1936 1
429 1443 1
433 1464 1
434 1455 1
439 1941 1
444 1448 1
444 1458 2
445 1470 1
448 1476 1
450 1459 1
459 1940 1
459 1941 1
732 1642 1
734 2528 1
736 2512 1
736 2548 2
737 2489 1
737 2512 1
737 2554 1
737 2558 1
738 1621 1
738 2556 1
741 1581 1
742 1643 1
743 1642 1
744 2505 1
744 2631 1
745 2557 1
745 2639 1
746 1583 1
747 1575 2
747 1584 2
748 1555 1
749 1559 1
751 1552 1
751 1556 1
753 1553 2
758 1555 1
758 1598 1
758 1602 1
759 1597 1
760 1929 1
765 1918 1
766 1929 1
767 1928 1
768 1924 1
769 1941 1
782 1939 1
782 1942 1
787 1897 1
789 1942 1
804 1493 1
809 1468 1
809 1491 1
812 1491 1
972 1486 1
1035 1479 1
1035 1490 1
1036 1418 1
1036 1479 2
1036 1480 1
1121 1490 1
1148 1483 1
1182 1529 1
1183 1525 1
1760 1531 1
1785 1525 1
1836 1564 2
1837 1577 1
1862 1543 1
2433 2706 1
2434 2706 1
2435 2709 1
2436 2709 1
3686 3774 1
3689 3775 1
3889 1538 1
3915 1538 1
4348 2763 1
4351 3814 1
4353 3806 1
4358 2756 1
4358 2767 1
4359 2767 1
4359 2782 1
4382 3809 2
4394 3808 1
4396 3808 1
4424 2728 2
4472 2762 1
4598 4237 1
4604 4240 2
4630 4447 1
4631 4243 1
4633 4246 2
4633 4254 1
4633 4255 1
4648 3872 1
4650 3776 1
4658 2763 1
4659 3793 1
4661 3827 1
4662 3870 1
4663 3869 1
4664 3826 1
4666 3870 1
4667 3873 1
4667 3885 1
4670 3871 1
4671 3871 1
4676 3772 1
4676 3873 1
4678 4354 1
4679 4422 1
4680 3758 1
4680 3772 1
4680 4358 1
4680 4361 2
4681 4354 1
4682 3876 1
4683 2800 1
4684 3772 1
4689 3875 1
4690 4430 1
4690 4431 1
4691 3869 1
4692 3778 1
4692 3874 1
4694 2808 1
4694 3771 1
4694 3774 1
4695 2788 1
4695 3764 1
4695 3776 1
4695 3852 1
4696 4326 1
4697 2786 1
4697 2805 1
4697 3771 1
4697 3824 1
4697 3866 1
4698 2815 2
4703 3810 2
4713 2761 1
4718 2762 1
4723 3791 1
4723 3811 1
4725 3801 1
4729 3801 1
4732 3797 1
4737 3808 1
4738 3789 1
4740 3812 1
4781 4220 1
4783 4238 1
4783 4239 1
4784 4238 2
4786 4246 1
4797 2999 1
4798 2997 1
4799 3248 1
4801 3256 1
4803 4207 2
4808 3253 2
4815 4216 1
4823 4217 1
4825 4225 1
4829 4214 1
4829 4216 1
4831 2691 1
4832 2691 1
4835 2707 1
4836 2707 1
4838 2709 1
4841 2727 1
4841 2760 2
4843 2727 1
4843 4174 1
4846 2596 1
4874 2724 3
4874 2726 1
4874 2727 1
4876 2576 1
4879 2728 1
4879 2747 1
4879 2760 1
4881 2753 1
4886 2773 1
4886 2774 1
4887 2767 1
4887 2775 1
4887 2777 1
4888 2756 1
4888 2757 1
4889 2751 1
4891 3005 1
4892 4103 1
4893 4103 1
4893 4104 1
4893 4205 1
4893 4209 1
4894 2437 1
4894 2446 1
4894 4189 1
4895 2727 1
4895 4206 1
4920 3824 1
4922 2760 1
4922 3930 1
4922 4092 1
4923 2785 1
4923 3827 1
4924 3826 2
4925 2888 1
4926 2887 1
4928 3826 1
4929 2996 1
4930 2903 1
4935 3859 2
4936 3825 1
4936 3827 1
4936 3868 1
4938 3860 1
4939 3845 1
4952 3772 1
4960 2918 1
4965 2774 2
4965 2785 1
4965 3803 1
4969 2762 1
4985 2708 1
4985 2726 1
4987 2703 1
4987 2704 1
4987 2711 1
4990 2703 1
4990 2717 1
4992 2720 1
4993 2714 1
4993 2715 1
4996 2545 1
4998 2534 1
4999 2628 1
5001 2532 1
5001 2628 1
5006 2620 1
5006 2621 1
5006 2705 1
5008 2505 1
5010 2626 1
5012 1574 1
5014 2641 1
5014 2644 1
5015 2631 1
5016 1563 1
5017 1574 2
5018 1562 1
5019 1585 1
5024 2639 1
5035 2540 1
5039 2718 1
5040 2578 2
5040 2708 1
5041 2579 1
