50 189 1
51 806 1
54 95 1
55 57 1
55 167 1
56 64 1
56 167 1
56 197 1
56 832 1
57 58 1
57 94 1
59 135 1
59 140 1
60 61 1
60 68 1
60 695 1
60 727 1
60 768 1
61 81 1
61 696 1
61 710 1
61 742 1
62 77 1
62 690 1
62 717 1
63 67 1
63 713 1
64 141 1
65 66 1
65 130 1
66 696 2
66 712 1
66 713 1
66 716 1
67 74 1
68 71 1
68 72 1
68 73 1
68 76 2
69 768 1
70 728 1
71 74 1
71 76 1
71 78 1
72 73 1
72 633 1
72 690 1
73 94 1
74 77 1
75 76 2
75 77 1
76 81 1
76 651 1
77 78 1
77 83 1
77 689 1
78 710 1
78 719 2
78 722 1
79 719 1
79 722 1
80 721 1
80 881 1
80 882 1
80 884 2
81 742 4
81 1165 1
82 83 3
85 86 1
85 87 1
85 88 1
85 89 1
85 1191 1
86 87 1
86 92 1
86 488 1
87 88 1
87 89 3
88 90 1
88 487 1
89 487 1
90 176 1
91 96 2
91 484 1
91 831 1
92 93 2
92 96 1
92 867 1
93 94 1
93 165 1
93 831 1
94 95 1
95 193 1
96 97 1
96 109 1
96 165 1
96 868 1
97 99 1
97 167 1
98 867 1
98 868 1
98 1564 1
98 1565 1
99 1344 1
99 1566 1
100 101 1
100 102 1
100 104 1
100 114 1
100 1091 1
101 102 1
101 851 1
101 869 1
101 1138 1
101 1566 1
102 713 1
102 1564 1
102 1566 1
104 109 1
104 1138 1
104 1338 1
106 107 1
106 114 1
106 851 1
107 114 2
107 1142 1
107 1145 1
108 110 1
108 117 1
108 1101 2
108 1102 2
108 1105 1
108 1143 1
108 1146 2
109 858 1
109 1134 1
109 1143 1
110 861 1
110 1135 1
110 1136 1
111 1148 2
111 1155 1
112 114 1
113 1134 1
113 1143 1
113 1144 1
114 115 1
114 120 1
114 1146 1
115 116 1
115 118 2
115 120 2
115 121 1
115 129 1
115 1101 1
115 1104 1
115 1150 1
115 1344 1
116 117 1
116 1104 1
116 1146 1
117 1146 1
117 1147 1
119 121 2
119 124 1
119 1099 2
120 121 1
120 1377 1
121 122 1
122 1103 1
122 1105 1
122 1136 1
122 1143 4
124 131 3
124 1136 1
125 126 2
125 864 1
126 862 1
127 843 1
127 860 1
127 1129 1
128 155 1
129 150 2
129 151 1
129 216 1
130 847 1
131 159 1
131 161 1
131 839 1
132 839 1
132 1140 1
133 136 1
133 149 1
133 854 1
134 143 2
138 838 1
139 144 1
141 839 1
143 832 1
144 145 2
144 146 2
144 197 1
146 161 1
146 856 1
147 163 1
147 834 1
147 836 1
148 150 1
149 151 1
149 159 2
150 151 1
150 153 1
150 162 1
150 215 1
151 154 1
151 159 1
152 162 1
152 163 3
152 835 1
153 162 1
154 162 1
154 164 1
155 390 1
155 399 1
156 214 1
156 390 1
156 1127 1
157 393 1
157 1140 1
158 159 1
158 160 1
159 161 2
159 389 2
160 402 1
162 163 1
162 201 1
165 205 2
165 385 1
165 405 1
165 831 2
165 832 1
166 630 1
166 838 1
167 196 1
168 650 1
169 657 1
169 794 1
170 181 1
170 188 2
170 191 1
170 194 1
170 666 2
171 173 1
171 174 2
171 185 2
171 191 1
172 173 3
172 649 1
172 650 1
173 677 2
174 177 1
175 182 1
176 180 1
176 183 1
178 826 1
179 814 1
179 824 2
180 184 2
180 233 1
182 184 1
182 189 1
182 227 1
182 816 2
183 184 1
183 686 1
184 824 1
184 826 1
185 814 1
186 806 1
189 191 1
189 793 1
190 191 1
190 827 1
191 194 1
191 196 1
191 384 1
191 806 1
191 808 1
193 194 1
193 480 3
193 816 1
193 829 1
194 482 1
196 828 1
198 199 1
198 835 1
199 200 2
199 208 1
199 211 1
199 835 1
200 201 2
200 211 1
200 216 1
200 377 1
200 389 1
201 203 2
201 205 1
201 377 2
201 829 1
201 833 1
202 405 1
203 855 1
204 208 1
204 406 1
205 206 1
206 378 2
206 405 1
206 833 1
207 208 1
207 217 1
207 833 1
208 210 1
208 216 1
208 835 2
209 217 1
209 218 2
210 211 1
210 217 1
212 216 1
213 830 1
217 218 1
217 369 1
217 798 1
218 220 1
218 376 1
220 369 1
221 226 1
221 227 1
221 360 1
222 224 2
225 226 2
225 232 1
225 244 1
225 359 1
225 361 2
225 821 1
226 820 1
227 232 4
228 229 1
228 233 1
229 242 1
229 826 1
231 363 2
233 244 1
234 235 2
234 236 1
234 244 1
234 298 1
235 298 2
235 642 1
236 237 1
236 238 1
237 247 1
237 256 2
238 250 1
238 293 1
239 297 1
240 242 1
240 244 1
240 250 2
240 251 1
242 285 2
243 244 1
247 668 2
248 260 1
249 255 1
249 256 1
252 265 1
252 270 1
252 299 1
253 255 1
254 643 1
255 261 1
256 257 1
257 258 1
258 263 1
262 263 1
262 264 1
265 266 1
272 284 1
272 286 1
273 274 1
274 286 1
274 290 1
274 292 1
275 277 1
275 280 1
275 285 1
277 281 2
277 287 2
280 284 1
282 284 1
282 295 1
283 285 2
283 286 2
284 295 1
287 289 1
288 290 2
289 292 1
289 294 1
290 293 1
292 293 2
292 294 1
293 294 1
294 296 1
296 297 1
297 301 2
297 302 1
297 313 1
297 434 2
298 301 1
298 436 1
299 300 1
299 304 1
299 306 1
301 302 1
301 338 1
301 436 1
303 305 1
303 306 1
304 305 1
304 306 1
304 317 1
305 308 1
306 307 2
306 309 1
306 310 2
306 436 1
307 435 1
307 438 1
307 473 1
307 474 1
309 314 1
309 433 1
311 312 1
311 313 2
311 433 1
311 434 1
312 435 1
313 314 1
314 315 1
315 333 1
315 432 1
317 318 1
317 321 1
317 432 1
318 335 1
320 321 2
320 433 1
321 332 2
321 429 1
321 431 1
323 324 1
324 429 2
324 430 1
325 334 1
326 327 2
326 328 1
327 337 1
329 330 2
330 331 1
330 333 2
334 335 1
334 433 1
335 347 1
335 349 1
335 429 1
337 338 1
338 431 2
340 427 1
341 343 1
341 345 1
342 344 1
342 415 1
342 422 1
343 345 2
344 345 1
344 346 4
344 421 1
345 346 3
346 347 1
346 353 3
347 350 1
347 352 1
349 350 1
349 351 1
350 416 1
350 815 1
351 354 1
351 824 1
357 358 1
357 825 2
358 363 1
362 363 1
362 365 1
364 822 3
366 369 1
366 805 1
367 369 1
368 822 1
369 381 1
370 797 2
371 812 1
372 373 1
373 812 1
376 377 2
377 837 1
378 404 2
379 380 1
380 404 1
380 405 1
380 829 2
381 382 1
383 384 1
384 415 1
384 814 1
386 387 1
388 396 1
388 404 2
391 1116 1
391 1120 1
392 394 2
392 844 1
393 867 1
393 1123 2
393 1125 1
395 396 1
395 1122 1
395 1127 2
396 400 1
397 398 1
397 399 1
397 1120 1
398 1116 2
398 1121 1
399 842 1
400 402 1
400 1120 1
400 1121 1
401 1117 2
405 406 1
406 407 1
406 409 1
408 409 1
408 412 3
409 412 2
411 414 1
412 413 1
414 415 1
414 418 1
414 419 2
415 416 2
416 418 2
418 419 1
420 421 2
420 422 1
421 425 1
421 432 1
422 423 2
422 425 3
424 425 1
425 426 5
430 434 1
430 824 1
432 434 1
433 824 1
435 437 1
436 440 1
437 458 1
437 643 1
438 439 1
439 440 1
439 441 1
440 441 1
440 444 1
441 442 1
443 447 1
444 447 1
444 460 2
445 579 1
447 455 1
448 457 1
450 564 1
452 456 1
452 569 1
452 570 1
452 577 1
454 455 1
454 456 1
454 576 1
455 462 1
455 580 1
455 585 1
456 460 1
456 580 1
457 462 1
458 640 1
458 646 2
459 463 1
459 470 1
460 463 1
462 464 2
462 466 1
463 584 1
464 467 1
465 467 1
468 469 1
470 471 1
471 472 2
474 477 1
475 477 1
476 477 1
479 481 2
480 481 1
480 492 1
482 483 1
482 484 1
483 484 2
483 485 2
484 485 4
484 492 1
485 491 2
486 487 1
486 488 1
486 491 1
486 1191 1
487 1184 1
488 1182 1
488 1190 1
489 494 1
489 624 1
490 493 1
490 649 1
490 651 1
491 495 1
491 648 2
491 650 1
491 1188 1
492 493 1
492 495 2
492 496 2
492 499 1
492 595 1
492 597 1
493 494 1
494 495 1
495 496 1
495 497 1
495 594 1
495 595 1
495 596 1
496 497 2
496 1187 1
496 1188 1
497 498 1
498 499 3
498 500 1
498 587 2
499 500 1
499 503 1
500 591 1
500 592 1
500 593 1
501 502 1
501 515 1
502 503 1
502 580 2
502 1179 1
503 504 1
503 505 2
503 507 1
503 516 1
505 506 1
505 513 1
507 508 1
508 509 1
508 593 1
508 594 1
509 510 1
510 512 1
510 513 2
513 515 1
513 516 1
514 515 1
515 516 2
519 522 1
519 523 1
520 521 2
521 530 1
521 531 2
522 523 1
523 529 1
524 525 1
526 527 1
526 530 1
527 530 1
528 533 1
529 530 1
529 543 2
530 532 1
531 533 1
532 533 1
532 534 1
533 536 1
533 537 1
533 540 1
534 537 1
534 540 1
535 536 1
536 537 1
537 538 1
537 539 2
538 539 1
538 541 1
539 540 1
539 541 2
539 542 2
540 543 2
541 542 1
543 544 1
544 545 1
544 548 1
545 546 1
546 547 1
546 554 1
547 548 2
548 553 1
549 553 2
550 560 1
550 576 1
551 552 2
551 553 1
552 553 1
556 557 2
556 559 1
557 559 1
558 572 1
559 576 1
560 566 1
560 574 1
561 565 1
561 566 1
562 564 1
563 580 1
564 574 1
567 569 1
567 573 1
569 570 3
569 572 1
574 576 1
575 576 2
575 578 1
576 577 1
577 578 1
581 584 1
582 583 1
583 584 3
584 585 1
584 588 1
585 636 1
586 591 1
586 629 1
587 602 1
587 636 1
588 589 1
591 592 1
591 600 1
591 601 1
592 626 1
593 601 1
594 595 2
594 599 1
595 598 1
595 600 1
595 629 1
595 635 1
596 597 1
596 652 1
597 598 2
597 599 1
597 630 1
597 631 1
598 603 1
599 627 2
599 628 1
600 601 1
600 603 1
600 604 1
601 603 1
601 732 1
602 603 1
603 625 1
604 619 1
605 615 1
605 622 1
605 739 2
607 615 1
607 778 1
608 614 1
608 713 2
608 773 1
608 780 1
609 771 1
610 618 2
611 735 1
613 620 1
614 771 2
615 618 2
617 618 2
617 619 2
619 620 1
621 623 1
623 624 1
624 649 1
625 633 1
626 628 1
627 628 1
629 637 1
632 634 1
634 636 1
634 639 1
635 636 1
635 637 1
637 639 1
640 642 1
640 643 1
640 644 1
641 643 1
642 647 1
642 652 1
643 648 3
644 649 1
646 648 1
647 648 1
648 676 1
649 650 1
649 652 1
650 652 1
650 653 1
651 653 1
651 785 1
651 1187 1
651 1215 1
653 661 2
654 787 1
655 784 1
655 785 1
656 662 1
656 664 3
657 806 1
658 670 1
659 661 2
660 670 2
662 687 1
663 687 1
663 787 1
664 665 1
664 790 1
665 678 3
665 687 1
666 682 1
669 775 1
671 684 1
671 686 1
674 685 1
675 679 1
676 677 1
676 678 2
679 680 1
687 689 1
689 696 1
689 784 1
690 695 1
690 713 1
691 692 1
691 711 1
691 716 1
692 710 1
692 712 1
693 694 2
693 872 1
694 871 1
694 882 1
696 703 1
697 714 1
698 699 1
698 702 1
698 714 3
698 727 1
699 700 1
699 701 2
699 855 1
699 1156 2
700 706 1
700 849 3
701 715 1
701 849 1
702 869 1
702 1155 1
703 712 1
703 715 1
703 720 1
703 725 1
703 854 1
703 855 1
704 709 1
705 706 2
705 908 1
705 909 1
706 707 1
706 894 1
706 909 1
707 904 1
707 1152 1
709 869 1
709 870 1
709 876 1
713 876 1
714 715 1
714 870 1
715 848 1
715 853 2
718 727 1
719 743 1
720 744 1
721 725 1
722 751 1
722 753 1
723 886 1
724 752 1
724 897 1
725 881 1
727 755 2
730 770 1
730 771 2
731 767 1
731 769 1
733 737 1
733 741 1
735 772 1
738 741 1
738 742 1
739 740 1
740 751 1
741 742 3
742 753 1
742 885 1
744 750 2
744 883 2
744 898 1
745 747 1
745 752 1
745 758 1
746 747 1
746 952 1
747 748 1
747 952 1
748 757 1
749 750 1
749 757 1
749 758 1
749 884 1
750 758 1
751 756 2
752 892 2
754 883 1
755 769 1
756 758 2
756 763 1
759 760 1
761 766 1
762 879 1
763 769 1
764 765 1
767 768 1
768 780 1
769 770 1
769 780 1
771 780 1
773 774 1
773 776 1
773 778 1
781 788 1
781 789 1
783 784 1
783 796 2
784 787 1
791 793 3
791 796 1
791 803 1
792 793 1
793 802 1
793 808 1
796 801 1
796 807 2
797 808 1
797 811 1
798 803 1
799 800 1
799 803 2
800 803 2
800 837 1
801 803 1
801 808 1
802 803 2
803 837 1
804 805 1
804 813 2
805 829 1
805 839 2
807 809 1
810 812 1
811 812 1
815 822 2
816 822 1
817 818 1
821 824 1
822 825 1
823 824 1
823 826 1
824 825 1
829 831 1
830 835 1
831 834 1
832 837 1
832 838 1
833 834 1
833 836 1
834 835 2
834 836 1
840 841 2
841 847 1
842 852 1
844 861 1
844 1121 1
844 1139 1
845 857 1
845 1138 1
847 852 1
847 865 1
848 855 1
849 853 2
850 852 1
850 856 1
850 873 2
851 870 1
853 1142 1
854 856 1
856 857 1
856 859 1
857 865 1
857 1137 1
858 1142 1
859 860 1
859 1129 1
859 1130 2
859 1139 1
860 863 1
860 864 1
860 1140 1
861 1136 1
861 1144 1
862 1102 1
862 1113 1
862 1133 1
863 1102 1
863 1133 1
864 1137 1
865 867 1
865 1138 1
865 1152 1
866 868 1
866 882 1
866 1153 1
866 1339 1
867 868 1
867 869 1
867 1152 2
867 1153 1
868 870 1
868 872 1
868 877 1
868 878 1
869 872 2
869 875 1
869 1155 1
869 1156 1
870 871 1
870 872 1
870 875 1
870 876 2
870 877 1
871 872 1
872 873 1
878 879 1
878 884 1
879 883 2
879 885 1
879 898 1
880 888 1
880 895 1
881 884 1
881 887 1
882 883 1
883 884 1
883 885 1
883 1160 1
884 886 1
884 1160 4
885 886 1
885 1161 1
885 1167 1
886 893 1
886 939 1
887 890 1
889 890 1
889 939 1
890 891 1
890 940 1
890 949 1
892 1326 1
893 913 1
894 901 1
895 910 1
899 900 1
900 915 1
901 910 1
901 914 1
901 1159 1
902 906 1
902 1148 1
903 904 1
903 1148 1
903 1340 1
904 1338 2
904 1341 1
906 907 2
907 1019 1
907 1148 1
907 1150 1
908 1148 1
908 1149 1
908 1150 2
911 912 2
911 914 1
911 915 1
912 915 1
912 1327 1
913 916 1
913 926 1
913 930 1
914 915 1
914 923 1
918 919 1
918 922 1
918 929 1
919 1299 1
919 1314 1
920 921 1
920 991 1
920 993 1
921 935 1
921 946 1
921 981 1
921 982 1
922 934 2
922 936 1
922 965 1
922 973 1
923 995 1
923 1301 1
924 925 1
924 926 1
924 930 1
924 933 1
924 996 1
924 1328 1
926 927 1
928 933 1
928 1329 1
929 930 1
929 1161 1
930 931 4
932 940 1
934 940 1
935 951 1
935 952 1
936 972 1
939 963 2
939 1329 2
940 941 2
940 948 2
940 949 1
942 945 1
942 962 2
943 963 2
943 965 2
943 966 2
943 972 1
943 975 1
944 947 1
944 962 1
944 966 2
945 953 1
945 961 1
945 962 1
946 947 2
947 961 1
948 950 1
948 951 3
950 1330 1
951 953 1
952 953 1
952 954 1
952 955 1
953 960 1
956 958 1
957 958 1
958 959 1
963 971 2
964 965 1
964 984 1
965 970 1
966 975 1
967 968 2
967 969 1
971 985 2
973 981 1
973 993 1
973 1305 1
973 1306 2
973 1314 1
974 988 1
975 977 1
978 979 1
979 1304 1
980 982 1
986 987 1
986 988 2
986 992 1
987 1264 1
989 1265 1
989 1266 1
990 1265 1
990 1266 1
990 1267 1
991 1267 1
992 1261 2
992 1279 1
992 1305 1
993 1164 1
994 997 2
994 1296 2
995 1164 1
996 1265 1
996 1512 1
997 1296 1
997 1524 1
998 999 1
998 1161 1
998 1515 2
999 1000 1
999 1002 2
999 1007 1
999 2149 1
1000 1001 1
1000 1002 1
1000 1003 2
1000 1004 1
1000 1006 1
1000 1007 1
1001 1002 1
1001 1523 2
1002 1003 1
1002 1516 1
1003 1161 1
1003 1517 1
1003 1553 1
1004 1008 1
1004 2153 1
1005 1009 1
1005 1090 1
1005 2149 1
1006 1007 2
1006 1012 1
1007 1008 3
1007 1515 1
1008 1150 1
1008 1394 1
1008 2154 1
1009 1024 1
1009 1344 1
1009 2155 2
1010 1011 1
1010 1024 1
1010 1382 1
1011 1015 2
1011 1016 1
1011 1023 1
1011 1037 1
1012 1016 1
1012 1023 1
1012 1040 1
1014 1039 2
1014 1395 2
1015 1017 1
1015 1038 1
1015 1039 1
1015 1393 1
1016 1040 1
1017 1021 1
1017 1390 1
1017 1546 1
1018 1021 2
1018 1326 1
1019 1021 1
1019 1386 1
1019 1390 2
1020 1024 1
1020 1382 1
1021 1382 1
1021 1389 1
1021 1390 1
1022 1023 1
1022 1343 1
1022 1391 1
1022 1429 1
1022 1441 1
1023 1025 1
1023 1027 1
1023 1382 1
1024 1089 1
1024 1150 1
1024 1382 1
1024 1386 2
1024 1390 1
1025 1026 2
1025 1028 1
1025 1029 2
1025 1064 2
1026 1027 1
1026 1028 1
1026 1050 1
1026 1094 2
1027 1096 1
1027 1098 1
1027 1572 1
1028 1044 1
1028 1094 1
1028 2164 1
1029 1030 1
1029 1094 1
1030 1035 1
1030 1066 1
1032 1033 1
1032 1034 1
1032 1095 1
1032 1595 1
1033 1098 1
1034 1098 1
1035 1835 1
1035 1843 2
1037 1043 2
1037 1384 1
1038 1042 1
1038 1045 2
1038 1046 2
1038 1048 1
1038 1592 1
1039 1040 1
1039 1095 1
1039 1393 1
1039 1443 2
1039 1444 1
1039 1641 1
1040 1424 1
1040 1427 1
1041 1042 2
1041 1048 2
1041 1425 1
1041 1581 1
1041 1843 1
1042 1045 1
1042 1047 1
1042 1425 1
1042 1592 1
1042 1595 1
1043 1367 1
1043 1381 1
1045 1046 1
1046 1426 1
1048 1426 1
1049 1050 1
1049 1095 1
1049 1592 1
1049 2164 1
1050 1586 1
1050 1589 1
1050 1591 1
1050 1599 1
1051 1580 1
1051 1604 2
1052 1053 1
1053 1054 1
1053 1578 1
1053 1593 1
1054 1065 1
1054 1409 1
1054 1414 1
1054 1831 1
1055 1060 1
1055 1594 1
1056 1069 1
1056 1071 1
1056 1078 1
1056 1602 2
1056 1844 1
1057 1058 2
1057 1843 1
1057 1844 2
1058 1059 1
1058 1830 1
1059 1060 1
1059 1846 1
1059 1847 1
1059 1876 1
1060 1409 1
1060 1877 1
1061 1080 2
1061 1590 1
1061 1835 1
1061 1843 1
1061 1845 1
1062 1063 2
1062 1067 1
1062 1577 1
1062 1834 2
1063 1068 1
1063 1080 1
1063 1409 2
1063 1830 1
1064 1065 1
1064 1067 2
1064 1093 1
1064 1407 1
1065 1066 1
1065 1831 1
1066 1068 1
1066 1407 1
1066 1426 1
1066 1592 1
1066 1834 3
1066 1836 1
1067 1407 1
1067 1589 1
1067 1590 1
1068 1409 1
1068 1582 1
1069 1080 1
1069 1599 1
1069 1603 1
1070 1076 1
1070 1415 1
1070 1600 1
1070 1637 1
1070 1830 1
1071 1074 1
1071 1076 1
1071 1844 1
1071 1848 1
1071 1880 1
1071 1891 1
1072 1073 1
1072 1075 1
1072 1889 1
1072 1890 2
1073 1879 1
1073 1880 2
1073 1881 1
1074 1075 2
1074 1077 1
1074 1880 2
1074 1889 2
1074 1891 1
1075 1079 1
1075 1879 1
1075 1880 1
1075 1891 2
1076 1077 1
1076 1078 1
1076 1846 1
1077 1847 1
1077 1892 2
1078 1601 1
1078 1847 1
1080 1426 1
1081 1425 1
1081 1586 1
1082 1091 1
1083 1089 1
1083 1093 1
1083 1099 1
1083 1380 1
1083 1386 2
1084 1093 1
1084 1364 1
1084 1379 1
1085 1388 1
1086 1380 2
1086 1835 1
1087 1088 2
1087 1097 1
1087 1362 1
1088 1089 1
1088 1379 1
1089 1096 1
1090 1091 3
1090 1093 1
1090 1149 1
1090 1342 1
1090 2155 1
1091 2153 1
1094 1098 1
1094 1574 1
1094 1592 1
1095 1441 1
1097 1098 1
1097 1355 1
1097 1380 1
1098 1099 1
1098 1378 2
1098 1379 1
1099 1100 1
1100 1146 1
1100 1345 2
1100 1346 1
1100 1364 1
1101 1102 1
1101 1137 1
1101 1347 1
1102 1347 1
1102 1349 1
1104 1146 1
1105 1134 2
1106 1133 1
1106 1358 3
1106 1359 3
1107 1110 1
1107 1114 1
1107 1131 1
1107 1133 1
1107 1359 2
1108 1131 1
1109 1113 1
1109 1352 1
1110 1112 1
1110 1131 2
1110 1132 1
1110 1356 1
1110 1357 1
1111 1114 1
1112 1352 1
1113 1131 1
1114 1117 1
1115 1120 1
1115 1125 1
1116 1117 1
1116 1121 1
1118 1119 3
1121 1126 2
1123 1127 1
1123 1129 2
1124 1128 1
1125 1129 1
1127 1128 1
1129 1130 1
1130 1357 1
1131 1132 1
1132 1143 1
1132 1347 1
1133 1134 1
1134 1143 1
1135 1138 1
1135 1140 1
1139 1141 1
1140 1141 2
1143 1145 1
1146 1147 1
1146 1148 2
1149 1344 2
1150 1340 3
1150 1542 1
1151 1154 1
1154 1158 1
1155 1156 1
1155 1157 1
1157 1158 2
1162 1169 1
1163 1516 1
1164 1165 2
1164 1265 1
1165 1526 1
1166 1172 2
1167 1168 1
1167 1169 1
1168 1171 1
1170 1172 1
1170 1257 1
1170 1518 1
1170 1525 1
1171 1517 1
1172 1175 1
1172 1176 1
1172 1517 1
1172 1523 1
1173 1520 1
1174 1518 1
1174 1520 1
1174 1530 1
1174 1531 1
1175 1530 1
1176 1178 1
1177 1178 1
1177 1179 1
1177 1183 1
1177 1192 1
1178 1215 1
1179 1185 1
1180 1216 1
1181 1182 1
1181 1214 1
1181 1220 1
1183 1184 1
1183 1185 3
1183 1186 2
1183 1191 1
1183 1192 1
1184 1185 1
1184 1191 1
1185 1189 1
1185 1190 1
1185 1197 1
1186 1189 2
1187 1188 2
1187 1217 1
1189 1190 1
1189 1193 2
1189 1194 1
1190 1191 1
1190 1193 2
1191 1192 1
1192 1193 1
1193 1203 1
1193 1211 1
1193 1542 2
1194 1206 1
1195 1196 1
1195 1204 1
1196 1197 1
1196 1210 1
1198 1216 1
1198 1554 1
1200 1201 1
1200 1208 1
1201 1204 3
1201 1208 2
1202 1203 1
1203 1533 1
1203 1537 1
1204 1521 1
1204 1537 1
1205 1214 1
1206 1207 1
1206 1209 2
1207 1215 1
1207 1531 2
1207 1533 1
1207 1549 1
1208 1215 1
1208 1525 1
1209 1210 1
1211 1548 1
1212 1543 2
1212 1544 2
1212 1556 1
1214 1218 1
1215 1216 2
1215 1220 1
1215 1523 1
1215 1540 1
1216 1218 1
1216 1219 1
1216 1220 2
1216 1544 1
1218 1222 1
1218 1232 1
1219 1220 2
1219 1224 1
1221 1532 1
1222 1540 1
1223 1226 1
1224 1230 1
1224 1231 1
1224 1232 1
1225 1226 1
1225 1227 2
1226 1227 1
1226 1228 1
1226 1230 3
1226 1232 1
1227 1229 2
1228 1229 1
1228 1232 1
1229 1230 2
1230 1535 1
1231 1233 2
1231 1522 1
1233 1234 1
1233 1254 1
1233 1519 1
1234 1239 1
1241 1256 1
1243 1255 1
1245 1252 1
1245 1260 1
1246 1252 1
1247 1259 1
1247 1262 1
1247 1266 1
1249 1251 1
1249 1528 1
1250 1259 1
1251 1256 1
1252 1253 1
1256 1257 2
1256 1520 1
1258 1519 1
1258 1530 1
1259 1265 1
1259 1530 1
1260 1261 2
1260 1263 1
1260 1264 1
1260 1266 4
1260 1267 1
1261 1262 1
1261 1263 1
1262 1264 1
1263 1264 2
1263 1267 1
1264 1266 1
1264 1267 1
1265 1266 1
1266 1267 1
1268 1272 1
1268 1279 1
1269 1271 1
1269 1295 1
1269 1308 1
1270 1282 1
1270 1309 2
1270 1318 2
1271 1272 1
1271 1287 1
1271 1508 1
1272 1273 1
1272 1283 1
1274 1284 1
1274 1480 1
1275 1276 1
1275 1285 1
1276 1284 1
1276 1285 1
1278 1280 1
1278 1282 1
1278 1311 1
1280 1284 1
1282 1283 1
1283 1284 1
1283 1287 1
1284 1481 1
1285 1286 1
1285 1288 1
1286 1288 1
1287 1288 1
1287 1495 1
1288 1420 1
1289 1317 1
1290 1291 1
1290 1295 1
1291 1292 3
1291 1335 1
1292 1465 1
1292 1508 1
1294 1295 1
1294 1316 1
1294 1509 1
1295 1309 1
1295 1317 1
1296 1299 1
1297 1299 3
1297 1300 2
1297 1312 2
1297 1314 1
1297 1321 1
1297 1322 1
1298 1321 1
1298 1434 1
1298 1436 1
1299 1315 1
1299 1320 1
1299 1321 1
1300 1318 1
1300 1321 1
1300 1507 1
1302 1306 1
1303 1306 3
1303 1307 1
1303 1308 1
1306 1307 2
1306 1311 1
1306 1313 1
1309 1317 1
1309 1476 1
1309 1508 1
1310 1464 1
1312 1317 1
1312 1321 1
1312 1436 1
1315 1436 1
1316 1438 1
1319 1436 2
1320 1321 1
1322 1433 1
1322 1434 1
1323 1325 1
1323 1330 1
1323 1430 1
1324 1328 2
1325 1335 2
1326 1331 2
1326 1336 1
1326 1431 2
1326 1433 1
1327 1328 1
1330 1334 1
1332 1334 1
1333 1343 1
1334 1335 1
1334 1336 2
1335 1338 1
1336 1343 1
1337 1339 1
1337 1341 1
1337 1432 1
1338 1340 2
1338 1341 1
1338 1342 1
1339 1340 1
1339 1345 1
1340 1350 1
1341 1394 1
1342 1343 1
1343 1344 1
1343 1365 1
1343 1429 1
1343 1433 1
1344 1345 1
1345 1346 1
1345 1369 1
1346 1369 1
1346 1387 1
1347 1348 2
1347 1357 1
1347 1362 1
1348 1357 1
1348 1360 2
1349 1352 1
1349 1359 2
1349 1360 2
1349 1368 1
1350 1352 2
1350 1372 1
1351 1372 2
1351 1837 1
1351 1841 1
1351 1851 1
1352 1372 1
1352 1862 1
1353 1354 1
1353 1852 1
1354 1355 1
1354 1364 1
1355 1372 2
1355 1376 1
1355 1378 1
1356 1357 1
1357 1883 1
1360 1366 1
1360 1371 1
1360 1378 2
1361 1362 1
1361 1363 2
1361 1365 1
1362 1364 1
1362 1365 1
1363 1373 1
1365 1380 2
1366 1374 1
1367 1368 1
1368 1369 2
1368 1385 3
1369 1370 1
1369 1380 1
1369 1387 2
1370 1387 1
1371 1372 1
1374 1841 1
1374 1849 1
1375 1376 3
1379 1380 2
1383 1384 1
1383 1389 1
1387 1391 1
1388 1390 1
1388 1394 1
1391 1428 1
1392 1428 1
1393 1442 1
1393 1461 1
1395 1396 2
1395 1460 1
1396 1446 1
1396 1461 1
1396 1466 2
1397 1442 1
1397 1469 1
1397 1470 1
1398 1647 1
1401 1404 1
1401 1422 2
1401 1456 1
1401 1690 2
1403 1404 2
1403 1645 1
1403 1690 1
1404 2131 1
1404 2132 1
1404 2168 1
1405 1589 2
1405 1797 1
1405 1931 1
1405 2165 2
1405 2168 1
1406 1589 1
1406 1734 1
1406 1894 1
1406 2158 2
1406 2169 1
1407 1408 1
1407 1411 1
1407 1418 1
1407 1589 1
1407 1730 1
1407 2153 1
1408 1409 1
1408 1411 1
1408 1831 2
1410 1412 1
1410 1871 1
1411 1412 1
1411 1413 2
1411 1871 1
1412 1413 2
1412 1414 1
1412 1734 1
1412 1742 1
1412 1830 1
1412 1831 1
1412 1833 1
1413 1729 1
1413 1730 2
1413 1831 1
1414 1602 1
1415 1417 1
1415 1593 1
1415 1600 1
1415 1830 1
1416 1417 2
1416 1449 2
1416 1596 1
1416 1600 1
1416 1607 1
1416 1731 1
1416 1820 2
1416 1901 1
1417 1598 1
1417 1638 2
1417 2159 1
1418 1420 1
1418 1702 1
1418 2149 1
1419 1577 1
1419 1605 1
1419 1638 2
1421 1585 1
1421 1587 1
1422 1576 1
1422 1641 2
1423 1585 1
1424 1425 1
1424 1579 1
1424 1580 1
1425 1449 2
1425 1581 1
1425 1594 1
1425 1595 1
1425 1830 1
1426 1594 2
1427 1443 1
1427 1640 1
1428 1429 1
1428 1436 1
1428 1441 1
1428 1461 1
1429 1433 1
1429 1441 1
1431 1432 2
1434 1438 1
1435 1438 1
1437 1438 1
1437 1466 1
1441 1467 1
1442 1443 1
1442 1456 1
1442 1460 1
1443 1456 1
1443 1457 2
1444 1641 2
1445 1447 1
1445 1456 2
1445 1585 1
1446 1447 2
1446 1572 1
1447 1448 2
1447 1456 1
1447 2161 1
1448 1456 1
1448 1459 1
1448 2138 1
1449 1453 1
1449 1646 1
1449 1650 2
1449 1673 1
1449 2175 1
1450 1453 2
1450 1476 1
1450 1477 1
1451 1453 3
1451 1474 1
1451 1644 1
1452 1455 1
1452 1646 2
1452 1663 1
1453 1455 2
1454 1455 1
1454 1662 1
1455 1474 1
1455 1485 1
1455 1490 1
1456 1457 2
1456 1460 1
1457 1470 1
1457 1471 1
1457 2174 1
1458 2134 1
1458 2135 1
1458 2142 1
1458 2173 1
1459 1461 1
1459 2139 1
1459 2168 1
1461 1462 2
1462 1465 1
1462 1473 1
1462 1476 1
1463 1484 1
1463 1489 2
1463 1490 1
1463 1497 1
1464 1469 1
1465 1475 1
1465 1491 1
1466 1467 2
1467 1468 2
1469 1470 1
1469 1472 1
1470 1471 2
1470 1472 1
1472 1473 1
1472 1506 1
1473 1474 1
1473 1485 1
1474 1485 1
1474 1486 1
1474 1497 1
1474 1506 1
1475 1496 1
1475 1497 1
1476 1477 1
1476 1479 1
1477 1497 1
1478 1479 1
1479 1483 2
1480 1481 1
1482 1491 1
1484 1490 2
1484 1497 1
1485 1486 2
1487 1488 1
1487 1490 2
1488 1494 2
1490 1497 2
1490 1499 1
1490 1507 1
1491 1494 1
1492 1493 1
1494 1496 1
1494 1498 1
1495 1496 2
1495 1497 2
1496 1498 1
1498 1502 1
1498 1505 1
1500 2138 1
1501 1502 1
1501 1504 1
1501 1505 1
1504 1505 1
1508 1510 1
1509 1510 1
1509 1511 1
1509 1512 1
1510 1512 1
1511 1512 1
1512 1513 1
1512 1514 1
1512 2143 1
1512 2146 1
1513 1569 1
1513 2150 1
1514 1515 3
1516 1517 1
1517 1518 1
1518 1519 3
1521 1524 1
1521 1532 3
1522 1525 2
1523 1524 1
1524 1526 1
1526 1530 1
1526 1537 1
1527 1528 1
1527 1568 1
1528 1529 1
1529 1530 1
1530 1531 2
1532 1559 1
1534 1538 1
1537 1538 1
1537 1539 1
1537 1558 1
1537 1559 2
1538 1539 1
1538 1555 1
1539 1540 1
1541 1545 1
1542 1550 2
1542 1551 2
1546 1551 1
1547 1556 1
1548 1549 1
1549 1560 1
1550 1553 2
1553 1562 1
1555 1556 2
1557 1560 2
1561 1562 2
1561 1563 1
1562 1563 1
1563 1564 1
1563 1565 1
1564 1565 1
1564 1566 1
1566 1567 2
1566 1570 1
1569 2148 1
1569 2150 1
1570 2152 1
1570 2156 1
1570 2162 1
1571 1572 1
1571 2143 1
1571 2152 2
1572 1573 3
1572 2162 1
1572 2164 1
1573 1589 1
1573 2140 1
1574 1579 1
1575 1577 3
1575 1590 1
1575 1591 1
1576 1579 1
1576 1587 1
1576 2157 1
1576 2168 2
1577 1578 1
1577 1591 1
1578 1585 1
1578 1636 1
1578 1638 1
1579 1584 1
1579 1593 1
1579 1595 1
1583 1596 2
1584 1585 1
1584 1637 1
1584 1638 2
1586 1604 1
1586 2165 1
1589 1590 1
1589 1591 1
1589 2166 1
1592 1593 1
1593 1599 2
1593 1600 1
1593 1602 1
1593 1603 1
1593 1637 1
1593 1899 1
1594 1596 1
1594 1599 1
1594 1835 1
1597 1622 3
1598 1902 1
1599 1601 1
1600 1620 1
1600 1829 1
1600 1900 1
1601 1613 1
1601 1899 1
1602 1899 1
1602 1900 1
1603 1830 1
1605 1606 1
1605 1635 1
1605 1637 2
1608 1621 2
1608 1634 1
1609 1611 1
1609 1615 1
1610 1623 2
1611 1634 1
1611 1903 2
1611 1908 1
1612 1617 1
1612 1811 1
1612 1820 1
1613 1617 1
1613 1898 1
1614 1812 1
1615 1812 1
1617 1618 1
1617 1620 1
1617 1811 4
1617 1812 1
1617 1819 4
1617 1828 1
1618 1822 1
1618 1902 1
1619 1622 2
1620 1621 2
1621 1901 3
1622 1701 1
1623 1648 1
1623 1907 1
1626 1634 2
1626 1696 1
1628 1649 2
1628 1682 2
1629 1650 2
1629 1675 1
1630 1632 1
1630 1683 1
1631 1634 1
1631 1683 1
1631 1691 2
1632 1633 1
1632 1636 2
1632 1639 1
1632 1649 1
1632 1665 1
1633 1634 1
1633 1639 1
1633 1702 1
1634 1701 1
1634 1910 2
1635 1636 1
1635 1689 1
1637 1638 1
1637 1901 2
1638 1900 1
1639 1640 1
1640 1641 1
1643 1648 2
1644 1665 2
1645 1647 1
1648 1654 1
1649 1654 1
1650 1672 1
1650 1693 3
1650 1694 1
1651 1681 1
1652 1653 2
1652 1654 1
1652 1660 1
1655 1656 1
1655 1658 1
1655 1917 1
1656 1685 2
1656 1906 1
1657 1905 1
1657 1911 1
1658 1659 1
1658 1712 1
1658 1713 1
1661 1670 1
1661 1672 1
1662 1663 2
1662 1670 1
1663 1664 1
1663 1665 1
1666 1671 1
1666 1684 1
1670 1671 1
1671 1672 1
1671 1692 1
1671 2177 1
1672 2175 1
1672 2177 1
1679 2203 1
1681 1682 2
1681 2267 1
1682 1683 1
1683 1686 2
1683 1697 1
1685 1686 1
1686 1687 1
1688 1689 1
1688 1704 1
1688 2158 1
1688 2160 1
1688 2168 2
1688 2173 1
1689 1690 1
1689 1699 2
1689 2168 1
1689 2169 1
1691 1692 1
1691 2133 2
1691 2134 1
1691 2177 1
1692 1722 1
1693 1694 1
1693 1716 1
1694 1695 1
1694 1698 1
1694 1704 2
1694 1705 1
1694 1718 1
1694 1917 1
1694 2248 2
1695 1696 1
1695 1716 1
1697 1911 1
1698 1702 1
1698 1703 1
1698 1704 1
1699 1702 1
1699 1703 1
1699 1704 1
1699 1705 1
1699 1731 1
1699 1821 1
1699 2157 1
1700 1702 2
1700 1902 2
1701 1702 1
1702 1703 2
1703 1705 1
1703 1713 1
1703 1723 1
1703 1724 1
1703 2128 1
1703 2170 2
1704 2171 1
1705 1707 1
1705 1709 2
1705 1712 1
1706 1707 3
1706 1708 1
1706 1710 1
1706 1718 4
1706 1788 1
1706 1807 1
1707 1709 1
1707 1711 1
1707 1730 1
1708 1709 2
1708 1791 1
1708 1920 1
1708 2248 1
1708 2253 1
1709 1791 1
1709 2246 1
1710 1712 1
1710 1804 1
1710 1923 1
1711 1913 1
1712 1904 3
1712 1905 1
1712 1916 1
1712 2248 1
1712 2251 1
1713 1714 2
1713 1715 2
1713 1916 1
1715 1716 1
1715 1917 1
1715 2255 1
1716 1916 1
1716 2247 1
1716 2249 1
1717 1722 1
1717 2242 1
1717 2255 1
1717 2271 1
1718 1719 2
1718 1722 1
1718 1923 1
1719 1787 1
1719 1931 1
1719 1933 1
1719 1950 1
1719 1967 1
1719 2208 2
1719 2211 1
1719 2222 1
1720 1723 1
1720 2224 1
1720 2242 1
1722 1731 1
1722 2129 1
1725 1728 1
1725 1932 1
1725 2121 1
1725 2125 2
1725 2127 1
1726 1727 2
1726 1734 1
1726 2120 1
1727 1728 1
1727 2153 1
1728 1730 2
1729 1730 1
1729 1731 1
1729 1742 2
1729 2155 1
1730 1732 2
1730 1934 1
1731 1732 3
1731 1745 1
1731 1925 2
1731 1928 1
1731 1930 2
1732 1733 3
1734 1739 1
1734 1740 1
1735 1736 2
1735 1737 1
1735 1745 1
1735 1949 1
1736 1737 3
1737 1738 1
1737 1739 2
1740 1776 1
1742 2159 1
1743 1745 1
1744 1949 1
1745 1746 1
1745 1778 1
1745 1948 1
1746 1937 1
1746 1948 1
1746 1949 1
1747 1748 1
1747 1936 1
1748 1749 1
1749 2492 1
1750 1752 1
1750 1760 1
1750 1969 1
1750 2312 1
1751 1972 1
1751 2305 1
1751 2310 1
1751 2334 1
1752 1753 1
1753 1764 1
1753 1765 1
1754 1755 1
1754 1762 1
1754 1764 2
1755 1759 1
1755 1761 1
1755 1762 2
1755 1763 3
1755 2458 1
1756 1761 1
1756 2468 2
1756 2473 1
1757 1761 1
1757 2456 1
1757 2458 1
1757 2492 1
1758 1759 1
1758 1767 1
1759 2468 1
1760 2324 1
1761 1762 2
1761 2303 1
1761 2321 1
1762 2308 1
1762 2320 1
1762 2321 3
1762 2322 2
1762 2458 1
1762 2497 1
1763 2311 1
1763 2469 2
1764 1769 1
1764 2306 1
1766 1767 2
1766 1937 2
1766 1940 2
1767 1768 1
1768 2457 1
1770 1771 2
1770 1936 1
1770 1940 1
1770 1943 1
1771 1937 1
1772 1779 1
1773 1776 1
1773 1782 1
1774 1775 3
1774 1776 1
1776 1777 1
1776 1783 2
1777 1946 2
1778 1779 1
1778 1780 2
1783 1947 1
1783 1956 1
1784 1922 1
1784 2232 1
1784 2233 1
1784 2245 1
1785 1794 2
1785 1968 1
1786 1788 1
1786 1930 1
1787 1922 1
1787 1923 1
1787 2237 1
1788 1790 1
1788 1807 1
1788 1825 1
1788 1922 1
1788 1925 2
1788 1929 1
1788 1950 1
1788 2237 1
1789 1790 1
1789 1797 1
1789 1806 1
1789 1920 1
1789 1951 1
1790 1794 2
1790 1919 1
1790 2240 1
1790 2250 1
1791 1792 1
1791 1802 1
1791 1914 1
1792 2251 1
1793 1794 4
1793 1798 2
1793 1805 2
1793 1913 1
1793 1914 1
1794 1797 1
1794 1798 1
1794 1806 1
1794 1919 2
1795 1796 3
1795 1947 1
1795 1956 2
1795 1957 1
1795 2233 1
1796 1797 1
1797 1798 1
1797 1806 1
1797 1951 1
1798 2231 3
1799 1800 1
1800 1959 1
1800 2241 1
1801 1922 1
1801 1951 1
1801 1959 1
1802 2236 1
1802 2243 1
1803 1805 1
1803 1920 1
1803 1924 1
1803 2251 1
1804 1805 2
1804 1924 1
1804 2236 1
1804 2241 1
1804 2243 1
1804 2250 1
1805 1807 1
1805 1824 1
1805 1825 1
1806 1808 1
1807 1808 1
1808 1809 2
1808 1810 1
1808 1823 2
1808 1929 1
1809 1810 1
1809 1818 1
1810 1811 2
1810 1816 1
1810 1823 2
1810 1827 1
1811 1815 2
1811 1819 1
1812 1813 1
1812 1829 1
1812 1897 1
1813 1815 1
1814 1828 1
1817 1818 1
1818 1826 1
1818 1903 1
1819 1822 1
1819 1828 1
1819 1902 1
1819 1928 1
1820 1821 1
1820 1899 1
1821 1901 3
1821 1902 1
1823 1827 1
1826 1930 1
1827 1828 1
1827 1829 1
1827 1929 2
1828 1902 1
1828 1928 1
1829 1898 1
1830 1845 1
1831 1837 1
1831 1843 1
1831 1849 1
1832 1875 1
1833 1834 1
1833 1849 1
1834 1835 1
1837 1850 1
1838 1841 1
1838 1883 1
1839 1868 1
1839 1884 1
1841 1850 1
1841 1884 1
1841 1885 1
1843 1844 1
1844 1846 2
1846 1887 1
1847 1888 1
1851 1854 1
1851 1862 2
1851 1863 1
1853 1863 1
1854 1860 1
1854 1864 1
1855 1886 1
1856 1857 1
1857 1858 1
1857 1866 1
1860 1861 1
1866 1867 1
1867 1874 1
1869 1872 1
1871 1886 1
1871 1893 1
1871 1894 1
1872 1883 1
1872 1885 1
1872 1886 1
1872 1893 1
1873 1874 2
1873 1875 1
1875 1876 1
1877 1878 1
1877 1897 1
1878 1879 2
1878 1891 1
1879 1888 1
1879 1889 1
1880 1887 1
1880 1891 1
1881 1882 1
1881 1885 1
1881 1886 1
1882 1884 1
1882 1887 1
1882 1888 1
1885 1887 1
1886 1888 1
1886 1893 1
1886 1894 1
1887 1888 1
1887 1893 2
1888 1889 2
1888 1890 1
1888 1891 1
1891 1892 1
1892 1896 1
1893 1894 1
1894 1895 1
1896 1897 2
1898 1899 1
1899 1900 1
1900 1901 1
1901 1902 2
1904 1905 1
1906 1907 1
1906 1910 1
1907 1919 1
1909 1912 1
1909 1919 2
1916 1917 1
1916 1918 1
1916 2252 1
1917 2247 1
1918 2250 1
1920 1922 2
1921 1924 1
1921 2237 2
1922 1923 1
1923 2236 2
1923 2237 2
1926 1927 1
1927 1928 1
1927 1955 1
1931 1933 2
1931 1953 1
1932 1967 1
1932 2115 1
1933 1934 1
1934 1935 2
1935 1959 2
1935 1966 1
1936 1937 1
1936 1968 1
1937 1940 3
1938 1945 1
1939 1944 1
1939 1945 3
1939 2233 1
1940 1947 1
1940 1968 1
1941 1958 1
1942 1963 1
1942 1967 2
1943 2302 1
1944 1945 2
1944 2306 1
1946 1958 1
1948 1949 1
1948 1973 1
1949 1953 1
1949 1967 1
1950 2121 1
1950 2222 1
1954 1956 2
1957 1958 2
1957 1968 1
1958 1968 1
1959 1962 1
1959 1967 1
1959 2233 1
1960 2318 1
1961 1964 1
1962 1965 1
1962 1966 1
1962 2222 1
1962 2301 1
1963 1965 1
1963 1966 1
1963 2305 1
1964 1965 1
1964 2225 1
1965 1969 1
1965 2212 1
1966 1970 1
1968 2233 1
1971 1973 1
1972 1981 1
1972 2121 1
1973 1980 1
1973 1982 1
1973 2116 1
1974 2283 1
1975 1977 1
1975 1978 1
1976 1978 1
1976 1982 1
1976 2110 1
1977 1979 3
1978 1979 1
1978 1980 2
1978 1981 1
1978 2109 1
1979 1980 1
1979 1982 1
1979 1983 1
1979 2454 1
1980 1981 3
1980 2440 1
1982 1984 1
1983 1984 2
1983 1985 1
1984 1985 2
1984 1987 2
1984 1988 2
1985 1986 1
1985 1988 1
1985 2024 1
1985 2815 1
1986 1987 3
1986 1988 2
1986 2814 1
1987 1988 1
1989 2023 1
1989 2025 1
1990 1992 1
1990 1993 1
1991 2025 1
1991 2544 1
1991 2547 1
1992 1993 2
1992 1994 1
1992 2550 1
1992 2827 1
1992 2829 1
1993 2541 1
1993 2544 2
1994 2827 1
1995 1996 1
1995 1997 2
1996 1997 1
1997 2007 1
1997 2829 1
1998 1999 1
1998 2002 1
1998 2012 1
1998 2026 1
1998 2030 1
1999 2009 1
1999 2011 1
2000 2001 2
2000 2006 1
2000 2011 1
2001 2008 1
2001 2009 1
2001 2010 1
2002 2005 1
2002 2011 1
2003 2005 2
2004 2006 1
2004 2008 1
2005 2008 1
2006 2007 2
2010 2012 1
2010 2020 1
2011 2014 1
2012 2029 1
2012 2030 1
2012 2817 1
2013 2821 1
2015 2020 1
2015 2021 1
2016 2811 1
2017 2018 1
2017 2019 1
2017 2022 1
2017 2818 1
2018 2021 1
2018 2023 1
2018 2027 1
2018 2028 1
2018 2787 1
2019 2020 1
2019 2028 1
2020 2022 2
2020 2811 2
2021 2022 1
2021 2027 1
2022 2027 1
2022 2028 1
2023 2024 2
2024 2025 1
2025 2029 1
2025 2030 3
2025 2813 1
2026 2028 1
2027 2814 1
2029 2030 1
2029 2813 2
2030 2032 2
2030 2815 1
2031 2032 1
2031 2033 1
2032 2034 1
2033 2035 3
2033 2195 1
2033 2201 1
2033 2550 1
2033 2551 1
2034 2035 3
2034 2106 1
2035 2039 1
2035 2558 2
2035 2674 1
2036 2037 1
2036 2038 1
2036 2039 2
2036 2558 1
2036 2577 1
2036 2583 1
2037 2038 2
2037 2203 1
2037 2559 1
2037 2583 1
2037 2584 1
2038 2039 2
2039 2041 1
2039 2043 1
2039 2049 1
2039 2051 1
2039 2110 1
2039 2259 1
2040 2042 1
2040 2043 1
2040 2258 2
2040 2259 1
2040 2262 1
2041 2051 2
2041 2068 1
2041 2560 1
2042 2043 2
2042 2045 1
2042 2071 2
2042 2075 2
2042 2082 1
2042 2259 1
2042 2715 1
2043 2050 1
2043 2068 1
2043 2259 1
2044 2045 1
2044 2048 1
2044 2713 1
2045 2072 1
2045 2073 1
2046 2058 1
2046 2072 1
2046 2102 1
2047 2051 1
2047 2687 1
2048 2049 1
2048 2052 1
2048 2357 1
2049 2068 1
2049 2081 1
2050 2051 1
2050 2052 1
2051 2701 1
2052 2081 1
2052 2711 2
2053 2080 1
2053 2701 1
2054 2067 1
2054 2082 2
2055 2264 1
2055 2293 1
2056 2057 1
2057 2293 1
2059 2060 1
2059 2263 1
2059 2290 2
2060 2265 1
2060 2294 1
2060 2296 1
2060 2338 1
2061 2225 1
2061 2263 1
2061 2285 1
2061 2329 1
2061 2331 2
2062 2063 1
2062 2070 1
2062 2263 1
2063 2069 1
2063 2296 1
2063 2327 1
2064 2065 1
2064 2079 1
2064 2102 1
2065 2079 1
2066 2069 1
2066 2070 1
2067 2561 1
2068 2069 1
2068 2073 1
2068 2083 1
2069 2090 1
2071 2072 1
2071 2084 1
2072 2078 1
2072 2083 1
2073 2083 1
2073 2361 1
2074 2090 1
2075 2712 1
2076 2362 1
2077 2349 1
2077 2702 3
2078 2083 1
2078 2089 1
2078 2357 1
2081 2339 1
2083 2084 1
2083 2360 1
2084 2085 2
2084 2204 1
2085 2086 1
2085 2102 1
2085 2721 1
2086 2103 1
2087 2091 1
2087 2097 1
2087 2102 2
2087 2720 1
2088 2104 1
2088 2336 1
2088 2337 1
2089 2090 3
2089 2351 1
2089 2361 1
2089 2711 1
2089 2712 1
2090 2712 1
2090 2713 1
2091 2102 1
2092 2093 1
2092 2094 1
2094 2096 1
2094 2106 1
2095 2103 1
2095 2111 1
2095 2333 1
2095 2373 2
2096 2097 1
2097 2098 1
2098 2099 2
2098 2373 1
2100 2102 1
2101 2105 2
2101 2107 1
2101 2111 1
2101 2204 1
2101 2330 2
2102 2330 1
2103 2334 1
2104 2329 1
2104 2366 1
2105 2106 1
2105 2107 3
2105 2226 1
2105 2325 3
2106 2310 1
2107 2108 1
2107 2111 2
2108 2204 1
2109 2111 1
2109 2203 1
2109 2335 1
2110 2111 1
2110 2336 2
2111 2112 2
2111 2113 2
2111 2213 1
2112 2113 1
2112 2117 1
2112 2212 1
2113 2114 1
2113 2118 1
2113 2125 1
2114 2115 4
2114 2116 3
2114 2117 1
2114 2213 1
2115 2117 1
2115 2212 1
2116 2119 1
2117 2118 5
2117 2119 2
2118 2119 1
2118 2120 1
2118 2124 1
2119 2120 3
2120 2121 1
2120 2126 1
2120 2144 1
2120 2151 1
2121 2122 1
2122 2123 1
2122 2125 1
2122 2126 1
2122 2127 1
2122 2128 1
2122 2129 2
2122 2151 1
2122 2208 1
2123 2180 1
2124 2129 1
2125 2128 1
2126 2127 1
2128 2129 1
2128 2175 1
2129 2130 1
2130 2174 2
2131 2132 2
2131 2133 1
2134 2135 1
2134 2136 1
2134 2138 1
2134 2140 1
2134 2141 1
2134 2142 1
2134 2175 1
2135 2142 1
2136 2137 3
2136 2139 1
2136 2141 1
2137 2138 1
2137 2176 1
2138 2175 1
2139 2141 1
2141 2142 1
2142 2174 1
2142 2175 1
2144 2145 1
2144 2148 1
2144 2149 1
2145 2148 3
2145 2150 1
2146 2147 1
2147 2149 1
2147 2150 1
2148 2150 1
2149 2151 1
2150 2154 1
2152 2156 1
2152 2169 1
2153 2156 1
2154 2155 1
2156 2157 1
2157 2160 1
2157 2166 1
2158 2159 1
2158 2166 1
2158 2167 1
2158 2170 1
2161 2162 1
2161 2166 2
2162 2164 2
2162 2170 1
2163 2165 1
2166 2167 1
2166 2170 1
2167 2169 1
2167 2170 1
2167 2171 1
2169 2170 1
2170 2171 2
2170 2172 1
2173 2174 1
2175 2176 1
2175 2177 1
2176 2177 1
2177 2178 1
2179 2259 1
2181 2182 2
2182 2183 4
2184 2187 1
2184 2189 4
2184 2191 1
2185 2186 1
2185 2187 2
2185 2188 1
2185 2189 1
2186 2188 1
2186 2194 1
2187 2188 1
2187 2547 2
2188 2190 2
2190 2191 2
2191 2549 2
2191 2553 1
2192 2193 1
2194 2199 1
2195 2196 1
2195 2197 1
2196 2548 1
2197 2198 1
2198 2199 1
2199 2328 1
2200 2201 2
2201 2202 1
2201 2203 1
2202 2203 2
2203 2329 2
2205 2216 1
2205 2225 1
2205 2274 1
2206 2218 2
2206 2228 2
2207 2275 1
2208 2209 1
2208 2211 1
2208 2224 1
2209 2210 1
2209 2212 1
2209 2214 1
2209 2248 1
2210 2211 3
2210 2212 2
2210 2214 2
2210 2278 1
2210 2281 1
2211 2214 1
2211 2218 1
2211 2279 1
2212 2328 1
2213 2283 1
2215 2218 2
2215 2278 1
2215 2281 1
2215 2284 1
2216 2228 1
2216 2288 1
2217 2219 1
2217 2229 1
2217 2234 1
2217 2269 1
2217 2270 1
2218 2222 1
2218 2280 1
2218 2284 1
2219 2225 1
2219 2229 1
2219 2230 2
2220 2227 1
2220 2315 1
2221 2228 1
2222 2301 1
2223 2230 1
2223 2231 1
2223 2242 1
2224 2235 1
2225 2227 3
2225 2228 1
2225 2230 1
2226 2315 2
2226 2329 1
2226 2332 1
2227 2270 1
2228 2276 1
2228 2285 1
2229 2269 2
2230 2234 1
2230 2281 1
2230 2318 1
2232 2234 1
2233 2264 1
2234 2235 2
2234 2318 1
2235 2236 1
2236 2237 1
2236 2240 2
2236 2241 1
2236 2243 2
2238 2243 1
2238 2250 1
2239 2240 2
2239 2245 1
2240 2241 1
2240 2250 1
2241 2252 1
2244 2288 2
2245 2252 1
2245 2253 1
2246 2274 1
2247 2255 2
2248 2255 1
2249 2253 1
2249 2255 1
2249 2272 2
2250 2251 1
2250 2252 2
2250 2253 1
2251 2252 1
2253 2254 1
2254 2273 2
2255 2256 1
2255 2274 2
2255 2297 2
2256 2266 2
2256 2289 1
2257 2258 1
2257 2264 1
2258 2260 2
2258 2261 2
2259 2260 1
2259 2296 1
2260 2261 1
2260 2262 1
2260 2264 1
2260 2293 1
2261 2265 1
2262 2263 1
2262 2264 1
2262 2265 1
2264 2265 1
2264 2292 2
2265 2266 1
2265 2296 1
2267 2271 2
2268 2275 1
2268 2286 1
2268 2289 1
2269 2277 1
2269 2280 1
2269 2288 1
2269 2292 1
2271 2272 1
2271 2274 2
2272 2273 2
2273 2288 1
2274 2288 1
2277 2299 1
2278 2279 1
2281 2284 4
2281 2285 1
2281 2298 1
2282 2284 1
2282 2314 1
2282 2329 1
2283 2300 1
2284 2285 1
2285 2297 1
2285 2298 1
2285 2299 1
2286 2290 3
2288 2297 3
2289 2291 2
2289 2297 1
2290 2297 1
2291 2292 1
2291 2297 1
2292 2294 2
2292 2298 1
2297 2298 1
2299 2315 1
2300 2301 1
2300 2305 3
2300 2313 1
2301 2304 2
2301 2305 2
2302 2306 2
2302 2313 1
2302 2318 1
2303 2311 1
2304 2307 1
2306 2307 4
2306 2308 1
2306 2313 1
2307 2316 1
2307 2317 2
2308 2316 1
2308 2317 1
2308 2324 1
2309 2310 3
2309 2328 1
2310 2456 1
2312 2324 1
2312 2327 1
2313 2316 1
2313 2319 1
2314 2324 1
2314 2328 1
2314 2368 1
2315 2328 1
2316 2328 1
2317 2318 1
2319 2323 1
2319 2328 2
2320 2322 1
2320 2326 2
2320 2333 1
2320 2353 1
2320 2458 1
2321 2322 2
2322 2330 1
2322 2331 1
2324 2326 2
2324 2327 1
2325 2326 1
2326 2327 1
2326 2328 2
2326 2333 2
2326 2498 1
2327 2331 1
2329 2330 1
2329 2331 6
2330 2331 1
2333 2458 1
2333 2498 1
2334 2335 1
2334 2458 1
2334 2497 1
2335 2337 1
2336 2344 1
2337 2353 1
2337 2354 1
2338 2344 2
2338 2504 1
2339 2364 1
2340 2366 1
2341 2342 1
2341 2367 1
2341 2368 1
2341 2369 1
2341 2504 1
2342 2503 1
2343 2370 1
2343 2374 1
2343 2375 1
2343 2376 1
2343 2503 1
2343 2506 1
2344 2345 1
2344 2346 1
2344 2368 1
2344 2369 1
2344 2503 1
2344 2721 1
2346 2356 1
2346 2512 1
2347 2351 2
2348 2351 1
2348 2354 1
2348 2355 1
2348 2359 1
2348 2682 1
2348 2712 1
2349 2355 1
2350 2355 2
2350 2366 1
2350 2712 1
2351 2715 1
2352 2353 1
2352 2359 1
2353 2354 2
2353 2360 1
2354 2721 1
2355 2360 2
2355 2712 2
2355 2714 1
2356 2714 1
2357 2362 2
2357 2702 1
2357 2708 1
2357 2710 1
2357 2711 1
2358 2359 1
2358 2384 1
2358 2702 1
2359 2362 1
2360 2366 1
2360 2370 1
2361 2362 1
2361 2366 2
2363 2365 1
2364 2365 1
2367 2368 2
2368 2373 3
2368 2394 1
2368 2498 1
2369 2370 1
2369 2372 1
2369 2373 1
2369 2375 1
2370 2375 1
2370 2376 2
2370 2378 1
2371 2374 2
2371 2501 1
2372 2373 1
2372 2497 1
2373 2498 1
2375 2380 1
2376 2379 1
2376 2506 1
2377 2379 1
2377 2433 1
2377 2488 2
2377 2489 1
2377 2500 1
2378 2379 1
2378 2481 1
2379 2480 1
2379 2481 1
2380 2390 1
2381 2382 2
2381 2390 1
2381 2398 1
2381 2480 1
2382 2384 2
2382 2385 1
2382 2517 1
2384 2403 1
2385 2386 1
2385 2394 1
2385 2395 1
2385 2402 1
2386 2398 1
2387 2388 1
2387 2391 1
2387 2395 2
2388 2395 1
2389 2396 1
2389 2398 1
2390 2391 1
2390 2395 1
2391 2392 1
2392 2393 1
2396 2398 1
2397 2398 3
2397 2399 2
2397 2401 1
2398 2504 1
2399 2403 1
2399 2408 1
2400 2405 1
2400 2513 1
2400 2515 1
2400 2516 1
2400 2723 1
2400 2729 1
2401 2402 1
2403 2404 1
2404 2729 1
2405 2407 2
2405 2408 1
2405 2509 2
2407 2408 3
2407 2409 1
2407 2410 1
2407 2411 1
2408 2409 1
2408 2410 1
2408 2479 1
2408 2481 1
2408 2508 1
2409 2450 1
2410 2412 1
2410 2413 1
2410 2418 2
2410 2444 1
2411 2414 1
2411 2426 1
2411 2433 1
2412 2413 1
2412 2414 1
2412 2437 2
2412 2450 1
2413 2414 1
2413 2416 1
2413 2733 1
2414 2422 1
2415 2417 2
2415 2421 1
2417 2418 1
2418 2449 1
2419 2433 1
2420 2423 1
2421 2425 1
2421 2435 1
2422 2433 1
2422 2446 1
2424 2425 1
2424 2442 1
2425 2432 1
2425 2435 1
2425 2438 1
2425 2441 1
2426 2428 1
2427 2431 1
2428 2737 1
2431 2441 3
2432 2437 1
2432 2439 2
2432 2446 1
2433 2436 1
2433 2438 1
2434 2435 1
2434 2445 1
2435 2448 1
2437 2439 1
2437 2441 2
2437 2443 1
2437 2446 1
2437 2454 1
2439 2441 4
2439 2444 1
2442 2446 1
2442 2451 1
2443 2446 1
2443 2449 1
2443 2452 1
2443 2453 1
2443 2722 1
2444 2445 1
2445 2448 1
2446 2454 3
2446 2455 1
2447 2453 1
2448 2452 1
2448 2455 1
2450 2502 3
2451 2507 2
2453 2455 1
2453 2461 2
2454 2470 1
2454 2477 1
2455 2467 1
2456 2460 1
2456 2467 1
2456 2469 2
2456 2474 1
2456 2476 1
2457 2492 1
2458 2463 1
2458 2497 1
2459 2470 1
2459 2487 2
2459 2500 1
2460 2480 1
2460 2486 1
2460 2500 1
2461 2490 1
2462 2496 2
2463 2467 2
2464 2467 1
2466 2499 1
2467 2475 1
2468 2469 1
2468 2474 1
2468 2492 1
2469 2470 1
2469 2474 1
2469 2477 1
2469 2490 2
2469 2492 1
2470 2472 1
2470 2491 1
2470 2493 1
2471 2473 1
2471 2477 1
2471 2486 1
2473 2476 1
2473 2477 1
2474 2486 1
2475 2480 1
2475 2493 1
2476 2477 1
2476 2486 1
2477 2485 1
2478 2480 1
2478 2483 1
2478 2487 2
2479 2480 4
2479 2481 1
2479 2483 1
2479 2487 1
2480 2481 6
2481 2487 1
2481 2488 1
2482 2485 1
2483 2484 1
2485 2487 1
2487 2488 2
2490 2493 1
2491 2494 1
2491 2495 2
2495 2496 1
2495 2500 1
2496 2500 2
2497 2501 1
2498 2499 1
2500 2516 1
2501 2507 2
2502 2504 1
2502 2505 1
2502 2510 1
2503 2511 1
2504 2507 1
2505 2506 3
2505 2509 1
2505 2511 1
2511 2512 1
2512 2513 2
2512 2723 1
2513 2514 1
2513 2722 2
2513 2839 1
2514 2716 1
2514 2717 2
2515 2516 1
2515 2532 1
2515 2716 1
2516 2645 1
2519 2520 1
2523 2526 1
2524 2525 2
2524 2672 1
2525 2526 1
2525 2658 3
2525 2659 1
2526 2527 2
2526 2589 1
2526 2590 2
2526 2646 1
2527 2530 1
2527 2641 1
2528 2589 1
2528 2590 1
2528 2592 1
2528 2641 1
2528 2645 1
2529 2531 1
2530 2533 1
2530 2640 1
2530 2641 1
2531 2592 1
2532 2533 1
2532 2645 1
2533 2534 1
2535 2536 2
2535 2538 1
2535 2646 1
2536 2537 1
2537 2538 1
2537 2539 1
2537 2822 1
2538 2539 1
2538 2543 1
2538 2592 1
2538 2815 1
2538 2833 1
2539 2724 1
2540 2541 2
2540 2824 1
2540 2830 1
2541 2542 1
2541 2544 2
2541 2817 1
2542 2822 2
2542 2823 1
2542 2825 1
2543 2824 2
2543 2827 1
2544 2546 1
2544 2548 1
2544 2550 1
2544 2579 1
2544 2829 1
2545 2548 1
2545 2582 1
2545 2837 1
2546 2547 1
2546 2578 1
2546 2837 1
2547 2580 2
2547 2584 1
2547 2901 1
2548 2577 1
2548 2585 1
2550 2551 1
2550 2552 1
2550 2581 2
2551 2556 1
2551 2557 1
2552 2553 2
2552 2554 1
2552 2555 1
2552 2557 2
2552 2560 1
2553 2574 1
2554 2556 1
2554 2557 1
2554 2559 1
2554 2560 1
2554 2576 1
2555 2556 3
2555 2562 1
2555 2571 1
2556 2563 1
2556 2572 1
2557 2559 3
2558 2574 1
2558 2575 1
2559 2574 1
2560 2562 1
2560 2563 2
2560 2682 1
2561 2562 1
2561 2564 1
2562 2563 1
2563 2564 1
2563 2565 1
2565 2566 2
2565 2569 2
2567 2687 1
2568 2695 1
2569 2685 1
2570 2571 1
2570 2573 1
2570 2876 1
2570 2896 1
2570 2903 1
2571 2573 1
2571 2903 1
2571 2917 2
2572 2573 1
2572 2575 2
2572 2895 1
2572 2905 1
2572 2918 1
2573 2574 2
2573 2575 1
2573 2901 1
2574 2575 1
2574 2576 3
2574 2873 1
2574 2902 1
2575 2576 2
2575 2902 1
2576 2580 1
2577 2580 1
2577 2582 1
2578 2579 1
2578 2581 1
2578 2586 1
2578 2836 1
2579 2580 1
2579 2590 1
2579 2836 2
2579 2874 1
2580 2581 2
2580 2582 1
2580 2676 1
2580 2873 1
2580 3021 1
2580 3022 3
2581 3022 1
2582 2586 1
2582 3021 1
2583 2584 1
2583 2587 1
2584 2586 1
2584 2674 1
2584 2677 1
2586 2673 1
2587 2642 1
2587 2692 1
2587 2708 1
2588 2665 1
2588 2669 1
2588 2673 1
2588 2840 2
2590 2644 1
2590 2645 1
2590 2646 2
2591 2593 1
2592 2596 1
2593 2594 1
2593 2637 1
2593 2638 2
2593 2640 1
2594 2595 1
2594 2596 1
2594 2598 1
2594 2639 1
2595 2596 1
2595 2606 1
2595 2608 1
2595 2640 1
2596 2597 3
2596 2599 1
2596 2601 1
2596 2607 1
2596 2609 1
2596 2630 1
2597 2630 1
2597 2631 1
2597 2633 2
2598 2612 1
2598 2626 1
2599 2600 1
2599 2606 2
2599 2633 2
2601 2602 1
2602 2616 1
2602 2632 1
2603 2604 1
2603 2605 1
2604 2605 1
2604 2610 1
2604 2616 1
2606 2608 1
2606 2620 1
2607 2611 1
2607 2629 1
2608 2610 1
2608 2611 1
2608 2615 2
2608 2617 1
2608 2618 1
2608 2629 2
2609 2611 1
2611 2620 1
2612 2619 1
2612 2626 1
2613 2617 1
2613 2618 2
2613 2619 1
2613 2622 1
2613 2623 1
2614 2616 1
2615 2616 3
2616 2625 1
2617 2622 1
2618 2619 2
2618 2629 1
2619 2620 2
2620 2621 2
2620 2623 1
2620 2627 1
2620 2629 1
2621 2629 2
2623 2626 1
2623 2628 1
2624 2628 2
2625 2626 2
2626 2627 1
2626 2628 1
2627 2628 1
2629 2630 1
2630 2633 1
2630 2634 1
2632 2634 1
2634 2635 1
2634 2636 2
2634 2640 1
2635 2636 1
2635 2639 1
2637 2639 2
2638 2640 1
2639 2640 3
2642 2643 6
2642 2704 1
2643 2719 1
2644 2837 1
2644 2838 2
2646 2838 1
2646 2840 1
2646 2843 1
2647 2651 1
2647 2700 1
2647 2706 1
2648 2656 1
2649 2651 1
2649 2658 1
2649 2662 1
2649 2667 1
2650 2661 1
2650 2665 1
2651 2665 1
2651 2669 2
2651 2671 3
2651 2708 2
2652 2663 1
2652 2665 2
2652 2705 1
2652 2713 1
2653 2674 1
2653 2876 3
2654 2691 1
2655 2656 1
2656 2697 1
2656 2699 1
2657 2663 1
2657 2669 1
2657 2698 1
2658 2659 1
2658 2672 1
2659 2672 2
2660 2664 1
2660 2849 1
2661 2662 1
2661 2668 1
2661 2848 1
2661 2850 2
2662 2663 1
2662 2665 2
2666 2669 1
2666 2670 1
2666 2671 1
2666 2706 1
2667 2668 1
2667 2671 2
2667 2705 1
2668 2672 1
2668 2849 1
2668 2850 1
2668 2851 1
2669 2670 2
2669 2699 1
2670 2672 1
2670 2676 1
2670 2878 1
2673 2675 1
2673 2678 1
2674 2676 3
2675 2676 1
2675 2680 1
2676 2691 1
2676 2706 1
2677 2679 1
2678 2679 1
2679 2691 1
2679 2707 1
2680 2681 1
2680 2709 1
2681 2688 2
2681 2900 1
2682 2683 1
2683 2684 1
2683 2902 1
2684 2685 1
2684 2902 1
2686 2689 1
2686 2692 1
2686 2694 1
2687 2688 1
2687 2692 1
2687 2693 1
2687 2694 1
2687 2695 2
2687 2706 1
2688 2690 1
2688 2695 1
2689 2690 1
2689 2695 1
2691 2695 2
2691 2696 1
2692 2708 1
2695 2696 1
2696 2697 1
2697 2698 1
2699 2711 1
2700 2702 1
2700 2707 1
2701 2702 1
2701 2709 1
2703 2704 1
2703 2708 1
2705 2708 2
2706 2707 1
2707 2711 1
2710 2711 1
2711 2712 1
2711 2715 1
2712 2713 1
2713 2721 1
2714 2715 2
2714 2719 1
2714 2721 1
2715 2716 2
2715 2721 1
2716 2717 1
2716 2718 5
2716 2719 1
2716 2722 1
2717 2719 1
2717 2722 1
2718 2719 2
2718 2721 1
2723 2724 1
2724 2725 3
2725 2726 2
2728 2729 2
2729 2733 2
2729 2735 1
2730 2731 1
2730 2735 1
2730 2737 1
2731 2737 1
2732 2739 1
2733 2734 3
2733 2735 1
2733 2803 1
2734 2735 1
2734 2736 1
2734 2814 1
2735 2804 1
2735 2811 1
2736 2790 1
2737 2738 1
2740 2744 1
2741 2743 1
2741 2745 1
2742 2744 1
2742 2810 1
2743 2744 1
2744 2745 6
2744 2746 1
2744 2747 1
2746 2747 4
2746 2771 1
2747 2748 2
2747 2764 1
2747 2779 1
2748 2749 1
2748 2763 1
2748 2768 1
2749 2757 1
2750 2757 3
2750 2763 1
2751 2752 1
2752 2760 1
2753 2754 1
2754 2755 1
2754 2757 1
2754 2761 1
2756 2757 2
2756 2762 1
2756 2769 1
2757 2763 1
2758 2768 1
2760 2770 1
2761 2762 2
2762 2766 1
2762 2767 1
2763 2764 1
2764 2768 1
2764 2771 1
2764 2772 1
2765 2766 1
2766 2767 2
2766 2768 2
2768 2769 2
2768 2770 1
2769 2770 1
2769 2771 1
2770 2771 1
2771 2773 1
2772 2773 4
2772 2774 1
2772 2778 1
2773 2779 1
2774 2779 1
2775 2779 1
2775 2782 1
2776 2781 1
2777 2778 1
2777 2781 1
2778 2780 2
2778 2781 1
2778 2782 1
2779 2785 1
2780 2781 3
2780 2782 1
2780 2783 1
2782 2783 1
2783 2784 1
2783 2785 1
2783 2786 1
2784 2787 3
2784 2788 1
2785 2786 1
2785 2811 1
2785 2813 1
2787 2812 1
2787 2814 1
2788 2799 1
2789 2792 2
2790 2795 1
2790 2799 1
2791 2793 1
2791 2801 1
2793 2800 1
2793 2801 1
2794 2798 2
2796 2798 1
2797 2800 1
2798 2800 1
2799 2800 1
2799 2818 1
2800 2801 2
2801 2803 1
2802 2803 5
2803 2804 2
2803 2809 1
2804 2812 1
2805 2806 1
2806 2807 2
2809 2810 1
2809 2816 1
2812 2815 3
2813 2814 1
2813 2816 1
2815 2816 2
2815 2818 1
2816 2817 1
2816 2818 1
2817 2820 1
2818 2819 1
2818 2821 1
2819 2821 1
2820 2821 1
2820 2822 2
2821 2822 4
2821 2824 2
2821 2825 1
2822 2823 1
2823 2828 2
2824 2825 1
2824 2826 1
2824 2828 1
2824 2829 3
2826 2878 1
2827 2828 1
2827 2833 1
2828 2831 1
2829 2830 1
2830 2831 1
2830 2832 2
2831 2832 1
2831 2833 2
2831 2837 1
2831 2840 1
2833 2834 2
2833 2879 1
2834 2835 1
2834 2836 2
2835 2837 2
2836 2841 1
2837 2838 3
2837 2839 3
2837 2878 2
2840 2841 1
2841 2842 2
2841 2844 1
2841 2879 1
2842 2843 1
2842 2844 2
2842 2845 1
2842 2865 1
2843 2844 1
2844 2863 1
2845 2847 1
2846 2852 2
2846 2854 1
2847 2853 1
2847 2865 1
2848 2855 1
2848 2856 2
2849 2850 2
2851 2864 1
2852 2857 2
2855 2857 1
2856 2859 1
2857 2858 1
2857 2859 1
2858 2861 1
2858 2868 1
2858 2872 2
2858 2919 1
2859 2868 1
2860 2861 1
2860 2896 1
2860 2919 1
2861 2863 1
2861 2872 1
2862 2865 1
2862 2869 1
2863 2865 1
2864 2869 2
2867 2869 1
2867 2874 1
2867 2875 1
2869 2870 1
2869 2875 1
2869 2876 2
2869 2878 1
2870 2871 2
2870 2873 1
2872 2873 1
2872 2892 1
2873 2879 1
2873 2894 1
2874 2875 1
2874 2876 2
2874 2877 3
2875 2876 1
2876 2877 1
2876 2879 1
2877 2878 1
2878 2895 1
2879 2880 1
2880 2882 1
2880 2883 2
2881 2882 2
2881 2883 1
2881 2906 1
2883 2884 1
2884 2890 1
2884 2892 1
2885 2890 1
2885 2892 1
2885 2953 2
2886 2890 2
2886 2919 1
2887 2957 1
2888 2890 1
2888 2892 1
2889 2890 1
2889 2891 1
2889 2892 1
2892 2918 1
2892 2953 1
2893 2895 1
2894 2895 1
2896 2910 1
2897 2898 2
2898 2913 1
2900 2901 2
2900 2904 1
2900 2907 1
2900 2910 1
2901 2909 1
2902 2904 1
2904 2906 1
2905 2906 1
2905 2909 1
2906 2908 1
2907 2914 1
2908 2910 1
2909 2969 1
2910 2911 1
2911 2912 2
2911 2915 1
2911 2918 1
2912 2913 2
2913 2915 1
2914 2915 2
2915 2916 1
2916 2951 1
2918 2919 1
2918 2962 1
2920 2922 1
2921 2928 1
2921 2947 1
2924 2927 1
2928 2941 1
2932 2936 1
2932 2941 1
2944 2949 1
2945 2957 1
2946 2953 1
2946 2963 1
2947 2957 1
2948 2956 1
2949 2959 1
2950 2951 1
2950 2965 1
2950 2966 1
2951 2953 1
2951 3013 1
2952 2965 2
2952 3016 1
2953 2956 2
2953 3016 1
2953 3017 1
2957 2958 2
2958 3023 1
2958 3026 6
2958 3027 1
2959 2963 1
2962 2968 1
2963 2964 2
2963 2967 2
2964 2967 1
2964 2969 1
2967 2969 1
2967 2977 3
2968 2978 1
2969 2970 1
2969 2976 1
2969 2977 1
2970 2971 1
2971 2972 1
2971 2974 1
2972 2973 1
2973 2974 1
2975 2976 1
2976 2977 2
2976 2979 1
2977 2978 1
2977 2994 1
2978 2992 1
2978 3002 2
2979 2985 1
2981 2983 2
2981 2984 1
2981 2985 1
2982 2983 1
2982 2985 1
2983 2986 1
2983 2988 1
2983 2990 1
2984 2985 1
2984 2988 1
2984 2995 1
2985 2988 2
2986 2987 1
2988 2989 1
2988 2996 2
2989 2995 1
2989 2997 1
2990 2994 1
2991 2992 1
2991 3003 1
2992 2993 2
2992 2994 1
2992 2998 1
2993 2994 2
2993 2995 2
2994 2995 1
2994 3002 1
2995 2996 1
2995 3003 1
2996 2997 1
2998 3001 3
2998 3002 1
2998 3003 1
2999 3002 1
2999 3005 1
2999 3009 1
2999 3011 1
3001 3002 2
3001 3005 1
3002 3003 2
3002 3005 1
3002 3010 1
3003 3004 3
3003 3009 1
3004 3012 1
3005 3006 1
3005 3008 1
3006 3007 1
3006 3009 3
3006 3013 1
3006 3014 1
3007 3009 1
3007 3011 1
3007 3014 2
3007 3016 1
3008 3009 3
3008 3011 1
3009 3013 1
3011 3014 1
3012 3013 1
3014 3015 2
3015 3016 1
3016 3017 1
3017 3018 2
3018 3019 1
3018 3023 1
3019 3020 5
3019 3023 1
3019 3024 1
3020 3021 5
3020 3023 2
3022 3026 1
3023 3024 3
3024 3025 1
3024 3026 1
3024 3027 1
3028 3029 1
3029 3032 2
3030 3031 1
3032 3033 5
