-9.086704 -6.467310 -30.296143 
-8.931350 -5.487108 -30.173383 
-8.376995 -4.774464 -30.603300 
-8.385844 -4.575694 -31.583306 
-8.893183 -4.011197 -32.234421 
-8.343168 -4.606010 -32.820664 
-8.246889 -5.441548 -32.279732 
-8.098097 -6.353098 -32.663054 
-8.060994 -6.234125 -33.655258 
-7.352445 -6.920287 -33.820000 
-7.728257 -7.685694 -33.297585 
-8.469967 -8.089344 -33.833246 
-8.285384 -9.012847 -33.496986 
-8.814672 -9.374744 -32.729597 
-8.992088 -9.622476 -31.777152 
-8.151149 -10.135016 -31.603588 
-8.566076 -10.907576 -31.122976 
-8.325954 -10.949523 -30.153140 
-8.989319 -10.595530 -29.493871 
-9.665846 -11.028784 -28.898387 
-10.036345 -10.850292 -29.809908 
-10.263926 -9.929623 -30.127045 
-9.929478 -9.002946 -29.955543 
-10.220085 -8.441837 -29.180492 
-9.746777 -8.930600 -28.447628 
-9.210351 -8.864593 -27.606266 
-8.402111 -8.287492 -27.723326 
-7.555905 -7.773846 -27.581542 
-7.602854 -8.035293 -26.617467 
-7.930418 -7.105007 -26.452332 
-7.572403 -7.050521 -25.520207 
-7.442151 -7.532042 -24.653505 
-7.187071 -8.127289 -23.891525 
-7.329610 -8.745459 -23.118512 
-7.560089 -7.825688 -22.800866 
-7.403112 -6.958611 -22.328070 
-7.531253 -5.971472 -22.423655 
-7.978998 -5.979857 -21.529532 
-6.981027 -6.032619 -21.565183 
-6.653354 -6.788150 -20.997905 
-6.150164 -7.347328 -20.339028 
-5.543661 -6.570483 -20.508338 
-5.444011 -5.986206 -19.702925 
-5.889610 -5.625386 -18.883626 
-6.667092 -4.997067 -18.910764 
-7.404012 -5.038642 -18.236063 
-7.930202 -5.879069 -18.365709 
-7.373451 -6.640111 -18.698642 
-7.461280 -7.009550 -17.773547 
-8.213126 -7.539254 -17.380939 
-7.884273 -6.808047 -16.783283 
-7.106433 -7.427436 -16.889687 
-7.090684 -8.381755 -17.188060 
-6.644056 -8.608996 -18.053441 
-7.261639 -9.395444 -18.043895 
-7.294912 -10.388341 -18.158125 
-8.133014 -10.906487 -17.987504 
-7.951458 -11.440289 -17.161615 
-7.956507 -12.224235 -16.540807 
-7.863130 -12.568080 -15.606434 
-7.310906 -12.662237 -14.778073 
-7.395825 -13.312318 -14.022968 
-7.214039 -13.351851 -13.040425 
-7.939196 -14.039524 -13.075819 
-7.083035 -14.555468 -13.047732 
-7.661713 -14.604966 -12.233679 
-8.239891 -15.321054 -11.842619 
-8.822452 -15.793658 -11.181357 
-9.469588 -15.041684 -11.306857 
-9.701389 -14.728595 -10.385856 
-9.065995 -14.067259 -9.987221 
-8.230293 -13.968106 -9.447064 
-8.821932 -13.921466 -8.642211 
-9.533541 -13.876755 -7.941060 
-9.176129 -13.024599 -7.558846 
-9.563419 -12.864253 -8.466753 
-9.842679 -12.150769 -9.109368 
-10.650838 -11.562440 -9.082007 
-10.592948 -11.317943 -8.114087 
-10.883653 -10.385759 -7.898396 
-11.485625 -10.891236 -8.516556 
-11.868885 -10.084188 -8.067351 
-12.206508 -9.336677 -7.495303 
-12.530700 -9.736440 -6.637930 
-12.166088 -10.647151 -6.832001 
-13.077688 -10.487151 -7.210663 
-12.848159 -10.953655 -8.064883 
-12.730086 -10.572576 -8.981855 
-12.816269 -10.010963 -9.804754 
-11.895763 -10.206616 -9.466540 
-11.201111 -9.640646 -9.022541 
-10.738209 -10.361971 -9.537722 
-10.123189 -9.828762 -8.956827 
-9.741251 -10.738296 -9.120753 
-9.052573 -10.446766 -8.456877 
-8.436791 -10.191098 -9.202160 
-7.855040 -10.934373 -9.532476 
-8.658919 -11.380839 -9.139478 
-9.212169 -11.670833 -8.358571 
-8.548799 -11.680553 -7.610342 
-8.135194 -11.073232 -6.932042 
-8.558354 -10.364953 -7.497088 
14.497196 14.935790 54.119617 
15.009036 14.500881 53.378757 
15.428353 13.617013 53.171509 
16.007503 12.880572 52.821881 
15.622328 11.985350 53.045976 
15.261892 12.016769 52.113721 
16.183557 12.050993 51.727247 
16.917921 12.032253 51.048749 
16.339853 12.828573 50.870671 
15.576827 12.971614 51.501013 
14.613511 13.102687 51.735195 
13.709876 12.678113 51.678793 
14.426850 12.027853 51.427576 
14.093317 11.873738 50.497520 
14.146903 12.259098 49.576311 
14.448963 13.102002 49.131034 
14.752700 13.879715 48.580664 
15.464994 13.200841 48.402431 
16.421660 12.934044 48.285773 
16.428710 12.472501 47.398683 
16.916125 12.807569 46.592361 
16.465089 13.690574 46.722243 
15.665132 13.788372 46.130209 
16.083536 13.809898 45.222204 
15.193174 13.456744 44.934909 
14.666986 13.769463 45.725689 
14.072371 13.041605 46.067237 
14.259026 13.369407 46.993361 
13.438789 13.590996 47.520723 
13.566573 12.768912 48.075565 
13.500852 11.988672 47.453548 
12.693728 12.253249 46.925770 
11.712779 12.063027 46.886346 
11.466322 12.179567 45.924224 
11.178828 13.091050 46.218410 
10.819184 13.336513 45.318185 
10.581838 12.466538 44.885971 
10.530156 12.559547 43.891648 
10.715485 11.596555 44.087350 
11.613613 11.623439 44.526263 
12.214819 11.451094 45.306550 
12.417605 12.426051 45.215246 
12.880458 12.071173 44.402948 
12.991203 12.126268 43.410627 
13.065343 11.148695 43.607746 
12.283639 10.570195 43.840716 
12.329724 9.574620 43.758824 
11.611590 9.326705 43.108576 
12.195982 9.646237 42.362664 
13.164354 9.516917 42.149282 
13.529296 9.600070 43.076592 
13.464061 8.838483 43.721363 
13.367050 7.991808 44.244555 
13.857616 7.633420 43.450261 
13.309882 7.054071 42.846653 
13.845780 6.450761 43.437272 
14.600689 5.836554 43.667187 
15.487310 6.093276 43.282484 
16.022750 5.401922 43.767596 
15.977413 5.345197 42.770236 
16.168408 4.451877 42.363419 
15.506889 4.226253 41.648237 
14.693311 4.490279 42.166291 
13.712425 4.480520 42.360632 
13.061639 3.752835 42.143947 
13.143326 3.892676 43.130746 
14.089215 3.915390 43.454441 
15.028424 3.664400 43.688731 
15.839475 4.113250 44.063871 
16.452398 4.738630 44.546804 
17.038187 5.406292 45.006238 
17.797772 5.309417 44.363085 
17.490135 4.659101 43.668500 
17.690678 4.289386 44.575745 
18.640552 4.043844 44.769265 
18.203398 3.326002 45.311113 
18.580767 2.407451 45.428825 
18.650744 1.661889 46.091577 
19.633292 1.508259 45.986712 
20.373605 1.845080 46.568509 
19.488760 2.119577 46.944939 
19.370184 2.797909 47.670063 
20.340338 2.984480 47.515166 
19.802933 3.612129 48.078417 
20.556804 3.287530 48.649655 
20.646263 2.363389 49.021085 
20.287404 1.966684 49.865979 
19.388691 1.784384 50.264829 
18.607309 1.858026 49.645136 
18.586330 1.468226 48.724476 
18.541462 2.465781 48.778049 
18.620298 3.361525 49.215574 
17.660482 3.637736 49.165950 
17.221073 3.144590 48.415134 
17.816758 2.698531 47.747158 
-19.767004 13.881190 1.887557 
-19.510917 14.591207 1.231587 
-19.315355 15.387791 1.803610 
-19.266072 16.292438 1.380308 
-19.902666 16.316568 0.609486 
-19.302798 15.582077 0.292182 
-18.319420 15.740717 0.380497 
-17.745406 14.983355 0.069189 
-16.873746 14.531972 -0.121758 
-17.335147 14.300764 -0.978293 
-17.674983 15.165014 -1.349217 
-16.868467 15.447554 -1.868547 
-16.156751 15.893126 -2.411617 
-16.451324 15.143128 -3.003841 
-16.594030 14.907836 -3.965232 
-17.412595 14.676283 -4.490907 
-16.774262 13.915598 -4.373053 
-16.506753 13.079119 -4.851321 
-17.078786 12.537796 -4.235085 
-16.255507 12.730440 -3.701138 
-16.123196 13.628608 -3.281867 
-16.711401 13.412027 -2.502696 
-17.314155 14.166760 -2.243725 
-18.064669 14.194861 -2.903981 
-18.996203 14.555075 -2.953874 
-19.651499 15.301764 -3.068086 
-19.579694 15.230237 -2.073235 
-20.219318 14.932315 -1.364629 
-20.513104 14.125643 -0.851823 
-20.385794 14.688842 -0.035368 
-21.110841 14.015312 0.108379 
-21.768752 14.722266 -0.151176 
-21.387969 15.585205 -0.483352 
-20.564432 15.934068 -0.930657 
-21.117639 16.466041 -1.571724 
-21.290737 15.763851 -2.262351 
-21.996740 16.456913 -2.116665 
-22.976485 16.329609 -2.271238 
-23.368057 15.830225 -1.498394 
-22.826608 15.019702 -1.275044 
-22.660257 15.068460 -2.259904 
-22.388583 14.189739 -1.867420 
-22.238693 13.447785 -1.213939 
-23.122766 13.808035 -0.916222 
-24.082244 13.936261 -0.665304 
-24.646485 13.451217 0.002801 
-23.796461 13.781207 0.413369 
-23.155535 14.453280 0.784220 
-23.437722 15.173599 0.150571 
-22.556508 15.514098 -0.177335 
-22.414914 15.772040 0.778394 
-22.851794 15.160878 1.438407 
-22.829205 14.216516 1.766537 
-23.761685 14.200909 2.127421 
-24.210817 14.963687 1.662178 
-24.640272 15.656951 2.240929 
-24.789560 15.477585 3.213319 
-25.532156 15.889359 2.685120 
-25.016943 16.596613 3.169215 
-24.168960 16.827067 2.691915 
-23.535637 17.305063 2.083292 
-24.398136 17.801391 1.984533 
-23.588440 18.361315 2.160250 
-22.912844 18.308808 2.895650 
-22.545422 18.332217 1.965890 
-21.677499 17.840887 2.038730 
-21.288368 18.683743 2.410443 
-20.675762 19.391750 2.059103 
-21.320800 18.999243 1.403463 
-21.763164 19.346336 0.576517 
-22.447350 18.639285 0.397717 
-21.825781 17.855931 0.400669 
-21.741946 18.228595 -0.523502 
-22.356554 17.522844 -0.875883 
-22.794118 17.533871 0.023237 
-22.437331 16.608697 0.152683 
-23.254267 16.475638 -0.408487 
-23.694381 16.881209 0.392644 
-24.583099 17.043158 0.821542 
-25.154925 16.860135 0.021843 
-25.995708 17.040097 0.532429 
-26.106186 16.871835 1.511960 
-27.056588 16.588147 1.639464 
-26.979828 16.827764 0.671635 
40.830596 5.455290 -11.501743 
41.530504 4.945183 -11.001823 
42.273151 5.492811 -11.387284 
41.925331 4.780668 -11.997098 
41.459256 3.916536 -12.186970 
40.794615 3.194395 -11.995233 
40.847361 3.981660 -11.380879 
40.743544 4.053224 -10.388860 
39.987723 3.568954 -10.829560 
39.535124 4.018238 -11.599819 
39.349211 3.599713 -12.488792 
39.915355 3.764326 -13.296495 
40.429107 4.547717 -12.946698 
40.431979 5.461683 -12.540917 
40.098954 6.049118 -13.278490 
41.013952 6.450380 -13.236463 
41.972870 6.354932 -13.503606 
41.422462 6.486791 -14.328023 
41.751676 6.414854 -15.269534 
41.495684 5.551116 -15.703613 
40.584010 5.773998 -16.048827 
40.108842 6.562271 -16.439776 
40.341019 7.528760 -16.330268 
41.259445 7.320587 -16.666657 
40.853240 7.269441 -17.579006 
40.017361 7.783902 -17.387602 
39.660484 7.253918 -18.156859 
39.581329 6.678019 -18.970539 
39.000265 7.373335 -19.393505 
38.029699 7.136452 -19.436958 
38.236983 6.205608 -19.737894 
38.915641 6.693279 -20.287076 
39.441639 5.850397 -20.400545 
40.120971 6.583752 -20.426955 
40.433573 5.784103 -19.914274 
41.384573 5.865264 -20.212622 
41.130383 5.286095 -20.987187 
40.237475 4.958384 -20.678445 
39.693953 4.400481 -20.051287 
38.820104 3.989818 -20.311565 
39.282229 3.112176 -20.438789 
38.606167 2.433942 -20.726778 
38.522638 2.096022 -19.789316 
37.676284 2.481911 -20.156435 
37.885733 3.182986 -19.474800 
37.428335 3.709824 -20.191199 
37.229934 4.680668 -20.056664 
36.512914 5.346853 -19.851530 
37.079071 5.247780 -19.033208 
37.130304 4.448769 -18.434078 
36.535862 4.777214 -17.700074 
37.231888 4.631885 -16.996918 
37.584820 4.947366 -16.116061 
38.096835 4.180658 -15.728765 
38.759675 4.157912 -16.477180 
39.695606 4.366830 -16.193656 
39.655785 3.832296 -15.349448 
39.982000 3.851595 -14.404349 
40.106885 4.728969 -13.941081 
39.296299 5.088585 -13.478883 
38.759445 4.372120 -13.924378 
38.311239 5.219607 -13.639988 
37.543359 4.591129 -13.763991 
37.769808 4.097894 -12.924087 
38.450684 4.364790 -12.242049 
39.199730 5.018345 -12.350657 
38.952671 5.854748 -11.861379 
38.442714 6.464943 -11.255074 
39.233249 7.056226 -11.414568 
39.910926 7.518345 -10.842554 
40.011931 6.523467 -10.838783 
39.370839 6.064995 -10.223312 
38.968020 6.327340 -9.346435 
39.357018 5.417076 -9.204657 
40.224034 4.923569 -9.135858 
39.918990 4.044991 -8.768367 
40.442922 3.194080 -8.730341 
39.839340 2.615132 -9.278527 
39.861527 1.973359 -10.045100 
39.175427 1.248933 -10.111975 
38.198973 1.147209 -9.921738 
37.963931 0.840574 -8.999388 
51.491096 -8.780510 -52.852543 
51.236862 -7.932380 -53.317344 
51.567962 -7.637380 -54.213641 
51.448861 -8.573239 -54.545276 
50.620213 -8.634548 -55.101679 
50.254572 -8.369113 -54.209574 
50.148420 -7.456540 -53.814679 
49.737626 -7.680189 -52.930807 
48.903335 -7.130196 -52.969090 
48.165307 -7.252083 -53.632761 
47.766126 -6.685224 -54.353403 
48.370783 -7.144093 -55.004424 
48.462715 -6.176464 -55.239459 
47.476232 -6.122083 -55.394037 
46.661334 -5.750585 -55.838929 
46.578764 -6.686361 -56.181718 
46.494559 -7.650524 -55.930123 
45.685377 -7.529254 -56.505030 
44.726845 -7.312592 -56.319895 
43.778735 -7.259071 -56.633300 
42.906725 -7.710215 -56.443390 
43.598933 -8.424438 -56.339794 
43.527583 -8.262262 -57.323973 
43.636254 -8.692639 -58.220057 
43.339144 -8.028307 -58.905906 
42.853325 -7.508493 -59.608596 
42.676201 -6.786166 -58.940112 
41.794829 -6.976131 -58.507567 
41.932436 -7.528490 -57.685397 
41.904980 -6.531582 -57.611779 
42.512330 -5.870279 -58.052011 
42.175123 -5.246035 -58.756718 
42.411640 -4.524212 -59.407126 
42.257586 -3.561934 -59.182877 
43.203927 -3.705003 -58.893102 
43.378579 -2.840450 -59.364320 
43.161207 -2.779266 -60.338489 
42.287985 -3.259230 -60.422857 
42.068832 -2.908049 -61.333156 
42.854799 -2.455194 -61.754080 
43.103080 -3.384740 -62.026663 
42.927529 -3.474517 -63.007032 
42.630461 -3.004451 -63.838168 
42.337375 -3.946826 -63.676834 
42.485941 -4.685954 -64.333811 
42.399650 -4.728621 -65.329167 
42.421073 -3.749928 -65.124958 
41.752371 -3.184148 -65.607380 
42.349821 -2.598211 -66.154856 
42.826882 -2.085097 -66.868388 
43.677907 -1.573827 -66.748557 
43.176989 -0.967392 -66.131048 
43.990972 -1.190480 -65.594706 
43.711154 -2.091077 -65.262100 
43.426593 -1.962611 -64.312089 
42.496512 -1.702642 -64.571638 
43.079961 -0.906270 -64.730945 
42.828930 -0.035708 -64.307736 
42.120567 -0.126819 -63.607792 
41.328393 0.291135 -64.052510 
40.442756 0.755355 -64.040441 
40.634745 0.944914 -65.003357 
40.152252 1.043346 -65.873709 
39.479561 0.375817 -65.554504 
39.197456 0.657864 -64.637516 
39.550764 -0.260250 -64.457958 
40.396757 -0.504335 -64.932004 
39.633037 -0.712723 -65.542992 
39.822858 -0.642004 -66.522260 
40.668325 -1.008135 -66.133501 
41.267383 -1.452527 -66.799568 
42.027351 -0.804168 -66.753953 
41.355109 -0.194824 -67.174419 
41.541995 0.562452 -66.548635 
42.118967 1.113657 -67.151359 
42.894880 0.640363 -66.734283 
43.892449 0.574737 -66.710845 
44.335982 0.328423 -65.849099 
44.783402 0.742268 -65.056288 
44.306220 0.040172 -64.527744 
12.437836 -23.704810 -79.547543 
12.001913 -22.994548 -78.994824 
12.251109 -22.101059 -78.621220 
11.546320 -21.733038 -79.227712 
11.303270 -22.407712 -79.924664 
12.193073 -22.131343 -80.287804 
12.298148 -21.281482 -79.771379 
11.793303 -20.679979 -79.152246 
11.552616 -20.049676 -79.890343 
11.161818 -19.790465 -80.773568 
11.175355 -18.816665 -80.546566 
12.173178 -18.881786 -80.536120 
12.487683 -18.046920 -80.084362 
13.210788 -17.415860 -80.365222 
13.928377 -16.760572 -80.129289 
13.898627 -17.381096 -79.345666 
14.136057 -18.195639 -78.816376 
13.669201 -18.467206 -77.974772 
14.082546 -18.371626 -77.069228 
14.112542 -17.676130 -76.351324 
14.509124 -18.428336 -75.825103 
15.388490 -18.200101 -76.242983 
15.796590 -18.184162 -77.155781 
16.661185 -17.746015 -76.909806 
17.259943 -18.333658 -76.365597 
17.402793 -17.747843 -75.567841 
17.478236 -16.836371 -75.163455 
16.554355 -17.209871 -75.080137 
15.829760 -17.897883 -75.120144 
16.410437 -18.418280 -74.494044 
16.269532 -18.665949 -73.535501 
16.845096 -19.195777 -72.912597 
17.479200 -18.761708 -72.272678 
17.978069 -18.384595 -73.053009 
18.630281 -17.682883 -72.766269 
18.051235 -17.905990 -71.982095 
17.731532 -17.017029 -72.310027 
16.965153 -17.627805 -72.509063 
16.601915 -18.163015 -71.746430 
17.013613 -17.690415 -70.967230 
16.113204 -18.108268 -70.846145 
16.287178 -17.524363 -70.053183 
15.304195 -17.463982 -70.226668 
15.549085 -17.193166 -71.157629 
15.674967 -16.458936 -71.824757 
14.716190 -16.425276 -72.106918 
14.683343 -15.457684 -71.856543 
14.265796 -14.640176 -71.459888 
13.517998 -15.116716 -70.997603 
13.576861 -14.382179 -70.321592 
12.767868 -13.964517 -70.735222 
12.535281 -14.773826 -71.274595 
12.460808 -14.943460 -72.257284 
12.194478 -15.904719 -72.328343 
12.258862 -15.723699 -73.309713 
13.077292 -16.130878 -73.715150 
14.006831 -15.781843 -73.596276 
14.246793 -16.722548 -73.836050 
15.204080 -16.979097 -73.969406 
16.152372 -17.062308 -73.663108 
16.409441 -16.111965 -73.487717 
17.187569 -16.271533 -72.880218 
17.100076 -16.310298 -71.884808 
17.822847 -15.711211 -71.540285 
18.338951 -16.226615 -70.856184 
17.492254 -15.794080 -70.546317 
16.644517 -15.842662 -70.018130 
15.664348 -15.662758 -69.935047 
16.098298 -15.470921 -69.054772 
16.197628 -15.529867 -68.061465 
17.052240 -16.048931 -68.046881 
17.777888 -15.361109 -68.065221 
18.701947 -15.186745 -68.405386 
19.482746 -15.444697 -68.974433 
20.398213 -15.098590 -69.179686 
20.862436 -14.248140 -69.427138 
20.564933 -13.451751 -69.953689 
19.626837 -13.311773 -70.270518 
1.627096 31.878590 -58.252543 
2.481654 31.645664 -57.788350 
3.086281 32.285245 -57.313626 
3.463656 32.497342 -56.412181 
4.314941 33.016081 -56.491063 
5.297134 33.199182 -56.533146 
6.252612 32.991494 -56.323554 
7.140326 33.135643 -55.886307 
7.929862 32.550774 -55.700401 
7.499636 32.052073 -56.452866 
7.178894 32.757821 -57.084565 
6.994179 32.520584 -58.038295 
7.365938 33.295732 -58.549118 
8.004087 32.609847 -58.199365 
8.513739 31.797486 -57.915950 
8.055408 31.024236 -57.477752 
8.628937 30.321061 -57.898002 
8.233924 30.300618 -58.816450 
7.492172 29.758501 -59.211309 
8.209315 29.737943 -59.907932 
8.142683 30.733177 -59.979141 
7.188530 30.765491 -59.681572 
7.603436 31.590392 -59.297656 
8.504251 31.860889 -59.637310 
9.170436 32.546386 -59.343557 
9.006004 33.416405 -59.808346 
8.506118 33.317528 -60.668774 
7.593923 33.585558 -60.358839 
7.152571 34.469526 -60.204538 
7.548690 35.360725 -59.983507 
7.877744 35.020732 -59.102526 
7.260866 34.233820 -59.117708 
6.823243 35.130398 -59.185785 
6.705318 35.886041 -59.830065 
6.832796 36.057599 -60.806956 
6.496429 35.117650 -60.864869 
5.664020 35.634724 -61.064195 
5.505379 34.905090 -61.729377 
6.010333 34.045766 -61.810514 
6.455627 33.642681 -62.610036 
5.636096 33.103261 -62.803414 
5.429418 33.185231 -61.828445 
4.772344 32.456861 -61.634198 
5.303527 31.784512 -62.149748 
6.020238 32.070559 -62.785753 
5.366508 32.278495 -63.513351 
4.495204 32.306859 -63.023428 
3.553955 32.551641 -62.790764 
3.600755 33.508161 -62.502876 
4.352797 33.559002 -63.160029 
3.564356 33.506698 -63.772912 
3.981885 34.392836 -63.973983 
3.884401 34.835179 -63.082451 
3.055015 34.310952 -63.275596 
2.609443 34.047013 -62.420142 
2.579258 33.125845 -62.808135 
2.625956 32.902241 -61.834575 
2.317816 32.422395 -61.013114 
1.547382 32.741677 -60.461309 
1.905885 33.640420 -60.208846 
1.340664 34.448038 -60.377006 
0.351217 34.388984 -60.509322 
-0.303853 33.856346 -59.973429 
0.506252 33.490673 -59.515157 
1.348960 33.003132 -59.286800 
0.812203 32.243610 -59.654248 
-0.016483 31.744474 -59.400986 
0.206138 30.813804 -59.691320 
-0.493050 30.256655 -59.243302 
-1.362409 30.029054 -58.804652 
-2.030112 29.342804 -58.516150 
-1.535415 28.889438 -59.257590 
-1.291463 29.612787 -59.903542 
-2.250260 29.337912 -59.975330 
-2.007694 29.519181 -60.928379 
-1.437262 30.333592 -60.821884 
59.372596 22.507590 51.890457 
60.272971 22.190567 51.592428 
60.969342 22.834468 51.909380 
61.487632 21.979633 51.934523 
61.123921 21.888473 52.861563 
61.576845 21.451406 53.638630 
61.550281 20.499506 53.333375 
61.551633 20.222821 54.294334 
61.702083 19.234930 54.256432 
62.067000 19.673366 55.077778 
62.885041 19.786038 54.513762 
63.302010 20.694445 54.544337 
63.698173 20.436848 53.663031 
64.205934 20.937291 52.961792 
64.288630 20.980636 51.966161 
64.329106 19.986843 51.862534 
63.363567 19.740553 51.946650 
62.803238 20.401847 51.447930 
62.203484 19.950150 50.787425 
61.793959 20.832954 51.017528 
62.332239 21.040597 50.200743 
62.851717 21.284005 49.381661 
62.588991 20.368749 49.076239 
62.694024 19.579687 49.681506 
63.236382 19.053029 49.026922 
62.969450 19.290444 48.092909 
62.640673 18.731955 47.331335 
63.206238 18.054367 47.801452 
63.138810 17.217813 47.257731 
62.997219 16.598441 48.029955 
63.483798 16.488056 48.896590 
64.009402 15.731687 49.286009 
63.496977 15.584001 50.131946 
63.966021 15.613786 51.014619 
63.456122 16.003572 51.781476 
63.248198 15.205898 52.347589 
62.365498 15.330021 52.800837 
62.558165 16.304856 52.912980 
61.965754 16.737761 53.592423 
62.095020 17.727154 53.526147 
62.160513 18.061515 54.466314 
62.546794 18.497163 55.279331 
63.459831 18.287638 54.929385 
63.507285 17.830970 54.041014 
63.969902 16.946186 54.097060 
63.360009 16.667843 54.839054 
62.996591 16.021905 54.167718 
63.224009 15.291529 53.523645 
63.145303 14.663852 54.298130 
63.314736 14.092918 53.494807 
62.821773 13.820936 52.668361 
62.024743 13.506576 52.152686 
62.736076 13.791646 51.510238 
63.637130 14.188430 51.335126 
64.213289 13.604838 50.762884 
63.924526 14.305485 50.110420 
64.235807 14.488538 49.177898 
64.118506 14.157040 48.241763 
63.348967 14.795569 48.251226 
62.675137 14.108450 47.979528 
62.724374 13.816545 47.024349 
62.158379 13.117877 47.461970 
63.068461 12.708265 47.524965 
62.791206 11.747976 47.556197 
62.631015 12.318750 48.361527 
62.220095 11.552579 48.855619 
62.444602 10.723768 49.368131 
63.009133 10.197963 48.731865 
36.954296 40.782990 -8.715843 
36.324586 40.416220 -8.031047 
37.145307 40.863032 -7.674991 
37.392735 41.814918 -7.494176 
38.114806 42.499327 -7.393194 
37.934025 43.086480 -8.182224 
38.908805 43.268767 -8.310966 
38.733945 44.251439 -8.372430 
39.048784 44.388339 -9.311651 
39.958016 44.062162 -9.570313 
39.468167 43.266154 -9.925868 
40.025435 42.658511 -9.359986 
39.909773 42.299306 -8.433922 
39.380094 41.464159 -8.582146 
39.294112 40.526815 -8.244516 
39.583960 41.148691 -7.517015 
38.853179 41.418563 -6.890015 
39.788438 41.321050 -6.549747 
40.764394 41.538600 -6.536241 
41.215177 42.431172 -6.546715 
42.017226 42.177469 -6.006018 
42.384463 42.825951 -6.672808 
42.773213 43.125511 -7.544092 
42.465292 43.566981 -8.386879 
42.758955 42.620494 -8.520764 
43.638079 42.188712 -8.319007 
44.430060 42.790668 -8.421057 
44.979863 43.301204 -7.759944 
44.686069 43.781919 -8.586140 
44.518461 43.227653 -9.401429 
43.672587 43.556845 -8.981750 
42.785723 43.242669 -9.320520 
42.647725 43.025236 -10.286791 
43.442356 43.631812 -10.261759 
43.636687 44.595756 -10.079970 
42.697149 44.434250 -10.381937 
42.619887 45.421152 -10.523551 
42.566298 46.408386 -10.373562 
43.361149 45.944560 -9.982310 
43.466375 46.938539 -9.951744 
43.833384 47.848497 -10.144827 
44.035459 47.999675 -9.177196 
43.544262 48.856669 -9.021355 
43.683547 48.910315 -8.032556 
43.846462 48.705329 -7.067445 
44.141474 48.051333 -7.764049 
43.389602 47.651357 -8.288175 
43.837174 46.919273 -8.801722 
43.337044 46.072457 -8.620692 
43.165621 45.192631 -9.063998 
42.420416 45.116854 -8.401482 
43.221109 45.030778 -7.808624 
44.142189 45.232815 -8.141480 
44.160488 44.564219 -7.398080 
43.895918 45.297501 -6.771741 
44.107000 45.425044 -5.802630 
43.935175 46.339289 -6.169553 
43.580352 47.263110 -6.313269 
42.709610 47.666444 -6.031970 
41.967163 47.003662 -6.129404 
42.106969 46.768251 -7.091192 
41.179817 46.687674 -7.457111 
40.525544 45.958772 -7.658675 
40.903836 45.242780 -7.071947 
41.881012 45.038550 -7.130406 
-29.247904 4.910190 71.874057 
-30.239976 4.817765 71.788906 
-30.642685 5.410138 72.486703 
-31.471152 5.338120 73.042091 
-32.342673 4.848511 73.069183 
-32.609594 5.807300 73.166526 
-33.456128 6.318324 73.017410 
-32.664649 6.699717 72.539812 
-33.413216 7.177651 72.080219 
-34.160245 7.842443 72.079960 
-33.445830 8.525864 72.230119 
-33.136516 8.154751 73.105677 
-33.959939 7.781315 73.532899 
-34.232156 6.832872 73.695243 
-34.527733 5.880361 73.622055 
-34.987030 6.212992 74.445707 
-34.668930 6.363627 75.381720 
-34.009277 6.644516 76.078829 
-34.059340 7.486841 75.542189 
-33.231779 7.942098 75.870644 
-32.240946 7.914099 76.002807 
-32.366553 8.145455 75.038080 
-32.362718 9.038599 74.588326 
-32.739275 9.737912 73.980736 
-32.995868 10.684645 74.175304 
-33.771014 10.178297 74.553141 
-33.374433 10.554098 75.390695 
-32.818554 10.487227 76.219265 
-33.593155 9.916756 76.492316 
-32.820524 9.450599 76.061341 
-32.323259 9.498404 76.927622 
-31.919089 8.955977 76.191130 
-31.285222 8.833272 75.427484 
-31.255866 7.840054 75.314985 
-31.469260 6.873344 75.456178 
-31.030720 6.891031 76.354715 
-30.095600 6.940281 76.705608 
-29.819467 6.260608 77.385163 
-30.031394 5.859490 76.493989 
-30.379029 4.953995 76.737357 
-30.431145 4.137017 76.163047 
-31.338255 4.471134 75.907084 
-31.483469 3.631589 75.383560 
-32.172896 3.002616 75.742841 
-32.933562 2.690342 75.173744 
-33.574390 3.245025 74.643023 
-33.938324 3.369667 75.566070 
-34.635452 3.475154 76.275214 
-34.932955 3.928904 77.115216 
-34.935602 4.849727 77.505187 
-35.318621 4.587370 78.390888 
-34.717322 5.384551 78.445136 
-33.973183 4.763667 78.691630 
-33.249281 5.371201 79.018539 
-33.696140 6.232398 78.776346 
-33.932687 6.977835 78.153153 
-34.881889 6.663172 78.154631 
-35.271198 7.575322 78.026484 
-35.023139 8.540469 77.943064 
-34.479338 9.096932 78.571260 
-34.859877 9.537084 77.757960 
-34.602845 10.435101 77.400890 
-35.563853 10.366891 77.132912 
-36.463876 10.015369 76.875250 
-37.128432 9.373598 77.257998 
-37.725585 9.090004 78.008320 
-38.500223 8.471064 78.138124 
-37.766850 7.835619 78.379732 
-38.590400 7.451224 78.796873 
15.045476 -16.606810 29.278657 
15.365978 -16.011619 28.541753 
16.226638 -15.796039 29.003044 
17.120076 -15.377076 28.841059 
17.088992 -15.267959 29.834601 
17.047241 -14.673336 30.637521 
17.906975 -14.401236 30.205295 
17.350686 -13.767585 29.667681 
17.442431 -12.774416 29.739783 
18.293887 -13.138515 30.117214 
18.256233 -12.563005 30.934141 
18.906197 -11.989534 31.432819 
19.764947 -11.757122 30.976165 
19.327727 -12.443585 30.395126 
20.111547 -13.026754 30.608529 
20.533036 -12.510452 31.354036 
21.469404 -12.272913 31.612473 
21.765134 -12.932721 30.921678 
22.443306 -12.777183 31.639933 
22.392249 -12.266554 32.498217 
21.522838 -11.775170 32.549849 
20.652052 -11.630987 33.019895 
19.932872 -11.511626 32.335401 
20.422378 -10.639629 32.333189 
20.647465 -9.705717 32.055443 
21.017393 -9.037421 32.700837 
20.638823 -8.401306 32.028496 
20.493893 -7.590315 32.595320 
20.945802 -7.011192 33.273843 
20.861094 -7.921605 33.678778 
20.523286 -8.472127 34.442198 
19.899493 -8.488565 35.223615 
19.802618 -7.557422 34.872063 
19.835414 -6.568118 35.014194 
19.135372 -6.125873 34.453515 
18.893836 -7.070654 34.232044 
19.036591 -7.827759 33.594539 
18.767828 -7.601096 32.658381 
18.717149 -6.949548 31.901469 
17.717689 -6.920268 31.916363 
18.122053 -7.637852 31.349297 
18.942677 -7.816059 30.806326 
18.896964 -8.695022 30.331633 
18.742482 -8.157938 29.502370 
19.254768 -8.594541 28.762815 
19.283265 -9.308158 28.062859 
20.060536 -8.913455 27.572900 
20.138592 -9.907849 27.501568 
19.721534 -10.805844 27.641811 
19.920594 -10.776891 28.621370 
20.444273 -11.247658 29.331397 
21.006463 -10.922161 30.091656 
20.630136 -10.014679 29.904965 
20.086140 -9.222092 29.629509 
20.341726 -9.771029 28.833680 
20.884913 -8.947518 28.997319 
21.811109 -9.250805 28.773314 
22.688376 -9.706266 28.621794 
23.354968 -10.287413 28.154973 
23.515671 -9.914492 27.241132 
22.915051 -10.676470 26.998964 
23.822842 -11.072424 27.137299 
24.158475 -11.495589 26.295703 
24.757829 -10.710601 26.138958 
-46.144604 -51.791610 -12.645343 
-45.155725 -51.673048 -12.555559 
-44.665163 -51.294211 -13.340308 
-43.695048 -51.196250 -13.562299 
-43.842569 -51.670545 -14.430217 
-43.877005 -52.387328 -13.733772 
-43.480750 -52.987714 -13.039137 
-43.572406 -53.770043 -13.655221 
-43.836752 -54.259610 -12.824291 
-43.806041 -54.641154 -11.900451 
-43.631093 -53.656978 -11.872353 
-43.999006 -53.583292 -10.945417 
-43.306458 -53.805711 -10.259190 
-43.029867 -52.856586 -10.409719 
-43.397878 -52.495801 -11.266692 
-42.585935 -52.051128 -11.644863 
-42.964790 -51.129937 -11.733600 
-43.470882 -50.986010 -12.583986 
-43.323206 -50.202437 -11.980492 
-44.289172 -50.394185 -12.154105 
-44.268896 -51.128648 -11.475759 
-44.153211 -50.734749 -10.563914 
-43.678287 -49.951226 -10.163242 
-42.873170 -50.107424 -10.735421 
-41.995243 -50.481406 -11.034388 
-41.356751 -49.850177 -10.594070 
-42.088537 -49.261099 -10.936819 
-42.331147 -48.860341 -10.053341 
-42.945477 -49.221605 -9.351851 
-43.115145 -50.083654 -8.874269 
-42.442807 -50.740046 -9.216482 
-42.771009 -51.239817 -10.018051 
-42.044808 -51.561829 -10.625456 
-41.281775 -51.329490 -10.022299 
-40.605022 -51.717473 -10.647978 
-39.756003 -51.845190 -10.135286 
-39.137465 -52.189516 -9.428993 
-38.843020 -52.823102 -8.713540 
-38.293294 -53.584142 -8.369129 
-37.585856 -53.161211 -7.802860 
-36.614386 -53.295829 -7.998114 
-36.436669 -52.312641 -7.956202 
-37.339027 -51.910501 -7.801171 
-37.778840 -51.374160 -7.080822 
-37.517680 -50.717208 -7.788076 
-36.820933 -50.000760 -7.752774 
-36.814997 -49.003294 -7.681879 
-37.638756 -48.650925 -7.237742 
-37.210866 -47.747323 -7.217410 
-37.059192 -46.783356 -6.998860 
-37.244280 -46.453310 -6.073219 
-37.731809 -46.352155 -5.205992 
-37.901042 -45.624434 -5.870659 
-38.255664 -44.696143 -5.758772 
-38.434607 -44.034707 -6.487114 
-37.720282 -44.334609 -7.119410 
-37.428965 -44.927097 -7.870471 
-38.322466 -44.853067 -8.313387 
-39.039437 -45.463550 -7.976841 
-38.949271 -44.911856 -7.147682 
-39.693841 -44.293695 -6.895706 
-40.669790 -44.222176 -6.689772 
-40.803730 -45.160593 -6.371285 
-6.513804 -37.058010 27.644657 
-7.230328 -37.510392 28.175640 
-7.350909 -36.601244 28.574274 
-6.893547 -36.643093 29.462569 
-7.628177 -36.726881 30.135844 
-8.478450 -36.304899 29.821254 
-8.347457 -35.899771 30.726081 
-7.897495 -35.041303 30.479980 
-8.328202 -34.142143 30.557461 
-8.308238 -34.639989 31.424497 
-7.483458 -34.191247 31.768546 
-7.023445 -34.155055 30.881372 
-6.820459 -33.978128 29.918307 
-7.438475 -34.167237 29.155225 
-8.195863 -33.685556 29.596073 
-7.819763 -33.218595 30.396383 
-7.720550 -32.884273 31.333605 
-8.272412 -32.067180 31.166854 
-8.060587 -32.110845 32.143185 
-8.833626 -31.538833 32.417436 
-9.183731 -30.793081 32.984252 
-9.786210 -30.849364 32.188105 
-10.433480 -31.124401 32.899016 
-10.699786 -30.321182 33.431858 
-10.219069 -29.444365 33.441936 
-9.812723 -29.092851 32.598538 
-8.935932 -29.084291 33.079333 
-8.426987 -29.860958 32.708169 
-7.944796 -28.985504 32.740926 
-8.145799 -28.024017 32.553472 
-7.884158 -28.064000 31.589135 
-8.508717 -28.055125 30.808208 
-8.880907 -28.966273 30.631331 
-8.934878 -28.978132 29.632859 
-8.606486 -28.849012 28.697185 
-9.350079 -28.724776 28.040196 
-9.554760 -27.807522 27.698506 
-9.188451 -26.879369 27.632559 
-8.585317 -27.487930 28.148198 
-8.399922 -27.725730 29.101655 
-7.948975 -27.440454 29.947388 
-7.105427 -27.879446 30.256764 
-6.765946 -27.765114 31.190403 
-7.027591 -26.884678 30.794961 
-6.108807 -27.224530 30.594123 
-5.244141 -27.725492 30.556828 
-4.818434 -27.236207 31.317994 
-5.551211 -27.258218 31.998106 
-5.264943 -27.548153 32.911336 
-5.111294 -26.571809 32.759200 
-4.650993 -25.685286 32.712317 
-5.270012 -25.609777 33.494055 
-4.830784 -24.735288 33.288269 
-4.705179 -24.416865 34.227860 
-5.310279 -23.939703 34.865175 
-4.845841 -23.232654 35.398448 
-4.567922 -23.243873 36.358987 
-3.912742 -23.931643 36.046397 
-4.553940 -24.697290 35.994918 
-4.546021 -25.473906 36.624842 
-4.002048 -26.202182 37.041624 
-3.349542 -25.559845 37.443667 
-2.356076 -25.529696 37.333587 
-0.692204 52.445710 45.774617 
-0.429296 51.565813 45.378813 
-1.005209 50.815564 45.703542 
-0.240903 50.335284 45.273233 
-0.096694 50.439791 44.289220 
0.613914 49.762606 44.480157 
1.476165 49.376328 44.152569 
1.056095 48.648228 43.610894 
0.743970 47.793864 44.026394 
1.574593 47.845325 44.580846 
1.930491 46.929663 44.394033 
1.629041 46.068772 43.984163 
1.039370 45.734586 44.719423 
0.222966 45.157982 44.751238 
0.556871 45.586623 45.590746 
0.323993 46.034264 46.454103 
0.728563 46.148498 47.361447 
0.609899 45.749846 48.270839 
1.573831 45.573453 48.071536 
1.919085 44.683420 48.369261 
2.805592 45.063637 48.105559 
3.742993 44.720030 48.048866 
3.584433 44.848858 49.027774 
4.452823 45.085988 49.463284 
4.776525 45.512795 50.307708 
5.393807 46.250935 50.579945 
5.235984 46.957393 49.890010 
4.627119 47.744275 49.789512 
4.169823 47.804091 50.676813 
4.151885 48.792117 50.523576 
3.364424 48.731958 51.136998 
2.615109 48.615857 50.485041 
2.982214 47.691585 50.380382 
2.527448 47.539164 51.257853 
3.264820 46.903623 51.029009 
3.697759 46.175004 50.498275 
3.061286 46.110299 49.729695 
2.329026 46.089347 50.410398 
1.692649 46.380810 51.124592 
1.170257 46.849693 50.412374 
0.882121 46.127355 49.783720 
1.417865 45.518713 50.368983 
1.914526 44.651546 50.405721 
1.116869 44.264309 50.868097 
1.595671 45.045009 51.269664 
1.554138 45.583636 52.111184 
1.051240 44.861624 52.586360 
0.869355 43.879212 52.628620 
0.635348 43.801391 51.659504 
-0.249060 43.856912 52.122904 
-1.138598 43.997633 51.688255 
-0.863440 44.720990 51.054976 
-1.422787 45.542312 51.167051 
-1.749007 45.506149 52.111653 
-1.843534 45.472362 53.106602 
-2.480846 44.769956 53.423555 
-2.948503 44.152357 52.791204 
-3.672604 44.307062 52.119086 
-3.419956 43.703513 51.362847 
-2.932210 44.575614 51.323573 
-2.284359 43.850796 51.089207 
-1.927007 43.265484 50.361395 
-1.792310 42.646465 49.587656 
-0.830175 42.400978 49.469194 
-0.340799 41.645366 49.904581 
-0.761733 40.909585 50.435090 
-50.010404 -13.607310 -51.936543 
-49.678878 -12.665203 -51.886295 
-50.122902 -11.843179 -51.529757 
-49.295537 -11.464668 -51.114790 
-49.159129 -10.612489 -51.619946 
-48.162471 -10.532940 -51.601396 
-47.300466 -10.160108 -51.257966 
-46.987799 -9.259102 -50.957256 
-47.976913 -9.121189 -50.905932 
-48.926446 -9.199990 -51.209538 
-49.896613 -9.020466 -51.046606 
-50.064675 -8.549872 -51.912803 
-50.703639 -8.237132 -51.210010 
-51.078697 -7.774616 -52.013385 
-51.859218 -8.377204 -51.847025 
-52.806678 -8.228448 -52.130204 
-52.541292 -9.023041 -52.676274 
-52.541120 -9.846184 -52.108440 
-53.329459 -10.382323 -52.410231 
-54.099363 -9.925127 -51.965012 
-54.307522 -10.874653 -51.730339 
-54.760179 -11.720605 -52.012237 
-53.986119 -12.305213 -51.769205 
-53.616291 -12.187822 -52.690859 
-53.937487 -12.670225 -53.505795 
-53.821084 -13.475292 -54.087446 
-53.839825 -13.682396 -55.065585 
-52.925143 -14.084510 -55.106333 
-53.136245 -14.533611 -54.238148 
-53.024241 -15.297519 -54.873679 
-52.124082 -15.691158 -55.060127 
-51.655011 -16.318428 -54.438432 
-51.004982 -16.347314 -55.197792 
-51.643604 -16.964059 -55.657994 
-51.496052 -17.626208 -54.923292 
-50.793766 -17.970615 -54.300252 
-50.082241 -17.963911 -55.002881 
-50.446922 -18.096400 -55.924539 
-50.458631 -18.667383 -56.745417 
-49.528060 -19.019189 -56.644073 
-49.550964 -19.593937 -57.462083 
-50.548074 -19.646769 -57.407479 
-50.046701 -20.511412 -57.375592 
-49.751270 -21.287518 -57.932711 
-50.290572 -20.864529 -58.660883 
-49.323723 -20.610004 -58.681399 
-48.535547 -20.044671 -58.924662 
-49.387075 -19.910815 -59.431597 
-49.341947 -19.312779 -60.231795 
-48.888618 -18.422320 -60.271493 
-48.293362 -17.951315 -59.620476 
-47.579403 -17.262589 -59.746647 
-46.663033 -17.542249 -59.460192 
-46.243182 -16.689159 -59.769971 
-45.353191 -17.078527 -60.007264 
6.587996 -50.648610 -23.862743 
5.964128 -49.887892 -23.683587 
5.535845 -48.986831 -23.751872 
6.307862 -48.355605 -23.677423 
6.339611 -47.757487 -24.478202 
7.219164 -47.420330 -24.813930 
8.077603 -47.220027 -24.341743 
8.101077 -46.515071 -25.050606 
8.945899 -46.715659 -25.546630 
9.617700 -47.436853 -25.377625 
9.918920 -46.623028 -24.880680 
9.700547 -47.283449 -24.162239 
10.196593 -47.742120 -23.424975 
10.190085 -48.257265 -24.282054 
9.722595 -49.040373 -24.692169 
10.484972 -49.642234 -24.454378 
10.834808 -49.199438 -25.279936 
10.379749 -49.345797 -26.158287 
10.748097 -48.426045 -26.293846 
10.622665 -47.955252 -25.420565 
11.243899 -48.056181 -24.643467 
12.132458 -48.415046 -24.357673 
12.952857 -48.038069 -24.787596 
13.243517 -48.661694 -25.513274 
13.488480 -49.387706 -26.155847 
13.578763 -49.196935 -27.133320 
12.760664 -49.542758 -27.592799 
12.395360 -49.142962 -26.752135 
11.401186 -49.241703 -26.708919 
11.663962 -49.566882 -25.800509 
11.866354 -50.526053 -25.602949 
11.907545 -51.457206 -25.240657 
11.846906 -52.345929 -25.695073 
10.868802 -52.235325 -25.518782 
10.874724 -53.050588 -24.939721 
9.987476 -53.338808 -24.579554 
9.323851 -54.084788 -24.635363 
8.943158 -54.104705 -25.559850 
9.704463 -54.209801 -26.199669 
8.879051 -53.958036 -26.704950 
8.255311 -53.189565 -26.562119 
7.293380 -53.141827 -26.831210 
7.355502 -52.147258 -26.747698 
6.357429 -52.128976 -26.806983 
6.433518 -52.357592 -27.777521 
6.386765 -53.326610 -28.020046 
6.473082 -54.234145 -28.431057 
6.906826 -54.954585 -27.889917 
7.671635 -54.980039 -27.246164 
8.385648 -54.759270 -27.910579 
9.352735 -54.656059 -27.678008 
10.174889 -55.172180 -27.918182 
13.557276 -23.244110 -28.837543 
13.758525 -24.089925 -28.343482 
14.448961 -24.660236 -28.788502 
14.923843 -24.021383 -28.183230 
14.627421 -24.633815 -27.450385 
14.583583 -23.986163 -26.689711 
14.928531 -24.415241 -25.854904 
15.227759 -25.203904 -25.317806 
15.749723 -26.035490 -25.128022 
15.287277 -26.901123 -24.936131 
14.635662 -26.839112 -25.692141 
14.112322 -27.653749 -25.942105 
14.448497 -28.496741 -25.522164 
15.251314 -27.937887 -25.729930 
14.849971 -28.403296 -26.518801 
14.261489 -27.818081 -27.076665 
14.220659 -28.322619 -27.939088 
13.644416 -28.193454 -28.746095 
14.319364 -28.851017 -29.080842 
14.846096 -28.009208 -28.962896 
15.023611 -27.612101 -29.863338 
15.865728 -27.238140 -30.251915 
16.714517 -26.926360 -29.824890 
17.619763 -26.867572 -30.245691 
18.186286 -26.578277 -31.017287 
18.760285 -26.723671 -30.211442 
18.486817 -26.142759 -29.444790 
19.312859 -26.636198 -29.172445 
20.164051 -26.961608 -28.760643 
19.987040 -27.171236 -27.799018 
20.327043 -26.233412 -27.729139 
20.417825 -25.339275 -27.290644 
19.593584 -25.058916 -27.782604 
19.266880 -25.969807 -28.034679 
18.729438 -25.271433 -28.507362 
17.762371 -25.036562 -28.409291 
17.786738 -26.005456 -28.163016 
17.036509 -26.113761 -27.510770 
17.439699 -25.553780 -26.786989 
18.127357 -26.164614 -26.394549 
19.046687 -26.461793 -26.136640 
19.859317 -26.900434 -25.752939 
19.389960 -26.444137 -24.996964 
18.831503 -26.225227 -24.196837 
19.532019 -26.149314 -23.487249 
19.801453 -26.250480 -22.529559 
19.439693 -25.354414 -22.272271 
18.917886 -26.074163 -21.814365 
18.688336 -26.995500 -22.128124 
18.526377 -27.957252 -22.349039 
-43.702804 16.522190 9.528057 
-43.934877 16.240334 8.597090 
-44.600404 15.728961 8.053424 
-45.589856 15.590835 8.097077 
-45.195541 16.016671 8.911435 
-45.117121 15.039086 9.106829 
-44.155389 14.793021 8.986317 
-44.541042 14.522735 8.104150 
-45.505265 14.401266 7.868526 
-45.184902 13.454458 7.838170 
-45.971618 13.195728 8.398649 
-45.257290 13.471930 9.041648 
-45.000240 12.913028 9.830035 
-44.769323 13.851226 10.087836 
-45.663891 13.672634 10.497534 
-46.145261 14.065430 9.713956 
-46.135180 13.081386 9.536319 
-46.976641 12.616680 9.260652 
-47.403848 12.668367 10.163327 
-48.043570 11.909372 10.042156 
-48.735260 12.574281 10.324043 
-49.160616 12.385201 11.209098 
-49.801049 13.106235 10.944606 
-50.498991 13.060623 10.229906 
-50.998985 13.711635 10.801035 
-51.585517 14.166478 11.471183 
-52.318359 14.350017 10.816007 
-52.386078 14.455440 9.823888 
-52.997917 13.667849 9.897062 
-53.839702 13.305483 10.297173 
-52.991772 12.871414 10.601474 
-52.089355 12.946378 11.025767 
-51.828219 12.012017 10.783326 
-50.988283 11.569151 10.469675 
-50.373132 11.232504 11.182598 
-51.103893 10.554186 11.259226 
-50.518652 10.297801 10.489968 
-50.156726 9.700737 11.205876 
-49.519381 8.989013 10.910511 
-49.646419 8.142530 11.427548 
-49.729729 7.542936 10.631592 
-49.603799 6.560178 10.496211 
-49.396998 5.624705 10.782785 
-49.540322 5.699950 11.769597 
-49.391843 4.854295 12.282258 
-48.492094 4.749194 11.858697 
-47.702959 5.349439 11.988979 
-47.058005 5.295460 12.751292 
-52.598404 32.149490 67.903657 
-53.484180 31.921595 67.499348 
-53.769869 32.402792 66.670595 
-53.068912 32.976733 66.247214 
-53.014065 32.845704 65.257354 
-52.607304 31.934884 65.327723 
-52.813165 31.029721 65.699611 
-52.593712 30.292250 65.060880 
-52.620202 29.294421 65.121182 
-52.524231 28.802799 64.255678 
-53.382380 29.233839 63.976778 
-52.809541 29.626767 63.257429 
-51.975766 29.088118 63.136284 
-51.938025 29.086675 62.136997 
-52.528859 28.282614 62.203322 
-51.845695 27.743787 62.696222 
-52.123846 27.296202 61.846340 
-51.203201 27.638738 61.659034 
-50.798637 27.469856 60.760254 
-50.796181 26.602228 61.257462 
-51.175392 26.175001 60.436684 
-50.937231 25.205072 60.386513 
-50.618315 24.713450 59.576203 
-49.823696 25.204561 59.219286 
-49.768621 25.938378 59.896398 
-49.420296 26.781709 60.305619 
-49.449864 27.555784 60.938022 
-48.911482 27.611143 61.778903 
-48.201529 27.918020 61.145032 
-47.826271 27.042431 61.449213 
-47.569324 26.145552 61.089232 
-47.131620 25.315015 60.744816 
-55.896804 -13.899210 21.886457 
-56.430751 -14.041502 21.052998 
-56.304521 -13.551810 20.190288 
-56.059573 -13.279418 19.259803 
-55.258870 -12.687108 19.170116 
-54.739844 -12.648457 20.024000 
-54.802357 -13.604745 19.738332 
-54.589486 -13.730774 18.769414 
-53.827766 -13.285537 19.240102 
-52.878181 -13.064899 19.462828 
-52.283959 -12.262106 19.512047 
-53.208715 -11.981862 19.769516 
-53.557308 -12.109040 20.698121 
-53.650084 -12.892858 21.312143 
-53.374632 -12.086013 21.834759 
-53.741728 -12.775773 22.458837 
-54.428750 -13.257135 21.914511 
-54.651234 -14.141582 21.504323 
-55.034936 -14.535698 22.339455 
-55.370552 -15.075433 23.111496 
-54.449452 -15.186695 23.484587 
-54.180990 -15.099327 24.443907 
-53.667596 -14.310436 24.781662 
-53.352698 -13.486795 25.253313 
-53.622320 -13.016721 24.412876 
-53.256385 -12.096942 24.554644 
-53.772564 -11.591492 23.863211 
-53.368679 -12.407328 23.449341 
-52.661610 -13.111028 23.519044 
-52.339509 -12.168877 23.611789 
-52.472976 -11.180474 23.684225 
-52.975485 -10.987029 24.526878 
-52.591428 -10.169208 24.098311 
-52.218227 -9.274285 23.853702 
-51.504944 -9.761099 24.357923 
-52.328447 -9.466085 24.842494 
-52.981710 -8.724877 24.688032 
-53.066964 -7.755581 24.457388 
-53.489137 -7.134329 25.117551 
-53.520423 -6.575275 25.946092 
-53.492712 -7.473562 26.384627 
-54.203588 -7.344324 27.075968 
-55.015816 -6.768727 26.981233 
-55.823383 -7.019708 27.514941 
-55.418048 -7.314988 28.380108 
-55.611770 -6.407995 28.754053 
-55.586641 -6.360059 29.752588 
-55.273192 -5.420228 29.616694 
-54.762044 -5.974251 30.273800 
-53.885456 -5.612116 29.956860 
-53.589118 -6.231450 29.229804 
-53.760781 -6.450856 28.269391 
-53.991193 -7.196344 28.894817 
-53.210912 -7.366369 28.292943 
-52.647821 -8.168997 28.096177 
-52.644238 -8.986588 28.671966 
-53.162027 -9.738279 28.263485 
-52.169697 -9.853335 28.308678 
-51.798054 -10.279576 27.483935 
-51.731613 -9.874893 26.571895 
-50.809933 -9.759231 26.942203 
-50.278503 -10.574679 26.712799 
-49.297042 -10.635519 26.894551 
-49.497361 -9.958884 27.603097 
-50.072247 -10.104286 28.408308 
-50.385855 -10.979359 28.039664 
-49.693792 -11.178877 28.733380 
-49.034828 -11.923046 28.842833 
-48.382012 -12.547312 28.413740 
-48.095048 -12.097264 29.259381 
-47.291549 -11.552635 29.499733 
-47.099498 -12.344234 30.079809 
-46.704550 -11.953505 30.911281 
-46.093932 -11.161972 30.886328 
-45.406361 -11.245399 30.165020 
-44.925732 -11.615414 30.960058 
-45.015175 -12.608450 30.883387 
-44.307809 -12.616182 30.176581 
-44.955207 -13.267504 29.780783 
-45.105371 -12.358077 29.392979 
-45.736172 -12.516057 30.152672 
-46.219652 -13.353469 30.407602 
-46.302767 -14.348339 30.349935 
-46.508239 -14.901546 29.542629 
-46.660378 -15.430875 30.377293 
-47.181084 -14.693039 30.806783 
-48.154147 -14.888776 30.928589 
-48.844435 -15.106598 31.618557 
-48.776214 -14.139829 31.372174 
-49.750446 -13.973928 31.524979 
