36.790731 -18.585254 -3.250923 
37.415572 -17.872943 -2.931257 
37.929083 -17.370390 -3.626777 
37.883425 -16.474552 -3.184749 
37.286129 -15.777191 -3.580887 
36.704395 -15.160304 -4.111016 
36.381419 -14.481029 -4.770009 
35.854472 -15.306825 -4.970972 
35.506679 -15.487612 -5.890948 
34.650802 -15.042355 -5.627850 
34.080037 -14.282794 -5.315930 
33.393297 -13.653314 -4.952416 
33.841652 -13.916556 -4.098202 
33.159714 -14.185214 -3.417920 
32.591953 -13.477693 -2.997134 
31.862770 -13.014752 -2.493171 
30.986948 -12.585978 -2.271611 
30.497819 -13.321860 -1.803391 
31.013242 -13.696656 -2.574019 
31.551098 -13.853552 -3.402327 
31.836623 -14.808522 -3.482997 
32.444780 -15.342277 -4.070577 
32.502077 -15.844877 -3.207959 
31.559539 -16.083013 -2.973625 
31.365845 -16.719920 -3.719837 
30.510187 -17.237333 -3.731409 
30.231398 -16.388567 -3.282105 
29.238733 -16.285061 -3.219634 
28.507810 -16.902646 -3.510047 
27.670800 -17.354965 -3.202116 
26.922634 -16.766313 -3.508281 
27.040018 -17.625154 -4.006892 
27.694699 -18.341368 -3.765172 
27.681636 -19.267087 -4.143160 
28.018239 -20.198003 -4.001412 
28.871625 -19.795607 -4.332787 
28.594364 -19.008630 -3.781612 
28.111225 -19.603108 -3.138827 
28.683862 -19.655371 -2.320685 
28.641039 -20.624910 -2.561853 
29.251023 -20.277777 -3.274187 
29.282221 -21.145351 -3.770516 
30.091509 -21.004511 -4.340794 
30.572204 -20.132961 -4.244182 
31.488042 -19.742041 -4.152415 
31.814221 -19.815773 -3.209987 
31.806620 -19.878020 -2.211955 
31.017998 -19.263745 -2.239191 
30.158898 -19.519281 -2.682642 
30.123945 -20.228462 -1.978482 
30.946172 -20.767622 -1.796139 
30.122185 -21.108234 -1.343339 
30.395756 -20.225450 -0.961436 
29.577932 -19.682687 -1.152678 
28.820031 -20.238130 -1.494831 
28.779704 -21.202759 -1.755339 
28.632549 -22.152206 -1.478035 
29.449000 -22.320881 -2.030264 
30.400028 -22.506598 -1.783171 
30.605469 -22.282604 -2.735862 
30.396418 -22.416769 -3.704519 
30.729473 -21.982609 -4.541525 
31.727806 -21.965838 -4.596749 
31.253574 -21.100475 -4.758771 
31.874075 -20.903718 -5.517893 
31.081126 -20.295017 -5.491151 
30.102701 -20.485381 -5.571431 
29.367260 -19.863501 -5.302375 
28.379809 -20.005905 -5.234097 
28.223314 -19.743920 -6.186396 
28.655519 -18.842298 -6.202976 
28.248373 -17.963370 -6.451406 
27.511426 -17.970705 -7.127317 
26.907917 -18.716238 -6.844550 
26.672356 -18.898429 -5.889920 
26.667489 -18.213182 -5.161626 
26.835488 -19.111326 -4.755284 
26.329818 -19.881971 -4.367465 
26.771175 -19.547399 -3.534840 
27.078811 -18.810582 -2.932792 
26.643057 -19.575527 -2.458474 
25.780589 -19.832871 -2.894275 
24.873929 -19.898874 -2.477607 
23.899272 -19.819093 -2.686602 
23.319045 -20.158490 -3.426970 
23.183363 -19.311488 -3.940952 
22.819475 -19.066381 -3.042338 
22.762422 -18.072258 -3.134339 
22.264277 -18.426789 -3.925641 
22.001223 -17.876007 -4.717753 
21.312590 -18.186658 -5.372947 
20.762969 -17.463192 -4.955198 
20.175523 -16.919937 -5.555016 
19.609579 -17.742548 -5.609961 
18.903586 -17.092323 -5.329279 
18.041936 -17.226531 -5.818714 
17.675961 -17.347496 -6.741444 
18.087755 -18.188886 -7.091427 
17.348244 -18.655034 -6.605804 
17.014413 -19.591535 -6.498461 
16.037209 -19.626906 -6.707796 
15.682894 -19.923420 -7.594667 
-58.839829 7.587346 7.270077 
-59.407476 7.104058 6.603586 
-60.147556 7.532570 6.085262 
-60.955712 8.007620 5.737108 
-61.060045 9.001177 5.692844 
-60.108016 8.719311 5.811983 
-59.323562 8.492931 5.234589 
-58.348054 8.609921 5.048316 
-58.752029 9.418015 4.619612 
-58.022045 9.937564 4.175549 
-58.039028 8.952939 4.001697 
-57.514038 8.495799 3.283777 
-58.327703 8.997604 2.990280 
-58.426287 9.666235 2.253249 
-58.488547 10.103209 1.355932 
-57.932171 9.627736 0.674484 
-57.052526 10.100210 0.729190 
-57.159219 10.371554 1.685740 
-56.914799 10.573136 2.634225 
-56.962420 9.602412 2.398795 
-56.290915 9.072676 2.916927 
-55.344162 8.758322 2.986495 
-55.984709 8.016205 3.183883 
-55.612607 7.172240 2.797536 
-55.124604 6.981297 3.649237 
-54.948423 7.895211 4.014917 
-53.970864 7.703891 3.926733 
-54.096226 8.666094 3.684966 
-54.406942 9.612644 3.598381 
-53.676429 9.573553 4.280160 
-52.680271 9.558201 4.193933 
-52.052847 10.313979 4.381385 
-52.824732 10.949739 4.383060 
-53.454503 10.468575 4.992871 
-53.029301 11.278403 5.397077 
-52.700068 12.042596 4.842447 
-52.161118 12.572096 4.187342 
-51.824831 12.837858 5.090825 
-50.892167 12.717052 5.430742 
-51.224482 13.153047 6.267088 
-52.057739 13.159298 6.819939 
-51.455977 12.550095 7.336421 
-51.974260 12.146457 6.582458 
-52.861244 12.486691 6.894711 
-52.661096 12.114769 7.801141 
-51.841250 11.557276 7.931737 
-52.002156 10.642536 7.561115 
-51.104216 11.052778 7.401725 
-50.805003 11.913118 7.814382 
-50.203241 12.643766 7.491835 
-50.209546 13.551884 7.073168 
-51.156838 13.859286 6.982939 
-52.082969 14.061649 7.301263 
-52.638877 14.858452 7.064469 
-53.325807 14.133510 7.013618 
-53.877161 14.852577 7.436644 
-54.423174 14.073107 7.129568 
-54.044682 13.593311 6.338025 
-54.463332 13.367239 5.458466 
-54.077754 14.284314 5.559964 
-53.498780 14.523254 4.780415 
-52.823378 13.983523 5.282931 
-52.877759 14.848996 5.780927 
-52.781883 15.835675 5.649508 
-53.540020 16.457504 5.845867 
-53.897079 17.211348 6.397435 
-54.744020 17.069180 6.909762 
-55.474944 17.035071 7.591368 
-55.437239 17.852941 7.017202 
-55.797548 17.281099 6.280199 
-56.498974 16.622487 6.007744 
-56.646939 17.113748 6.866096 
-57.076970 16.504405 7.532260 
-57.772436 15.804712 7.368685 
-58.025930 16.660913 7.818864 
-58.945593 16.387039 8.100312 
-59.561647 16.889583 7.493742 
-60.475486 17.168683 7.198781 
-61.080799 17.071019 6.408807 
-61.145929 16.396198 5.673705 
-61.312995 16.599624 4.708974 
-62.049743 15.983137 4.986727 
-62.109467 15.101948 4.517751 
-62.920282 15.298076 5.069215 
-63.358490 14.953252 5.899317 
-63.886379 15.492360 5.243043 
-64.588642 15.783895 4.593555 
-63.986279 15.592301 3.818667 
-63.772810 15.096042 2.977146 
-62.857048 14.695914 3.012881 
-62.222973 14.384040 2.305292 
-61.316183 14.356652 2.725985 
-61.032716 14.476187 3.677488 
-60.292170 13.831681 3.867764 
-60.960769 13.163795 3.540803 
-0.854229 -11.032854 6.326777 
-1.664209 -11.589745 6.510638 
-2.331686 -10.889750 6.256709 
-2.402104 -10.118292 6.889081 
-2.105017 -9.478584 7.597963 
-1.245369 -9.030178 7.353141 
-1.710326 -8.514475 8.072770 
-2.362860 -8.431724 7.319542 
-1.858774 -8.270281 6.471112 
-1.149689 -8.869064 6.098746 
-0.317826 -8.351178 6.298242 
-0.750386 -8.014444 7.134605 
-1.150202 -7.261696 7.657594 
-1.959185 -6.928326 7.173434 
-2.162916 -6.577346 6.259483 
-1.476574 -5.850525 6.233720 
-0.704213 -5.556744 5.670558 
-0.579535 -6.299734 6.328144 
0.331193 -6.709712 6.378085 
0.732793 -7.210430 5.611275 
1.284983 -7.981512 5.928320 
1.468614 -8.926385 5.657220 
0.893116 -9.744035 5.641397 
0.146496 -9.606942 4.990426 
0.185737 -9.781147 4.006499 
0.291613 -10.747790 4.239718 
-0.483706 -10.470874 4.807342 
-0.655640 -11.240232 4.192097 
-0.829858 -12.077476 3.673762 
0.163643 -11.963655 3.674238 
-0.223314 -12.048274 4.592445 
-0.502618 -12.174372 5.544332 
0.021524 -11.448572 5.989855 
-0.253663 -11.854603 6.861297 
-1.093808 -11.910475 7.400773 
-0.445393 -11.541109 8.066450 
-0.563870 -12.436113 8.496486 
0.406946 -12.196928 8.514015 
1.193072 -12.814622 8.492566 
0.832649 -13.743730 8.409779 
0.984456 -13.464019 9.357786 
0.151550 -12.946675 9.554312 
-0.517930 -13.028204 10.292655 
-0.957725 -12.941780 9.398724 
-1.811485 -13.016223 9.914041 
-2.263394 -13.858205 10.208735 
-1.492305 -14.465128 10.401265 
-1.918551 -14.613669 9.508936 
-2.297687 -15.532653 9.400653 
-2.258391 -15.217982 10.349040 
-2.664113 -16.116036 10.179071 
-2.831957 -16.659926 9.356872 
-2.444480 -17.530000 9.661558 
-2.616038 -18.477807 9.930311 
-2.527967 -19.229924 9.277193 
-2.177123 -18.673085 8.524306 
-2.427571 -17.901430 7.939649 
-1.678005 -18.240168 7.370959 
-1.404053 -17.601708 6.651711 
-0.645162 -16.975503 6.472961 
-0.605781 -16.314700 5.723435 
-1.394533 -16.895006 5.520665 
-1.558737 -16.018997 5.067183 
-2.456973 -16.432195 5.216980 
-2.355250 -15.856388 4.405747 
-1.496054 -15.492399 4.046171 
-1.260464 -14.687906 4.591412 
-0.630528 -14.586031 5.361348 
-0.551575 -13.720134 4.867395 
-0.189983 -14.115667 4.023116 
-0.027560 -13.137155 3.896094 
-0.148125 -13.433815 2.948752 
0.845747 -13.421626 3.058617 
0.847657 -12.994821 2.154275 
1.371625 -13.828539 1.980002 
1.828254 -14.713407 1.887815 
2.140121 -14.459939 2.803508 
2.805918 -15.205302 2.837369 
3.189287 -14.321990 2.567575 
2.974610 -13.503221 2.035100 
2.450900 -13.258694 2.851148 
2.551067 -13.932439 3.583292 
3.400479 -14.365281 3.885198 
2.550685 -14.712076 4.282164 
-2.392829 12.280446 -35.845123 
-1.599837 11.713034 -36.066950 
-2.253832 10.963727 -36.171018 
-2.050017 10.752669 -37.127006 
-1.915140 11.742063 -37.180945 
-1.774310 12.724965 -37.299558 
-1.450539 13.000957 -36.394572 
-2.048401 13.700379 -36.786196 
-2.401485 14.540549 -37.197834 
-1.751180 14.863056 -36.510016 
-1.085569 14.116757 -36.509845 
-0.638007 14.040430 -35.618856 
0.253615 14.488779 -35.555667 
-0.202615 15.367753 -35.694444 
-0.504978 15.640787 -34.781192 
-1.263931 15.353101 -34.197046 
-1.486967 15.480542 -33.230602 
-1.026799 14.606538 -33.386687 
-0.144534 14.136157 -33.405382 
-0.001891 13.540297 -32.615063 
0.706554 14.229594 -32.463486 
1.335064 14.254883 -33.240876 
2.240606 14.666706 -33.342839 
1.895468 14.440834 -32.431872 
1.883306 13.648649 -31.821712 
1.215424 13.324823 -32.491840 
1.505967 12.812658 -33.300092 
2.106482 13.122476 -34.037245 
1.226931 13.347318 -34.456574 
1.389990 13.797123 -35.334689 
2.384786 13.889235 -35.291141 
2.612685 14.734268 -35.774856 
1.854460 15.365019 -35.939924 
1.618159 14.494772 -36.372163 
1.374240 15.055638 -37.163323 
0.685491 15.217064 -37.870122 
-0.150565 14.870080 -38.295108 
-0.505104 14.802519 -39.227705 
0.307979 15.352431 -39.418736 
1.107198 14.953141 -38.969497 
1.255211 15.787621 -39.500285 
1.307403 16.664111 -39.021703 
0.696735 16.763286 -39.807355 
0.679361 17.495818 -40.487866 
1.515981 18.035405 -40.393462 
2.336586 17.778356 -39.883037 
3.264999 18.122921 -40.022050 
3.007862 18.508694 -40.908086 
2.392017 19.086928 -40.372941 
1.409344 19.044524 -40.553372 
1.460677 18.778071 -39.590892 
2.194786 18.368316 -39.049427 
2.634182 18.046668 -38.210693 
3.329983 18.587634 -38.683152 
3.864667 17.766431 -38.882496 
3.773304 16.874238 -39.324812 
3.262213 16.797796 -38.468692 
3.075297 16.272069 -37.638828 
2.808305 16.798390 -36.831548 
2.013847 16.676723 -37.426555 
1.313643 16.079398 -37.817603 
0.645677 16.821852 -37.766773 
-0.150225 17.061374 -37.210743 
-0.369576 16.475915 -36.430280 
0.201963 16.759627 -35.660312 
-0.790937 16.725461 -35.546374 
-1.604960 16.325432 -35.125252 
-1.970024 17.191120 -34.782743 
-2.096836 17.218756 -35.774284 
-1.568150 17.434041 -36.595347 
-2.565784 17.484222 -36.642341 
-3.295313 17.107296 -37.213054 
-3.678875 18.022908 -37.092491 
-4.237959 17.733564 -36.315506 
-4.581825 17.285340 -35.490369 
-3.814463 16.843144 -35.954717 
-3.148483 16.790468 -35.210610 
-3.438596 16.700334 -34.257872 
-4.394784 16.992051 -34.233272 
-4.633513 16.289005 -34.903148 
-5.112837 15.501341 -35.290233 
-4.310913 15.350719 -35.868360 
40.518771 0.642046 -72.865823 
40.602192 -0.272931 -72.471035 
39.935448 -0.351150 -71.729864 
39.249920 -0.397643 -71.003304 
39.223453 0.077294 -70.123682 
39.687294 -0.449808 -69.411632 
40.191647 0.373018 -69.149746 
40.390446 0.802525 -70.030656 
41.368416 0.598511 -69.986453 
42.365555 0.665609 -69.951658 
42.839552 0.520474 -70.820141 
42.526087 0.979168 -71.651609 
42.217889 1.441165 -72.483218 
43.028946 1.847128 -72.062053 
43.298636 2.630856 -72.621551 
43.403814 1.896858 -73.292509 
43.952388 2.713550 -73.471621 
43.210044 2.825384 -74.132241 
43.076730 2.995600 -75.108589 
42.905339 2.016887 -74.995691 
42.359286 1.191052 -75.136482 
41.788417 0.406814 -75.379543 
41.712245 -0.204606 -76.167175 
41.749151 -1.159464 -76.461935 
42.379272 -1.180438 -77.238149 
41.593097 -1.210066 -77.855443 
41.176174 -2.039250 -78.227772 
41.976503 -2.624018 -78.360137 
41.863574 -2.893161 -77.403680 
41.663074 -2.533127 -76.492540 
42.330308 -2.546156 -75.747806 
43.271528 -2.380818 -75.453241 
44.064220 -2.578425 -76.029947 
44.442116 -3.020182 -76.843609 
45.037241 -2.733728 -77.594455 
45.957813 -2.860605 -77.225064 
46.442685 -2.149124 -77.733684 
47.270838 -1.599175 -77.625427 
47.097823 -1.686358 -78.606480 
47.817162 -2.321679 -78.887405 
47.460979 -2.162140 -79.808101 
46.616938 -2.452411 -79.357172 
46.519773 -3.417308 -79.601165 
47.411205 -3.803072 -79.363395 
46.895217 -4.599859 -79.677858 
46.211514 -5.310590 -79.843421 
45.353525 -5.823582 -79.817059 
45.033854 -6.310175 -80.630102 
44.680533 -7.182528 -80.292220 
44.120376 -7.554634 -79.552112 
44.192518 -7.609042 -78.556202 
44.390009 -6.632688 -78.468281 
45.301651 -6.432050 -78.826964 
46.213965 -6.533683 -78.430284 
45.875968 -7.464920 -78.294069 
45.638724 -7.847122 -79.187175 
45.296167 -8.637433 -78.679175 
44.750991 -8.350707 -77.891411 
45.728256 -8.463235 -77.711715 
45.687273 -7.565812 -77.272453 
45.201987 -6.863476 -77.793241 
45.118400 -5.870941 -77.882054 
45.943474 -6.056689 -77.348434 
46.909010 -6.169513 -77.582977 
46.859869 -5.250145 -77.192660 
47.463069 -4.910656 -76.470928 
47.738814 -4.730295 -75.526770 
47.526865 -3.796207 -75.239442 
46.527556 -3.828385 -75.220819 
46.338365 -3.758947 -74.241337 
47.120876 -3.175847 -74.023003 
47.462497 -4.049876 -73.677508 
47.919076 -4.933398 -73.782030 
48.452748 -5.239021 -72.993494 
47.948830 -5.011897 -72.160139 
47.625592 -4.303679 -71.532488 
47.974003 -4.006108 -70.643635 
48.275051 -3.540394 -71.475789 
48.927909 -2.844276 -71.177131 
48.781592 -3.198177 -70.253364 
63.500971 -11.722654 -32.480423 
63.968233 -12.289340 -31.801797 
64.626208 -11.838375 -31.198722 
65.040054 -12.288751 -30.407587 
64.150564 -12.455305 -29.982067 
63.463469 -13.181829 -29.974116 
63.305582 -12.833904 -29.049984 
63.499317 -13.805004 -29.189382 
62.838595 -14.220459 -29.814557 
62.469546 -15.035802 -30.260673 
62.147916 -15.437929 -31.117905 
62.993022 -15.969074 -31.057246 
63.607378 -15.271967 -30.687640 
63.003368 -14.818841 -31.343268 
62.116416 -14.361732 -31.277172 
61.555971 -13.554405 -31.461899 
60.557655 -13.533938 -31.407617 
60.607330 -13.330161 -32.385373 
60.999832 -12.448973 -32.121840 
60.062087 -12.182017 -31.899649 
59.461252 -11.517700 -32.344261 
59.610207 -10.827288 -31.636347 
59.061109 -10.053507 -31.952186 
58.329106 -10.717692 -31.800427 
58.426159 -10.188549 -30.957463 
57.701433 -9.946120 -30.312482 
56.818801 -10.044580 -29.852844 
56.509605 -9.185664 -30.261084 
56.719229 -8.441199 -30.894984 
56.951591 -7.536382 -31.251796 
57.765129 -7.049023 -30.934564 
57.094969 -7.031525 -30.192554 
56.326193 -7.596178 -29.892303 
57.109555 -8.178756 -29.675628 
57.599653 -9.043904 -29.569219 
58.215222 -8.282786 -29.773608 
58.892383 -8.952962 -30.077447 
58.461921 -9.732196 -29.621929 
58.434696 -10.510321 -28.994410 
57.964695 -11.182443 -28.422263 
57.221341 -10.614810 -28.068402 
57.420569 -9.696545 -27.726207 
56.537545 -9.453013 -28.127404 
55.876587 -8.767965 -28.433745 
55.349746 -8.209002 -29.074056 
55.593396 -8.873308 -29.780691 
55.714356 -8.538594 -30.715215 
55.954759 -7.656895 -31.121187 
55.333474 -7.299996 -31.818774 
55.282497 -6.352165 -31.504104 
54.971729 -5.971659 -32.375103 
54.544418 -6.242238 -33.237769 
55.148155 -6.857813 -33.744296 
55.545328 -7.766237 -33.874758 
54.826774 -8.197156 -34.420641 
54.006572 -8.400341 -34.955418 
53.451103 -8.504011 -34.130369 
52.526288 -8.484031 -34.510262 
51.877239 -7.974218 -33.945615 
52.788562 -7.920434 -33.537452 
53.046658 -8.028877 -32.577438 
53.971247 -7.715877 -32.360258 
54.066652 -6.814509 -31.937843 
54.026640 -6.103467 -31.235833 
53.786302 -6.831966 -30.594330 
53.791504 -7.516560 -29.865424 
53.790916 -7.038200 -28.987260 
53.743863 -7.018214 -27.988568 
53.771455 -6.217295 -27.390432 
54.435328 -5.645187 -26.908804 
55.090028 -5.001333 -26.512798 
55.349927 -4.069248 -26.765124 
56.285932 -4.088920 -26.413687 
56.017374 -5.010377 -26.132983 
55.399429 -5.754465 -25.879060 
56.181669 -6.347139 -25.687128 
55.434747 -7.008243 -25.616073 
56.291636 -7.377560 -25.975720 
26.717531 -40.348654 -47.910163 
26.419468 -41.261981 -48.187637 
27.189235 -41.817583 -48.501907 
26.692952 -42.295869 -49.226438 
25.699066 -42.399632 -49.188704 
25.357755 -42.814936 -48.345478 
24.617816 -42.718744 -47.679717 
24.398644 -41.775523 -47.430124 
24.910368 -40.965533 -47.143671 
25.478504 -41.144235 -46.340373 
25.644890 -40.214182 -46.667966 
26.011691 -39.697259 -45.894501 
26.023412 -38.766670 -45.528623 
26.725129 -38.651892 -44.825473 
26.959611 -38.499765 -45.785617 
27.815361 -38.829033 -45.386525 
27.591421 -39.685974 -44.922302 
28.555293 -39.913128 -45.061412 
28.995362 -40.677149 -45.533230 
28.868091 -40.894868 -46.500908 
28.347496 -41.721237 -46.286209 
28.868798 -42.561332 -46.436158 
28.237565 -43.109224 -46.985119 
27.629639 -42.674359 -46.320801 
28.104400 -42.401917 -45.483915 
27.247606 -42.487483 -44.975404 
26.594863 -42.024973 -45.575413 
26.612538 -41.053986 -45.813891 
27.513147 -41.440762 -45.615629 
27.861737 -40.506115 -45.545492 
27.576176 -40.985909 -44.715883 
27.397386 -40.458238 -43.885463 
27.736379 -40.969317 -43.095601 
27.835322 -39.974283 -43.106367 
28.524590 -40.063165 -43.825401 
28.670711 -41.051467 -43.781720 
29.087678 -41.375270 -44.631007 
29.787349 -41.980760 -45.010273 
30.156021 -41.217032 -45.540180 
30.179367 -40.463001 -44.883756 
30.345323 -39.541336 -45.234458 
31.017630 -39.036981 -45.776334 
31.602747 -38.266460 -45.523477 
31.839754 -37.614322 -44.803378 
32.000263 -37.380955 -43.844328 
31.870311 -36.912786 -42.970297 
31.258757 -36.533691 -43.664767 
30.551153 -36.549560 -44.371198 
29.833191 -37.176360 -44.673938 
29.077230 -37.154630 -45.328193 
28.408475 -36.473953 -45.029118 
27.449444 -36.266769 -45.222341 
27.628369 -35.288880 -45.330597 
27.144481 -34.553212 -45.804566 
26.624757 -33.715823 -45.635255 
27.593264 -33.585837 -45.847617 
28.556225 -33.316825 -45.866013 
28.896696 -32.689286 -46.566209 
29.374169 -32.679794 -47.444804 
29.295422 -32.853643 -48.426423 
30.005035 -33.286561 -48.982329 
29.695097 -32.390154 -49.299176 
29.058024 -31.941086 -49.925656 
28.168588 -32.361361 -49.746007 
27.280242 -31.973960 -49.992509 
27.767700 -31.498341 -50.724746 
28.014649 -32.168670 -51.424514 
28.837556 -32.736797 -51.432018 
29.318768 -31.954403 -51.827358 
28.943469 -31.682061 -52.713349 
28.377095 -30.942807 -53.077663 
28.537639 -30.059874 -52.636466 
28.587665 -29.311145 -53.297452 
28.362670 -30.013338 -53.972953 
28.195018 -30.920123 -54.359779 
28.685760 -30.449157 -55.092831 
-65.991329 -6.514054 -47.001883 
-65.656409 -7.260541 -46.426918 
-66.002724 -6.596894 -45.763866 
-65.559883 -6.981303 -44.953853 
-64.609619 -7.207346 -44.739601 
-63.899863 -7.902557 -44.853298 
-63.211127 -7.531619 -44.230364 
-63.035018 -6.914422 -43.463517 
-63.250624 -5.965273 -43.692930 
-63.167011 -5.672570 -42.740389 
-63.913605 -6.334714 -42.675863 
-63.392186 -6.484640 -41.835836 
-64.069550 -6.961430 -41.275614 
-64.865485 -6.830905 -40.684471 
-64.352647 -6.172201 -40.133919 
-65.170356 -5.802649 -40.575262 
-65.984824 -5.920090 -40.007063 
-65.867939 -4.971728 -39.712193 
-66.470776 -4.215824 -39.456859 
-66.936874 -3.577103 -38.844659 
-66.321224 -4.172288 -38.328200 
-65.465029 -3.904378 -38.769963 
-65.198183 -3.762916 -37.816663 
-65.343552 -4.702861 -37.507842 
-64.901029 -4.674495 -36.611534 
-64.961752 -3.723182 -36.309348 
-64.365208 -4.285574 -35.736766 
-63.547021 -3.762865 -35.497297 
-63.106970 -4.199726 -34.712754 
-64.038169 -3.992697 -34.412742 
-64.640048 -3.217450 -34.604406 
-65.578783 -2.873297 -34.586136 
-65.879222 -2.727309 -33.643573 
-66.171895 -1.789434 -33.457207 
-67.164301 -1.698485 -33.540016 
-66.871039 -1.434060 -32.621280 
-66.684258 -0.583996 -32.128832 
-66.703854 -0.002221 -32.941945 
-66.746176 -0.475986 -33.821579 
-66.564467 0.191234 -34.543936 
-66.579882 -0.157267 -35.481118 
-66.625484 0.840827 -35.522715 
-66.451052 1.296892 -34.650031 
-66.345952 1.839104 -35.483674 
-66.905957 2.199927 -34.737885 
-67.889649 2.103330 -34.586167 
-68.856506 2.009908 -34.823779 
-69.357947 2.736491 -34.354062 
-70.113967 2.128827 -34.597329 
-70.863040 1.706101 -34.087238 
-71.534981 2.407103 -33.848299 
-71.161732 1.954534 -33.038444 
-72.111582 1.765795 -33.287766 
-72.640181 0.977381 -33.602388 
-72.583466 1.625697 -34.361645 
-73.113248 1.749950 -35.200627 
-73.597792 1.089335 -34.627213 
-74.540421 1.118828 -34.959748 
-74.593674 1.276270 -33.973657 
-75.592777 1.312072 -33.951060 
-76.251235 0.595974 -33.719465 
-76.394626 1.471805 -33.258642 
-77.252083 1.970672 -33.384738 
-77.456189 1.906172 -34.361559 
-76.677578 2.532777 -34.327921 
-77.150428 3.381591 -34.091429 
-77.751032 3.471165 -34.885942 
-77.480197 3.478366 -35.848541 
-12.703629 -30.381054 -32.735823 
-11.749390 -30.111309 -32.864918 
-10.804202 -29.863642 -33.077708 
-10.078534 -29.416134 -32.555077 
-9.887752 -28.547948 -33.013175 
-9.942865 -28.299686 -32.046051 
-10.289680 -27.577509 -31.447570 
-10.780881 -26.787652 -31.080355 
-11.043495 -26.202510 -30.313124 
-10.362180 -25.573550 -30.687583 
-9.583422 -26.181677 -30.533580 
-8.800926 -26.584824 -31.008103 
-9.110870 -27.164678 -30.254642 
-10.047826 -27.513403 -30.277087 
-9.663966 -27.859838 -29.421147 
-9.462128 -28.564341 -28.740752 
-9.696752 -27.738128 -28.228576 
-10.253455 -26.943983 -28.472328 
-9.762090 -26.515082 -27.714302 
-9.847967 -26.458983 -26.719577 
-8.934754 -26.422121 -27.125390 
-8.102512 -25.893459 -26.958390 
-7.600902 -26.689815 -26.620450 
-7.046438 -25.863256 -26.717251 
-6.772598 -26.363427 -25.895763 
-6.537222 -27.204077 -25.408009 
-7.498301 -27.110076 -25.148218 
-7.330766 -28.094362 -25.204014 
-7.513075 -29.049520 -24.970696 
-7.783712 -29.988078 -25.184853 
-8.483816 -30.246056 -24.519043 
-8.027445 -30.997285 -24.042198 
-7.720554 -30.313197 -23.380502 
-7.417300 -29.400171 -23.107701 
-8.296718 -29.228431 -22.663709 
-8.229304 -29.132655 -23.656826 
-9.161126 -29.430408 -23.449340 
-9.428504 -29.395001 -24.412281 
-10.017571 -29.904127 -23.784754 
-10.314783 -30.351478 -24.628283 
-9.468890 -30.421002 -25.157087 
-9.384093 -29.733619 -25.878415 
-9.663931 -28.791511 -25.693694 
-10.308851 -28.212360 -25.195034 
-11.247631 -28.536653 -25.311331 
-11.726296 -29.039135 -26.031326 
-11.558896 -28.558920 -26.892355 
-10.753768 -28.579652 -26.299617 
-9.909393 -28.502134 -26.829732 
-9.754271 -27.790411 -26.144614 
-10.397026 -27.511881 -26.858257 
-10.907834 -26.722973 -27.199870 
-11.562460 -26.239007 -27.780595 
-10.740607 -26.015658 -28.304689 
-10.862099 -25.023313 -28.326843 
-11.596081 -24.733907 -28.941264 
-12.264814 -24.826865 -28.203595 
-11.537006 -24.435802 -27.640243 
-11.313102 -23.706529 -28.286793 
-12.122914 -23.225391 -27.951068 
-12.327440 -22.251859 -28.053068 
-12.120843 -22.110665 -29.021253 
-11.174253 -21.835927 -28.852470 
-10.307484 -21.835637 -29.351179 
-9.980825 -21.970573 -28.415718 
-60.099729 20.314826 37.114277 
-60.121852 20.044316 36.151814 
-60.205144 21.017359 36.366871 
-59.305767 21.350943 36.649433 
-59.132885 22.038838 35.944513 
-58.362214 21.866377 35.331060 
-58.175526 22.723651 35.810882 
-57.283189 23.136459 35.628331 
-56.292632 23.237968 35.720481 
-55.398042 23.110968 36.148945 
-55.065958 22.261000 35.739954 
-55.739634 21.560942 35.976767 
-55.781462 21.452949 36.970038 
-55.065961 20.754979 36.940100 
-54.553272 20.553849 36.105417 
-54.800296 19.775241 35.528573 
-55.574645 20.301437 35.880001 
-55.546333 20.467679 34.894322 
-56.156388 20.603004 34.113605 
-55.807433 21.522983 33.935086 
-56.130275 22.376193 34.344727 
-56.712625 22.919387 33.739906 
-57.510652 23.510753 33.855830 
-58.018670 23.855244 34.645289 
-57.924160 24.800725 34.956950 
-57.481032 24.978233 34.078241 
-56.571722 24.623339 34.295509 
-56.214213 23.700523 34.439027 
-56.820616 23.931061 35.200031 
-56.001611 24.362544 35.578255 
-55.132110 24.131790 36.014969 
-54.468741 23.684514 35.415065 
-53.804134 23.715524 36.161615 
-53.481375 23.328824 35.297734 
-53.167371 24.224788 34.983646 
-53.805947 24.320152 34.220019 
-53.946071 23.966596 33.295160 
-54.391064 24.222951 32.437103 
-53.669320 23.685175 32.001349 
-54.290863 24.185633 31.398666 
-54.394888 25.084277 31.824833 
-54.101170 25.785621 32.474329 
-54.878738 26.337129 32.172291 
-55.038098 26.165051 33.144399 
-55.668832 25.500213 32.744193 
-56.365593 25.339294 32.045173 
-56.914546 24.517590 31.892035 
-56.602528 23.864735 31.201799 
-55.966154 23.157435 30.893974 
-56.651514 22.948704 30.196326 
-56.920805 23.535303 29.432530 
-56.920702 24.278077 30.102072 
-57.778204 24.439903 30.590439 
-58.102592 25.167359 31.195072 
-57.253960 25.535238 30.814955 
-57.431807 26.513330 30.706761 
-57.611291 27.433049 31.055907 
-58.395509 28.023084 31.247896 
-59.338029 27.766161 31.461547 
-59.923476 28.561310 31.303466 
-59.702103 28.593371 30.328804 
-59.384833 29.485835 30.008103 
-60.320575 29.745605 29.769552 
-60.243015 30.498265 30.423377 
-59.383945 30.999919 30.321673 
-59.214091 30.770140 29.363367 
-58.821391 30.069603 28.767518 
-58.123190 29.621361 29.325725 
-57.715334 28.818264 29.760107 
-22.729029 21.232506 -0.885223 
-22.351716 22.113498 -1.170685 
-21.712934 21.555387 -1.700278 
-21.863982 21.537560 -2.688644 
-21.642160 21.886017 -3.599344 
-20.751051 22.218114 -3.908592 
-20.163512 21.529351 -4.333331 
-20.458791 22.215854 -4.997804 
-20.515046 23.050308 -4.449605 
-19.794860 23.036360 -5.143246 
-19.059789 23.679222 -4.927844 
-18.544062 23.589393 -5.779875 
-17.794094 23.011854 -6.102363 
-17.988095 22.161545 -5.613141 
-18.927666 22.050576 -5.937011 
-18.767985 22.044307 -4.949863 
-19.408726 22.476803 -4.315515 
-18.611126 22.059214 -3.880252 
-17.784791 22.599082 -3.719898 
-17.295886 23.307943 -3.211481 
-16.763956 22.889907 -2.475072 
-16.713839 23.512055 -1.693778 
-17.163320 24.397538 -1.811616 
-16.405141 24.382371 -2.463485 
-15.704574 24.906923 -1.979697 
-16.043612 25.833288 -1.815683 
-15.513325 26.457609 -1.242081 
-14.629355 25.990078 -1.245637 
-14.617923 26.845752 -1.763026 
-14.086188 27.679674 -1.615266 
-13.818280 27.754233 -0.654711 
-14.256047 26.899009 -0.377311 
-14.408595 27.664360 0.247963 
-13.968712 28.386208 0.782227 
-13.272883 28.704961 1.425825 
-12.439119 28.155177 1.375078 
-12.652948 27.663184 0.531147 
-13.075533 26.934530 1.070114 
-12.824828 26.382450 0.274907 
-13.627632 26.089720 -0.244530 
-13.455256 26.587723 -1.094400 
-13.135392 26.023116 -1.855259 
-12.626368 26.061321 -2.715163 
-13.515970 25.648552 -2.910683 
-14.016439 26.205504 -3.573506 
-13.244161 26.136404 -4.205022 
-13.080926 26.354205 -5.167268 
-12.650664 27.059893 -5.730189 
-12.283198 27.354518 -6.612325 
-11.306374 27.435258 -6.414093 
-11.121577 28.222824 -7.001963 
-11.770640 27.697417 -7.552114 
-12.244690 28.472781 -7.969351 
-12.662140 29.332288 -7.674421 
-12.001069 29.709848 -7.026012 
-11.656828 29.418409 -7.918515 
-11.511827 30.359874 -7.614182 
-10.956559 31.188871 -7.547545 
-10.533321 30.505638 -6.952515 
-11.138066 29.925321 -6.407065 
-10.635780 29.727274 -5.565349 
-9.648623 29.568422 -5.582285 
-8.831994 30.100501 -5.358658 
-7.873793 29.819293 -5.305990 
44.644371 21.204626 41.526077 
44.333370 22.068220 41.922919 
45.169295 22.450718 41.529315 
45.663175 21.701566 41.970738 
46.380844 21.106704 42.332802 
45.871763 20.554398 42.992950 
45.694673 19.885401 42.271090 
44.811524 20.096556 41.852209 
44.363327 19.311506 42.279779 
43.515570 19.681553 42.659742 
43.668763 20.077407 43.565188 
44.436460 20.582856 43.959095 
43.826108 21.235929 44.407388 
42.931598 21.680554 44.453865 
42.394320 22.005096 45.232328 
42.851438 22.345902 46.053847 
43.159530 22.831427 46.871982 
42.393371 22.229223 47.096369 
41.406486 22.313894 46.958930 
41.139943 21.799695 46.143729 
40.302305 22.338782 46.231750 
40.524587 22.872186 45.415618 
40.050012 23.702237 45.122712 
40.963319 23.777286 44.722414 
40.906669 23.301671 43.844587 
40.206263 22.845822 44.393799 
40.903002 22.135071 44.490685 
41.736433 22.214243 43.943762 
42.055243 23.039592 44.409765 
42.263967 23.618983 45.197636 
42.244926 24.540280 45.586029 
42.506542 25.472923 45.834493 
42.777692 24.912411 46.616991 
43.619659 24.751487 46.102020 
44.367491 24.868020 46.755601 
44.314157 23.912399 46.465870 
44.687524 23.644635 45.577670 
45.474913 23.387896 46.138119 
45.681308 22.836194 45.330019 
45.929146 21.874604 45.448006 
46.123027 22.309275 44.568534 
46.341133 23.279281 44.675859 
46.242526 23.813993 43.836598 
46.782815 23.457433 43.074395 
47.676746 23.673389 42.681648 
46.987771 23.458898 41.989328 
46.078905 23.787294 41.732193 
46.524705 24.403204 42.381745 
47.103259 25.178625 42.128768 
48.079153 25.356553 42.002389 
48.317734 25.200075 42.960822 
48.380087 26.197966 42.942774 
48.128088 26.529831 42.033729 
49.104022 26.690398 42.181279 
50.044636 26.353140 42.220035 
49.671831 25.898705 41.411021 
49.941643 24.950793 41.241716 
50.159722 24.075424 41.673192 
49.509923 23.334792 41.502238 
50.038353 22.620142 41.960536 
49.622446 23.341641 42.514123 
49.566935 24.316130 42.731585 
50.052749 23.906633 43.503787 
1.477871 39.403946 27.911977 
0.992276 38.570033 28.174249 
1.294336 37.624160 28.292919 
0.814856 37.940010 29.111660 
0.942070 37.077817 29.602007 
0.197526 37.082245 28.934448 
-0.306458 36.326852 29.353233 
0.410417 35.630398 29.385513 
1.226079 36.125708 29.086576 
2.059334 36.668056 29.194016 
2.267053 37.644616 29.137597 
2.446292 38.495683 29.631115 
2.521242 38.310900 30.611032 
2.911107 37.471742 30.231795 
2.808457 36.477426 30.260036 
3.445722 36.552723 31.026994 
2.776747 36.831307 31.716097 
2.159280 36.047536 31.782711 
1.523346 36.741678 32.119984 
1.036083 37.515712 31.715698 
0.130114 37.600684 32.130427 
-0.712575 37.138190 31.854793 
-1.184913 37.241848 32.730094 
-0.595039 36.986264 33.496074 
-0.401297 36.627930 34.409343 
-1.003998 36.173518 35.065285 
-0.182388 36.048766 35.621517 
-0.862126 35.546735 36.156233 
-1.691335 36.102340 36.095261 
-1.527080 36.655804 36.911777 
-1.355027 36.615875 37.896055 
-0.946209 36.901812 38.762720 
-0.063130 36.586071 39.109821 
-0.616944 36.323128 39.899854 
-0.096711 35.733665 40.517827 
0.166612 35.531409 41.461095 
0.551465 34.952478 42.179932 
0.321401 34.406922 42.985810 
0.774707 35.034063 43.619220 
1.653882 34.656782 43.328167 
1.160679 34.006028 43.905464 
1.708467 33.199123 44.126442 
1.247739 33.121266 45.010561 
2.211077 33.388680 44.988903 
2.141210 32.417362 45.216191 
1.397282 31.975649 44.714733 
0.791643 32.253648 43.969133 
0.686489 31.726773 43.125720 
0.341498 30.874529 43.518991 
-0.502957 30.844651 42.984199 
-0.596666 30.321799 42.136942 
-0.274592 30.846398 41.348866 
-0.903578 31.445617 41.844158 
-0.458029 32.337963 41.772002 
-1.232610 32.962740 41.673627 
-0.870789 33.884995 41.809759 
-0.480925 34.801470 41.899638 
-0.925225 34.886062 42.791513 
-1.231795 34.051813 43.249819 
-0.510241 33.590135 43.765777 
-0.120941 34.453226 44.087519 
-0.113722 34.395657 45.085834 
0.321537 33.495912 45.054077 
-46.890229 -41.558354 11.173077 
-47.151831 -41.114287 12.030030 
-46.966745 -40.535075 12.823917 
-47.287024 -41.058703 13.613369 
-47.343726 -41.681758 14.393489 
-46.800935 -41.955482 13.599479 
-46.956160 -42.528815 12.794995 
-47.829285 -42.630828 12.318290 
-48.412922 -43.438813 12.399080 
-48.280392 -43.641008 13.369416 
-47.890375 -42.784990 13.708708 
-48.492959 -41.992023 13.798684 
-48.306151 -41.714839 14.741166 
-48.925728 -41.468087 15.486309 
-49.010831 -40.568496 15.914671 
-48.265479 -40.023566 15.530613 
-48.610702 -39.978077 14.593195 
-48.636952 -40.900509 14.207927 
-49.579825 -40.932177 13.876283 
-50.134293 -41.639398 13.437645 
-50.099553 -41.605550 14.436468 
-50.533287 -40.931294 15.034175 
-51.323552 -40.491814 15.461186 
-51.739182 -40.299847 16.350230 
-51.005734 -40.662063 16.925429 
-50.723616 -40.493312 17.869851 
-51.058855 -39.587052 17.612347 
-51.863618 -39.751053 18.182838 
-52.349576 -39.257672 18.904240 
-52.044520 -39.789293 19.694379 
-51.252158 -40.182999 19.228377 
-50.328916 -39.912563 18.955452 
-49.603267 -40.462626 19.368808 
-50.103533 -40.876648 20.129281 
-49.948345 -41.844415 19.930931 
-50.295644 -42.041772 19.014180 
-49.367739 -41.919227 18.662080 
-48.912991 -42.467516 17.960237 
-48.908365 -42.978693 18.819700 
-49.772213 -43.438077 18.612979 
-50.128300 -44.128884 17.983704 
-50.627447 -44.179403 18.848747 
-50.581641 -45.161118 19.033513 
-49.742535 -44.640276 19.190438 
-50.040256 -43.795102 19.634333 
-49.405936 -43.673094 20.397716 
-48.716998 -44.391976 20.490309 
-48.173751 -43.693499 20.024463 
-48.009960 -43.122476 20.828891 
-47.015274 -43.106646 20.930618 
-46.093138 -43.300006 20.595541 
-45.429665 -43.833412 20.070867 
-44.977657 -43.020986 19.702555 
-44.844643 -42.033920 19.613069 
-44.150770 -41.990375 20.331849 
-43.970585 -41.519343 19.468331 
-43.141648 -42.052578 19.637223 
-42.938760 -42.469311 20.523321 
-43.646919 -42.503557 21.228543 
-43.618393 -43.463531 20.949910 
-42.896375 -44.128977 20.760510 
-42.723374 -43.527154 19.980844 
-42.342189 -44.238593 19.390460 
-41.433744 -43.964210 19.705804 
-41.913506 -44.685677 20.205117 
-42.538421 -45.252700 19.668492 
53.134571 -19.816854 37.485077 
53.135752 -20.136862 36.537663 
53.274507 -20.980318 37.056632 
53.049822 -21.795563 36.522879 
53.173427 -21.950907 35.542782 
52.191716 -21.800549 35.426012 
51.502884 -21.721056 34.705462 
51.431541 -22.474275 34.051573 
50.651867 -22.770453 34.603287 
51.416475 -23.400529 34.738855 
51.322260 -22.640914 35.382368 
51.913261 -23.167927 35.993086 
51.136327 -22.720653 36.436165 
50.673512 -23.506159 36.025333 
50.659589 -24.030003 35.173632 
49.750586 -24.382813 35.395529 
49.380980 -23.790645 36.111580 
49.724074 -24.297995 36.902074 
50.171186 -24.800065 37.642356 
50.287028 -25.675998 37.174036 
50.431692 -26.001134 38.108573 
49.670298 -25.961578 38.755655 
49.113327 -26.659538 39.205805 
48.198960 -26.755955 39.599044 
47.415158 -27.105479 40.112355 
47.133120 -28.064724 40.094966 
47.792215 -28.560487 39.529447 
47.674000 -28.810068 38.568336 
47.363739 -29.162017 37.685233 
47.104319 -29.806734 36.966177 
47.619567 -28.995776 36.688929 
46.774521 -28.529994 36.426354 
46.033712 -28.851374 37.016198 
46.055224 -27.857556 36.907282 
45.815902 -28.243033 36.016141 
45.523917 -28.709507 35.181187 
46.508700 -28.795464 35.030143 
47.429591 -29.068164 35.308701 
47.508467 -30.011251 34.985645 
48.330017 -29.802421 34.455130 
48.437366 -29.052691 33.802151 
47.668418 -29.673246 33.648429 
46.728228 -29.965956 33.822686 
46.891947 -28.985739 33.711462 
47.246072 -28.883676 32.781851 
48.014001 -28.351799 32.424931 
48.379022 -27.433141 32.273842 
48.245657 -26.488463 32.573503 
48.464941 -26.528339 31.598657 
47.550677 -26.836872 31.336116 
47.352743 -27.541637 30.654846 
46.605544 -27.718227 31.295558 
45.754224 -27.623285 30.779574 
44.836247 -27.978054 30.956933 
45.493816 -28.594450 31.390129 
44.511071 32.534866 -10.144923 
44.010758 32.634403 -11.005028 
43.136503 33.119538 -10.987107 
43.543347 33.749985 -11.648178 
42.985192 34.322412 -11.047521 
42.286089 34.243280 -10.336892 
41.351219 34.586541 -10.246393 
41.233358 34.067744 -11.093127 
41.434396 33.345915 -11.755355 
40.497865 33.694803 -11.789819 
40.654647 32.728482 -11.585748 
41.026574 32.211370 -12.356635 
42.003370 32.039186 -12.229269 
42.138348 32.246857 -11.260427 
41.389104 32.394558 -10.614813 
41.189230 31.530472 -11.076771 
41.760295 31.397252 -10.266748 
41.245061 30.906498 -9.564113 
40.578760 30.763569 -10.295970 
41.056196 29.898382 -10.142656 
41.414834 30.159991 -11.038725 
40.821327 30.007814 -11.829036 
40.263972 29.971061 -12.658496 
40.884290 30.738981 -12.818195 
41.181768 29.930803 -13.326480 
41.176637 28.948143 -13.141134 
41.007933 28.057272 -13.562901 
41.302046 27.929103 -12.615763 
42.027223 28.321016 -13.181910 
42.943967 28.418216 -13.569380 
43.279726 29.213177 -13.064104 
44.216939 29.464855 -13.305537 
44.859594 29.294290 -12.558608 
45.579766 29.891827 -12.206042 
45.812283 30.684997 -12.768907 
45.641726 31.666014 -12.676620 
44.928673 31.087242 -13.072319 
44.051931 30.955518 -13.534889 
44.298482 31.030605 -14.501106 
43.383251 31.181888 -14.874558 
43.110835 31.323890 -15.826201 
43.881062 30.870101 -16.274336 
44.115022 30.024975 -15.793684 
45.005948 29.600161 -15.954256 
44.399216 28.813671 -15.838890 
44.067962 28.076638 -15.249778 
43.747864 28.098467 -16.196911 
43.301300 28.993196 -16.190507 
42.439015 28.722261 -16.618361 
42.281521 29.673845 -16.882337 
41.548915 30.246213 -16.513984 
40.583786 30.050267 -16.340402 
25.417691 28.779146 -30.000723 
25.043870 29.173827 -30.840059 
25.484807 28.908860 -31.697595 
25.472017 29.908767 -31.702267 
25.898447 30.579131 -32.309531 
26.876335 30.779163 -32.248509 
27.552892 31.375048 -32.681164 
27.930996 31.363064 -33.606850 
28.208816 30.574162 -33.058716 
27.717844 29.746993 -33.332100 
26.874036 29.394048 -32.927850 
26.987391 28.877451 -32.079158 
27.684844 28.705381 -32.774824 
28.426732 28.334586 -32.216154 
28.863276 28.751919 -31.419121 
28.337942 29.282700 -30.754068 
27.950653 28.367960 -30.638929 
27.661803 28.400923 -29.682122 
28.342557 29.131078 -29.740851 
28.573370 29.461923 -28.825828 
29.471563 29.025710 -28.771366 
30.347545 29.271226 -29.186550 
30.057005 28.406243 -29.595682 
30.544288 27.868756 -30.283914 
30.970268 27.067329 -29.864086 
30.365958 27.368432 -29.126423 
30.061260 27.563695 -28.194204 
29.228385 27.976488 -28.562879 
29.187412 27.255694 -29.254816 
28.356751 27.363147 -29.801127 
27.476137 26.989108 -30.092011 
26.745378 27.458783 -30.587385 
25.986419 27.405314 -31.236325 
26.330413 26.597040 -31.714196 
26.019551 26.919795 -32.608172 
25.367370 27.264664 -33.283247 
24.513614 27.233406 -33.802981 
23.599379 27.425865 -33.446422 
22.744009 27.904124 -33.645447 
22.257257 27.059335 -33.867713 
21.513995 27.343508 -34.473359 
21.268415 27.641736 -35.395720 
21.879189 26.851840 -35.450681 
22.523586 26.191100 -35.835615 
23.044648 26.403252 -35.008883 
23.875174 26.893862 -34.745199 
24.325089 26.281833 -35.395581 
25.008466 26.992590 -35.562377 
25.334463 26.598465 -34.703080 
26.021922 26.451015 -33.991983 
-11.802629 -14.737054 53.667677 
-12.334101 -15.042568 52.877614 
-12.975977 -15.793529 52.722527 
-13.381894 -14.890939 52.579129 
-14.292276 -15.232313 52.812941 
-15.165116 -15.694237 52.970344 
-15.939164 -15.436056 53.548438 
-16.897624 -15.680420 53.695548 
-17.208493 -15.204195 52.873010 
-16.960155 -14.406319 52.323717 
-17.528949 -13.983681 53.029302 
-16.854133 -13.351901 52.647886 
-16.138000 -12.776092 53.042342 
-16.413237 -12.814802 54.002939 
-16.286858 -12.777026 54.994201 
-16.760755 -13.294974 55.706347 
-16.772466 -14.260553 55.966194 
-17.357270 -14.738916 56.621307 
-17.630160 -15.693994 56.505727 
-17.406409 -16.131246 57.376787 
-16.510686 -16.274985 56.956049 
-15.601414 -16.180726 56.550661 
-14.779957 -16.717614 56.358416 
-15.051877 -17.629262 56.050263 
-15.357945 -17.978876 55.164773 
-14.493368 -18.111098 54.679980 
-14.695405 -18.805353 53.989190 
-14.453561 -18.098526 53.324429 
-15.430666 -18.109256 53.111941 
-16.377920 -18.428616 53.138757 
-15.983867 -18.500698 52.222500 
-16.166892 -18.260445 51.269201 
-15.620659 -19.025489 50.928118 
-15.324040 -18.597745 50.074273 
-15.524652 -18.555324 49.095521 
-15.282991 -17.587968 49.019209 
-14.387505 -17.232955 48.750750 
-13.841623 -17.750902 48.092158 
-13.070384 -18.346865 48.315807 
-13.567682 -18.038369 49.126686 
-12.711110 -18.332774 49.550489 
-12.472663 -17.390313 49.316159 
-13.005671 -16.733148 49.849109 
-13.959814 -16.491705 49.672142 
-14.694334 -15.821790 49.780277 
-15.349548 -15.533567 50.478577 
-16.214800 -15.078776 50.267617 
-16.815046 -14.642763 50.938138 
-63.708229 -16.083254 67.877677 
-64.646104 -16.335523 67.639451 
-65.148142 -15.976880 66.852474 
-66.040658 -15.566664 67.039924 
-66.701515 -15.985608 66.417225 
-66.328240 -16.751309 65.893424 
-65.518565 -16.287604 65.533697 
-65.813032 -15.514035 64.972555 
-66.303632 -14.870967 64.384529 
-66.351628 -14.934576 63.387709 
-65.620752 -14.602834 62.791246 
-65.965104 -13.676500 62.638515 
-66.371277 -12.780697 62.818963 
-66.854400 -12.117678 63.390800 
-67.335745 -12.893522 63.798688 
-67.511118 -12.671456 64.757819 
-67.548235 -13.514524 65.294343 
-68.102934 -12.830871 65.768608 
-68.575670 -12.899820 64.890105 
-69.036861 -12.116834 65.307520 
-69.440899 -11.205758 65.389328 
-69.239612 -11.060787 66.358073 
-70.078529 -11.003210 66.899278 
-70.239950 -10.418067 67.693980 
-71.007391 -11.021572 67.477610 
-70.201680 -11.556123 67.732728 
-70.598547 -12.264845 68.316003 
-71.373381 -12.828208 68.029204 
-71.533789 -13.380352 68.847376 
-71.305363 -12.433062 69.072015 
-72.167099 -11.986391 68.831399 
-72.400162 -12.933038 68.608817 
0.185871 18.403946 69.017677 
-0.477696 19.151619 69.043454 
-0.106932 19.539408 69.887346 
-0.216602 19.768973 70.854441 
0.178845 18.927286 71.222114 
-0.589457 18.468945 70.775307 
-1.180909 19.205279 71.103937 
-0.994764 18.478572 71.765183 
-1.356000 17.992256 72.560800 
-1.951084 17.971616 71.757401 
-2.656029 17.925994 71.049609 
-3.023163 18.119790 71.959365 
-4.013870 18.101992 72.094205 
-4.515802 17.244435 72.206721 
-4.697124 17.263130 71.223475 
-3.934521 16.661340 71.460720 
-4.785728 16.237682 71.150943 
-5.192363 15.886156 71.994196 
-6.155545 15.707797 72.195367 
-5.966966 15.416467 71.257515 
-5.341028 14.636725 71.271818 
-4.649791 14.803100 70.568603 
-5.508934 14.996472 70.094810 
-6.312619 15.578659 70.217891 
-6.374172 16.082666 69.356388 
-5.635609 16.435104 68.781660 
-4.751478 16.845919 68.559078 
-5.423584 17.216605 67.918090 
-5.569771 17.299611 66.932322 
-4.615456 17.486650 67.165346 
-3.895681 17.061302 66.616708 
-4.686401 17.313230 66.058770 
-4.368558 16.365956 66.018160 
-3.562962 16.083050 65.497604 
-4.229978 15.621689 64.912595 
-4.745262 15.310018 64.114257 
-5.619060 15.791602 64.181750 
-6.523397 15.747610 64.606296 
-6.393251 16.224770 65.475422 
-6.604210 16.877368 64.747676 
-6.545572 17.825659 65.059614 
-5.693504 17.311728 64.960338 
-5.552834 17.908599 65.750248 
-5.297607 18.810088 65.400709 
-5.059147 18.440456 64.502651 
-4.514333 19.191983 64.130650 
-4.410472 20.181521 64.030505 
-4.880308 20.978014 64.411101 
-4.859961 20.880146 63.416110 
-5.813487 21.171088 63.337745 
-6.378781 20.408016 63.024435 
-6.682990 20.044193 63.904827 
-7.580724 20.064935 64.344877 
-7.561866 19.178113 64.806603 
-6.655027 19.440728 65.136264 
-6.446268 19.724731 66.072086 
-6.330079 19.226330 66.931212 
-6.675869 19.889890 67.594626 
-7.465330 19.562473 68.113807 
-7.947441 19.810334 67.273490 
-7.355080 20.546991 66.947230 
-8.074816 20.306944 66.295803 
-8.064490 19.438383 65.800329 
-8.329515 18.477195 65.877017 
-8.770978 18.947004 65.112563 
-9.660121 18.718382 64.716133 
-9.779270 17.728912 64.633955 
-10.300286 17.151259 64.005577 
-10.450393 16.547362 64.788377 
-11.185927 16.161666 64.231395 
-12.115980 16.316337 64.564679 
-12.117289 15.376815 64.222192 
-11.479460 14.672307 64.533388 
-10.544566 14.384824 64.741541 
-10.868062 14.816769 65.583428 
-11.702338 14.985129 66.108441 
-12.516174 15.415797 66.498565 
-11.879610 16.077416 66.894856 
-11.163119 16.151646 66.201221 
-11.620659 16.581418 65.422791 
-11.271804 17.517748 65.382959 
-10.541934 18.106082 65.731029 
-9.910075 18.195850 66.500897 
-9.209486 17.697175 65.990505 
-8.795892 16.812100 65.777005 
-8.777397 17.224633 64.866250 
-7.930360 17.730892 64.704291 
-8.374427 18.469955 64.197743 
-7.844438 19.046264 63.575666 
-7.961495 18.094272 63.292807 
