10.645609 -2.115193 41.408004 
9.876875 -2.145592 42.046850 
10.236881 -3.022802 41.729205 
10.765379 -2.528089 42.419095 
11.716021 -2.714606 42.667070 
12.057643 -3.482337 42.124959 
11.893889 -3.422349 41.140284 
11.762879 -4.413034 41.103161 
12.571009 -4.076802 40.619557 
13.112583 -3.666743 39.885698 
13.393615 -2.947167 39.250693 
14.097469 -2.472589 39.779243 
14.991553 -2.531309 39.335211 
15.952016 -2.806989 39.374101 
15.849192 -1.868272 39.703097 
15.345130 -2.259535 40.473054 
14.753575 -3.065765 40.465559 
15.655264 -3.414471 40.209901 
16.182348 -4.237131 39.996797 
16.970900 -3.854075 40.477893 
16.443544 -3.677745 41.309039 
15.672011 -3.247072 41.777289 
15.214370 -3.690064 42.548212 
14.599963 -3.958684 43.290066 
13.778551 -4.521742 43.199245 
13.416614 -4.482421 42.267872 
13.677492 -5.386757 41.930057 
14.473150 -5.938299 41.679597 
14.097739 -6.545323 40.979176 
14.638929 -5.818655 40.556013 
14.056825 -5.027535 40.368170 
14.512890 -5.295457 39.519510 
14.200008 -4.936439 38.640186 
15.150278 -5.241372 38.703452 
15.899833 -5.226549 39.365228 
15.769245 -5.989859 39.997924 
15.853422 -6.683174 40.713626 
15.416359 -7.521852 40.388670 
16.396675 -7.632599 40.552116 
15.977177 -8.153268 39.808526 
16.411539 -8.700746 39.093266 
16.553936 -8.237035 38.218797 
17.016771 -8.255827 37.332551 
17.064867 -9.155760 37.765918 
17.957118 -9.486910 37.458951 
17.253032 -9.765742 36.805869 
18.140639 -9.764476 36.345270 
18.184148 -9.660932 35.351597 
18.610261 -8.756301 35.359936 
18.894773 -8.542908 36.294557 
19.856268 -8.562101 36.020406 
20.101829 -8.261083 35.098946 
20.963156 -8.025835 35.549251 
21.084787 -7.094937 35.204816 
20.648512 -6.386872 34.649561 
21.177394 -5.544047 34.549912 
21.809451 -6.281942 34.786584 
22.330275 -6.661328 34.021856 
22.585270 -7.627809 34.051709 
22.532309 -7.451739 35.034661 
23.031916 -8.033967 35.676069 
22.740299 -7.517023 36.480885 
22.957473 -7.300447 37.432688 
22.116441 -6.879062 37.771952 
22.219555 -7.335060 38.655939 
21.792164 -7.505302 39.543833 
22.676664 -7.144888 39.840079 
22.704527 -8.141314 39.760345 
21.830287 -8.504977 40.081987 
21.463839 -9.024971 40.853558 
20.895875 -9.455052 41.555304 
19.921714 -9.581259 41.742608 
20.166193 -9.813041 40.801063 
21.100551 -9.983861 40.488342 
22.052665 -10.033656 40.186680 
22.500854 -10.257016 39.321095 
22.318028 -10.479219 38.363389 
22.738636 -9.587044 38.198730 
23.639761 -9.325739 37.852761 
24.270858 -9.155079 37.096064 
24.670784 -8.304232 36.755302 
25.456099 -8.510960 37.338865 
26.316513 -8.005732 37.405434 
26.710063 -8.067176 38.322682 
26.718249 -9.043089 38.104675 
27.238593 -8.857684 38.938261 
28.156560 -9.251932 38.981898 
27.720231 -10.021929 38.516366 
27.776078 -10.589079 37.694647 
28.445768 -9.874292 37.493167 
28.068195 -8.977406 37.262876 
27.785841 -8.146726 36.783035 
27.671442 -9.020818 36.310937 
27.057902 -9.809773 36.277484 
26.305550 -10.457442 36.397867 
25.676887 -9.870500 35.887689 
25.424408 -8.914499 35.738297 
24.549721 -9.368232 35.567859 
24.096970 -10.254885 35.662002 
23.502600 -10.527388 36.418617 
23.767155 -11.491713 36.409316 
22.942961 -12.027472 36.592806 
-9.160091 43.656487 -36.120996 
-9.819499 44.005403 -35.455084 
-10.255242 44.670900 -34.849079 
-10.669463 45.542529 -35.111156 
-9.960564 45.423269 -35.806310 
-10.730914 45.798020 -36.322181 
-11.382866 45.049885 -36.198685 
-11.621234 44.090994 -36.044703 
-12.388385 44.368824 -35.466525 
-12.097760 43.432690 -35.268559 
-11.910410 42.683812 -35.904233 
-12.800098 43.114989 -36.054369 
-12.577528 42.598598 -36.881292 
-12.391454 43.513381 -37.239831 
-11.796623 42.930205 -37.793077 
-10.860767 42.979153 -37.444111 
-10.695475 42.300451 -36.728540 
-11.300148 41.506542 -36.664676 
-12.040566 41.529820 -35.992933 
-11.691540 42.005321 -35.185418 
-10.694521 41.944452 -35.232831 
-10.383063 42.694635 -35.816115 
-10.146876 43.289669 -36.584327 
-9.687661 42.887982 -37.376646 
-9.675164 41.970498 -37.774222 
-9.619148 41.363517 -36.981482 
-9.742758 40.865386 -37.839728 
-9.518348 39.931107 -37.562664 
-8.807842 40.630308 -37.483294 
-7.835040 40.497512 -37.673083 
-7.069360 41.104366 -37.459860 
-7.759421 41.820614 -37.355911 
-8.504759 42.484992 -37.300481 
-8.624649 42.181047 -38.245596 
-9.243077 41.487929 -38.615912 
-9.938555 40.876172 -38.992827 
-9.617905 41.513407 -39.693624 
-9.642795 41.171264 -40.632942 
-10.242194 41.969527 -40.692084 
-10.941146 42.668783 -40.842105 
-11.047580 42.514369 -39.859849 
-11.749244 43.220546 -39.765075 
-12.444081 43.582911 -39.143872 
-13.168794 43.915479 -38.540391 
-13.669665 43.175900 -38.990003 
-13.148113 43.191032 -39.843088 
-13.275189 42.254256 -40.169128 
-13.765055 42.381342 -41.031613 
-14.349294 41.597026 -41.240210 
-13.845542 41.443780 -42.090357 
-13.282472 40.810780 -42.621642 
-12.558007 40.213026 -42.964919 
-12.577624 40.874042 -43.715034 
-12.697589 41.119588 -44.676967 
-13.059959 41.928516 -44.214017 
-13.885053 41.464042 -44.535708 
-14.123643 40.580618 -44.132428 
-15.024797 40.983316 -43.971941 
-14.967241 40.229639 -43.317221 
-15.354550 39.556738 -42.686986 
-15.441755 38.702438 -42.174573 
-15.932018 37.846036 -42.012654 
-16.272901 37.279071 -42.762553 
-16.969858 37.696377 -42.179367 
-17.053685 37.828241 -43.167084 
-17.640876 38.499868 -42.715283 
-16.884987 38.918105 -42.211588 
-17.574081 38.454457 -41.654651 
-18.024770 38.111076 -40.830655 
-18.373718 37.330978 -41.349965 
-18.753358 37.083943 -40.458423 
-19.696070 37.411571 -40.521303 
-20.478915 37.413929 -39.899091 
-21.356208 37.457308 -39.421101 
-21.920184 37.990360 -40.051804 
-21.938421 38.973457 -40.233980 
-22.176818 39.902361 -39.950600 
-21.935943 40.872287 -39.985565 
-21.087270 40.422610 -40.264033 
-20.739888 40.183852 -41.170852 
-21.524063 39.605208 -41.394996 
-21.930297 40.490674 -41.620660 
-21.511184 40.714892 -42.500473 
-22.302695 41.323964 -42.450057 
-21.936685 42.254097 -42.420250 
-21.146014 42.865997 -42.440701 
-21.738468 42.895862 -43.245751 
-20.911861 42.919427 -43.808038 
-21.062133 42.008095 -44.191303 
-21.497173 41.833705 -45.074665 
-20.761605 42.356045 -45.506058 
-20.343862 43.057878 -44.929065 
-21.146015 43.635647 -45.079837 
-21.702952 44.453178 -44.933326 
-22.127524 44.852003 -44.120506 
-11.187691 -22.695393 -19.400896 
-11.089543 -21.707304 -19.519415 
-11.060982 -20.734757 -19.750362 
-10.121724 -20.593496 -20.063156 
-9.898896 -21.342990 -20.686538 
-10.878151 -21.184369 -20.812629 
-10.915746 -20.378033 -21.402891 
-10.868643 -20.641800 -22.366326 
-9.997456 -21.087815 -22.161138 
-10.806196 -21.666444 -22.266627 
-10.345320 -22.482982 -22.614277 
-9.800050 -23.209902 -22.196824 
-9.261314 -22.509197 -21.729088 
-9.112643 -21.557659 -21.459883 
-8.591489 -20.718417 -21.304730 
-7.781754 -20.668550 -20.720057 
-7.105545 -20.093165 -21.180138 
-6.375939 -20.772088 -21.098051 
-6.192758 -20.603035 -22.066486 
-5.964926 -21.266049 -22.779581 
-4.993228 -21.265640 -22.543354 
-4.517677 -22.060722 -22.919780 
-3.634144 -22.269462 -22.500499 
-3.072421 -23.005632 -22.122978 
-2.391205 -23.729997 -22.228995 
-1.523326 -23.447786 -22.637826 
-1.016637 -23.063314 -21.866174 
-1.259202 -23.656588 -21.098588 
-1.970041 -23.434076 -20.431357 
-1.737099 -22.573852 -20.884958 
-0.744059 -22.691589 -20.887915 
-0.027318 -22.017134 -20.710736 
-0.616196 -21.913909 -21.512338 
-0.308920 -21.020100 -21.838967 
-0.589141 -20.304394 -22.478687 
-1.095872 -19.998944 -21.672509 
-0.426680 -19.267451 -21.803277 
-0.060569 -18.581980 -21.173918 
-0.914148 -18.583658 -20.652958 
-0.968291 -17.627423 -20.940503 
-0.813021 -16.766571 -21.425091 
-0.897667 -16.214125 -20.595851 
-1.478228 -15.406930 -20.702552 
-1.548088 -14.427144 -20.890008 
-1.094726 -14.466267 -19.999541 
-1.826615 -13.973719 -19.528653 
-1.109735 -13.531010 -18.990051 
-1.394220 -14.176378 -18.281130 
-1.615091 -13.736632 -17.410590 
-2.251439 -12.977418 -17.547176 
-1.774770 -12.729210 -18.390491 
-0.861699 -12.376045 -18.594391 
-1.155622 -11.933355 -17.747258 
-1.523353 -11.219140 -18.342800 
-1.432166 -10.228870 -18.447916 
-0.849100 -10.192623 -19.259531 
-0.055371 -10.760091 -19.478560 
-0.679550 -11.360254 -19.978765 
-0.091729 -12.169227 -19.984248 
-0.125944 -13.164335 -20.076918 
0.008105 -13.720734 -19.256887 
-0.105080 -13.376083 -18.325005 
-0.120983 -13.165334 -17.347594 
-0.511340 -14.062487 -17.554324 
-0.674511 -14.990571 -17.889041 
-0.397261 -15.101314 -18.843436 
0.323711 -15.392649 -18.214689 
0.866781 -15.537125 -17.387524 
0.400503 -16.415669 -17.491185 
-0.496145 -16.250293 -17.080489 
-0.353141 -15.411875 -16.554557 
0.331779 -15.847305 -15.970361 
-0.450528 -16.465792 -15.896401 
-0.511693 -16.335004 -14.906880 
-0.376171 -15.376712 -14.655263 
0.544840 -15.098950 -14.928370 
0.482198 -15.623242 -14.079138 
0.276515 -16.592309 -14.215537 
0.910757 -17.022470 -14.857953 
1.442913 -16.334319 -15.351166 
1.803102 -16.618511 -16.239703 
2.513676 -16.367227 -15.582482 
2.346876 -17.303520 -15.273397 
2.536856 -17.980502 -14.562340 
-18.647091 27.095507 22.579304 
-18.848981 26.225821 22.128873 
-19.331926 25.383048 22.366565 
-19.779282 24.510799 22.564189 
-20.054689 23.557210 22.685921 
-19.988236 22.759205 22.086947 
-19.070028 23.022449 22.382914 
-18.130989 22.955165 22.045750 
-18.653667 23.161283 21.218512 
-18.232546 23.595732 20.422327 
-17.943135 24.116530 21.225452 
-18.259189 24.014832 22.168727 
-18.367075 23.800083 23.139419 
-17.602989 23.689631 23.775007 
-16.827727 24.047695 24.295352 
-16.881676 23.577725 25.176384 
-16.621475 23.208870 26.068708 
-16.078383 23.947842 26.467420 
-16.180970 24.700760 27.117489 
-16.761453 24.094790 27.661401 
-16.401753 23.174900 27.817662 
-15.684095 23.050921 28.502934 
-16.033106 22.121032 28.386748 
-16.403217 22.555847 29.207695 
-16.530035 22.275309 30.159123 
-16.398723 22.134600 31.140427 
-16.952864 22.967021 31.138576 
-16.711664 22.663669 32.060422 
-17.655003 22.427432 32.293453 
-18.654320 22.399035 32.317107 
-19.284611 22.553489 31.556268 
-20.233014 22.237066 31.576477 
-20.883527 21.854831 30.920177 
-21.791802 21.627542 31.271426 
-22.463610 22.264624 30.893536 
-23.195172 22.605312 31.484084 
-22.929315 22.626781 32.447858 
-22.410880 22.276002 33.227716 
-23.073028 21.584866 32.938075 
-22.961977 21.487493 31.949042 
-23.349976 21.308958 31.044840 
-23.153042 20.517900 31.624017 
-23.994953 20.925517 31.977619 
-23.715136 20.282007 32.690077 
-24.317553 19.497082 32.545209 
-24.560955 20.086182 31.774679 
-25.125813 20.457170 32.511771 
-25.995306 20.308881 32.982930 
-26.509130 20.728654 32.234748 
-26.252354 20.007731 31.591059 
-25.701843 19.551896 32.290453 
-25.956850 18.770393 31.721046 
-26.638213 18.568483 32.424592 
-26.771956 18.200956 33.344938 
-26.454123 19.144580 33.437436 
-27.160444 19.685762 33.893760 
-26.502905 20.348725 34.251702 
-25.870676 20.410968 35.023979 
-25.452032 20.109555 35.880651 
-25.891500 20.794719 36.461528 
-25.403107 21.201740 35.689644 
-24.569123 21.363520 35.162103 
-23.899770 21.440892 35.901008 
-23.249181 21.579027 36.647770 
-23.190593 20.600658 36.449373 
-24.111996 20.380761 36.769784 
-24.603191 21.074695 37.296265 
-23.887308 21.661999 37.673870 
-24.313851 21.918544 36.806549 
-24.533261 22.436545 37.633310 
-24.288249 23.310262 37.213086 
-23.857816 24.206274 37.322128 
-23.985801 25.102916 36.898273 
-23.876994 25.703631 36.106248 
-23.868158 24.939930 35.460739 
-23.388972 24.371378 34.792061 
-22.872403 24.249213 35.639547 
-22.732127 23.737422 36.487127 
-22.518846 24.655702 36.820704 
-21.784187 24.983817 37.414519 
-21.082381 24.410881 36.991186 
-20.755786 23.563332 37.409512 
-27.836291 -18.480393 69.579604 
-27.674629 -17.507097 69.416632 
-26.918170 -17.695520 68.790319 
-26.170095 -17.071621 69.016448 
-26.330773 -16.225052 69.523896 
-25.536022 -15.622229 69.453364 
-24.922769 -14.833412 69.412263 
-24.548223 -13.910999 69.506439 
-24.832633 -13.599621 70.413166 
-25.521360 -12.883326 70.301025 
-24.988260 -12.057349 70.484234 
-24.547931 -12.505199 71.262400 
-25.512182 -12.426004 71.515278 
-24.883316 -12.263422 72.275604 
-24.412523 -11.732165 72.979961 
-24.503309 -11.175974 73.806042 
-24.304860 -11.760107 74.593066 
-24.210286 -11.960979 75.568108 
-23.601486 -11.286281 75.985416 
-23.472351 -11.311382 74.994107 
-22.843467 -11.913246 74.501904 
-22.498373 -12.835053 74.678491 
-21.642709 -13.055453 74.210236 
-20.889236 -13.071769 73.552961 
-20.134302 -13.578817 73.137055 
-20.021650 -12.809143 72.508635 
-20.519969 -12.450359 71.719362 
-20.715990 -12.389946 70.740625 
-20.982744 -11.462642 71.003210 
-20.851903 -10.535269 71.353722 
-20.311569 -10.859048 72.130385 
-19.947230 -10.804543 73.060055 
-19.131064 -10.931360 72.496326 
-18.697279 -11.505196 71.801674 
-18.043838 -10.766580 71.967390 
-18.075324 -10.149534 71.181094 
-17.350853 -10.781536 70.905930 
-16.495208 -10.619432 71.397453 
-17.055249 -11.247422 71.937807 
-17.526271 -11.680731 72.706170 
-18.066056 -11.862231 73.528173 
-18.798322 -11.833968 72.847742 
-18.400548 -12.747733 72.765231 
-17.673929 -13.428521 72.857717 
-18.518066 -13.963728 72.826311 
-19.152127 -13.789311 73.579666 
-19.278010 -12.826773 73.339511 
-19.537934 -12.686520 74.294900 
-19.556084 -13.427677 74.965986 
-20.226349 -13.690538 74.271977 
-20.935283 -14.077564 73.682380 
-20.988837 -14.520227 74.577467 
-21.521926 -14.955333 73.851865 
-21.881478 -15.880812 73.732652 
-21.616749 -16.783591 74.071634 
-21.719536 -17.181913 74.983102 
-22.275845 -16.905193 75.766649 
-23.070625 -17.340708 76.189321 
-23.253274 -16.530595 76.746418 
-23.074480 -15.626029 76.359387 
-22.811787 -15.779259 77.312021 
-22.156662 -15.588179 78.042980 
-22.834417 -16.288326 78.267573 
-23.349899 -15.693315 78.884210 
-24.222350 -16.047356 78.547337 
-24.687933 -16.600318 79.238327 
-24.470921 -17.250122 78.509862 
-24.033483 -18.146748 78.578487 
-23.257347 -17.545127 78.389639 
-23.569171 -17.808397 77.476701 
-24.557978 -17.678177 77.549525 
-25.469811 -17.313350 77.361214 
-25.061046 -17.241304 76.451423 
-25.898262 -16.812220 76.112371 
-26.410581 -17.652832 75.936587 
-27.379497 -17.662861 76.183774 
-28.038161 -17.910094 76.894434 
-28.753077 -18.328876 76.334508 
-28.118003 -19.089260 76.470507 
-27.145170 -19.164704 76.251634 
17.122829 -17.313693 73.490004 
16.825628 -16.403276 73.202233 
17.292756 -15.624908 72.782786 
18.138130 -15.589540 72.249784 
17.652468 -14.716427 72.292290 
17.775227 -13.803765 71.902447 
18.607249 -13.907702 72.447365 
19.086623 -13.738566 73.308524 
19.440096 -13.114064 74.004982 
20.304222 -12.626716 73.879375 
20.360397 -13.533716 74.296741 
21.331387 -13.294680 74.290418 
21.252381 -12.646296 75.047621 
21.872386 -13.399560 75.267136 
22.683252 -13.733058 75.748048 
23.667016 -13.761849 75.925189 
24.127010 -14.577867 76.275217 
23.313384 -14.862818 75.768448 
22.451408 -15.013133 75.284297 
22.291975 -15.531560 74.444169 
22.532030 -14.677743 73.982250 
22.084153 -14.988286 73.143818 
21.989519 -15.716486 72.465018 
21.990158 -15.685895 71.465486 
21.972225 -15.320226 70.534913 
21.710165 -14.365546 70.393808 
20.890331 -14.413939 70.964362 
20.996097 -14.503966 71.954669 
21.167535 -13.582953 71.604892 
20.200492 -13.374231 71.459070 
20.442642 -13.763538 72.347779 
20.681173 -12.936666 72.857077 
21.492771 -12.492075 73.236085 
22.384295 -12.063953 73.088109 
22.401651 -11.133554 73.454245 
22.042149 -11.352459 74.361350 
22.956719 -11.540429 74.719440 
22.587820 -11.139754 75.558113 
23.171896 -10.400486 75.893283 
23.961270 -9.867637 75.588389 
23.985164 -9.943510 74.591558 
24.848925 -10.121886 74.120283 
25.646381 -10.014652 73.526512 
26.378921 -9.393214 73.248662 
25.568791 -8.881269 72.963002 
26.103985 -9.220266 72.189278 
27.019932 -9.556353 71.969988 
27.488962 -9.377638 72.834899 
28.053701 -9.405999 72.010117 
27.552433 -8.724010 71.477555 
26.630915 -8.337775 71.517881 
27.021769 -7.707030 70.847513 
26.805125 -8.506201 70.286808 
26.878871 -9.071725 69.465379 
27.431694 -9.903313 69.518738 
28.058449 -10.365745 70.145902 
27.556029 -11.100806 69.690644 
27.987628 -11.977906 69.479889 
27.827817 -12.166450 70.448863 
27.803882 -13.117514 70.140796 
27.490998 -13.095846 71.090340 
26.844565 -12.878942 71.821829 
26.545224 -13.508151 71.104549 
26.089618 -14.344311 70.799164 
25.538714 -14.530693 71.612655 
25.514942 -13.914274 72.399715 
25.786944 -14.124078 73.338862 
26.563099 -14.407120 72.775418 
27.182911 -13.657182 72.544276 
27.710587 -13.478544 73.374725 
28.708392 -13.497719 73.438101 
28.231142 -13.410027 74.312482 
28.409647 -13.569216 75.283458 
28.325361 -14.471559 74.860761 
27.938004 -15.286374 74.429447 
27.209677 -14.647761 74.181026 
27.039207 -15.603474 73.941123 
26.177395 -15.352968 73.500071 
-51.061891 -28.741193 42.497804 
-50.817350 -29.324544 41.723271 
-50.252900 -28.503137 41.641492 
-50.414485 -27.628121 42.097822 
-49.553392 -27.536799 41.597641 
-49.742964 -27.394640 40.626120 
-49.185178 -27.157160 39.830835 
-48.860210 -26.571918 40.573726 
-47.969419 -26.230442 40.273918 
-47.231425 -25.751731 40.749524 
-46.990174 -26.712100 40.889128 
-46.299054 -26.864459 40.182630 
-45.784442 -27.683554 39.929141 
-45.712063 -27.513599 38.946350 
-45.732806 -28.432442 38.552274 
-46.624488 -28.349440 38.107287 
-46.607315 -28.797307 39.001222 
-46.633501 -29.176942 39.925988 
-45.857639 -28.933369 40.507976 
-45.026198 -28.385007 40.597448 
-45.059735 -28.024802 41.529718 
-45.384260 -28.945504 41.746492 
-46.215257 -29.496891 41.820081 
-46.986740 -28.972408 42.180264 
-47.054035 -29.777512 42.769568 
-47.986313 -30.080692 42.966900 
-47.652209 -30.472195 43.824280 
-47.865494 -31.169060 44.509034 
-48.718802 -31.685505 44.580801 
-47.878563 -32.199495 44.753468 
-47.171872 -31.829125 45.356305 
-47.620940 -31.666277 46.234837 
-47.759928 -32.536299 45.761821 
-47.178326 -33.338659 45.895829 
-46.231228 -33.172898 46.170656 
-45.967599 -33.726774 45.380895 
-45.328817 -33.922258 46.125035 
-44.393394 -34.181422 46.365488 
-44.012346 -35.100635 46.266237 
-43.555807 -35.860508 46.729017 
-43.479819 -36.488977 45.954903 
-43.298636 -36.792377 45.019424 
-43.420131 -36.807514 44.026947 
-44.182698 -37.205689 43.517096 
-43.900827 -37.502827 42.604815 
-43.005056 -37.067554 42.514640 
-42.615481 -36.146694 42.530373 
-43.196708 -36.297804 41.730785 
-42.383909 -35.872400 41.332804 
-42.261539 -36.816489 41.026666 
-42.276309 -36.348846 40.142873 
-42.639777 -36.255863 39.215918 
-43.614311 -36.426654 39.361227 
-43.031507 -37.223581 39.520124 
-42.688799 -37.543556 38.636853 
-42.575994 -38.307488 38.001492 
-42.101091 -39.139711 38.287623 
-42.013452 -39.143318 37.291477 
-41.429605 -38.345065 37.439513 
-42.233654 -37.963774 36.983308 
-42.964648 -37.291517 36.866182 
-43.450447 -36.552865 37.333506 
-43.140821 -35.660339 37.005591 
-44.016418 -35.287651 36.698291 
-43.629877 -34.416412 37.000827 
-43.230219 -34.153147 36.122781 
-43.282693 -34.039089 35.130694 
-43.718568 -33.139786 35.095089 
-43.891751 -32.562105 34.297410 
-43.383757 -33.367480 33.991938 
-42.577295 -33.043183 34.486358 
-42.211623 -33.973760 34.468724 
-42.562759 -34.863395 34.176741 
-41.749389 -34.637692 33.640562 
-41.372540 -35.040615 32.806513 
-40.699385 -34.308537 32.911030 
-55.233391 67.952607 -9.662796 
-55.598855 67.062353 -9.934614 
-55.729797 66.632246 -9.041383 
-56.061237 66.327078 -8.148623 
-55.148364 66.497388 -7.777600 
-55.754464 66.837338 -7.058519 
-56.449231 66.466232 -6.442420 
-56.844425 65.548949 -6.393283 
-56.976773 65.405118 -5.412571 
-57.495402 64.711489 -5.912473 
-57.522295 64.350500 -4.980290 
-57.668245 63.532925 -4.423272 
-58.340848 63.741636 -3.713311 
-57.975818 64.657023 -3.543549 
-58.375876 65.572264 -3.591389 
-59.163155 66.188773 -3.581002 
-58.841486 67.130234 -3.681902 
-58.267749 66.525472 -4.234252 
-57.983228 67.322061 -4.767632 
-57.977530 67.806950 -3.893074 
-57.259005 68.490677 -3.765645 
-57.693063 69.304635 -3.379555 
-58.294298 70.048674 -3.670968 
-59.218226 69.890120 -4.019129 
-59.547569 69.938365 -4.962106 
-58.761880 69.729689 -5.544469 
-58.837107 68.952905 -6.169727 
-59.636332 68.638724 -5.657351 
-59.445570 68.911028 -4.714239 
-58.652909 68.352644 -4.958976 
-58.107260 68.338997 -5.796878 
-57.275533 68.650657 -6.256334 
-57.097388 67.765054 -5.827415 
-56.493335 67.082154 -5.416601 
-56.396755 67.704233 -4.639626 
-56.898952 68.455621 -5.067660 
-56.537569 69.237250 -4.559272 
-55.745602 69.216721 -5.169490 
-55.087493 69.467350 -5.879474 
-55.039541 70.466126 -5.867331 
-55.573534 71.016580 -6.509088 
-55.266518 71.842844 -6.981347 
-55.755027 72.135813 -7.803252 
-55.412779 71.688788 -8.629711 
-55.737040 72.181894 -9.436991 
-55.564032 72.722032 -8.613390 
-54.870640 72.725727 -7.892839 
-54.689252 73.428227 -7.204660 
-55.560794 73.673637 -7.629145 
-56.029503 73.675688 -6.745795 
-56.780673 73.015720 -6.759438 
-56.470298 73.195229 -5.825926 
-55.494689 73.399830 -5.746386 
-54.801562 72.888086 -5.238752 
-53.967260 73.204557 -5.690180 
-54.001509 72.425355 -6.316017 
-53.930699 71.871211 -7.145421 
-53.226236 71.229558 -6.842082 
-53.418797 70.792415 -7.720619 
-53.595587 69.817497 -7.585412 
-54.190522 69.105952 -7.959251 
-55.125140 69.129553 -8.314119 
-55.069511 69.894833 -7.672830 
-54.982836 70.540486 -8.431526 
-54.784561 70.792066 -9.378835 
-53.931459 71.311736 -9.332357 
-53.295955 71.719775 -8.676888 
-53.060285 71.991491 -7.743813 
-47.264591 16.239007 11.320704 
-46.790498 15.552179 11.871616 
-47.309096 15.696139 12.714428 
-47.652455 16.617339 12.897444 
-47.813731 17.515116 13.307307 
-48.571890 17.450854 12.658412 
-48.124118 18.006826 11.958129 
-49.004702 18.454101 11.801547 
-49.989023 18.343041 11.664520 
-50.426573 19.163825 11.297281 
-51.041167 19.211616 12.084676 
-51.615529 19.429783 11.295681 
-51.246051 18.503972 11.375438 
-50.603774 17.823220 11.023221 
-51.280734 17.349228 11.586299 
-50.958681 17.765415 12.436634 
-51.552349 17.386113 13.146345 
-51.949952 16.695832 12.541842 
-52.618126 16.028794 12.871394 
-53.274376 16.637732 13.316962 
-52.976962 16.205587 14.168311 
-52.814196 17.113865 14.553718 
-52.933270 17.064614 15.545381 
-53.403598 17.871238 15.903360 
-52.750063 18.292520 15.274541 
-51.851808 18.645897 15.013272 
-50.918387 18.351230 15.217960 
-50.764631 17.561999 15.812497 
-51.413855 16.890482 16.169672 
-51.877012 17.336823 16.935351 
-52.548665 18.077674 16.940093 
-53.385855 17.779156 17.398352 
-52.751701 17.012277 17.497079 
-53.127043 16.355860 16.842682 
-52.752435 15.849608 16.065908 
-51.840889 15.817823 15.655941 
-52.495505 15.290157 15.114604 
-52.023671 14.419654 15.254595 
-51.088989 14.635294 15.537205 
-50.368571 15.126678 16.026633 
-49.800259 14.317189 15.879154 
-50.612174 13.889761 16.276772 
-50.985651 14.579270 16.897331 
-50.865968 15.267330 17.613047 
-51.063782 16.175915 17.980934 
-52.018965 16.458943 17.894210 
-52.098644 17.205729 18.554484 
-52.606844 17.718999 19.246067 
-53.270416 18.369927 19.614801 
-53.359393 19.030629 20.360157 
-53.159175 19.611029 21.149491 
-52.261105 19.320742 21.479949 
-51.707259 19.313299 22.312535 
-51.551245 20.007280 23.015422 
-52.505414 19.788891 23.220036 
-53.476469 19.942784 23.402709 
-52.999691 19.748502 24.259994 
-53.735196 19.256241 24.725516 
-53.206941 18.914591 25.502833 
-52.888871 18.030272 25.161055 
-52.598246 17.525701 25.974040 
-52.243969 16.959977 25.229430 
-51.798708 16.885504 24.337131 
-52.410412 16.094982 24.367029 
-52.036121 15.807784 23.485312 
-2.614091 -17.286393 -73.763596 
-2.412049 -17.563835 -72.824338 
-1.426484 -17.727006 -72.869460 
-0.891190 -16.952447 -72.532533 
-1.327686 -16.056726 -72.447947 
-1.298333 -15.159053 -72.887631 
-0.584640 -14.883929 -73.531796 
-1.480013 -14.707249 -73.940565 
-2.025628 -15.540656 -73.852597 
-2.242002 -15.821564 -72.917571 
-2.916727 -15.114917 -73.130638 
-2.768624 -14.701283 -74.028954 
-2.984402 -13.784395 -74.364745 
-3.745377 -13.524152 -74.959044 
-3.249548 -13.886094 -75.748444 
-2.496329 -13.264541 -75.963696 
-2.159442 -14.190838 -76.132456 
-2.020666 -14.514615 -75.196555 
-2.931420 -14.882176 -75.008340 
-2.585026 -15.450041 -75.755026 
-2.277413 -15.335179 -76.699580 
-2.435271 -16.195655 -77.184000 
-1.915722 -16.312355 -78.030433 
-1.855016 -15.995454 -78.976947 
-1.824200 -15.532596 -79.862843 
-1.266682 -16.127083 -80.442291 
-0.431233 -15.716698 -80.076765 
0.456528 -16.064625 -79.775390 
1.271490 -16.052793 -80.354784 
1.076151 -15.395843 -81.082973 
0.221654 -14.945356 -81.341618 
-0.090993 -14.710369 -80.421274 
0.360845 -13.865127 -80.135953 
0.499015 -13.133478 -79.468422 
0.542291 -12.194459 -79.127290 
1.020693 -12.638817 -78.369874 
1.712205 -12.774662 -77.660398 
2.658779 -12.565751 -77.414727 
3.033168 -11.846067 -76.830016 
3.286860 -10.999849 -76.361449 
3.122793 -10.533967 -75.491945 
2.969453 -9.557235 -75.342010 
3.294342 -8.614649 -75.419327 
2.739184 -8.175155 -76.125474 
3.310382 -8.169182 -76.946264 
3.309899 -9.130657 -77.221159 
3.009737 -9.174953 -78.174018 
3.750389 -9.839598 -78.075627 
2.995700 -10.405723 -78.407210 
2.167701 -9.947027 -78.729725 
2.640070 -9.205475 -79.206135 
2.091127 -9.113588 -80.036929 
1.206035 -9.271569 -79.599146 
1.013132 -8.734547 -78.777930 
0.812779 -9.278819 -77.963296 
1.272395 -8.453728 -77.634695 
0.661589 -8.809822 -76.927508 
1.279663 -9.550066 -76.662888 
1.041625 -9.632583 -75.695144 
0.163984 -9.208404 -75.918343 
-0.336629 -10.041546 -75.683264 
-1.182070 -10.459050 -75.350217 
-1.978716 -9.903568 -75.588536 
-1.783193 -10.648434 -76.226459 
-1.784501 -11.253340 -75.430163 
-2.507845 -11.309370 -74.741952 
-2.494051 -12.090864 -75.365712 
-1.886806 -12.877353 -75.253065 
-1.267723 -13.022328 -74.481237 
-6.531691 9.221607 -10.816196 
-7.130735 9.309582 -10.020327 
-7.420876 8.561257 -9.423813 
-8.045795 8.798340 -10.167634 
-8.310332 8.193161 -10.918486 
-7.894013 7.295645 -11.063899 
-7.548406 7.366629 -11.999590 
-7.997592 8.209755 -12.295176 
-7.997938 8.599987 -13.215892 
-8.733975 9.273442 -13.147285 
-8.654412 8.760467 -14.001993 
-9.097663 7.891346 -14.221440 
-9.425007 7.853402 -13.277298 
-10.114999 8.266380 -13.871739 
-10.666034 7.437217 -13.777672 
-11.555601 7.363559 -13.326846 
-11.512063 6.448633 -13.728111 
-12.089425 5.637206 -13.637334 
-11.630240 5.258196 -12.833903 
-11.085245 4.434048 -12.988045 
-10.147154 4.175720 -12.757283 
-10.464224 3.403011 -13.307181 
-9.879390 3.000618 -12.602874 
-10.282118 2.090526 -12.700561 
-10.767321 1.847861 -13.540615 
-11.521018 2.062606 -12.919467 
-11.071811 2.851584 -12.500271 
-11.512535 2.921393 -11.605346 
-12.488840 2.950359 -11.390894 
-12.370833 3.875374 -11.752034 
-13.335783 4.064869 -11.570473 
-12.969786 4.222987 -12.487558 
-13.485546 3.369978 -12.407754 
-13.622049 3.756029 -13.320076 
-13.690815 3.002400 -13.973769 
-14.611860 2.906701 -13.596252 
-15.235366 2.364399 -14.159411 
-15.272281 2.958408 -14.963022 
-15.172035 2.009687 -15.262821 
-16.111612 1.865640 -14.952264 
-15.766770 1.324262 -15.719071 
-14.881371 0.965875 -16.015091 
-14.151151 0.960050 -16.698278 
-14.003061 0.748393 -17.664337 
-13.365339 1.518602 -17.673800 
-12.887599 0.640367 -17.652158 
-12.613580 -0.310397 -17.507375 
-12.885760 -0.985273 -16.821474 
-12.760706 -1.525865 -17.653412 
-12.369691 -2.219866 -17.048871 
-11.691629 -1.711925 -17.580122 
-10.952995 -1.265345 -17.075160 
-10.376342 -1.755304 -17.728927 
-10.300836 -1.959135 -16.752837 
-9.867678 -2.370812 -15.951029 
-9.417045 -1.745123 -15.314284 
-9.406833 -0.880794 -14.811461 
-10.312304 -0.941036 -15.231571 
-10.342407 -1.751865 -14.647061 
-10.557710 -2.569181 -15.181513 
-11.278415 -2.994338 -14.633950 
-11.255267 -3.967844 -14.406462 
-12.205500 -3.987769 -14.095560 
-13.083030 -4.169718 -13.651898 
45.253009 -33.257693 -0.156596 
44.884842 -32.408660 -0.535536 
43.951290 -32.419105 -0.893827 
44.021585 -32.836508 0.012172 
43.795478 -33.771350 -0.261590 
43.221131 -33.387810 0.461613 
42.759104 -34.226557 0.749771 
41.928283 -34.249283 0.193696 
41.583675 -34.773266 -0.585205 
42.132547 -34.061512 -1.023549 
41.391351 -33.395347 -1.106331 
40.716984 -34.058914 -0.782436 
40.219560 -33.959150 -1.644188 
39.978751 -33.047164 -1.976292 
39.199109 -33.659499 -1.845129 
39.374473 -34.558981 -1.444903 
39.741674 -35.475267 -1.284961 
40.378019 -36.236659 -1.408848 
39.983149 -36.345843 -0.496622 
40.243173 -35.956778 0.387129 
39.374450 -35.646361 0.773084 
39.061266 -35.242215 1.632492 
39.260993 -34.432007 2.183556 
39.413903 -33.775335 2.922069 
39.635033 -32.945947 3.435116 
39.172763 -32.061150 3.376473 
39.629670 -31.250632 3.010007 
39.577444 -30.289825 3.282259 
40.261069 -30.017159 3.959245 
40.701930 -30.376109 4.781921 
40.248571 -29.668083 5.323367 
40.822048 -30.153618 5.983200 
40.802687 -31.104376 5.673869 
41.519553 -31.451814 5.069394 
42.298383 -32.003202 5.368382 
42.974759 -31.906827 6.098606 
43.786499 -32.086701 5.542977 
44.619090 -31.779047 6.003564 
45.386234 -31.277423 6.403394 
44.977733 -31.284114 7.316128 
45.146835 -31.992854 8.001032 
45.379548 -32.965335 8.012149 
45.361799 -32.979717 9.011888 
46.172046 -33.436107 8.644182 
46.797565 -34.161527 8.356968 
47.159253 -34.027944 7.434289 
47.369133 -33.464675 6.635114 
48.260583 -33.799194 6.940751 
49.122193 -33.376703 7.222050 
50.021075 -33.373530 6.783870 
50.765183 -32.738100 6.577637 
50.541115 -31.770902 6.457960 
49.699325 -31.666837 6.987639 
49.265559 -31.393025 6.129226 
49.165862 -30.585158 6.710097 
48.503473 -30.731892 5.975448 
48.001442 -30.046050 6.502313 
48.604317 -29.873596 7.281288 
48.278511 -30.442398 8.036481 
47.919311 -31.279231 8.449621 
46.996045 -31.513495 8.754089 
46.863518 -31.006183 7.902578 
46.164857 -30.497740 8.405925 
17.823269 -9.817693 -6.252896 
17.616653 -8.861373 -6.459686 
17.294019 -8.166628 -7.102521 
17.354367 -7.472672 -6.385037 
16.490169 -6.985645 -6.258676 
16.660471 -6.977723 -7.244036 
17.312599 -6.330594 -6.849127 
17.626467 -5.802619 -7.638259 
18.603957 -5.670939 -7.473416 
19.376831 -6.293908 -7.594147 
18.657466 -6.323530 -8.288148 
18.831614 -6.234102 -9.268798 
18.712046 -5.241415 -9.252154 
19.682424 -5.159863 -9.479565 
20.675517 -5.258332 -9.415781 
20.665779 -5.930587 -10.156037 
20.476320 -5.026370 -10.538784 
19.820335 -5.599171 -11.030295 
19.940528 -4.860876 -11.693977 
19.523702 -4.684961 -12.585779 
18.840207 -5.202387 -13.100661 
18.485110 -6.008053 -13.574801 
18.299438 -6.907974 -13.180254 
18.363348 -6.422559 -12.308310 
18.537116 -6.473766 -11.324855 
18.334474 -5.504181 -11.187589 
17.361293 -5.316074 -11.055170 
17.276956 -4.322910 -10.974469 
16.505383 -4.207272 -11.600011 
16.293665 -5.079068 -11.158256 
16.081903 -5.419510 -10.242147 
16.414035 -6.144736 -10.845251 
16.422146 -7.104683 -10.565189 
17.365631 -7.331999 -10.806359 
17.963795 -7.263373 -11.604790 
17.728908 -8.025353 -12.208291 
16.936404 -7.424048 -12.106458 
16.438615 -6.853508 -12.759673 
15.842444 -6.413562 -12.088087 
15.438603 -5.563044 -12.425033 
15.725055 -4.882961 -13.099891 
15.141480 -4.184900 -13.514802 
14.418545 -3.724353 -12.999767 
15.076088 -4.029190 -12.310775 
14.409546 -4.534789 -11.762969 
14.709972 -4.725829 -10.828491 
15.394471 -4.094123 -10.464611 
16.369752 -4.269358 -10.330005 
17.053765 -4.120220 -9.615943 
16.998011 -3.491367 -8.840421 
16.386594 -4.282458 -8.858971 
15.451152 -3.963507 -8.706593 
15.367079 -3.490443 -7.829585 
16.031337 -4.237936 -7.825513 
16.525098 -3.386292 -7.649724 
16.772427 -3.021384 -6.752132 
16.628668 -3.062254 -5.763364 
16.229756 -3.939470 -5.496226 
15.533301 -4.615779 -5.256318 
15.109753 -3.721267 -5.399336 
14.333014 -3.312347 -5.878358 
13.922923 -2.503784 -5.456397 
14.847119 -2.187584 -5.242198 
-39.382691 19.368307 -64.123596 
-38.423452 19.318961 -64.401850 
-37.872762 20.087697 -64.727095 
-37.844331 21.085706 -64.783400 
-37.547234 20.628811 -63.944961 
-36.608532 20.946281 -63.810602 
-36.429336 21.740913 -63.230559 
-36.937480 21.072350 -62.687592 
-37.882803 20.752994 -62.753738 
-38.322687 21.236483 -63.510535 
-39.154571 21.407418 -64.038502 
-40.086828 21.678002 -63.798331 
-40.746753 22.423577 -63.705503 
-41.471642 22.036433 -63.135717 
-40.989669 21.179668 -62.952261 
-40.036296 21.423299 -62.774147 
-40.560851 21.749578 -61.987773 
-40.464164 21.926516 -61.008312 
-40.787478 21.719324 -60.084981 
-40.643498 22.674155 -60.344917 
-41.203096 23.445594 -60.647790 
-41.912165 23.013578 -60.090490 
-42.833264 22.624639 -60.107889 
-43.301672 21.913900 -59.583062 
-43.848428 21.095197 -59.758512 
-44.527114 21.761768 -60.066843 
-44.818716 22.533477 -60.632027 
-44.666036 22.902192 -61.548945 
-44.363975 23.699266 -61.026037 
-43.392635 23.494973 -61.147541 
-42.905305 22.657697 -61.395489 
-41.928193 22.448284 -61.358108 
-41.845678 21.682248 -60.720628 
-42.560267 20.993878 -60.845163 
-41.796148 20.458352 -61.204794 
-41.454865 19.567010 -60.906409 
-41.105558 20.123440 -60.152506 
-40.302195 20.257611 -59.572328 
-40.452791 19.282372 -59.410372 
-40.942786 18.439115 -59.189412 
-41.117034 17.687213 -58.553581 
-41.565572 17.325528 -57.736270 
-40.972164 16.565614 -57.470944 
-40.668248 15.613302 -57.498081 
-39.863459 16.205082 -57.544018 
-39.247779 16.901808 -57.912136 
-38.327005 17.240087 -57.717862 
-38.810834 17.793056 -57.039529 
-38.471713 17.846973 -56.100333 
-39.296441 18.412444 -56.108506 
-39.712928 19.290002 -55.870956 
-38.924424 19.903267 -55.824384 
-38.275227 19.904564 -56.585003 
-37.492541 19.464249 -57.024919 
-36.782301 18.773198 -56.890732 
-37.700369 18.524492 -56.582030 
-37.969717 18.927066 -55.707167 
-37.266258 18.768785 -55.014279 
-37.286786 18.821484 -54.015880 
-38.273391 18.658654 -54.025734 
-38.709838 18.664426 -54.925446 
-38.525365 17.719057 -54.656656 
-38.094791 16.816705 -54.637492 
-38.326712 15.845480 -54.583320 
-38.471465 15.992933 -53.604901 
-38.803712 16.866792 -53.249961 
63.657409 2.793807 17.416704 
63.222898 3.108020 16.572624 
64.113825 3.281621 16.152969 
64.489001 3.413515 17.070491 
64.588852 4.404285 16.978807 
65.102293 4.705415 16.175254 
65.464720 4.882739 17.090242 
66.456605 4.757195 17.110359 
67.208348 4.864213 17.761074 
67.956429 5.034763 18.402390 
68.424300 5.901026 18.227219 
68.711982 5.817005 17.273185 
68.941792 4.847550 17.187489 
69.519229 5.375026 16.564324 
70.130153 6.019891 17.023586 
70.144485 5.147485 17.512157 
70.674634 4.983263 16.680308 
71.547043 5.324282 16.330153 
72.145128 4.717709 16.853950 
71.373255 4.687703 17.489018 
71.318660 4.134281 18.320128 
71.392752 3.145638 18.450874 
72.158741 2.871120 19.032167 
72.419729 3.806945 19.269057 
72.471575 4.417992 20.058952 
73.015622 4.974399 20.686983 
72.871463 5.584677 21.465944 
71.886081 5.421930 21.516291 
71.880588 5.470602 22.515090 
72.292683 5.260526 23.401682 
71.627456 5.470323 24.118242 
71.594562 6.431697 24.391513 
70.856171 7.100280 24.479691 
70.553045 6.204718 24.153986 
69.988036 6.914726 23.733686 
69.554229 7.520396 23.066620 
69.412508 7.141359 22.152155 
69.350386 6.974622 21.168113 
70.229289 6.603393 21.467643 
70.190031 7.602621 21.466362 
70.428691 7.766749 20.509228 
70.790256 7.008838 19.966236 
70.729227 7.404259 19.049765 
69.918043 7.456316 19.632235 
69.204485 8.087061 19.327283 
69.544339 8.577497 18.524805 
69.967095 8.975464 19.338991 
70.881462 8.632021 19.553423 
71.000936 9.487057 20.058041 
70.085254 9.406437 20.451775 
69.675102 9.528683 21.355562 
69.902583 9.595154 22.327073 
69.867631 10.342747 22.990309 
69.086056 10.515204 22.390811 
68.845374 9.785481 23.030793 
23.854389 -40.441693 33.731104 
24.234137 -39.564346 34.024452 
23.696063 -38.757766 34.269210 
23.184731 -38.065417 34.778319 
22.872463 -37.361103 35.415838 
22.797079 -36.821568 34.577257 
23.029023 -37.127790 33.653985 
23.734411 -37.637448 33.161363 
22.904771 -38.071871 32.810687 
22.643798 -37.662781 31.936308 
23.311003 -38.382707 31.745141 
24.013928 -38.133962 31.078791 
23.354710 -37.382333 31.100844 
22.786733 -37.509823 30.287734 
23.101608 -38.450820 30.163726 
23.000203 -39.236469 29.553420 
23.878958 -39.162908 29.081850 
24.033880 -38.562962 28.296952 
23.832297 -37.606828 28.509487 
23.685719 -36.746436 28.021388 
22.865151 -36.196798 27.864652 
22.680531 -36.847911 28.600835 
22.020343 -37.154883 27.915328 
22.203625 -38.106192 28.163156 
22.972100 -37.723928 27.650007 
22.849766 -37.022014 26.948331 
22.021760 -36.748636 26.458768 
21.094885 -36.880338 26.810276 
20.381172 -37.343592 27.335642 
20.015862 -36.799381 26.580404 
19.897769 -37.561055 25.943296 
19.633110 -38.317620 26.541263 
19.467361 -38.200664 27.520471 
18.918206 -38.955193 27.879798 
18.176550 -39.560366 27.590467 
17.845499 -38.936348 26.882648 
17.038441 -38.613318 26.388373 
16.451889 -38.356463 27.156476 
15.754213 -38.103196 26.486324 
14.937465 -38.316931 25.950377 
15.242686 -38.123844 25.017876 
15.149437 -39.118321 25.066037 
14.232285 -39.137929 25.464092 
14.670896 -39.643934 26.206776 
15.491468 -40.213593 26.160391 
15.431279 -41.153222 25.823531 
14.908380 -42.003964 25.876568 
15.483085 -42.771135 26.161460 
15.350723 -42.818754 27.151517 
15.942963 -42.859334 27.956256 
16.007665 -43.290407 28.856250 
15.395494 -43.647398 29.561802 
-11.660991 -46.095493 19.668804 
-10.990958 -46.837400 19.643691 
-11.637506 -47.581299 19.812777 
-12.262158 -47.726747 20.580015 
-11.491462 -47.884666 21.197340 
-10.540503 -48.142325 21.026198 
-10.394455 -47.309793 21.560577 
-10.892031 -46.468052 21.351076 
-10.613422 -46.654231 22.293262 
-11.529711 -46.726197 22.687260 
-11.848221 -46.369741 21.808914 
-11.539551 -45.517956 22.232216 
-10.758524 -45.413395 22.847898 
-10.289387 -45.635082 23.702747 
-10.826651 -44.791922 23.723468 
-11.349062 -44.063304 23.280520 
-11.995103 -43.412124 22.882279 
-12.620331 -42.672643 23.131794 
-13.073319 -41.921929 23.612657 
-12.671355 -42.291009 24.450633 
-12.451685 -43.010334 25.109661 
-12.406250 -43.646194 25.880127 
-11.923871 -44.496682 26.089844 
-11.388552 -44.642716 25.257914 
-10.917676 -43.766673 25.153874 
-11.442631 -43.300696 24.441633 
-12.294955 -43.355467 23.921494 
-12.323611 -44.047062 24.643211 
-12.687790 -44.669529 25.335965 
-13.394485 -45.242739 25.750709 
-12.941769 -46.133088 25.702466 
-12.324375 -46.900077 25.877259 
-11.862436 -46.944062 26.763079 
-12.459564 -47.239761 27.508734 
-12.659934 -46.445250 28.081973 
-11.943367 -45.753215 27.994689 
-11.321085 -46.035425 28.724842 
-10.805002 -45.722088 27.927673 
-10.526091 -44.787877 27.705279 
-11.114729 -44.007796 27.493196 
-11.545834 -43.523194 26.732073 
-11.612651 -42.525720 26.707954 
-11.304661 -42.157489 27.585193 
-12.157749 -41.675049 27.783920 
-12.657371 -42.539755 27.835498 
-12.900174 -42.875493 26.925373 
-13.469023 -42.838967 26.103743 
-13.446682 -43.325683 25.230468 
-13.926876 -42.481838 24.991009 
-14.660851 -43.137067 25.169771 
33.823429 21.498207 -44.571696 
34.193763 21.292430 -45.477515 
34.052173 20.708341 -46.276760 
33.220842 20.863827 -45.743175 
32.484051 20.995828 -46.406285 
32.533199 19.997088 -46.416443 
33.099119 19.993552 -47.240896 
33.371717 20.217041 -48.176707 
32.557316 20.712510 -47.874614 
31.952474 20.458260 -47.119946 
31.204523 19.969449 -47.568982 
31.179863 20.453669 -48.443581 
30.811762 20.193025 -49.336087 
31.112503 20.928010 -49.943831 
31.833025 20.742679 -50.612038 
31.077882 20.622037 -51.256402 
31.181689 21.514213 -50.816804 
30.322444 21.793010 -50.387886 
29.917583 22.091424 -49.523573 
30.446831 21.507965 -48.907560 
31.424903 21.479751 -49.113909 
31.378228 22.476835 -49.053527 
31.292525 22.456675 -50.049644 
31.503032 23.343261 -49.637756 
31.959998 23.757460 -48.850596 
32.861016 23.323973 -48.834640 
33.561744 23.312517 -48.121302 
32.636637 23.133268 -47.786567 
32.616989 23.952812 -47.213888 
31.618177 24.001279 -47.208918 
31.171803 23.108912 -47.275493 
30.264916 23.452553 -47.031635 
29.860863 22.823093 -47.695354 
29.027955 22.577272 -47.199537 
29.301410 22.676310 -46.242764 
29.872868 21.862121 -46.345386 
29.174123 21.394923 -45.803648 
29.394372 20.420787 -45.753151 
29.025277 19.517163 -45.970482 
28.067320 19.236267 -46.028923 
27.460962 18.553826 -45.620752 
27.129606 19.058132 -44.823332 
26.532809 18.325595 -44.495882 
26.978932 17.541517 -44.927388 
27.815701 17.148105 -44.546542 
28.111985 16.480329 -43.863686 
28.900780 16.505918 -44.477810 
29.387674 16.883411 -43.690134 
24.109829 29.427207 -90.934596 
23.817964 28.590309 -91.397647 
24.346173 29.255391 -91.925530 
24.741017 28.967699 -92.798073 
25.602816 28.763259 -92.333846 
25.518864 27.908916 -91.820962 
26.227009 28.308915 -91.239128 
27.109353 28.219100 -91.701085 
26.824003 27.435974 -91.148555 
26.294469 26.836389 -90.548479 
25.400825 26.719885 -90.115089 
25.163179 27.655848 -89.855285 
24.782029 27.833882 -90.762494 
24.940245 27.007635 -91.303126 
24.112434 27.495030 -91.580929 
24.027554 26.568679 -91.213954 
23.746750 26.760508 -92.154353 
23.231489 26.061293 -91.658768 
22.514146 26.556426 -92.148934 
21.590769 26.939880 -92.167352 
21.831743 26.424115 -91.345209 
20.898662 26.462041 -90.987548 
21.402021 27.099191 -90.403878 
21.835401 27.719328 -89.749958 
21.731367 27.630290 -88.759378 
22.567324 27.098499 -88.894926 
23.410991 27.081366 -89.431519 
22.830619 27.538240 -90.105637 
23.389158 28.251599 -89.682372 
23.880247 28.342300 -88.815998 
23.397900 27.580602 -88.383380 
23.318580 27.258259 -87.440086 
52.710209 -9.030993 -49.180596 
52.439349 -9.964254 -48.944675 
51.661948 -9.389760 -48.688545 
50.788917 -9.743391 -48.352744 
50.164245 -8.975979 -48.497189 
50.213999 -8.027530 -48.810188 
50.639395 -7.420732 -49.481631 
51.267689 -7.430706 -50.259542 
52.202632 -7.201682 -49.988561 
52.921970 -7.218990 -49.294117 
53.732207 -7.803753 -49.254529 
53.922988 -7.341576 -48.388507 
53.283629 -6.576481 -48.464994 
53.466964 -6.077007 -49.311701 
53.523924 -5.079176 -49.278710 
54.401811 -5.113142 -49.756372 
55.345810 -5.125123 -50.086102 
56.075979 -5.265201 -50.754855 
56.271416 -4.327335 -50.468128 
55.823246 -4.111670 -51.335671 
54.944083 -4.247317 -50.878865 
53.982528 -4.521890 -50.874277 
53.542589 -5.297900 -50.422324 
52.597377 -5.574122 -50.248327 
51.938599 -6.134285 -49.746103 
51.459023 -5.751853 -50.535884 
51.097155 -4.824146 -50.444177 
51.465584 -4.767231 -51.372089 
52.214604 -5.335763 -51.712296 
52.892448 -6.028361 -51.465648 
53.696333 -5.433804 -51.482084 
53.432708 -5.120889 -52.394546 
52.852963 -5.506913 -53.112098 
52.523697 -5.849225 -53.992102 
53.206141 -5.664741 -54.699376 
53.870027 -5.422139 -53.991987 
54.503982 -5.188592 -53.254724 
55.312951 -5.685023 -52.939881 
55.401961 -5.443709 -51.973525 
55.732491 -6.176578 -51.378838 
55.243523 -7.015062 -51.619367 
54.693692 -7.806765 -51.353110 
55.072962 -8.655210 -50.983928 
55.962601 -8.699697 -51.438420 
56.344848 -9.566716 -51.118786 
56.478352 -10.330397 -50.487147 
57.444278 -10.584461 -50.437755 
57.118224 -10.312711 -51.343206 
56.605579 -11.162671 -51.464712 
56.184995 -11.652149 -52.228597 
57.121745 -11.994092 -52.303264 
57.412326 -11.998680 -51.346425 
56.473276 -12.115253 -51.023011 
57.215128 -12.169213 -50.354622 
57.230725 -12.644226 -49.474781 
57.468425 -11.672939 -49.464749 
58.177789 -12.347028 -49.258819 
58.627452 -13.180222 -48.936964 
58.264171 -13.706112 -49.706033 
57.732753 -14.401828 -50.189328 
56.958779 -14.012571 -49.689884 
56.378524 -13.337713 -49.233956 
56.098935 -14.249729 -48.933860 
55.909397 -14.433124 -49.898454 
55.819014 -13.885978 -50.730597 
56.263753 -14.652758 -51.193474 
56.692259 -13.887098 -51.673211 
57.307542 -14.672831 -51.609568 
58.268377 -14.924147 -51.492790 
58.819240 -15.753704 -51.401220 
58.123837 -16.046821 -50.745098 
58.972790 -16.570811 -50.813752 
59.590195 -16.871035 -51.540853 
59.394924 -17.732685 -52.009287 
60.032125 -17.811558 -51.242635 
59.893321 -18.538743 -50.570374 
59.120002 -17.935147 -50.376340 
58.269415 -17.974331 -50.900712 
57.323162 -18.254627 -51.062079 
56.759281 -18.229164 -51.887543 
56.555363 -18.622815 -52.783900 
57.183900 -17.877712 -53.006977 
57.084742 -17.157889 -52.319939 
56.679941 -16.652810 -53.082193 
55.835971 -17.168808 -53.228687 
55.710464 -18.094151 -52.870934 
55.783105 -18.807774 -52.174180 
55.857988 -18.549911 -51.210905 
55.433438 -18.575404 -50.305860 
54.771559 -17.948164 -50.716330 
