25.514667 18.819505 1.670978 
26.395501 18.435420 1.394194 
26.996782 19.055355 0.890070 
26.990673 18.830823 -0.084378 
26.008735 19.004709 -0.009809 
25.767984 18.210175 0.547644 
26.583283 17.631304 0.561630 
27.322570 17.953162 1.153120 
28.154613 18.488462 1.007658 
28.573875 18.322705 0.115053 
29.085484 19.167192 0.273475 
28.632407 19.221280 -0.616353 
28.279175 20.062718 -1.025265 
27.814421 20.287694 -0.168883 
27.892699 21.253057 -0.417775 
27.417714 21.107363 0.450075 
26.528521 21.118713 -0.007317 
25.746929 21.216040 -0.623467 
25.438319 21.694001 0.198916 
25.136128 22.594140 -0.114821 
25.942106 23.059603 0.250890 
25.825519 23.249270 1.225792 
25.183162 22.740398 1.798878 
24.452685 23.110858 2.372604 
23.476464 23.248289 2.204955 
23.040222 22.464436 2.646846 
22.603377 21.623047 2.965014 
22.073896 21.372772 2.154451 
21.848857 21.465407 1.184515 
22.796619 21.153802 1.116322 
22.708974 21.559940 0.206723 
23.305732 22.247095 -0.207642 
23.055398 23.146632 -0.565643 
23.951555 23.565070 -0.417951 
24.913527 23.810450 -0.297957 
24.681533 23.666855 -1.260017 
25.151600 23.186139 -2.000253 
25.116703 22.361570 -1.435569 
25.251971 22.152605 -2.404091 
25.814009 21.459894 -2.856050 
26.577744 21.484228 -3.501121 
26.815428 22.444518 -3.355010 
26.575188 23.185824 -3.981709 
26.181230 23.682602 -3.208399 
26.142028 24.430317 -3.871260 
25.801870 24.936849 -4.663546 
25.304467 25.206572 -5.488070 
24.379048 24.871570 -5.310946 
23.475482 24.480412 -5.136117 
23.549735 24.170711 -6.084047 
23.872176 23.900461 -6.991239 
23.001298 23.454081 -7.196948 
22.796861 23.768102 -8.124093 
23.683397 24.229212 -8.086264 
24.380172 23.945169 -8.744917 
24.089805 23.101567 -8.293227 
24.872171 22.638126 -7.877144 
24.295318 22.137481 -8.522586 
23.948784 21.279944 -8.142394 
23.068637 21.419650 -8.596070 
22.679108 22.274288 -8.252761 
23.142498 22.992084 -8.772414 
22.222521 23.263465 -9.055247 
22.905799 23.418306 -9.768798 
22.102314 23.693414 -10.296744 
21.300760 23.173262 -10.591623 
22.082103 22.563140 -10.460260 
21.290127 22.100143 -10.062254 
21.209093 22.762308 -9.317290 
20.445976 22.623015 -8.686219 
19.472834 22.853212 -8.687936 
19.727538 23.766367 -8.369702 
19.091094 24.536888 -8.334544 
18.968063 25.125457 -7.535513 
18.601877 25.517487 -6.691582 
18.011512 25.647333 -5.894959 
17.235051 25.451412 -6.493894 
17.241102 25.444064 -7.493849 
16.455784 25.819727 -7.001758 
15.904381 25.105041 -7.432082 
15.816388 24.393801 -6.734662 
16.104004 23.730447 -6.043838 
17.085774 23.912026 -5.987653 
17.990926 23.842314 -5.568320 
18.496746 23.035806 -5.874408 
19.054790 22.220339 -5.720785 
19.096321 21.221366 -5.738932 
19.938425 21.108592 -6.266325 
20.935672 21.125479 -6.338525 
20.543972 20.563711 -5.609837 
21.047141 19.729652 -5.383637 
21.592218 20.561431 -5.488679 
21.795658 20.651425 -4.513737 
22.301583 21.344448 -4.000163 
21.914991 20.976208 -3.154618 
21.139246 20.798339 -2.549157 
20.445026 21.513070 -2.634108 
19.999404 22.345511 -2.963446 
19.216685 22.164936 -3.559048 
18.944583 22.867635 -4.216448 
18.062662 22.691720 -3.779104 
17.730718 22.033989 -4.455272 
-41.844013 -41.125035 0.861478 
-40.981123 -41.511783 0.536138 
-40.097729 -41.945112 0.357701 
-40.431723 -42.422297 -0.455159 
-39.434163 -42.414784 -0.524577 
-39.590610 -42.465033 -1.510984 
-38.756792 -42.297253 -2.036910 
-39.270457 -41.504825 -1.707963 
-40.015352 -41.541232 -2.374150 
-40.589944 -41.060881 -3.036803 
-41.467881 -41.539629 -3.031750 
-41.846084 -41.300176 -3.925968 
-42.489751 -41.374033 -4.687702 
-41.797917 -40.674074 -4.864967 
-42.097206 -41.077440 -5.729677 
-41.150226 -41.339718 -5.915257 
-41.844099 -41.707958 -6.534079 
-42.195391 -42.142821 -7.363229 
-42.293718 -41.159286 -7.514856 
-42.083084 -40.232201 -7.204779 
-41.938430 -39.311133 -6.843241 
-42.492599 -38.597298 -6.415064 
-42.017983 -38.036081 -5.736996 
-42.938998 -38.341435 -5.495151 
-43.083003 -37.466467 -5.032880 
-42.386718 -37.949633 -4.502091 
-41.921120 -37.078288 -4.656933 
-42.328003 -36.203819 -4.921036 
-41.584790 -35.945752 -5.538317 
-41.200207 -36.862399 -5.647196 
-40.612083 -36.060748 -5.754277 
-40.397298 -35.156981 -6.124510 
-39.454929 -35.308090 -5.826001 
-39.945636 -35.669229 -5.033041 
-40.034488 -34.691837 -5.224903 
-39.535259 -34.270059 -4.468019 
-40.031843 -35.034553 -4.056980 
-39.050273 -34.953102 -3.884103 
-38.332132 -35.591448 -3.606995 
-37.387276 -35.332177 -3.807058 
-37.691357 -34.688660 -4.509498 
-37.165003 -34.597742 -5.354889 
-36.661650 -33.744462 -5.491082 
-37.465411 -33.289307 -5.107934 
-37.545392 -32.764376 -5.955313 
-38.518422 -32.898423 -5.767580 
-38.326127 -33.672787 -6.370393 
-38.147444 -34.471426 -5.795721 
-38.076958 -34.747486 -6.754273 
-37.672323 -35.567982 -6.350469 
-37.504327 -36.473152 -5.960027 
-37.006330 -35.961679 -5.259746 
-37.352810 -36.292951 -4.382130 
-38.051221 -36.834558 -3.914279 
-39.015320 -36.964125 -3.682492 
-39.793427 -36.475357 -3.287959 
-39.908856 -35.533605 -2.972080 
-40.626097 -35.718099 -2.300123 
-41.624770 -35.688175 -2.342043 
-42.477911 -36.126570 -2.624815 
-42.124449 -35.384135 -3.193898 
-41.464295 -35.374035 -3.944960 
-41.193071 -34.976292 -4.821452 
-41.937432 -34.310570 -4.873815 
-41.157269 -33.747660 -4.600907 
-41.474055 -32.810935 -4.451933 
-42.433896 -33.073567 -4.550569 
-42.931702 -33.929251 -4.409162 
-42.765502 -34.169694 -3.452833 
-42.182665 -34.160002 -2.640302 
-41.922252 -33.479801 -3.325512 
-41.959915 -32.519260 -3.601086 
-41.547863 -32.522712 -2.689933 
-41.266635 -31.607487 -2.978505 
-42.003817 -30.937798 -3.068390 
-42.234467 -31.410910 -2.218116 
-42.831495 -32.200143 -2.074354 
-43.828515 -32.124210 -2.087983 
-44.075712 -33.089156 -2.176139 
-43.445900 -33.268913 -2.931801 
-43.618771 -34.252324 -2.876878 
-44.349342 -34.174170 -3.555228 
-45.241545 -34.267220 -3.113283 
-44.768205 -35.066078 -2.742101 
-44.528081 -35.782064 -2.086583 
-44.119983 -35.938876 -1.187213 
-45.119817 -35.953805 -1.197655 
-45.910023 -36.547448 -1.045464 
-45.510666 -37.049151 -1.812802 
-44.617444 -37.476124 -1.953691 
-44.873614 -37.641451 -1.001303 
-43.996607 -37.212002 -0.785820 
-43.203949 -37.537232 -1.301492 
-42.534596 -37.075862 -0.719165 
-42.440940 -37.931197 -0.209626 
-17.693613 5.593905 8.102978 
-17.324760 5.268483 8.973638 
-16.514712 5.689238 9.382033 
-16.532101 4.993647 10.100261 
-16.329933 5.546380 10.908726 
-17.284269 5.837577 10.842041 
-17.717151 5.071353 11.316925 
-17.010428 4.378301 11.174724 
-16.200345 3.870253 11.467388 
-16.257582 3.151259 10.774733 
-15.745142 2.514670 10.198400 
-16.651578 2.182392 10.459104 
-16.101765 1.858303 11.228956 
-16.627999 1.021940 11.382499 
-17.117695 1.890658 11.456842 
-17.888874 2.265023 10.941930 
-18.406756 2.417680 11.783651 
-18.494841 1.518259 11.355535 
-18.889533 1.495529 10.437003 
-19.472842 1.936892 11.118874 
-20.193302 2.629755 11.148526 
-21.181941 2.609625 10.999575 
-22.158669 2.626103 10.785724 
-21.943633 2.329881 9.855126 
-22.574929 2.546716 9.110514 
-21.854552 2.096858 8.582609 
-21.567152 1.165938 8.807973 
-21.697115 0.299819 8.325326 
-22.019189 -0.634045 8.480781 
-22.014510 -0.706363 7.483411 
-21.910632 -0.986086 6.528966 
-22.761583 -1.510523 6.499858 
-23.395007 -1.053657 5.875320 
-23.628584 -0.829015 4.929287 
-24.269604 -1.324383 4.343026 
-24.132579 -0.814913 3.493517 
-24.926053 -1.360340 3.223503 
-25.274375 -2.280204 3.403844 
-25.437764 -2.411825 4.381586 
-25.226021 -3.299117 4.791316 
-24.637077 -3.660780 5.514050 
-23.760082 -4.029782 5.821810 
-23.113482 -3.952747 5.062880 
-23.146729 -3.496816 4.173486 
-23.630518 -4.366335 4.074063 
-24.471003 -4.663252 4.527300 
-25.375813 -4.379326 4.209960 
-25.717229 -3.984700 3.356903 
-24.872950 -3.609465 3.739514 
-24.258289 -2.859412 3.495356 
-23.600491 -3.451029 3.029211 
-23.802632 -4.418428 2.876639 
-22.941878 -4.847286 3.150835 
-22.793418 -4.372379 2.283412 
-22.779857 -3.423373 1.968445 
-22.653647 -3.244253 0.992747 
-21.791922 -3.428580 1.465455 
-21.286918 -3.785660 2.251245 
-20.472222 -3.311608 2.585227 
-20.323826 -2.384046 2.928169 
-20.587818 -2.677914 3.846837 
-20.073840 -2.903279 4.674506 
-20.918131 -3.407423 4.492816 
-20.147182 -3.623623 3.893738 
-19.221794 -3.552890 4.266102 
-19.509380 -4.391067 3.802687 
-20.323250 -4.887386 3.500556 
-20.809119 -5.560277 2.942748 
-20.935431 -6.019684 2.063549 
-21.680919 -6.205470 1.423447 
-22.366288 -5.565177 1.770281 
-22.784543 -5.365058 0.884269 
-23.366593 -5.122142 0.108248 
-24.242871 -4.902564 0.537108 
-24.570806 -4.742181 -0.393879 
-25.543598 -4.665880 -0.175125 
-26.030784 -3.794847 -0.112264 
-26.953557 -3.740741 0.269262 
-27.470295 -4.320103 -0.361073 
-27.531053 -4.539627 0.612640 
-28.046849 -5.373665 0.808436 
-27.537883 -5.276268 1.663695 
-27.437708 -6.139011 2.159315 
-28.406179 -6.386985 2.135411 
-0.576413 -13.789295 48.604378 
-1.449793 -13.948731 48.144174 
-0.804523 -14.655232 47.853513 
-1.566667 -14.464990 47.234689 
-1.967501 -15.358883 47.435407 
-1.121298 -15.678974 47.861413 
-0.230516 -15.509589 48.283097 
0.345862 -15.537597 47.466395 
0.153410 -14.566016 47.328582 
-0.532782 -13.849911 47.200773 
-0.173269 -12.917361 47.167594 
-0.914436 -12.374496 47.562523 
-1.712618 -12.253316 46.972420 
-2.544243 -12.776230 47.159400 
-2.283960 -13.702453 47.432097 
-2.849955 -14.035488 46.677950 
-3.746162 -13.684734 46.406318 
-2.950307 -13.394777 45.874774 
-3.796872 -12.978169 45.543465 
-4.455961 -12.796847 46.273345 
-4.892337 -12.852905 47.171361 
-4.840002 -11.963340 46.717560 
-3.997213 -11.884855 46.185070 
-3.581570 -11.139268 45.664166 
-4.099992 -10.663388 46.374642 
-4.582445 -10.599789 47.248252 
-4.004124 -10.670837 48.060962 
-3.229460 -11.108086 48.517807 
-3.325407 -11.303723 49.493779 
-3.394474 -10.313710 49.370880 
-2.904295 -9.566196 48.922608 
-2.407818 -9.030110 49.605339 
-3.380770 -9.028657 49.836345 
-2.794943 -9.733053 50.237136 
-3.441155 -10.486794 50.356658 
-3.426326 -9.909925 51.173360 
-4.046684 -10.629594 51.485182 
-3.981529 -10.046745 52.295146 
-3.255318 -9.395487 52.074962 
-2.706464 -8.589989 52.298417 
-2.974839 -8.242992 53.197065 
-2.366220 -9.000962 53.431723 
-2.167601 -9.515296 54.265995 
-1.745470 -10.382226 54.000973 
-1.844097 -10.336452 53.006901 
-2.608551 -10.771219 52.530888 
-2.504856 -10.876594 51.541877 
-1.920363 -11.078813 50.756080 
-1.430768 -11.849360 50.347969 
-0.459067 -12.082984 50.313085 
-0.413335 -11.239653 50.848529 
0.208146 -10.595069 50.403250 
-0.198375 -9.736181 50.714783 
-0.717211 -10.361454 51.297744 
0.230628 -10.497417 51.586043 
1.193869 -10.657377 51.370223 
1.706329 -10.029731 50.784181 
1.782394 -9.033404 50.823510 
2.618070 -9.021733 50.274411 
1.767990 -8.901731 49.761612 
2.294289 -9.287318 49.003765 
2.058594 -10.023640 49.638018 
1.950795 -11.002845 49.809881 
1.676356 -11.819868 49.302774 
0.940205 -11.521537 49.910293 
0.387690 -11.856114 49.146889 
-0.196627 -12.544300 48.716805 
-0.028290 -13.126216 49.512441 
-0.664801 -13.722264 50.001910 
-0.063555 -14.421484 50.388686 
-0.354852 -14.533339 49.438615 
-0.007668 -15.441477 49.672600 
-0.832256 -15.982802 49.836989 
-1.205682 -15.271361 49.241671 
-1.889995 -14.887668 48.621593 
-2.537702 -14.132467 48.520866 
-2.230275 -13.900160 49.443646 
-2.188004 -13.022819 48.965645 
-2.967068 -12.496882 49.306891 
-3.574563 -12.928906 48.640329 
-4.103507 -13.509577 49.259231 
-3.224772 -13.977237 49.354722 
56.437987 20.728505 54.374178 
56.182816 21.690846 54.280429 
55.508087 22.422715 54.375862 
55.659564 23.408167 54.452931 
56.570407 23.151887 54.776482 
56.810240 23.887451 54.142901 
57.317270 23.137093 53.718773 
58.294849 23.068196 53.519795 
59.271382 22.911035 53.667046 
59.366871 23.905747 53.704854 
59.042413 24.114951 52.782379 
59.732798 24.644271 52.289237 
60.698883 24.386174 52.297375 
61.520275 24.652932 51.793236 
62.164467 23.954296 52.104564 
61.683298 23.691035 51.268400 
62.625045 23.947330 51.050628 
61.863888 24.428360 50.615600 
61.907139 25.257491 50.058220 
62.717386 25.816987 50.232759 
62.118173 26.176379 50.948149 
61.403107 26.437059 51.596782 
60.525442 26.721785 51.211248 
59.982301 26.477909 52.014692 
59.623804 26.174462 51.131856 
59.881125 25.218722 50.989215 
59.456223 25.352128 50.093860 
58.489274 25.604728 50.128547 
58.725459 26.153466 49.326609 
59.262028 26.944876 49.033758 
59.380677 26.367448 48.225984 
59.761244 26.641879 47.342889 
60.556562 26.822390 47.921582 
60.935209 27.747873 47.911289 
61.277421 27.192606 47.153286 
62.102287 27.431085 46.640720 
62.756059 27.773707 45.966041 
62.999550 26.925269 45.496077 
63.268173 25.989974 45.726435 
63.538425 25.032343 45.626900 
62.830181 24.383642 45.905425 
63.545078 23.737062 46.171613 
63.414431 23.858257 45.187619 
64.259974 23.444707 45.525308 
64.299803 22.500550 45.852386 
63.836696 22.104962 46.645508 
63.027685 21.536647 46.495444 
63.331830 21.515475 47.447834 
64.253869 21.254280 47.733527 
65.133962 21.256495 48.208324 
65.975558 21.091288 48.722545 
65.549571 20.475588 49.385454 
64.571426 20.604266 49.548776 
64.975711 20.221528 50.379478 
65.164701 20.502137 51.320510 
64.182388 20.317729 51.353011 
64.332904 21.001289 50.638804 
65.025619 21.594329 51.049230 
65.640292 22.055738 51.688979 
66.172761 21.796955 50.883058 
65.478155 22.399228 50.489624 
65.280257 23.250767 50.004116 
64.949501 23.987541 50.593831 
64.136188 23.702504 51.101055 
64.321732 23.872803 52.068822 
64.128460 22.934842 51.780942 
64.044677 22.801859 52.768512 
65.036025 22.699373 52.850515 
65.620528 21.911253 53.043449 
66.033046 21.135078 52.566604 
67.011660 20.950505 52.657418 
67.374176 20.136931 53.112037 
67.037836 19.323013 53.585760 
67.812584 19.338351 54.217844 
67.686407 19.687964 55.146202 
66.859137 20.146511 54.821612 
67.028736 21.122783 54.686963 
66.227314 21.118167 55.285045 
65.308106 21.140115 55.678204 
65.145818 20.881675 54.725906 
67.175087 8.816605 18.761878 
67.027119 7.915832 19.170184 
66.790261 6.946337 19.107112 
66.695803 6.036839 18.702278 
66.598564 5.252435 19.314858 
65.999900 5.643329 20.014002 
65.040381 5.566138 19.743142 
64.317275 6.256556 19.722120 
64.786971 6.791691 19.019970 
64.974987 5.877469 18.661014 
64.609779 5.032177 18.271009 
64.752508 4.384983 17.522164 
63.986512 4.596303 16.915046 
64.191740 5.128840 16.093897 
63.777656 5.581821 16.883418 
63.752175 6.155001 17.702451 
63.388511 6.549140 16.858411 
62.663901 7.204522 16.645304 
62.576735 8.189673 16.497390 
62.739619 7.636086 15.680684 
63.538980 8.030339 16.134100 
63.605353 8.997007 15.886818 
63.978982 9.636784 16.558448 
64.083586 9.552451 17.549380 
64.193801 9.427387 18.535388 
64.556370 9.971211 19.292223 
63.892255 9.455231 19.833255 
63.947687 9.274271 20.815182 
64.056331 9.335646 21.807366 
63.487140 10.085597 22.144406 
62.576891 10.224018 22.534644 
62.175863 11.094217 22.248406 
62.834747 11.827222 22.079365 
63.673410 12.316116 22.319423 
63.237372 12.592492 23.175861 
63.228326 11.856203 23.852468 
64.150990 11.830790 23.467703 
64.049350 11.033242 22.873072 
64.337161 10.447732 23.630927 
63.819694 11.029352 24.258577 
63.565667 10.290791 24.883075 
64.333968 10.485787 25.492739 
65.077734 10.079999 24.961563 
65.361314 9.743888 25.859679 
65.452470 10.653745 26.264464 
64.606054 10.179241 26.506180 
64.981167 9.934478 27.400261 
64.978578 10.860565 27.777562 
64.386743 11.641470 27.577764 
64.466837 12.615651 27.788846 
63.734158 12.244149 28.359081 
63.888906 12.699228 29.235983 
63.254846 12.515681 29.987168 
64.190339 12.504251 30.340328 
63.551435 12.086263 30.986151 
64.331951 11.483188 31.150758 
64.791835 11.405398 32.035323 
64.211134 10.804434 32.584530 
64.413281 11.365624 33.387152 
64.509506 12.320699 33.106844 
64.366854 12.861930 32.278158 
65.254614 13.301443 32.414950 
65.939052 13.617385 31.757894 
65.002241 13.961350 31.694080 
65.244505 14.708202 31.074790 
64.609959 15.452040 30.864892 
65.234144 15.903522 30.227274 
65.261459 16.633394 30.910312 
65.450769 17.233493 31.687514 
66.436767 17.072612 31.643644 
66.181511 17.326434 30.710682 
66.852237 16.666673 30.371800 
67.383400 17.460385 30.668259 
67.722579 17.554963 31.604214 
68.407739 16.837006 31.727069 
68.551042 16.887389 30.738673 
68.580942 17.706084 30.165224 
68.591276 18.219120 29.306919 
21.428027 1.026005 70.238098 
20.525368 0.821482 69.859447 
20.362896 1.714193 69.439127 
19.626069 1.732204 70.114968 
19.692418 0.860661 70.600777 
19.164418 0.889515 71.449532 
19.051557 0.095742 70.851881 
18.678000 -0.667129 71.379596 
18.524088 -1.457638 71.972392 
17.861669 -2.202550 72.051813 
17.521685 -2.951324 71.482824 
16.548613 -2.749579 71.371340 
15.940951 -3.537384 71.270783 
15.434497 -3.488300 70.409914 
14.967721 -2.682210 70.046130 
14.089977 -2.870396 70.486757 
14.069067 -2.622632 69.518162 
13.100669 -2.373733 69.502210 
13.396558 -1.635436 68.896101 
14.072898 -0.957435 68.608216 
13.744786 -0.731560 69.525453 
13.338459 0.119882 69.193874 
13.817764 0.290826 70.054714 
13.569773 0.097490 71.003988 
13.531390 1.091179 71.109388 
12.643895 1.185663 70.658360 
13.281843 1.856214 70.279698 
13.507718 2.700290 69.793369 
13.008962 3.018580 68.987184 
13.073866 2.981891 67.989967 
12.398996 3.692898 67.792438 
11.620246 4.188501 68.177051 
10.842392 3.606201 68.413415 
10.308226 2.856862 68.022061 
9.676492 3.577935 68.306604 
10.176454 3.718115 69.161231 
9.740975 4.485441 69.631943 
9.677682 3.824731 70.379911 
8.885006 3.622341 69.804843 
9.495525 2.850313 69.628095 
9.436016 1.857600 69.732871 
9.646357 0.947118 70.088932 
9.513034 0.164562 69.480796 
9.104590 -0.678798 69.131628 
8.993383 -1.234821 68.307935 
9.436857 -2.105928 68.518894 
8.484782 -2.316161 68.741053 
8.818374 -3.207251 69.048748 
9.680888 -3.353175 68.564211 
10.617545 -3.023122 68.681429 
11.009452 -2.109537 68.789922 
10.429745 -2.248613 67.987054 
9.816710 -2.870027 67.499168 
9.396997 -3.765387 67.648066 
9.348786 -4.742908 67.442812 
10.310006 -5.015751 67.402654 
11.097333 -4.844079 67.994807 
11.823872 -5.516099 68.138091 
12.080330 -5.999004 67.300814 
12.204289 -5.006823 67.315377 
12.315630 -4.015821 67.389655 
12.810458 -3.598081 68.151652 
12.325826 -3.889192 68.976508 
13.267698 -4.142836 69.196831 
14.147479 -4.586986 69.027375 
14.685815 -3.843435 68.630732 
15.277919 -3.662992 67.845332 
15.806285 -4.397538 67.419571 
16.720947 -4.690114 67.698483 
16.418630 -4.763134 68.648889 
15.521870 -4.488854 68.996155 
15.429259 -5.357576 69.482720 
14.500428 -5.554428 69.168838 
14.620032 -6.371455 69.732896 
15.574528 -6.662954 69.669921 
15.428181 -6.837556 68.696219 
-3.078513 -79.064895 24.542978 
-3.285039 -80.015034 24.776609 
-3.039178 -80.561348 23.975926 
-2.242805 -80.448760 24.570159 
-1.871700 -79.589380 24.921935 
-1.357417 -79.993760 24.165635 
-1.171828 -79.019757 24.295540 
-0.499116 -78.484071 23.785150 
0.235576 -79.013582 24.209232 
1.053670 -79.529501 24.463299 
1.305256 -78.870147 23.754810 
1.113665 -79.178273 22.822957 
1.816577 -79.610094 22.257761 
2.777983 -79.406608 22.072581 
3.433178 -78.969843 21.456176 
2.632415 -78.632854 20.960983 
2.686691 -77.833785 20.362198 
1.793062 -77.685279 19.938673 
1.176832 -77.742475 19.153186 
1.477343 -76.869556 18.768860 
0.697181 -76.404471 18.350481 
0.209232 -76.378133 19.222955 
-0.621368 -76.842539 19.530252 
-0.183936 -77.451450 18.868526 
0.125761 -78.333880 18.514401 
-0.131277 -79.266111 18.259691 
-0.937123 -79.163803 17.676471 
-0.458349 -78.484509 17.120293 
-1.340776 -78.059720 17.322473 
-1.245490 -77.308856 16.668927 
-0.979006 -77.065994 15.736187 
-1.417268 -76.995152 14.840135 
-0.465333 -77.143962 14.572412 
-0.141754 -76.565706 13.823468 
0.220364 -76.607428 12.892270 
-0.065219 -77.039794 12.036992 
0.354850 -76.303783 11.506116 
-0.129595 -75.717478 10.856840 
0.089610 -75.504331 9.904728 
1.014131 -75.706383 9.581563 
1.087901 -76.477321 10.214186 
1.567342 -76.721431 9.371246 
1.320031 -77.628005 9.029251 
0.956549 -78.531836 8.803486 
1.616631 -78.242505 8.110248 
0.714665 -78.133217 7.692500 
-0.090353 -77.540521 7.666862 
0.144702 -76.634485 7.314942 
-0.667442 -76.267202 6.861593 
-1.090171 -75.375008 6.702566 
-1.366504 -74.481423 6.348804 
-0.654639 -74.168750 6.977679 
-0.003867 -73.892588 7.684949 
-0.953836 -73.622018 7.840998 
-1.175520 -72.652530 7.736358 
-0.513157 -72.715955 6.989865 
-0.913440 -72.557798 6.087224 
-1.837417 -72.412820 5.733321 
-2.475340 -72.907504 6.323526 
-2.195869 -73.860828 6.209203 
-3.135634 -73.774155 6.539855 
-3.987272 -74.183506 6.867182 
-4.633065 -74.012347 6.123101 
-3.883024 -74.147562 5.475679 
-4.176998 -75.044438 5.806123 
-4.151209 -75.746668 5.094640 
-4.211756 -76.559457 4.515237 
-4.304553 -76.754890 5.491554 
22.331067 -34.588355 24.713178 
21.834692 -34.638934 23.846544 
22.759444 -34.878857 23.551127 
23.118793 -34.382300 22.761001 
22.868495 -35.339995 22.618974 
22.314846 -35.449882 21.793506 
21.402547 -35.085737 21.980883 
21.187930 -36.034376 21.748451 
20.863090 -36.979783 21.722274 
20.133130 -36.996494 22.405559 
19.799861 -37.563306 21.652130 
19.464364 -37.158236 20.801624 
18.777732 -37.323892 20.093744 
17.876090 -36.917734 19.945158 
17.004084 -36.512129 20.219183 
17.323898 -35.659896 20.633212 
17.649337 -34.768415 20.318014 
17.372455 -34.748305 21.278708 
16.567675 -35.118561 21.742647 
15.767888 -34.804631 21.230994 
15.547259 -35.776587 21.312377 
14.786467 -35.288180 20.884998 
14.089830 -35.529403 20.209344 
14.429658 -35.320400 19.292374 
14.418124 -34.322061 19.348828 
14.443658 -34.322331 18.349154 
15.345149 -34.626882 18.041644 
16.009634 -33.969997 17.685326 
16.371013 -33.039953 17.751832 
16.924566 -33.371894 16.988030 
17.852726 -33.519090 16.646193 
18.476217 -32.741130 16.723897 
17.683610 -32.273311 17.114948 
18.465487 -32.160069 17.728010 
18.542677 -32.139830 18.724821 
19.380586 -32.038620 18.188477 
20.333376 -32.187847 18.452905 
20.247815 -32.186078 19.449236 
21.212576 -32.375109 19.632278 
21.419519 -31.960291 18.746219 
21.452202 -31.052711 19.164826 
21.017283 -30.672959 18.348349 
21.510770 -31.369704 17.827757 
22.096445 -30.595466 18.067634 
22.874990 -30.087411 18.436072 
23.277262 -30.902109 18.853735 
23.992730 -31.141879 18.197522 
23.110067 -31.008889 17.746724 
22.765990 -31.336512 16.866795 
23.452016 -30.669927 16.575191 
23.187995 -29.778269 16.942942 
23.901402 -29.770467 17.643648 
24.220680 -28.867610 17.931591 
25.078068 -29.251881 17.589215 
24.519668 -29.012222 16.795016 
25.007808 -28.210730 17.140458 
25.349214 -27.344214 17.504589 
25.630261 -26.760253 16.743010 
26.398064 -26.217070 16.403258 
26.375277 -25.908913 17.354320 
25.741803 -25.139340 17.434753 
26.162489 -24.453917 16.840431 
26.420485 -23.800958 17.552528 
26.104472 -24.080471 18.459174 
25.931673 -23.270365 19.019415 
-70.747513 -20.975995 -22.365022 
-70.315029 -20.343124 -21.722813 
-69.606570 -21.047793 -21.683716 
-69.813273 -21.712455 -20.965734 
-69.544530 -22.664212 -21.113843 
-69.790706 -22.717914 -20.146107 
-69.243594 -23.546735 -20.028961 
-70.041523 -23.838180 -20.556567 
-70.939005 -24.151567 -20.246221 
-71.878749 -23.834661 -20.374483 
-72.786189 -23.866630 -20.793447 
-72.799394 -23.153097 -20.092949 
-71.967025 -22.659512 -20.345011 
-71.625360 -22.693438 -19.405802 
-71.519857 -21.757258 -19.741119 
-70.679490 -21.912117 -20.260543 
-70.069672 -21.818931 -19.473499 
-70.468706 -21.833111 -18.556673 
-70.193332 -22.768007 -18.332758 
-70.024007 -23.724283 -18.094295 
-69.122914 -23.948975 -17.723423 
-68.803737 -23.695259 -18.636525 
-68.430051 -23.167550 -17.873713 
-67.533611 -23.538525 -17.631282 
-66.914179 -24.060192 -17.044623 
-66.287289 -23.281088 -17.047379 
-65.907879 -22.934309 -17.905163 
-65.558712 -22.519224 -17.065052 
-64.764862 -23.127134 -17.080796 
-64.690963 -22.812892 -18.027258 
-65.385806 -22.641403 -18.725674 
-65.910276 -21.793125 -18.652500 
-66.855942 -21.712312 -18.337562 
-67.610711 -22.112090 -17.817465 
-68.182595 -22.461146 -18.559832 
-67.742733 -23.298354 -18.884800 
-67.131840 -23.336414 -19.675597 
-66.818877 -22.487944 -19.248802 
-66.393707 -22.220835 -20.113605 
-65.949311 -22.725043 -20.854069 
-65.010405 -22.420755 -20.693245 
-65.439874 -21.637217 -20.244220 
-64.785029 -21.036110 -20.702314 
-65.415205 -20.615035 -20.049953 
-66.209768 -20.086593 -20.348982 
-65.442466 -19.446841 -20.393318 
-65.735281 -19.550006 -19.442730 
-64.860960 -19.966475 -19.193500 
-63.957821 -20.094608 -18.783717 
-63.698866 -20.502950 -17.908389 
-62.978385 -21.146217 -18.167453 
-62.916737 -21.013439 -17.178226 
-62.246994 -21.141605 -16.446777 
-63.005299 -21.120287 -15.795226 
-62.362763 -20.462923 -15.401499 
-62.912297 -19.652692 -15.197690 
-62.852022 -19.161965 -14.328465 
-62.486157 -18.683516 -13.530198 
-62.188826 -19.633203 -13.431764 
-61.699495 -19.460638 -14.286618 
-61.087311 -20.195647 -13.995081 
-60.354629 -20.858105 -13.839116 
-59.949971 -21.693350 -13.466803 
-60.809090 -22.203543 -13.507030 
-61.283317 -23.083128 -13.544957 
-61.014714 -23.949702 -13.965554 
-61.322605 -24.900083 -14.010039 
-61.638879 -25.847735 -13.966158 
-60.733393 -26.233035 -13.788287 
-5.783413 -13.496495 -9.911222 
-5.505620 -14.290121 -9.369938 
-6.486191 -14.479750 -9.420159 
-6.336931 -15.103883 -10.187087 
-6.131546 -15.685306 -10.974339 
-6.796288 -16.378331 -10.695351 
-7.561546 -15.734631 -10.689799 
-7.483098 -15.093829 -11.453487 
-7.032896 -14.543626 -12.156761 
-6.057097 -14.399328 -12.321059 
-6.129822 -15.386692 -12.461853 
-7.107694 -15.577990 -12.377170 
-7.940590 -15.253805 -12.825710 
-8.663145 -14.840175 -13.379628 
-9.484287 -14.602727 -13.898611 
-10.026135 -15.437396 -13.799979 
-10.320398 -16.392159 -13.842848 
-9.350979 -16.607026 -13.961416 
-8.871293 -16.017601 -13.311431 
-9.278548 -16.818724 -12.872859 
-9.291750 -17.646439 -13.433852 
-8.874491 -17.790695 -14.331118 
-8.636183 -17.286277 -15.161040 
-8.405303 -17.559528 -16.094865 
-7.564280 -17.737418 -15.583948 
-6.824267 -18.309521 -15.230284 
-6.000934 -18.454047 -15.779133 
-6.487517 -18.064192 -16.560958 
-6.703587 -17.181410 -16.143813 
-6.810671 -17.129249 -17.136694 
-6.866270 -17.099254 -18.134696 
-7.343547 -16.490000 -18.767955 
-7.450587 -15.568714 -19.141819 
-8.017229 -14.747817 -19.070783 
-8.412251 -13.861144 -18.830433 
-8.876208 -13.088289 -19.263374 
-9.763593 -13.139110 -19.721594 
-10.436950 -13.870145 -19.831948 
-10.923980 -14.328322 -20.575504 
-10.790059 -13.948856 -21.490966 
-10.412968 -13.334934 -22.184437 
-11.373766 -13.068314 -22.108412 
-12.359145 -12.899482 -22.131313 
-12.073640 -13.530720 -21.410186 
-12.678578 -13.629235 -20.620030 
-13.485046 -14.209962 -20.731232 
-14.128008 -14.929601 -20.993374 
-14.112548 -15.882604 -20.690807 
-13.828089 -16.776934 -21.036142 
-13.824028 -17.156557 -21.961274 
-13.481523 -18.008827 -21.565894 
-12.586610 -17.610709 -21.767470 
-12.633309 -17.565468 -20.769586 
-12.729711 -17.698551 -19.783181 
-12.170910 -17.033739 -19.287433 
-12.474320 -16.914520 -18.342061 
-13.373099 -16.652207 -17.990796 
-13.438341 -16.939773 -17.035260 
-13.503197 -16.445899 -16.168149 
-13.309523 -17.312723 -15.708686 
-12.530070 -16.929215 -16.204038 
-12.535519 -16.244259 -16.932602 
-11.849459 -15.523537 -17.032008 
-12.003045 -14.535413 -17.027117 
-9.609213 59.514405 -25.912922 
-9.820623 60.334942 -25.381861 
-10.306791 60.405776 -26.252851 
-10.686232 60.674778 -27.138098 
-11.579345 60.503715 -26.722061 
-11.457865 60.758389 -25.762694 
-12.237145 60.186455 -25.506543 
-12.512571 60.468347 -24.587480 
-13.279447 61.008452 -24.934161 
-12.964116 61.459809 -25.768932 
-12.098703 61.879597 -25.495364 
-11.622128 62.694825 -25.166308 
-11.494567 62.536509 -24.187194 
-10.747358 62.269007 -24.795569 
-11.073336 61.454714 -24.315293 
-11.352212 60.677162 -23.751695 
-12.095461 60.937769 -23.135525 
-12.789375 61.397199 -22.581082 
-13.740164 61.490098 -22.876668 
-14.701200 61.723092 -22.727927 
-15.589684 62.169459 -22.834469 
-16.533556 62.405889 -23.065136 
-16.935381 62.034533 -23.902174 
-17.375853 61.507519 -23.175372 
-18.252634 61.316447 -23.616673 
-17.840266 60.419796 -23.777822 
-17.396309 59.814997 -24.438973 
-16.446369 59.512058 -24.362526 
-16.752454 58.872745 -25.067927 
-16.201886 58.121365 -25.431662 
-15.904334 57.658092 -24.596891 
-15.880415 58.650897 -24.479556 
-15.176282 58.323091 -25.109430 
-14.750503 57.938708 -25.928553 
-14.492355 57.205991 -25.298882 
-13.775445 57.836820 -25.595691 
-13.402264 57.084274 -26.138286 
-13.906080 56.290626 -26.479302 
-14.621751 56.224560 -25.783995 
-14.670673 55.311684 -26.189290 
-14.192846 54.848809 -25.442678 
-14.592624 54.285052 -24.719937 
-14.453716 53.437924 -24.207024 
-13.984015 53.393997 -25.088756 
-14.949875 53.424632 -25.346004 
-14.825919 52.437168 -25.248285 
-14.993320 52.222527 -24.286044 
-14.213908 52.388437 -23.681900 
-13.773946 52.012231 -24.497315 
-12.808959 52.231411 -24.353229 
-12.853070 52.921228 -23.630591 
-13.019870 53.854766 -23.313280 
-13.570603 54.141142 -24.097297 
-13.238268 55.048387 -23.839496 
-12.936046 55.997648 -23.926474 
-12.109146 56.152259 -24.467151 
-12.128855 56.207989 -25.465402 
-11.723499 56.922067 -26.036173 
-12.164037 57.819801 -26.035386 
-11.332953 57.768954 -25.481568 
-10.656319 57.328224 -26.071418 
-10.019358 58.011285 -26.428782 
-9.431348 57.208465 -26.330177 
-37.717513 28.278405 2.539878 
-37.269373 27.539918 3.043671 
-36.745334 27.728512 3.874222 
-35.939259 27.962465 4.417829 
-35.177282 28.467262 4.823503 
-34.624427 28.345868 3.999116 
-34.231348 29.238578 3.778757 
-33.993275 29.532763 2.853135 
-34.222861 30.070634 2.041972 
-35.073555 30.460973 2.394045 
-36.022024 30.590054 2.104658 
-36.048388 29.801348 1.490452 
-36.933750 29.954844 1.051620 
-37.397837 29.887999 1.934884 
-37.035034 30.783226 2.193618 
-37.439210 31.678484 2.381114 
-36.814833 31.587576 1.605299 
-37.127792 32.457035 1.223071 
-36.829076 32.910623 0.383413 
-36.057425 32.530308 -0.126407 
-35.729974 31.979173 0.641073 
-36.310111 31.215702 0.357253 
-37.091718 30.604421 0.233048 
-37.873522 30.108111 -0.144388 
-37.900730 29.495641 0.645637 
-37.663638 28.945191 1.446132 
-36.863706 28.960211 0.846228 
-36.082491 29.438733 0.445331 
-35.303531 29.774931 -0.084002 
-35.342057 30.703850 -0.452276 
-35.194151 31.042415 -1.381522 
-34.261690 30.716142 -1.226406 
-33.855411 29.924513 -1.682761 
-33.175429 30.033910 -2.407783 
-33.022829 29.080120 -2.148944 
-32.406834 28.408924 -1.736577 
-32.458995 27.426141 -1.913827 
-32.020793 27.784836 -2.738034 
-31.573301 26.969722 -2.370149 
-31.099552 26.094321 -2.466251 
-30.435534 26.508370 -1.843640 
-30.192156 25.908594 -1.081383 
-30.844505 25.160281 -1.201674 
-31.768487 25.290763 -0.842185 
-32.034015 26.170146 -1.237382 
-33.013279 26.005868 -1.355930 
-33.966902 25.771831 -1.166639 
-34.738072 26.407475 -1.202047 
-35.583270 25.876249 -1.143399 
-36.275630 25.352462 -0.647128 
-36.392654 24.371448 -0.801781 
-35.453302 24.098522 -0.594105 
-35.425756 23.260147 -0.049708 
-34.808393 23.001051 -0.792495 
-34.847655 22.551789 -1.685032 
-34.682198 21.674808 -2.136174 
-33.945515 21.402221 -1.517308 
-32.946292 21.414870 -1.554641 
-31.999291 21.478379 -1.239751 
-32.202599 22.430704 -1.012278 
-31.213987 22.537432 -1.118362 
-30.576305 23.005152 -0.506316 
-30.470077 22.833524 0.473102 
-8.774613 -53.138395 -29.475622 
-8.917407 -53.492967 -28.551561 
-9.424279 -53.965817 -29.272319 
-9.545644 -53.677750 -30.222207 
-10.489285 -53.864537 -29.948981 
-10.834807 -53.108094 -29.393636 
-10.562380 -52.156686 -29.250085 
-10.208038 -51.951611 -30.162436 
-9.377541 -52.286850 -29.717587 
-9.342621 -52.415003 -30.708727 
-8.645787 -51.901231 -31.209187 
-8.693208 -51.160693 -31.879527 
-7.821654 -51.538378 -32.192171 
-7.652786 -50.576979 -31.974925 
-6.907618 -49.972476 -31.693323 
-6.060302 -50.166109 -32.187856 
-6.084055 -50.659849 -33.057141 
-5.390064 -49.943948 -33.133704 
-6.176431 -49.368502 -33.358402 
-6.406219 -48.699403 -32.651646 
-6.027800 -48.401278 -31.775335 
-5.963174 -47.990227 -30.866017 
-6.758892 -47.484116 -31.198711 
-5.955543 -46.900701 -31.079305 
-5.435706 -46.054703 -31.197865 
-5.869183 -45.641837 -30.396841 
-6.590813 -44.949781 -30.414373 
-6.650608 -45.049468 -31.407594 
-5.737468 -44.748853 -31.132267 
-4.963419 -45.114807 -31.648916 
-4.015353 -45.414039 -31.541064 
-4.078301 -45.131655 -32.498298 
-4.657958 -45.142663 -33.313084 
-5.271000 -45.800343 -32.875321 
-5.085753 -46.283448 -33.731062 
-5.487002 -47.195665 -33.648237 
-6.020145 -46.485570 -34.108154 
-6.002223 -45.862864 -34.890405 
-6.341600 -44.979816 -35.214519 
-7.279423 -45.068834 -34.879014 
-7.477914 -44.154633 -35.232339 
-6.991438 -44.037229 -36.098108 
-7.244732 -44.727515 -36.775860 
-7.656001 -45.122112 -37.597536 
-8.336166 -44.389949 -37.633784 
-8.441943 -43.940437 -36.746795 
-8.607687 -43.654807 -35.802896 
-8.469369 -43.683125 -34.812913 
-9.193267 -44.372831 -34.796244 
-9.875381 -43.650337 -34.683454 
-10.535579 -44.028557 -35.332367 
-11.251327 -43.441878 -34.953536 
-12.213290 -43.676183 -34.813078 
-11.781758 -44.567822 -34.950043 
-11.414399 -45.135138 -34.213022 
-10.655547 -44.548023 -33.931171 
-9.835992 -44.098565 -33.575760 
-9.208628 -43.389318 -33.897293 
-9.494757 -42.614708 -34.461305 
-10.277854 -41.995667 -34.401732 
-10.390321 -42.056151 -33.409919 
-11.241188 -42.431583 -33.777445 
-11.705215 -41.964371 -34.530036 
-12.317522 -42.749048 -34.433273 
-13.208746 -42.814939 -33.984522 
-13.110636 -43.770395 -34.262872 
42.960787 17.304305 -47.909622 
42.109503 16.854890 -48.180439 
41.489743 16.202094 -47.744831 
40.603289 16.539099 -48.062048 
40.397514 15.874435 -48.780295 
39.585093 15.873465 -49.363365 
39.355767 15.956388 -50.333176 
38.418215 16.298569 -50.395692 
37.844712 17.116061 -50.342758 
37.448830 17.890528 -50.836193 
36.690239 17.252493 -50.704094 
36.226859 17.542733 -49.866813 
35.913254 16.596168 -49.942090 
35.732104 16.976091 -50.849197 
34.870166 16.472683 -50.788831 
34.533085 16.257260 -51.705329 
33.838354 16.368084 -52.416009 
33.536728 17.288330 -52.665348 
32.848921 17.000049 -51.999152 
33.429937 16.433540 -51.414782 
32.905114 15.595851 -51.565907 
32.947063 15.024284 -50.746425 
31.986666 14.782348 -50.608210 
32.570060 14.732050 -49.797580 
33.492778 14.451881 -49.532822 
33.418674 13.704446 -48.872632 
32.660529 13.069648 -48.723473 
32.210772 12.301834 -49.179740 
32.222794 11.448578 -48.658387 
32.960672 12.081533 -48.424071 
33.894142 12.343050 -48.669515 
34.595164 12.163785 -47.979274 
34.312399 11.274953 -47.618691 
35.242728 10.986559 -47.392157 
36.150629 10.893845 -46.983356 
37.021501 11.384644 -47.009785 
37.582174 10.805326 -46.418146 
37.264404 10.130906 -45.751678 
36.551980 9.781066 -46.360006 
37.247445 9.385642 -46.959979 
37.595641 9.834927 -47.782720 
36.801613 9.481059 -48.276985 
35.981773 9.731127 -48.792085 
35.581898 8.869794 -48.478710 
35.093808 8.655543 -49.324798 
35.962350 8.876207 -49.768579 
36.866278 9.184193 -50.065326 
36.398320 9.737943 -50.754076 
36.563074 9.493213 -51.709567 
36.408160 10.466462 -51.539895 
35.571045 10.790992 -51.980257 
35.025793 11.453491 -52.493867 
34.203030 10.953027 -52.224428 
33.584697 11.674950 -51.913795 
32.855380 12.245653 -51.536444 
29.487987 54.888305 -3.653422 
30.066963 55.701110 -3.717725 
30.177744 56.328828 -2.947207 
30.045359 56.810015 -2.080643 
30.402798 57.527921 -2.678011 
30.371893 57.658282 -3.668996 
30.081178 58.408271 -3.074857 
30.327390 59.084004 -2.380044 
29.717056 59.393000 -1.650652 
29.161181 60.116211 -2.060490 
28.528615 60.130534 -2.834865 
28.761985 59.751858 -3.730489 
28.526364 58.995130 -4.340280 
28.954947 58.295488 -4.911959 
28.578838 58.710350 -5.740470 
28.880515 58.042304 -6.420695 
29.751121 58.177863 -5.947759 
30.715377 57.913939 -5.924202 
31.066923 58.010233 -6.855407 
31.817038 57.521265 -6.410167 
31.970387 56.545431 -6.254504 
30.983019 56.438491 -6.371412 
30.412431 55.624950 -6.259249 
29.823530 55.275576 -6.988038 
29.302295 54.582413 -7.485872 
29.556907 54.840846 -8.417744 
29.029064 55.284778 -9.141834 
28.070963 55.255810 -9.426795 
27.941794 54.264775 -9.460927 
27.745071 53.417366 -8.967775 
28.607926 53.118399 -9.375330 
28.103919 52.256563 -9.432033 
29.011685 52.067862 -9.806669 
29.588816 52.240120 -10.604947 
30.404712 52.029807 -11.143540 
30.021268 51.126450 -10.951401 
30.313398 50.217755 -11.249616 
30.269439 50.203296 -10.250687 
30.312133 49.219691 -10.075475 
29.668071 48.537115 -9.730116 
28.691977 48.458142 -9.932609 
28.777732 47.934809 -10.780412 
27.890105 48.366265 -10.619278 
27.470699 49.238339 -10.367116 
26.538600 49.217813 -10.728736 
25.699159 48.961448 -11.207919 
25.806365 48.534640 -12.105885 
25.650534 47.600327 -11.785298 
26.068280 46.706400 -11.947727 
25.314027 46.400317 -12.528602 
24.461100 46.808369 -12.854192 
25.223119 47.455774 -12.868048 
19.819067 34.489305 35.112778 
19.157678 35.228468 34.985487 
18.389812 34.776577 34.531422 
18.533849 33.814097 34.301450 
18.825704 33.006598 34.814057 
18.879779 32.853337 33.827351 
19.421042 32.035553 34.022968 
19.385383 31.801059 33.051504 
19.784968 32.589209 32.583370 
19.290656 33.407028 32.288703 
18.606507 33.673026 31.609596 
18.041188 33.074009 32.176688 
17.111261 32.731090 32.043868 
16.198688 33.041240 32.310361 
16.802933 33.672785 32.796200 
16.802034 33.041063 33.571395 
16.622233 32.062282 33.669673 
17.261863 31.992596 32.904155 
17.264606 31.097255 32.458781 
16.808058 30.332399 32.004293 
16.407642 29.417731 31.949067 
17.259863 29.073040 32.342651 
18.188066 28.812837 32.076693 
17.770980 27.976242 32.431866 
17.459920 27.026290 32.460712 
17.606020 27.082786 33.448367 
17.547326 26.164648 33.840257 
17.862438 26.723868 34.607054 
17.968429 27.706601 34.455385 
18.237269 27.962120 35.384059 
18.865692 27.500588 36.010216 
18.458278 26.927898 36.721581 
18.488809 25.928644 36.697918 
19.425153 25.943893 36.347166 
20.064787 25.414273 35.790056 
20.531639 26.151139 35.301100 
20.475888 26.233218 36.296166 
20.021478 27.117978 36.192670 
20.278646 27.118511 37.159036 
21.054075 27.599272 37.568400 
20.921498 28.022457 38.464691 
20.110653 28.589154 38.610925 
20.663165 29.310206 38.192817 
21.295631 29.031411 38.915492 
21.625478 28.702528 39.800386 
21.224493 28.253754 40.599018 
20.336822 28.467728 41.006762 
19.542026 27.881749 41.164648 
19.678779 26.914797 41.379826 
18.938138 26.295147 41.639604 
-21.855513 0.706205 -48.307622 
-21.449903 1.477825 -48.797604 
-21.146116 2.364311 -48.448525 
-21.462003 2.563833 -49.376106 
-20.768884 3.222145 -49.669724 
-20.043014 3.751216 -50.109264 
-20.601597 4.514933 -50.432872 
-21.282632 4.964389 -51.010955 
-21.325486 5.292342 -50.067234 
-22.084240 5.892688 -49.814496 
-22.489303 5.537162 -50.656828 
-22.664669 4.620391 -51.015686 
-22.452810 4.946738 -51.936889 
-22.056653 5.778203 -52.326408 
-22.243146 6.217490 -53.205184 
-22.828428 6.838816 -53.726143 
-22.102733 6.886519 -54.412503 
-22.026892 7.472476 -55.219288 
-21.335406 6.895423 -55.653866 
-21.634765 6.746661 -56.596339 
-22.069873 6.229946 -55.858988 
-21.328418 5.566839 -55.961613 
-21.975235 4.942827 -55.523165 
-22.203740 3.979350 -55.662800 
-22.645250 4.456815 -54.903132 
-23.032539 4.867272 -55.728682 
-23.849781 5.002882 -56.288794 
-24.138640 4.849322 -55.343818 
-24.369490 3.876941 -55.309423 
-24.700079 3.622425 -56.218231 
-24.191334 3.838207 -57.051668 
-24.188228 4.731382 -57.501366 
-24.218499 5.593254 -58.007589 
-24.753834 6.245940 -58.543702 
-24.472706 7.200846 -58.448198 
-24.502135 7.685538 -57.574008 
-24.104434 8.148262 -56.781720 
-24.412077 9.079245 -56.978253 
-24.335299 9.880792 -56.385271 
-24.450561 10.153285 -55.430042 
-24.010040 10.217987 -54.534635 
-23.111701 10.205875 -54.973771 
-22.122371 10.073021 -55.033571 
-21.313338 10.376046 -54.529942 
-20.316084 10.367920 -54.456333 
-20.207123 9.447219 -54.831083 
-19.594185 8.709867 -55.115017 
-19.151254 8.234159 -55.874961 
-58.059113 -36.911555 -64.767622 
-57.958485 -36.166849 -65.427384 
-57.444142 -35.479715 -64.914258 
-57.488467 -34.598431 -64.443754 
-56.541494 -34.504806 -64.136384 
-56.420742 -34.591637 -63.147506 
-56.444266 -35.590764 -63.112976 
-56.065232 -35.456801 -62.197342 
-56.176897 -34.592211 -61.707429 
-55.748177 -35.312583 -61.162210 
-55.955161 -35.465335 -60.195864 
-55.226746 -35.562874 -59.517706 
-54.409254 -35.117499 -59.152538 
-53.641015 -34.711224 -58.657816 
-54.027009 -33.836004 -58.366270 
-54.709331 -33.117055 -58.498739 
-53.932701 -32.501733 -58.363734 
-53.748141 -32.122513 -59.270447 
-54.058231 -32.279018 -60.208184 
-54.341146 -33.237826 -60.182772 
-53.711671 -33.709120 -59.564999 
-53.503774 -34.623181 -59.913237 
-52.884189 -35.147472 -59.329085 
-52.487383 -35.515034 -58.487989 
-52.244061 -36.461563 -58.699831 
-52.690988 -37.273499 -58.324308 
-52.584197 -38.045910 -57.698228 
-52.217136 -37.580209 -56.893003 
-53.180345 -37.836850 -56.813232 
-53.926010 -37.856357 -56.147197 
-54.690685 -38.457832 -55.915896 
-54.896388 -39.395755 -56.195157 
-27.332813 30.590605 -56.197622 
-26.522697 30.262469 -56.683459 
-27.085688 30.396952 -57.498906 
-27.263029 31.351727 -57.260254 
-26.339151 31.694197 -57.431029 
-26.324649 32.668090 -57.657570 
-25.988392 33.448055 -58.185383 
-25.557548 33.967274 -58.923478 
-25.523366 33.236131 -59.604845 
-25.370610 32.616355 -58.835077 
-24.882281 33.082888 -58.097593 
-25.309710 33.578575 -57.341552 
-25.151751 34.565686 -57.315857 
-24.831210 35.324561 -57.882745 
-24.672797 36.250052 -58.226796 
-23.705410 36.398036 -58.021215 
-23.560232 35.577907 -57.467760 
-23.153930 36.407818 -57.085443 
-23.290795 37.341671 -56.755011 
-23.703536 36.716752 -56.092349 
-24.153626 36.790595 -56.982274 
-24.683366 37.636729 -57.040867 
-24.283414 37.281817 -57.885896 
-23.809028 37.941755 -58.468510 
-23.661382 38.780602 -57.944548 
-22.715631 38.614806 -57.665146 
-22.274654 38.887094 -58.520364 
-22.021534 39.488938 -57.762925 
-21.088835 39.473837 -58.123265 
-21.500568 40.311204 -58.482838 
-20.562264 40.487037 -58.780611 
-20.421949 40.300861 -59.753056 
-20.906804 39.601889 -59.227361 
-20.256033 38.958157 -58.824737 
-20.762516 38.182600 -59.201548 
-21.370916 37.519791 -58.765049 
-20.531750 37.417165 -58.230944 
-20.038784 37.192839 -59.071576 
-19.653793 36.362563 -58.668557 
-18.990986 36.157155 -57.948492 
-18.082822 36.455700 -57.655047 
-17.336595 36.342127 -56.999115 
-17.024743 35.482556 -57.403944 
-16.240771 35.358495 -58.012218 
-15.874728 35.072450 -58.897763 
-15.033384 34.590873 -59.143168 
-14.512295 34.553943 -58.290464 
-14.977867 34.618133 -57.407786 
-13.998443 34.819518 -57.420922 
-13.395455 35.581932 -57.655721 
-13.360761 36.021912 -58.553058 
-12.692135 36.126604 -59.289249 
-12.377835 36.083892 -60.237612 
-11.947534 36.066653 -61.140133 
-11.876509 35.071772 -61.068250 
-12.792046 35.203361 -61.448352 
-13.444208 35.519780 -62.137237 
-14.126189 34.794521 -62.231587 
-15.009837 34.785832 -62.699657 
-15.845644 34.408215 -63.098195 
-15.859021 33.415620 -63.218929 
-16.186460 32.487231 -63.394652 
-15.393062 32.478204 -62.786015 
-15.603668 32.763556 -61.851018 
-15.883102 33.116256 -60.957978 
-15.568207 32.330335 -60.425841 
-14.593557 32.161850 -60.278635 
-14.265664 31.660584 -59.477874 
-15.201479 31.310218 -59.439240 
-15.909236 30.612989 -59.553048 
-16.282280 30.787954 -60.464215 
-15.347114 30.449925 -60.570044 
-15.669485 29.619947 -61.025252 
-16.365489 29.497014 -60.317816 
-16.355873 29.608814 -59.324131 
-15.988584 30.168625 -58.581360 
-15.382093 29.374590 -58.622323 
-14.810060 28.755831 -58.083885 
-14.226134 28.857070 -57.278416 
-14.006006 27.889311 -57.156002 
-13.461124 27.138408 -57.529162 
-12.776045 27.815307 -57.259952 
-11.785378 27.682751 -57.291701 
-11.823392 28.409394 -56.605738 
-11.066662 28.816881 -56.094549 
-11.819722 29.438280 -56.310798 
-11.501244 30.197113 -56.878903 
-11.857781 29.414000 -57.388428 
-11.463981 29.014036 -58.216045 
-10.837464 28.590010 -57.562073 
