Snapshot 0 0.000000
-31.752018 7.751105 -10.769955 
-31.077022 7.013749 -10.796147 
-31.277366 6.995041 -11.775694 
-30.432152 7.526779 -11.722134 
-29.686231 7.858767 -11.144738 
-28.750585 8.184902 -11.279651 
-28.768511 8.435402 -12.247601 
-28.711578 7.474962 -12.520208 
-29.474614 7.364765 -13.157101 
-29.568514 6.463080 -13.579174 
-29.366140 6.296790 -12.614087 
-30.181017 6.249000 -12.036427 
-30.446111 6.156808 -11.076622 
-29.809798 5.469533 -11.426991 
-30.682435 5.023049 -11.229111 
-31.048304 4.985574 -12.159022 
-30.332193 4.522125 -12.680942 
-30.377300 3.536411 -12.518667 
-30.698072 3.907669 -13.390030 
-31.180965 3.136720 -13.805305 
-31.843579 3.067980 -13.059505 
-31.111566 2.763251 -12.450164 
-30.702625 1.873091 -12.249210 
-31.101578 1.813284 -13.164229 
-31.508389 1.426986 -13.992045 
-32.430601 1.081259 -14.165242 
-32.904856 1.954992 -14.273274 
-32.067994 2.398801 -13.952813 
-32.650925 3.000218 -14.499155 
-31.973591 3.714840 -14.324417 
-31.409828 4.531777 -14.202816 
-31.956149 5.184733 -13.678238 
-31.640803 5.810326 -14.391814 
-32.289125 6.555513 -14.547940 
-33.232325 6.866499 -14.664819 
-33.954958 6.433068 -15.203280 
-34.258395 5.878772 -15.978317 
-34.516570 5.086726 -16.531496 
-33.832082 4.815361 -15.854859 
-33.458979 5.136511 -16.725294 
-32.994758 4.254015 -16.800782 
-33.782040 3.639619 -16.852786 
-33.863735 3.705519 -17.847263 
-34.753879 4.161191 -17.849656 
-34.936851 3.213800 -17.587030 
-34.340559 2.511909 -17.976626 
-35.321904 2.330881 -17.911893 
-35.638971 2.891548 -18.676825 
-35.990269 3.819183 -18.803645 
-34.999306 3.838597 -18.936371 
-34.657316 3.878215 -19.875239 
-35.156836 4.713628 -19.645968 
-34.379810 5.191545 -20.055633 
-33.587989 4.848413 -19.550381 
-33.489293 5.593312 -18.890544 
-32.526540 5.830608 -18.760939 
-32.265731 6.569318 -19.382458 
-31.346301 6.961774 -19.407488 
-30.455071 6.560096 -19.196860 
-30.445175 7.077892 -20.052306 
-30.401185 7.431483 -20.986672 
-31.043711 6.681369 -20.830180 
-31.606425 6.728140 -21.655508 
-32.271969 6.425233 -20.973380 
-33.168510 6.786386 -21.229862 
-33.437418 6.651168 -22.183489 
-33.169452 5.742750 -21.862597 
-32.414209 5.293741 -21.385105 
-32.604628 4.427134 -21.846335 
-33.154561 3.752565 -22.338809 
-33.472500 3.926728 -21.406831 
-33.057485 3.577380 -20.566761 
-32.503305 4.361406 -20.846382 
-31.623334 4.485385 -21.304946 
-31.450933 4.200089 -22.247753 
-30.528065 4.334335 -22.608713 
-30.129333 4.319005 -23.525653 
-30.243563 5.236012 -23.143489 
-29.381419 5.024070 -23.603693 
-28.510532 4.921578 -24.084370 
-28.433813 5.014253 -25.077107 
-28.194229 5.976794 -25.204052 
-29.187373 6.059080 -25.121014 
-29.121222 6.625222 -25.942664 
-29.109140 7.406501 -25.318599 
-28.395663 7.810084 -24.745825 
-28.683908 7.563325 -23.820609 
-28.357469 6.840713 -23.211289 
-27.745560 6.358851 -22.584092 
-27.389328 5.759979 -23.301344 
-26.422857 5.623467 -23.518828 
-25.975109 5.268510 -24.339514 
-25.186237 4.828392 -24.768442 
-24.877025 5.330511 -23.960813 
-24.229434 4.609065 -24.206052 
-25.019409 4.118570 -23.838146 
-24.146503 3.650239 -23.701394 
-24.256359 2.657243 -23.744892 
-25.223825 2.630299 -23.493331 
-25.923313 2.900394 -24.154970 
-26.417425 3.149211 -23.321937 
-27.313876 2.707909 -23.362303 
45.762382 -22.990595 11.403545 
46.576749 -23.566309 11.476761 
46.814254 -23.988426 12.351637 
47.739458 -23.646874 12.516985 
48.294055 -24.348070 12.965030 
49.111158 -23.789183 12.823650 
49.733165 -24.008140 12.071875 
49.864484 -24.504216 11.213584 
50.420169 -25.176029 10.723807 
49.450734 -25.336703 10.538388 
48.842891 -26.067221 10.227147 
49.637006 -26.469574 9.771632 
50.301480 -27.205438 9.901931 
49.702175 -27.893919 9.493485 
49.651906 -27.358943 8.650114 
48.856764 -27.829473 8.267554 
47.932923 -27.464621 8.383316 
47.952336 -27.864957 9.299479 
47.258104 -27.177311 9.086909 
46.359029 -26.743067 9.031280 
45.729726 -27.386362 9.467341 
45.380248 -26.962082 8.631965 
44.613312 -26.350713 8.436934 
44.247118 -26.599736 7.540335 
45.174738 -26.829520 7.245852 
45.155213 -27.710517 6.773133 
45.071125 -28.652217 6.447357 
44.537531 -29.192975 5.797081 
43.618142 -28.816259 5.910253 
42.823845 -29.307912 5.553364 
42.970299 -30.045030 6.213067 
41.973544 -30.117981 6.179061 
42.219754 -31.077495 6.042259 
41.317702 -30.982492 5.621218 
41.359923 -31.981540 5.610230 
40.819481 -32.822789 5.595326 
40.999261 -33.802847 5.510685 
41.993763 -33.713467 5.565243 
42.372390 -34.580549 5.888989 
43.236444 -34.217692 5.540070 
42.932025 -33.881031 4.649010 
43.472789 -33.428753 3.939772 
43.972395 -32.687977 3.490723 
44.802833 -32.481676 4.008229 
44.515579 -33.434597 4.105322 
45.279571 -33.217724 4.713008 
45.878990 -33.958140 4.408902 
46.614557 -33.357631 4.722478 
47.533792 -33.162599 5.064486 
47.180067 -33.701740 5.828819 
47.917283 -34.144770 6.338953 
48.084424 -33.779563 7.254752 
48.937995 -33.351304 6.958085 
49.500868 -32.587804 7.274694 
48.571225 -32.240057 7.396498 
48.015924 -32.720754 8.075151 
48.735154 -32.561292 8.751376 
49.176651 -32.571353 9.648582 
49.774458 -32.969423 8.952762 
49.183830 -33.708938 8.629844 
49.201885 -34.689656 8.435249 
48.322033 -34.852459 7.988757 
48.127364 -35.500530 7.252478 
47.367809 -35.872732 6.719052 
47.529807 -36.482637 5.943312 
47.203757 -37.069967 5.202546 
46.590225 -36.355295 5.538436 
45.741803 -36.625896 5.993358 
44.976294 -37.182409 5.670420 
45.029959 -36.760085 4.765565 
44.032172 -36.822477 4.742592 
43.806136 -35.990306 4.236233 
44.336319 -35.812389 5.065240 
43.928125 -35.788676 5.977827 
43.828250 -34.936912 6.492146 
44.254919 -34.737009 5.610107 
44.342422 -34.131012 4.819468 
44.979301 -34.381253 4.090246 
44.549544 -34.010397 3.266975 
43.977700 -34.162262 2.460791 
43.821594 -34.185012 1.473313 
44.455179 -34.655711 0.859299 
44.851858 -33.740035 0.923980 
44.469403 -32.971860 0.410525 
44.660752 -32.673007 1.345443 
45.422518 -32.608792 1.990106 
45.138754 -31.796789 2.500135 
45.598257 -30.968464 2.179611 
45.782847 -31.159958 1.215631 
45.715088 -30.205742 0.924290 
44.939234 -30.371307 0.315488 
44.907188 -30.065068 -0.635927 
45.702425 -30.106319 -1.240820 
45.712781 -29.117399 -1.388912 
46.034921 -28.788606 -2.276674 
-5.965918 -2.391495 18.750105 
-6.291545 -1.467289 18.550584 
-7.267531 -1.431307 18.765426 
-7.004446 -2.027962 19.523574 
-7.181575 -2.485070 20.395169 
-7.901243 -1.802370 20.521652 
-7.863602 -1.238948 21.346964 
-8.667697 -0.985421 20.809233 
-8.724599 -0.084856 21.240214 
-8.686436 0.879026 20.976632 
-8.811167 1.514114 20.214329 
-8.195063 2.301052 20.180498 
-7.298468 1.892352 20.351030 
-7.570019 2.714789 20.850889 
-7.141886 2.113840 21.525843 
-7.026681 1.892189 22.494140 
-7.801956 1.261133 22.520908 
-8.218082 0.549537 21.954807 
-7.381513 0.005463 22.019109 
-7.236786 -0.981490 22.089662 
-6.853162 -1.883301 22.288585 
-5.860707 -1.997127 22.243017 
-4.954790 -1.716455 21.925939 
-4.695207 -2.440816 22.564623 
-5.419409 -2.763715 23.173940 
-6.156728 -2.464637 23.779675 
-6.561209 -3.027341 24.500618 
-7.447012 -3.388882 24.209688 
-6.959047 -4.257828 24.127085 
-7.777738 -4.494984 24.650061 
-7.904840 -4.638206 25.631556 
-7.746107 -3.651967 25.585321 
-7.057123 -3.822164 26.289830 
-6.646160 -3.123617 26.875614 
-6.860357 -3.792694 27.587272 
-7.726870 -3.415620 27.914336 
-8.448597 -3.587009 27.243712 
-8.848490 -3.022167 26.521881 
-9.263703 -3.920213 26.667183 
-9.805239 -4.748438 26.811344 
-9.233156 -5.142949 26.092260 
-8.508651 -5.465428 26.701440 
-7.547139 -5.405186 26.969518 
-6.606613 -5.129417 26.771123 
-6.553556 -4.722370 25.859258 
-5.844221 -4.238322 25.346870 
-5.234992 -5.029214 25.289182 
-4.302242 -5.318780 25.503961 
-3.594633 -4.754266 25.078974 
-4.193618 -3.966487 24.935373 
-4.117014 -3.560987 25.846253 
-3.461996 -3.395981 26.583629 
-2.773507 -3.701973 25.926094 
-3.077527 -2.759937 25.784176 
-3.705836 -2.202353 26.326696 
-2.750984 -1.907265 26.292330 
-2.501182 -0.977909 26.564169 
-1.772189 -0.554569 27.102084 
-1.779458 0.211995 27.744210 
-2.301254 0.666166 27.022090 
-2.894214 0.434483 27.793271 
-2.487375 -0.438764 28.061455 
-2.306316 -0.796465 28.977571 
-2.460294 -1.643525 28.468867 
-3.211349 -2.102574 27.994325 
-3.119569 -2.453440 28.926242 
-3.506344 -2.416884 29.847691 
-3.493057 -2.871590 30.738234 
-4.446379 -2.998032 30.464030 
-5.383893 -2.837828 30.155155 
-5.373978 -2.416307 29.248391 
-5.740883 -1.508729 29.452559 
-5.734926 -0.515850 29.333586 
-6.324389 -0.123173 28.627656 
-6.698852 -0.249728 29.546220 
-6.657920 -0.272228 30.545129 
-5.930900 0.261013 30.977673 
-5.648852 0.571316 31.885506 
-6.352056 0.949912 32.487311 
-7.305576 0.742934 32.268312 
-7.559406 1.685941 32.053117 
-6.746940 2.177255 31.739254 
-6.380328 3.106852 31.701238 
-6.578928 4.084575 31.633312 
-0.504418 -21.753895 -27.475855 
-0.850200 -21.958027 -28.391696 
-1.008342 -22.856514 -28.801224 
-0.476988 -22.905005 -29.646984 
-0.142364 -23.663557 -30.206114 
0.715905 -23.768182 -30.708536 
0.008963 -24.228480 -31.245525 
0.494085 -24.103639 -32.111015 
1.139272 -24.644733 -32.650413 
1.549268 -25.273962 -31.990130 
2.134076 -25.879557 -31.450451 
3.106858 -25.745463 -31.261466 
2.681942 -26.537273 -30.822737 
2.824509 -26.630701 -31.808103 
3.811847 -26.650548 -31.650719 
4.060915 -26.648068 -32.619202 
3.758433 -27.127054 -33.443263 
4.245690 -27.874922 -32.992404 
3.283798 -28.147013 -32.965373 
3.301728 -28.815922 -33.708501 
3.757217 -29.285347 -32.952082 
4.068196 -30.104356 -32.469882 
3.763545 -29.454733 -31.773335 
4.284393 -30.052812 -31.164222 
4.941874 -30.168811 -30.419733 
4.202103 -30.689941 -29.994101 
4.205169 -29.911912 -29.365881 
4.016166 -29.555630 -30.280944 
3.236930 -29.185168 -29.775423 
3.579531 -28.406573 -30.301175 
4.331752 -28.204946 -29.673872 
4.614591 -27.884015 -30.577756 
5.147145 -27.066024 -30.795185 
5.856945 -26.431635 -31.101348 
6.371835 -26.193185 -31.924774 
7.004468 -26.638416 -31.291099 
7.595225 -27.358895 -31.654301 
8.383941 -27.912768 -31.387557 
9.001971 -27.126796 -31.404526 
8.591115 -26.663137 -32.189521 
8.954363 -26.738919 -33.118126 
9.211196 -27.552351 -32.596240 
9.936146 -27.064499 -32.109980 
10.731568 -27.639039 -32.302869 
11.054063 -28.368129 -31.699193 
11.528606 -29.142127 -32.118401 
11.520206 -28.298670 -32.655531 
12.402341 -28.340946 -33.124628 
12.357886 -27.398948 -32.791966 
13.267684 -26.987145 -32.843788 
13.255386 -26.731025 -31.877221 
13.224436 -27.337748 -31.082910 
13.751021 -26.786852 -30.435437 
14.672590 -27.153560 -30.562859 
15.399211 -26.607143 -30.146387 
16.372517 -26.396955 -30.054211 
16.560026 -26.076467 -30.982720 
17.552677 -25.957213 -30.962167 
17.650872 -25.427151 -31.804421 
18.327201 -25.529797 -32.533834 
18.693541 -25.626240 -31.608364 
18.532641 -25.358176 -30.658494 
19.455664 -24.973448 -30.654923 
19.758388 -25.127288 -31.595504 
20.190030 -24.775872 -32.426282 
20.493704 -25.164124 -33.296364 
21.398287 -24.773349 -33.466731 
21.351233 -25.772239 -33.464470 
22.288759 -25.531650 -33.213151 
23.153031 -25.123434 -33.507077 
23.814194 -25.134173 -34.257243 
24.436479 -24.682940 -34.896891 
23.956799 -23.853349 -35.182699 
24.216488 -23.960950 -36.142378 
23.804778 -23.389555 -36.852311 
23.434752 -23.873864 -37.645107 
23.359688 -24.446681 -38.461345 
22.486604 -24.131838 -38.089057 
22.578503 -24.694116 -37.267231 
22.345380 -23.852922 -36.779330 
22.140249 -23.312114 -35.963580 
22.857948 -23.928958 -35.640452 
-34.803818 -15.247395 -69.426855 
-35.734173 -15.416033 -69.101276 
-35.880575 -14.444807 -68.913429 
-34.976836 -14.130362 -68.622947 
-34.141271 -14.660063 -68.768718 
-33.587331 -14.838877 -67.955591 
-32.728606 -15.159503 -67.555853 
-31.786032 -15.409024 -67.777876 
-31.621820 -16.390945 -67.872032 
-31.819876 -17.291523 -67.485078 
-32.409992 -17.720496 -66.801159 
-32.038034 -17.659348 -65.874926 
-32.512507 -18.051042 -65.086604 
-31.993111 -17.921701 -64.241915 
-31.245742 -17.263486 -64.332424 
-31.388791 -16.472910 -63.737003 
-31.344710 -17.119893 -62.975774 
-30.666173 -16.421291 -62.748742 
-30.451806 -16.467853 -61.773099 
-31.153666 -15.757381 -61.824296 
-31.565473 -15.445125 -62.680399 
-32.006974 -16.315846 -62.463781 
-32.695379 -15.609022 -62.300994 
-33.340461 -14.996379 -61.844335 
-34.078823 -15.598996 -61.541558 
-33.943379 -15.702159 -60.556158 
-32.996972 -15.466085 -60.776573 
-32.113211 -15.163876 -61.133835 
-31.629796 -14.301315 -61.283156 
-30.832536 -13.884124 -61.719423 
-30.536966 -14.080492 -62.654345 
-30.517344 -13.145868 -63.009441 
-31.056889 -13.515735 -63.765807 
-31.052320 -14.474414 -63.481354 
-30.679839 -15.089931 -64.175902 
-29.833061 -14.645621 -64.468402 
-29.922262 -14.775020 -63.480830 
-29.016618 -14.745136 -63.057845 
-28.598681 -13.851379 -63.220719 
-27.804136 -13.245408 -63.259400 
-27.565510 -13.880543 -63.994016 
-26.785391 -13.286016 -64.188831 
-27.538181 -13.127559 -64.827736 
-28.109154 -12.647830 -65.493956 
-28.010750 -13.620148 -65.705883 
-28.118827 -14.077938 -66.588350 
-27.506282 -13.901966 -67.358949 
-27.929501 -13.117160 -67.811679 
-27.144197 -12.500167 -67.760519 
-26.552043 -12.523922 -68.565993 
-26.054537 -13.366111 -68.773850 
-25.916339 -14.356329 -68.754622 
-25.223423 -15.006755 -68.443472 
-24.770758 -14.520305 -67.696170 
-24.610547 -13.843704 -66.977461 
-24.896343 -14.105512 -66.055627 
-25.802874 -13.683387 -66.059212 
-26.762484 -13.869451 -65.848196 
-26.381528 -14.782747 -65.992286 
-27.053277 -15.362636 -66.453244 
-27.898716 -15.814890 -66.169167 
-27.507442 -16.625639 -65.733748 
-27.954826 -16.792077 -66.612466 
-28.884367 -17.152349 -66.534000 
-28.352853 -17.359452 -67.355341 
-28.269156 -18.292147 -67.004522 
-27.898293 -18.512928 -66.102460 
-27.876948 -19.236696 -65.412746 
-27.727788 -19.499416 -64.459474 
-27.052230 -19.004040 -63.913376 
-27.769004 -18.334135 -63.719820 
-27.741499 -17.754888 -64.534508 
-28.406280 -17.086166 -64.201526 
-28.610246 -16.337712 -63.570484 
-29.368577 -15.685974 -63.557342 
-28.999079 -15.232370 -64.368338 
-29.784566 -15.676980 -64.798840 
-29.171806 -15.775623 -65.582928 
-29.643329 -15.342914 -66.351322 
-29.669112 -15.659241 -67.299621 
-60.955218 27.391705 -26.509955 
-60.627123 28.081473 -27.155380 
-59.798951 28.105035 -26.595402 
-59.466422 28.133715 -25.652745 
-59.503840 29.113141 -25.454441 
-58.631267 29.600792 -25.425950 
-58.119230 29.004125 -24.808045 
-58.191558 29.873279 -24.318823 
-57.439872 30.396693 -24.720079 
-56.885079 29.564728 -24.726300 
-56.064349 30.130380 -24.646056 
-55.670362 30.581769 -25.446695 
-55.949040 31.536226 -25.340165 
-56.865487 31.932251 -25.397518 
-56.770050 31.202452 -24.720551 
-56.275584 31.822125 -24.111036 
-56.444615 32.805248 -24.181017 
-57.072255 33.424677 -24.652584 
-56.750482 34.369641 -24.593371 
-56.513715 34.838160 -25.444506 
-55.789888 34.151473 -25.377160 
-56.003487 33.244625 -25.740481 
-56.784157 32.951362 -26.292344 
-57.780534 33.028861 -26.257335 
-58.503844 33.555875 -26.703517 
-59.404011 33.216956 -26.977074 
-60.224059 33.616477 -27.386834 
-60.017136 34.515501 -27.772760 
-59.400017 35.098639 -28.301072 
-58.895241 35.428508 -29.098811 
-59.585976 34.790926 -29.439948 
-58.943848 34.295121 -28.855268 
-58.167273 33.733493 -28.569780 
-57.282767 33.809761 -28.109527 
-57.856919 33.028096 -27.865910 
-57.053805 33.090054 -27.273314 
-57.135799 32.151144 -27.607566 
-57.894988 31.502776 -27.664586 
-58.660406 32.030068 -27.295673 
-59.260363 32.150948 -26.504826 
-59.993504 31.544911 -26.196242 
-60.679977 31.269690 -25.523183 
-60.836799 31.680645 -24.625117 
-61.373695 32.509536 -24.468009 
-62.173122 32.728255 -23.908475 
-63.098880 33.057074 -24.095158 
-63.070702 33.715028 -24.847688 
-62.115887 33.643151 -24.559312 
-62.165670 33.049961 -25.362834 
-62.609513 32.154061 -25.381958 
-62.182805 31.624310 -24.648962 
-61.639857 30.969692 -24.122955 
-62.241587 30.383116 -23.580875 
-61.460862 29.775751 -23.727763 
-61.768579 29.951613 -22.792679 
-62.512549 29.322399 -22.567735 
-63.355695 29.303078 -23.105072 
-63.527524 28.344541 -23.332408 
-62.603477 28.625246 -23.591914 
-62.409675 29.034236 -24.483636 
-61.966122 28.166128 -24.260817 
-61.192505 28.354250 -23.655733 
-61.631550 27.570846 -23.215826 
-62.013609 26.648544 -23.274049 
-61.527882 26.929090 -24.101915 
-62.442406 26.978126 -24.503463 
-61.750783 26.515927 -25.058467 
-61.853368 25.928039 -25.860878 
-62.645656 26.077652 -25.269358 
-62.787556 25.400475 -25.991366 
-62.872787 25.053557 -26.925380 
-62.173406 25.082965 -27.639524 
-62.830340 24.774453 -28.327463 
-62.428451 23.970579 -27.888974 
-62.364353 23.446085 -28.737972 
-62.440508 22.889558 -29.565304 
-61.992085 22.814348 -30.455955 
-61.561864 23.161124 -31.289416 
-63.451018 -30.007895 -12.452955 
-62.671207 -30.303841 -11.901311 
-62.886495 -29.471825 -11.390036 
-62.311502 -29.286130 -10.593230 
-61.473315 -29.686222 -10.963862 
-61.005711 -29.114210 -11.637767 
-61.168614 -30.081207 -11.833670 
-61.728636 -30.908183 -11.883537 
-60.830556 -31.274385 -11.639922 
-60.878320 -31.485978 -10.663732 
-61.856574 -31.305011 -10.765069 
-62.496155 -31.850424 -10.223348 
-63.331809 -31.548347 -9.764620 
-64.168039 -31.751187 -10.274105 
-63.619066 -32.583594 -10.198421 
-63.960294 -32.329367 -9.293472 
-64.529350 -31.571014 -8.975547 
-64.528375 -30.871249 -8.261175 
-65.216347 -30.444249 -7.674349 
-65.097624 -30.017036 -8.570672 
-66.086488 -29.927173 -8.452042 
-66.786118 -29.819977 -7.745624 
-66.247424 -29.828871 -6.903169 
-66.960134 -30.463600 -6.604566 
-67.001071 -31.117489 -7.360049 
-66.157157 -31.611782 -7.568575 
-65.984708 -32.308094 -8.265290 
-66.701136 -31.827941 -8.771436 
-67.663228 -31.980932 -8.545663 
-67.571808 -31.809051 -9.526530 
-67.710063 -31.656967 -10.505180 
-68.016615 -32.548493 -10.838657 
-68.473039 -32.559443 -11.728353 
-69.385303 -32.169472 -11.603068 
-70.253691 -32.662199 -11.547187 
-69.685796 -33.001642 -12.297036 
-70.128285 -32.725177 -13.150130 
-69.134156 -32.658524 -13.235373 
-68.503450 -32.364015 -13.953338 
-68.970456 -31.590101 -14.381079 
-69.110323 -30.847978 -15.036587 
-68.648316 -30.268989 -15.708391 
-69.007360 -29.365297 -15.475090 
-68.479397 -28.582176 -15.803687 
-67.649675 -28.465723 -16.349581 
-67.911216 -28.223504 -17.283886 
-68.816018 -28.104631 -16.874980 
-68.861799 -27.551355 -17.706719 
-68.505088 -28.402117 -18.092673 
-69.180393 -28.548953 -18.815447 
-68.621381 -29.157683 -19.378432 
-68.271602 -30.043433 -19.683558 
-68.545248 -29.396702 -20.395496 
-69.390842 -29.658190 -19.930099 
-69.850275 -28.849768 -19.562165 
-70.500049 -29.595127 -19.413057 
-71.340327 -29.061382 -19.317932 
-70.853950 -28.308661 -19.761609 
-70.549576 -28.479480 -18.824497 
-71.350920 -27.882027 -18.794550 
-71.909287 -27.973121 -17.969972 
-72.746005 -27.438896 -17.849532 
-72.085668 -26.692035 -17.771081 
-71.729506 -26.475964 -18.680181 
-71.743223 -25.480064 -18.590766 
-72.693329 -25.736067 -18.768986 
-73.652985 -26.005914 -18.847996 
-74.004604 -26.941922 -18.863932 
-74.852095 -26.727199 -19.349374 
-74.432729 -25.969254 -19.849026 
-75.405227 -25.907305 -19.624507 
-75.393484 -26.073716 -20.610493 
-75.721169 -26.730272 -21.289873 
-74.842933 -27.019709 -21.670565 
-74.973154 -26.580761 -22.559590 
-74.453010 -25.983445 -23.170052 
49.155582 -64.634495 -15.510155 
48.308875 -64.815769 -16.010383 
47.506570 -65.141474 -16.510606 
46.619605 -64.900639 -16.904676 
45.698424 -64.949131 -17.290777 
45.813273 -64.395802 -16.465771 
45.869776 -64.928139 -15.621126 
46.773210 -65.346865 -15.529064 
47.565469 -65.293799 -14.921190 
48.106625 -64.609699 -14.432153 
48.325546 -64.802264 -13.475601 
49.203911 -65.085932 -13.860319 
48.998906 -66.044250 -14.059312 
48.015264 -65.866980 -14.027299 
47.376020 -65.112989 -13.876092 
46.449435 -65.093689 -14.251681 
45.688427 -65.705365 -14.035538 
45.558963 -64.985688 -13.353405 
45.588922 -64.336141 -14.113136 
44.836762 -63.995616 -13.548956 
44.447069 -63.949971 -14.468769 
45.223167 -63.898927 -15.097313 
44.399264 -64.276723 -15.519752 
44.531699 -65.267529 -15.547396 
43.663917 -65.747187 -15.417462 
44.148861 -66.493268 -15.873743 
44.412573 -67.373062 -15.478247 
44.566141 -68.225624 -15.977802 
43.970725 -68.013517 -16.752715 
43.171119 -68.611487 -16.808058 
43.663215 -69.447988 -16.567003 
42.691367 -69.611112 -16.737011 
43.117253 -70.476638 -17.000613 
42.166975 -70.610169 -16.719294 
41.451402 -70.895506 -17.356898 
41.533104 -70.765599 -18.345052 
40.578213 -70.634295 -18.611405 
40.610660 -70.299230 -17.669769 
39.962703 -69.680530 -17.225514 
40.357896 -68.774852 -17.379037 
40.215796 -68.242583 -16.544473 
40.474505 -69.141069 -16.189803 
39.543560 -69.500411 -16.124894 
38.840764 -68.790356 -16.168473 
38.825553 -68.779732 -17.168301 
38.204343 -68.000714 -17.083278 
38.370434 -67.822009 -18.053060 
39.288170 -67.478178 -17.854213 
39.264514 -68.093390 -18.642219 
38.668036 -67.885878 -19.417560 
39.280331 -67.801189 -20.203641 
39.674366 -68.403063 -20.898251 
40.454263 -67.804379 -21.080838 
40.642514 -67.893466 -20.102766 
40.925727 -67.184297 -19.457111 
40.634345 -66.849988 -20.353400 
39.750599 -66.952840 -20.809925 
38.839981 -67.012615 -21.218827 
38.940621 -67.754549 -21.881704 
38.974922 -68.661330 -22.301909 
39.530628 -69.001695 -23.060423 
39.413296 -69.971600 -22.847077 
39.690078 -70.927312 -22.947117 
40.130403 -71.331386 -22.145345 
39.272285 -71.764802 -22.420633 
38.298662 -71.956354 -22.544592 
37.827746 -71.129769 -22.852803 
38.303420 -70.819616 -23.675931 
-5.564718 -51.695095 -17.997855 
-5.114817 -52.431644 -18.502915 
-4.137032 -52.348420 -18.310533 
-3.263632 -52.087688 -17.899204 
-2.641330 -52.569715 -17.282446 
-3.401959 -53.191640 -17.096291 
-3.972410 -53.035844 -16.289871 
-4.198393 -54.004926 -16.190816 
-3.701086 -54.223010 -15.351098 
-2.880060 -54.473480 -14.838086 
-2.666015 -54.652197 -13.877751 
-2.368130 -54.157826 -13.061135 
-3.154452 -53.545193 -13.140998 
-3.756930 -52.846726 -12.754781 
-3.451850 -52.878119 -11.802972 
-3.687811 -53.780929 -11.443448 
-4.211689 -53.769058 -12.295158 
-4.986676 -53.224185 -11.974988 
-5.572053 -52.451574 -12.220763 
-4.979034 -51.889944 -12.797738 
-5.589507 -51.476057 -13.473031 
-5.012719 -50.794172 -13.922863 
-5.212525 -49.839884 -14.145150 
-5.325914 -49.371456 -15.021345 
-5.497847 -48.761575 -14.247728 
-5.049319 -47.954250 -13.864257 
-4.078789 -47.770851 -13.707937 
-4.113292 -48.349031 -12.892758 
-3.184180 -48.712346 -12.961713 
-3.666105 -49.566539 -13.156911 
-3.667633 -49.895439 -12.212548 
-2.976414 -50.616741 -12.256603 
-3.098950 -51.599599 -12.394353 
-2.688483 -52.264057 -13.018862 
-2.031203 -52.164861 -13.765952 
-1.083573 -52.115969 -14.081559 
-1.089282 -53.103914 -13.926857 
-0.660119 -53.813811 -14.485306 
-1.225050 -54.214131 -15.206830 
-0.638706 -55.017084 -15.313919 
0.204735 -54.889971 -15.835885 
0.610116 -53.997731 -15.636957 
1.587992 -54.031639 -15.430537 
1.322551 -53.105898 -15.161197 
1.910148 -53.522770 -14.467692 
2.863242 -53.259748 -14.617459 
2.234631 -52.587307 -15.008191 
1.410257 -52.113790 -15.318335 
1.248434 -51.633542 -14.456259 
0.453679 -52.130140 -14.805193 
0.186069 -51.573841 -14.018480 
-0.035503 -50.880282 -14.703959 
-0.253380 -50.265281 -13.946131 
-1.238790 -50.138503 -14.059679 
-1.578104 -49.985676 -14.987855 
-2.192944 -49.256058 -14.688474 
-1.902655 -49.252643 -15.645406 
-2.130377 -50.100200 -16.124769 
-2.842123 -49.606674 -16.624619 
-2.959228 -49.395650 -15.654178 
-3.773175 -49.571253 -16.207942 
-4.083199 -50.081796 -17.009959 
-4.234026 -50.691886 -17.787803 
-5.088373 -50.966040 -17.346294 
-4.747838 -51.295706 -16.465750 
57.020482 4.053905 49.033845 
56.954743 3.150769 49.458138 
56.327478 2.593971 50.002670 
56.564681 1.650286 50.233304 
56.395039 0.855487 50.815985 
57.285157 0.753216 51.260091 
56.645118 1.368232 51.720639 
55.946765 2.079592 51.799827 
55.325536 1.429299 51.362569 
55.213379 1.555171 50.376883 
55.227652 2.487247 50.738865 
54.989839 3.384170 50.366072 
54.493441 4.044821 50.929214 
53.531942 4.238106 50.733868 
53.062105 4.780049 51.430683 
52.608240 5.670425 51.395508 
52.951196 6.317138 52.076789 
52.875262 5.351967 52.327145 
52.752369 4.361506 52.389462 
52.250477 4.237341 53.245434 
52.920175 4.428682 53.962995 
53.337583 5.306049 53.726354 
54.233096 5.738655 53.830791 
54.524815 6.515105 54.389383 
54.418919 7.509060 54.360390 
54.424981 7.072602 55.260094 
53.790777 7.148632 56.029512 
54.174358 6.225784 55.994639 
53.950844 5.392815 56.500805 
54.396256 4.844707 57.208750 
54.022556 3.965006 57.502813 
54.981640 3.701476 57.606301 
54.669445 3.434209 58.517949 
54.404263 3.814398 59.404027 
53.976205 4.640942 59.769528 
53.141166 4.099865 59.869261 
52.324695 4.663489 59.743950 
52.012188 5.608150 59.644175 
52.012597 6.582476 59.419034 
52.627987 6.995318 60.090493 
52.933020 6.274215 60.712558 
52.572219 6.824182 61.465791 
52.486178 5.866897 61.741840 
52.143340 5.149055 61.135899 
51.416384 5.395116 60.494814 
51.223797 4.525001 60.041152 
50.523137 4.279380 60.711038 
49.736013 4.198564 60.099560 
49.517102 4.252752 59.125321 
49.311351 5.145542 58.724581 
48.329578 4.957104 58.699827 
48.610653 3.998462 58.655091 
48.351521 4.385027 59.540200 
48.355258 4.963211 60.356098 
48.878230 4.301975 60.893934 
49.320712 4.505280 61.767362 
49.458383 3.546764 62.016948 
49.603884 2.609828 61.699175 
49.448252 3.334525 61.027913 
49.031625 3.385677 60.120276 
49.126455 2.531551 59.608929 
49.555182 2.988633 58.829654 
50.468024 2.596818 58.714759 
50.611365 1.625445 58.525315 
50.448986 1.776339 57.550192 
50.482444 0.967625 56.962943 
50.014596 0.317533 57.561691 
50.857994 -0.219662 57.551612 
51.454139 -0.793413 58.113235 
31.275142 -2.009595 -9.839555 
31.712659 -1.890189 -8.948308 
32.667393 -1.669958 -9.148260 
33.201289 -2.481887 -9.384327 
32.886423 -2.588707 -8.441221 
31.993768 -2.873643 -8.790475 
32.207891 -3.112591 -9.737606 
32.352805 -3.871781 -9.103074 
32.432546 -4.854273 -9.271451 
32.739769 -5.554124 -8.626608 
32.966348 -4.785275 -8.028667 
33.649042 -4.264819 -7.515779 
34.266334 -3.916228 -8.221070 
34.542464 -3.145837 -8.795744 
35.423743 -3.100851 -8.325294 
35.200313 -2.136972 -8.470268 
35.227991 -1.293580 -7.933683 
35.428143 -0.838109 -8.801142 
35.111713 -1.325488 -9.614981 
35.690064 -2.126546 -9.460656 
36.368774 -2.692318 -9.928903 
37.147268 -2.967979 -9.365024 
37.289255 -2.116589 -8.860074 
37.741713 -2.103610 -9.751766 
38.670848 -2.389702 -9.517546 
39.129866 -1.943102 -8.749528 
39.525716 -1.066148 -9.022026 
39.614229 -0.173922 -9.464855 
39.548527 -0.829037 -10.217522 
39.240095 -1.406015 -10.973806 
39.670453 -1.839995 -10.182318 
40.179766 -2.476829 -10.761147 
40.599809 -2.886731 -11.570804 
39.778440 -2.481772 -11.972500 
40.019406 -2.859366 -12.866568 
40.472853 -1.971856 -12.784640 
39.551167 -1.584696 -12.760100 
39.189267 -1.348071 -13.661786 
39.172797 -0.510033 -13.116423 
38.810946 0.388957 -13.363164 
38.223383 1.197822 -13.340659 
37.292845 1.484834 -13.568090 
37.057597 0.782384 -14.239821 
36.615464 -0.090584 -14.445839 
35.851116 0.517242 -14.230618 
35.378249 -0.216870 -14.717933 
34.660456 -0.301229 -15.409060 
33.668122 -0.187747 -15.458015 
33.013670 0.213228 -16.099039 
32.460982 0.336630 -16.923240 
31.472613 0.429287 -17.043829 
31.184497 1.364709 -17.248705 
30.263880 1.052747 -17.483535 
29.537135 1.568519 -17.029861 
30.189801 1.145511 -16.401298 
30.156526 1.486022 -15.461647 
29.949704 1.496088 -14.483320 
29.309944 2.162538 -14.866141 
29.601239 2.452965 -15.777622 
28.901285 3.071979 -16.133833 
29.030882 3.327664 -17.091867 
28.552088 3.951677 -16.474320 
27.814184 3.783763 -17.128004 
26.916043 3.359668 -17.244134 
-12.187318 64.286505 11.340045 
-11.619318 64.783240 11.996269 
-11.713638 65.239460 11.111414 
-10.940898 65.678358 10.652893 
-10.621453 66.440595 10.089910 
-9.686037 66.419518 9.736991 
-8.865522 65.881341 9.544323 
-8.541024 66.266208 10.408371 
-9.361934 66.204687 10.976104 
-8.985252 67.114609 11.149751 
-9.373358 67.871939 11.674940 
-9.484296 68.474520 12.465250 
-9.573897 68.923581 11.576253 
-9.801876 69.895255 11.514007 
-10.168741 69.693830 10.605801 
-10.394004 70.509670 10.073203 
-9.765060 69.972735 9.510949 
-9.749989 69.944372 8.511465 
-10.262549 70.288704 7.724879 
-10.979165 70.152270 7.040885 
-11.502444 69.377260 6.686571 
-11.712907 69.488680 7.657803 
-12.021873 68.654672 7.200670 
-11.820466 68.105115 6.389854 
-11.030752 67.655465 5.972522 
-10.898164 68.641072 5.867650 
-9.925525 68.428340 5.961022 
-9.638256 67.828792 5.214016 
-9.830163 67.005953 5.748906 
-9.987060 66.019104 5.787790 
-10.646767 65.282200 5.935302 
-11.585805 65.463976 5.643472 
-12.155314 65.628243 4.838068 
-11.899023 64.669995 4.964862 
-12.869878 64.906838 5.001533 
-13.326384 65.502186 4.340349 
-13.420111 66.391837 3.893430 
-13.571378 65.948303 3.010030 
-12.906767 65.333694 3.434940 
-12.728333 64.682120 2.697639 
-11.865862 65.116500 2.957367 
-11.243172 64.701307 3.620595 
-11.842733 63.966901 3.302518 
-12.155729 63.073596 2.979964 
-12.347782 62.092344 2.963828 
-12.481736 61.538576 2.142003 
-12.054557 60.642464 2.021581 
-12.612081 60.736000 2.846455 
-12.626578 59.817573 2.451131 
-12.356815 58.872892 2.264570 
-12.728817 57.947048 2.198023 
-12.849871 58.236872 3.147417 
-11.914074 57.924411 2.984164 
-12.506972 57.328459 3.525748 
-12.172330 57.836570 4.319372 
-13.105651 57.590762 4.581079 
-13.741042 58.332376 4.365937 
-13.059810 59.051377 4.228240 
-13.601304 59.578772 3.573536 
-14.303833 58.888394 3.400819 
-13.946647 58.414898 2.595698 
-14.354646 58.084982 1.744409 
-13.409701 58.311077 1.507851 
30.927862 37.745305 -0.999755 
30.622371 38.690272 -0.882659 
29.880643 39.360151 -0.915861 
29.314778 39.854554 -1.575680 
29.069638 39.456975 -2.459896 
28.268034 39.074413 -2.919327 
28.276147 38.106451 -3.170292 
28.024324 37.163670 -2.951774 
28.660860 37.278325 -2.189097 
28.631734 37.224123 -1.190992 
28.509610 38.213040 -1.275431 
27.666109 38.384666 -1.784400 
26.810642 38.499168 -2.289441 
26.934755 39.203129 -2.988751 
26.873004 40.111521 -2.575216 
26.787335 39.505292 -1.784553 
26.205631 39.752312 -1.009568 
25.250351 39.458858 -1.045968 
25.404270 39.739186 -1.993452 
25.541130 38.772426 -2.209422 
25.599368 38.990116 -3.183701 
25.668336 39.909340 -3.571348 
25.178814 40.768378 -3.721091 
25.320241 41.273786 -2.869880 
24.825842 41.952121 -3.413417 
24.036563 42.553746 -3.536241 
23.089090 42.726992 -3.267391 
22.516922 42.382575 -2.523079 
21.591642 42.044829 -2.350497 
21.198881 42.963572 -2.309890 
20.552429 43.192145 -1.581979 
19.589833 43.459849 -1.540236 
19.771511 43.901258 -0.661515 
19.428984 44.828969 -0.809934 
18.835086 44.935012 -1.607456 
18.795486 44.496570 -2.505342 
18.142150 43.872776 -2.076352 
17.426366 44.552508 -1.916295 
17.867981 45.313561 -2.391452 
17.085838 45.540169 -2.971885 
16.596819 45.197284 -2.169832 
16.278814 44.742472 -1.337955 
16.432256 44.377669 -0.419600 
17.355234 44.675242 -0.175545 
17.999001 45.381763 0.118380 
18.331848 44.934090 -0.711560 
18.415479 43.941045 -0.628683 
19.022905 43.147073 -0.654023 
18.234871 42.532467 -0.618515 
17.762795 41.658806 -0.500777 
18.593270 41.295024 -0.922647 
18.035200 40.466387 -0.966455 
17.390196 40.283387 -0.224512 
18.281053 40.007910 0.136716 
19.105432 39.846964 -0.405959 
19.344832 38.935576 -0.071207 
18.967824 39.468508 0.686321 
19.239605 38.638061 1.172625 
18.600969 37.960443 0.807963 
19.120999 37.526751 0.072109 
18.365280 37.328233 -0.551974 
17.828364 36.540652 -0.854361 
18.174257 35.851776 -0.217331 
13.493982 -45.180695 38.309545 
13.365558 -44.811137 37.389255 
13.867056 -44.977199 36.540183 
13.366933 -44.406086 35.889256 
12.377847 -44.552199 35.870276 
11.405138 -44.334053 35.949326 
10.434866 -44.162869 36.120404 
9.637056 -43.866199 36.645271 
9.317254 -42.921666 36.720002 
8.569301 -43.228280 36.131314 
7.930788 -43.300252 35.365076 
8.902164 -43.407085 35.152907 
8.893286 -43.809078 34.237307 
8.949755 -44.672232 33.735535 
9.058062 -45.146750 32.861977 
8.593806 -45.546652 32.071696 
9.450296 -45.805729 31.625261 
9.932844 -46.620267 31.303276 
9.803259 -46.637716 30.311861 
8.888377 -46.447555 29.955729 
9.329582 -46.300356 29.070477 
9.200236 -47.159149 28.574752 
10.192031 -47.284746 28.598597 
10.101222 -48.274765 28.706378 
10.972294 -48.207368 28.219869 
11.678593 -48.749844 27.765048 
11.287943 -48.038869 27.180320 
11.155805 -48.480008 26.292662 
10.396078 -48.826456 26.842926 
9.507298 -49.100657 27.210191 
9.071425 -48.579021 26.476767 
9.133673 -49.178549 25.678838 
8.295979 -49.413816 25.185971 
7.407090 -48.955969 25.201916 
7.914917 -48.618831 25.994664 
8.036358 -47.630494 25.902783 
7.978024 -47.538129 26.896798 
7.555250 -48.001055 27.675875 
8.500662 -47.734764 27.863720 
8.499086 -48.432625 28.579951 
7.840219 -47.723936 28.832248 
7.529240 -46.894098 28.368933 
7.185340 -46.412202 29.174855 
6.973701 -46.411561 30.152202 
7.260999 -45.467084 30.311653 
7.350399 -45.066805 29.399631 
7.201969 -44.280322 29.999143 
6.300084 -44.223274 30.427334 
5.841502 -45.099574 30.279683 
5.498602 -44.467732 29.584561 
4.785542 -44.015366 30.120201 
3.913354 -44.127243 29.643995 
2.967521 -43.909998 29.402738 
2.566809 -43.472639 28.597662 
3.368229 -42.955452 28.297255 
4.365351 -43.012618 28.247462 
5.320526 -43.102270 27.965323 
5.950441 -43.732832 27.511893 
6.392448 -42.837622 27.568724 
6.165515 -41.872456 27.438515 
6.065796 -41.231374 28.199482 
6.830392 -40.848385 28.717856 
5.979606 -40.492874 29.104865 
5.085922 -40.181914 28.781398 
4.747524 -40.709418 29.560645 
3.929979 -40.246762 29.903527 
-39.040318 43.853345 26.855425 
-39.229742 42.960955 27.265010 
-38.571283 42.482837 27.846246 
-37.767425 42.980432 27.520344 
-37.917163 42.333015 26.773063 
-38.409679 41.470913 26.653861 
-38.269324 40.700084 27.275248 
-38.489628 40.103607 26.503444 
-39.421155 39.789959 26.687515 
-40.205230 39.756014 26.067778 
-40.972405 39.260786 26.475445 
-40.361613 38.736284 25.882291 
-41.125046 38.361237 25.356448 
-41.292897 39.345415 25.413192 
-42.269684 39.477110 25.582141 
-42.665124 40.361976 25.335891 
-42.000027 41.058671 25.604708 
-41.114572 40.915402 26.046797 
-40.767882 41.809806 25.764226 
-40.605858 41.670695 26.741158 
-39.959815 40.910077 26.677221 
-40.294673 40.794342 27.612355 
-39.405125 41.246769 27.548993 
-39.420496 40.259495 27.707276 
-40.261574 39.747567 27.881969 
-39.758807 39.261670 28.596902 
-39.319438 40.147888 28.743780 
-38.618083 39.577887 28.315762 
-37.651600 39.789643 28.460918 
-36.653552 39.850519 28.446981 
-35.839113 40.300783 28.812976 
-35.497210 40.091728 29.729163 
-35.390631 39.939161 30.711693 
-34.515814 40.024569 31.188559 
-34.827781 40.798112 31.740200 
-34.739432 41.125283 30.799374 
-33.846331 41.237075 30.363630 
-34.356873 41.808524 29.721141 
-34.119892 42.775001 29.819943 
-34.524392 43.640141 30.116446 
-35.314381 44.177971 30.410818 
-36.099460 44.605775 30.858741 
-36.466912 45.012041 30.022125 
-36.284160 44.431956 29.228335 
-36.060200 44.888130 28.367087 
-37.034096 44.936365 28.145276 
-37.903441 44.906546 27.651970 
-37.789121 44.348170 28.473644 
-38.553957 43.840054 28.869680 
-39.102185 44.644525 28.641051 
-39.127903 45.159598 29.497812 
-39.494766 45.318075 30.414489 
-39.386762 44.809893 31.268940 
-39.228807 45.148725 32.196432 
-39.325122 46.095301 31.888670 
-10.871618 45.806785 -41.432255 
-11.236351 44.899227 -41.640365 
-10.853815 44.134730 -41.121510 
-11.097072 43.556187 -41.900043 
-11.382467 43.513836 -42.857517 
-11.730173 43.199008 -43.740684 
-12.544983 43.486248 -44.244250 
-12.231251 44.363535 -44.607486 
-13.129274 44.486577 -45.029880 
-13.429829 44.368032 -44.083512 
-12.661109 44.522702 -43.462910 
-11.903777 44.786634 -42.865593 
-11.498707 44.805656 -43.779681 
-11.297850 45.383226 -44.570927 
-12.214030 45.343798 -44.969752 
-12.554400 45.197411 -45.898579 
-11.795036 45.553452 -46.443189 
-11.417587 45.616528 -47.367069 
-10.483573 45.964056 -47.284360 
-9.783362 46.530679 -46.850028 
-9.162237 47.293027 -46.668290 
-8.454639 46.591888 -46.756089 
-8.460191 45.997509 -45.951923 
-7.998165 45.537998 -45.193384 
-8.857102 46.005825 -44.985143 
-8.388567 46.188965 -44.120889 
-8.483678 45.201580 -43.994305 
-9.154963 45.482281 -43.308314 
-10.049959 45.877187 -43.100869 
-9.910308 46.803711 -43.450228 
-10.114089 47.373450 -44.246387 
-10.474983 47.106672 -45.140023 
-10.385272 46.154981 -44.846363 
-9.561446 46.717551 -44.776902 
-9.010151 47.270673 -45.401505 
-8.066805 47.303168 -45.731723 
-8.389714 48.212185 -45.995196 
-8.551228 48.925980 -46.676672 
-8.063376 49.625792 -47.198461 
-8.752642 50.156654 -46.705412 
-8.314527 50.758252 -46.037479 
-8.657871 51.652564 -45.750562 
-9.387957 51.769512 -45.077287 
-9.919555 52.616505 -45.079672 
-8.936961 52.715971 -45.236562 
-8.188369 52.673526 -45.898234 
-7.409231 52.217285 -46.328103 
-7.144452 52.635339 -47.197082 
-7.392808 51.693415 -47.423132 
-6.578783 51.118157 -47.342879 
-7.340526 50.635272 -46.910943 
-6.603008 50.028856 -46.613746 
-18.188418 16.744405 -40.207155 
-17.400675 17.327415 -40.008262 
-16.875995 17.958190 -39.436567 
-16.536154 17.949492 -38.496124 
-16.466888 18.644255 -37.780228 
-16.406334 17.735959 -37.366306 
-17.270448 17.246555 -37.483739 
-18.142155 17.561779 -37.858920 
-18.007702 17.102196 -38.736819 
-18.695518 16.525173 -39.177220 
-19.675417 16.596983 -39.363344 
-19.705889 15.652643 -39.035788 
-19.700594 15.358607 -38.080008 
-19.927544 15.536023 -37.122398 
-19.700754 14.891920 -36.391852 
-18.827002 14.455833 -36.607228 
-18.111586 13.775315 -36.448879 
-18.622954 12.957939 -36.714208 
-18.325864 12.122276 -36.252251 
-17.393539 12.479765 -36.306761 
-17.475255 13.078749 -35.510180 
-17.501489 14.021678 -35.178223 
-16.631120 14.355514 -34.816269 
-16.776072 15.111363 -35.454769 
-17.459119 15.373445 -36.136501 
-18.317661 15.229329 -35.644427 
-19.220693 15.653064 -35.573847 
-19.884869 16.400494 -35.559040 
-20.673101 16.809519 -35.099270 
-21.317128 17.574449 -35.088728 
-21.919787 17.964838 -35.784715 
-22.521430 18.293551 -35.056722 
-22.062529 19.174867 -34.944063 
-21.566848 19.352223 -35.794266 
-20.633326 19.110617 -36.059147 
-21.122772 18.934266 -36.913163 
-21.997745 18.462068 -36.806154 
-22.679565 18.220813 -37.496746 
-23.607585 18.195912 -37.868443 
-23.791528 18.277220 -36.888875 
-24.731366 18.015097 -37.107956 
-24.710356 18.236493 -38.082914 
-24.499462 17.681824 -38.887814 
-25.479742 17.866901 -38.818550 
-25.825794 17.084011 -39.335591 
-25.226430 16.848223 -40.100553 
-25.722127 16.126460 -39.617497 
-25.897977 15.313428 -39.062470 
-25.484822 14.674012 -39.710892 
-24.595176 15.097489 -39.540021 
4.439382 12.209005 55.081245 
5.277098 12.544709 54.650508 
6.151654 12.979406 54.865426 
5.488390 13.564356 55.332240 
5.626834 12.962873 56.119038 
5.767705 12.671293 57.065155 
6.065451 13.280785 57.799911 
7.057128 13.157521 57.837102 
6.456614 12.385530 58.045461 
6.017853 11.647439 58.558013 
5.039539 11.848796 58.509459 
4.509476 11.004003 58.436265 
4.286359 11.002699 59.411056 
4.683672 11.911602 59.537696 
3.756763 12.103885 59.215413 
3.681918 12.589976 58.344715 
2.773439 12.354440 58.689953 
2.099299 11.796531 59.173970 
2.683600 11.758244 59.984603 
2.598207 12.752478 59.919747 
3.477562 12.929698 60.361707 
3.249767 12.982599 61.333978 
2.737870 12.388079 61.954064 
2.522498 11.414233 61.881681 
3.401451 11.009901 62.134579 
3.311347 10.737625 63.092570 
3.469325 9.750958 63.131699 
3.674779 8.785387 63.291265 
3.154347 7.940517 63.167393 
2.354226 7.479063 63.550625 
1.944660 6.639679 63.907963 
1.018053 6.576995 63.537193 
1.769460 6.285286 62.945336 
1.871962 6.935904 62.192880 
0.922784 7.174158 61.987218 
-0.020338 6.850043 61.913253 
-1.018264 6.787513 61.897969 
-1.862986 6.988402 62.394042 
-2.618551 7.627692 62.251110 
-3.270943 7.919767 62.950451 
-3.485372 8.891934 63.044858 
-3.034214 8.727495 63.922021 
-2.507469 7.960309 64.288036 
-2.695415 8.144911 65.252711 
-2.047972 7.797921 65.931250 
-1.798103 8.563017 66.524708 
-1.926282 8.394736 67.502078 
-2.383253 8.174956 68.363979 
47.975482 -16.125995 74.748445 
47.250310 -15.490476 74.483415 
47.330787 -14.669110 75.048110 
47.887920 -14.454211 75.850245 
48.427622 -13.700686 75.474848 
48.891047 -14.282401 74.806383 
49.748807 -13.816072 75.022685 
50.735900 -13.882648 74.877035 
50.987270 -12.915689 74.834552 
50.747809 -12.922012 73.863667 
49.931305 -12.599910 73.384531 
49.022013 -12.319826 73.076730 
49.056564 -13.277245 72.790103 
48.590381 -14.013810 73.280149 
49.286823 -14.703460 73.081777 
49.466720 -14.149491 72.268908 
50.217600 -13.543082 72.530530 
50.773788 -14.368500 72.627172 
50.583902 -15.262259 72.220799 
49.812773 -15.870726 72.033375 
50.419436 -16.419520 72.608513 
49.574178 -16.876227 72.885924 
48.914330 -16.556004 73.565673 
47.958141 -16.827961 73.674028 
47.234231 -16.323978 73.202905 
48.037497 -15.898476 72.786117 
48.640540 -15.378177 72.181445 
47.906761 -15.617376 71.545558 
47.115213 -15.815088 70.967318 
46.667161 -15.822087 70.073338 
45.862746 -15.895579 70.662842 
45.531968 -16.649336 71.230677 
30.809822 46.097425 47.288045 
29.861910 45.785280 47.351514 
28.898734 45.614421 47.143910 
29.130639 44.952392 46.431212 
29.027377 45.479749 45.587866 
29.992950 45.584814 45.349894 
29.743978 46.165269 46.125190 
29.548421 47.046146 45.694131 
29.593340 46.612703 44.794070 
28.987383 46.765385 44.013362 
29.351036 47.650757 43.723753 
30.111930 48.099758 44.192195 
30.426456 47.174695 43.979283 
30.766059 46.263256 43.747015 
30.165262 46.287760 42.947989 
29.314072 46.531101 42.482951 
30.065698 46.833039 41.896527 
30.535806 46.960438 41.023162 
29.721655 47.527719 41.147056 
29.861083 47.066545 40.270769 
29.336921 47.680696 39.680792 
29.220970 46.715703 39.445540 
28.834372 45.794603 39.399523 
28.128541 46.313002 38.916754 
27.844679 47.181566 39.322979 
28.431731 47.379676 40.107914 
28.335207 48.207533 40.660485 
27.658497 47.622046 41.106880 
27.353789 48.325123 41.749403 
27.749768 49.237374 41.854286 
28.251223 49.519946 41.036548 
27.590942 49.956769 40.425636 
28.026739 50.711089 39.934633 
28.605691 50.298271 39.231502 
28.705932 49.460112 39.767638 
29.485401 50.025827 40.036702 
30.295777 49.449775 40.143737 
31.060558 49.711259 40.732579 
30.412090 49.487423 41.460168 
29.737608 48.849758 41.088071 
30.153863 48.262569 41.782291 
31.068072 48.067378 41.427153 
31.099109 47.828883 42.397801 
31.345819 47.513764 43.314226 
31.237747 48.339237 43.868225 
31.956200 47.706178 44.156431 
31.713691 47.569913 45.116963 
31.224148 46.739970 44.849488 
31.180277 45.744503 44.765104 
31.579457 45.675025 45.679340 
31.008972 46.269225 46.246326 
31.327671 47.012368 46.834688 
30.805427 47.577714 46.196217 
30.347603 47.217832 47.009163 
30.606309 47.776453 47.797208 
30.578245 48.504946 47.112729 
30.992238 49.292804 47.568678 
30.660089 50.229865 47.460999 
30.110571 49.743511 48.140329 
30.215349 50.604390 48.638232 
29.818221 49.872611 49.192117 
29.108735 49.910903 49.895796 
28.934517 50.849560 50.193405 
29.031189 50.716040 49.207085 
29.873349 50.894604 49.715888 
30.344708 51.040832 50.585623 
31.251523 51.375787 50.841535 
32.098406 51.573421 51.335224 
32.708695 50.781268 51.328883 
33.524268 51.148537 51.776045 
34.310996 51.278123 52.379589 
34.920808 51.280744 53.172132 
35.013545 50.992571 54.125209 
35.426197 50.194710 54.564682 
34.470751 50.064796 54.299644 
34.409453 50.772449 55.003540 
33.757686 50.167685 55.461208 
33.871150 49.761189 56.367788 
34.496022 50.290047 56.942110 
35.159896 49.842389 56.343049 
35.924170 49.860544 55.698414 
36.394010 50.552797 56.246168 
36.265419 49.662616 56.683250 
37.130417 49.619350 57.183157 
37.957730 49.352969 56.688592 
38.254528 48.684474 56.006664 
37.774475 47.909362 56.417455 
37.754342 47.633537 55.456458 
38.003182 47.610342 54.488191 
38.740539 47.164772 54.995905 
Snapshot 5000 45.019977
-3.405643 -2.255922 1.733178 
-2.627664 -1.292263 0.464535 
-2.558422 -0.353750 -0.293605 
-2.875798 0.492935 -0.909167 
-2.447047 1.169793 -2.021006 
-2.773149 0.651148 -2.031112 
-2.786525 1.446692 -1.259666 
-3.277365 1.456894 -0.133214 
-3.756525 1.650124 0.759213 
-3.604071 0.479202 0.066208 
-3.305650 -0.912634 -0.052969 
-2.848788 -0.513978 -0.741786 
-2.853644 -0.002865 0.210998 
-2.565257 0.506020 0.674629 
-2.316213 1.040028 0.964143 
-2.412103 1.239575 -0.387464 
-2.373626 2.542756 -0.716932 
-2.967777 2.568024 -0.162313 
-3.727523 1.661595 -0.272588 
-3.653817 0.858245 -1.408472 
-3.212162 0.050053 -1.513701 
-3.252404 0.567875 -0.501161 
-3.270798 0.976122 -0.409164 
-3.106795 0.541544 0.312410 
-2.408419 1.394694 0.333338 
-1.951221 1.789617 0.053303 
-2.694111 2.259908 0.366599 
-2.393952 2.785120 -0.090095 
-2.590743 2.493506 -0.370365 
-2.118553 1.781168 -1.531883 
-1.398330 0.297834 -2.239948 
-0.916190 0.444094 -2.275260 
-0.957773 1.541746 -2.695472 
-1.140969 2.377351 -2.237175 
-1.653236 2.092710 -1.576505 
-2.542977 2.439238 -1.424171 
-2.966618 1.435179 -1.642093 
-2.762522 1.227336 -2.368604 
-3.119132 1.429896 -3.460316 
-1.998472 2.293341 -4.533095 
-1.226466 2.418112 -4.912854 
-0.613391 1.997639 -5.428146 
-1.952443 2.157874 -5.564026 
-2.748547 2.062637 -4.006402 
-1.659739 1.593557 -2.497243 
-0.153864 1.534975 -2.658671 
0.070935 2.275998 -2.879990 
-0.973332 1.884176 -3.328041 
-1.010600 2.027598 -3.883020 
-2.773722 2.353242 -4.401752 
-2.443523 2.752300 -5.191775 
-2.336786 2.134278 -5.426111 
-2.016165 1.234195 -6.268318 
-1.794328 -0.261289 -6.566891 
-1.108354 0.138956 -6.573066 
-1.851053 0.852877 -6.385072 
-2.059602 0.018850 -6.247548 
-1.345365 -0.199205 -6.488311 
-1.440689 1.036850 -6.418761 
-1.091784 1.103660 -6.429277 
-1.082259 0.537698 -6.449127 
-1.457697 -0.207182 -5.986168 
-1.126249 -1.300238 -5.369563 
-1.479805 -1.095143 -5.769581 
-1.507347 -0.843780 -6.064786 
-0.326904 0.430052 -5.421128 
-0.285323 0.098356 -5.378002 
-0.549022 0.341122 -5.941171 
-1.083854 1.148916 -5.656757 
-1.340164 0.698689 -4.444045 
-0.564314 1.840609 -4.251857 
0.343379 1.088496 -4.276321 
-0.125221 0.027098 -4.041716 
-0.324913 -0.672058 -5.315000 
-0.118223 -0.572123 -5.086079 
-0.410233 -0.208126 -4.221049 
0.148860 0.550417 -4.635445 
0.179911 1.064428 -5.079385 
-0.390939 0.697613 -4.374674 
-0.450600 0.001402 -4.852288 
-0.356447 -1.157167 -3.480765 
-0.629183 -1.498827 -4.497623 
-0.566324 -1.703838 -4.886140 
-0.853207 -0.644605 -3.737655 
-1.005503 -0.943634 -4.135895 
-0.694536 -1.776500 -4.778423 
-0.869379 -1.037737 -4.763690 
-1.148799 -0.345320 -3.315341 
-1.033482 0.281233 -2.823407 
-1.045988 -0.487742 -2.982832 
-2.099125 -1.342812 -2.600239 
-2.127174 -1.948813 -2.473445 
-1.575615 -2.082791 -3.502779 
-0.873228 -2.042228 -4.266808 
-0.185640 -1.250178 -3.673302 
-0.538143 -0.796756 -4.558134 
-0.945407 -1.504785 -3.871793 
-1.484722 -2.370300 -3.092429 
-1.528067 -1.584803 -3.545144 
-1.634424 -1.653247 -2.256456 
-2.214217 -2.374840 -1.725068 
-2.290155 -1.605864 -2.317915 
8.068223 -1.359522 -0.270899 
6.977049 -1.991434 0.318032 
6.000339 -2.208308 0.637685 
5.514276 -2.056666 1.985513 
6.317394 -1.458418 1.540757 
6.277782 -1.019352 0.800739 
5.689535 -0.920052 0.773701 
5.652588 -0.024936 -0.419525 
4.903444 0.028089 -1.554362 
5.075997 0.630296 -0.246560 
5.369308 0.735525 0.689826 
5.917919 -0.127011 0.753736 
5.364411 -0.908640 1.738497 
4.565091 0.689288 1.143372 
4.506497 -0.402105 -0.102007 
4.596375 -1.887980 -0.249911 
3.595840 -2.346901 -1.711254 
3.827891 -1.052131 -1.441964 
4.603365 -1.029140 -0.354016 
5.378440 -1.520131 -0.741831 
5.255419 -0.849075 0.152126 
5.852915 -1.760808 0.427163 
5.725691 -2.301003 0.446418 
5.569220 -2.638036 -0.116945 
6.082684 -1.303365 -0.126934 
5.981731 -0.533554 0.628054 
5.805356 -1.669165 1.429415 
5.186928 -2.679816 0.864211 
4.991616 -3.451097 1.305971 
4.644596 -3.785096 0.608969 
4.202102 -4.145512 0.996227 
4.588690 -3.104525 2.447361 
5.065741 -3.228077 3.150908 
5.096832 -2.878217 3.923615 
5.297470 -2.324287 2.861813 
5.379534 -2.018163 2.143520 
4.669724 -2.519002 1.255785 
4.594011 -1.759782 1.492613 
3.838528 -2.577673 1.297504 
3.696122 -3.779862 1.694441 
4.010303 -4.179687 2.068829 
4.546119 -3.612523 2.199209 
5.304287 -2.561458 2.940583 
4.615154 -2.956414 3.252130 
4.581672 -3.423740 3.639873 
4.230541 -3.915513 3.195644 
3.748365 -4.163259 2.787892 
3.977641 -2.926306 2.196804 
4.398502 -1.837003 2.535517 
4.769063 -3.277788 3.519573 
4.638798 -3.502602 4.543817 
4.398466 -4.051928 3.981208 
3.825024 -3.993927 4.045919 
3.589003 -3.376707 4.396274 
3.470571 -2.396632 4.561884 
3.129562 -2.522342 4.867048 
3.972759 -3.141541 4.743630 
4.897666 -2.736121 4.184750 
5.290376 -2.276085 4.293186 
4.557638 -3.109658 4.606943 
3.541082 -2.663184 4.689513 
3.092302 -2.253310 3.980716 
2.179634 -1.443080 2.627406 
2.107353 -2.209546 3.506080 
1.555592 -2.843203 4.130541 
1.885502 -2.571708 4.349232 
3.222120 -3.171770 3.778980 
3.954421 -3.267599 3.422435 
2.430619 -3.567815 3.449556 
2.801829 -3.285384 4.668510 
2.827658 -3.573603 4.475934 
2.365887 -3.429842 4.793223 
2.156369 -2.891221 4.741462 
1.120572 -2.186044 4.425610 
1.093049 -1.499494 4.586125 
1.726901 -1.350898 4.831212 
1.959683 -1.826855 4.808714 
2.053828 -2.163075 5.274842 
1.502246 -1.875807 3.937305 
1.392094 -2.408083 3.023003 
0.818914 -2.468776 2.869806 
0.672275 -1.503002 1.695852 
0.872825 -1.724550 2.104753 
0.791946 -2.233717 3.150081 
0.975762 -2.147605 3.722067 
1.271355 -0.820840 4.159608 
1.945513 0.244957 4.429311 
1.870318 -0.745007 3.125164 
1.039471 -1.872711 2.964096 
0.089826 -1.856709 3.510094 
-0.165963 -2.582393 3.649870 
-0.498413 -3.047714 4.030604 
-0.474273 -3.277626 3.055408 
-0.510967 -3.145538 2.253260 
0.620897 -3.452458 2.260801 
-0.080884 -1.904907 1.373497 
0.091578 -0.873357 0.260062 
-0.818632 -1.027044 0.709029 
-1.762230 -1.373300 0.026341 
-0.535839 -1.845055 -0.570158 
0.230157 -2.169653 -0.730960 
0.430761 -2.925517 -0.112710 
0.622169 -2.061998 -0.453552 
1.741700 -1.295576 -0.076042 
1.080063 -1.588601 -0.633781 
-0.742952 -1.077242 -0.052893 
-1.190861 -1.194903 -0.481316 
-1.549775 -1.491174 0.475569 
-0.333108 -1.644668 0.075193 
0.645624 -1.286423 -1.052467 
0.511216 -2.035292 -1.295721 
-0.273090 -2.521509 -1.085443 
-1.424374 -1.878349 -1.362514 
-0.465208 -1.242413 -1.530477 
0.760994 -1.069132 -1.702787 
1.927479 -0.433790 -0.668361 
2.745670 -0.392549 1.006013 
3.656274 0.592256 1.424661 
4.443715 1.703006 1.139307 
4.127764 1.344440 2.084144 
3.544146 0.469699 2.232193 
2.688394 0.587539 2.402672 
1.663129 1.108129 3.295280 
0.451377 1.392077 3.485006 
1.817544 1.590211 3.615265 
2.584640 1.793131 3.945206 
3.272436 1.163189 2.905114 
3.441863 0.874384 1.964961 
3.152532 0.531012 1.078403 
2.265151 0.322707 0.854501 
1.161791 0.790321 0.678659 
-0.191842 1.920437 0.859788 
-0.922262 2.129283 1.299262 
-0.900191 1.702990 2.115326 
-0.340140 1.568534 3.025208 
-0.532234 0.937350 3.329589 
-0.489074 1.531032 2.218345 
0.389235 1.747229 0.811190 
0.841837 1.147862 -0.159057 
1.710049 -0.196389 0.141602 
1.183431 -1.558330 1.199283 
1.001210 -0.908249 1.358325 
2.096984 0.041014 1.396888 
2.005596 0.747676 0.874926 
1.352960 1.043830 0.018111 
0.903172 1.250347 -0.747951 
0.032627 1.224451 0.295638 
-0.343361 0.877629 0.141082 
0.253210 1.094837 0.700052 
-0.727128 0.409616 1.101185 
-1.251269 0.298590 1.506111 
-1.032849 -0.660430 1.963871 
-1.378792 -0.482195 2.547030 
-0.453769 -0.481037 2.543655 
-1.338505 -1.582604 3.008955 
-1.600257 -1.644394 2.053140 
-1.637983 -0.641160 0.996965 
-2.051070 -0.658887 0.816555 
-1.810083 -0.702962 1.363194 
-2.037338 -1.167332 1.291145 
-1.039532 -0.099942 1.221542 
-1.510722 0.317869 1.598056 
-1.215658 0.111517 2.044021 
-0.283733 0.452967 1.944711 
-0.295943 0.405333 1.510695 
-0.309992 -0.181274 2.238812 
-0.527157 -1.098060 3.097372 
-1.240583 -1.786990 2.771742 
-1.687008 -1.829375 1.638154 
-1.752410 -2.222397 1.233266 
-1.768322 -1.402594 1.492697 
-1.173257 -1.094410 2.632033 
-1.006593 -1.725852 2.735242 
-0.543523 -3.058527 2.807595 
-1.163814 -2.037703 3.009008 
-0.709633 -1.988460 3.408269 
-0.998667 -2.908130 3.062640 
-1.155820 -3.245063 2.061490 
-2.109564 -3.453347 2.145293 
3.322041 0.934211 -5.241060 
3.211284 0.482010 -4.121742 
2.921811 -0.457696 -4.388488 
1.810125 -1.046295 -4.579064 
0.544459 -2.146144 -4.633539 
0.305742 -2.175445 -3.624269 
1.619473 -1.060151 -4.322218 
1.765376 -0.490282 -3.433025 
2.426355 -0.820875 -3.003095 
3.650852 -0.722643 -2.510321 
4.381315 -0.315468 -2.762836 
3.802852 -0.389242 -2.947725 
2.895126 -1.037697 -3.356241 
1.852981 -1.865285 -3.949076 
0.754001 -3.191282 -4.796220 
1.004058 -2.389257 -5.003239 
0.359472 -2.582891 -5.111239 
-0.702812 -2.656325 -3.806370 
0.791265 -1.674573 -4.291124 
1.389968 -0.909278 -3.963007 
0.784575 -1.759239 -3.324814 
0.472083 -2.900286 -3.225910 
0.650314 -3.537273 -2.773533 
0.967701 -2.680537 -2.499719 
1.046389 -2.603293 -3.231928 
1.188875 -2.287646 -2.959219 
2.490515 -3.094589 -3.139074 
0.860082 -3.753017 -3.895712 
-0.092290 -4.665950 -4.466316 
0.968724 -4.740329 -4.329201 
1.251740 -3.932293 -3.492623 
2.353655 -3.568743 -3.242392 
1.758458 -3.219692 -3.190337 
1.727352 -2.563080 -3.869158 
1.116218 -3.052786 -4.231678 
1.640966 -3.826543 -4.230078 
2.118532 -2.978845 -4.069204 
2.150941 -2.131225 -3.635894 
1.417968 -2.266478 -3.038223 
1.812209 -3.763239 -3.760337 
0.867090 -4.908409 -4.572957 
0.772867 -4.102659 -4.420999 
1.404355 -4.561617 -4.362811 
2.142631 -4.569449 -3.412684 
2.857066 -4.856426 -2.500355 
3.417727 -4.260816 -2.071204 
2.647586 -4.863606 -3.191467 
1.945806 -5.602972 -3.273467 
1.063169 -5.837575 -3.595490 
1.319882 -5.276736 -3.625957 
2.636862 -5.429511 -2.644491 
2.445813 -4.882644 -3.021416 
1.157922 -5.699542 -2.376452 
0.088976 -5.737704 -2.146459 
-0.749931 -5.492500 -2.673591 
-0.035434 -5.032894 -2.362169 
-0.248647 -5.019356 -2.752480 
-0.354751 -5.728984 -1.855422 
0.214119 -6.388744 -2.049746 
0.615940 -5.777972 -3.021876 
0.582953 -4.587290 -3.167926 
-0.498482 -3.417014 -3.117274 
-0.245784 -4.229946 -3.209422 
0.232988 -5.754310 -2.937206 
0.510763 -4.987541 -1.966940 
0.010902 -3.249156 -2.093096 
-0.196639 -1.246052 -1.833653 
-1.794751 -0.374239 -2.395095 
-2.021092 -0.712671 -2.409048 
-3.125276 -0.514003 -3.357631 
-3.494678 -0.586057 -3.290827 
-2.077077 -1.985067 -3.207483 
-0.992799 -3.126713 -3.220767 
-0.532403 -4.229906 -2.901470 
-0.311071 -4.865046 -1.633602 
0.290227 -4.176482 -1.798173 
1.229321 -4.081117 -2.007042 
0.640930 -3.969341 -1.445910 
0.327354 -4.521146 -0.843747 
-0.413848 -4.144410 -1.791117 
-0.214413 -3.640130 -1.401963 
0.645942 -3.145542 -1.661676 
-5.266690 -1.872117 -0.436575 
-3.861873 -1.094772 -0.523838 
-3.612472 -0.687576 0.358433 
-5.039602 0.080260 -0.013315 
-5.681456 0.453251 -0.994944 
-5.596985 -0.271094 -1.070185 
-5.645890 -0.977912 -1.628796 
-5.837118 -0.295088 -2.081599 
-5.860967 0.966609 -2.260011 
-5.669044 1.403966 -3.447091 
-4.535702 1.196507 -4.299280 
-4.776672 -0.211143 -3.693937 
-5.072146 -0.196678 -1.916710 
-5.320184 0.809717 -0.915512 
-5.363962 0.585751 -0.450866 
-5.079414 0.092903 -0.495473 
-3.780381 -0.009533 -0.531804 
-4.807139 0.618434 -1.132922 
-4.994199 0.426118 -2.262726 
-5.030527 1.318993 -2.203265 
-5.227224 1.339470 -1.762058 
-4.386952 1.679505 -2.937796 
-3.857005 2.458877 -3.584716 
-4.436508 2.085448 -4.149068 
-4.859622 2.493810 -3.591750 
-5.530358 1.560312 -3.286683 
-5.881886 0.814644 -2.840384 
-5.255049 0.429317 -2.581599 
-5.931764 -0.244409 -3.396923 
-5.730119 0.367822 -3.504250 
-4.887894 1.322163 -3.909729 
-3.969116 2.927078 -3.386850 
-4.745395 2.660262 -3.675883 
-4.514560 2.087443 -3.321258 
-4.582825 0.714794 -2.804958 
-5.107139 0.402335 -3.516859 
-5.260253 -0.074307 -4.507837 
-4.497931 -0.171579 -4.860332 
-3.679847 -0.053360 -3.934607 
-4.024881 0.548151 -3.852434 
-4.266380 1.532347 -3.995272 
-4.886182 1.211031 -4.364562 
-4.194552 -0.019496 -5.324182 
-4.286623 0.871864 -5.353394 
-3.996911 1.176127 -4.757857 
-3.480917 2.169238 -5.103641 
-3.641821 1.656781 -5.241479 
-2.932475 1.711846 -5.676354 
-2.457468 1.760100 -5.212843 
-3.390613 1.473470 -6.272189 
-3.771733 1.257442 -5.632810 
-3.501653 1.649897 -5.562252 
-3.856317 0.650150 -4.756789 
-3.833810 0.386119 -3.864080 
-3.745598 0.178874 -4.811627 
-3.063506 0.480695 -5.623747 
-2.391776 0.275750 -5.435800 
-1.957919 -0.827296 -4.571107 
-2.352120 -0.290424 -3.876519 
-2.841281 0.547947 -2.945235 
-3.599252 1.064565 -3.102761 
-2.992463 0.659252 -3.466657 
-2.567757 0.381038 -4.764615 
-1.822619 1.240744 -4.497839 
-2.421205 1.170798 -4.269380 
-3.000930 0.790928 -5.083771 
-2.961315 0.470596 -5.237312 
-2.865117 -0.188348 -4.919487 
-3.242674 -0.444370 -5.818035 
-2.555554 -0.353066 -5.370370 
-1.930835 0.347717 -4.057052 
-2.014665 -0.572211 -3.458106 
-2.466997 -1.180246 -4.958931 
-2.409467 -1.508644 -5.748003 
-2.788687 -1.214349 -4.892769 
-3.332733 -1.432900 -4.987814 
-3.599118 -1.676470 -5.407154 
-3.375835 -1.274174 -5.257985 
-4.756869 -0.539265 -4.449804 
-5.862566 -0.704955 -5.423909 
-7.163833 -1.237675 1.344037 
-5.939551 -1.385222 1.520093 
-4.857502 -0.987518 1.493762 
-5.302273 -0.039746 1.985229 
-4.458268 0.038106 1.753754 
-4.930377 0.125265 1.562930 
-4.900401 0.737467 1.902702 
-4.350112 0.860041 3.042977 
-3.907672 0.502137 3.477635 
-4.059953 0.726228 3.169233 
-4.686429 -0.247862 2.658958 
-4.886495 -0.435385 1.495273 
-4.492499 -0.739135 1.330446 
-5.038744 0.063893 2.370528 
-4.934155 0.793117 2.162599 
-3.833366 1.707113 2.169328 
-2.995274 1.312121 2.661456 
-3.358393 1.649069 2.188835 
-4.413251 1.030998 0.719028 
-4.792729 1.956944 1.878666 
-3.861648 2.508596 1.955834 
-4.097027 3.099421 2.395846 
-4.384533 3.249018 2.161496 
-5.067074 2.731800 1.960053 
-4.162988 2.060596 1.994143 
-4.758881 1.415505 0.732825 
-5.188292 1.851115 0.295631 
-3.961080 2.035306 0.981794 
-2.980975 2.626048 1.740683 
-3.897632 3.349820 1.497352 
-4.472713 4.022606 1.553186 
-5.347341 4.073490 1.235085 
-5.584125 3.619869 1.685146 
-5.392852 3.113607 0.670432 
-5.301068 2.552753 1.426556 
-5.063509 1.813437 0.631423 
-5.109551 3.100977 0.493460 
-3.653159 3.157041 0.158454 
-3.680636 4.524494 -0.830946 
-4.368149 4.111675 -0.258820 
-4.900648 3.275027 -0.074930 
-5.204988 2.196994 -0.083481 
-5.081422 2.750480 -0.355562 
-4.025796 2.426580 0.394141 
-3.433203 3.215713 1.028003 
-3.292708 3.876701 -0.023244 
-3.242042 4.583484 -0.415459 
-3.764725 3.743213 -1.002376 
-3.124164 3.766008 -1.518486 
-3.299632 4.928134 -1.217928 
-3.499400 4.647273 -1.050153 
-4.613232 4.048670 -0.551594 
-5.028456 3.379115 -0.486943 
-4.314075 3.717409 -1.446460 
-5.098873 3.596223 -1.063954 
-5.742283 2.956041 -1.694247 
-5.959541 2.534241 -1.294636 
-5.741080 1.867774 -1.162525 
-4.629164 2.097178 -0.638447 
-3.664208 2.818623 -1.262281 
-2.950740 3.714283 -2.426818 
-3.719621 3.805946 -1.908238 
-4.069304 3.711257 -0.032984 
-5.267700 3.105607 -1.387758 
-5.927860 2.659763 -1.820906 
-5.448105 3.016525 -1.092898 
-5.035783 3.043471 -2.361426 
-4.839281 3.161078 -2.892518 
-4.349032 3.418484 -2.379575 
-4.230292 2.857706 -3.011394 
-3.102419 2.534722 -3.252668 
-4.074826 2.334649 -3.700653 
-5.450908 2.205160 -3.100371 
-5.351290 2.802293 -2.615112 
-5.418449 1.989612 -2.492753 
-5.429302 1.969081 -2.777179 
-5.077384 1.997608 -3.334258 
-4.679472 0.559712 -3.705446 
-3.477100 -3.512458 -0.105221 
-2.045313 -2.616059 -1.251048 
-3.491827 -1.970405 -0.637837 
-4.159378 -2.652362 -0.227723 
-4.950237 -3.520213 0.300084 
-4.380465 -3.388464 -0.368347 
-3.575173 -3.325436 -1.374473 
-3.496748 -2.519583 -1.488119 
-2.188704 -2.670430 -2.484364 
-2.507356 -3.107978 -1.924428 
-2.409455 -3.733385 -2.685565 
-3.618698 -4.197930 -2.702916 
-2.593811 -2.950411 -3.214241 
-3.783640 -2.786402 -3.058382 
-3.216725 -2.116390 -3.020290 
-2.495344 -1.795718 -1.979121 
-3.699857 -2.070331 -1.603540 
-3.967544 -2.027184 -2.388808 
-4.728977 -1.977459 -3.005544 
-4.063166 -2.598595 -2.737103 
-4.095503 -3.320332 -2.274016 
-3.950326 -2.768962 -2.132644 
-4.513213 -1.509639 -1.560709 
-4.109063 -0.823661 -1.903725 
-4.476005 -0.609892 -3.276563 
-4.977753 -1.502721 -3.603850 
-5.091270 -2.743273 -3.472489 
-4.394047 -3.086439 -2.935980 
-5.017540 -2.745979 -2.528960 
-5.596814 -1.699014 -2.786460 
-5.429986 -1.358880 -2.929175 
-5.643521 -2.356250 -3.077784 
-5.026956 -2.505327 -3.505009 
-4.428343 -3.205141 -4.069586 
-3.884471 -3.369034 -4.007041 
-3.982011 -3.918807 -4.406375 
-3.657769 -4.351246 -4.999496 
-4.285344 -3.366377 -4.883429 
-4.589421 -2.039389 -4.403177 
-4.520904 -1.351607 -4.305727 
-4.349960 -1.485161 -4.793049 
-4.354617 -1.153027 -3.734725 
-3.861434 -1.525588 -4.703034 
-2.808120 -1.638612 -5.726651 
-2.660695 -2.815049 -6.214813 
-3.657326 -2.663082 -6.150375 
-3.680024 -2.823247 -5.530393 
-4.394180 -3.367230 -5.097589 
-3.726166 -3.592636 -4.907931 
-2.122218 -3.068115 -5.926708 
-2.613470 -3.150343 -4.971161 
-2.410853 -2.821765 -3.616606 
-2.661649 -3.530564 -3.851415 
-2.338385 -3.807546 -4.754977 
-1.799109 -3.324692 -5.856733 
-1.201460 -4.080056 -4.722093 
-0.913063 -3.481075 -4.619075 
-1.413030 -2.562577 -4.971970 
-1.668228 -1.545498 -5.969924 
-2.894863 -1.636798 -6.063521 
-2.847528 -2.152908 -6.091735 
-3.166065 -2.843099 -6.122502 
-2.422518 -3.546217 -5.748994 
-3.245141 -3.539745 -5.202012 
-3.962928 -2.491916 -5.169893 
-3.715435 -2.207573 -4.564461 
-2.147049 -2.039983 -4.420373 
-1.759566 -1.947033 -5.814032 
-1.671063 -2.566030 -5.656542 
-1.788307 -2.956009 -5.048908 
-1.628846 -3.517265 -4.347413 
-1.465010 -3.504668 -4.972157 
-1.201423 -3.725513 -4.631490 
-1.468540 -3.050331 -5.074127 
-1.981034 -4.152040 -5.020817 
-1.872925 -3.931888 -4.163487 
4.055604 -2.076049 -4.085158 
3.118728 -1.925741 -2.856038 
4.223075 -2.818972 -2.534034 
3.902511 -3.782248 -3.008289 
4.371718 -3.202148 -2.757744 
4.619287 -3.188422 -1.504156 
4.190212 -3.574221 -1.709047 
4.456300 -2.004270 -1.938279 
5.046397 -1.405871 -1.693415 
4.855140 -1.625193 -1.356215 
3.898002 -2.410503 -1.053404 
3.811451 -3.505559 -0.816519 
3.017140 -3.134846 0.535737 
3.911390 -3.567521 0.876492 
3.875283 -4.711832 0.283874 
3.332796 -5.782543 0.255762 
4.175368 -4.807842 -0.798310 
4.108119 -3.775564 -0.312090 
3.535900 -4.552500 -0.775186 
3.787011 -5.414675 -1.791229 
3.323727 -5.266243 -2.145471 
3.916748 -4.421728 -0.916355 
2.338266 -5.351500 -0.610294 
2.504950 -5.756292 -0.995667 
1.834765 -5.488748 -0.972234 
2.937182 -5.333530 -0.256724 
1.898766 -5.761661 -0.463000 
0.719695 -5.199769 -1.652261 
1.192408 -5.695276 -1.546094 
2.774524 -5.305787 -1.530525 
3.397982 -5.422644 -1.042435 
3.027810 -5.489826 -0.497041 
3.429222 -5.221342 0.642029 
3.324591 -5.438390 0.996906 
3.359821 -5.685603 0.651441 
2.625688 -5.535551 1.097575 
2.297178 -3.896947 1.692175 
2.978202 -3.883340 1.794747 
2.837342 -5.403846 1.452579 
2.865484 -4.476223 1.906402 
3.426335 -4.730985 1.005427 
3.206538 -4.776924 1.033575 
1.508331 -5.443730 1.330925 
0.350594 -4.810555 0.510220 
-0.046008 -4.343948 0.086330 
0.211520 -4.918833 -0.538329 
0.469341 -5.508132 0.334110 
0.291877 -5.453789 0.994927 
0.903993 -5.105041 1.586495 
1.500692 -5.034247 1.224746 
2.186925 -5.865208 1.477559 
1.290480 -5.574373 1.169753 
0.420561 -5.093776 0.114273 
0.060359 -5.581075 0.062766 
0.741222 -5.187754 -0.058285 
0.912138 -4.144790 0.369700 
1.858293 -3.369368 0.392987 
1.488994 -3.278584 -0.262553 
1.767598 -4.248847 -0.502043 
2.468681 -4.255615 -0.002777 
3.097272 -4.303366 -0.027092 
2.423023 -3.891853 0.099663 
1.342148 -3.625853 0.287151 
0.275943 -3.126935 1.085015 
0.457405 -3.455949 0.164007 
1.819073 -4.562392 -0.036834 
1.138804 -5.380534 -0.060694 
1.535947 -6.265218 0.565586 
-2.979515 -6.547744 -3.107416 
-2.278972 -5.237714 -3.465833 
-2.182624 -4.694072 -4.031288 
-1.874712 -5.395593 -4.743632 
-1.953208 -5.093663 -4.420106 
-3.243605 -4.971903 -4.080690 
-3.570793 -4.703859 -3.519244 
-2.952636 -4.948005 -4.704627 
-1.806756 -5.364143 -5.097973 
-0.410333 -5.243912 -4.565324 
-0.403096 -4.921521 -3.803933 
-1.090317 -4.193211 -3.983093 
-0.379379 -4.960262 -4.572561 
-0.498383 -4.657568 -4.787560 
-0.923881 -5.511417 -3.864889 
-0.774964 -5.845068 -3.363301 
-0.982618 -5.421357 -3.770129 
-1.184106 -4.473578 -4.984395 
-1.168350 -4.625633 -4.693021 
-1.519828 -4.974856 -5.157185 
-3.126628 -4.796393 -4.909343 
-2.397087 -3.520491 -4.861217 
-1.709159 -3.609284 -4.187990 
-0.478479 -4.351972 -3.252797 
-1.151869 -4.701533 -3.513024 
-1.373053 -4.747562 -2.755138 
-1.346531 -5.069825 -1.457779 
-1.142754 -5.091505 -2.092255 
-1.381335 -4.329308 -2.963026 
-1.450193 -3.154861 -2.565803 
-0.919259 -1.831187 -3.065302 
-1.304214 -1.628883 -2.919834 
-1.104633 -2.307344 -1.430675 
-0.799350 -2.867185 -0.143943 
-0.125378 -3.483431 -0.303518 
-1.079004 -3.842837 -1.027871 
-1.398632 -4.377321 -1.328912 
-1.162933 -4.124523 -1.035065 
-1.437446 -4.799224 -0.282543 
-0.832934 -5.258325 -0.967905 
-2.031024 -4.438069 -1.544375 
-2.534269 -3.968781 -1.719899 
-2.689002 -4.548001 -2.157051 
-2.496315 -4.186563 -1.884881 
-2.254588 -4.158676 -1.636664 
-1.546687 -3.655032 -1.150943 
-1.947805 -4.109941 -0.865650 
-2.467574 -3.653973 -0.353460 
-2.561132 -3.456344 0.348051 
-2.493842 -2.794877 -0.100896 
-1.315739 -3.094852 0.580830 
-1.475912 -3.767315 0.229753 
-1.233399 -4.102148 -0.408592 
-1.062110 -3.795469 0.333445 
-1.487844 -2.907041 0.946398 
-1.912480 -2.693376 -0.617090 
-1.108110 -2.999259 -1.557095 
-0.719291 -3.857611 -0.469983 
-1.320461 -3.871849 -0.064859 
-1.398495 -2.345088 -0.854202 
-2.125684 -2.383343 -0.043428 
-1.609699 -2.547216 1.066105 
-0.734124 -2.966766 1.032983 
-0.737226 -4.417206 1.112169 
-0.508126 -4.989607 1.021282 
7.653498 -0.983987 3.157894 
5.996706 -1.117603 3.282856 
4.587791 -0.581085 3.213833 
4.954151 -0.111848 3.334434 
5.629278 0.107582 4.137854 
5.811541 1.174252 3.783562 
6.154798 0.601015 3.482042 
5.805748 -0.548140 3.457702 
5.994702 -0.594653 2.591819 
5.636223 0.168416 3.319978 
5.028439 0.332988 3.888304 
4.365328 -0.402499 3.675338 
5.084608 -0.119561 2.960104 
5.265374 -1.001844 2.947198 
5.668227 -1.470132 3.798035 
5.936918 -0.746749 4.537376 
6.165469 -0.508511 4.648883 
5.529324 -1.446109 4.612534 
5.631831 -1.114275 5.280689 
4.591492 -0.848562 5.756730 
3.905367 -0.805313 5.111404 
2.952345 -1.075094 4.090196 
4.069745 -0.595251 4.026775 
3.948663 -1.140700 5.075792 
4.077614 -2.522671 5.283739 
4.315995 -2.158392 5.332756 
3.806289 -0.949995 5.829309 
3.615981 -1.531242 5.642661 
4.395071 -0.970383 5.841270 
4.811492 -0.235491 4.957053 
4.768850 -0.444375 3.941593 
4.359743 -1.792506 3.596312 
3.234686 -1.522786 4.264308 
3.084181 -1.394715 5.881589 
2.848013 -1.585231 5.520003 
2.111195 -1.181887 4.430560 
2.343297 -0.592758 5.167745 
2.675095 -0.818052 5.993326 
3.460158 -1.581189 5.947199 
4.091047 -1.364508 4.990655 
2.627304 -0.624799 4.293451 
2.129015 -0.213311 3.284033 
1.473165 0.312667 2.251464 
1.803350 -0.761793 3.713356 
1.651318 0.256686 3.432271 
1.742744 -0.382606 4.005448 
1.717613 -0.372844 5.045076 
1.865920 -0.781857 4.875026 
1.715138 -0.295795 4.342289 
1.254205 0.333858 4.301399 
2.106866 0.810593 4.248211 
2.257962 0.467915 3.621848 
2.098043 0.774576 2.496695 
1.675644 0.758541 2.676246 
1.211269 -0.494871 3.497929 
1.152131 -0.974243 3.431663 
0.956896 -0.446444 2.872615 
1.466461 -0.246487 2.561299 
1.261822 0.106284 1.784055 
0.772147 -0.348090 2.308532 
1.218426 -0.181111 1.637568 
0.869370 0.444952 1.286259 
0.162471 0.760553 1.356662 
0.958932 1.115993 1.183559 
0.487469 0.478412 1.421299 
0.716800 0.275251 1.384203 
0.342264 -0.383238 1.835543 
0.427016 -0.884176 2.857155 
1.574278 -1.371729 2.148770 
4.144144 1.742139 -2.223593 
3.628872 0.787836 -1.473765 
3.444614 -0.684376 -1.722608 
1.707908 -0.292780 -1.507901 
2.394704 -0.388152 -1.181630 
3.562591 0.609706 -0.564403 
3.307673 1.329880 -0.195652 
2.965012 0.527579 -0.960721 
1.738794 -0.731844 -0.762312 
2.372527 -0.853293 -1.660471 
2.934431 -1.463341 -1.295952 
3.410207 -1.645685 -0.651160 
2.817132 -3.223422 -0.700414 
2.212449 -4.074631 -0.959537 
2.399342 -4.307888 -1.051739 
1.896452 -3.686096 -1.409080 
2.330894 -3.082453 -1.714797 
1.825460 -2.927136 -1.326055 
2.423787 -2.613062 -0.890045 
2.368542 -2.502258 -0.262208 
3.121247 -2.489282 -0.052082 
2.771195 -3.843257 -0.205713 
2.737754 -3.491861 -1.008734 
3.018852 -2.818116 -0.111776 
3.797874 -2.048046 -0.010008 
2.783329 -1.590796 -1.021091 
1.293172 -1.916865 -1.864448 
2.212517 -2.185704 -2.191732 
2.334752 -1.680173 -1.518666 
2.573774 -2.231745 -1.259205 
2.198613 -1.520534 -0.978480 
1.460637 -1.467578 -1.671071 
1.242861 -0.656925 -0.553308 
1.223813 -0.323164 -1.455188 
-0.253312 -0.416588 -1.717004 
0.032701 -0.978438 -1.956645 
0.719465 -1.925958 -1.811627 
1.267727 -2.219996 -0.316618 
1.799190 -1.750513 0.724058 
0.776503 -0.992789 -0.218885 
0.240045 -0.238451 -1.887624 
0.542469 0.086529 -1.656917 
-0.182696 0.018880 -1.591754 
1.056216 -1.290525 -1.539635 
1.193522 -2.365583 -0.664389 
0.762515 -0.814539 -0.626327 
-0.595880 -0.282267 -1.420165 
-0.927177 0.367618 -1.617186 
-0.420752 0.687273 -2.271376 
0.152447 0.665956 -3.237771 
0.808851 -0.008868 -1.795820 
0.221946 -1.015501 -2.860574 
0.226471 -0.550766 -2.076087 
0.275474 0.208650 -0.332042 
-0.598382 0.018338 0.563404 
-1.067213 -0.744479 0.165140 
-1.827515 -0.804950 -0.504962 
-2.269512 -1.700823 -0.720063 
-2.181167 -2.025441 -0.012337 
-1.348381 -1.856078 0.539907 
-0.082170 -1.053412 0.780647 
0.535727 -2.026847 0.525933 
-0.229485 -1.928127 0.317767 
-1.031279 -1.809561 -0.707353 
-1.550830 3.108125 1.329208 
-1.228666 4.667457 2.049147 
-1.443510 4.154959 1.706487 
-1.620059 4.443701 1.384350 
-1.937121 5.184153 1.583894 
-1.775390 5.833201 1.894782 
-2.537213 6.053867 1.340131 
-2.412313 6.209338 1.468012 
-1.395210 5.738279 1.475907 
-1.022447 4.636015 0.938064 
-0.835990 3.676450 0.842198 
-0.414642 3.632061 0.180041 
-0.211715 4.380776 1.043879 
0.421465 5.315043 0.914494 
0.271180 4.911293 0.952812 
0.229638 4.873124 0.665535 
0.207537 5.094802 1.463362 
0.566777 5.684037 1.777459 
0.477323 5.425977 2.136586 
0.588158 5.101049 2.345227 
-0.183967 5.641253 2.167460 
-1.019841 5.829412 1.344938 
-0.072954 5.825540 1.390513 
0.934910 5.025934 0.970038 
1.833774 3.885748 0.378733 
1.938375 4.078057 1.378781 
1.680463 3.591599 1.150776 
1.873527 4.271071 0.605313 
1.315600 3.831844 0.891482 
1.070698 3.880702 2.355326 
0.338547 4.090505 2.464108 
0.531468 5.058279 1.162996 
1.219682 5.393622 1.098229 
0.676613 4.891818 0.714606 
0.629069 5.214128 -0.373923 
1.182425 4.849142 0.067067 
1.281253 4.292484 0.257088 
0.676081 3.612334 0.671727 
0.900082 5.060177 0.681531 
0.048785 4.581892 0.607967 
-0.669123 5.275166 -0.135092 
-0.505116 4.539151 0.177259 
0.657339 3.942242 -0.615144 
0.745539 4.067338 -1.796497 
-0.112287 4.384418 -0.835120 
0.177370 4.930159 -1.176129 
0.240244 4.818756 -2.240258 
0.475264 5.066472 -2.350154 
-0.389634 5.376063 -1.844156 
0.252681 5.445668 -0.920147 
1.441043 4.658695 -0.802047 
1.929208 3.289237 -0.791618 
1.643915 2.362818 -1.658151 
1.187396 2.925313 -2.466070 
0.361631 2.961855 -2.968554 
-0.567433 3.180648 -1.920489 
-0.515087 3.635904 -1.268864 
-0.099656 3.856641 -1.131815 
0.382897 4.530165 -2.317579 
1.368536 4.461318 -2.116274 
1.541619 3.557368 -2.586929 
1.845337 3.138687 -1.990356 
2.547478 3.622982 -2.390169 
-1.265888 2.168928 -0.397376 
-1.042200 1.256940 -2.028220 
-0.794958 1.136926 -2.795565 
0.846737 0.957930 -2.798128 
1.288441 0.246034 -1.561868 
1.746225 0.169164 -2.545789 
0.773563 0.802836 -2.564450 
1.751816 1.044296 -2.638759 
2.275625 0.646819 -1.109976 
1.935785 0.396007 -0.867150 
1.820550 1.028308 -1.824621 
1.860431 1.257438 -1.218589 
0.996214 1.880363 -1.406873 
1.349215 2.779690 -1.466645 
0.975769 2.126335 -0.550843 
2.021761 2.844053 -0.926549 
1.465388 3.629622 -0.731404 
2.041419 2.866187 -0.155198 
2.206796 3.798328 -0.709669 
2.310446 4.068687 -0.679923 
2.027098 3.365922 -0.228203 
1.417083 2.765024 -0.565482 
0.776677 2.814644 -1.423339 
0.783997 2.741565 -1.970112 
0.899987 1.262261 -1.794466 
1.350145 1.748131 -0.964957 
1.994906 2.532537 -0.404809 
1.451910 2.641293 0.536489 
1.535702 1.913492 0.579857 
0.978993 1.986402 -0.268496 
0.562566 2.225646 -0.662594 
-0.474049 2.179801 -1.025163 
-0.366793 2.734435 0.250198 
0.097084 3.020075 1.581012 
-0.076643 2.247742 1.118572 
0.863927 2.409268 0.994190 
1.730478 2.290702 1.517210 
1.522076 1.758092 1.864918 
1.438682 0.943111 1.670111 
1.376598 2.083041 2.100267 
1.872072 2.639223 2.322023 
2.523874 2.315022 2.338686 
2.506949 2.707624 1.232515 
2.405439 2.444932 1.351281 
2.311772 2.335798 0.655841 
2.183888 2.246554 0.434756 
1.211792 1.435870 1.049370 
1.688196 1.985562 1.734643 
1.349640 2.597836 3.084415 
0.528680 2.441400 2.701651 
1.034855 1.584970 2.141990 
0.910390 0.524975 2.497663 
0.503495 2.003007 2.029901 
0.963596 2.544074 2.140311 
1.944214 2.600039 1.897676 
2.179796 1.655743 2.505036 
2.213008 1.458533 3.222117 
1.449606 2.068280 2.528399 
0.536020 2.866493 1.622310 
0.769862 2.730185 2.444507 
1.708226 3.126971 2.419127 
2.180848 2.241531 2.962824 
2.664293 2.921933 1.720511 
6.322588 2.195314 0.846083 
5.754779 1.256889 1.655590 
6.181916 0.929216 2.091227 
6.315835 1.085582 1.608912 
4.950122 0.365603 0.960027 
4.304780 -0.298264 0.305459 
3.883162 -1.224366 0.083521 
3.483689 -0.265295 -0.034391 
3.316088 -1.105784 0.904292 
3.761884 -1.007490 1.695237 
4.665959 -0.109311 2.464282 
3.357895 -0.356426 3.166286 
3.336556 0.085236 2.498640 
2.400760 -0.098352 2.440804 
3.183165 -1.057429 2.441609 
3.895759 -1.181331 2.312694 
3.434928 -2.267084 2.278631 
1.895456 -2.639663 1.630648 
2.113756 -2.445530 1.521709 
3.171168 -1.510081 0.998511 
3.796152 -1.632784 1.620395 
3.832867 -0.906804 0.922100 
3.050606 -0.399736 -0.274357 
2.798644 -0.884598 0.542351 
3.495488 -1.691408 0.256951 
3.125511 -2.344729 0.880658 
2.740705 -1.572337 1.469020 
2.688247 -2.028087 1.993946 
2.536941 -2.870410 2.580834 
2.412705 -3.922854 2.682966 
1.438349 -4.283079 2.480788 
0.887643 -3.995376 1.923004 
0.616128 -2.529007 1.014486 
1.155249 -2.490984 0.969077 
1.558309 -2.062660 0.629642 
1.561278 -2.618674 0.334512 
2.353383 -2.878561 1.197838 
2.343568 -2.336641 0.787301 
1.730020 -1.803803 1.133831 
1.279802 -1.506811 0.916354 
0.504693 -2.699105 0.762480 
-0.530112 -3.992943 1.299516 
-0.753928 -4.280378 2.192787 
-0.137845 -4.235657 2.931883 
0.418175 -4.240762 3.623804 
0.470997 -4.396250 3.285366 
0.738061 -4.984727 2.853551 
1.247645 -5.192379 2.688631 
1.120577 -4.644878 3.587319 
0.609364 -4.494053 3.441031 
0.878425 -3.377922 3.680918 
1.359359 -3.941378 3.353751 
1.970505 -4.652303 2.833132 
1.540031 -4.813899 2.162719 
0.344502 -5.168429 2.109043 
-0.322721 -5.349641 1.999619 
0.269667 -5.421666 2.242605 
1.561876 -5.057866 3.527236 
2.215068 -5.160367 3.745459 
2.382987 -4.574087 2.879250 
1.024239 -4.157365 2.623619 
0.431815 -3.925586 2.669775 
1.255114 -4.328383 3.065411 
2.151375 -3.981932 3.801524 
2.758407 -4.659045 4.014572 
3.382143 -6.057166 4.123201 
-3.066831 1.107620 5.097580 
-2.988961 1.765359 3.777600 
-2.487254 2.312400 3.392770 
-2.443111 2.839202 2.896169 
-1.677668 3.394532 2.950486 
0.026539 4.083907 3.352348 
-0.510780 3.842138 3.536663 
-0.894390 3.298964 3.782855 
-1.106841 3.990323 4.406889 
-1.558476 3.102362 3.474097 
-3.029175 1.830046 3.420766 
-3.284575 2.109355 3.202376 
-3.002690 2.843813 3.119713 
-2.553476 3.039137 3.153133 
-2.348757 3.507882 4.312901 
-2.200042 3.913780 3.388833 
-1.621056 4.233321 2.459910 
-1.992411 3.494754 2.422208 
-0.851996 3.957397 2.903386 
-1.124121 4.242162 3.774886 
-2.679922 4.468096 2.896356 
-2.739128 4.368215 3.204683 
-2.677197 4.329256 3.614504 
-2.991481 4.950299 3.048305 
-2.521342 5.165765 3.528033 
-3.295719 5.107945 2.770191 
-3.675398 4.370036 1.768696 
-3.931827 4.723346 1.174082 
-3.620343 4.668127 1.182466 
-3.707233 4.334194 2.556532 
-3.794845 4.008415 1.678742 
-2.603200 4.086042 1.424492 
-2.246301 4.024265 0.618587 
-2.063441 5.323410 0.334026 
-2.271811 5.737050 0.383057 
-3.191702 5.207360 0.157078 
-3.531687 5.220164 0.942453 
-2.965408 5.449393 1.815612 
-2.522170 4.931502 2.615182 
-2.666135 4.666635 1.625189 
-3.164458 4.944224 0.997434 
-2.178320 4.550683 0.566331 
-1.501751 4.287233 0.683480 
-1.960930 4.702484 2.209930 
-2.371038 5.462350 1.017217 
-2.270359 5.937843 -0.425818 
-2.555258 5.995102 -0.504560 
-2.265225 5.705425 -0.695838 
-2.112028 5.454751 -0.893973 
-1.569008 5.719021 -1.146080 
-0.762869 4.901746 -1.934046 
-1.185758 4.083766 -1.832075 
-1.567014 4.724696 -1.426596 
-1.907234 4.976868 -0.620122 
-0.743906 6.090857 0.210904 
-3.783915 -1.615055 2.998506 
-3.750202 -0.400544 2.341345 
-3.975476 0.476805 1.334020 
-3.868427 0.858267 1.152847 
-4.135084 0.868641 -0.295290 
-3.845302 0.569127 -0.921800 
-3.724923 1.966372 -0.333160 
-4.012162 2.756800 -1.598355 
-3.132868 2.994095 -2.443321 
-2.003585 1.962485 -3.048639 
-2.501186 1.970036 -1.906002 
-2.395887 3.292984 -0.680613 
-1.117554 2.932555 -0.379794 
-1.284698 3.464584 -0.317849 
-2.062549 3.598510 -0.111517 
-2.180457 3.169979 -1.402120 
-2.611357 2.463523 -2.517925 
-2.116050 3.730788 -2.403003 
-1.500516 4.370374 -1.803366 
-2.409083 4.485736 -1.683324 
-2.594256 4.081086 -2.289221 
-2.561241 4.045117 -2.831266 
-1.986372 3.997869 -3.388198 
-2.752107 3.786877 -3.357339 
-2.333804 3.347168 -3.886201 
-1.186913 2.584146 -4.789167 
-1.211767 2.962074 -4.796369 
-2.141021 4.025349 -3.916578 
-1.442678 4.144761 -3.738003 
-0.599398 4.434949 -3.700093 
-1.516107 3.445838 -3.687582 
-0.646666 3.921657 -3.894266 
-1.261875 3.478885 -4.388866 
-1.896801 3.539147 -4.325196 
-1.921591 3.673520 -3.987917 
-1.921852 4.624607 -2.824655 
-1.121665 4.874560 -3.237830 
-0.443300 5.347330 -2.485209 
-0.927060 4.998493 -2.492547 
-0.066211 4.081589 -3.215281 
0.057299 3.488371 -3.612673 
-0.089239 2.349178 -4.719334 
0.136006 1.638303 -3.636033 
0.140150 2.497664 -4.109201 
0.656430 2.763275 -3.544900 
0.354117 2.292205 -3.283949 
1.300050 2.424657 -3.105159 
0.340409 1.783452 -2.961444 
-0.484263 3.017890 -3.576942 
-0.681398 3.367223 -3.095575 
-0.938392 2.939550 -2.052269 
-1.735398 2.949302 -2.351397 
-5.622420 -2.381360 0.575180 
-4.197833 -1.772696 0.495167 
-3.475751 -1.401829 0.214897 
-2.031474 -1.019890 -0.781790 
-0.677259 -1.752775 -1.977908 
-0.666771 -3.001321 -2.454486 
0.120130 -2.694169 -2.176451 
-0.598379 -2.117217 -2.239225 
-0.320193 -2.320585 -2.113697 
-0.169065 -0.928126 -1.154733 
-0.163489 -0.837951 -0.454925 
-0.660255 -1.528069 -1.305429 
-1.015571 -1.298109 -2.525463 
-2.479766 -0.805633 -3.391597 
-3.743660 -0.481543 -3.082128 
-3.518638 -0.368056 -2.214797 
-2.916205 -1.184583 -2.571901 
-2.008256 -2.584023 -3.450037 
-0.992809 -2.670712 -3.407094 
-1.599452 -3.087595 -3.445738 
-1.480947 -3.620062 -3.297322 
-1.974670 -3.362001 -2.441851 
-1.226074 -2.095089 -2.872786 
-0.593693 -1.711317 -2.861070 
-0.037474 -0.767279 -2.769585 
-1.136556 -0.494532 -2.777176 
-1.427321 -0.052807 -2.068340 
-0.941613 0.555645 -0.401503 
-1.536821 0.468547 -0.399465 
-1.208474 0.310025 -0.580947 
-0.826729 1.034537 -1.024599 
-0.581724 1.320555 -1.560490 
-1.107736 0.867019 -0.805417 
-1.604768 -0.125795 -1.626678 
-0.608781 0.377465 -3.097959 
-0.520293 0.705044 -2.615796 
-0.412650 1.149980 -1.990031 
-0.459377 0.345467 -2.625977 
-0.673863 0.043025 -2.001620 
-1.432900 0.123817 -1.490973 
-1.573183 -0.487167 -1.322537 
-1.162167 -1.381530 -1.294259 
-1.329497 -0.416606 -1.201556 
-0.949173 0.463025 -0.991948 
-0.383493 1.005790 -1.655928 
-0.346897 0.808014 -1.247369 
-0.391539 1.546779 -0.621275 
0.166508 1.962602 -1.779426 
-0.104803 1.810507 -1.791589 
-0.079418 2.037614 -0.748837 
5.534548 3.929919 1.809031 
4.429899 3.499582 2.645952 
3.946453 3.206939 2.279198 
3.503390 3.964553 2.541921 
3.743454 3.275477 2.704541 
3.792775 1.888454 2.508125 
2.659665 2.719299 3.693663 
1.193706 3.043265 4.227915 
1.944437 3.131951 3.936612 
2.593992 2.539879 4.449694 
2.213557 3.446255 4.172900 
1.895145 3.691146 3.659755 
3.039047 2.590492 3.461042 
1.595834 2.062892 4.108168 
1.451604 1.758883 3.378536 
0.211631 1.073883 3.831854 
1.319153 1.250629 3.668838 
3.068537 1.129939 3.498213 
3.159546 0.643000 3.596969 
1.551925 0.979844 3.831925 
0.563116 1.003493 3.868714 
0.218269 1.030876 4.863509 
0.388465 0.775807 4.527547 
0.956889 1.247469 5.931386 
1.890821 0.906005 6.663747 
1.462211 0.548620 6.265952 
1.401587 1.755326 5.314416 
1.657122 1.684558 4.683364 
1.506147 1.429805 5.565708 
0.903111 0.933656 5.735584 
-0.043377 1.204350 5.045083 
-0.142954 1.798478 4.412143 
-0.078371 1.940985 4.758461 
-0.328196 1.318569 4.127542 
-0.126463 1.752584 3.716850 
0.562840 2.786480 3.704136 
1.276419 1.498474 4.581500 
1.695831 0.390012 5.569971 
1.221015 0.372920 5.901638 
0.982352 0.371659 5.142805 
1.239974 1.300663 5.799649 
0.588864 1.929740 5.865619 
0.224127 1.462826 4.931150 
1.098264 1.382782 4.931757 
1.440497 1.781691 5.112743 
2.561255 0.532438 5.823925 
1.691037 0.684768 6.334165 
1.590032 0.024139 6.946214 
6.127217 2.921803 3.112442 
4.521077 2.412580 3.253053 
3.457134 2.694367 4.182874 
4.246057 2.206595 3.853446 
5.022152 1.831108 3.801353 
4.425146 1.996012 2.649594 
4.785177 2.484887 3.932501 
4.759387 3.064055 3.713845 
4.551729 3.683706 4.051547 
4.046866 3.557630 4.661003 
4.214456 3.019797 5.303190 
4.568779 1.657140 4.997899 
4.613055 0.236094 4.629212 
5.039993 0.592166 4.957242 
4.905018 1.388912 4.647355 
4.040818 1.297207 4.781036 
4.305970 1.713099 5.360753 
4.423890 2.254985 4.749521 
3.441597 2.488363 5.581826 
2.736720 1.595230 5.240949 
3.678462 0.902497 5.235491 
3.664403 0.113753 4.903322 
3.339410 0.602554 5.030388 
2.977134 0.045565 4.122181 
3.615461 -1.033678 3.801369 
3.943326 0.034014 5.104677 
3.725585 0.648150 6.290701 
3.399383 1.050882 5.945347 
2.650334 1.501212 6.155945 
2.349385 0.332882 6.395336 
2.655789 -0.364288 6.232388 
3.056164 -0.225834 6.338639 
3.355468 7.158502 -0.375644 
3.017285 6.686170 0.554981 
3.574237 6.251139 1.325749 
3.673938 4.762170 1.015832 
3.665769 3.096157 0.644986 
3.999779 3.909050 0.879837 
3.455268 4.190770 2.110883 
2.615967 4.752280 2.222994 
3.297779 4.469760 1.522274 
3.877662 4.595591 1.611772 
3.585926 5.022161 2.758526 
2.476922 5.111690 3.994575 
1.523454 5.082666 4.003976 
1.040169 5.763741 3.517673 
2.069812 7.073794 3.567321 
2.864768 7.627747 2.912798 
3.558322 7.116348 1.884722 
2.844531 6.725273 1.434435 
2.232921 5.877984 2.632905 
2.681457 5.252453 2.313843 
2.636048 4.566930 3.352715 
2.986950 4.698303 3.089194 
1.915442 4.608512 3.338284 
0.876051 5.140937 3.549397 
0.828306 4.924741 3.302697 
0.831064 4.585514 3.045659 
1.002504 4.585320 2.756814 
2.081973 4.251563 3.485159 
3.650447 4.627989 3.839098 
3.954446 3.714369 3.318019 
4.778670 3.351124 3.871136 
3.742528 3.341765 3.832810 
3.269043 4.076462 4.323075 
2.357717 4.457106 4.540165 
1.792133 4.831109 4.921315 
1.983328 4.709494 4.578269 
1.725308 4.830147 3.913185 
2.342751 5.291549 2.661186 
2.500666 4.399866 3.771940 
0.759721 4.186889 4.412612 
0.454165 4.658930 4.771290 
1.421935 3.981898 5.603309 
2.421486 3.139777 5.993065 
3.492099 3.094212 5.558105 
2.346649 3.924531 5.542276 
1.289982 4.121949 6.000508 
1.874302 3.973834 5.905132 
2.596724 4.077684 5.167048 
2.420663 3.478629 4.986181 
2.486003 3.116649 5.592200 
1.768388 2.525437 6.463387 
1.397511 2.484059 5.785045 
0.192009 2.663699 4.709840 
0.459958 3.817204 4.727959 
1.887019 3.363520 5.150083 
1.290466 3.492262 5.880513 
0.869950 2.546814 6.357048 
-0.112910 3.319616 5.899143 
0.190369 2.666579 5.801311 
0.332607 3.425441 5.969816 
-0.476442 3.915021 5.645255 
-0.574178 4.158656 5.344900 
-0.349676 4.519843 4.652147 
-0.586813 5.498812 4.819493 
-1.112187 6.262012 4.376042 
-0.756654 6.717823 3.629335 
-0.175974 5.853146 3.082221 
0.043867 4.649100 3.236448 
0.312750 4.161025 3.192637 
0.505589 3.052822 4.155397 
-0.109023 3.705725 4.352237 
0.116049 3.582919 5.800039 
0.010791 3.842215 5.248116 
-0.126640 3.079563 3.999537 
-0.868145 2.978438 2.923458 
-0.851812 2.683879 2.334675 
-1.268328 2.344431 3.052093 
-1.675644 2.358011 2.016841 
-0.727940 2.881408 2.241185 
-0.967359 3.691448 3.506211 
-0.793383 4.501418 4.995735 
-0.434137 4.433571 5.193214 
-1.052592 4.816914 4.747311 
-1.380841 5.353465 4.520029 
-0.981737 5.775195 3.265329 
-1.433297 5.741716 2.813897 
-1.698956 5.418848 3.542561 
-0.876844 5.440286 3.985130 
-0.078500 5.860716 4.044101 
0.112070 7.270229 4.432634 
