Snapshot 0 0.000000
-0.960442 1.361711 -2.204976 
-0.874589 1.413257 -1.210002 
-1.249650 0.487257 -1.253066 
-0.576360 0.258466 -1.956155 
-0.041611 -0.555679 -2.182453 
0.821531 -0.932643 -2.518435 
0.789333 0.050144 -2.336519 
1.639182 0.406145 -1.947905 
1.457156 -0.069185 -1.087133 
0.500182 0.156185 -0.904351 
-0.184247 -0.554053 -0.739671 
-0.645368 -0.347655 0.123328 
-0.469966 0.543972 0.540743 
0.326755 0.884667 1.039905 
0.071515 0.129787 1.644065 
-0.339338 0.456670 2.495150 
-0.647167 0.168145 3.401790 
0.094674 -0.496676 3.314136 
-0.228608 -1.347184 2.899256 
0.517019 -2.013331 2.882292 
Snapshot 10000 474.159763
-0.199816 -1.233236 -1.099102 
2.348127 -1.468655 -1.513945 
1.188336 -0.948832 -1.158663 
0.668213 -1.302457 -2.144896 
-1.092780 -1.322481 -1.948883 
-0.736584 -2.194008 -1.348572 
-0.340746 -1.055047 -2.299821 
1.788767 -2.485140 -2.651066 
0.514612 -2.072471 -1.859098 
2.771377 -0.870501 -0.889735 
1.097002 -1.679720 -1.076249 
0.333659 -0.341939 0.071735 
1.197504 -0.257037 -1.043871 
1.992871 -2.342347 -1.075561 
0.008134 -1.905483 0.338278 
-0.329295 -0.653966 -0.629182 
-0.013269 -0.443527 -1.568754 
1.495826 -1.533269 -0.016762 
2.801684 -1.856499 0.132024 
1.353558 -1.131222 0.504720 
