Snapshot 0 0.000000
10.719991 -35.411328 -19.642703 
9.956484 -35.110020 -19.071503 
9.035526 -35.205949 -19.449173 
8.078227 -35.151968 -19.165157 
8.735737 -35.662227 -18.610795 
9.500583 -36.258439 -18.854806 
9.354057 -36.578221 -19.790898 
9.936022 -36.876824 -20.547307 
10.290249 -37.768389 -20.265111 
10.723890 -37.902502 -21.156161 
10.414386 -38.787989 -21.502744 
10.090537 -38.623410 -22.434429 
9.989100 -37.647965 -22.238934 
10.889132 -37.225100 -22.344425 
11.420173 -36.411769 -22.106751 
12.022362 -35.856438 -22.680315 
12.079643 -34.983518 -23.164805 
11.823607 -34.033865 -23.345372 
12.706897 -33.953780 -23.807309 
13.114667 -34.858776 -23.928577 
13.524086 -34.904264 -23.017365 
14.311121 -35.371307 -22.614318 
14.380868 -34.507884 -22.114681 
13.625323 -34.998983 -21.681124 
13.057069 -34.379033 -22.222187 
13.492024 -33.478953 -22.248103 
13.990485 -33.225466 -21.419079 
13.838983 -33.610063 -20.508512 
13.179173 -32.859324 -20.540812 
12.710202 -33.638502 -20.956682 
12.116343 -33.379240 -20.195029 
11.757528 -33.234466 -21.117142 
11.540924 -32.279555 -20.914097 
11.210678 -32.568627 -20.015557 
12.139169 -32.236753 -19.848933 
11.533424 -31.441601 -19.877332 
12.289405 -31.453088 -19.222839 
13.173118 -31.921113 -19.224496 
13.930280 -31.489340 -18.734316 
14.026759 -31.206273 -17.780080 
14.464484 -30.345952 -17.518841 
14.779733 -29.534543 -18.011013 
14.594264 -28.974621 -17.203493 
13.873644 -28.936226 -17.895759 
13.468333 -29.507433 -17.182005 
12.946894 -29.637114 -16.338628 
12.069536 -29.854487 -15.910854 
12.791708 -29.555064 -15.287305 
12.408139 -28.635387 -15.371388 
11.908673 -27.994697 -14.788250 
11.607897 -28.887099 -14.451869 
11.011993 -29.533377 -13.975189 
10.299495 -29.312846 -13.309071 
11.235746 -29.419910 -12.974450 
11.571334 -28.644149 -12.440056 
12.330950 -27.998818 -12.359244 
13.154994 -28.290037 -12.845190 
13.936833 -28.177462 -12.231958 
14.669702 -27.571012 -11.923537 
14.717417 -27.665665 -10.929171 
14.275228 -28.407969 -10.425729 
15.083074 -28.995455 -10.378347 
15.864865 -29.531838 -10.060391 
15.697812 -29.709106 -9.090510 
16.021801 -30.642988 -8.939200 
16.687966 -30.380473 -8.241123 
16.938863 -29.643229 -8.868435 
17.857176 -30.019796 -8.746377 
18.446145 -29.531619 -8.102327 
19.136372 -29.800283 -8.774195 
19.802348 -29.664858 -9.507773 
20.497360 -29.978297 -10.154854 
19.971886 -30.173870 -10.982880 
20.616097 -30.390938 -11.716278 
20.892323 -31.347129 -11.619335 
21.840292 -31.048322 -11.729195 
21.739903 -30.117294 -12.080064 
21.600481 -29.399833 -12.762567 
21.262235 -28.712830 -13.405698 
21.104030 -29.528094 -13.962758 
20.318717 -28.989766 -13.657001 
20.485123 -29.710988 -12.984582 
20.360069 -30.591758 -13.441317 
20.336368 -30.374699 -14.417188 
19.520177 -30.927862 -14.250327 
20.163894 -31.637356 -13.963537 
20.457574 -32.501432 -14.372346 
20.344043 -32.336329 -15.352066 
21.244395 -32.739934 -15.189375 
21.112132 -33.710368 -14.987474 
21.901802 -34.310704 -14.860908 
22.504481 -35.097485 -14.994148 
21.648420 -35.269829 -14.506851 
21.032152 -34.729147 -13.934246 
21.623222 -34.004783 -13.579375 
21.674957 -34.134402 -12.589162 
20.916795 -33.491116 -12.695807 
20.122162 -32.890190 -12.782101 
20.668110 -32.114282 -13.098185 
21.486737 -32.014034 -13.663692 
21.811747 -32.925359 -13.410996 
21.952388 -32.910736 -14.400949 
-10.201009 54.088072 -1.357503 
-10.469837 54.674512 -0.593423 
-10.663164 55.474282 -1.161748 
-11.650237 55.482659 -1.001701 
-12.111212 54.621841 -0.786073 
-12.960797 54.762620 -0.277757 
-13.228113 54.454769 0.635353 
-13.602656 55.381879 0.648873 
-13.513536 56.088881 1.350448 
-13.165697 56.759049 2.006102 
-12.361194 56.221684 1.753091 
-11.897663 57.014180 1.356747 
-11.403421 57.380804 0.568514 
-10.881208 58.165619 0.902218 
-10.620315 58.835692 1.597155 
-10.965078 58.155939 2.244515 
-11.889309 58.425355 1.973935 
-11.953876 57.961632 2.857560 
-11.931900 58.511281 3.692666 
-11.890778 59.126223 4.480165 
-10.908849 59.120408 4.291006 
-10.314532 59.214301 3.492275 
-9.915368 59.227283 4.409063 
-10.264873 59.933910 5.024306 
-10.892213 59.768212 5.785219 
-10.596186 58.816822 5.870217 
-11.353125 59.137352 6.439694 
-11.673273 60.084688 6.447449 
-11.686097 61.036090 6.755133 
-10.985533 61.547568 6.257539 
-10.578314 61.025462 5.508153 
-9.634019 61.026106 5.837254 
-8.947356 61.748395 5.919669 
-9.383409 62.591771 5.605703 
-8.772833 62.875110 4.866166 
-8.801438 63.518071 4.100801 
-9.391165 63.798779 3.343553 
-9.832691 63.736796 2.448448 
-9.597496 62.765872 2.493061 
-10.033790 62.427348 3.326758 
-11.002897 62.536680 3.105676 
-11.679576 63.262780 3.227680 
-12.231264 63.141538 2.402489 
-12.693388 63.152674 1.515743 
-12.031534 63.765298 1.083724 
-11.933128 64.755080 1.186919 
-12.259220 64.800659 2.131158 
-11.666406 65.582405 2.324664 
-12.644575 65.700187 2.495874 
-12.963450 65.503215 1.568771 
-13.556519 64.712644 1.721306 
-13.211714 64.500146 0.807001 
-14.080528 64.411662 0.319834 
-13.977761 63.638723 -0.306269 
-13.670500 63.836983 -1.237013 
-13.683904 63.723109 -2.230418 
-14.119644 63.156677 -2.929907 
-14.064343 62.494348 -2.182738 
-14.326060 61.838176 -2.890510 
-15.036587 62.096658 -2.236035 
-15.940173 62.006341 -1.817256 
-16.439806 61.365202 -2.399757 
-16.050616 60.573972 -1.928073 
-17.028408 60.753448 -1.819858 
-16.711040 60.442640 -0.923936 
-17.500529 59.829440 -0.897617 
-17.186931 58.910279 -1.135946 
-17.795771 58.526122 -0.441874 
-18.327471 59.366388 -0.547932 
-18.439060 58.841629 0.295974 
-18.776945 59.749049 0.545822 
-19.572401 59.157187 0.676011 
-19.894457 59.130709 1.622361 
-20.889849 59.216388 1.579303 
-20.400622 60.053579 1.334829 
-21.221130 60.537908 1.031195 
-20.775376 60.423114 0.143430 
-21.311704 59.589012 0.014488 
-22.254635 59.895735 0.144115 
-22.813572 60.217220 0.908469 
-22.981852 59.581645 1.661946 
-22.491814 58.743521 1.422341 
-21.839687 58.089533 1.805785 
-21.907623 57.337896 2.461854 
-21.037572 56.918855 2.721498 
-20.545307 56.987349 3.589244 
-19.742089 56.792474 3.026337 
-18.981650 56.965210 2.400322 
-18.568999 57.497041 3.139832 
-19.488496 57.868684 3.011738 
-18.808228 58.572211 2.806105 
-18.073062 59.138437 2.433387 
-18.706603 58.726502 1.778456 
-18.942321 59.674557 1.564847 
-19.408947 60.247189 2.238904 
-14.368909 -0.657828 17.864297 
-14.456064 0.321522 18.046718 
-14.341965 0.033383 18.997484 
-14.569139 -0.393381 19.872850 
-14.172290 -0.710247 20.734306 
-14.472127 -1.638863 20.515742 
-14.204191 -2.234879 21.272694 
-13.211590 -2.117389 21.303329 
-12.341245 -2.297190 21.761774 
-11.710224 -2.251699 22.536205 
-11.357434 -2.672509 23.371943 
-10.631507 -1.985064 23.393138 
-10.483074 -2.312736 22.460079 
-9.645849 -2.134930 21.942934 
-8.676580 -2.225577 21.714238 
-9.080278 -2.908100 22.323492 
-8.890516 -3.889411 22.355409 
-9.009412 -4.307439 21.454788 
-9.953196 -4.530413 21.210753 
-10.436053 -4.984971 20.462270 
-10.590149 -4.628433 19.540785 
-11.116913 -4.547056 18.694678 
-10.777118 -5.462936 18.908460 
-10.844975 -5.167102 17.955633 
-11.697469 -5.383390 17.479742 
-10.839468 -5.451474 16.970628 
-9.849225 -5.575296 16.906698 
-9.040211 -5.950273 16.454052 
-8.922201 -6.007866 15.462711 
-9.279489 -5.892172 14.535910 
-9.998829 -5.324482 14.936257 
-9.957953 -4.656756 14.192972 
-10.270946 -3.888974 13.633914 
-9.825382 -3.195236 14.199776 
-8.962059 -2.900142 14.609159 
-8.006359 -2.876924 14.902582 
-7.416716 -2.138562 14.575256 
-8.047738 -1.794924 15.270759 
-7.899423 -0.903860 14.841798 
-7.569273 -0.830132 13.900753 
-7.796441 0.142503 13.852011 
-7.374956 0.843169 14.427700 
-7.662464 1.399326 15.207462 
-8.064317 1.996770 14.513505 
-8.940725 1.540716 14.668179 
-9.277075 2.266386 15.268407 
-10.190176 2.531282 15.578368 
-9.884382 1.714871 16.068229 
-10.803865 2.052112 16.270271 
-11.447707 2.776643 16.516286 
-11.939048 3.457595 15.973251 
-11.347300 4.059145 15.436620 
-10.707458 4.636387 15.943959 
-9.718442 4.670714 16.087726 
-10.105506 5.589417 16.166246 
-10.462427 6.223707 16.852018 
-10.069281 7.082982 16.524782 
-9.773132 6.960100 17.471986 
-9.251441 7.654459 16.976300 
-9.574644 8.573937 17.200130 
-9.527304 9.287163 17.899464 
-9.152096 10.170131 17.617355 
-9.641614 11.027749 17.459672 
-9.012084 11.218891 16.706574 
-8.972611 11.888899 15.965270 
-9.592076 12.673087 15.929049 
-10.370372 12.296487 15.426627 
-10.828887 11.493921 15.044982 
-9.832303 11.488138 14.962596 
-9.246682 10.799216 14.535471 
-8.285908 10.569009 14.380821 
-8.311888 10.902435 13.438403 
-9.255072 10.955778 13.110440 
-8.780971 11.446425 12.379349 
-9.166921 11.634588 11.476223 
-9.865808 12.286680 11.770050 
-9.899211 12.706671 12.676963 
-9.780904 13.346486 11.917595 
-10.361201 13.322273 11.103550 
-11.323910 13.291059 11.372282 
-11.793769 13.072533 10.517017 
-11.633493 13.043034 9.530385 
-11.987174 13.905588 9.892199 
-12.056546 13.926723 8.894832 
4.008791 -6.059528 -41.421103 
3.604189 -6.163735 -40.512567 
2.885046 -6.326896 -39.837132 
3.439932 -7.150027 -39.716479 
4.118196 -6.555925 -39.284042 
3.759822 -5.986482 -38.544243 
3.409931 -5.424920 -37.794427 
4.338882 -5.477085 -37.427918 
5.085721 -4.850562 -37.204980 
4.483696 -4.208661 -37.679878 
3.787563 -4.009470 -36.990151 
3.604095 -4.963794 -36.754346 
4.167458 -5.295847 -35.997799 
3.847799 -5.425973 -35.059244 
3.338406 -5.709133 -34.246631 
2.769445 -4.897290 -34.115509 
1.839549 -5.113406 -34.413145 
2.215372 -4.305868 -34.867720 
2.906066 -3.627484 -35.118195 
3.508782 -4.382558 -34.860130 
4.126558 -3.889615 -35.472796 
5.124455 -3.942757 -35.509935 
5.177588 -3.597740 -36.447026 
5.623179 -2.771041 -36.103490 
6.218498 -3.572341 -36.044208 
7.173701 -3.440859 -35.779070 
7.830923 -3.572656 -36.521155 
7.353530 -3.612021 -37.398962 
6.523830 -3.478500 -37.940967 
6.616618 -2.545385 -38.288367 
7.154015 -2.424515 -37.453744 
7.617611 -2.420517 -38.339782 
7.997123 -1.529124 -38.587549 
7.655308 -1.523193 -37.647801 
7.836529 -1.126644 -36.747853 
8.651440 -0.555715 -36.847650 
8.855982 -0.044218 -36.013064 
8.198955 0.671320 -35.775743 
8.349670 1.603490 -35.446587 
7.559190 2.212454 -35.380973 
6.646141 2.288866 -34.980344 
6.223015 1.857513 -34.183539 
6.238877 1.053666 -34.778164 
7.135716 1.073354 -34.336244 
7.304858 1.266178 -33.369699 
6.567876 1.914867 -33.179804 
6.995147 2.561158 -32.547549 
7.079648 3.123171 -31.724748 
6.270151 3.443473 -32.216807 
6.677708 4.055316 -31.538910 
7.618395 4.195090 -31.229765 
8.241408 4.759309 -31.771532 
9.039419 4.484855 -31.235013 
9.701876 4.387811 -30.492225 
9.234483 4.310871 -29.611530 
9.162306 3.557255 -28.958189 
9.714803 2.995739 -29.574182 
10.708259 3.102990 -29.534903 
10.595338 2.996970 -28.546972 
11.146748 2.977186 -27.712972 
11.931698 3.021322 -27.094987 
11.659240 3.768337 -26.488574 
12.153524 4.029184 -27.317816 
13.094553 4.129003 -27.641082 
13.357612 5.045342 -27.339217 
13.062221 5.290493 -26.415829 
12.984596 5.576151 -25.460646 
13.230248 5.956952 -24.569217 
12.424435 5.397044 -24.376423 
13.105084 4.665518 -24.336601 
13.134555 3.742600 -23.952736 
13.397065 3.996741 -23.021876 
14.261677 3.764710 -22.576220 
15.003625 4.311449 -22.964278 
15.890263 4.299771 -23.426594 
16.542121 4.559963 -22.714286 
16.106639 4.886234 -21.875297 
15.437497 5.402801 -22.409532 
14.838225 6.199964 -22.336018 
14.794581 7.155129 -22.628859 
14.010828 7.269259 -22.018362 
14.578836 7.372957 -21.201898 
-0.258109 -37.825328 -64.986303 
-1.191551 -37.551939 -65.218562 
-1.393098 -38.482436 -65.524430 
-1.570295 -39.465969 -65.559986 
-0.785130 -39.806330 -65.042618 
-1.038544 -40.184433 -64.152214 
-0.127138 -40.544401 -63.952814 
0.801693 -40.794073 -64.226560 
0.962353 -41.758785 -64.435173 
0.531425 -42.135897 -63.615363 
-0.204041 -42.722518 -63.954429 
-0.475112 -41.822926 -64.296854 
-1.208901 -41.710632 -64.966888 
-1.484084 -41.525626 -64.023465 
-2.404819 -41.290500 -63.712076 
-2.290233 -40.651414 -64.472628 
-2.531588 -39.695983 -64.302629 
-2.108861 -39.479779 -63.422539 
-1.824963 -40.167213 -62.754082 
-1.182877 -39.567477 -62.276545 
-1.540602 -38.743970 -62.716850 
-1.651490 -38.153610 -63.516337 
-2.589459 -37.831363 -63.644285 
-2.633052 -37.887666 -64.641747 
-3.172799 -37.497465 -65.387680 
-3.459489 -36.551134 -65.536900 
-4.333331 -36.845848 -65.150192 
-4.616703 -35.980362 -65.563271 
-3.933503 -35.287436 -65.332855 
-3.168005 -34.720096 -65.029312 
-2.655339 -34.285552 -64.288808 
-3.459051 -33.808261 -64.644112 
-3.048073 -33.193969 -65.317716 
-3.867056 -32.994413 -65.855716 
-3.696232 -33.907857 -66.225092 
-3.290505 -34.808895 -66.071738 
-4.100643 -35.034125 -66.612984 
-4.787114 -34.342972 -66.838961 
-5.078275 -35.222435 -67.215485 
-5.800805 -35.086504 -67.893329 
-5.236905 -35.910437 -67.949466 
-6.044700 -36.494114 -67.867075 
-5.619103 -37.032186 -68.594636 
-6.573948 -37.204568 -68.836621 
-6.625107 -36.806335 -69.752477 
-6.851169 -37.771616 -69.883358 
-7.088894 -37.257803 -70.707666 
-7.494449 -38.171566 -70.731374 
-8.004369 -38.950586 -71.096216 
-8.235658 -38.323331 -71.839894 
-9.043536 -38.911007 -71.795515 
-9.712497 -38.366018 -71.290067 
-9.148179 -38.099158 -70.508830 
-8.708198 -37.206506 -70.410912 
-8.917868 -37.063219 -71.378128 
-9.155229 -36.145486 -71.059654 
-8.729030 -35.902967 -71.931170 
-9.427676 -35.194633 -71.830389 
-10.157163 -35.520058 -72.432008 
-9.454790 -36.109039 -72.831725 
-9.292545 -35.301695 -73.399064 
-8.654290 -35.998068 -73.727235 
-9.324258 -36.718523 -73.906364 
-8.979864 -37.571502 -73.514166 
-8.952605 -38.365904 -72.907386 
-8.279248 -39.055963 -72.642040 
-8.519059 -39.128503 -73.610145 
-9.003311 -39.742517 -72.986858 
-9.760933 -40.134639 -73.508633 
-9.771517 -40.873040 -72.834354 
-9.979039 -41.648836 -72.238473 
-10.217004 -41.861564 -71.290781 
-11.182356 -41.963403 -71.531043 
-11.415564 -42.597590 -70.793872 
-10.925267 -43.289534 -70.263946 
-10.020622 -43.284744 -69.837807 
-10.662916 -43.494370 -69.100572 
-10.807170 -44.358148 -69.583353 
-9.964044 -44.516572 -69.069504 
-9.635139 -44.847652 -69.953929 
17.549891 -75.934328 -18.347803 
18.088476 -75.823548 -19.183060 
18.792263 -76.047395 -18.508836 
19.511862 -75.581166 -17.994242 
19.993944 -75.581658 -18.870367 
20.497867 -76.416230 -19.092973 
19.591321 -76.836352 -19.133854 
19.808186 -77.811694 -19.092903 
19.011807 -78.412355 -19.163523 
18.764580 -77.679790 -18.529309 
17.768285 -77.594570 -18.540841 
18.168250 -77.700151 -19.451269 
18.536946 -78.135188 -20.272736 
17.990546 -78.822530 -20.751285 
17.213195 -78.833278 -20.122310 
16.292204 -78.597292 -20.432286 
16.411602 -77.919971 -19.706352 
16.465624 -78.202417 -18.748591 
16.562380 -79.122387 -18.368731 
16.750520 -79.932268 -17.813128 
16.753951 -80.355655 -16.907185 
16.785079 -79.454959 -16.473852 
16.349464 -79.380500 -15.576804 
15.365213 -79.555078 -15.549034 
15.246426 -78.577611 -15.374537 
14.789614 -78.482692 -14.490053 
15.435410 -77.851154 -14.060975 
15.402320 -76.885525 -14.318783 
14.973297 -76.128079 -13.826629 
14.347879 -75.349160 -13.780407 
14.886779 -74.609348 -14.183228 
14.810327 -75.282961 -14.918347 
13.981576 -74.884127 -15.310907 
14.136674 -74.939868 -16.297232 
14.222591 -73.976397 -16.550887 
15.018447 -73.677164 -16.024509 
15.131747 -74.572839 -16.454543 
15.032698 -75.556498 -16.604887 
15.503032 -75.406207 -15.735290 
16.022134 -75.976100 -16.372278 
16.516614 -76.331642 -17.165424 
16.607193 -77.121750 -16.559185 
16.255879 -77.994902 -16.897097 
15.661812 -77.284783 -17.275008 
15.333804 -77.770577 -18.085203 
14.497943 -77.268422 -18.306962 
14.045239 -77.462296 -17.436634 
14.225879 -76.545755 -17.079812 
13.415281 -76.451260 -16.501884 
13.579188 -76.297325 -15.527493 
12.936341 -76.223050 -14.765108 
13.057533 -75.634590 -13.965716 
12.823766 -74.695181 -14.216442 
12.469738 -73.797731 -13.953293 
13.173831 -73.725538 -13.246864 
13.384396 -73.248820 -14.100329 
14.227344 -73.496825 -13.622907 
14.158236 -72.499481 -13.645910 
13.872863 -71.898966 -14.392867 
14.667518 -71.494031 -14.845139 
15.483543 -71.914317 -15.241956 
16.165576 -72.548281 -14.877374 
15.440841 -73.107837 -15.279439 
14.906294 -72.838571 -14.478343 
15.668879 -73.427201 -14.210053 
16.229004 -74.232901 -14.017422 
15.549025 -74.138077 -13.290348 
16.507917 -74.056068 -13.018683 
16.773870 -74.938370 -12.630337 
16.727367 -75.930077 -12.510532 
16.705144 -75.484782 -11.615424 
16.275134 -75.606406 -10.720830 
16.966281 -75.746549 -10.011834 
17.370621 -76.630796 -10.245538 
16.825139 -76.728814 -9.413166 
17.070560 -77.012597 -8.486217 
16.325916 -76.559213 -7.996371 
15.820163 -75.988960 -7.349049 
-46.675709 -50.134728 -14.330303 
-46.180994 -50.892560 -14.755681 
-47.100873 -50.742194 -15.117914 
-47.669224 -50.010820 -15.494833 
-47.374106 -49.213403 -14.968495 
-46.726040 -48.935248 -15.677466 
-47.440062 -48.614610 -16.299852 
-47.259587 -48.082744 -17.127226 
-47.484208 -49.014664 -17.411954 
-47.785341 -48.361315 -18.106543 
-47.929733 -47.818400 -18.933824 
-47.115048 -48.321615 -19.222031 
-46.635213 -47.629736 -18.682529 
-45.636225 -47.587748 -18.666376 
-44.807997 -48.032750 -19.006981 
-44.536771 -47.114964 -19.296990 
-44.526828 -46.116657 -19.354295 
-44.482934 -45.332700 -19.973557 
-44.512252 -44.356553 -20.188677 
-44.607706 -43.376345 -20.015238 
-44.893993 -42.457093 -20.285454 
-44.068375 -42.077673 -20.703060 
-43.299873 -41.748566 -20.154339 
-42.418147 -41.436936 -19.800157 
-42.482161 -40.467970 -20.038918 
-41.659524 -39.915051 -19.906444 
-41.208057 -40.499183 -20.580956 
-42.027710 -40.986491 -20.882120 
-42.744433 -40.314244 -21.067570 
-42.911982 -39.971355 -21.991883 
-43.809073 -39.612833 -21.733640 
-44.189758 -40.270533 -21.083633 
-44.604917 -40.337189 -20.176329 
-44.253004 -39.600100 -19.599390 
-43.500156 -40.183249 -19.294173 
-43.826132 -41.098710 -19.530120 
-43.797551 -42.059599 -19.254665 
-44.615845 -41.521561 -19.052401 
-45.564210 -41.204803 -19.068779 
-45.269532 -41.362906 -20.011206 
-45.901038 -41.578248 -20.756074 
-46.045130 -42.567005 -20.796033 
-46.985851 -42.906087 -20.804227 
-47.491214 -42.495856 -21.563383 
-47.849051 -43.222843 -22.149423 
-48.674837 -42.694628 -21.951769 
-49.421674 -42.178115 -22.370635 
-48.666369 -41.550422 -22.182179 
-48.559996 -42.037675 -23.048937 
-47.656396 -41.870531 -22.654513 
-47.337681 -41.923064 -23.600907 
-47.786971 -42.791289 -23.811438 
-47.975363 -43.663458 -23.359961 
-48.961283 -43.808897 -23.277446 
-49.656032 -44.476622 -23.010115 
-48.782321 -44.962454 -23.034534 
-48.689208 -45.926085 -22.784045 
-49.187760 -46.402403 -23.508316 
-48.880261 -46.995528 -22.764241 
-48.040192 -46.902815 -23.298739 
-48.148865 -45.999012 -23.712657 
-47.537223 -46.662702 -24.143249 
-46.954862 -46.493527 -24.938381 
-46.968381 -47.448969 -24.643511 
-46.516758 -47.919616 -25.401488 
-47.033494 -48.637610 -25.867823 
-47.415320 -49.498442 -25.531404 
-48.317481 -49.522855 -25.962112 
-49.154802 -49.912703 -25.578821 
-49.505457 -49.011406 -25.833193 
-49.389007 -49.147417 -24.849354 
-50.260569 -49.448937 -24.462745 
-50.343799 -48.483054 -24.707983 
-49.532245 -48.250436 -24.172008 
-49.438908 -47.389823 -23.671375 
-50.185430 -47.270222 -24.325899 
-35.531009 49.121272 -54.758803 
-35.271119 50.070195 -54.579911 
-34.353095 49.792759 -54.863214 
-33.428814 49.411573 -54.883292 
-33.448176 49.798946 -53.961572 
-33.512095 49.542134 -52.997227 
-33.838551 49.001871 -52.221635 
-33.612973 48.080350 -51.905543 
-33.323476 48.000640 -50.951689 
-34.220872 48.368802 -50.708508 
-35.067493 47.886245 -50.932943 
-35.697071 48.557057 -50.540969 
-35.344498 49.396898 -50.953715 
-34.732805 49.591392 -50.186901 
-35.412624 49.410213 -49.476253 
-35.395245 48.672059 -48.801845 
-35.043146 48.060817 -49.510653 
-34.274478 47.421176 -49.507700 
-33.610959 48.068775 -49.133055 
-32.709315 48.203266 -48.722018 
-31.715385 48.197929 -48.831899 
-31.078235 48.468795 -49.553475 
-31.217667 49.325522 -49.056910 
-31.945054 49.891163 -49.445443 
-31.065939 49.852782 -49.920504 
-31.151912 50.499292 -50.678550 
-31.979108 50.960479 -50.999570 
-32.300659 50.544733 -50.148829 
-32.004298 51.264554 -49.521112 
-32.951266 51.585883 -49.520702 
-33.003240 52.520666 -49.872098 
-33.692637 52.309310 -49.179233 
-34.423098 51.653820 -49.370963 
-34.019974 50.801208 -49.038483 
-34.327283 49.880404 -48.798316 
-33.654430 49.190739 -49.065952 
-33.650751 49.717800 -49.915772 
-33.550437 49.866298 -50.899583 
-34.375802 49.490296 -51.320767 
-34.869636 50.151203 -51.885860 
-34.857724 50.617367 -51.001242 
-34.817548 51.448709 -50.446935 
-34.243234 51.971298 -51.077065 
-34.984613 52.137156 -51.727332 
-34.706834 52.496591 -52.618200 
-33.786282 52.261708 -52.306090 
-33.134853 52.137434 -53.054553 
-32.435685 52.456180 -52.414579 
-31.578204 52.803918 -52.793794 
-31.365868 53.605026 -52.234207 
-31.498178 54.552278 -52.526110 
-31.084347 54.709093 -53.422856 
-30.731137 53.853599 -53.801502 
-30.568183 52.901075 -53.544314 
-29.886909 52.213711 -53.796100 
-30.080658 52.651002 -54.674302 
-30.771399 52.820354 -55.377293 
-31.607960 52.534918 -54.909649 
-32.204577 53.316897 -55.090085 
-32.868363 54.053219 -54.958868 
-32.622788 54.724749 -54.259768 
-33.223200 55.087775 -54.972311 
-32.542496 55.230152 -55.690901 
-32.544805 55.946169 -56.388980 
-32.389459 56.765375 -55.836922 
-31.605982 56.259655 -55.475797 
-31.271154 57.142761 -55.147142 
-30.781100 57.531828 -55.927189 
-41.066009 1.267972 -36.401203 
-40.574849 0.431835 -36.645410 
-39.880211 -0.082892 -36.142881 
-39.212148 -0.256916 -35.419413 
-39.359130 -0.272780 -34.430401 
-39.997628 -0.428460 -33.676687 
-39.232041 -0.491941 -33.036495 
-38.425297 -1.006942 -32.746775 
-38.680524 -1.607354 -31.988906 
-38.629584 -2.104023 -31.122462 
-37.829926 -1.872957 -30.568245 
-37.528268 -1.545314 -29.672894 
-37.437643 -0.953252 -30.473675 
-38.331313 -0.765702 -30.881325 
-37.666016 -0.137243 -31.284337 
-36.876293 -0.113278 -30.671341 
-36.246964 0.662971 -30.634166 
-37.134764 0.965226 -30.287102 
-37.106251 0.407748 -29.457401 
-36.715088 0.110870 -28.586278 
-35.784794 -0.252504 -28.636411 
-35.469743 0.695788 -28.597871 
-35.984770 1.398621 -28.107186 
-36.903623 1.652239 -27.804882 
-36.694182 2.621514 -27.933874 
-36.769308 3.265385 -27.172437 
-37.447969 2.532498 -27.124521 
-36.964701 2.278029 -26.286848 
-36.435548 1.534641 -25.877736 
-35.531847 1.153249 -26.072326 
-35.492165 0.776098 -26.997627 
-34.570442 0.583023 -26.661251 
-34.483264 -0.157857 -27.327206 
-34.523678 -0.749441 -28.132436 
-34.555627 -1.040419 -29.088632 
-34.257086 -1.991320 -29.170236 
-34.292112 -2.680466 -29.894012 
-33.596585 -2.544126 -30.599458 
-32.802866 -1.967127 -30.792024 
-32.921868 -0.974945 -30.754441 
-33.622180 -0.286514 -30.565692 
-33.317282 -0.484256 -29.634062 
-34.206358 -0.031342 -29.700489 
-33.570682 0.734694 -29.605076 
-32.639400 1.091729 -29.677465 
-32.474082 0.339671 -29.039438 
-31.905837 1.147890 -28.884909 
-31.969328 0.689225 -27.998571 
-31.886190 1.505845 -27.427415 
-31.277877 1.966954 -28.073429 
-30.766339 1.295739 -27.536960 
-29.838245 1.667460 -27.515380 
-30.138515 1.906361 -28.438832 
-30.269246 2.874283 -28.653396 
-30.454276 3.831633 -28.875307 
-31.245896 3.220877 -28.857587 
-32.206750 2.946206 -28.821318 
-32.581500 2.882403 -29.746246 
-33.457341 2.969498 -29.271570 
-34.172811 2.478520 -28.774536 
-34.667651 2.810905 -27.971633 
-35.106216 2.761268 -27.074305 
-35.223670 2.417207 -26.142733 
-34.534869 2.131695 -25.476373 
-34.497427 3.065570 -25.120739 
-1.506109 64.973672 31.698417 
-0.607850 65.255864 31.361523 
-0.514540 65.105489 32.345738 
-0.247851 66.031251 32.613770 
-0.088237 65.850943 33.584343 
-0.407471 65.389127 34.411879 
-0.223065 64.775209 33.644351 
-0.024346 63.795819 33.680509 
0.023015 62.811627 33.851161 
-0.164358 63.139297 34.777187 
0.067613 62.896883 35.719220 
0.926085 62.465608 35.996759 
1.645806 61.809271 36.223081 
0.836713 61.233400 36.340307 
0.178430 61.447433 37.062008 
-0.538999 61.837897 37.638926 
-1.340751 61.996656 37.062741 
-1.133706 62.963795 36.915182 
-1.728623 62.562932 36.218488 
-2.415537 61.974669 35.791761 
-2.547014 61.165901 36.365003 
-1.712810 60.741286 36.013143 
-2.460816 60.332604 35.490202 
-2.372706 59.895368 36.385223 
-2.467552 58.947250 36.081781 
-1.595618 58.457921 36.064791 
-1.375048 57.547889 35.713807 
-2.011194 58.110037 35.185311 
-2.535056 57.260415 35.124398 
-2.786793 56.327020 34.868661 
-3.645227 56.075993 35.315960 
-3.170472 56.372526 36.144618 
-3.395756 55.428783 36.386685 
-2.476284 55.365185 36.774662 
-1.824315 54.647580 37.019568 
-2.127033 54.865808 37.947328 
-2.167032 55.838452 38.176157 
-1.340531 55.930114 38.731580 
-1.066112 55.674289 37.804624 
-0.575072 54.825437 38.000401 
0.011729 54.272960 38.592376 
0.680677 53.607975 38.924497 
1.346413 54.323234 38.711895 
1.937613 54.681810 39.434326 
2.479420 54.675388 40.274804 
2.946672 54.034646 39.665603 
2.609684 53.212741 40.124855 
2.933218 52.453616 39.560005 
3.364176 51.554432 39.635795 
3.115165 51.008800 40.435969 
4.012795 50.656031 40.171745 
4.105546 49.694795 40.431402 
4.918119 49.863562 40.989293 
5.187457 50.826360 40.967466 
5.044471 50.515647 41.907153 
4.949763 51.031777 42.758411 
4.562337 51.004079 43.679896 
3.817957 51.360557 44.244538 
4.246991 51.353089 45.147796 
4.289439 50.358825 45.245970 
3.485808 50.262784 44.658642 
2.762419 49.913591 45.254270 
2.784054 49.511543 46.169633 
2.582279 48.534157 46.232897 
2.747930 47.701891 46.761947 
3.071954 48.575057 47.126073 
3.436718 49.491683 47.289611 
3.854354 49.781461 48.150778 
3.124171 49.958143 48.810791 
6.817791 24.045072 -2.247603 
6.550142 23.900841 -3.200263 
6.124879 23.037084 -3.470588 
6.920073 22.430880 -3.457055 
7.063125 23.267570 -3.985719 
6.929889 23.108587 -4.963969 
6.079883 22.872803 -4.492912 
6.315147 21.921318 -4.691225 
5.668269 21.870670 -3.930315 
4.742235 21.969153 -3.565950 
4.337172 21.340932 -2.901674 
4.751715 20.870299 -2.122791 
4.201058 20.049761 -2.276073 
4.727245 19.319920 -1.839657 
5.198580 18.556956 -2.282071 
4.816077 18.602536 -3.204900 
4.531860 19.416645 -3.711307 
3.737064 19.248891 -4.294538 
3.567077 18.389379 -4.776559 
2.939968 19.026369 -5.224864 
2.042005 18.705372 -5.525903 
2.158807 19.481181 -6.145966 
1.589175 19.077655 -6.861987 
0.831563 19.714203 -7.006315 
0.718639 20.041886 -7.944330 
-0.059798 20.300270 -8.516408 
-0.567100 20.666063 -9.296690 
-0.574669 21.317754 -8.538243 
-1.002037 21.140650 -7.651682 
-1.341157 20.221957 -7.449193 
-0.669752 19.910430 -6.776760 
-0.610122 20.533224 -5.996650 
-0.329115 19.773718 -5.409977 
-0.960320 19.156619 -5.879839 
-1.618507 18.803275 -6.544623 
-1.031478 18.007902 -6.393695 
-0.219423 18.431312 -6.795304 
0.683865 18.597044 -7.191037 
0.403712 17.663351 -6.968034 
0.336881 18.040584 -6.044330 
0.008966 17.096212 -6.019166 
0.583784 17.169172 -5.204144 
0.474504 16.209117 -4.946554 
-0.424230 15.862349 -4.678174 
-0.486239 16.620702 -4.029287 
0.464375 16.326775 -3.929587 
0.624613 17.148577 -3.382810 
1.140040 17.887596 -2.949006 
1.638532 17.834870 -3.814295 
2.413236 17.264390 -3.541559 
2.268160 16.671370 -4.333570 
1.974423 17.457982 -4.876673 
2.930051 17.469013 -5.171042 
2.578740 16.651030 -5.626548 
1.836973 16.001972 -5.457715 
1.815022 15.036922 -5.718862 
1.083150 15.371420 -5.125167 
0.263041 15.055816 -4.647865 
0.413865 14.211344 -5.161791 
-0.532102 13.936090 -4.990383 
-1.420338 14.128598 -5.407490 
-1.266717 15.114533 -5.341669 
-0.506945 14.697237 -5.840277 
-0.665933 15.597201 -6.246217 
45.593691 -14.670528 36.869417 
44.616185 -14.517676 36.724097 
44.110169 -15.229207 36.236580 
43.693282 -15.357997 35.336792 
43.158534 -16.099444 34.931451 
42.253736 -15.977866 35.339566 
41.523090 -16.402259 34.804732 
41.322437 -15.589913 34.257163 
41.834446 -16.323681 33.810586 
41.392952 -17.147537 33.455138 
42.065850 -16.973780 32.736099 
42.994110 -16.646025 32.911913 
43.700864 -17.267252 33.250403 
44.501162 -16.732915 32.978358 
44.576497 -17.668899 32.634470 
45.527538 -17.632680 32.327536 
45.952026 -16.795719 31.982127 
46.604475 -17.549703 31.905852 
46.889227 -16.734167 31.402049 
46.439041 -16.478032 30.546638 
45.982202 -17.199913 30.026844 
46.740806 -17.685256 29.592145 
47.634034 -17.396232 29.936541 
48.382442 -17.307745 29.279231 
48.837947 -17.248676 28.390960 
49.606909 -17.399019 29.012324 
49.555732 -18.395792 28.950483 
50.471825 -18.691051 28.679197 
51.417599 -18.501660 28.415296 
51.733739 -19.001605 27.609002 
52.208978 -19.785821 27.210062 
51.967247 -20.361009 26.428573 
52.830476 -19.876865 26.285603 
53.018366 -18.896355 26.343028 
52.879855 -18.035432 25.853512 
52.714532 -17.204875 26.385342 
53.357256 -17.148695 25.621307 
53.499106 -16.163638 25.523621 
53.061906 -15.416740 25.022623 
52.380712 -15.913362 24.484717 
51.861679 -16.536779 25.069487 
51.705053 -17.197236 24.335141 
52.395498 -17.707262 24.848131 
51.955164 -17.451844 25.708867 
51.020640 -17.461122 26.064647 
50.244008 -16.881488 26.311359 
51.061347 -16.486110 26.730444 
50.818044 -15.521929 26.836072 
51.295562 -14.835462 26.287674 
51.423463 -14.644256 27.260855 
50.968230 -13.764836 27.400082 
50.164790 -14.271898 27.712129 
49.537572 -13.562426 28.033449 
48.987270 -14.104264 27.398169 
48.524509 -13.614210 26.659455 
47.530214 -13.518662 26.706877 
47.358890 -12.672797 26.201743 
47.424263 -11.955400 26.895334 
46.880174 -11.552708 27.631409 
47.774955 -11.303544 28.001928 
48.150778 -12.158687 28.358983 
48.107558 -11.916752 29.328312 
48.529413 -12.667703 29.836359 
39.493691 21.113872 3.123597 
38.994119 21.914231 2.792155 
39.671274 22.476384 3.266965 
39.429966 22.897524 4.141271 
38.701270 23.456404 4.537069 
38.048935 24.206250 4.647476 
38.967955 24.479471 4.931645 
39.507301 25.281269 4.674302 
39.549396 24.700788 3.861117 
39.022463 25.514987 3.617352 
38.062208 25.291296 3.450397 
38.061030 24.474324 2.873721 
38.094663 23.552663 2.487187 
37.286421 24.093599 2.254523 
36.764866 23.286324 2.530727 
36.871873 22.931568 3.459542 
37.074982 22.778657 4.426685 
37.498687 23.075615 5.282425 
37.545043 23.782114 5.988618 
37.440789 24.130063 6.920317 
37.796786 23.212270 7.096165 
38.208196 23.150243 8.005502 
37.533043 22.772173 8.638931 
38.005835 23.257333 9.374518 
37.606195 23.069934 10.271830 
37.829920 22.406343 10.985689 
37.986244 21.427609 11.118513 
37.353104 20.659080 11.210694 
36.880686 21.479988 11.531523 
35.893291 21.622863 11.599625 
35.678780 21.642870 12.576141 
36.538107 22.070224 12.857080 
36.083456 22.613699 12.151440 
35.090858 22.523227 12.232462 
34.296905 22.936008 12.678837 
33.600903 22.292610 12.997617 
33.946008 21.366221 12.846931 
34.642238 20.671270 13.026672 
33.686637 20.376933 13.012825 
33.017072 20.045907 12.347915 
32.085244 19.683245 12.361033 
32.044118 20.159524 11.482700 
31.220375 19.869313 10.995642 
31.772271 20.498281 10.448094 
32.699928 20.144690 10.327980 
32.929792 19.258436 10.730119 
33.833455 19.676500 10.637306 
34.567918 20.348938 10.545698 
34.590852 19.620460 9.861012 
35.271368 19.247859 10.491938 
36.172399 19.362083 10.073493 
36.378798 20.201475 9.570681 
37.285891 19.904624 9.272249 
37.315948 19.820102 8.276280 
37.060228 19.908018 7.313535 
37.335460 20.853649 7.486823 
37.483675 21.383950 8.321576 
36.918869 21.973622 8.898880 
37.402954 21.487833 9.626664 
38.319043 21.087400 9.647498 
38.948036 20.789145 8.929575 
39.409694 21.668223 9.048297 
40.064487 21.991814 9.731330 
-53.207309 46.839872 7.632597 
-52.271643 46.507042 7.515321 
-51.345056 46.168802 7.679725 
-50.893931 47.007449 7.984944 
-51.684011 46.864700 8.581096 
-50.889591 46.967641 9.179678 
-50.369424 47.821640 9.169122 
-49.908605 47.832717 10.056547 
-49.905313 48.652363 10.629407 
-49.462146 49.020966 9.812257 
-49.846932 48.976981 8.890300 
-50.430194 48.687450 8.131369 
-49.946174 48.397607 7.305708 
-50.458653 48.272872 6.456116 
-50.196776 49.236217 6.514311 
-49.325557 49.069648 6.052540 
-48.482623 49.579042 5.879395 
-47.818138 48.994718 6.345255 
-48.095492 49.539170 7.136865 
-47.119122 49.332277 7.199288 
-46.390181 48.820585 7.654059 
-45.762551 49.587200 7.518478 
-45.703732 49.786321 8.496686 
-46.055060 50.671544 8.801562 
-46.438353 51.495720 9.218479 
-46.414538 52.151216 8.463656 
-47.397458 51.975462 8.518236 
-47.535725 51.100959 8.983131 
-47.731983 51.626736 9.810803 
-47.355088 52.539756 9.654779 
-46.672673 53.270548 9.638858 
-47.211219 53.291487 8.796522 
-46.891905 53.853550 8.033552 
-47.555778 54.174228 7.357950 
-48.354305 54.682594 7.035585 
-48.099369 55.642163 6.916277 
-49.085836 55.585248 7.070041 
-49.632344 54.773278 6.865018 
-49.739472 54.794195 5.870993 
-49.222699 55.288740 5.172158 
-48.403925 54.900346 5.594957 
-48.906223 54.268046 6.184781 
-49.562101 53.859637 5.549938 
-49.550286 53.661090 4.569918 
-50.046811 53.987341 3.765541 
-49.252439 54.570600 3.595888 
-48.593357 54.860882 4.289679 
-47.883595 55.549167 4.139674 
-48.436261 55.912780 3.389777 
-47.906082 55.399404 2.714976 
-48.814790 55.651937 2.382598 
-49.079972 56.517975 2.806458 
-48.685601 57.127512 3.494163 
-47.991877 56.694938 2.918292 
-47.363748 56.434455 2.185079 
-47.712442 56.881319 1.361230 
-48.325949 57.222275 2.073521 
-48.329813 58.163076 1.734583 
-47.589265 58.545162 2.287394 
-47.431084 58.710251 1.313882 
-46.527627 58.395934 1.605379 
-46.877624 57.664258 2.190317 
-46.446821 57.165917 2.942690 
-46.670538 56.192048 2.903564 
-46.608308 56.313013 3.894268 
-45.651227 56.341392 4.182693 
23.372891 -45.828928 40.947177 
23.625940 -46.310735 40.108232 
23.938702 -46.877951 40.870102 
24.415882 -47.695255 41.193076 
24.999387 -48.269505 40.618830 
24.767824 -49.026068 41.230377 
25.452404 -49.420112 41.843630 
26.258577 -49.394530 41.252504 
26.397524 -49.204336 40.280640 
26.784797 -48.322951 40.551158 
26.446924 -48.413227 39.614306 
27.369734 -48.464642 39.232495 
28.253805 -48.824742 39.530396 
29.177748 -48.566637 39.812730 
29.277332 -48.944569 40.733191 
29.162804 -47.955637 40.638876 
30.054963 -47.645843 40.967631 
29.812468 -46.694376 41.157122 
29.973645 -45.741731 40.899268 
30.795813 -45.408325 40.437879 
30.906966 -44.548621 39.939327 
29.908637 -44.606261 39.935099 
30.236703 -44.494506 40.873120 
29.317622 -44.883729 40.934731 
28.935644 -44.582017 41.808266 
28.629883 -43.659163 42.042468 
29.181367 -43.700216 41.209294 
29.463918 -42.742190 41.257784 
28.479361 -42.636282 41.118393 
28.168089 -43.586345 41.096273 
27.380984 -44.117083 40.781974 
26.413943 -44.213865 40.546464 
25.794716 -44.078135 39.773072 
25.145525 -44.838717 39.781172 
24.207891 -44.911014 40.121196 
24.260827 -45.038817 41.111581 
24.398890 -44.389227 41.859225 
25.075610 -45.110890 42.005003 
25.826725 -44.994001 42.654744 
25.790985 -45.992714 42.618759 
25.759061 -46.268791 43.579365 
26.616547 -46.782619 43.605787 
27.540203 -46.567792 43.288439 
28.397701 -47.080641 43.329470 
28.068869 -46.599298 44.141983 
27.702804 -46.289677 45.019555 
26.844131 -45.851136 44.754295 
26.028624 -45.999837 45.313612 
25.430059 -45.784165 44.542116 
24.531831 -45.526740 44.898373 
23.797323 -44.900097 44.637959 
23.413335 -45.161185 43.752303 
22.480204 -45.185465 43.393587 
21.868956 -44.926069 44.141309 
21.811974 -45.534041 44.933221 
49.261691 -29.711228 -16.059303 
50.030153 -29.720476 -16.699132 
50.348494 -30.346705 -17.410817 
50.613052 -30.759427 -16.539227 
51.598871 -30.635522 -16.426051 
52.185074 -30.002513 -16.931686 
51.517403 -30.067486 -17.673302 
51.256352 -29.562386 -18.495936 
52.235171 -29.544504 -18.291993 
52.866353 -28.774431 -18.384717 
52.311020 -28.252938 -17.736912 
51.621291 -28.469244 -18.427915 
52.234110 -27.773308 -18.802249 
52.421190 -26.899253 -19.250613 
52.472909 -25.919396 -19.057731 
52.061388 -25.613751 -19.916353 
51.141622 -25.822904 -19.584261 
50.447563 -26.499317 -19.830730 
51.100907 -27.053205 -19.314639 
50.894576 -27.701575 -20.047472 
51.509598 -28.489589 -20.075437 
51.132722 -29.159186 -20.715440 
51.246615 -29.359491 -21.688531 
51.482827 -30.110106 -21.071457 
50.873703 -30.897308 -20.975118 
50.404448 -30.327155 -20.300785 
49.808879 -30.952165 -20.805423 
49.230245 -30.178510 -20.547274 
48.264223 -30.421290 -20.458616 
48.138790 -31.192132 -19.834061 
48.241116 -30.635781 -19.009438 
48.192526 -30.898090 -18.045678 
47.476328 -31.563282 -18.256818 
46.984057 -31.784428 -17.414936 
46.309064 -31.047780 -17.373284 
45.435555 -31.485933 -17.161143 
45.150734 -30.888272 -16.411691 
45.034486 -29.898582 -16.328029 
44.701637 -30.205038 -15.436235 
45.370340 -30.946104 -15.375766 
44.528235 -31.020927 -14.841669 
44.652412 -31.954941 -14.506711 
44.870964 -32.679454 -13.853017 
45.860047 -32.764783 -13.732875 
45.762980 -32.054390 -13.035795 
46.629297 -32.073489 -13.534924 
47.436908 -31.499209 -13.400884 
46.947054 -30.629038 -13.454241 
47.558177 -30.819851 -14.222433 
48.052588 -29.988697 -13.967993 
47.597756 -29.859409 -13.086851 
48.429791 -30.103862 -12.588895 
5.755291 -37.201228 2.137797 
5.138026 -36.840660 2.837065 
4.921513 -36.184825 2.113876 
4.623077 -35.819482 1.232138 
5.397174 -35.846354 0.599642 
5.277542 -35.221453 -0.171842 
5.224719 -36.206992 -0.332848 
4.784311 -35.820044 -1.142979 
4.350879 -35.028779 -1.574298 
4.905623 -35.001319 -2.405865 
5.645306 -35.177477 -1.756375 
6.396021 -35.137360 -2.415782 
6.362666 -35.454070 -3.363717 
5.746340 -35.258661 -4.126579 
4.865612 -34.827013 -4.321510 
5.280085 -34.124170 -4.899630 
5.058008 -33.362570 -5.508438 
5.808454 -33.266133 -6.162296 
5.731723 -32.833964 -7.060818 
6.621037 -33.213339 -6.805484 
6.233684 -34.123601 -6.951702 
6.469956 -34.557079 -6.082063 
6.498492 -35.486844 -6.449107 
5.529583 -35.423129 -6.210032 
6.129066 -36.004186 -5.659584 
6.377656 -36.707656 -4.993750 
6.116930 -37.306802 -5.750749 
5.777459 -38.192426 -6.067652 
6.411463 -38.284988 -5.299882 
6.403501 -39.202606 -5.697266 
7.048024 -39.728834 -5.142583 
7.851103 -40.321276 -5.078737 
7.253716 -41.108807 -4.927332 
7.861996 -41.866536 -5.163640 
7.730471 -42.807113 -5.476717 
6.881007 -42.727800 -5.998369 
7.159300 -41.784127 -6.177350 
6.891560 -42.279129 -7.003963 
7.818865 -42.565987 -7.244416 
7.665874 -43.467122 -7.650064 
7.474950 -43.939691 -6.789699 
8.406074 -43.908855 -6.426303 
9.024168 -43.489166 -7.090999 
8.898011 -44.368766 -7.549680 
9.103485 -43.724812 -8.286636 
8.213066 -43.989584 -8.656838 
8.393649 -43.018646 -8.813906 
9.019446 -42.704839 -9.527980 
8.897792 -41.920307 -10.136018 
9.886888 -41.773237 -10.128306 
-8.046909 17.866772 58.024297 
-9.040658 17.905787 58.128893 
-8.712561 17.897553 59.073502 
-8.027406 18.577695 59.334211 
-8.847556 18.957094 59.762477 
-8.038562 19.472575 60.044980 
-7.442109 20.257424 60.213072 
-8.288126 20.656881 60.566185 
-8.967269 20.544264 59.840869 
-9.468370 19.909907 60.429502 
-10.098063 19.468010 59.790586 
-10.707547 19.156856 59.061400 
-11.074602 19.135195 59.991347 
-11.327802 18.729736 60.869694 
-10.916217 17.829542 60.727399 
-10.852852 17.186965 61.490997 
-10.820848 16.986471 62.470169 
-11.398021 16.802593 63.265820 
-11.838929 16.963206 62.382755 
-12.128157 16.420982 61.593869 
-12.865367 16.342158 62.264920 
-13.766692 16.028313 61.966400 
-13.204553 15.800930 61.171230 
-13.931113 15.154737 60.937681 
-13.878486 14.858339 59.984068 
-13.601058 13.921230 60.195873 
-13.456562 13.867021 61.183892 
-12.462787 13.943643 61.264774 
-12.603326 14.351548 62.166918 
-12.071436 14.223009 63.003919 
-11.864063 14.957497 63.650080 
-11.857891 14.707955 64.618425 
-12.466652 13.934304 64.442712 
-12.274728 13.222597 65.118463 
-12.811807 13.737745 65.786422 
-12.113506 13.310540 66.360766 
-11.791797 14.257284 66.347331 
-11.253456 13.893528 67.107508 
-10.938745 14.552128 67.791030 
-10.122479 13.990887 67.654219 
-10.093198 14.317334 68.598981 
-9.581837 14.296610 69.458097 
-9.591075 14.485234 70.440103 
-10.378741 13.869197 70.449142 
-10.365892 12.872622 70.530825 
-10.263408 11.880368 70.460613 
-9.814829 11.924448 71.353268 
-9.245995 11.134049 71.580638 
-32.459509 50.168872 65.585497 
-33.169248 49.569679 65.955954 
-33.564761 48.750806 65.540000 
-33.072077 47.891624 65.678091 
-32.107577 47.667160 65.538970 
-31.307752 47.402489 65.000242 
-31.130257 46.517785 65.431280 
-30.589120 46.336348 64.610152 
-29.654886 46.285960 64.963237 
-29.020825 46.035466 65.694824 
-28.897322 47.014860 65.535030 
-29.424954 47.859554 65.625012 
-30.141121 47.283289 66.018742 
-30.277672 48.242877 66.264802 
-30.629261 47.890340 67.132041 
-31.391382 47.259920 67.279493 
-30.800522 46.706973 66.692012 
-30.592727 46.050116 67.416829 
-31.450656 46.293380 67.869356 
-31.075014 47.126378 68.275566 
-30.861522 46.857068 69.214658 
-31.195538 45.923777 69.082745 
-31.341600 45.285414 69.838496 
-31.619969 45.660272 70.722800 
-31.101092 44.932825 71.171785 
-31.145692 44.168108 71.814606 
-31.023290 43.703007 70.937852 
-30.227268 43.097739 70.937565 
-30.166556 43.726097 70.162013 
-29.678344 43.734566 69.289329 
-29.932071 43.218256 68.471376 
-29.454657 42.589796 67.857279 
28.603491 13.205672 64.492097 
28.299375 13.377595 65.429090 
27.814011 14.049960 64.870210 
26.888255 14.384753 65.045965 
26.766073 14.368361 64.053593 
27.246107 13.537103 63.773276 
28.054835 13.063889 63.423953 
28.735501 13.609509 62.935084 
28.894505 12.763035 62.426951 
29.877149 12.705610 62.250558 
29.647514 13.647745 62.006326 
30.456844 14.097487 62.384106 
31.211003 14.738663 62.242202 
31.688379 15.415275 61.681571 
32.267211 15.808884 60.967410 
31.323636 15.983078 60.685767 
30.434070 16.274678 61.037394 
30.316768 15.519723 60.392194 
30.447996 15.595865 59.403770 
30.746352 14.829858 58.834370 
31.143506 14.146951 59.447482 
30.648483 14.136860 60.316303 
29.687655 14.392456 60.209153 
29.852310 13.472347 60.564523 
29.056956 12.916106 60.323677 
28.380463 12.472157 59.736083 
27.827293 11.683731 59.467033 
28.072834 12.049091 58.569135 
27.562536 11.709985 57.778816 
26.646689 11.544097 57.413158 
26.590091 11.153418 56.494373 
25.935451 10.766453 57.143761 
25.469188 10.422493 56.328721 
25.120845 10.075852 55.457804 
24.863646 9.109824 55.483060 
25.251903 9.169421 54.563438 
24.475015 8.626266 54.244961 
23.623752 9.096598 54.477642 
23.237811 8.359814 53.922485 
22.449855 8.582784 53.348544 
23.190707 8.620548 52.677939 
23.055931 7.662396 52.425394 
22.219298 7.247477 52.067779 
21.722905 7.597911 51.273556 
20.874835 7.197216 50.926826 
20.888683 7.339950 49.937162 
20.130630 7.760813 50.435389 
19.145568 7.621555 50.536685 
18.727039 7.299102 51.385718 
19.726285 7.267758 51.408619 
20.250283 6.419692 51.487426 
20.601567 5.511038 51.261712 
19.660803 5.753844 51.025053 
18.742576 6.131047 50.904312 
19.001193 5.838554 51.824945 
18.944778 4.841986 51.764361 
19.726041 4.749060 52.381607 
19.216739 5.468649 52.853625 
18.973087 6.198695 53.492113 
19.212817 7.051514 53.956041 
19.502256 7.606278 53.176001 
20.061911 8.411152 53.373395 
20.581968 9.240656 53.169770 
20.344942 10.181703 53.411117 
20.104547 10.610134 52.540107 
20.385831 9.746766 52.121211 
20.046811 10.075081 51.239579 
19.049310 10.143879 51.223535 
19.127176 11.009831 51.717564 
19.945295 11.577053 51.812117 
19.833329 12.196124 52.589430 
19.695901 12.716522 51.746638 
20.230397 13.344632 51.181137 
21.146606 13.128309 51.518427 
21.464836 14.074374 51.579183 
20.648625 14.070927 52.156927 
20.213903 14.818965 51.655474 
19.265359 14.505088 51.697257 
18.594709 13.805468 51.943753 
18.747221 12.922310 52.387343 
19.566538 13.449593 52.612490 
19.741097 14.278009 53.144708 
19.527597 15.179751 52.768835 
18.818472 15.721102 52.317083 
19.335918 16.432673 51.841777 
19.607954 15.631387 51.308920 
18.866606 16.057188 50.790176 
18.143288 15.989953 51.477410 
18.359060 16.636330 52.209284 
17.500163 16.965140 51.816628 
Snapshot 5000 46.473415
-2.205437 -2.496165 1.756790 
-1.570266 -2.245855 0.248202 
-0.879473 -2.569289 -0.540013 
-0.166502 -3.443294 -1.155337 
1.169289 -2.628870 -1.616931 
0.792079 -2.784933 -1.947004 
0.825462 -3.370868 -0.695391 
0.479916 -3.893566 0.302707 
0.126557 -4.192640 1.219592 
-0.737035 -3.726711 0.261262 
-1.868170 -2.913398 -0.209164 
-1.393848 -2.896489 -1.095017 
-1.452370 -3.854663 -1.385920 
-1.457571 -4.358050 -0.991020 
-0.956192 -4.386180 -1.161182 
0.322192 -3.551699 -0.582509 
1.815687 -3.567708 0.068037 
1.454113 -3.642017 0.709740 
0.559695 -4.245929 0.385087 
0.303526 -4.052471 -1.137226 
-0.236972 -3.436389 -1.630213 
-0.438796 -3.567928 -0.374468 
-0.253261 -3.864586 -0.082299 
-0.633542 -3.318475 0.424468 
0.143956 -3.158362 0.903561 
0.554283 -2.933671 0.541425 
0.991503 -3.333897 1.056474 
1.724365 -3.170169 0.852032 
1.527562 -3.188385 0.532650 
1.391815 -2.516336 -0.880313 
0.658886 -1.526902 -1.832968 
0.887054 -1.028875 -1.753749 
1.763679 -1.278894 -1.276522 
2.519033 -1.860879 -0.950518 
1.867603 -2.153198 -0.540205 
1.871879 -3.084926 -0.314560 
1.252724 -3.470193 -1.075866 
1.313329 -3.231216 -1.773877 
1.696300 -3.820722 -2.752787 
2.968497 -3.063969 -3.356348 
3.041257 -2.202706 -3.445511 
2.689358 -1.577258 -3.894232 
3.100036 -2.750759 -4.368538 
2.537542 -3.552616 -3.013157 
1.852199 -2.262296 -1.870660 
2.112449 -0.803099 -1.636952 
2.805468 -0.392983 -2.164034 
2.396946 -1.518877 -2.420860 
2.759965 -1.872178 -2.758232 
3.067823 -3.717938 -3.344678 
3.581405 -3.324654 -4.010799 
3.042891 -3.104355 -4.279276 
2.452470 -2.500541 -5.264593 
1.017206 -1.961051 -5.648119 
1.424549 -1.521630 -5.340653 
2.137783 -2.127857 -5.289956 
1.144670 -2.326414 -5.459707 
1.020519 -1.596616 -5.377944 
2.166948 -1.759212 -5.148738 
2.245842 -1.599885 -5.058373 
1.803137 -1.447756 -5.184575 
0.806734 -1.736854 -4.990240 
-0.346493 -1.755943 -4.526928 
-0.110588 -1.884275 -4.975863 
0.323461 -1.805319 -5.355404 
1.219701 -1.410347 -3.955234 
0.924133 -1.217304 -3.804435 
1.313729 -1.361215 -4.343883 
1.952308 -1.863563 -4.315435 
1.051732 -2.209720 -3.090870 
2.354165 -1.905471 -2.721449 
1.625305 -1.548567 -2.242358 
0.485328 -1.803653 -2.407088 
0.090805 -1.640405 -3.794463 
0.178982 -1.560526 -3.529293 
0.200621 -2.236220 -2.537407 
1.133315 -1.635803 -2.721788 
1.840383 -1.097294 -3.307429 
1.272918 -1.517524 -2.881700 
0.739562 -1.443240 -3.437984 
-0.815736 -1.227449 -2.719352 
-0.987226 -2.046710 -3.388374 
-1.191048 -2.550885 -3.589748 
-0.466666 -2.454182 -2.293863 
-0.702461 -2.586971 -2.560745 
-1.321588 -2.623916 -3.492247 
-0.348979 -2.011526 -3.498461 
-0.438032 -2.171226 -1.702549 
-0.023397 -1.861492 -0.999176 
-0.427010 -1.738662 -1.899324 
-1.883783 -2.249516 -1.337833 
-2.310680 -2.124321 -1.636832 
-2.281424 -2.225128 -2.729670 
-1.582594 -2.098690 -3.396155 
-0.907020 -1.450384 -2.689484 
-0.342476 -2.038283 -3.039732 
-1.336718 -1.980004 -2.630866 
-2.462630 -1.966141 -2.393784 
-1.806974 -2.402926 -2.176439 
-2.012684 -1.802640 -1.391526 
-3.143041 -1.820447 -1.218759 
-2.431405 -2.185283 -1.174973 
2.536678 7.015976 -1.317316 
1.320207 6.824888 -0.782330 
0.542300 6.222633 -0.590670 
-0.036056 6.203427 0.695539 
0.950999 6.542717 0.353438 
1.525191 6.028824 0.013396 
1.255383 5.527730 0.161526 
2.422646 4.771036 -0.516390 
2.707559 3.994148 -1.559994 
2.598428 4.008366 0.018804 
2.389516 4.517277 0.897795 
2.035445 5.506817 0.444576 
0.859930 5.444204 0.945988 
1.867677 3.951557 1.426931 
1.339655 3.950096 -0.356096 
0.373447 4.720557 -1.264009 
0.255450 3.713677 -2.850309 
1.140234 3.360837 -1.952723 
1.047720 4.185502 -0.891020 
1.151010 4.933918 -1.336376 
1.464803 4.869585 -0.278556 
0.842646 5.982809 -0.570298 
0.346804 5.962485 -0.883050 
0.196047 5.729991 -1.456929 
1.494309 5.581210 -0.762125 
1.819077 5.484783 0.256820 
0.534072 6.084778 0.292354 
-0.269105 5.695557 -0.641785 
-1.185178 6.021062 -0.656580 
-1.471297 5.739792 -1.389214 
-2.038993 5.574735 -1.136710 
-1.676152 5.943831 0.567195 
-1.613613 6.734370 1.262901 
-1.584305 6.713153 2.049438 
-0.646407 6.358368 1.278204 
-0.138613 5.959902 0.805003 
-0.588816 5.401949 -0.290126 
-0.178102 5.096740 0.294111 
-1.164077 4.746507 -0.232861 
-2.236118 5.260732 -0.291533 
-2.498490 5.746172 -0.143307 
-1.801250 6.016779 0.144845 
-0.920480 6.395245 1.193586 
-1.680744 6.229066 1.393509 
-2.134847 6.481975 1.428920 
-2.543805 6.240669 0.892050 
-2.933694 5.772985 0.385980 
-1.607678 5.311863 0.537503 
-0.666370 5.349223 1.014679 
-1.925376 6.625321 1.490761 
-2.536394 6.790914 2.243387 
-2.926226 6.686586 1.629276 
-3.102799 6.187170 1.735697 
-2.927342 5.758898 2.286654 
-2.358981 5.369906 2.868603 
-2.633593 5.290834 3.178878 
-2.595579 6.142703 2.804470 
-1.631702 6.616877 2.292959 
-1.152695 6.767231 2.710372 
-2.173860 6.545659 2.536022 
-2.572860 5.568578 2.925119 
-2.337108 4.734055 2.543612 
-1.600367 3.211785 1.679762 
-2.536089 3.732366 2.128747 
-3.444758 3.816355 2.599247 
-3.018665 3.945636 2.716289 
-2.669658 5.231861 1.833052 
-2.311760 5.886084 1.479724 
-3.357387 4.532249 1.521979 
-3.447483 5.190961 2.735413 
-3.411497 5.230447 2.374055 
-3.661770 4.981028 2.718364 
-3.177531 4.583992 2.965519 
-2.706761 3.458436 2.823187 
-1.908731 3.605079 3.016355 
-2.142181 3.320330 3.544047 
-2.585082 3.755457 3.474780 
-2.652820 4.094891 3.722354 
-2.119484 3.504681 2.556435 
-2.671406 3.285305 1.647483 
-2.946532 2.733068 1.542424 
-1.631800 2.065596 0.910274 
-1.901891 2.321222 1.160574 
-2.701375 2.872123 1.798526 
-2.699933 2.993341 2.365522 
-1.843744 2.497128 3.235559 
-1.190760 2.605225 3.662796 
-1.411559 2.610342 2.526695 
-2.283061 2.573913 1.900054 
-2.852635 2.099332 2.420246 
-3.674987 2.202284 2.448308 
-4.352906 2.136388 2.585894 
-4.141647 1.833826 1.633710 
-3.874080 1.538717 1.019827 
-3.709686 2.644342 0.761218 
-0.871461 0.683783 0.234037 
-1.103445 0.309256 -0.584286 
-1.955272 -0.037076 -0.223745 
-2.122643 -1.302603 -0.763560 
-1.645119 -0.319711 -1.769071 
-1.495585 0.641005 -2.521719 
-2.219146 1.063443 -1.836979 
-1.509116 1.007552 -2.207848 
-1.069682 1.752122 -2.612346 
-0.828555 1.130107 -1.613652 
-1.184364 -0.659928 -0.832976 
-1.183731 -1.069337 -1.093053 
-1.729013 -0.834357 -0.112153 
-1.727070 0.253329 -0.905359 
-0.427621 0.543342 -1.840991 
-0.519268 0.692328 -2.618744 
-1.370948 0.421844 -2.856983 
-1.366662 -0.546827 -2.777505 
-0.052222 0.073129 -2.929308 
0.051737 0.912702 -2.364202 
0.193237 2.003528 -1.106472 
-0.149926 2.765787 0.326929 
-0.415196 2.902674 1.305053 
0.682366 2.171782 2.735205 
0.619620 2.872261 2.455752 
-0.473732 2.974525 2.127547 
-0.486702 2.229308 2.067935 
-0.518209 1.526259 2.968290 
-0.787693 0.311348 3.261139 
-0.276886 1.225173 3.068010 
0.439354 1.634385 3.607708 
0.213024 2.758544 2.622244 
0.394960 3.084147 1.656585 
0.339486 2.728363 0.647786 
0.123606 1.622536 0.679919 
0.635160 0.587727 1.660707 
1.257521 -0.681198 1.732968 
1.238664 -1.142301 2.165194 
0.403565 -0.958554 2.448555 
-0.068150 -0.426097 3.199366 
-0.688014 -0.520079 3.281003 
0.482446 -0.422765 2.496648 
1.388125 -0.059813 1.341180 
1.237984 0.498617 0.099017 
0.143872 1.733257 -0.238552 
-1.591580 1.986482 0.399937 
-1.301200 1.611741 0.890296 
-0.344069 1.518119 1.390549 
0.133713 1.224809 0.893452 
1.059862 0.762680 0.472201 
1.392731 0.119902 -0.071958 
0.824886 0.131741 0.920730 
0.358078 -0.281054 0.845814 
0.780671 0.582059 1.163183 
-0.460533 0.007607 1.462830 
-1.129168 -0.340288 1.751398 
-1.809557 0.289247 1.745263 
-1.799471 0.375495 2.170444 
-1.225021 1.190622 1.797403 
-2.723552 0.864119 2.328915 
-2.728845 0.138467 1.738158 
-2.129873 -1.126329 1.620360 
-2.376498 -1.431421 1.650672 
-2.071794 -0.885895 1.471194 
-2.547850 -0.970486 1.537765 
-1.041890 -0.162874 1.358215 
-1.035439 -0.620882 1.950533 
-1.205708 0.017347 2.035378 
-0.319963 0.845063 1.822602 
-0.206508 0.635681 1.408874 
-0.981939 1.046874 1.677899 
-2.025096 1.471336 2.057141 
-2.900748 0.740703 2.147547 
-2.959807 -0.146739 1.439267 
-3.427942 -0.428755 0.868957 
-2.630601 -0.482640 1.426896 
-2.252624 0.580715 2.039832 
-2.725245 0.963880 1.966253 
-3.907071 1.623372 1.502230 
-3.209484 1.010253 2.222409 
-3.059367 1.436817 2.397128 
-3.833269 1.358450 1.871174 
-4.002142 0.943171 0.863726 
-4.600806 0.165628 1.240382 
4.257803 1.348775 -4.082595 
3.106836 1.602235 -3.893021 
2.227020 1.804208 -4.398020 
1.479951 0.647213 -4.653900 
0.259921 -0.242689 -5.151971 
-0.401151 -0.187063 -4.386640 
1.334465 0.533085 -4.417423 
1.572825 0.662935 -3.561053 
1.371770 1.549296 -3.344185 
1.951220 2.605130 -2.732614 
2.467917 3.358368 -2.846755 
2.377194 2.914285 -3.035050 
1.517475 1.988931 -3.675103 
0.605207 0.941534 -4.548570 
-0.619801 0.280290 -5.833263 
0.133143 0.249999 -5.842189 
-0.128922 -0.382869 -5.902221 
-1.040341 -0.944251 -4.605286 
0.163433 -0.021417 -4.565734 
1.099158 0.255773 -4.053572 
0.080366 0.096359 -4.035839 
-1.147288 0.308089 -4.485343 
-1.748674 0.679530 -4.271989 
-0.978102 0.937753 -3.651230 
-0.641342 0.775002 -4.151817 
-0.314641 1.027981 -4.036820 
-0.369471 2.603982 -4.339769 
-1.122966 1.253348 -5.427728 
-2.356379 0.561241 -6.008450 
-2.146301 1.477286 -5.714952 
-1.520908 1.636195 -4.806919 
-1.211257 2.278441 -4.112128 
-0.655058 1.794542 -4.526555 
-0.004535 1.317263 -5.070814 
-0.701410 0.940853 -5.096183 
-1.148356 1.783029 -5.450491 
-0.106781 1.881549 -5.212099 
0.134645 1.559345 -4.498776 
-0.110738 1.103779 -3.966916 
-1.120651 2.060621 -5.014946 
-2.251645 1.474173 -5.970098 
-1.596606 1.260243 -5.702873 
-1.824925 1.914271 -5.743178 
-1.906803 2.714491 -4.958894 
-2.089326 3.699745 -4.477695 
-1.467492 4.177591 -3.829847 
-1.867266 3.293904 -4.871161 
-2.787318 2.881386 -5.354758 
-3.281957 2.130586 -5.586055 
-2.714077 2.205814 -5.368618 
-2.605091 3.612058 -4.722256 
-2.064151 3.084985 -4.767766 
-3.518799 2.462024 -4.352823 
-4.145811 1.510925 -4.124249 
-4.408572 0.504896 -4.134898 
-3.728441 1.046811 -3.949407 
-3.730092 0.610879 -4.322920 
-4.538756 1.217707 -3.800240 
-4.694550 1.872686 -4.215334 
-3.740715 1.626561 -4.879324 
-2.722986 1.265077 -4.686177 
-2.009247 0.060725 -4.209962 
-2.840932 0.285475 -4.422032 
-4.081035 1.174874 -4.872516 
-3.527976 1.618287 -3.649284 
-2.217281 0.568810 -3.103023 
-0.636705 -0.013328 -2.141063 
0.271943 -1.178269 -2.573922 
0.028775 -1.624476 -2.836400 
0.026219 -3.193603 -3.427414 
-0.259336 -3.499053 -3.515535 
-1.033902 -1.761633 -3.922070 
-2.068868 -0.529690 -4.068563 
-3.271562 0.208740 -3.845702 
-3.857629 0.905307 -3.126042 
-2.889629 1.147063 -3.205294 
-2.360230 1.853081 -3.472700 
-2.827031 1.614782 -2.904588 
-3.583189 1.598815 -2.512854 
-3.365957 0.455847 -2.907521 
-3.025649 0.540847 -2.406022 
-2.312815 0.830334 -2.413488 
-3.465831 -3.459460 0.806456 
-2.139162 -3.502451 -0.465645 
-1.629752 -3.486400 0.054894 
-1.240927 -5.141448 -0.033546 
-0.689728 -5.947348 -0.983484 
-1.371474 -5.845657 -1.317229 
-1.963505 -5.668300 -2.130895 
-1.158465 -6.014364 -2.333200 
0.201174 -6.257833 -1.976329 
1.106738 -6.224060 -2.919150 
1.510595 -5.105374 -3.730943 
-0.108332 -5.002117 -3.658192 
-0.769163 -5.255726 -1.967137 
-0.399395 -5.714705 -0.546412 
-0.801814 -5.656718 -0.323458 
-1.161552 -5.335730 -0.555802 
-0.896338 -3.930933 -0.564358 
-0.283009 -5.128906 -0.927829 
-0.074198 -5.223631 -2.050003 
0.641226 -5.696052 -1.749916 
0.487331 -5.762978 -1.380257 
1.446821 -4.986512 -2.260094 
2.539212 -4.627848 -2.591478 
2.139497 -5.177009 -3.244282 
2.308668 -5.758633 -2.634725 
1.208180 -6.102827 -2.703422 
0.255622 -6.181623 -2.545289 
-0.168320 -5.541586 -2.524249 
-0.532342 -6.119143 -3.345519 
0.049994 -5.976197 -3.359638 
1.306487 -5.245789 -3.441025 
2.665105 -4.808632 -2.079601 
2.502013 -5.521597 -2.620398 
1.921912 -5.235834 -2.399416 
0.336532 -4.967447 -2.494768 
0.251221 -5.390614 -3.323712 
0.257582 -5.499630 -4.340192 
0.464031 -4.845474 -4.751599 
0.403547 -4.082020 -3.798851 
0.879757 -4.441532 -3.494153 
1.685221 -4.846202 -3.329377 
1.378176 -5.410362 -3.745325 
0.682196 -4.564386 -5.020771 
1.619236 -4.687907 -4.788738 
1.758846 -4.638132 -4.133724 
2.906800 -4.382887 -4.130363 
2.386114 -4.362383 -4.458786 
2.592102 -3.696564 -4.671458 
2.671519 -3.206512 -4.176383 
2.577044 -3.941579 -5.605553 
2.088622 -4.239398 -5.056306 
2.450367 -4.191318 -4.661983 
1.266255 -4.375310 -4.308817 
0.644313 -4.305840 -3.539640 
0.939827 -4.172539 -4.426945 
1.491316 -3.517818 -5.107945 
1.196490 -2.816238 -4.893553 
-0.146864 -2.157265 -4.104632 
0.072535 -2.647400 -3.429736 
0.799644 -3.334447 -2.502701 
1.117228 -4.151273 -2.600345 
1.000862 -3.532720 -3.022632 
1.166322 -3.183201 -4.173287 
2.030345 -2.629872 -3.561357 
1.782639 -3.134838 -3.557798 
1.640741 -3.640004 -4.595124 
1.414268 -3.562003 -4.887257 
0.725333 -3.332356 -4.653029 
0.646708 -3.454909 -5.618983 
0.641658 -2.920555 -4.984360 
1.043139 -2.441907 -3.518119 
0.209457 -2.047634 -3.301267 
-0.190381 -2.672736 -4.866103 
-0.232972 -2.483668 -5.727731 
-0.249357 -2.992202 -4.900674 
-0.525488 -3.520578 -5.336588 
-0.589173 -3.720604 -5.751997 
-0.257875 -3.687970 -5.461416 
-0.066848 -5.043442 -4.597215 
-0.169712 -6.030248 -5.670330 
-3.933575 -6.137798 0.152459 
-3.444206 -5.205680 0.482608 
-2.745976 -4.562606 0.813814 
-2.359857 -5.014278 1.674253 
-1.715970 -4.530737 1.535301 
-1.698944 -5.099783 1.130160 
-1.216203 -5.209016 1.744007 
-1.416620 -4.997206 3.085067 
-1.977775 -4.793543 3.410111 
-1.678383 -4.621898 3.247423 
-2.403974 -5.036653 2.274529 
-2.290395 -4.869324 0.997496 
-2.373018 -4.410998 0.872386 
-2.004428 -5.247209 1.972148 
-1.283708 -5.256429 2.076304 
-0.321198 -4.420734 2.558882 
-0.768262 -3.538177 2.944473 
-0.386814 -3.964129 2.663782 
-0.577110 -4.767973 0.955531 
-0.166192 -5.282173 2.250127 
0.391075 -4.478720 2.645384 
0.775744 -4.793503 3.344036 
0.861443 -5.184619 3.089953 
0.388276 -5.781251 2.648928 
0.011527 -4.810010 2.479246 
-0.311895 -5.145545 1.050870 
0.242179 -5.633831 0.814349 
0.478125 -4.491328 1.538159 
0.783409 -3.672264 2.655683 
1.400625 -4.637969 2.651934 
1.866203 -5.416701 2.868346 
1.860374 -6.144872 2.613941 
1.245509 -6.259973 2.706751 
1.413837 -6.086104 1.583869 
0.584325 -5.911120 1.951054 
0.140167 -5.657467 1.127872 
1.406454 -5.751149 1.469176 
1.783056 -4.368340 1.157778 
3.331285 -4.708339 0.779634 
2.741841 -5.399652 1.202765 
1.806809 -5.845363 0.994802 
0.675955 -5.994697 0.770387 
1.213572 -5.686522 0.532637 
0.978525 -4.622851 1.195932 
1.466292 -4.170794 2.049009 
2.517584 -4.200246 1.302836 
3.414881 -4.272532 1.168183 
2.577279 -4.695994 0.351193 
3.059267 -4.075181 -0.112926 
3.921652 -4.416459 0.674593 
3.629828 -4.685539 0.634001 
2.762657 -5.668845 0.851129 
2.005962 -5.894692 0.674273 
2.816495 -5.330973 -0.090204 
2.398560 -6.048915 0.262525 
1.976518 -6.557553 -0.644763 
1.319052 -6.558642 -0.601356 
0.679478 -6.261969 -0.541239 
0.858513 -5.138430 0.020211 
1.932261 -4.485521 -0.236035 
3.268070 -4.051099 -0.918908 
2.990035 -4.632925 -0.381913 
2.231914 -4.964048 1.252163 
1.934224 -6.046136 -0.259067 
1.751933 -6.627336 -0.974830 
1.872201 -6.223122 -0.008314 
2.312483 -5.849765 -1.231809 
2.616005 -5.831059 -1.617081 
3.028783 -5.324363 -1.101421 
2.607923 -5.260185 -1.942748 
2.537769 -4.004006 -2.174244 
2.383296 -4.860918 -2.737931 
1.786133 -6.080407 -2.184669 
2.111662 -6.104250 -1.627560 
1.255382 -6.105740 -1.760568 
1.361611 -6.016558 -2.004445 
1.650983 -5.774396 -2.577212 
0.632080 -5.025762 -3.371679 
-4.292580 -2.569963 -1.475647 
-2.558809 -1.465064 -2.330378 
-2.537905 -3.044254 -1.509016 
-3.191992 -3.769922 -1.349665 
-4.255074 -4.286808 -1.314032 
-3.965973 -3.719030 -1.644367 
-3.709065 -2.791832 -2.615475 
-3.228488 -3.356118 -2.631432 
-2.177090 -2.019888 -3.480385 
-2.893088 -2.216406 -3.217653 
-3.153269 -1.964294 -3.865912 
-4.195815 -2.657218 -4.088674 
-2.297408 -2.429691 -4.253962 
-2.603358 -3.539269 -4.063549 
-1.752041 -3.161786 -3.728231 
-1.691795 -2.399155 -2.846343 
-2.567932 -3.401043 -2.451413 
-2.046406 -3.866736 -2.995898 
-1.889016 -4.558509 -3.677326 
-2.442975 -3.911265 -3.612270 
-3.091963 -3.570755 -3.589474 
-2.811039 -3.638578 -3.230924 
-2.022994 -4.419512 -2.157124 
-1.245711 -4.172780 -2.148183 
-0.535328 -4.636884 -3.377096 
-1.393986 -4.955565 -4.039675 
-2.572850 -4.765513 -4.336876 
-3.050781 -4.059689 -4.035617 
-2.914352 -4.794431 -3.549477 
-1.938555 -5.553028 -3.226399 
-1.655303 -5.430503 -3.469081 
-2.527847 -5.385167 -3.986097 
-2.403825 -4.784299 -4.438210 
-2.719207 -4.025633 -5.143821 
-2.685547 -3.467039 -5.112709 
-3.215176 -3.437129 -5.571423 
-3.043225 -3.018073 -6.466167 
-2.530966 -3.896836 -5.856150 
-1.469120 -4.482063 -4.909369 
-0.991303 -4.815386 -4.678562 
-0.804710 -4.650402 -5.125086 
-0.824554 -4.340136 -3.992748 
-0.703515 -4.080879 -4.994151 
-0.536984 -2.964867 -5.630349 
-1.316379 -2.673648 -6.326718 
-1.268110 -3.535223 -6.624119 
-1.613334 -3.579737 -6.160360 
-2.530629 -4.085574 -6.032164 
-2.778172 -3.439262 -5.937633 
-1.853922 -2.502546 -5.596879 
-1.700809 -2.098057 -5.847023 
-1.535644 -1.775767 -4.520937 
-1.717818 -1.834878 -5.495190 
-1.946279 -1.382822 -5.946915 
-2.183221 -2.393389 -5.391523 
-3.236185 -1.467262 -4.825794 
-2.848288 -1.584694 -4.418256 
-1.821795 -2.015757 -4.584065 
-0.407725 -1.951373 -5.361639 
-0.300392 -2.981993 -6.075944 
-0.811354 -2.725491 -6.227128 
-1.478667 -2.899858 -6.704252 
-2.423070 -2.391887 -5.890520 
-2.256317 -2.860411 -6.296501 
-1.569529 -4.031219 -5.919481 
-1.375767 -3.696036 -5.143603 
-1.275774 -2.320743 -4.397819 
-0.722407 -2.015238 -5.424812 
-1.306758 -2.229657 -5.174022 
-1.852556 -1.713670 -5.176379 
-2.349371 -0.965821 -5.078688 
-2.509452 -1.396187 -5.337237 
-2.839108 -1.168592 -5.032882 
-2.261076 -1.743612 -4.948910 
-2.320202 -1.424612 -6.097451 
-2.126162 -0.831281 -5.690657 
1.425361 3.248138 -4.879475 
0.577546 2.734785 -3.622904 
0.414573 4.081487 -3.598804 
-0.405375 4.139035 -4.421560 
0.195978 4.323667 -4.135172 
-0.169226 4.869558 -3.004565 
-0.602823 4.521549 -3.308898 
1.010563 4.172014 -2.712627 
1.462692 4.529239 -2.158888 
1.258948 4.249172 -2.059605 
-0.105821 4.034174 -2.118789 
-1.147547 4.563060 -2.465943 
-1.677535 4.034386 -0.964342 
-1.713955 5.025072 -0.991705 
-2.482248 5.238528 -1.927428 
-3.500919 4.979703 -2.372022 
-1.981042 5.279501 -3.000166 
-1.407575 4.998225 -2.043775 
-2.191204 4.634702 -2.810473 
-2.363208 4.958892 -4.146609 
-2.116479 4.339941 -4.250807 
-1.803958 4.860247 -2.919701 
-3.499399 3.920862 -2.852966 
-3.531856 4.110022 -3.315754 
-3.645069 3.322687 -3.145394 
-3.163216 4.521383 -2.642680 
-4.047035 3.685518 -2.804866 
-3.714435 2.117674 -3.494326 
-3.820459 2.603009 -3.818684 
-2.853906 3.924300 -3.640776 
-2.811171 4.731794 -3.378021 
-3.312584 4.607613 -2.978542 
-3.179112 5.228789 -1.808648 
-3.578936 5.234539 -1.552667 
-3.650806 5.289802 -2.022689 
-4.008976 4.741684 -1.578591 
-3.236949 4.120359 -0.238250 
-2.719085 4.622135 -0.340831 
-3.990680 4.904179 -1.140325 
-3.286269 4.849148 -0.326780 
-3.051110 5.168008 -1.353410 
-3.099540 4.940587 -1.258340 
-4.419596 3.782540 -1.140063 
-4.224871 2.179741 -1.435006 
-3.872635 1.455858 -1.557296 
-4.153562 1.702609 -2.327047 
-4.705788 2.541093 -1.903462 
-4.968980 2.678590 -1.355455 
-4.620024 3.186335 -0.774579 
-4.070616 3.569664 -1.117371 
-4.569462 4.518183 -1.416013 
-4.674086 3.614028 -1.334283 
-4.275512 2.219716 -1.784970 
-4.856468 2.172744 -2.059263 
-4.247503 2.537848 -2.107163 
-3.393935 2.428552 -1.304055 
-2.370735 3.078508 -1.093814 
-2.203878 2.433480 -1.626916 
-2.851523 2.986556 -2.182558 
-2.608056 3.671096 -1.824419 
-2.413671 4.216808 -1.916776 
-2.336190 3.581358 -1.657639 
-2.791554 2.571945 -1.227021 
-3.221406 1.707669 -0.062210 
-2.976386 1.617531 -1.031783 
-3.186285 3.292404 -1.944162 
-4.225880 2.841566 -2.275873 
-4.833735 3.658606 -2.339118 
-1.534182 -0.734019 -7.972655 
-1.914736 -0.540098 -6.772971 
-2.836436 -1.336531 -5.987852 
-3.070406 -0.594306 -6.781221 
-3.184571 -1.079484 -6.483976 
-3.608497 -2.309599 -5.928383 
-3.605247 -2.649611 -5.227813 
-3.491736 -2.008695 -6.309891 
-3.205164 -0.806903 -6.753297 
-3.047737 0.387552 -6.067907 
-2.743340 0.456025 -5.441686 
-2.279956 -0.316980 -5.588454 
-2.730196 0.497897 -6.214346 
-2.505040 0.150875 -6.254563 
-3.843337 0.051556 -5.264396 
-4.303904 0.268536 -4.997085 
-3.926114 -0.097550 -5.067459 
-3.612355 -1.322175 -4.999589 
-3.580669 -1.004730 -5.156800 
-3.559506 -0.830405 -5.858613 
-3.355151 -2.233928 -6.483978 
-2.135370 -1.724344 -5.895856 
-2.039362 -0.951799 -5.147690 
-3.023481 0.107932 -4.467348 
-3.776568 -0.590561 -4.481433 
-4.112443 -0.458117 -3.732894 
-4.586664 0.208346 -2.750080 
-4.407775 0.093282 -3.401572 
-4.075433 -0.886320 -3.572132 
-2.999443 -1.351615 -2.637027 
-1.474655 -1.310182 -2.831219 
-1.346815 -1.499594 -2.671058 
-2.380566 -0.776347 -1.371574 
-2.930992 0.174765 -0.755611 
-3.030312 1.039398 -1.397915 
-3.512083 -0.020886 -1.986350 
-3.949547 -0.179352 -2.402991 
-3.864246 -0.009747 -2.101842 
-4.772571 0.310670 -1.633925 
-4.649712 0.733291 -2.664347 
-4.398191 -0.892068 -2.390937 
-4.433731 -1.498914 -2.021510 
-4.568747 -1.803799 -2.599295 
-4.388441 -1.605224 -2.239807 
-4.415131 -1.302441 -2.242468 
-3.697190 -0.510711 -1.781117 
-4.382089 -0.633793 -1.540374 
-4.626119 -1.136882 -0.813766 
-4.530983 -0.982930 -0.154972 
-3.864920 -1.369864 0.009916 
-3.683016 0.158851 -0.058730 
-4.217046 0.055573 -0.630583 
-4.116899 0.205292 -1.453781 
-3.966842 0.548723 -0.750708 
-3.714833 -0.010980 0.394227 
-3.497324 -1.010665 -0.636151 
-2.921435 -0.584367 -1.952959 
-3.657518 0.551993 -1.558090 
-4.037468 0.242396 -1.022174 
-2.657990 -0.692752 -0.997940 
-3.230480 -1.143996 -0.033285 
-3.440927 -0.048400 0.617243 
-3.424348 0.723017 0.147095 
-4.577175 1.347131 -0.470939 
-4.891868 1.703059 -0.800375 
1.459774 7.394334 2.018424 
0.463869 6.437201 2.205742 
0.147382 5.000484 2.471848 
0.471878 5.249528 2.855252 
0.969329 5.740743 3.653287 
1.988311 5.229295 3.859934 
1.764236 5.766839 3.344107 
0.788460 6.073924 2.692515 
1.233843 6.009215 2.011943 
1.243298 5.608805 3.095153 
0.791194 5.091290 3.576296 
-0.007917 4.938385 3.007420 
0.899738 5.185866 2.565946 
0.376564 5.806796 1.988611 
-0.086913 6.555602 2.576380 
0.283201 6.445399 3.682366 
0.410982 6.688228 3.778012 
-0.499824 6.777511 3.406820 
-0.418737 6.646549 4.131803 
-1.113918 6.006813 4.543227 
-1.172990 5.170956 4.252027 
-1.421450 4.200573 3.259181 
-0.442982 4.907500 3.304985 
-1.270454 5.282167 3.957392 
-2.396375 6.138166 3.585837 
-1.996313 6.146257 3.729368 
-1.553606 5.192250 4.719834 
-1.973974 5.405088 4.300317 
-1.192138 5.798957 4.596498 
-0.093991 5.484274 4.141261 
0.014278 5.430880 3.227951 
-1.000068 5.559295 2.236174 
-1.769855 4.610391 3.060581 
-2.242056 4.720957 4.595016 
-2.352488 4.439666 4.229970 
-1.885578 3.316603 3.431177 
-1.752380 3.509124 4.302581 
-2.051846 4.182099 4.936949 
-2.205107 5.229866 4.572347 
-1.203553 5.611401 3.856548 
-0.996767 3.895093 3.499881 
0.026055 3.523173 2.864883 
0.072223 1.727580 2.499966 
-1.420631 2.502802 3.129490 
-0.118596 2.900924 3.088997 
-0.526395 3.567121 3.346169 
-1.248406 3.074479 4.156142 
-1.176568 3.466242 3.979139 
-0.356952 3.495629 3.824457 
-0.434648 2.633262 3.896570 
0.481739 3.145654 4.086478 
0.649347 3.558999 3.538912 
1.392245 3.303560 2.373312 
0.886551 3.178844 2.446461 
-0.517009 3.593139 2.628392 
-1.089533 3.329879 2.284880 
-0.266998 3.451657 1.918372 
0.555447 3.592132 2.007092 
0.889631 2.835675 1.329882 
0.018495 2.585685 1.433921 
0.778376 2.842276 1.145990 
0.823519 1.976533 1.159449 
0.491638 1.057951 1.246954 
1.146863 1.572739 1.407807 
0.436239 1.590149 1.265986 
0.630270 1.955278 1.191424 
-0.401853 1.861930 1.101296 
-1.273858 2.470767 1.612719 
-0.182693 3.770930 1.104681 
3.787106 3.145814 -0.698346 
2.529878 2.750815 -0.845004 
1.473407 2.780729 -1.972843 
1.244255 0.917427 -1.649739 
0.976024 1.818882 -1.398417 
1.949720 2.866297 -0.200175 
2.754508 2.393196 0.804308 
1.880281 2.221267 -0.492630 
0.340958 1.428263 -1.132710 
0.690038 2.044669 -2.121453 
0.293921 2.706544 -1.907243 
0.098940 3.311527 -1.471929 
-1.525872 3.405531 -2.159531 
-2.372693 3.099184 -2.701939 
-2.466049 3.408218 -2.895004 
-2.047078 2.578690 -2.910045 
-1.317565 2.846069 -2.956301 
-1.471508 2.411736 -2.445418 
-1.090157 2.658498 -2.097047 
-1.413664 2.907188 -1.485330 
-0.971656 3.649055 -1.446807 
-2.169837 3.859486 -1.951988 
-1.704266 3.545859 -2.465213 
-1.250674 3.667237 -1.453782 
-0.158183 4.081328 -1.433428 
0.027130 2.674872 -2.012325 
-0.348704 1.194023 -2.901871 
-0.099700 2.023811 -3.251515 
-0.089556 2.320697 -2.530118 
-0.662081 2.790317 -2.240557 
-0.243840 2.313457 -1.729055 
-0.467888 1.501838 -1.959055 
-0.135856 1.252354 -0.955853 
0.632359 1.200199 -1.705839 
0.260409 0.051765 -1.897975 
-0.271246 0.041282 -2.062303 
-1.149896 0.650697 -1.867594 
-1.567866 1.704697 -1.078425 
-1.235912 2.442720 -0.082744 
-0.722121 1.179752 -0.574804 
0.202748 -0.364670 -1.191007 
0.489204 0.047158 -1.031729 
0.427961 -0.116477 -1.614543 
-0.163870 1.198820 -2.117166 
-1.545243 1.610412 -1.370224 
-0.564018 0.729383 -0.711733 
-0.527148 -0.848775 -0.401140 
-0.066119 -1.462522 0.025193 
0.697816 -1.603799 -0.497716 
1.243607 -1.161647 -1.713982 
0.697657 0.312910 -1.447889 
-0.612657 -0.807605 -2.130804 
-0.330861 -0.388854 -1.504614 
0.127114 0.256666 0.077118 
-0.634017 -0.074955 0.845785 
-1.463549 -0.567344 0.545337 
-1.885344 -1.625424 0.508854 
-2.819417 -1.815729 0.002545 
-3.091598 -1.311772 0.236835 
-2.599225 -0.374879 0.425708 
-1.550278 0.583406 0.421164 
-1.925766 1.284930 -0.250406 
-2.299787 0.609419 -0.046209 
-2.245515 -0.527479 -0.664790 
1.252057 -2.352736 2.410876 
2.689725 -2.153800 3.366613 
2.348780 -2.155418 2.909494 
2.487513 -2.492402 2.638638 
3.120966 -2.869666 3.137511 
3.783751 -2.715237 3.660385 
4.010289 -3.609163 3.222206 
4.146471 -3.512561 3.431828 
3.805892 -2.429236 3.322447 
3.019398 -1.773814 2.539166 
2.498888 -1.283600 2.131667 
2.992958 -1.128520 1.386247 
3.293454 -0.992050 2.429793 
4.344444 -0.620384 2.605839 
4.019588 -0.608440 2.473802 
4.149958 -0.809538 2.277731 
3.893739 -0.589033 3.009432 
4.200770 -0.378533 3.503591 
3.925234 -0.299002 3.680396 
3.654064 -0.063747 3.718612 
3.906573 -1.173774 3.821155 
4.164028 -2.152829 3.102701 
4.570442 -1.234764 3.178222 
4.454188 -0.031619 2.595929 
3.990468 1.095499 1.701341 
3.946627 1.355065 2.607135 
3.538236 1.194048 2.260579 
4.274051 1.161130 2.041553 
3.480400 0.703815 2.131992 
2.819185 0.628637 3.445429 
2.745434 -0.103587 3.452188 
4.270207 -0.422286 2.782053 
4.728072 0.166506 2.934935 
4.332818 -0.309931 2.324957 
4.888161 -0.630205 1.474633 
4.795913 0.065718 1.683155 
4.200768 0.358326 1.725053 
3.168409 0.027481 1.817429 
4.537711 -0.128433 2.376209 
3.905438 -0.907921 2.066861 
4.400783 -1.783503 1.774943 
3.799516 -1.377109 1.589635 
4.006286 -0.192329 0.611656 
4.418718 -0.564446 -0.331448 
4.089691 -1.239187 0.739325 
4.765430 -1.042116 0.622676 
5.116560 -1.249459 -0.326321 
5.349817 -1.121374 -0.439309 
5.228386 -1.897377 0.235147 
5.209930 -1.047812 1.066225 
4.867991 0.208179 0.876137 
3.550466 0.830358 0.437626 
2.733298 0.232218 -0.187493 
3.319902 -0.480014 -0.642348 
3.618834 -0.767757 -1.603777 
3.160650 -1.604540 -0.636391 
3.430843 -1.582439 0.211010 
3.595813 -0.949657 0.341620 
4.680923 -0.936668 -0.618701 
5.002369 -0.096585 -0.624719 
4.105255 0.054642 -0.996695 
3.729623 0.358201 -0.572093 
4.514017 0.872535 -1.118831 
3.061194 -0.144843 -3.608610 
1.561929 -1.090835 -2.483100 
1.577674 -0.816505 -1.812462 
1.886091 0.324279 -2.054245 
0.947231 1.096723 -1.432030 
1.408287 1.304647 -2.371593 
1.854872 0.502832 -2.347906 
2.508578 1.005592 -1.888467 
1.642121 1.580541 -0.696709 
1.039067 1.573172 -0.701329 
2.104497 1.289986 -1.399732 
1.865830 1.052178 -0.730354 
1.938101 -0.040243 -0.425309 
2.793787 -0.306669 0.175815 
2.179035 0.278846 0.587111 
3.318064 0.535748 0.445517 
3.785345 1.042113 -0.006265 
3.348612 1.474589 0.722251 
4.344595 0.934655 0.550203 
4.603359 0.924568 0.685043 
3.913411 1.349104 0.659364 
3.007236 1.199768 0.078767 
3.154702 0.548401 -0.786174 
3.163452 0.080470 -1.040084 
1.516905 -0.058224 -1.024290 
2.055855 0.622518 -0.075451 
3.157092 1.231400 0.393259 
2.648035 1.106103 1.303639 
2.352389 1.422648 0.991643 
2.038477 0.552127 0.714489 
2.106196 0.131929 0.221611 
2.096192 -1.066072 -0.319351 
2.251140 -0.809631 1.375379 
2.062409 -0.029657 2.532520 
1.614536 0.124025 1.923643 
2.188916 0.976947 1.601575 
2.365330 2.126291 2.061520 
1.777795 2.020941 2.202453 
1.394288 2.466072 1.539976 
1.904093 1.868233 2.581289 
2.471309 2.182929 3.051329 
2.485206 2.906047 2.961490 
3.029608 2.449918 2.051867 
2.845095 2.431890 1.930300 
2.868456 2.111361 1.330201 
2.843777 1.889309 1.115462 
1.511397 1.558042 1.513976 
2.051177 2.034090 2.233518 
1.707387 1.424726 3.629073 
1.367318 0.767402 3.254063 
1.116673 1.534532 2.418135 
0.176395 1.903316 2.073922 
1.516732 0.936780 2.458246 
1.958980 1.289934 2.875366 
2.571910 2.123390 2.583380 
1.684050 2.951510 2.691394 
1.195183 2.820587 3.496987 
1.721167 1.743419 3.068887 
2.067290 0.489911 2.537288 
1.867204 0.922985 3.208864 
2.563824 1.510057 3.399164 
1.799905 2.494841 3.457161 
3.244098 2.489982 2.657330 
3.906853 4.931089 1.617235 
2.505755 4.645596 2.033206 
2.301159 5.198828 1.838473 
2.689280 4.930440 1.567892 
1.763065 4.299381 0.818554 
1.086836 3.923329 0.027542 
0.334216 3.833736 -0.869334 
1.085824 3.093673 -0.559568 
-0.056759 3.727889 -0.065793 
-0.194598 4.401082 0.686407 
0.633362 4.550192 1.950834 
-0.731055 4.003215 2.367192 
-0.703165 3.415010 1.852618 
-0.588040 2.607268 2.099783 
-0.993537 3.955856 1.242143 
-0.629764 4.793831 1.117137 
-1.436305 4.528896 0.971509 
-2.288243 3.155292 0.162934 
-2.198305 3.355145 0.002364 
-0.602813 3.699032 -0.135212 
-0.773726 4.481050 -0.043198 
-0.047799 4.194029 0.008478 
0.523783 2.962881 -0.871005 
-0.261823 2.788244 -0.319288 
-0.307271 3.820754 -0.774167 
-1.177829 3.815825 -0.473942 
-1.160596 3.566034 0.382008 
-1.667346 3.943064 0.660292 
-2.636863 4.001306 1.007026 
-3.397835 4.545900 0.617388 
-4.056773 3.579688 0.358584 
-3.915135 2.889731 0.120644 
-2.491116 1.905127 -0.012448 
-2.277379 2.263258 -0.273390 
-1.441366 2.149855 -0.429349 
-1.861564 2.557806 -0.808533 
-2.068648 3.653565 -0.225813 
-1.676615 3.130075 -0.539703 
-1.676597 2.446442 -0.109184 
-1.461205 1.960142 0.189074 
-2.574811 1.686372 -0.295416 
-4.168352 1.409824 -0.184189 
-4.905328 1.682241 0.520300 
-5.016959 2.547351 0.997145 
-5.007891 3.362099 1.565590 
-5.009884 3.246267 1.240069 
-5.124195 3.454054 0.543706 
-4.876283 3.886449 0.151649 
-4.920301 3.999300 1.246346 
-4.874550 3.411183 1.199671 
-3.919748 3.313181 1.945537 
-4.096306 3.820117 1.285682 
-4.118059 4.428561 0.547053 
-4.354393 3.850452 -0.108090 
-5.000851 2.907348 -0.177976 
-5.405580 2.259203 -0.370194 
-5.303722 3.003502 -0.266310 
-4.934163 4.404267 0.910889 
-4.802675 5.145219 0.843837 
-3.963406 4.766573 0.341959 
-4.117162 3.377515 0.711844 
-4.346677 2.714677 0.805742 
-4.367639 3.786228 0.877980 
-3.909618 4.712458 1.530601 
-4.239419 5.473330 1.520950 
-5.062763 6.498983 1.616231 
-1.636370 -2.926947 4.940577 
-0.844761 -3.496578 3.994570 
0.012171 -3.388574 4.180730 
0.554863 -3.232346 3.864033 
1.095834 -2.709377 4.281663 
2.000715 -1.206601 5.162237 
1.644899 -1.847294 5.248297 
0.899659 -2.043540 5.220798 
1.219771 -2.268490 6.054659 
0.746024 -2.638260 4.619464 
-0.569971 -3.774871 3.903585 
-0.256567 -4.102626 3.795353 
0.460140 -3.824746 3.871291 
0.732026 -3.366373 4.092181 
0.741975 -3.431881 5.384346 
1.516487 -3.244689 4.643220 
2.124278 -2.709422 3.883816 
1.321824 -2.713756 3.613213 
1.777841 -2.074687 4.799634 
1.601068 -2.274876 5.484835 
2.159712 -3.658604 4.387162 
1.950092 -3.801195 4.725069 
1.796861 -3.758881 5.139182 
2.553784 -3.995504 4.647183 
2.672040 -3.560974 5.096267 
2.739974 -4.145114 4.301819 
2.222698 -4.539468 3.149500 
2.676448 -4.914975 2.666945 
2.700757 -4.579766 2.710873 
1.841975 -4.715190 3.884445 
1.819245 -4.656279 2.945059 
2.264471 -3.571045 2.756299 
2.468487 -3.138862 2.023947 
3.881216 -3.149219 2.173927 
4.172879 -3.467127 2.343424 
3.607227 -4.366221 1.953966 
3.339803 -4.572682 2.740506 
3.284785 -3.776422 3.477432 
2.557084 -3.365513 4.167626 
2.702684 -3.612607 3.150726 
3.142059 -4.165080 2.691590 
3.041308 -3.153010 2.120313 
3.056649 -2.337811 2.015977 
2.515953 -2.714493 3.432201 
3.657213 -3.411366 2.847868 
4.577128 -3.561873 1.808312 
4.685875 -3.819109 1.693859 
4.541840 -3.533933 1.464424 
4.609461 -3.489798 1.168619 
4.982245 -3.080111 0.990077 
4.657540 -2.188935 0.043937 
3.945387 -2.419935 -0.147551 
4.325914 -2.895843 0.355889 
4.013299 -3.023025 1.173998 
5.096961 -2.045109 2.272930 
-2.638581 -2.791072 2.838034 
-1.939089 -3.483674 1.944392 
-1.001946 -4.175335 1.347076 
-0.834470 -3.872638 1.260689 
-0.103966 -4.441127 0.019138 
-0.037498 -4.241162 -0.729502 
0.857258 -4.241318 0.278317 
2.019664 -4.748151 -0.641426 
2.724856 -4.013490 -1.251578 
2.187721 -2.693078 -2.030811 
1.711034 -3.104707 -1.095702 
2.444095 -3.166855 0.534394 
2.360033 -1.878833 0.755244 
2.617049 -2.127663 1.063343 
2.370090 -3.012876 1.157021 
2.599893 -3.130839 -0.100945 
2.467406 -3.464780 -1.498722 
3.597102 -3.285183 -0.870288 
4.109231 -2.878285 -0.031656 
3.893954 -3.716256 0.046135 
3.735297 -3.841983 -0.738705 
4.007337 -3.818519 -1.159361 
4.314973 -3.262578 -1.668979 
3.808282 -3.923341 -1.781687 
3.640588 -3.468701 -2.433063 
3.256627 -2.285638 -3.257813 
3.619076 -2.385864 -3.297315 
4.231083 -3.406205 -2.098931 
4.508264 -2.782146 -2.049639 
4.926854 -1.902633 -1.855026 
3.983395 -2.841459 -2.102523 
4.654905 -1.988130 -2.260599 
4.026778 -2.467472 -2.772558 
4.071088 -3.093874 -2.738314 
4.239219 -3.183760 -2.449335 
4.521453 -3.257073 -0.980033 
5.092962 -2.624125 -1.297094 
5.469044 -2.018210 -0.270855 
5.082235 -2.440760 -0.461004 
4.474815 -1.576894 -1.243819 
3.956227 -1.423803 -1.865863 
2.867296 -1.301814 -2.834812 
2.136003 -1.585517 -1.542202 
2.944548 -1.616595 -1.918695 
3.273922 -1.143186 -1.440236 
2.625353 -1.406474 -1.045604 
2.928445 -0.595590 -1.002792 
2.406678 -0.580995 -1.911151 
3.629259 -1.436030 -2.274683 
3.814409 -1.778428 -1.614415 
2.968457 -1.913427 -0.656034 
2.931992 -2.945775 -0.809402 
-4.617766 -3.258063 1.161900 
-3.304026 -3.112167 0.100913 
-2.446901 -2.989550 -0.236300 
-1.143136 -1.998996 -1.149699 
-0.949534 -0.712313 -2.560965 
-1.876147 -0.604007 -3.590400 
-1.666368 0.117826 -3.652073 
-1.013428 -0.636254 -3.229842 
-1.251158 -0.311786 -3.194378 
-0.121584 -0.529799 -1.741181 
-0.673643 -0.202522 -0.943403 
-1.063376 -0.351373 -2.022203 
-0.380540 -0.836101 -3.164630 
-0.252048 -2.502078 -3.340476 
-0.286804 -3.938545 -3.224982 
-0.489871 -3.784170 -2.350333 
-0.810012 -2.633678 -2.983899 
-1.448835 -1.402058 -4.224850 
-2.242311 -1.097810 -3.430131 
-2.992117 -1.382567 -3.386018 
-3.365998 -1.503241 -3.601152 
-3.484000 -1.589179 -2.562243 
-2.085550 -1.517627 -2.241710 
-1.758201 -1.317693 -2.011750 
-0.716155 -1.052601 -1.557724 
-0.606836 -1.925959 -1.320704 
-0.477666 -1.960306 -0.562139 
-0.326809 -1.419280 1.007484 
-0.722309 -1.869435 1.175152 
-0.636131 -1.643712 0.794278 
0.267400 -1.653175 0.650890 
0.809917 -1.625594 0.316446 
-0.017833 -1.695184 0.854552 
-0.898146 -1.848706 -0.082769 
0.348047 -2.077962 -1.290135 
0.484044 -1.959758 -0.691975 
0.931002 -1.527178 -0.190073 
0.315295 -1.575278 -0.812178 
-0.055692 -1.370256 -0.432009 
-0.611083 -1.727253 0.071364 
-1.167659 -1.553348 -0.137209 
-1.704140 -1.043963 -0.719956 
-1.032842 -1.345677 -0.133427 
-0.289346 -1.311760 0.485298 
0.692469 -1.324287 0.023823 
0.443651 -0.869086 0.092606 
0.839371 -1.024968 0.931577 
1.742898 -1.095588 0.204418 
1.494382 -1.454803 0.134413 
1.369113 -1.106033 0.962427 
3.672233 0.974971 4.086464 
3.027240 1.925144 4.389701 
3.271540 2.476376 4.113444 
3.468985 2.052059 4.889893 
2.950569 2.624784 4.499354 
1.901688 3.252447 3.270421 
1.617385 1.778240 4.352085 
1.023703 0.398676 4.868061 
1.696939 0.803984 4.771048 
1.197156 1.489271 4.785156 
1.721159 1.193696 5.382655 
2.056753 0.660529 5.171634 
1.411547 2.145126 4.365022 
0.156185 1.100024 4.071168 
-0.726604 1.131300 3.225605 
-1.481985 0.426635 3.653847 
-0.328365 1.366520 3.350695 
0.276791 2.785294 3.412446 
0.155123 3.254668 3.349022 
0.229100 2.060277 3.709031 
-0.402916 1.238750 3.749683 
-1.327765 0.848507 4.444235 
-1.187414 0.918517 3.987604 
-1.247738 1.571824 5.227170 
-1.772275 2.632023 5.887808 
-1.340513 2.658318 5.642063 
-0.012792 1.891828 5.152101 
0.287675 2.135583 4.588397 
-0.432901 2.080687 5.204951 
-1.242511 1.789614 4.989163 
-0.958116 0.814337 4.388793 
-0.367841 0.346040 4.224839 
-0.647793 0.051028 4.590013 
-0.615013 0.028556 3.874118 
0.106807 0.411143 3.716646 
1.170180 0.581260 4.038522 
0.139387 1.832878 4.524934 
-0.953961 2.811624 4.948575 
-1.286980 2.546226 5.255281 
-1.367207 2.069039 4.531966 
-1.100341 1.675875 5.306977 
-0.793850 1.018705 5.462601 
-0.516067 1.063822 4.501155 
-0.191668 1.832636 4.563341 
0.080665 1.958597 5.034659 
-0.818723 3.460525 5.274285 
-1.068193 2.676665 5.862830 
-1.733186 3.144812 6.299291 
3.971138 4.461723 4.461743 
2.560295 3.585017 4.375474 
1.724792 2.609772 5.071374 
1.852169 3.531899 4.650662 
1.936248 4.323884 4.340100 
2.224155 3.556435 3.556663 
2.072759 3.994655 5.074388 
2.597167 3.597736 5.140443 
2.926105 3.352912 5.715635 
2.307621 2.982118 6.170422 
1.638227 3.423347 6.242533 
0.953879 4.487126 5.263031 
0.279305 5.243724 4.157595 
0.591016 5.274448 4.733577 
1.165018 4.725458 4.818445 
0.486834 4.157714 4.926456 
0.780828 4.387775 5.720698 
1.384095 3.991180 5.545246 
0.807729 3.062771 6.108723 
0.016560 2.791288 5.448187 
0.018050 4.128099 5.065243 
-0.435718 4.378724 4.426452 
-0.214731 3.938464 4.811257 
-0.706051 3.471659 3.801261 
-0.924924 4.587595 2.815132 
-0.480871 4.831478 4.515591 
-0.702054 4.514963 5.787927 
-0.421394 3.970051 5.730458 
-0.528168 3.024188 6.148124 
-1.448285 3.358534 5.588292 
-1.683267 3.975352 5.168134 
-1.579627 4.214659 5.489609 
7.023436 2.224057 6.007096 
5.945126 1.809829 6.360858 
5.588343 1.148910 5.378748 
4.794884 1.591611 3.942032 
3.788175 2.208350 2.489767 
4.381353 2.451321 3.146901 
3.774829 1.746394 4.302625 
3.950770 0.716379 4.848019 
4.232186 1.364990 4.057706 
4.492287 1.995342 4.224969 
4.181824 1.441609 5.536225 
3.075861 0.753195 6.433178 
2.581768 -0.032404 6.441827 
2.984634 -0.803164 6.737679 
4.083347 -1.064503 7.535604 
5.239870 -0.780902 6.920809 
5.850888 0.241202 6.175952 
5.380699 1.029410 6.572503 
4.239162 0.220479 6.087199 
4.159942 0.821290 5.367404 
3.020919 1.049556 5.614901 
3.316568 1.444860 5.706098 
2.879966 0.417841 5.668205 
2.787729 -0.724829 6.141921 
2.814372 -0.742367 5.795688 
3.048098 -0.940720 5.402621 
2.876481 -0.521152 5.248691 
2.576860 0.703297 5.480831 
3.007097 2.185424 6.075543 
2.819713 2.652341 5.145814 
2.797508 3.575515 5.379965 
2.298559 2.642044 5.243000 
2.441482 2.066707 6.140682 
2.209092 1.079174 6.339005 
1.942345 0.540007 7.055298 
2.197868 0.664730 6.753697 
2.569542 0.242551 6.225760 
3.885937 0.392338 5.436618 
2.698537 1.087096 5.788137 
1.602321 -0.417825 6.130785 
1.514324 -0.736929 6.628648 
0.943141 0.563086 6.683407 
0.537389 1.811440 6.724683 
1.169503 2.768858 6.517076 
1.243381 1.330633 6.907768 
0.497564 0.311465 6.953040 
0.610784 0.801111 6.832275 
1.620947 1.468940 6.529650 
1.227741 1.490666 6.186589 
0.756604 1.746439 6.231280 
-0.532002 1.466840 6.530648 
-0.185717 1.101990 5.863612 
0.058577 -0.074461 4.882636 
0.984166 -0.486521 5.824784 
0.909254 1.036774 5.913970 
0.285119 0.465024 6.459693 
-0.739341 0.695341 6.027983 
-0.098028 -0.399460 5.611853 
-0.330219 0.275651 5.409648 
-0.021216 -0.259123 5.980669 
0.401897 -0.998168 5.395306 
0.832048 -1.027452 5.027401 
1.485906 -0.709124 4.694239 
2.206080 -1.323098 4.903007 
3.308945 -1.992826 5.404185 
4.051988 -1.657513 5.051986 
3.556506 -0.951709 4.405034 
2.789003 -0.403601 4.053875 
2.359024 -0.086022 3.885481 
1.125634 0.512683 4.402942 
1.165577 -0.387574 4.598721 
0.074035 -0.559343 5.948853 
0.676346 -0.828012 5.878709 
0.626552 -0.723967 4.598770 
0.903574 -1.395084 3.610158 
0.904268 -1.304723 3.105853 
0.298892 -1.608750 3.429345 
0.522088 -2.137645 2.635181 
1.280694 -0.977122 3.011349 
1.370542 -1.358597 4.211837 
1.215272 -1.511062 5.837260 
1.162495 -1.227622 5.934706 
1.914332 -2.114417 6.103709 
2.461629 -2.259673 5.852850 
3.305398 -1.808147 4.686255 
3.425427 -2.308657 4.286853 
2.839086 -2.420232 4.766825 
2.652719 -1.583104 4.824371 
2.793292 -0.980692 4.349432 
2.085579 -1.023272 3.312016 
