Snapshot 0 0.000000
-1.133794 3.708755 3.784561 
-1.019073 3.051543 3.039637 
-1.337670 2.735298 2.146058 
-0.578155 2.536518 1.526685 
0.340489 2.141433 1.527334 
-0.028851 1.798657 0.663568 
0.969324 1.747916 0.696295 
0.705359 0.906729 0.224358 
-0.267879 0.714977 0.097714 
-1.186939 0.322626 0.060441 
-1.897872 -0.004119 -0.562305 
-1.885230 -0.889785 -1.026456 
-1.012832 -0.910042 -0.538080 
-0.101420 -0.862932 -0.946868 
0.648624 -1.392800 -0.551046 
1.497613 -1.831777 -0.845183 
1.892071 -2.505564 -1.470013 
1.464237 -3.370536 -1.732277 
1.657950 -3.822462 -2.603045 
1.274049 -4.074433 -3.491376 
Snapshot 10000 473.396720
0.172133 1.377988 1.924276 
-0.095644 -0.221698 0.197660 
0.349085 -0.193574 1.390100 
0.064921 1.267970 0.889436 
0.634655 2.326885 1.461043 
0.653291 1.740068 2.588692 
1.514539 1.162481 1.759949 
0.433821 0.910498 -0.776763 
0.932769 0.995518 0.407971 
-0.675311 -0.812511 0.286459 
-0.506494 0.521901 0.615533 
-0.694585 0.138745 2.706870 
-0.936635 0.195206 1.251902 
0.816203 -0.527605 0.150088 
0.134355 0.034605 2.935978 
-0.664079 1.348068 1.816038 
0.629654 0.663409 1.740769 
-0.068552 -1.071247 1.615716 
-0.049877 -1.811894 0.619965 
-0.895347 -0.881833 1.774206 
