Snapshot 0 0.000000
-1.383037 0.726203 -1.444862 
-1.897490 1.066522 -0.657765 
-1.441528 0.267379 -0.266014 
-1.965514 -0.265123 -0.930755 
-2.080308 -1.081690 -1.496475 
-1.573791 -1.170586 -0.638840 
-1.571963 -1.950128 -0.012491 
-1.096704 -1.969821 0.867134 
-0.211641 -1.675132 1.227443 
0.712199 -1.302232 1.141045 
1.503563 -1.769260 1.535542 
1.946483 -1.009905 1.058885 
1.149256 -0.433814 0.878475 
1.222668 0.501225 0.531614 
1.149793 1.206719 1.236573 
0.324583 1.035101 0.698450 
0.834978 1.813769 0.333523 
1.429167 1.663419 -0.456625 
1.266949 2.048262 -1.365240 
1.682340 2.299092 -2.239617 
Snapshot 10000 473.568421
0.780523 -0.983579 1.113432 
0.510721 -3.088401 1.826653 
0.785976 -1.815260 1.788571 
1.051603 -2.267929 0.298990 
1.347955 -1.574766 -0.304912 
1.180050 -0.477625 0.486832 
2.264520 -1.199161 0.929299 
1.615906 -3.869052 1.090071 
1.791901 -2.523658 1.029955 
-0.288534 -2.998873 2.359839 
0.372601 -2.545438 1.016205 
-0.674462 -1.008076 1.314485 
-0.465975 -2.202491 0.995205 
1.385295 -3.160858 2.488058 
0.082291 0.063070 1.953874 
-0.172898 -0.906335 0.415120 
0.567781 -1.544513 0.198599 
0.486880 -1.663839 2.530018 
0.289420 -2.546340 3.502282 
-0.621939 -1.626340 2.323359 
