Snapshot 0 0.000000
-22.950948 25.488355 7.255113 
-22.766275 24.893920 6.472462 
-22.742198 24.726863 5.486809 
-22.998183 23.984875 6.106426 
-23.699555 23.407511 6.524431 
-24.011039 23.589754 5.591819 
-24.326324 22.643956 5.513951 
-25.025819 23.295532 5.807474 
-25.650005 23.831928 6.375515 
-26.221202 23.049889 6.126218 
-25.746669 22.361734 6.675091 
-26.041238 21.533287 6.198747 
-25.046624 21.636006 6.212586 
-24.358428 21.573853 5.489727 
-23.428926 21.916761 5.625523 
-22.820478 21.276544 6.094472 
-22.173152 20.515440 6.135574 
-22.159962 20.105047 7.047387 
-21.970658 21.026000 7.387989 
-22.065199 20.311674 8.081387 
-22.867106 19.714249 8.086776 
-23.779076 20.122240 8.043733 
-23.548682 21.094070 8.093369 
-22.943726 21.874225 8.252699 
-21.961946 22.064112 8.245539 
-22.253601 21.645527 9.105611 
-22.495030 21.345232 10.028398 
-22.740731 21.667016 10.942775 
-23.505992 21.644312 10.299455 
-23.667651 20.839586 10.870666 
-22.852338 20.337682 10.581948 
-23.604427 19.696551 10.734634 
-23.343154 18.811713 10.348889 
-23.261348 18.743206 9.354598 
-24.026038 19.316577 9.648696 
-24.919614 19.700192 9.881854 
-25.728303 19.686447 10.469930 
-26.494316 19.384628 9.902366 
-27.308375 18.999533 9.467613 
-27.515877 19.914914 9.812605 
-28.267502 20.090056 10.448518 
-27.886454 21.010809 10.532276 
-27.675148 21.420534 11.419674 
-27.276923 22.332785 11.515664 
-26.620940 21.843504 10.940956 
-26.060301 21.160677 11.409391 
-26.092520 20.412470 12.072074 
-27.029850 20.760514 12.088753 
-27.934587 20.985605 12.450395 
-28.806298 21.155861 12.909886 
-28.401684 21.952307 12.460485 
-27.580169 22.416487 12.791622 
-27.127729 23.289582 12.973285 
-27.036857 24.111772 12.411373 
-26.296756 23.865059 11.785767 
-26.171911 23.768819 10.798269 
-25.776945 23.328535 9.991949 
-26.127398 22.479881 9.595757 
-26.053329 21.949458 8.751266 
-26.286513 21.120771 8.242440 
-25.307418 21.309916 8.317252 
-25.088779 20.709386 7.548122 
-24.757322 19.923799 7.025637 
-24.133547 19.159061 7.187128 
-23.275026 19.471065 6.780194 
-23.770209 19.915136 6.033471 
-23.831588 20.566407 5.277112 
-24.353922 20.473099 4.429491 
-23.947575 21.307059 4.056137 
-24.859853 21.107482 3.698480 
-25.740990 20.772774 3.364462 
-26.329306 20.071775 2.961369 
-26.640925 20.572355 3.769028 
-26.797078 21.540091 3.571281 
-27.190682 21.797779 4.453705 
-27.685795 22.110236 5.264405 
-26.758820 21.828922 5.512559 
-27.071158 20.962044 5.901105 
-27.340225 20.055982 6.227687 
-28.053317 19.412658 5.949060 
-28.314117 20.377669 5.921914 
-29.246929 20.288426 6.271054 
-29.078329 20.030541 7.222405 
-29.144760 19.341984 7.944538 
-29.630337 19.500532 8.804235 
-28.644242 19.581175 8.949543 
-28.901338 18.625500 9.093024 
-29.733289 18.087421 9.228409 
-30.393839 18.404568 9.908918 
-30.329810 19.350052 10.228229 
-30.004093 19.328246 11.173444 
-29.210043 19.825500 10.823841 
-28.803830 20.519500 11.418277 
-28.941190 21.378147 10.924457 
-29.819989 20.901095 10.912908 
-30.799000 20.700924 10.874572 
-31.453019 19.947061 10.811731 
-30.960191 19.797916 11.668980 
-31.867184 20.181840 11.842087 
-31.349460 20.648881 12.558910 
-30.716944 20.302576 13.251727 
-29.922120 20.777877 12.874442 
26.621352 -47.952345 -11.009387 
27.477047 -47.437874 -10.953641 
27.863021 -46.703591 -11.512077 
28.025189 -46.482127 -12.473667 
28.383375 -45.922829 -13.221256 
28.887610 -46.226284 -14.029749 
28.832271 -47.222596 -13.964167 
28.991099 -47.195764 -14.951109 
29.904637 -47.046751 -14.572633 
30.677455 -46.968986 -15.202477 
30.868800 -47.948887 -15.146071 
30.406676 -48.305728 -14.334217 
30.130252 -47.937479 -13.446533 
30.491182 -47.701009 -12.544418 
30.419744 -47.455042 -11.577776 
29.763895 -48.163826 -11.317993 
30.181753 -47.601275 -10.604599 
29.288825 -47.881125 -10.251946 
29.424154 -48.343981 -9.375904 
30.343312 -48.115161 -9.055296 
30.580120 -47.343788 -9.645979 
31.299911 -47.514450 -8.973093 
32.079591 -47.332005 -8.374082 
32.568114 -47.699364 -7.582633 
33.033882 -48.335456 -8.197814 
33.573815 -48.745837 -8.932701 
32.966799 -48.779772 -9.726666 
32.410486 -47.950710 -9.782992 
32.842718 -47.307422 -10.414938 
31.866803 -47.097745 -10.354735 
31.738426 -47.478980 -11.270256 
31.276369 -48.349472 -11.439806 
31.490824 -48.213384 -12.407013 
32.475824 -48.158648 -12.243365 
32.854423 -49.044636 -11.975619 
32.832950 -49.401733 -11.041799 
33.734637 -49.833654 -11.061902 
34.510078 -49.373514 -10.629510 
34.549383 -50.114401 -9.959032 
35.547954 -50.065978 -9.936433 
35.181473 -49.466331 -9.225016 
34.903362 -49.242715 -8.290858 
34.669127 -49.037122 -7.340666 
35.059426 -49.248472 -6.444564 
34.873282 -49.169716 -5.465203 
34.987685 -48.611577 -4.643380 
34.166321 -49.137813 -4.423296 
34.228963 -50.068422 -4.062679 
34.123210 -51.060078 -3.988963 
34.905739 -51.596685 -4.304719 
35.594404 -51.494476 -3.586880 
35.117856 -51.092928 -2.804792 
35.760066 -51.810938 -2.536411 
35.032700 -52.224255 -1.988590 
34.138909 -52.580342 -1.715937 
33.742846 -51.849839 -1.159611 
34.171042 -51.515379 -0.320096 
33.296775 -51.089024 -0.552214 
32.514711 -50.539236 -0.258772 
32.789187 -50.799720 0.666869 
31.847641 -50.562597 0.906169 
30.958422 -50.228267 0.593897 
30.594972 -50.853673 1.284384 
30.913100 -51.686635 0.831650 
30.935670 -52.681556 0.929745 
30.816506 -53.316635 1.692946 
30.733204 -53.852297 2.533259 
31.458566 -54.517658 2.356782 
31.225171 -55.377530 2.810818 
30.736644 -54.674639 3.327815 
29.762760 -54.750765 3.541717 
29.517874 -53.908274 3.061885 
28.955837 -53.931638 3.888666 
28.325186 -53.779974 4.649769 
28.380383 -52.904200 4.170214 
28.699946 -52.681090 5.091138 
29.414291 -53.346695 5.307196 
29.782703 -52.579435 5.832158 
29.665174 -51.956186 6.605299 
29.153801 -51.449842 7.299643 
29.265905 -50.932147 6.451455 
28.500560 -51.299769 5.923155 
27.689137 -51.788910 5.603258 
28.349382 -51.538050 4.895341 
28.466409 -50.880996 4.150636 
29.288082 -51.227806 3.698335 
29.612468 -50.282006 3.713741 
29.370400 -49.587759 3.035933 
29.795736 -48.685373 2.966741 
29.925493 -48.182104 3.821074 
28.976438 -48.320354 3.537912 
28.260550 -48.257521 2.842529 
27.480951 -47.867414 3.332468 
27.924596 -48.075481 4.204183 
28.330726 -47.337604 4.743254 
-11.515948 -13.127465 -8.214687 
-12.009092 -12.334722 -7.856401 
-11.820483 -11.670316 -7.133220 
-10.910754 -11.990556 -6.868948 
-11.052846 -11.146210 -6.352334 
-10.555556 -10.340521 -6.674154 
-9.913111 -9.818325 -7.235025 
-9.119161 -9.311743 -7.571205 
-8.526926 -8.941012 -8.286618 
-7.790511 -8.923037 -8.962909 
-8.150196 -9.761200 -9.372920 
-7.275349 -10.192305 -9.152031 
-6.436686 -9.715487 -8.888802 
-6.532387 -8.747875 -8.655200 
-6.987318 -8.293561 -7.889278 
-6.913512 -9.288070 -7.815084 
-6.320175 -8.898414 -7.110727 
-5.772198 -9.734357 -7.080390 
-4.828845 -9.673268 -7.406509 
-3.914736 -9.946697 -7.705911 
-3.820875 -9.057623 -8.153946 
-3.185029 -8.863549 -8.900964 
-4.033710 -9.105598 -9.371233 
-3.578056 -9.607033 -10.106721 
-2.667385 -10.009986 -10.197867 
-2.674922 -10.873767 -9.694055 
-3.400515 -10.432672 -9.165898 
-2.965110 -10.790253 -8.339728 
-3.205222 -11.760528 -8.309526 
-3.059110 -12.527350 -7.684516 
-3.764440 -11.927725 -7.306417 
-4.475277 -11.248422 -7.124048 
-4.846727 -12.075926 -6.703023 
-5.750407 -12.408546 -6.972703 
-6.687685 -12.545723 -6.652246 
-7.271794 -11.734048 -6.651377 
-7.875223 -11.953670 -5.884801 
-6.916847 -12.016221 -5.606228 
-7.013337 -11.059080 -5.879305 
-7.317460 -10.371554 -5.219898 
-6.992038 -9.470079 -5.505282 
-6.255322 -8.877720 -5.179152 
-5.784678 -9.759105 -5.138473 
-5.392617 -9.144511 -4.453957 
-5.180532 -8.402001 -3.818584 
-4.916320 -7.449079 -3.967351 
-5.452777 -6.761221 -3.478409 
-4.885972 -5.943485 -3.578615 
-5.500171 -6.040854 -4.361736 
-4.655017 -6.277577 -4.840984 
-3.739315 -5.974102 -4.577559 
-3.202670 -5.390095 -5.186614 
-3.848880 -4.706514 -5.525923 
-4.593617 -5.334263 -5.752412 
-4.824558 -5.410399 -6.722396 
-4.810196 -6.350354 -7.063391 
-5.355169 -7.065778 -7.500624 
-5.714498 -7.701670 -8.183650 
-5.546122 -8.221790 -9.020981 
-4.724027 -7.652903 -9.043944 
-4.691227 -7.200678 -9.935244 
-4.003619 -6.494754 -9.765340 
-4.676535 -6.375173 -9.035350 
-4.273120 -5.503090 -8.758352 
-3.439077 -4.952867 -8.798684 
-3.292395 -4.585815 -7.880121 
-2.761312 -4.844843 -7.073365 
-1.828319 -5.098645 -7.328528 
-1.176460 -5.247181 -6.584877 
-1.797985 -5.667340 -5.923686 
-2.063654 -4.705429 -5.859284 
-1.266674 -4.397334 -5.339765 
-1.718685 -4.907473 -4.608024 
-0.893890 -4.628702 -4.116088 
-0.287552 -4.832559 -4.884721 
0.638235 -4.463321 -4.965844 
1.224560 -3.718267 -4.647854 
0.603094 -3.571143 -3.878350 
0.606825 -4.525974 -3.581224 
0.133425 -5.399576 -3.468479 
0.074276 -6.364742 -3.723345 
-0.618967 -6.978808 -3.346068 
-0.511451 -6.538901 -2.454484 
0.286568 -6.921649 -2.919961 
21.801852 7.889055 33.879513 
21.660865 7.859724 32.889937 
21.068887 7.269728 32.340877 
20.354162 7.436531 31.661653 
19.575297 7.723074 31.103745 
18.601994 7.520084 30.996614 
18.155439 8.026750 30.259133 
17.311992 7.511147 30.409961 
16.986562 7.701002 29.483651 
16.315791 7.446179 30.180165 
15.525422 8.027754 30.372745 
15.777553 8.739352 29.716956 
15.458567 8.601089 28.779336 
16.273389 9.180647 28.766012 
17.088448 9.742352 28.908024 
17.858478 9.402826 28.367862 
18.271770 10.312433 28.410326 
17.899512 10.791174 27.615197 
18.539491 11.557693 27.561579 
17.899901 11.766873 28.301288 
18.054201 11.175301 29.092637 
17.079792 11.382328 29.005075 
16.902969 11.263928 29.982171 
16.033668 11.477032 29.536185 
15.213478 12.048758 29.556609 
15.048091 11.251780 28.975684 
14.527485 11.363087 29.822194 
14.569193 11.513074 30.810002 
14.964742 10.754773 31.328191 
15.851912 11.175210 31.138026 
16.300995 11.368679 32.010318 
16.831070 11.723650 31.240243 
17.704620 11.673521 31.724390 
17.653348 10.749192 32.102528 
17.347322 10.025041 32.720551 
16.454468 9.634779 32.945292 
16.317969 8.682869 32.671002 
17.121539 8.605085 32.080896 
16.866490 8.160228 31.222379 
16.615835 7.346274 31.746450 
16.199019 7.478514 32.645771 
17.173040 7.668542 32.768945 
16.865306 6.867349 33.282160 
17.710701 6.789020 33.810528 
18.025695 6.255825 34.595692 
17.564531 5.422535 34.900578 
17.160726 5.663134 34.017938 
17.294740 5.327929 33.085373 
17.156441 5.758834 32.193636 
17.619921 6.557092 32.578304 
18.205285 6.149725 31.877304 
19.000494 5.689578 31.482452 
19.800397 5.372907 30.972674 
19.554226 5.683628 30.054604 
20.359099 6.085168 29.617631 
20.346820 6.955493 29.125306 
19.831044 7.811371 29.163348 
19.375801 7.344671 28.405097 
19.205127 6.363190 28.492076 
19.407833 5.543855 29.028359 
18.671345 5.048060 28.568172 
19.478124 4.576889 28.211654 
19.937655 4.318847 27.361803 
20.269994 5.259523 27.430209 
19.682062 6.063287 27.521300 
20.505103 6.578631 27.760095 
20.815842 6.622977 26.810635 
21.389289 7.185283 26.214841 
22.112083 6.939402 26.860682 
22.010511 6.205107 27.531870 
22.656126 6.053550 26.783397 
23.259425 5.256074 26.791201 
23.882269 6.025342 26.933653 
24.074770 5.725082 25.999422 
24.652199 5.098282 26.522584 
24.866810 6.065224 26.660301 
25.118107 6.963244 26.299178 
25.451298 7.080112 27.234767 
26.369540 6.804923 26.949981 
26.645508 6.232848 26.177600 
27.217612 6.281433 25.358859 
27.632599 5.555342 24.810609 
5.452452 46.326155 71.478913 
4.713973 46.331150 72.153171 
3.902057 45.977881 72.617922 
3.486832 46.181853 73.504479 
3.288061 45.282338 73.893533 
2.648105 45.350234 74.658939 
2.098207 44.747437 75.237081 
1.798634 45.625476 75.610316 
2.350774 46.275404 76.132556 
3.149988 45.688694 76.263051 
3.634002 46.301385 76.887822 
4.425319 46.229503 77.494988 
4.928069 46.597249 78.277296 
4.241433 46.201460 78.887117 
4.222988 45.389917 79.471119 
4.109848 44.404508 79.343965 
4.725654 44.622930 80.100983 
5.458035 44.724264 79.427670 
6.250380 44.915074 78.848204 
6.637324 44.942542 79.769898 
7.240271 45.291973 80.487083 
7.919547 45.699337 81.097523 
8.016583 44.741406 80.827426 
8.783166 45.326454 80.562718 
9.523623 44.676444 80.391808 
10.356547 44.304734 79.981846 
9.478234 43.936662 79.676742 
9.609262 43.271680 80.412018 
10.036659 43.746349 81.181447 
9.540528 43.249878 81.893747 
10.524886 43.074930 81.914532 
11.421823 43.179692 82.344100 
11.495053 43.742210 81.520564 
11.770414 43.095298 80.809452 
12.190833 43.199419 79.908116 
11.906762 43.074326 78.957508 
11.482211 42.230221 78.630028 
11.889206 41.493953 79.170643 
11.661432 42.173118 79.868393 
12.327026 41.524696 80.237897 
11.547453 41.000469 80.580611 
10.799891 40.962531 81.243718 
9.910552 40.521692 81.122320 
9.691332 39.832630 80.431570 
8.838135 40.251457 80.742438 
8.578032 40.381258 79.785621 
7.896245 39.905724 79.229713 
6.970124 40.035665 79.583854 
6.262499 39.741442 78.941438 
5.578419 40.431472 78.705018 
5.262150 41.302313 78.328707 
4.979732 40.526858 77.763986 
4.132834 40.526979 78.295741 
3.577011 39.822220 77.854860 
3.002159 39.175560 78.356235 
2.219959 39.020133 77.752905 
2.134355 39.912231 78.196565 
1.681989 40.804001 78.207105 
0.776326 40.380192 78.194427 
0.738359 41.012936 78.967857 
0.257210 41.356499 79.774368 
-0.008425 41.271564 80.734693 
-0.178037 42.187958 80.372128 
-0.352984 43.134353 80.100593 
-1.238982 43.525255 80.350000 
-1.856140 42.740310 80.404563 
-1.644870 42.022780 81.068277 
-1.787897 42.315029 82.013863 
-2.286305 42.596582 82.833812 
-2.308026 41.883547 83.534605 
-1.369536 41.666667 83.803304 
-1.070869 40.794661 83.415484 
-0.246093 41.171944 82.994293 
-0.183312 40.693019 82.118685 
0.796433 40.880003 82.047013 
1.188954 39.963419 81.970856 
0.832892 39.724956 82.874380 
0.029999 39.242525 82.524205 
-0.645389 38.514171 82.639753 
-1.538322 38.905397 82.417014 
-30.425948 66.816755 23.321213 
-30.940853 67.673987 23.326331 
-30.472602 68.076999 22.539996 
-30.665527 67.993042 21.562381 
-30.501720 68.178083 20.593398 
-30.574539 68.064906 19.602495 
-30.022116 68.846080 19.311641 
-30.705643 68.760888 18.586704 
-31.670352 68.773979 18.323713 
-31.869425 69.312150 17.504725 
-31.144468 68.911072 16.944747 
-31.053077 69.789006 16.474769 
-31.445534 70.642973 16.816409 
-31.910933 71.153309 16.093249 
-31.497424 71.951030 15.654327 
-30.951507 71.141008 15.440226 
-30.110462 71.618477 15.185932 
-30.554879 72.497465 15.013095 
-31.284843 73.128982 14.751676 
-31.680648 72.343243 14.276331 
-31.841350 72.105140 13.318479 
-31.472575 71.231076 13.002227 
-31.807266 70.777477 13.828199 
-32.691523 70.325834 13.946974 
-33.393370 70.265539 14.656746 
-34.246233 70.775192 14.770229 
-34.730100 69.950330 15.062589 
-35.348167 69.196572 15.285845 
-34.980814 68.633833 16.026370 
-35.052468 67.684051 15.721772 
-35.698552 67.031472 16.117644 
-35.257573 67.160821 17.005791 
-34.440710 67.600677 16.632614 
-34.526065 68.495291 17.071225 
-35.326885 69.076357 16.926138 
-35.621278 70.028637 17.006735 
-34.680820 70.362681 17.069607 
-33.957755 69.676260 16.992123 
-33.404444 70.506628 17.057972 
-32.876453 71.353338 17.123613 
-33.351225 71.277968 16.246737 
-34.265089 71.094189 15.884690 
-35.226851 70.987760 16.137055 
-34.974160 71.954085 16.185673 
-34.914637 72.176314 15.212497 
-35.070730 72.212307 14.225411 
-35.269036 73.149742 13.939247 
-34.482420 73.125890 14.556228 
-34.138023 73.238503 13.624182 
-34.690620 73.787379 12.996988 
-35.374997 73.105640 12.738414 
-36.066016 72.757712 13.372006 
-36.213559 73.567103 13.940441 
-36.115016 74.413032 14.464552 
-35.234298 74.591322 14.025749 
-35.351707 75.235557 13.269986 
-34.874604 75.787076 13.954237 
-34.720471 76.745261 14.195327 
-34.325232 76.615575 15.104704 
-34.368424 75.639877 14.889885 
-33.813110 75.603220 14.059052 
-33.293886 74.855882 14.473652 
-32.466373 74.792840 13.915757 
-32.688238 75.763736 13.825556 
-32.161634 75.460263 13.031457 
-33.040410 75.420176 12.555909 
-33.561902 75.868480 11.829914 
-34.057089 75.057383 12.141220 
-34.086514 75.182831 13.132883 
-33.316370 74.551961 13.227128 
-32.965916 73.656142 13.500423 
-32.165229 73.812539 14.078731 
-31.173465 73.810690 13.950663 
-30.209690 74.077022 13.936322 
-29.441104 74.584926 13.547337 
-28.474472 74.347811 13.450389 
-27.972619 73.648470 13.959375 
-28.311108 73.351415 14.852226 
-33.845148 10.950155 55.339013 
-34.721307 11.124346 55.788460 
-34.391206 10.389358 56.380766 
-35.294702 10.515040 56.790522 
-35.216508 9.543851 57.015638 
-35.213711 10.136890 57.820807 
-35.848931 9.482975 58.231771 
-35.756784 10.201162 58.921493 
-36.655013 10.393029 59.316931 
-37.058631 11.299628 59.193763 
-37.698942 12.067261 59.220997 
-38.623670 11.697829 59.129364 
-38.947464 12.616205 58.901892 
-39.877300 12.270777 59.028715 
-40.758144 12.624755 58.714371 
-40.858972 12.874198 59.677497 
-40.644546 13.743051 60.123721 
-40.589589 14.400618 59.372332 
-41.461215 13.932160 59.516608 
-41.835863 13.548459 58.672562 
-41.844702 12.577218 58.910497 
-41.573817 12.048501 58.106085 
-40.952045 12.040747 57.322925 
-41.396358 12.894774 57.593524 
-41.569731 13.057028 56.622126 
-42.373042 13.284527 56.071728 
-43.062137 14.001887 55.969059 
-43.686947 14.431057 56.621305 
-44.242064 15.262785 56.612786 
-44.593355 16.092779 57.046034 
-44.661450 15.753607 57.984291 
-44.875547 16.447395 58.671910 
-45.024522 17.225221 58.061342 
-45.777159 17.641964 57.551574 
-45.281035 18.310392 58.105708 
-44.369914 18.137356 58.479765 
-43.983431 19.025583 58.231404 
-43.413635 19.840524 58.337255 
-42.514063 19.558932 58.003375 
-42.455367 20.010114 57.112876 
-42.547778 20.801682 56.508822 
-42.085386 20.085491 55.986074 
-41.359472 20.196157 55.307250 
-40.484066 20.373152 55.757068 
-40.471010 20.118471 56.724005 
-41.068955 20.623827 57.346160 
-40.845420 21.377730 57.963948 
-40.657240 22.342561 58.147493 
-41.297208 23.018618 58.512716 
-42.189318 23.054015 58.963145 
-41.794773 23.898489 58.600934 
-41.027466 24.164286 59.184538 
-40.351313 24.110132 59.919306 
-39.373083 24.057375 60.120014 
-39.410947 23.192018 60.619738 
-38.431155 23.310036 60.458250 
-37.732756 23.746796 61.025241 
-37.521415 24.719934 60.933935 
-37.487591 24.456108 61.897912 
-37.931323 23.717077 62.404799 
-38.341044 24.530045 62.818576 
-38.994941 23.813383 62.576060 
-39.538944 22.987997 62.727052 
-40.051975 22.692084 63.532803 
-40.644283 22.632342 64.336297 
-40.228138 23.179020 65.062910 
-39.722073 23.881634 65.563142 
-40.623731 24.016013 65.974183 
-40.780367 24.809559 66.562187 
-40.296817 25.319223 67.273821 
-40.295421 26.008064 67.998732 
-40.108281 26.367274 68.913033 
-39.961885 26.337785 69.901820 
-39.425657 27.179272 69.967834 
-39.411006 27.973513 69.360407 
-39.889755 27.594095 68.568674 
49.563252 -55.627945 37.435313 
49.148803 -54.733005 37.270041 
48.511404 -54.091705 37.697191 
47.883170 -54.869589 37.682361 
47.184908 -55.311064 37.118864 
46.897986 -56.200142 36.762188 
46.346377 -55.416929 36.475299 
46.353972 -54.420606 36.389954 
45.554019 -54.745855 35.885682 
46.091043 -54.741826 35.042125 
45.133152 -54.455964 35.015172 
44.522321 -55.201599 34.748874 
44.061223 -55.606647 33.959365 
44.334325 -56.145766 33.162643 
43.544278 -56.634444 32.792481 
42.756845 -56.205906 32.349419 
41.864915 -55.804052 32.142116 
41.958151 -54.826394 31.953723 
41.261857 -55.263630 31.384514 
40.760944 -55.548288 30.567166 
40.036562 -55.219744 29.961089 
40.477142 -55.799415 29.275617 
40.428647 -56.687656 28.818807 
39.969696 -57.569597 28.926253 
40.964928 -57.570674 29.023788 
41.709010 -58.233989 29.103507 
41.138668 -58.669808 28.407252 
41.749782 -59.268378 28.925182 
40.840589 -59.573095 29.208934 
40.786723 -60.007777 30.107906 
41.725398 -59.705782 29.941510 
41.744224 -59.208398 30.808836 
42.211760 -58.377548 30.507012 
43.150375 -58.430893 30.847828 
42.935588 -59.302934 31.287613 
42.736569 -60.137817 31.800801 
43.452423 -59.527290 32.139636 
44.426052 -59.299152 32.139879 
44.488438 -60.278397 32.332715 
44.089726 -61.188678 32.444152 
44.093647 -61.644565 31.554123 
43.513678 -62.457810 31.506495 
44.135313 -63.146743 31.133748 
44.788444 -63.632438 31.714713 
45.455235 -63.007637 31.308494 
46.345496 -63.085360 30.859724 
47.280001 -62.848623 31.125536 
47.057492 -62.693371 32.088026 
47.086616 -62.429690 33.052196 
47.795310 -62.261569 33.737389 
47.689753 -62.032720 34.705111 
46.763913 -62.005696 35.082059 
46.122252 -62.762414 35.207151 
46.043617 -63.122641 34.277607 
45.612808 -62.363121 33.790233 
45.620853 -61.406698 34.082106 
45.442367 -60.432592 34.220890 
44.785648 -60.495628 34.972386 
43.801032 -60.630614 35.083339 
42.870373 -60.527341 35.434352 
42.756790 -60.647656 34.448135 
43.248827 -61.323506 33.899386 
43.888654 -61.773990 34.522031 
44.626701 -61.199344 34.168379 
44.746588 -61.693865 33.307522 
44.868551 -62.595098 32.891703 
44.155273 -63.181154 33.276114 
45.054135 -63.499379 33.577413 
8.260652 -18.475045 48.329013 
8.165611 -18.838492 49.255767 
8.126085 -19.826325 49.105355 
7.892703 -20.615210 48.536854 
7.296441 -20.090136 47.929591 
6.920281 -20.331786 48.824079 
6.683285 -21.143963 48.290974 
5.738582 -21.060841 48.608191 
5.603606 -22.032004 48.411662 
6.336248 -22.572203 47.997632 
6.140441 -23.526121 47.770255 
5.541089 -24.274140 48.055289 
6.493285 -24.386253 48.339463 
6.976596 -24.866329 47.607385 
6.704801 -24.465137 46.732644 
5.930158 -24.691574 46.142173 
5.712044 -24.832071 45.176416 
4.953221 -24.457585 44.643549 
4.078320 -24.940561 44.679360 
3.197724 -25.239019 45.047427 
2.895020 -24.655123 44.294144 
2.208969 -25.371227 44.422709 
2.919425 -26.074504 44.397136 
2.485172 -26.086336 43.496423 
2.258340 -26.791242 42.824370 
2.351995 -27.652335 43.324117 
3.254899 -27.936155 43.646933 
3.086987 -28.048875 44.626269 
3.840700 -27.733859 45.203055 
4.096411 -27.291152 46.062486 
4.601606 -27.003404 45.248865 
5.032401 -27.654198 44.623659 
5.335054 -26.728065 44.398541 
5.646911 -25.801205 44.607530 
5.983808 -26.425684 45.312176 
5.840554 -26.283304 46.291567 
4.872068 -26.053878 46.194619 
4.827920 -25.292566 46.841500 
4.076611 -25.114542 47.476987 
3.553019 -24.446135 48.005270 
3.132496 -23.943328 48.760482 
2.329242 -24.520656 48.613938 
1.609027 -24.681963 47.939200 
2.560338 -24.715561 47.632805 
2.156450 -24.155183 46.909720 
2.139769 -24.578137 46.003722 
1.388522 -25.188867 46.253995 
0.524381 -25.425897 46.697930 
0.266061 -26.147075 46.055145 
0.210091 -25.255099 45.606542 
0.098066 -24.263757 45.675043 
-0.462371 -24.714082 46.370110 
-0.631792 -25.329441 47.139934 
-1.460682 -24.998071 47.590640 
-0.929106 -24.185920 47.831137 
-1.095085 -23.444293 47.181182 
-1.541591 -22.560619 47.040641 
-1.775524 -21.624439 47.303017 
-2.413172 -21.546005 48.069341 
-2.125998 -22.503497 48.042154 
-1.477776 -22.341590 48.786193 
-1.424682 -21.381088 48.513030 
-0.434086 -21.503873 48.573395 
0.149154 -22.314649 48.523651 
0.824924 -21.835260 49.083581 
39.173752 -48.299445 -49.562387 
38.474258 -48.050718 -48.892430 
38.343163 -47.059871 -48.924622 
37.422409 -47.236330 -48.576663 
37.751036 -47.109875 -47.640707 
38.225603 -46.326125 -48.041359 
38.670098 -45.505084 -47.683147 
37.932516 -45.868003 -47.113706 
37.078975 -46.235359 -46.744225 
36.555787 -46.883129 -46.190448 
35.833153 -46.652679 -46.842133 
35.400676 -46.040346 -46.180309 
35.608462 -45.339722 -45.497702 
34.824712 -45.440782 -44.884904 
35.510778 -46.103482 -44.584666 
34.816001 -46.020279 -43.870270 
34.057291 -46.371327 -44.419019 
34.859031 -46.916996 -44.662861 
34.156677 -47.301657 -44.063916 
33.670612 -47.947329 -44.652855 
32.706707 -47.986162 -44.389455 
32.935279 -47.044083 -44.144012 
32.019942 -47.387435 -43.933613 
31.779380 -47.236363 -44.892418 
32.648808 -47.100070 -45.367306 
32.759609 -46.107006 -45.406631 
31.981472 -45.773255 -45.938716 
31.822955 -46.301166 -46.773091 
31.325500 -47.112163 -47.081023 
32.305678 -47.236790 -46.927011 
32.705777 -48.004726 -47.427206 
33.630140 -47.650700 -47.569397 
33.869398 -47.914509 -48.503827 
34.483545 -48.598027 -48.898321 
35.463256 -48.650537 -48.704908 
35.323371 -48.993723 -49.633701 
35.484113 -48.014282 -49.755594 
35.725457 -48.506044 -50.592207 
35.012293 -49.172433 -50.809743 
35.834051 -49.333973 -51.356204 
35.422695 -50.244295 -51.310377 
35.690733 -50.333888 -52.269610 
35.696508 -50.011099 -53.216064 
34.988787 -50.669936 -52.960984 
34.597248 -51.494220 -53.369949 
33.859185 -50.999526 -53.828794 
34.096512 -50.028249 -53.811563 
33.276085 -50.179413 -54.362968 
33.271146 -49.445257 -55.041931 
34.005955 -49.051537 -54.489627 
33.496124 -48.403795 -55.055756 
34.047957 -47.866177 -54.418223 
34.587197 -47.955860 -53.580860 
35.246798 -48.431712 -52.999060 
35.857819 -48.245211 -52.229729 
36.847942 -48.311341 -52.106104 
37.050945 -47.971601 -53.024454 
36.175459 -47.963754 -53.507634 
35.659527 -47.965079 -54.364263 
36.277402 -48.744748 -54.262536 
37.269342 -48.867547 -54.231324 
37.427847 -49.648385 -53.627033 
38.213772 -49.274035 -53.134911 
37.976972 -48.651780 -52.388771 
37.778860 -49.149070 -51.544109 
38.197447 -48.248668 -51.425531 
37.576198 -47.679316 -50.887118 
37.453027 -47.135499 -51.717234 
38.115552 -46.975522 -52.448990 
31.096652 -8.497345 -6.754987 
30.851113 -9.425729 -7.033935 
29.979042 -8.996553 -6.798773 
28.993890 -8.878968 -6.923863 
28.288385 -9.216225 -6.300549 
28.873991 -8.678885 -5.693646 
28.122758 -8.022690 -5.622533 
27.598419 -8.209241 -6.453356 
27.018872 -7.785188 -7.149276 
26.723145 -8.457060 -7.828344 
26.311632 -9.024770 -7.115349 
25.960489 -8.920133 -6.184892 
25.954357 -9.346702 -5.280458 
26.629783 -10.043700 -5.039637 
26.264866 -10.967915 -5.152167 
25.858282 -11.567940 -4.463211 
26.808450 -11.736717 -4.201115 
26.888542 -10.893073 -3.670219 
27.811233 -11.211183 -3.452398 
28.094900 -10.635811 -2.685274 
27.634696 -10.647300 -1.797535 
27.435556 -11.512324 -1.337017 
26.469632 -11.265102 -1.413641 
26.542979 -10.269435 -1.470802 
26.429594 -9.670492 -0.678078 
27.315273 -9.251231 -0.478598 
27.390940 -9.907369 0.272240 
26.550828 -10.421573 0.099597 
25.835142 -10.820395 -0.473756 
24.853613 -11.007657 -0.512930 
24.591381 -10.472884 -1.316206 
23.968407 -9.725879 -1.084069 
24.005095 -8.941907 -0.464359 
23.974010 -8.578559 -1.395494 
24.840290 -9.013327 -1.149452 
25.085891 -9.199751 -2.100727 
24.156342 -9.045386 -2.435555 
23.223109 -9.069908 -2.793989 
22.619803 -8.294304 -2.608354 
23.230646 -7.502594 -2.600242 
22.267496 -7.244565 -2.524332 
21.469338 -6.660229 -2.377719 
21.256183 -6.329292 -3.296983 
20.283313 -6.259494 -3.517557 
20.255752 -5.704018 -4.348633 
20.422375 -5.125497 -3.550166 
19.896846 -5.613178 -2.853038 
20.465909 -5.758266 -2.043645 
19.837423 -4.996797 -1.884992 
19.249603 -4.351367 -2.372730 
19.952507 -3.675736 -2.595101 
20.267376 -2.930955 -2.006748 
20.924696 -3.667875 -1.849011 
21.016778 -3.941765 -0.891668 
20.801049 -4.770312 -0.374977 
21.555951 -4.568942 0.249181 
22.254336 -5.258756 0.440006 
22.974322 -5.122383 1.120464 
23.449623 -4.450245 0.552732 
24.369679 -4.069216 0.461548 
23.954591 -3.160977 0.408582 
24.484263 -2.720742 1.133592 
23.582371 -2.807715 1.556709 
23.275829 -3.327660 2.354010 
-13.159648 44.252655 -42.562587 
-12.978878 45.124391 -42.107175 
-13.814014 45.296051 -42.629746 
-14.460612 45.800842 -42.057821 
-14.403853 45.874662 -41.062166 
-14.128800 45.651944 -40.126889 
-15.014160 45.607535 -39.664109 
-14.685972 45.070478 -38.887022 
-13.950223 44.560364 -39.332507 
-13.879584 43.611625 -39.024443 
-14.476451 44.159980 -38.438733 
-14.530137 44.436916 -37.479345 
-15.002436 45.305255 -37.327947 
-15.121193 46.040942 -37.994776 
-14.194902 45.676778 -37.897973 
-13.625326 46.493344 -37.991804 
-14.085343 46.700082 -37.128297 
-14.859880 47.054181 -36.604173 
-15.344875 47.824252 -36.189722 
-15.631170 47.267332 -35.410058 
-15.301582 48.098082 -34.961475 
-14.593277 47.857075 -34.297984 
-14.101472 48.436236 -34.948137 
-13.718163 47.539753 -35.170380 
-13.200003 47.383137 -36.011201 
-12.804995 46.464459 -36.011448 
-12.930957 46.418376 -37.002413 
-12.423441 45.575554 -36.823306 
-12.332609 44.579714 -36.816062 
-12.111796 44.807128 -35.867629 
-12.200034 43.819992 -36.000963 
-11.825163 43.051268 -36.519166 
-10.955902 43.350363 -36.125557 
-11.015623 43.859394 -35.266884 
-11.221699 44.837678 -35.289110 
-11.460964 45.517170 -34.595538 
-12.410032 45.207931 -34.655880 
-12.984945 45.291287 -33.841923 
-13.506573 44.508184 -34.180528 
-13.252688 43.964970 -34.980816 
-13.837701 43.233279 -34.630975 
-14.483599 43.144637 -35.389235 
-14.555859 42.633277 -36.245558 
-15.361029 43.144282 -35.944599 
-15.359992 43.966783 -35.375837 
-15.604649 43.163489 -34.832825 
-15.051218 42.330633 -34.840924 
-14.108255 42.180337 -35.137961 
-14.033569 41.203613 -34.936879 
-13.623404 40.465939 -34.400594 
-13.320813 40.375393 -33.451784 
-14.082142 40.892725 -33.060957 
-14.409831 39.949940 -33.122417 
-14.137736 39.623039 -32.217376 
-13.698078 39.053747 -31.522676 
-13.772646 38.197233 -32.033385 
-14.635661 38.205596 -31.528275 
-14.742244 39.199892 -31.532157 
-15.637030 38.786804 -31.701619 
-15.454312 39.101200 -32.633160 
-15.369277 38.844622 -33.595935 
-14.524426 38.654569 -33.095829 
-14.304599 37.687917 -33.227206 
33.976452 11.666855 -35.365367 
33.335769 10.957092 -35.072519 
32.691096 11.720927 -35.103374 
33.093404 12.259975 -35.843358 
33.278934 13.057625 -35.269483 
34.203550 12.776994 -35.527034 
34.928610 12.451521 -36.133956 
34.555114 12.157316 -37.013697 
34.356285 11.574227 -37.801399 
33.868847 11.637160 -38.672286 
33.223207 12.356952 -38.417241 
32.326524 12.073515 -38.077208 
33.121170 11.740912 -37.569357 
33.033784 11.035209 -36.866259 
32.083829 11.342805 -36.920770 
32.223366 10.364478 -36.767780 
32.366358 10.684934 -35.831371 
32.420345 9.949466 -35.155966 
32.702905 9.335945 -34.418571 
32.593256 8.756268 -33.611135 
31.709169 9.213164 -33.512970 
31.391321 8.420019 -32.993457 
30.839911 7.586098 -33.016313 
30.453402 6.791809 -32.547574 
29.812480 7.368067 -32.040481 
29.413037 7.828732 -32.833093 
29.943144 7.962558 -33.670396 
29.899391 8.054034 -34.665242 
29.827526 7.074370 -34.852576 
29.128006 6.434165 -35.170079 
29.787003 5.797468 -35.570503 
29.849562 5.135946 -34.823191 
30.417849 4.495783 -34.306237 
31.019602 3.717391 -34.127352 
31.163465 4.224285 -34.977271 
31.687026 3.661185 -35.616648 
30.955106 3.111051 -36.018698 
30.340644 3.064921 -36.806295 
29.591792 2.738550 -36.229491 
28.681666 2.337932 -36.335212 
29.110622 1.616752 -35.791249 
29.525011 1.094815 -36.536811 
29.382358 1.472116 -37.451849 
30.300525 1.566565 -37.067077 
31.103024 1.587844 -37.663351 
30.510904 0.783511 -37.712793 
30.772837 -0.171303 -37.572366 
29.814370 -0.045633 -37.316341 
29.141276 -0.200649 -38.039469 
29.600768 -1.026334 -38.366747 
30.217400 -0.335102 -38.743528 
30.387296 0.351925 -39.450018 
31.353259 0.546286 -39.620725 
32.194833 0.777418 -40.108917 
33.091214 0.334665 -40.087213 
32.808540 0.339848 -41.046415 
33.450327 0.548903 -41.784253 
33.514348 -0.398986 -42.096355 
32.590296 -0.022368 -42.161837 
32.600385 -0.803847 -41.537986 
33.010616 -1.384714 -40.834919 
32.513143 -1.729620 -40.038953 
33.198318 -2.414082 -39.789858 
4.597452 -70.932545 1.584813 
3.969328 -71.661706 1.856445 
4.709023 -72.245733 1.522134 
4.331616 -71.679015 0.789744 
3.687989 -71.531660 0.038725 
3.714326 -71.925486 -0.880083 
2.885699 -72.215545 -1.358877 
2.233540 -71.992074 -2.083273 
2.382554 -71.020063 -2.264899 
3.023653 -71.247739 -2.997809 
2.893964 -71.485309 -3.960483 
3.791437 -71.611089 -4.383239 
4.441172 -71.025222 -3.898879 
4.141054 -70.198871 -3.422358 
4.050775 -70.491889 -2.470523 
3.874552 -71.382742 -2.051801 
3.920394 -71.814473 -2.952638 
4.829544 -72.065763 -2.620523 
5.016603 -71.956865 -1.644229 
5.234344 -72.883485 -1.950767 
5.699739 -72.963554 -2.832240 
5.357009 -73.620071 -3.504194 
5.014994 -73.491414 -4.435040 
5.177570 -73.765279 -5.382968 
4.527729 -74.456315 -5.699472 
4.156199 -74.070040 -4.855222 
3.846036 -74.569974 -4.046603 
2.872818 -74.455647 -3.847164 
2.674161 -73.484413 -3.715865 
2.381637 -74.010224 -2.917146 
2.391903 -73.826677 -1.934189 
2.021211 -73.051993 -2.446490 
1.177023 -72.582721 -2.187395 
1.093567 -72.945909 -1.259424 
0.115230 -72.750312 -1.327245 
-0.685032 -72.161212 -1.215261 
-1.562669 -72.431031 -0.819091 
-1.085045 -72.386265 0.058332 
-0.129099 -72.134183 -0.092079 
-0.474041 -71.280605 0.298331 
-1.141374 -70.665746 0.718588 
-1.613755 -70.017637 1.315924 
-2.403081 -70.569170 1.046153 
-3.362882 -70.316164 0.924623 
-3.935490 -69.723722 1.491309 
-4.208052 -70.683589 1.557372 
-4.877686 -70.616452 0.817721 
-5.751370 -70.247845 0.500222 
-6.017682 -70.998441 1.104940 
-6.887407 -71.099219 0.621803 
-7.874520 -71.047711 0.470290 
-8.846031 -71.236468 0.326981 
-8.647070 -71.546729 1.256579 
-8.322081 -72.132092 1.999366 
-7.357539 -72.076553 2.257384 
-7.137874 -72.644825 1.464406 
-7.842593 -73.177502 1.933049 
-8.112411 -73.992558 1.420329 
-7.310446 -74.326456 1.915672 
-6.754357 -74.822326 1.248680 
-6.159004 -75.029117 2.025076 
-5.301621 -75.073820 1.512342 
-4.450273 -75.192508 2.023340 
-3.778041 -75.811436 1.617100 
-4.160755 -76.524568 2.204445 
-4.391152 -77.373386 2.680285 
-59.354148 37.954055 -37.612167 
-59.811448 37.113374 -37.322114 
-59.824188 36.907623 -36.343592 
-60.114535 37.840924 -36.132291 
-60.840077 37.318615 -36.580379 
-61.789006 37.472200 -36.304797 
-62.346838 36.707573 -35.982043 
-62.689438 37.633488 -35.822961 
-62.528883 38.552832 -36.182168 
-62.512912 39.536936 -36.359042 
-62.077823 40.378500 -36.679149 
-62.317491 40.164776 -37.626187 
-62.123189 41.095994 -37.934536 
-61.233931 40.820005 -37.569775 
-60.774504 41.413543 -38.230562 
-60.225356 42.245904 -38.305468 
-60.010993 43.178428 -38.014870 
-60.642276 43.532422 -38.704920 
-60.025427 44.233064 -38.346314 
-60.295992 44.337392 -37.389282 
-60.664266 44.765407 -36.563947 
-59.748164 45.052439 -36.284004 
-59.151240 45.545210 -36.917138 
-58.885425 46.229787 -36.238391 
-59.696878 46.275203 -35.655741 
-59.941854 47.206163 -35.384999 
-59.642091 47.902566 -36.037045 
-59.898352 47.783939 -36.996346 
-58.948316 47.486069 -36.903049 
-58.063200 47.137497 -37.211378 
-58.022395 46.214558 -36.828601 
-57.618420 45.317823 -37.009352 
-57.488622 45.258797 -36.019570 
-57.815427 44.707215 -35.252136 
-57.260769 45.488957 -34.967123 
-57.640111 46.066121 -34.243949 
-58.303743 46.594529 -34.773457 
-57.885614 47.391621 -34.337783 
-58.841778 47.684222 -34.326175 
-59.162350 48.234700 -35.097023 
-58.779522 49.060906 -35.510334 
-58.487652 48.375839 -36.177789 
-58.227964 49.231822 -36.624842 
-57.791357 49.674297 -37.408161 
-57.865962 50.152870 -38.283034 
-58.598707 50.662255 -38.734268 
-58.249096 51.577855 -38.932883 
-57.701771 51.781865 -39.744557 
-57.437181 51.347656 -40.605635 
-57.700027 50.382829 -40.610230 
-56.781380 50.137579 -40.919971 
-56.047822 50.075681 -41.596773 
-56.085687 49.090711 -41.765297 
-55.109603 49.160041 -41.559257 
-55.199743 49.202189 -40.564220 
1.149952 58.069255 -4.011087 
1.749929 58.839429 -3.794613 
2.412267 58.431523 -4.423040 
2.082835 58.163481 -5.328373 
2.126391 57.438661 -6.015933 
2.643929 58.043582 -6.621099 
3.642289 58.024996 -6.675261 
3.514836 57.854811 -5.698126 
4.048974 57.009603 -5.680224 
4.985875 56.721827 -5.481723 
4.839962 56.935361 -4.515746 
4.448336 57.729884 -4.979817 
4.958187 58.115757 -4.210952 
4.821643 58.559647 -3.325335 
5.658406 58.783162 -3.825204 
5.980686 59.274280 -3.015921 
5.674547 58.344486 -2.811562 
4.851156 58.036260 -2.335093 
3.857120 58.016319 -2.227875 
3.507895 58.378040 -1.363468 
2.736712 57.749099 -1.462010 
2.267286 58.580658 -1.758909 
1.996122 58.132906 -0.906859 
1.318721 58.736057 -0.485746 
0.467733 59.250424 -0.379697 
-0.226862 59.646472 0.220872 
-0.905251 58.915883 0.298507 
-0.710101 59.062338 -0.671270 
-0.413284 59.197340 -1.616614 
-1.317156 59.018773 -2.005367 
-2.106620 59.480987 -2.409230 
-1.760814 60.353687 -2.753923 
-1.354801 61.238864 -2.981114 
-0.846983 61.037127 -2.143604 
-1.628135 60.569694 -1.729712 
-2.365111 61.115558 -1.331090 
-2.039465 61.865450 -0.755230 
-2.975560 61.599006 -0.525593 
-2.636254 62.374567 0.006738 
-2.702551 62.638062 0.969118 
-2.341655 61.706084 1.003329 
-1.427426 61.357702 1.210252 
-0.763198 60.654631 1.464203 
-0.699092 60.133191 2.315080 
-1.416141 60.817843 2.445819 
-1.222592 61.128232 3.376516 
-0.695895 60.472094 3.916954 
-1.420329 59.783974 3.958012 
-1.537713 59.266295 3.110528 
-2.437656 59.699802 3.157153 
-3.226361 59.413737 3.701315 
-3.713353 59.552574 2.839014 
23.105052 39.316955 17.064813 
22.982881 39.835001 16.218230 
22.814555 39.192714 15.470477 
23.356845 38.762037 14.749062 
23.468226 39.652249 14.307342 
22.570667 39.902619 14.670251 
22.770637 40.739079 14.160010 
21.815089 41.013557 14.052350 
21.034317 40.727927 13.496643 
21.744337 41.014497 12.853409 
21.665423 40.112150 12.429685 
21.989598 40.208893 11.488648 
21.860077 39.659706 10.663047 
21.589164 39.177932 9.829680 
21.225688 38.649352 10.596810 
21.867880 37.918047 10.367068 
21.365880 37.164260 9.943038 
21.560555 36.207197 9.728258 
20.598714 36.329878 9.972818 
20.323339 35.368592 9.962970 
19.576837 34.777455 9.657535 
19.188748 33.863591 9.538201 
19.316461 32.938160 9.181456 
19.152281 32.219856 8.505376 
19.364525 31.248573 8.612903 
20.118505 31.487495 8.000995 
20.051874 32.472941 7.844609 
19.223076 32.115568 7.414052 
18.807037 31.257811 7.112118 
18.746833 30.780988 6.235183 
18.827473 29.986504 6.837091 
17.921918 29.588586 6.984171 
17.234490 30.276032 6.749949 
16.949666 29.407833 7.156282 
16.572890 29.386064 8.082331 
15.759319 29.407286 7.501253 
15.889764 30.349563 7.809631 
16.822240 30.623452 8.045160 
16.161597 31.187540 8.540493 
15.285208 31.404918 8.110737 
14.327218 31.286170 8.371800 
13.987177 31.184080 9.306653 
14.416151 32.051261 9.053715 
13.598511 32.623603 9.116093 
13.484330 32.613236 8.122687 
13.134498 31.678823 8.055684 
12.770782 31.029282 7.387996 
13.081372 31.615161 6.639478 
13.529082 32.471730 6.896080 
13.954571 33.137469 6.283095 
-26.093448 -23.277045 -42.481487 
-25.189337 -23.028815 -42.133686 
-25.809974 -22.944766 -41.354106 
-26.096035 -22.420449 -40.552070 
-26.338553 -23.389741 -40.592790 
-26.243802 -23.266576 -39.604938 
-25.666234 -22.726472 -38.992808 
-24.771196 -22.468616 -39.356699 
-24.909868 -21.480014 -39.415317 
-23.930494 -21.554528 -39.603133 
-23.318099 -22.225138 -39.184499 
-22.632993 -22.794606 -39.638741 
-22.020206 -22.045278 -39.387743 
-21.840590 -21.165873 -39.828633 
-22.433480 -20.957498 -40.606490 
-21.883063 -20.210070 -40.978503 
-21.605735 -20.718427 -41.793771 
-21.006697 -21.388585 -41.355546 
-20.482346 -22.022118 -41.924486 
-20.712101 -22.560273 -41.113559 
-21.093712 -23.460888 -40.905558 
-20.242947 -23.895384 -41.201215 
-19.614661 -23.964004 -41.976165 
-19.127152 -23.090986 -41.962985 
-18.726245 -22.229695 -41.650812 
-19.650621 -22.198957 -41.270569 
-19.244560 -22.702265 -40.507814 
-19.473263 -22.890965 -39.552781 
-19.717768 -22.679136 -38.606554 
-19.182595 -21.954666 -39.040989 
-18.920458 -21.328885 -38.306359 
-18.087530 -21.415203 -37.759750 
-17.153299 -21.438165 -37.403823 
-16.458167 -20.944163 -37.926083 
-15.508744 -20.767200 -37.666699 
-16.105715 -20.555681 -36.892822 
-15.717313 -21.142451 -36.182298 
-16.430002 -21.796771 -35.929437 
-17.042376 -22.586271 -35.888351 
-16.986136 -22.439364 -36.875902 
-17.571570 -23.226481 -37.070103 
-17.863753 -24.169199 -37.231075 
-18.705693 -24.550371 -36.849180 
-19.593004 -24.963153 -36.643533 
-19.889496 -24.109788 -37.072325 
-20.059072 -24.348081 -38.028599 
-21.033583 -24.499360 -38.194257 
-20.580147 -25.034040 -37.481156 
-11.812248 -72.266445 -59.492287 
-10.821748 -72.266503 -59.629799 
-10.569395 -71.650796 -58.883325 
-10.319357 -71.069002 -59.657274 
-9.461540 -70.585320 -59.483487 
-9.704752 -70.193498 -58.596174 
-9.130051 -70.249870 -57.779755 
-8.250085 -70.169783 -58.247992 
-7.430145 -70.052717 -57.687640 
-7.279178 -70.485797 -58.576263 
-7.525176 -70.033450 -59.433507 
-8.069337 -70.870674 -59.379232 
-7.596278 -71.622642 -58.920147 
-8.163680 -72.186090 -59.520632 
-8.515589 -72.069025 -60.449317 
-7.616893 -71.874094 -60.842188 
-7.425611 -72.741355 -61.301829 
-8.182939 -73.030820 -60.716454 
-8.083982 -74.009655 -60.537319 
-7.226467 -73.781613 -60.998475 
-6.949449 -73.075658 -60.346641 
-6.274775 -72.488979 -60.794551 
-5.686605 -72.212202 -60.034650 
-5.767558 -73.031524 -59.467061 
-5.413656 -73.850253 -59.919207 
-4.772824 -74.384224 -60.470760 
-5.181402 -74.504184 -61.375566 
-5.606513 -73.651953 -61.070633 
-4.727797 -73.289742 -60.759730 
-3.789660 -73.050077 -61.009652 
-4.434976 -72.309315 -61.196305 
-4.409072 -71.909413 -62.112496 
-15.901348 -6.500825 -62.899687 
-14.996764 -6.658316 -63.295823 
-14.665966 -5.717311 -63.224545 
-13.680410 -5.725817 -63.393681 
-13.249305 -6.611365 -63.220614 
-13.764123 -7.423485 -63.495246 
-14.028226 -7.037808 -64.379273 
-13.289822 -7.406802 -64.943722 
-12.812282 -8.145237 -65.419821 
-11.913961 -8.132856 -64.980656 
-12.298123 -8.916176 -64.491955 
-12.700367 -9.584905 -65.117255 
-13.163771 -10.318361 -65.614548 
-13.985350 -10.879262 -65.512579 
-14.653682 -10.268075 -65.936586 
-14.081496 -9.485402 -66.181590 
-13.664707 -8.716115 -65.697355 
-14.633523 -8.472843 -65.744421 
-14.312221 -7.557185 -65.502895 
-14.795166 -7.569714 -66.378456 
-14.752118 -6.728398 -66.917283 
-15.473325 -6.071244 -66.698172 
-14.776679 -5.832300 -66.021719 
-14.158888 -5.538298 -65.292406 
-13.585971 -5.821757 -66.061442 
-13.329965 -5.910469 -67.024038 
-12.570494 -5.356708 -67.365437 
-11.740988 -5.056970 -67.836686 
-11.881054 -5.494588 -68.724871 
-12.151462 -4.809583 -69.401367 
-11.313077 -4.508394 -68.947058 
-11.895414 -3.700338 -68.858015 
-10.969942 -3.559473 -68.506364 
-10.879839 -3.115999 -67.614617 
-10.514336 -2.292545 -68.048589 
-10.237493 -2.187013 -69.003692 
-9.622700 -2.633778 -68.353745 
-9.373296 -3.359869 -67.712973 
-9.399927 -2.443970 -67.312449 
-10.231022 -2.603059 -66.779558 
-10.689020 -1.753435 -66.518067 
-9.693599 -1.669182 -66.472917 
-8.827852 -1.524518 -65.993800 
-8.282945 -2.239496 -66.431845 
-8.399799 -3.189108 -66.722675 
-7.451726 -3.276742 -67.028418 
-6.835869 -3.926386 -67.474157 
-7.285904 -4.398396 -68.232230 
-7.970272 -4.629513 -68.923769 
-8.799545 -5.179530 -68.824835 
-8.393869 -5.458773 -69.695151 
-7.825582 -5.773292 -70.455499 
-8.592977 -6.339267 -70.154206 
-8.048109 -6.910117 -70.768412 
-7.545105 -7.454601 -71.439623 
-6.902394 -7.494710 -70.674564 
-6.838874 -8.448764 -70.381740 
-7.359598 -8.865536 -69.636657 
-8.189965 -8.905570 -69.080880 
-8.644358 -9.095666 -69.951162 
-8.755017 -8.135199 -70.206620 
-9.748934 -8.071072 -70.117089 
-10.003173 -8.187698 -69.157005 
-9.540147 -9.020948 -68.854842 
-9.437179 -8.761976 -67.894461 
-9.742568 -8.461444 -66.990903 
-9.414856 -7.571912 -67.309239 
-10.151396 -7.664955 -67.979204 
-10.089643 -6.773262 -68.427612 
-10.544518 -6.894413 -69.309889 
-11.016195 -7.716756 -69.628122 
-11.482456 -7.086815 -70.249230 
-11.796761 -6.755660 -69.359540 
-11.998800 -7.284149 -68.534992 
-12.053797 -7.524632 -67.565897 
-11.367662 -7.948414 -66.974604 
-11.430150 -8.946249 -66.954129 
-12.204873 -9.234786 -67.516757 
-13.069539 -9.736372 -67.489120 
-13.823815 -10.218748 -67.934519 
-14.201017 -10.611931 -68.773045 
-14.289333 -9.683025 -69.132674 
-14.372262 -8.908772 -69.760093 
-13.451963 -8.551393 -69.919244 
-13.227196 -8.494708 -70.892006 
-13.589555 -8.786438 -71.777212 
-13.843718 -8.540394 -72.712553 
-13.165658 -9.275248 -72.727534 
-13.141295 -9.793113 -71.872418 
-12.403682 -9.355578 -71.358133 
Snapshot 5000 45.083912
-4.002904 -0.296292 0.965493 
-2.396925 0.114007 1.461909 
-1.905399 1.139696 1.725969 
-2.150355 2.151482 1.307794 
-0.773450 2.768732 1.010101 
-0.915234 2.761605 1.643738 
-1.817074 2.828617 0.844875 
-2.867339 2.668517 0.456468 
-3.769994 2.726764 0.486748 
-3.226872 1.964390 1.420164 
-2.954313 0.637583 2.392907 
-2.233477 1.136397 2.260752 
-3.293944 1.122213 1.597719 
-3.298022 0.909518 0.821442 
-3.419364 0.940095 0.174570 
-2.248532 2.101900 0.631366 
-1.509778 2.993673 -0.521245 
-2.346755 3.257917 -0.299585 
-2.985583 3.150913 0.640570 
-2.094965 3.146557 1.793719 
-1.948016 2.314148 2.112107 
-2.813221 1.923640 1.197628 
-2.938813 2.336453 1.049959 
-3.166027 1.508794 0.817463 
-2.934274 1.850135 -0.105823 
-2.408066 2.162296 -0.419729 
-2.751018 2.693958 -0.535897 
-2.050861 3.047897 -0.921252 
-2.014787 2.947623 -0.508328 
-0.893910 2.728667 0.318337 
-0.053339 1.859435 1.399169 
0.482444 1.641601 1.080724 
0.558517 2.302936 0.308390 
0.256386 2.889910 -0.358727 
-0.400175 2.821579 -0.142291 
-1.317841 3.292906 -0.127195 
-1.448665 3.362163 0.855095 
-0.865602 3.470640 1.416196 
-0.423087 4.455485 2.061161 
1.041562 4.707012 1.606776 
1.687611 4.162927 1.406822 
2.032749 3.547552 1.711493 
1.913788 4.642890 2.195492 
0.388518 4.883228 1.787087 
0.241846 3.242107 0.864094 
1.226793 2.390554 0.368225 
1.990800 2.706807 0.285491 
1.277640 3.161561 0.895538 
1.331781 3.785873 1.107661 
0.749947 5.240016 1.938635 
1.716973 5.470651 1.939280 
1.590648 5.004313 2.317589 
2.064414 4.278106 3.268077 
1.744303 3.082348 4.091474 
1.911507 2.923126 3.426441 
2.181732 3.850249 3.371994 
1.555800 3.487110 4.180633 
1.611631 2.919704 3.743268 
2.293376 3.518391 3.063749 
2.378816 3.419851 2.850984 
2.089585 3.056224 3.132563 
1.289722 2.682847 3.556346 
0.223988 2.001445 3.977551 
0.578113 2.246173 4.161359 
1.194586 2.510903 4.185643 
1.159372 2.494661 2.453187 
0.703574 2.621819 2.428942 
1.399535 2.566561 2.752723 
1.551996 3.419339 2.496117 
0.207589 2.805016 2.107490 
0.953263 3.524767 1.065520 
0.425858 2.650662 0.984086 
-0.362565 2.132726 1.777911 
0.012283 2.470017 2.884614 
-0.236031 2.299221 2.515853 
-0.895232 2.225711 1.999780 
0.229487 2.541288 1.696662 
1.259145 2.687477 1.695421 
0.627276 2.490520 1.643046 
0.570343 2.231493 2.422521 
-0.283344 0.753255 2.622046 
-0.869768 1.501019 3.313379 
-1.157282 1.736068 3.684109 
-1.238554 1.772683 2.192333 
-1.473294 1.785703 2.600382 
-1.361155 1.691375 3.639363 
-0.402370 1.864027 3.196460 
-1.221181 1.292445 1.556162 
-1.100376 1.233288 0.757480 
-0.820215 1.238905 1.727919 
-2.213963 0.124639 1.969903 
-2.206972 0.057135 2.548459 
-1.673939 0.397387 3.511612 
-1.081431 0.984803 3.668498 
-0.518031 0.918164 2.538875 
-0.723574 1.920802 2.721475 
-1.251948 1.004719 2.923806 
-1.792090 -0.023066 3.390017 
-1.845171 0.679815 2.954613 
-1.824830 -0.081414 2.114017 
-2.461476 -0.704629 2.416154 
-2.501890 -0.157080 2.155033 
6.903126 -2.649766 -1.559183 
5.768184 -3.100212 -1.074887 
4.933459 -3.615542 -0.682424 
4.198476 -4.374348 -1.695929 
4.884712 -3.461207 -1.928917 
4.815481 -2.751663 -1.533497 
4.454687 -2.558113 -1.549037 
4.609152 -1.208561 -1.239500 
4.552392 -0.263052 -0.221385 
3.492761 -1.038268 -1.206287 
3.458151 -1.580701 -1.849972 
4.436175 -2.023244 -1.978612 
3.570288 -3.235242 -1.976427 
2.182348 -2.031239 -1.486326 
3.351052 -1.696097 -0.355734 
3.967814 -2.631948 0.286042 
3.781851 -1.776122 1.914944 
3.720628 -0.953720 1.157376 
3.756000 -1.972030 0.135701 
4.706900 -2.212073 0.102830 
3.989855 -2.179897 -0.753439 
4.851584 -3.140366 -0.717854 
4.886978 -3.514636 -0.284571 
4.798391 -3.537145 0.364678 
4.858536 -2.415116 -0.683101 
4.113814 -2.355196 -1.472978 
4.600973 -3.666100 -1.501703 
4.183009 -3.941408 -0.279271 
3.950020 -4.833915 -0.070744 
3.780808 -4.787684 0.763663 
3.380165 -5.154563 0.846866 
3.303159 -5.369773 -1.054992 
3.593564 -6.003595 -1.824860 
3.323571 -6.079942 -2.559415 
3.720357 -4.989055 -2.042633 
3.900103 -4.299733 -1.782695 
3.704241 -4.098409 -0.349772 
3.260472 -3.744285 -0.831798 
2.804272 -3.989241 0.008669 
2.711790 -5.200531 0.296647 
2.947322 -5.794540 0.020814 
3.367497 -5.540419 -0.525695 
3.872424 -5.269988 -1.953013 
3.200057 -5.715728 -1.946330 
3.028768 -6.169069 -1.787675 
2.711590 -6.330071 -1.212868 
2.370673 -6.275566 -0.552267 
2.803257 -5.000523 -0.827882 
2.772931 -4.326908 -1.679355 
3.146884 -6.091854 -1.978450 
2.659196 -6.667416 -2.627522 
2.396366 -6.918335 -1.888917 
1.925299 -6.627094 -1.805463 
1.698981 -6.327659 -2.449005 
1.950127 -5.561605 -3.009412 
1.435791 -5.639078 -3.194501 
2.129201 -6.406459 -3.007262 
3.189546 -6.049773 -2.766662 
3.484995 -5.825812 -3.361642 
2.711634 -6.470085 -2.932449 
1.680790 -5.885593 -3.001580 
1.477412 -5.094364 -2.576172 
1.077750 -3.470638 -1.791419 
0.807173 -4.359656 -2.145182 
0.214293 -5.052638 -2.201826 
0.718138 -4.569647 -2.446000 
1.667723 -5.679434 -1.904966 
2.451855 -5.938599 -1.756790 
0.986265 -5.481332 -1.289709 
0.788646 -6.026977 -2.557191 
1.051848 -6.126356 -2.354807 
0.478233 -5.976017 -2.565584 
0.741437 -5.230426 -2.635219 
0.835007 -4.022547 -2.581768 
1.700018 -3.581207 -3.118636 
1.413296 -3.383835 -3.640977 
1.200774 -4.052066 -3.390061 
0.990379 -4.448677 -3.635924 
1.347109 -3.761586 -2.606311 
0.680723 -4.114396 -1.657894 
0.336940 -3.973234 -1.239056 
0.924629 -2.409456 -1.151994 
0.733265 -2.726703 -1.129094 
0.706406 -3.710504 -1.530000 
0.550402 -3.867560 -2.107294 
0.783243 -2.970683 -3.544045 
0.713066 -2.792946 -4.335177 
1.092449 -2.796476 -2.950809 
0.559469 -3.384352 -1.734287 
-0.057518 -3.592455 -1.352401 
-0.808571 -4.176837 -1.422617 
-1.406958 -4.566486 -1.321369 
-1.317753 -4.333287 -0.405220 
-1.167881 -3.907964 0.166025 
-0.276303 -4.417566 0.012305 
-0.335503 -1.794855 1.427514 
0.062502 -1.141379 2.255904 
-0.497798 -1.007067 3.106674 
-1.549838 -0.398591 2.970263 
-0.149336 -0.174826 3.074142 
1.170767 -0.502181 3.147132 
1.887288 -1.335028 3.647218 
1.529833 -0.758235 3.115536 
2.150529 -1.345618 2.971128 
1.319181 -0.805647 2.376338 
-0.611875 -0.239200 2.136653 
-0.673488 0.214397 1.871084 
-0.806008 -0.418979 1.536757 
0.047713 -0.734793 2.524923 
1.169600 0.023512 2.453524 
1.744253 0.638078 2.874405 
1.302052 0.145853 3.351623 
0.561724 0.742937 3.303053 
1.429658 0.853679 2.245409 
1.616662 0.041888 1.768118 
1.809401 -0.724912 0.490801 
1.380464 -1.708057 -1.224497 
0.190173 -1.972173 -2.037746 
-1.039810 -2.899384 -2.103470 
-0.484826 -2.549884 -2.780259 
0.097256 -1.799448 -2.766257 
0.692882 -1.409288 -2.976828 
0.273131 -1.182490 -3.830664 
-0.310784 -0.553633 -4.377337 
-0.074885 -1.374298 -3.868701 
-0.409788 -1.954077 -4.044375 
0.877835 -2.326535 -3.129586 
0.479668 -1.873411 -2.637422 
0.349489 -1.042642 -2.429539 
0.884951 -0.518526 -2.333392 
0.636870 0.171923 -2.890422 
-0.172479 1.170002 -2.680690 
-0.252387 1.336248 -3.267342 
-0.678249 0.742371 -3.263296 
-0.738487 0.308101 -4.152401 
-0.913957 -0.061682 -3.463717 
-0.222246 0.515691 -3.556826 
0.410920 0.982775 -2.429869 
1.084759 0.625672 -1.233935 
1.589978 -0.804684 -0.757902 
0.662776 -2.325844 -0.405160 
0.839742 -1.775157 -1.098284 
1.085442 -1.043809 -2.450596 
0.743891 -0.227237 -2.596612 
1.263688 0.545449 -1.628067 
0.952568 1.037848 -0.979514 
0.572051 0.470527 -1.689543 
0.047395 0.383505 -1.195222 
0.779792 0.208711 -1.836440 
-0.141653 -0.410969 -1.176845 
-0.893269 -0.597780 -1.148898 
-0.871857 -1.494097 -0.867134 
-0.593439 -1.621078 -1.187353 
0.365122 -1.700458 -1.461928 
-0.887295 -2.699611 -1.086850 
-1.328730 -2.186177 -0.584881 
-2.289789 -1.170437 -0.662483 
-2.596318 -1.298393 -0.418436 
-1.859761 -1.170016 -0.452022 
-2.242653 -1.460903 -0.390757 
-0.720185 -0.754213 -0.957406 
-1.034196 -0.822129 -1.323547 
-0.542661 -1.129089 -1.336484 
0.638985 -0.833419 -1.733293 
0.794142 -0.607980 -1.447720 
0.458361 -1.358114 -1.386917 
-0.070301 -2.376111 -1.300654 
-1.019212 -2.748129 -0.873505 
-1.772791 -2.119705 -0.152324 
-2.158974 -2.289243 0.371075 
-1.846361 -1.758140 -0.304020 
-0.681312 -2.107967 -1.032174 
-0.833485 -2.693100 -0.826372 
-1.292341 -3.948800 -0.275552 
-1.167133 -3.101213 -0.900553 
-0.882054 -3.444021 -1.147553 
-1.533474 -3.817268 -0.636007 
-1.603375 -3.616879 0.380741 
-2.679526 -3.575637 0.231160 
5.338236 2.929481 0.978838 
4.707849 1.936333 1.621631 
4.346788 1.909634 2.598253 
3.616990 2.088074 3.718006 
2.487494 2.056370 4.940516 
1.902638 1.282701 4.595192 
3.409063 1.928480 3.601140 
3.080620 1.601586 2.613601 
3.480754 0.875488 2.289510 
4.349677 0.201290 1.504803 
4.950876 0.368371 0.910582 
4.577707 0.762074 1.303492 
4.016521 0.770632 2.410670 
3.252880 1.050755 3.831772 
2.613365 0.792214 5.536619 
3.031322 1.479731 5.387002 
2.458034 1.983691 5.665952 
1.117582 1.330293 5.154605 
2.432358 1.591311 4.470051 
3.003971 1.882385 3.670505 
2.188356 1.208011 3.911453 
1.869536 0.404901 4.718122 
1.571225 -0.310798 4.754574 
1.974607 -0.053765 3.835005 
2.367877 0.389988 4.236579 
2.517456 0.240501 3.747370 
3.495060 -1.003789 3.656506 
2.717148 -0.570717 5.155874 
1.746463 -0.749185 6.043283 
2.303671 -1.456088 5.647184 
2.577910 -0.950922 4.636082 
3.707308 -0.531291 4.007707 
3.082243 -0.385454 4.229994 
3.375238 0.474487 4.522469 
2.714835 0.232426 4.970721 
3.053376 -0.775806 5.084754 
3.699154 -0.106431 4.769518 
3.589980 0.507408 3.905637 
2.688268 0.316085 3.719650 
3.130227 -1.034199 4.616003 
2.362085 -1.366315 5.948781 
2.391487 -0.862952 5.517647 
2.836217 -1.430519 5.571379 
2.825455 -2.144107 4.631651 
3.335435 -3.066642 4.074290 
3.832275 -3.096359 3.324120 
3.393186 -2.483497 4.599188 
2.597638 -2.769418 5.179267 
1.946824 -2.487469 5.787634 
2.300228 -2.332716 5.446033 
3.060696 -3.191753 4.486773 
3.075234 -2.504466 4.480299 
1.539307 -3.122522 4.771919 
0.394499 -3.087635 4.837504 
-0.332606 -2.437301 5.252596 
0.271226 -2.533534 4.664426 
0.170258 -2.126830 5.018149 
-0.053858 -3.165272 4.753254 
0.412770 -3.618904 5.139376 
1.104344 -2.672504 5.377061 
1.367501 -1.736530 4.893493 
0.793627 -0.574578 4.406542 
0.446238 -1.341695 4.801791 
0.620682 -2.577364 5.556452 
0.702282 -2.795032 4.188677 
0.479158 -1.367883 3.234427 
0.506802 -0.023431 1.855638 
0.291601 1.606863 2.114276 
0.258900 1.856635 2.605918 
-0.499017 3.100843 3.489945 
-0.887429 3.101917 3.717982 
-0.053881 1.391496 3.957391 
0.156534 -0.210889 4.230104 
-0.084234 -1.620328 4.507399 
-0.229994 -2.791088 4.035646 
0.417087 -2.056573 3.628004 
1.391211 -2.175275 3.572121 
0.724231 -2.460621 3.342675 
0.141373 -3.200303 3.198757 
-0.358625 -2.057017 3.674838 
-0.299285 -1.979604 2.992460 
0.323715 -1.651545 2.461448 
-4.409376 -0.081908 2.920430 
-3.352120 1.126320 2.602856 
-3.288537 1.828418 2.535254 
-4.200663 3.204699 2.382983 
-3.945197 4.130825 2.837094 
-3.827321 3.661438 3.324416 
-3.682117 3.261288 4.221285 
-3.443683 4.126591 4.052805 
-3.041912 5.064868 3.049032 
-2.099901 5.890169 3.269893 
-0.728168 5.519880 3.387076 
-1.497075 4.445425 4.254762 
-2.946380 3.766782 3.516878 
-3.701357 3.981640 2.367762 
-4.098208 3.729847 2.329791 
-3.996185 3.323502 2.706715 
-2.947681 2.375533 2.176668 
-3.124001 3.819136 2.400063 
-2.455468 4.158056 3.055910 
-2.579406 4.876610 2.459317 
-3.012914 4.764160 2.183999 
-1.517112 5.073902 2.266964 
-0.628300 5.652269 1.766378 
-0.691113 5.871017 2.561209 
-1.400679 6.253990 2.263104 
-2.179953 5.806962 2.987253 
-2.772777 5.204969 3.444919 
-2.462445 4.416588 3.450121 
-2.462584 4.909738 4.491803 
-2.159428 5.222498 4.111806 
-1.192633 5.594093 3.250680 
-0.961967 5.798109 1.333713 
-1.209811 6.247803 2.125687 
-1.331611 5.576535 2.160204 
-1.999405 4.397002 3.033084 
-1.768536 4.852207 3.768194 
-1.202598 5.146784 4.717677 
-0.391229 4.911519 4.692647 
-0.667093 4.049491 3.801893 
-0.729452 4.640878 3.392279 
-0.788239 5.353661 2.789758 
-0.848027 5.669925 3.559469 
0.031509 4.959553 4.687355 
0.346219 5.503566 4.163053 
0.001426 5.410989 3.445453 
0.709970 5.792266 2.678274 
0.626834 5.658763 3.163423 
1.351771 5.257409 3.061488 
1.385885 4.957957 2.656582 
1.667481 5.603706 3.931716 
0.898923 5.475828 3.947519 
1.032767 5.582944 3.310009 
0.073264 4.931966 3.812964 
-0.700966 4.438658 3.570298 
-0.001317 4.661893 4.087546 
0.995867 4.515859 3.964109 
1.040420 3.778037 3.609347 
0.443501 2.064407 3.533971 
-0.175723 2.485174 3.228402 
-0.769288 3.418854 2.299620 
-1.080111 4.290731 2.409769 
-0.431652 3.855976 2.643017 
0.524901 3.828739 3.294608 
0.790081 3.977052 2.203246 
0.359521 4.163057 2.529437 
0.688042 4.566614 3.471386 
0.917560 4.349208 3.795810 
0.402681 3.693252 3.940834 
0.959704 3.982386 4.843383 
0.833035 3.442662 4.194600 
0.462038 3.067099 2.703745 
0.362632 2.051983 2.985538 
0.343443 2.644649 4.520222 
0.860358 2.654926 5.141334 
0.220844 2.916341 4.650629 
0.040603 3.249582 5.212800 
0.152130 3.507456 5.709629 
0.203201 3.525761 5.184340 
-0.949488 4.703136 4.918173 
-0.937433 5.658685 6.040343 
-6.884802 1.978593 4.094890 
-5.982839 1.559275 3.375306 
-5.092816 1.733432 2.785163 
-5.386198 1.437251 1.701450 
-4.880572 1.998391 1.585411 
-4.954816 2.476136 1.979754 
-5.332763 2.808962 1.264983 
-6.076056 2.130368 0.558522 
-6.463914 1.504763 0.547009 
-6.312641 1.894154 0.524146 
-6.063713 2.168894 1.737510 
-5.028159 2.198753 2.415548 
-4.666616 1.875435 2.515591 
-5.753166 2.431642 1.764366 
-5.497498 2.742370 1.111174 
-4.981827 2.389070 -0.063565 
-5.014040 1.299034 -0.432970 
-4.838915 1.845326 -0.228742 
-4.212041 2.835173 1.134645 
-5.175287 3.195447 0.053755 
-4.576330 2.818964 -0.786043 
-4.856805 3.031498 -1.488011 
-4.799861 3.420504 -1.481030 
-5.328621 3.685630 -0.581783 
-4.919451 3.014384 -0.320464 
-4.315117 3.253665 0.912256 
-4.292318 4.017392 0.839744 
-3.905952 3.067849 -0.038145 
-4.018353 2.444572 -0.908880 
-3.928840 3.418901 -1.517949 
-4.216830 3.960669 -1.933678 
-4.608896 4.616968 -1.713091 
-5.145141 4.544962 -1.320355 
-4.568768 4.829737 -0.464667 
-5.115302 4.075684 -0.195107 
-4.540094 4.046621 0.727581 
-4.256292 4.614262 -0.309096 
-2.898923 3.867012 -0.749451 
-2.159915 5.132273 -1.358079 
-3.077642 5.170626 -1.011324 
-3.693433 4.911826 -0.346403 
-4.089299 4.481269 0.700100 
-3.776065 4.759058 0.251604 
-3.452824 3.554736 -0.025400 
-3.389795 3.276014 -1.252522 
-2.426288 4.131656 -1.324413 
-2.111085 4.833862 -1.771503 
-2.247901 4.785271 -0.639641 
-1.383430 4.803118 -0.649925 
-1.536729 5.344701 -1.482926 
-1.918459 5.343694 -1.363294 
-3.121001 5.497706 -0.740813 
-3.546253 5.313452 -0.213571 
-2.342643 5.510077 -0.025880 
-3.178807 5.736648 -0.025034 
-3.236490 5.945837 1.075762 
-3.663124 5.569617 1.290837 
-3.694428 4.994954 1.651996 
-3.161558 4.212234 0.884537 
-2.080136 4.361058 0.195800 
-0.803178 5.072084 -0.095745 
-1.559814 5.350176 -0.173454 
-2.975659 4.419490 -1.015440 
-3.002197 5.476912 0.615077 
-3.305885 5.894812 1.452311 
-3.254053 5.654361 0.560366 
-2.271706 5.873410 1.180940 
-1.892692 6.173344 1.345359 
-1.705969 5.917371 0.589916 
-1.453122 5.756357 1.318479 
-0.434917 4.998752 1.314089 
-0.711105 5.678513 1.968667 
-2.105372 5.936784 2.251603 
-2.339942 6.057379 1.574684 
-2.621621 5.520368 2.247298 
-2.412358 5.758816 2.387543 
-1.761226 5.864567 2.501132 
-1.249623 4.861758 3.553565 
-2.734340 -0.745120 5.460888 
-1.161372 0.161989 4.337550 
-2.745798 0.894250 3.799019 
-3.640058 0.582445 4.082658 
-4.438308 0.021998 4.501881 
-3.822782 0.128057 4.921199 
-2.570344 0.370188 5.240161 
-2.542407 0.964807 4.860735 
-0.807640 1.154354 4.841503 
-1.405065 0.461591 4.971190 
-1.185869 0.392027 5.636000 
-2.148275 0.478611 6.595420 
-0.761103 1.596495 5.602438 
-1.725473 2.066274 5.615056 
-1.155867 1.990477 4.809238 
-1.213195 1.301481 3.887274 
-2.627133 1.386996 4.466879 
-2.273318 2.299842 4.753474 
-2.349309 3.130449 5.125529 
-2.252180 2.126749 5.478704 
-2.395185 1.323155 5.697109 
-2.356833 1.632226 5.260583 
-3.031731 2.302832 4.137286 
-2.400227 2.690821 3.533062 
-1.577230 3.917103 4.232176 
-1.948816 3.785325 5.326492 
-2.345626 3.021351 6.222433 
-2.324939 2.040788 6.085307 
-2.981307 2.599195 5.947712 
-3.016431 3.610992 5.141149 
-2.624385 3.858947 5.060311 
-2.922192 3.382520 5.966872 
-2.155117 3.162166 5.977034 
-1.534980 2.475432 6.611955 
-1.206179 1.943149 6.524072 
-1.234515 1.786396 7.221180 
-0.306603 1.780138 7.591427 
-0.835924 2.602789 7.037312 
-1.230891 3.580977 5.981675 
-1.181472 4.037390 5.532701 
-0.705782 4.101885 5.699526 
-1.290527 3.644097 4.817361 
-0.489706 3.583631 5.322596 
0.412436 2.673686 5.344259 
0.401295 2.280197 6.250365 
0.306604 2.975853 6.818394 
-0.194747 2.823436 6.598253 
-0.859170 2.779174 7.284172 
-0.820092 2.032317 7.124873 
-0.304942 1.587100 5.905456 
0.315164 1.515454 6.018611 
-0.031462 1.162314 4.950193 
0.399716 1.271717 5.721257 
0.582706 0.779144 6.183789 
-0.504468 1.239944 5.917081 
-0.757200 -0.187917 5.673900 
-0.884373 -0.007997 5.224131 
-0.463632 1.057577 4.774026 
0.691639 2.185121 4.712190 
0.804098 2.988223 5.623712 
0.617469 2.589358 5.928690 
0.477725 2.383075 6.654377 
-0.350931 1.222362 6.465491 
-0.092033 1.962158 6.891779 
-0.506979 3.185271 6.522944 
-0.552390 2.897103 5.695195 
-0.312725 1.675279 4.515001 
0.396002 1.997789 5.005522 
-0.165330 1.646815 5.110894 
0.133261 0.949452 5.302568 
0.288919 0.063304 5.435077 
0.037605 0.229220 5.688123 
-0.101924 -0.200881 5.637423 
-0.264049 0.624647 5.323259 
0.391328 0.611816 6.388582 
0.760335 0.148419 5.815189 
5.557177 -0.218408 3.181263 
4.030683 -0.609329 2.846348 
4.733096 -1.646439 2.587232 
4.524932 -2.231756 3.525798 
4.872773 -2.030548 2.968305 
4.507001 -2.877662 2.002371 
4.230460 -2.998934 2.441460 
4.698154 -1.632179 1.580390 
4.854431 -1.410286 0.788456 
4.746689 -1.865142 0.966630 
3.733644 -2.578166 1.419181 
3.541242 -3.507288 1.787414 
2.349760 -3.732149 0.717919 
3.058581 -4.458599 0.568401 
3.232844 -5.046930 1.757858 
2.610895 -5.470252 2.693262 
3.961979 -4.515047 2.620335 
3.677988 -4.002417 1.581121 
3.158644 -4.072914 2.557277 
3.919303 -4.068237 3.704539 
3.544263 -3.672846 3.959156 
3.648607 -4.051164 2.371334 
2.011278 -4.534407 3.115652 
2.324795 -4.603305 3.681206 
1.638181 -4.177723 3.576804 
2.520091 -4.914281 2.825902 
1.622073 -4.759638 3.540753 
0.770983 -3.377251 4.063090 
1.248028 -3.648131 4.275598 
2.735626 -4.007074 3.798515 
3.168411 -4.592858 3.356006 
2.705538 -4.796559 3.039255 
2.784005 -5.418365 2.022349 
2.339725 -5.742974 1.898438 
2.566864 -5.753359 2.341229 
1.811511 -5.756144 2.028857 
1.340481 -4.844318 0.485763 
1.946562 -5.102040 0.443125 
1.692267 -5.972284 1.605837 
1.853651 -5.606523 0.680850 
2.572793 -5.390198 1.469272 
2.343801 -5.331564 1.407892 
0.577600 -5.426269 1.780651 
-0.184114 -4.157719 2.364491 
-0.395918 -3.423614 2.576154 
-0.100495 -3.580518 3.195197 
-0.171820 -4.610656 2.771492 
-0.391332 -5.042130 2.330344 
-0.032108 -5.217325 1.552664 
0.603943 -5.050461 1.719899 
1.044254 -6.022980 2.016727 
0.381787 -5.441083 2.120894 
-0.065302 -4.158050 2.763007 
-0.292016 -4.490840 3.166481 
0.250388 -4.275561 2.950722 
0.367803 -3.768852 1.954379 
1.373387 -3.405900 1.439525 
1.321665 -2.798949 1.818453 
1.428759 -3.660618 2.464237 
1.929586 -4.147402 1.907301 
2.643916 -4.356835 1.834635 
1.965527 -3.891843 1.687350 
0.897574 -3.451419 1.605198 
-0.309950 -3.335145 0.869095 
-0.021586 -2.965382 1.612931 
1.408966 -4.141819 2.216774 
0.589286 -4.495580 3.001812 
0.766666 -5.548636 3.057415 
2.433213 0.609237 7.871944 
1.545105 0.393826 6.761144 
0.296465 0.352883 6.707199 
0.927141 -0.288612 7.319173 
0.637460 0.148049 7.268227 
-0.578945 0.593071 7.467269 
-1.264116 0.605443 7.112059 
-0.074877 0.575324 7.449696 
0.700940 -0.338722 7.285826 
1.176405 -1.121179 6.478071 
1.111246 -1.124112 5.772344 
0.954793 -0.242417 5.864635 
1.491812 -1.076162 6.551432 
1.527967 -0.530236 6.512810 
0.058636 -1.519039 6.071291 
-0.127546 -2.077839 5.970899 
-0.092381 -1.635260 6.015247 
-0.723513 -0.459644 5.939173 
-0.563530 -0.681097 6.194595 
-0.054492 -0.572924 6.808944 
-0.134859 0.915318 7.550952 
0.248955 0.972585 6.182310 
0.433604 0.266369 5.389689 
0.265510 -1.332656 4.936796 
-0.565539 -1.320725 5.443570 
-1.040181 -1.695541 4.975508 
-1.247270 -2.760632 4.112337 
-0.979571 -2.432588 4.619957 
-1.241125 -1.410155 4.849328 
-1.543477 -0.666178 3.667276 
-0.487428 0.450980 3.127146 
-0.536575 0.615319 2.832935 
-1.277609 -0.855528 1.992759 
-1.042130 -1.940189 1.605785 
-0.276975 -2.436956 2.108680 
-1.201893 -2.164669 2.966808 
-1.384002 -2.224126 3.672634 
-1.293272 -2.333187 3.162428 
-1.686922 -3.228843 3.104166 
-1.001457 -3.275027 4.020740 
-2.175529 -2.032706 3.920363 
-2.686223 -1.625807 3.643168 
-2.783997 -1.477152 4.274488 
-2.698696 -1.541730 3.908286 
-2.510296 -1.784301 3.818710 
-1.735683 -1.888068 3.016761 
-2.164810 -2.373177 2.968709 
-3.083185 -2.354707 2.620264 
-2.927851 -2.621210 1.785249 
-3.063663 -1.923756 1.529561 
-1.838998 -2.637313 1.310519 
-1.972471 -2.823178 2.023095 
-1.492472 -2.764744 2.769850 
-1.494354 -3.065624 2.024669 
-1.955770 -2.534433 0.978679 
-2.346046 -1.633425 1.920578 
-1.244557 -1.214424 2.727957 
-0.972759 -2.610862 2.511318 
-1.640071 -2.886897 2.360767 
-1.421046 -1.209569 1.885547 
-2.284556 -1.470824 1.247867 
-1.905512 -2.439799 0.652489 
-1.136597 -2.944435 0.963219 
-1.333199 -4.031574 1.827274 
-1.299117 -4.423031 2.077407 
5.144090 -3.516859 -3.997599 
3.957739 -4.182560 -3.361863 
2.629311 -3.680321 -3.137908 
3.064268 -3.923369 -3.436788 
2.498353 -3.946226 -4.293630 
1.479760 -3.399866 -4.207461 
2.569650 -3.265807 -4.223532 
3.371034 -3.756296 -3.841056 
3.772387 -3.207146 -3.193844 
2.629936 -3.629010 -3.912505 
2.087613 -3.989493 -4.098453 
2.469237 -3.897374 -3.443681 
3.122126 -3.402021 -3.253194 
3.447209 -4.122107 -2.852393 
3.764766 -4.835663 -3.512842 
3.480845 -4.628574 -4.554657 
3.724296 -4.570245 -4.616342 
3.597658 -5.338647 -4.216439 
3.484657 -5.186972 -5.039399 
2.572897 -5.540201 -5.243264 
1.879912 -5.118436 -4.635797 
1.480708 -4.015933 -3.470356 
1.954557 -4.422094 -3.741083 
2.155987 -5.156652 -4.566144 
1.880580 -6.292869 -3.882722 
2.284616 -6.053520 -4.040067 
1.928983 -5.057336 -5.318270 
1.588155 -5.703619 -4.641617 
2.444510 -5.437631 -5.299159 
2.327603 -4.621302 -4.781683 
2.733692 -4.368234 -3.804240 
2.615646 -4.813411 -2.710903 
1.414328 -4.626265 -3.324242 
1.014385 -5.354943 -4.813489 
1.012654 -5.210224 -4.343779 
1.149945 -3.703059 -3.661583 
1.253393 -3.660787 -4.946194 
1.293541 -4.380063 -5.273057 
1.435450 -5.643018 -4.799052 
2.578487 -5.132242 -4.403090 
2.095883 -3.351816 -4.342813 
2.567669 -2.062981 -3.909653 
1.423351 -1.117418 -3.618018 
1.397100 -2.538709 -3.705872 
2.209649 -1.990821 -4.026941 
2.483117 -2.533180 -4.257483 
1.553857 -3.017423 -4.852189 
1.969534 -2.972114 -4.669843 
2.566600 -2.328378 -4.771616 
1.856627 -2.158039 -4.853817 
2.529108 -1.804332 -5.230396 
3.058786 -1.712588 -4.626510 
3.184862 -0.898638 -3.790103 
2.650845 -1.208063 -3.682406 
2.434568 -2.347414 -3.400596 
1.779937 -2.630593 -2.653687 
2.428707 -2.114749 -2.721602 
3.054586 -1.635123 -3.113912 
2.812061 -1.037984 -2.587711 
2.096251 -1.534488 -2.214951 
2.776539 -1.109602 -2.389947 
2.392542 -0.495643 -2.148463 
1.357789 -0.383152 -1.692223 
2.150793 -0.152728 -2.416748 
1.827193 -0.692060 -1.856059 
2.163668 -0.693073 -1.912015 
1.561730 -1.384980 -1.564097 
1.432545 -2.463887 -1.735603 
3.673525 -1.820562 -2.627586 
4.315818 0.672903 -1.020497 
3.000905 -0.031686 -0.142588 
3.623928 -0.386290 1.187479 
1.988369 0.528940 1.388560 
2.704297 0.109251 1.294098 
2.642578 -0.633204 -0.178730 
1.247782 -0.537537 -0.581038 
2.375112 -0.193892 0.351492 
1.835867 -0.466270 1.798858 
2.965671 -0.211827 2.058400 
3.138944 -1.127275 1.770567 
3.099642 -1.765989 1.259048 
2.589992 -3.039710 2.014044 
2.049817 -3.207853 2.893650 
2.097833 -3.516943 2.697117 
1.916981 -2.573351 2.913789 
2.338315 -2.080878 2.493657 
1.637056 -2.027691 2.227217 
1.928252 -2.066417 1.749990 
1.773921 -2.624808 1.405092 
2.615244 -2.693914 1.100249 
2.430931 -3.706196 1.843423 
2.551008 -2.930611 2.396003 
2.529884 -3.013603 1.369631 
3.433937 -2.507074 0.995752 
2.813809 -1.331158 1.771795 
2.040581 -0.156130 2.904275 
2.797197 -0.778300 2.820508 
2.506493 -0.971543 1.804202 
2.209076 -1.774606 1.669518 
2.175503 -1.213270 1.082134 
1.511938 -0.751471 1.423449 
1.212078 -0.581459 0.295162 
1.742051 0.151270 0.712204 
0.891292 0.580103 1.264011 
0.727970 0.157684 1.657229 
0.420454 -0.839900 1.576848 
0.809281 -1.865009 1.080918 
1.103768 -2.379289 -0.084922 
0.792392 -1.129112 0.214526 
0.313328 0.534828 0.768471 
0.700116 0.564102 0.377610 
0.898124 0.782909 0.912330 
1.411513 -0.431192 1.367331 
0.841946 -1.759480 1.288069 
0.397245 -0.754973 0.526606 
-0.781599 0.090571 0.439567 
-1.186618 0.744173 0.002278 
-0.705775 1.603629 -0.007526 
0.293466 2.017039 0.759331 
1.100589 0.660106 0.531646 
-0.054133 0.364446 1.783235 
0.129218 0.443693 1.229151 
0.550202 0.141331 -0.417016 
-0.188233 -0.329888 -0.676296 
-0.921793 -0.692369 0.045104 
-2.288357 -0.433413 0.299210 
-2.827078 -0.906864 1.208000 
-2.504672 -1.308713 0.978624 
-1.447879 -1.525297 0.542312 
-0.128138 -1.435086 -0.124404 
0.230752 -2.100702 0.491905 
-0.394540 -1.837084 0.389482 
-1.170530 -1.114173 1.115620 
-2.072004 1.622834 -2.880270 
-1.668393 2.463598 -4.195234 
-1.574376 2.274494 -3.643897 
-1.574022 2.646692 -3.213256 
-2.173185 2.957562 -3.465026 
-1.987525 3.415949 -4.427733 
-2.337775 4.172844 -3.966102 
-2.283291 4.175607 -4.132486 
-1.534053 3.436642 -4.371863 
-0.751639 2.848128 -3.711961 
-0.194008 2.299919 -3.358314 
0.323399 2.602613 -2.782945 
0.050215 2.859044 -4.084200 
0.599558 3.019226 -4.749951 
0.687588 3.423270 -4.722720 
0.796546 3.541548 -4.490396 
0.392929 3.039444 -5.040247 
0.612883 3.069458 -5.781541 
0.512041 2.759394 -5.962837 
0.623570 2.356673 -5.979487 
-0.432702 2.920745 -5.514478 
-0.986666 3.567646 -4.481681 
-0.085516 3.364553 -4.870074 
1.251642 2.945845 -4.624234 
2.509337 2.333278 -3.978597 
2.225460 1.922348 -4.995665 
2.214664 1.836212 -4.249438 
2.323605 2.482752 -4.312850 
1.736314 2.028548 -4.329543 
1.305992 1.359248 -5.637535 
0.389530 1.865368 -5.406417 
0.913198 3.063494 -4.891570 
1.437908 2.890276 -5.369245 
1.267379 3.323623 -4.690413 
1.583475 3.972551 -3.946754 
1.820107 3.225168 -3.984915 
1.897458 2.780362 -3.833720 
1.210907 2.113259 -3.702505 
1.133987 3.055153 -4.501253 
0.524310 3.136418 -3.948450 
0.058935 4.137320 -3.625103 
0.179499 3.258285 -3.329740 
1.581111 3.198887 -2.771000 
2.024117 3.851660 -1.927921 
0.921551 3.783678 -2.860517 
1.369731 4.270871 -3.002929 
1.735724 4.789850 -2.289864 
2.031265 4.819806 -2.334182 
1.093034 5.044947 -2.647633 
1.458350 4.520412 -3.546025 
2.380208 3.521893 -3.421492 
2.492102 2.331299 -2.519888 
1.777613 2.035047 -1.427274 
1.710311 2.930799 -1.201274 
2.182417 3.414827 -0.438615 
0.707208 3.488050 -0.945385 
0.441128 3.566729 -1.845673 
1.057116 3.433800 -2.133344 
1.776860 4.237791 -1.941414 
2.839634 4.078764 -2.194770 
2.577644 3.381710 -1.351393 
2.637238 2.805011 -1.553281 
3.590067 3.105657 -1.446197 
2.834063 2.324634 1.502214 
0.899474 2.213579 1.360833 
0.907238 1.967299 0.690927 
2.138114 1.516918 0.585518 
2.012662 0.312968 0.349171 
2.635627 0.672920 0.845316 
2.362891 1.590727 0.915903 
2.860308 1.608409 0.280480 
2.533247 0.455823 -0.610978 
2.127594 0.038014 -0.436238 
2.769392 1.005395 -0.279292 
2.302647 1.101981 -0.776489 
1.100015 1.655391 -0.880734 
1.278170 2.207766 -1.816769 
1.425771 1.401277 -1.966446 
2.211048 2.042676 -2.390376 
2.220093 2.783101 -2.554741 
2.717781 1.772895 -2.758777 
3.013166 2.811161 -2.941730 
3.061536 2.914718 -3.240936 
2.832871 2.179484 -3.056053 
2.480095 1.729148 -2.118037 
2.331725 2.303148 -1.231962 
2.055980 2.610663 -0.910257 
1.166548 1.332921 -0.166354 
1.850890 1.380431 -1.293798 
2.768044 1.737946 -2.193617 
1.980141 1.311335 -2.955528 
2.327991 0.856677 -2.594684 
1.601862 1.183983 -2.081183 
1.253324 1.680133 -1.583104 
0.543329 2.377966 -0.835061 
0.236358 2.014047 -2.605245 
0.685940 1.298898 -3.993214 
0.855012 0.896659 -3.142939 
1.784594 0.878903 -3.471670 
2.704832 0.323071 -4.045058 
2.452744 -0.216198 -3.809566 
2.779259 -0.500032 -3.157562 
2.218908 0.027578 -4.373436 
2.627776 0.285786 -5.105184 
3.261143 -0.020239 -5.135181 
3.333164 0.866685 -4.117724 
3.180340 0.663207 -3.878011 
3.088385 1.012927 -3.209481 
2.981747 0.964547 -2.862917 
2.096296 0.119058 -2.659714 
2.485655 0.113555 -3.904969 
1.768483 0.187710 -5.424739 
1.075550 0.341830 -4.810457 
1.567622 -0.308634 -3.753118 
1.526664 -1.141333 -2.835557 
1.299775 0.087885 -3.867101 
1.619500 0.460776 -4.529643 
2.641928 0.523800 -4.592591 
2.954090 -0.579057 -4.580913 
2.697510 -1.020383 -5.135328 
1.924048 -0.151116 -4.684056 
1.053767 0.927525 -4.172416 
1.490475 0.492741 -4.785440 
2.137968 0.604307 -5.611534 
2.584452 -0.249384 -5.311093 
3.326542 0.947478 -4.896233 
2.535232 -4.974437 -0.317713 
2.898135 -4.184139 -1.220880 
3.454675 -4.109441 -1.734676 
3.517881 -3.718867 -1.476822 
3.523823 -2.577326 -1.369110 
3.648752 -1.845483 -0.332240 
3.365789 -2.334999 0.434664 
2.868625 -1.305197 -0.129737 
2.395318 -2.425578 -0.490336 
2.549690 -3.072148 -1.151879 
2.502141 -3.319993 -2.532994 
1.642352 -3.132571 -2.691477 
0.839792 -2.262811 -2.583637 
1.430934 -1.809550 -2.921099 
1.892744 -2.901312 -1.776498 
2.457939 -3.479920 -1.482028 
2.056209 -4.307894 -1.197877 
0.993477 -3.709518 0.089834 
1.214961 -3.444595 0.038594 
2.260369 -2.799801 0.002655 
2.832129 -3.155564 -0.505033 
3.022953 -2.382627 -0.658385 
2.469222 -1.314741 0.102952 
1.977521 -1.778380 -0.341751 
2.705620 -2.501253 0.234464 
2.353050 -3.276509 0.317512 
1.904264 -3.027948 -0.470438 
1.524004 -3.610838 -0.833728 
1.300586 -4.618278 -0.876724 
1.218311 -5.430392 -0.380512 
0.330593 -5.078772 0.040489 
-0.034058 -4.648393 0.605107 
0.164647 -2.938668 0.528930 
0.600081 -3.001801 0.456662 
0.898781 -2.219946 0.486537 
1.117426 -2.723005 1.054117 
1.612252 -3.905655 0.466303 
1.492117 -3.099188 0.494757 
0.936686 -2.497827 0.491492 
0.708779 -2.407678 -0.156986 
0.222426 -2.849600 0.825374 
-1.087724 -3.892519 1.322198 
-1.671829 -4.682917 0.849017 
-1.182865 -5.209408 0.089250 
-0.849151 -5.633568 -0.624997 
-0.812626 -5.724366 -0.207767 
-0.501883 -5.862660 0.310827 
0.115169 -5.811549 0.577926 
-0.088712 -5.932898 -0.493417 
-0.585588 -5.597615 -0.444149 
-0.169687 -4.914129 -1.329988 
0.175023 -5.367573 -0.735374 
0.745065 -5.898815 0.086169 
0.476147 -5.643506 0.804644 
-0.725069 -5.453112 1.168056 
-1.280325 -5.313140 1.571962 
-0.711844 -5.770603 1.338540 
-0.005985 -6.420647 -0.243381 
0.647684 -6.812869 -0.369873 
1.138518 -6.060787 -0.007962 
-0.060624 -5.368367 0.185990 
-0.666384 -4.976961 0.131210 
0.053635 -5.416564 -0.271482 
0.665714 -6.001358 -1.285153 
0.826820 -6.857248 -1.253877 
1.092027 -8.256018 -1.131989 
-6.537357 0.009823 -0.976331 
-5.844427 1.161684 -0.915203 
-5.231297 1.102828 -1.455373 
-4.741287 1.552313 -1.703329 
-4.299176 1.454259 -2.417451 
-3.559981 -0.118311 -2.998197 
-4.099041 0.386353 -2.986982 
-4.347989 0.300886 -2.947256 
-4.220944 0.514084 -3.830139 
-4.836449 0.882453 -2.203397 
-5.727176 1.496807 -0.959180 
-5.506991 1.974282 -0.894188 
-4.844678 1.924784 -1.800317 
-4.437878 1.694439 -2.091534 
-4.223938 1.326936 -3.144864 
-3.270253 1.398522 -2.765178 
-2.869302 1.711743 -3.034366 
-3.122158 1.758492 -2.256064 
-3.636954 0.646330 -2.529754 
-3.543840 0.815930 -3.732450 
-3.914082 2.484191 -3.374170 
-4.062349 2.276503 -3.421356 
-4.381549 2.207376 -3.656589 
-3.793228 2.788498 -3.724319 
-3.650812 2.371273 -4.358353 
-3.518821 3.100079 -3.953524 
-3.375389 3.401805 -2.585323 
-3.537180 4.139892 -2.430444 
-3.249599 4.132270 -2.501390 
-4.287749 3.211176 -2.865485 
-3.709282 3.381523 -2.011456 
-2.677746 3.028370 -2.346324 
-1.906197 3.146211 -2.165034 
-1.377288 4.135147 -3.015626 
-1.614883 4.592079 -3.420428 
-2.389938 4.777206 -2.560201 
-2.926996 4.409671 -2.892486 
-2.801809 3.622002 -3.620568 
-3.076617 2.581892 -3.723317 
-2.649736 3.211136 -2.943634 
-2.782884 4.065455 -2.787585 
-1.756754 3.526747 -2.739723 
-1.037914 3.118435 -2.908258 
-2.189526 2.481302 -3.812227 
-1.948524 3.849832 -3.505509 
-1.363304 5.117398 -3.166781 
-1.338758 5.292940 -3.013469 
-1.127744 5.193229 -2.761981 
-0.874461 5.188395 -2.555389 
-0.356273 5.235560 -2.748778 
0.758097 4.815629 -2.102317 
0.217207 4.339911 -1.446495 
-0.128616 4.735845 -1.955956 
-0.790846 4.517952 -2.468297 
-0.182194 4.430089 -4.099040 
-5.720652 -0.069689 1.341494 
-5.037166 0.869364 1.122296 
-4.429654 2.031689 1.017135 
-3.949979 2.002488 0.905698 
-3.188279 3.109199 1.333017 
-2.668235 3.040015 1.761009 
-2.812589 3.306310 0.436525 
-2.078233 4.708874 0.594602 
-0.912403 4.831862 0.451691 
0.093489 3.732876 0.986053 
-0.914437 3.474704 0.665864 
-1.297700 3.576437 -1.093576 
-0.578696 2.734841 -1.732215 
-0.720593 2.905065 -1.953328 
-1.459275 3.110359 -1.623922 
-1.007235 3.790623 -0.588907 
-0.643769 4.230971 0.566478 
-0.215120 4.893008 -0.485016 
0.076573 4.788276 -1.533252 
-0.741038 5.108016 -1.245274 
-0.578763 5.252834 -0.580638 
-0.235345 5.495143 -0.331252 
0.519951 5.515422 -0.244778 
-0.037420 5.738361 0.372851 
0.567222 5.254511 0.694167 
1.589142 4.404382 1.247235 
1.700092 4.793933 1.031296 
0.531376 5.649358 0.179783 
1.092473 5.552722 -0.214152 
1.829549 5.244967 -0.645905 
1.037496 5.378445 0.305728 
1.946130 5.133803 -0.182767 
1.554659 5.140114 0.547295 
1.235117 5.639065 0.677802 
1.051868 5.813064 0.399523 
0.343156 5.713922 -0.928954 
1.222320 5.747513 -1.070400 
1.267955 5.405848 -2.180422 
0.895067 5.409863 -1.815355 
1.614243 4.535373 -1.008493 
1.844919 4.232577 -0.510534 
1.559758 3.450101 0.813624 
0.507829 2.758948 0.294352 
0.906583 3.637127 0.162565 
1.292181 3.389956 -0.459911 
0.674804 2.976082 -0.558665 
1.390524 2.729834 -0.769163 
1.634701 2.534030 0.141868 
1.730479 4.185554 0.169613 
1.327983 4.211045 -0.367527 
0.342433 3.400323 -0.803947 
-0.442826 3.898565 -0.754744 
-4.883240 1.971905 4.875438 
-4.069612 1.432950 3.691595 
-3.264798 1.480428 3.203473 
-1.536135 1.243047 2.796175 
0.289200 0.867223 3.625018 
0.479844 0.312751 4.673623 
1.293609 0.079884 4.302876 
0.649965 0.816446 3.848139 
0.752825 0.400398 3.960934 
0.380878 0.864853 2.461542 
0.080152 0.230799 2.264552 
0.219766 0.340252 2.982174 
0.716067 1.101684 2.928866 
-0.356342 2.283977 3.399289 
-1.283497 3.298688 3.714832 
-1.715927 2.783223 3.108326 
-0.960857 2.019304 3.402403 
0.049051 0.786209 4.379169 
-0.641306 -0.157893 3.927178 
-1.533273 -0.302822 4.308464 
-1.475742 -0.632618 4.660034 
-2.061070 -0.897909 3.752174 
-1.343013 -0.001440 2.862661 
-1.096563 0.159183 2.425260 
-0.482906 0.437949 1.371905 
-1.270151 0.832037 1.365636 
-1.485291 0.901951 0.627673 
-1.342370 0.453427 -0.909196 
-2.012139 0.287727 -0.757406 
-1.844627 0.369557 -0.513657 
-1.457212 1.070717 -0.779250 
-1.011615 1.567933 -0.798567 
-1.556287 0.829994 -0.863207 
-1.933026 0.521097 0.455430 
-0.954551 1.736713 0.827291 
-1.082759 1.614318 0.237395 
-0.670966 1.607572 -0.480127 
-0.714791 1.341736 0.389339 
-0.825461 0.693490 0.395936 
-1.629936 0.551912 0.172855 
-1.843607 0.103358 0.537541 
-1.420793 -0.423337 1.172612 
-1.571671 0.166335 0.467752 
-1.407736 0.611737 -0.470887 
-0.739785 1.429252 -0.609626 
-0.425925 0.927344 -0.408105 
-0.665957 1.127160 -1.469952 
0.085667 1.899320 -1.195390 
-0.390169 1.868565 -1.008250 
-0.381360 1.475268 -1.753031 
-3.464193 -3.673195 -1.622943 
-2.192607 -2.649365 -2.421218 
-1.355264 -1.955484 -2.531664 
-2.192636 -2.299361 -2.136973 
-1.363219 -2.483654 -2.272716 
0.381983 -2.233126 -2.361676 
-0.929905 -1.439218 -3.340691 
-1.618346 -0.746740 -4.427446 
-1.899031 -0.798680 -3.799374 
-1.253433 -1.000914 -3.375710 
-2.078081 -1.527204 -3.767750 
-2.114396 -1.056577 -3.544493 
-0.846336 -2.141056 -3.473854 
-0.779253 -1.396319 -4.291040 
-0.448114 -1.002478 -3.609076 
-0.724849 -0.739678 -4.406089 
0.047306 -1.195206 -4.255283 
0.303119 -2.440860 -3.813961 
0.985995 -2.844160 -3.778969 
1.394675 -1.496197 -4.781845 
0.712532 -1.434093 -4.731167 
0.065346 -1.442073 -5.498992 
-0.065134 -1.871069 -4.852419 
-0.123977 -2.247780 -6.187834 
0.381586 -3.145596 -6.575522 
1.091921 -2.912353 -6.501792 
0.995281 -1.644320 -6.579061 
1.312282 -1.467011 -5.923473 
1.305706 -1.890080 -6.570159 
0.539267 -2.116269 -6.000119 
0.411545 -1.223805 -5.710380 
0.109722 -0.630728 -5.534641 
-0.378207 -0.910744 -5.655434 
-0.260286 -0.684829 -4.977533 
0.475471 -0.430264 -4.949472 
0.292671 0.156208 -5.549403 
1.251772 -1.291167 -5.740425 
1.579108 -2.750896 -5.897730 
1.444853 -2.757709 -6.307709 
0.863201 -2.443396 -5.323994 
-0.303542 -2.394711 -5.926582 
-0.265791 -1.595054 -6.544267 
0.618955 -1.125164 -5.954412 
1.424414 -1.331239 -6.138280 
1.069708 -1.509111 -6.414183 
1.321737 -3.351897 -6.059993 
1.243884 -2.883014 -6.796066 
1.948829 -3.408185 -6.985623 
-2.329279 -5.034077 -2.672972 
-1.131827 -3.567336 -2.816930 
-0.973572 -2.654765 -3.746581 
-0.329290 -3.100130 -3.680064 
0.644778 -3.379882 -3.974106 
0.186011 -2.801721 -2.575768 
-0.363569 -3.575013 -3.726869 
-0.906785 -3.784483 -3.362699 
-1.522828 -4.048699 -3.250949 
-1.771542 -3.802004 -3.940583 
-1.395164 -4.060935 -4.498461 
0.194841 -4.333807 -4.432219 
1.739407 -4.547466 -4.401182 
1.596857 -4.434477 -4.981347 
0.734774 -4.007755 -4.370469 
-0.177170 -4.173701 -4.460027 
-0.576136 -4.771204 -4.794811 
-0.706697 -4.035168 -4.317019 
-1.307043 -3.579273 -5.102281 
-0.683004 -3.330319 -5.031645 
0.124194 -4.424300 -5.002202 
0.717428 -4.717106 -4.527883 
0.404734 -4.045779 -4.791324 
0.451859 -3.869129 -3.631753 
1.670985 -4.413955 -3.043089 
1.167940 -4.658549 -4.773628 
0.358713 -4.607642 -6.157585 
0.035823 -4.129388 -5.757566 
-0.438858 -3.491579 -6.044744 
0.783036 -3.643830 -6.254690 
1.403313 -4.163384 -5.968216 
1.058961 -4.529829 -5.981627 
-5.503091 0.907864 -5.649725 
-5.008563 0.370591 -4.351670 
-3.597716 -0.109205 -3.658658 
-2.062516 -0.211889 -2.536641 
-0.445087 -0.533869 -1.618167 
-1.352057 -0.390374 -2.247312 
-2.034400 -1.363607 -2.095028 
-3.022207 -1.221093 -1.725108 
-2.229968 -0.714493 -1.753309 
-2.191963 -0.204126 -2.030978 
-2.633326 -0.993897 -2.680503 
-3.017811 -1.437861 -3.767973 
-3.871951 -1.635354 -3.768559 
-4.882460 -1.390536 -3.643892 
-6.072828 -1.460029 -4.348659 
-5.706178 -1.004196 -5.199140 
-4.742940 -0.413313 -4.649351 
-5.181349 -0.520310 -3.500134 
-4.366163 -1.831674 -2.273923 
-3.305299 -1.220355 -2.256984 
-3.095134 -2.327033 -2.825843 
-3.086438 -2.634764 -2.510506 
-3.313597 -1.971961 -2.864406 
-3.737781 -0.790379 -3.015536 
-4.234048 -1.140941 -2.906136 
-4.194755 -0.578173 -2.587497 
-4.009826 -1.053044 -2.330734 
-2.952144 -1.975404 -3.113938 
-2.756633 -3.412669 -3.051317 
-1.658569 -3.182582 -2.802801 
-1.145814 -3.914399 -3.292776 
-1.375861 -3.050345 -3.539547 
-2.518796 -3.052389 -3.731410 
-3.057252 -2.334752 -4.036013 
-3.549645 -1.997137 -4.503992 
-3.208882 -1.849420 -4.282214 
-3.635135 -1.788054 -3.491619 
-3.606702 -1.735793 -2.018392 
-2.954750 -2.112767 -3.498068 
-3.421577 -0.898006 -4.225450 
-3.352824 -0.560954 -4.778796 
-2.652381 -1.586442 -5.443529 
-2.015598 -2.684352 -5.556817 
-1.898634 -3.652592 -4.971479 
-2.822932 -2.550583 -5.079714 
-2.755202 -1.512598 -5.924259 
-2.601244 -1.945740 -5.541579 
-2.689570 -2.542358 -4.670629 
-2.326931 -2.415007 -4.652944 
-1.885881 -2.571694 -5.161210 
-1.363319 -2.489553 -6.271706 
-1.253577 -1.961655 -5.792271 
-1.416905 -0.680910 -5.394010 
-2.590831 -0.283997 -4.892801 
-2.026319 -1.775483 -5.114061 
-2.169555 -1.494125 -5.963360 
-1.124537 -1.796472 -6.634101 
-1.522021 -0.504252 -6.713476 
-0.770125 -0.973127 -6.868237 
-1.809383 -0.738282 -6.441473 
-1.896691 0.156099 -6.721438 
-1.710551 0.543636 -6.673582 
-1.203914 0.937529 -6.448315 
-2.052623 1.467363 -6.426847 
-2.339155 2.359289 -6.713547 
-1.642644 2.993301 -6.630914 
-0.826276 2.445823 -6.214367 
-0.086187 1.792466 -6.160920 
0.098027 1.337742 -6.006472 
0.215569 0.102556 -6.277278 
-0.732417 0.605751 -6.300134 
-1.929493 -0.419850 -6.453709 
-2.310447 -0.166909 -5.747212 
-1.789098 0.079578 -4.786150 
-1.350882 0.886158 -4.467414 
-1.123442 1.045090 -3.930990 
-1.707160 1.143559 -4.454555 
-1.780371 0.896554 -3.491440 
-0.643416 1.241067 -3.990174 
-1.313247 1.116170 -4.836692 
-2.595826 0.617679 -5.676928 
-2.532379 0.272516 -5.845548 
-3.071010 0.757906 -5.240135 
-2.941656 1.396709 -5.305574 
-1.837892 2.391583 -5.704531 
-2.085521 2.669924 -5.111073 
-2.575376 2.303026 -5.225129 
-1.940324 2.041734 -6.124064 
-1.179622 1.926831 -6.820224 
-0.935711 2.185671 -8.161775 
