Snapshot 0 0.000000
-40.653158 3.779712 1.576939 
-41.177006 4.589160 1.842226 
-40.773983 5.018524 2.650445 
-41.268319 5.860344 2.867171 
-40.715587 6.352478 2.194645 
-39.734150 6.496191 2.067650 
-39.100088 5.780676 1.774385 
-39.173064 5.392653 0.855629 
-40.074313 5.804684 0.989722 
-40.964013 6.131368 0.670798 
-41.662651 6.423335 1.323990 
-41.782940 6.937504 2.173202 
-41.869451 6.710369 3.143215 
-41.913962 7.489043 3.769063 
-40.966722 7.332416 4.048712 
-40.448446 8.151584 4.294382 
-40.423525 8.561924 3.382790 
-39.736249 8.425485 2.669323 
-39.044837 9.145936 2.723168 
-39.680079 9.848022 3.044950 
-39.532808 10.824175 2.885464 
-39.124096 10.986239 3.783623 
-39.287353 11.769538 3.183799 
-39.594089 12.278722 2.379657 
-39.107813 13.147022 2.477595 
-38.194635 12.758771 2.601560 
-38.105827 13.274770 3.453533 
-37.946671 14.180056 3.059672 
-38.354755 14.017170 2.161376 
-38.360518 14.992949 1.942695 
-38.126395 15.681563 2.628987 
-38.243930 16.191282 1.776712 
-38.988701 15.948944 1.154949 
-39.169616 16.712059 1.775373 
-39.571698 17.203218 2.548091 
-40.535222 16.950620 2.459685 
-40.253696 16.630857 3.364392 
-39.554681 17.165931 3.838812 
-40.469347 17.569279 3.812429 
-40.457838 18.569187 3.819634 
-41.395580 18.835529 4.042572 
-41.612193 18.043679 3.471561 
-42.535743 17.688703 3.326484 
-41.871934 17.381740 2.644478 
-41.770630 16.598289 3.257619 
-41.087113 16.302246 3.924824 
-41.144066 15.712244 4.730214 
-42.143505 15.678795 4.728368 
-43.012504 15.501320 5.190260 
-43.060142 14.929606 4.371191 
-42.604648 14.585530 3.550133 
-42.011327 14.146531 2.875410 
-41.922026 14.206727 1.881226 
-42.213766 13.269206 1.691639 
-42.183835 13.900432 0.916617 
-42.960774 13.307466 0.705058 
-42.722371 12.353903 0.889129 
-43.452152 12.458451 0.213490 
-44.277618 12.086446 0.638013 
-43.776675 11.505272 -0.003308 
-43.835587 11.261203 -0.971275 
-43.666033 10.339391 -1.319862 
-43.490130 10.239411 -2.299180 
-43.026660 11.115043 -2.163295 
-43.211103 12.075231 -2.373104 
-43.994253 11.679692 -1.893287 
-44.665806 11.478606 -2.606436 
-45.664261 11.530696 -2.625784 
-45.290111 11.665899 -1.708324 
-45.434241 12.321610 -0.967196 
-46.090201 12.785207 -1.562841 
-46.533593 12.725806 -0.668484 
-46.713003 11.880819 -0.164688 
-46.977651 11.624480 0.764963 
-46.688518 12.581746 0.771698 
-46.094661 12.047030 1.372875 
-45.155057 11.881803 1.073134 
-44.788273 12.810136 1.133705 
-44.296394 12.489037 1.942995 
-43.730444 12.788039 2.711304 
-44.226799 12.711209 3.576017 
-43.941739 11.797303 3.287025 
-44.201381 11.367161 4.151643 
-43.625596 10.554797 4.244041 
-44.331338 9.872892 4.436219 
-45.109149 10.465162 4.646519 
-45.432870 10.473324 3.700402 
-44.797375 10.951730 3.094371 
-45.483736 10.957019 2.367128 
-44.934977 10.354618 1.787493 
-45.000390 9.517483 1.244422 
-45.974441 9.420144 1.040091 
-45.935717 10.410557 1.172690 
-46.886245 10.679653 1.327881 
-46.486211 11.299058 2.003389 
-46.305566 10.377661 2.347474 
-46.707214 9.486836 2.135083 
-46.446566 8.695760 2.688492 
-45.608477 9.222476 2.830535 
-44.768941 9.220240 3.373836 
-43.906217 9.724386 3.334541 
-43.291651 9.235112 2.715736 
61.264582 -5.637088 -15.016761 
60.756482 -6.202075 -14.366666 
59.891091 -5.891089 -13.973746 
59.117064 -5.635351 -13.394540 
59.083358 -4.681487 -13.692881 
58.126257 -4.483609 -13.904547 
58.123443 -4.890927 -14.817828 
58.193231 -4.200953 -15.538290 
57.240320 -4.000089 -15.311104 
56.622287 -4.728226 -15.607506 
55.758146 -4.565724 -16.083796 
55.450373 -4.117480 -15.244538 
55.644803 -3.157750 -15.041772 
56.417408 -2.746674 -15.525608 
56.438094 -2.049216 -14.809282 
56.432565 -1.671670 -15.735257 
57.224497 -1.233890 -15.309590 
57.266640 -1.289944 -16.307128 
58.093788 -1.692448 -16.699323 
57.614959 -1.289340 -17.479212 
57.215189 -0.587194 -18.068427 
56.309376 -0.398110 -17.689283 
55.803538 0.117467 -16.997685 
56.666507 0.614222 -16.905389 
56.559416 0.779769 -17.885759 
56.445250 1.554352 -17.263676 
56.036597 1.983888 -18.068972 
55.567610 2.735823 -18.532270 
55.492691 3.091445 -17.600648 
55.015449 3.666421 -16.936086 
54.817653 4.412814 -17.571518 
54.920159 5.406449 -17.524793 
55.335234 6.062910 -18.154691 
56.065356 6.038501 -18.837572 
56.069519 6.998852 -19.116336 
57.064745 7.042240 -19.028923 
58.036034 6.926360 -18.821151 
58.148136 6.476804 -19.707341 
58.688939 7.307823 -19.577188 
58.813116 8.016738 -20.271464 
59.456086 8.569839 -19.741683 
59.280053 8.832051 -18.792865 
59.992181 9.531430 -18.854038 
60.973577 9.655884 -19.000234 
61.314687 9.012538 -19.685617 
60.915538 9.187628 -20.585630 
61.311539 8.270690 -20.536558 
61.710777 8.016080 -19.655773 
62.607865 8.457905 -19.650956 
62.620128 8.781030 -18.704679 
62.207612 9.652599 -18.969628 
63.083173 9.973613 -19.330660 
63.831662 9.641389 -18.756734 
64.770460 9.982891 -18.801857 
64.576102 9.160197 -19.336086 
65.295040 9.253805 -20.024828 
65.139930 8.308745 -19.737074 
65.731801 7.559835 -20.035106 
65.115663 7.874934 -20.756970 
64.463721 7.650589 -21.481291 
63.999198 7.919486 -22.325040 
63.324702 8.600267 -22.039396 
63.258521 8.802021 -21.062198 
62.361016 8.647218 -20.649256 
62.237174 7.730408 -21.028893 
62.382428 7.780090 -22.017039 
61.401424 7.709280 -22.197637 
61.232519 8.672478 -22.406728 
60.356265 8.263889 -22.662138 
60.445081 7.703276 -23.485439 
60.534106 6.940983 -22.844360 
59.850613 7.313788 -22.216782 
59.457966 7.218631 -23.131535 
58.848544 6.430782 -23.220420 
58.758860 5.572730 -23.726091 
57.861005 5.209900 -23.476670 
57.975631 5.523370 -22.534016 
57.094945 5.959043 -22.348054 
57.498573 6.634034 -22.965687 
57.616030 7.226324 -22.168570 
56.710884 7.388192 -22.561646 
56.401835 7.076844 -21.663007 
56.435258 7.434288 -20.729671 
56.777354 6.504090 -20.862722 
56.682875 6.172413 -19.924072 
56.742858 5.243623 -19.558352 
57.293001 5.097594 -20.380554 
57.691782 6.000957 -20.538382 
57.198863 5.721675 -21.362417 
56.407115 5.112321 -21.319735 
56.055529 5.746900 -20.631479 
55.057792 5.807744 -20.660117 
54.108806 6.123004 -20.654185 
54.075354 5.269827 -21.174732 
54.271939 4.614344 -21.903907 
14.872882 15.155812 -0.805461 
14.493423 14.910045 0.086509 
13.691567 14.312588 0.095065 
13.369251 14.013865 -0.803198 
12.576172 13.775260 -0.242758 
12.011834 13.607911 0.565647 
11.315799 13.416240 -0.126305 
11.414280 12.615414 -0.717049 
11.984428 12.294382 -1.473269 
12.638527 11.821011 -0.883290 
12.377187 11.030375 -1.437000 
13.127156 11.444146 -1.953082 
14.054962 11.206041 -1.665885 
14.077685 12.188407 -1.851466 
14.815367 12.266665 -2.522064 
15.104072 12.450716 -3.461625 
15.679685 13.246084 -3.271733 
15.028408 13.785314 -2.737814 
14.458671 13.796876 -3.559560 
13.988446 14.638555 -3.825012 
13.240136 15.042192 -4.351423 
12.855772 14.145189 -4.133135 
13.162085 14.545265 -3.269358 
13.200094 15.003608 -2.381395 
12.865445 15.829741 -2.834732 
12.449018 16.437626 -3.510797 
11.663452 16.919300 -3.899225 
11.494157 15.991148 -4.230695 
10.530466 15.862127 -3.996915 
9.980043 16.695962 -4.038804 
9.281672 15.981966 -4.088686 
8.745274 16.410311 -3.361501 
9.516124 15.927268 -2.946216 
9.782701 15.000427 -2.681827 
10.542065 15.638742 -2.555649 
10.504215 16.517360 -2.079627 
10.869463 17.398875 -1.780420 
11.149034 17.175464 -2.714190 
10.471503 17.890009 -2.888479 
9.686585 17.343336 -3.180116 
8.885251 17.705990 -2.704357 
9.103747 17.579245 -1.736786 
9.193260 16.603180 -1.538581 
8.602956 16.241786 -2.260339 
7.739071 16.498784 -2.693530 
7.870781 17.119762 -1.920847 
7.025175 17.517976 -2.276343 
6.516448 16.700912 -2.005044 
5.691644 16.141866 -2.089702 
4.794132 16.487746 -1.816135 
4.871317 17.484713 -1.806159 
5.379232 17.195194 -0.994863 
6.055072 17.932175 -0.984908 
5.168031 18.360739 -0.813182 
4.394845 18.497161 -0.193849 
4.280737 19.080303 0.610467 
4.387875 19.885735 0.027542 
4.567706 20.409928 -0.804853 
4.456703 21.087942 -1.531473 
5.326009 21.324808 -1.965295 
5.272958 21.501597 -2.948113 
5.870989 20.713050 -3.091477 
5.420705 19.821853 -3.146354 
5.941391 18.994222 -3.355909 
6.375917 18.097378 -3.273095 
5.687629 17.378005 -3.366700 
4.719715 17.437100 -3.122466 
4.145303 16.618553 -3.128097 
5.010294 16.137354 -3.270358 
5.536767 16.391100 -4.081800 
4.786307 15.736358 -4.171932 
5.606421 15.194908 -4.356989 
5.541337 14.600418 -3.555524 
4.994440 14.521358 -2.722066 
4.964092 13.689474 -3.276185 
4.785648 12.750036 -3.568782 
5.243052 11.861732 -3.527588 
6.210385 12.103605 -3.451661 
6.217298 12.466076 -2.519691 
6.339087 13.086581 -3.294378 
7.197592 12.707937 -2.948547 
7.047265 12.682348 -1.960242 
6.891018 13.663689 -1.848180 
6.627135 14.628121 -1.863547 
-5.932018 1.010812 -40.254761 
-5.227675 0.304182 -40.187132 
-6.094788 -0.162975 -40.359989 
-7.019232 -0.019303 -40.713204 
-7.525627 -0.712300 -41.226350 
-7.759351 -0.165727 -42.030483 
-8.273208 0.674653 -42.202859 
-8.119299 1.545399 -41.735833 
-8.721065 2.335781 -41.621053 
-8.757095 2.229997 -42.614789 
-9.226870 3.108564 -42.528587 
-9.952931 3.760046 -42.308576 
-10.417439 4.639622 -42.411431 
-9.533648 5.107123 -42.430336 
-9.147293 4.326450 -41.939135 
-8.998982 5.140785 -41.378010 
-8.403903 5.063188 -40.578097 
-7.811321 5.224441 -41.367302 
-7.729018 4.539152 -42.090907 
-7.398389 3.644398 -41.790741 
-7.793597 3.090459 -41.057964 
-7.757012 2.556649 -41.902777 
-7.457650 2.134015 -41.047345 
-6.514943 1.818379 -40.939284 
-5.739682 1.458537 -41.458404 
-5.479625 1.097512 -42.353966 
-4.853559 1.018161 -43.129688 
-4.795260 2.016460 -43.129966 
-4.517518 2.977013 -43.143996 
-4.573038 3.821724 -42.611661 
-4.953291 4.569750 -42.067727 
-5.880618 4.744264 -41.736654 
-5.290324 5.300456 -41.151671 
-4.845427 4.453639 -40.860180 
-5.823072 4.445483 -40.650074 
-6.655875 3.903913 -40.535440 
-6.633772 3.875288 -39.536095 
-6.921016 3.010374 -39.124497 
-6.638736 2.842702 -40.069062 
-6.036793 2.515679 -39.340557 
-5.452945 3.252184 -39.682144 
-4.619243 3.076407 -40.205634 
-3.867317 2.504318 -39.878036 
-3.814888 3.124078 -39.094998 
-3.122504 2.452315 -38.831675 
-3.118351 2.377074 -37.834518 
-2.240338 1.977885 -38.098603 
-2.197623 1.767612 -39.075312 
-1.336511 1.462713 -39.482158 
-1.344835 2.235028 -40.117343 
-1.010266 2.658352 -39.275404 
-0.175756 2.196483 -39.575856 
0.290353 3.060587 -39.765767 
1.206069 3.029485 -39.365147 
1.102786 2.605669 -40.264987 
1.752986 1.898143 -39.988135 
2.130461 1.369078 -40.748136 
1.587694 0.779814 -41.346611 
1.163710 0.340880 -42.138807 
0.491471 0.542263 -41.426389 
0.544850 -0.451819 -41.331780 
0.043644 -0.595785 -40.478512 
0.790765 -1.101311 -40.046939 
0.492664 -1.699437 -40.790835 
1.163794 -2.244796 -40.288671 
1.110830 -3.194104 -40.598526 
0.605315 -3.342975 -39.748648 
0.388734 -2.721159 -38.996028 
0.915215 -1.915957 -38.723141 
1.812340 -2.344005 -38.613868 
1.912310 -2.398584 -37.620376 
1.601390 -3.203050 -38.126502 
0.950036 -3.774395 -37.627199 
1.887983 -4.105997 -37.728672 
2.367147 -4.495593 -36.942151 
1.566174 -4.223589 -36.408808 
1.202078 -3.557701 -35.757633 
1.073186 -2.830756 -35.083144 
0.570275 -2.668579 -35.932131 
0.194331 -3.060376 -36.771870 
0.741168 -2.457437 -37.352760 
1.422080 -2.143910 -36.690899 
-76.371718 0.209912 -32.414261 
-76.533297 1.149078 -32.717344 
-77.371193 0.625881 -32.561798 
-77.643633 0.887495 -31.635875 
-76.834046 0.484727 -31.208856 
-76.269528 -0.157332 -30.690128 
-76.378790 -0.254235 -29.700849 
-76.194034 0.582657 -29.185604 
-75.550326 1.338387 -29.065140 
-75.159611 1.734888 -28.234400 
-74.188066 1.681006 -28.003754 
-74.012409 0.810353 -28.463219 
-74.142215 -0.180433 -28.501861 
-74.658195 -0.036797 -27.657389 
-74.331150 0.098345 -26.722094 
-74.439941 1.079274 -26.561027 
-75.176363 1.098234 -25.884769 
-74.898953 2.035190 -26.097271 
-74.230598 2.740249 -26.334321 
-73.667950 3.485206 -25.975898 
-72.777566 3.939398 -26.006302 
-71.906477 3.457462 -25.911739 
-71.134104 3.348167 -26.537435 
-70.377823 3.196275 -27.173806 
-70.738725 2.537273 -27.833704 
-70.929389 1.948328 -27.048343 
-70.317573 1.213967 -26.754412 
-70.679027 1.760012 -25.998643 
-71.624319 2.068551 -25.892681 
-71.775844 1.893141 -24.919916 
-71.398313 2.711656 -24.486901 
-70.972466 2.165954 -23.765193 
-71.209828 3.118591 -23.575083 
-71.356403 3.878955 -24.207825 
-71.093406 4.789173 -24.527726 
-71.967428 5.271412 -24.587147 
-72.057055 6.228444 -24.311365 
-72.494028 6.385955 -23.425789 
-72.187305 7.149073 -22.856954 
-72.725488 6.784732 -22.096945 
-72.966763 7.624149 -21.609948 
-73.135191 7.458859 -20.638191 
-73.666664 7.792690 -19.859671 
-73.597074 6.796524 -19.912689 
-73.082196 6.911574 -19.063180 
-72.192841 7.251698 -19.368734 
-71.193385 7.284677 -19.368874 
-70.519671 7.374471 -18.635358 
-69.800049 6.896397 -19.138935 
-69.687530 5.905842 -19.217296 
-69.144835 5.339368 -19.837449 
-68.394916 5.005984 -19.266067 
-67.821482 5.523151 -19.901449 
-67.312850 5.110753 -19.145657 
-66.416761 4.883987 -18.764080 
-65.580881 5.087508 -19.273869 
-65.174185 5.074960 -20.187346 
-64.549323 4.678518 -19.514752 
-64.134749 3.769242 -19.551445 
-64.669140 3.054818 -20.003136 
-64.543457 2.149791 -19.596773 
-64.257675 1.381415 -19.024125 
-64.011438 0.697625 -19.711002 
-64.262167 -0.104366 -20.253168 
-64.440149 -1.054394 -20.509625 
-64.347737 -1.095536 -21.504495 
-64.602240 -0.146874 -21.316694 
-64.911099 0.607359 -21.896123 
-65.446658 0.844960 -22.706507 
-65.253624 1.807193 -22.898461 
-65.673099 2.514740 -22.329762 
-66.435852 3.016523 -21.921813 
-67.233727 3.010161 -21.319025 
-67.449960 2.235809 -21.913686 
-66.787512 2.181657 -22.660834 
-67.112089 1.913028 -23.567746 
-66.329422 1.351846 -23.298476 
-67.189198 0.968316 -22.961296 
-68.011976 1.534426 -23.011865 
-68.196535 0.576040 -23.229660 
-62.123918 -34.651188 -8.401861 
-61.239587 -35.054556 -8.166803 
-61.746281 -35.900053 -8.335313 
-61.708015 -36.527468 -9.113057 
-61.253793 -37.044120 -9.838835 
-60.983703 -37.784088 -10.454868 
-60.291338 -38.246553 -9.901012 
-61.062918 -38.021424 -9.306049 
-61.248922 -39.003967 -9.302673 
-61.288512 -40.001147 -9.238909 
-60.297014 -40.085855 -9.140139 
-60.593862 -39.514952 -9.905613 
-60.438836 -40.403696 -10.337007 
-60.668315 -40.674861 -11.271784 
-60.364334 -41.574795 -11.584379 
-59.955550 -42.300242 -12.138113 
-59.613984 -42.628319 -11.257375 
-58.796981 -43.046931 -11.653949 
-58.458011 -43.933349 -11.969167 
-57.780992 -44.234957 -11.297842 
-57.269857 -44.791229 -10.642630 
-56.772030 -45.244983 -11.381736 
-56.142128 -45.085471 -10.621618 
-56.327621 -46.050465 -10.807032 
-56.642850 -46.979028 -10.611070 
-56.299105 -47.229784 -11.516034 
-56.701262 -47.970538 -12.054136 
-57.680258 -47.782264 -11.975908 
-57.166334 -47.991659 -11.144021 
-57.979913 -48.070789 -10.567976 
-57.406355 -48.888569 -10.520368 
-57.583653 -49.872289 -10.491024 
-57.027414 -50.667103 -10.248396 
-57.474756 -51.439441 -10.699372 
-57.193865 -50.724015 -11.339110 
-57.562920 -51.078963 -12.198069 
-57.388865 -51.126768 -13.181644 
-57.719036 -50.183386 -13.213533 
-57.253368 -50.003708 -14.080060 
-57.733717 -49.128926 -14.016653 
-57.957117 -48.400088 -13.369437 
-57.219384 -48.907210 -12.923816 
-56.224421 -48.933463 -12.827074 
-55.289334 -48.740264 -12.529941 
-54.844121 -47.985780 -12.047718 
-54.634287 -48.122487 -13.015851 
-54.501333 -48.381665 -13.972485 
-54.370804 -49.260366 -13.513306 
-55.308350 -49.478471 -13.784301 
-55.085353 -49.874833 -12.893700 
-55.313026 -50.414029 -12.082878 
-55.228535 -50.491168 -11.089444 
-54.973736 -50.470873 -10.122663 
-55.459025 -51.124570 -9.541996 
-55.433049 -51.711309 -10.351355 
-56.402185 -51.829035 -10.567959 
-55.893472 -52.025097 -11.406273 
-55.012573 -52.489354 -11.498369 
-55.395256 -52.611764 -12.414103 
-55.046280 -52.246405 -13.277080 
-54.107353 -51.965147 -13.078809 
-53.758774 -52.783122 -13.536423 
-53.358686 -51.911382 -13.819264 
-53.928071 -51.583967 -14.573320 
-52.942599 -51.521549 -14.731271 
-52.932571 -50.535076 -14.567659 
-53.527140 -49.754845 -14.373424 
-53.710292 -48.822223 -14.684346 
-54.382621 -49.412721 -15.130761 
-54.462625 -49.482971 -16.125077 
-55.270288 -50.069456 -16.064117 
-56.248886 -49.993619 -15.872821 
-55.892291 -49.061095 -15.929722 
-56.365048 -48.180647 -15.893481 
-56.114941 -47.329886 -15.431256 
-56.391543 -46.468085 -15.856451 
-57.107773 -46.547960 -16.549729 
-56.231432 -46.146034 -16.815213 
-46.290318 10.907212 -46.451761 
-46.483968 11.042038 -45.479998 
-45.621643 11.400294 -45.837838 
-45.785238 12.295040 -46.253369 
-44.812030 12.438836 -46.432782 
-44.069227 12.494817 -47.099948 
-43.826602 11.756229 -46.470963 
-43.952984 12.278777 -45.627772 
-43.722744 12.420890 -44.665071 
-43.398720 11.807375 -43.944927 
-42.815443 12.576193 -44.207049 
-42.387578 12.993883 -45.008589 
-41.820614 12.236483 -45.332466 
-40.988925 11.756702 -45.611936 
-40.143015 11.932634 -45.108465 
-39.552493 11.839173 -44.306873 
-38.649679 12.268907 -44.322809 
-37.900237 12.659302 -44.857531 
-37.856834 13.219739 -44.030472 
-38.003780 14.195292 -43.867062 
-38.701547 14.007079 -44.558218 
-39.098639 14.518096 -43.795867 
-38.658605 15.017055 -44.542466 
-38.950925 15.495192 -45.370678 
-39.830565 15.026424 -45.290121 
-39.689518 14.053656 -45.474040 
-39.790071 13.107832 -45.165322 
-39.094954 12.434180 -45.416332 
-38.295446 12.412800 -46.016607 
-38.584438 13.305590 -45.671051 
-38.743673 14.223895 -46.033488 
-38.652913 14.208431 -47.029240 
-38.798309 14.350900 -48.008302 
-39.520843 13.774535 -48.390071 
-38.683633 13.248628 -48.540075 
-38.946907 13.769716 -49.351958 
-38.894990 13.429469 -50.290860 
-38.162309 12.749554 -50.260952 
-37.940702 12.367949 -49.363584 
-37.245310 12.145896 -50.047048 
-37.760535 11.361412 -50.392197 
-36.799397 11.203128 -50.618381 
-35.843325 10.910498 -50.601247 
-35.051090 11.028441 -51.199958 
-35.359510 10.513357 -51.999686 
-35.942326 9.783232 -52.356396 
-35.457558 10.339846 -53.031067 
-35.932097 11.167321 -53.331230 
-35.099832 11.613158 -53.660719 
-35.453930 11.078495 -54.428020 
-35.865328 11.107015 -55.339030 
-35.826676 11.947394 -54.798411 
-36.072896 12.730415 -54.227224 
-37.010527 12.386825 -54.174370 
-37.853026 12.756854 -53.782867 
-37.580416 13.685496 -53.531259 
-37.554506 14.614412 -53.900643 
-37.527107 15.411736 -53.297713 
-38.164754 15.137205 -52.577964 
-38.158068 14.176445 -52.855265 
-39.112645 14.191224 -52.557665 
-39.544249 13.832897 -51.729825 
-39.358230 14.815324 -51.714517 
-38.404786 14.618638 -51.485916 
-37.568406 14.695838 -50.943229 
-38.314586 15.345384 -50.797265 
-37.402854 15.724732 -50.639656 
-37.367634 16.703561 -50.841281 
-36.693862 16.760798 -50.104562 
-37.106788 16.970927 -49.218369 
-37.276337 16.224750 -48.574573 
-36.326451 16.414403 -48.823065 
-35.657879 16.984516 -49.300541 
-35.554012 16.864001 -48.313278 
-36.318984 17.139361 -47.731045 
-36.877464 17.879891 -47.357260 
38.890182 -46.296488 -60.501961 
38.140238 -46.829712 -60.893439 
37.633453 -47.409925 -60.255848 
36.782604 -47.551092 -60.761938 
35.856861 -47.173510 -60.741147 
35.957396 -47.282489 -61.730094 
36.788405 -47.451307 -62.260116 
37.318899 -46.728285 -61.817606 
36.882086 -45.884077 -61.506949 
36.858335 -45.923097 -62.505905 
37.789600 -45.561359 -62.462422 
38.465235 -45.987311 -63.064154 
39.134627 -45.330424 -63.411160 
39.790630 -45.681352 -62.742946 
40.513160 -45.109637 -63.131652 
41.374280 -44.624744 -63.284465 
41.722120 -44.372395 -62.381510 
42.030135 -43.666142 -61.744067 
41.615192 -43.746109 -60.837741 
40.644481 -43.766735 -61.077102 
40.857446 -44.633709 -60.626545 
41.315510 -45.469049 -60.930492 
40.898998 -45.939142 -61.708650 
41.873371 -46.023163 -61.917305 
41.648047 -46.436510 -62.799560 
41.375641 -45.718424 -63.439987 
40.991961 -45.969311 -64.328720 
41.294711 -45.596847 -65.205996 
41.960234 -44.970029 -65.611185 
41.924657 -45.499841 -66.458554 
42.225004 -45.201375 -67.364484 
42.614908 -46.107720 -67.201657 
42.796575 -47.073262 -67.388003 
43.227669 -46.560523 -68.130470 
43.095447 -47.471974 -68.520052 
43.852025 -48.125400 -68.495085 
43.803582 -47.635801 -67.624484 
44.478900 -46.906588 -67.514063 
44.349129 -45.915044 -67.513462 
43.506638 -45.469673 -67.816535 
43.030060 -44.721308 -68.277862 
42.086783 -44.978378 -68.487964 
42.550685 -44.491818 -69.228270 
43.484750 -44.591709 -69.571118 
43.011685 -45.431935 -69.836128 
42.308997 -45.866257 -70.399683 
41.650446 -46.053917 -69.670921 
41.188233 -45.288098 -69.223840 
40.242488 -45.105717 -69.492733 
39.305169 -44.808589 -69.674800 
38.918434 -45.206112 -68.842687 
38.625632 -44.286222 -68.581785 
39.584294 -44.220071 -68.858538 
40.443945 -43.710480 -68.822249 
41.390113 -43.872446 -69.102486 
41.790897 -43.954737 -68.190017 
41.019527 -43.580093 -67.675595 
41.423341 -42.801102 -68.155290 
40.752952 -42.063858 -68.239255 
40.026502 -42.644977 -67.872416 
39.842295 -41.666647 -67.966967 
39.774196 -41.155569 -67.110135 
40.138314 -40.259543 -66.856056 
39.174061 -40.018500 -66.966121 
38.669399 -39.222542 -67.300435 
37.853459 -38.928127 -67.797991 
37.182704 -38.482270 -68.390696 
37.062348 -38.246334 -67.426409 
-12.076018 -29.789688 -28.822861 
-11.646335 -28.947466 -29.148493 
-10.697697 -28.823968 -28.857230 
-11.036245 -29.764838 -28.845015 
-10.196418 -30.031457 -29.317885 
-10.793072 -30.444705 -30.005802 
-11.551625 -29.944817 -30.423786 
-11.949340 -29.931457 -31.341197 
-12.270424 -30.795912 -30.954388 
-12.778979 -30.352793 -30.216136 
-13.241710 -29.654527 -30.762307 
-12.383252 -29.152095 -30.865323 
-12.809623 -28.332665 -31.248393 
-13.010341 -28.055520 -32.188022 
-13.379239 -28.217719 -33.103231 
-12.540483 -28.222180 -33.647721 
-11.819084 -28.552726 -34.256262 
-11.424241 -29.376436 -33.849320 
-11.089449 -28.764259 -33.132973 
-10.328443 -28.564287 -33.750129 
-9.748813 -28.544117 -32.935499 
-10.257731 -28.511218 -32.075313 
-10.470094 -29.475664 -32.232624 
-10.648686 -30.359247 -31.799743 
-10.049846 -31.101194 -32.101248 
-10.942360 -31.345779 -32.480189 
-11.403578 -32.115386 -32.921758 
-10.672446 -31.678615 -33.445854 
-11.555163 -31.314177 -33.742492 
-11.019526 -30.498448 -33.960849 
-11.999034 -30.347671 -33.827322 
-12.951603 -30.058951 -33.923515 
-13.392436 -29.590305 -34.689047 
-13.965106 -30.131637 -34.073410 
-13.904592 -30.989857 -34.583113 
-13.164122 -31.044269 -33.913230 
-12.942436 -30.760391 -34.846112 
-12.479882 -30.117019 -35.456126 
-12.052775 -29.900458 -36.334010 
-11.883174 -29.047072 -36.826928 
-12.737150 -28.955363 -37.339095 
-12.667699 -28.127254 -37.895343 
-12.128733 -28.708348 -38.505135 
-11.761667 -29.118984 -39.339785 
-10.896233 -28.871276 -38.904279 
-10.015858 -28.894438 -39.377991 
-10.463413 -29.788636 -39.367744 
-11.128451 -29.826569 -38.621900 
-11.714585 -29.700877 -37.821494 
-10.916107 -29.476944 -37.262668 
-10.990813 -28.542583 -36.914259 
-10.770188 -27.964158 -36.128926 
-10.952987 -28.138102 -35.161286 
-10.077395 -27.655428 -35.142168 
-9.097892 -27.844788 -35.210841 
-8.556815 -27.953053 -36.044816 
-8.272645 -27.748823 -36.981586 
-7.815220 -28.599358 -37.241110 
-6.856324 -28.741750 -36.995668 
-6.530661 -29.054425 -36.103379 
-6.125548 -29.907090 -35.773463 
-5.983373 -30.351789 -36.657788 
-5.609072 -31.279074 -36.664173 
-5.021281 -30.990472 -35.908388 
-4.346480 -31.421648 -36.507330 
78.194482 18.289112 9.951639 
78.903572 17.591368 9.849931 
79.583108 18.183694 10.282805 
80.226383 18.840321 10.676555 
80.236332 19.400016 11.505194 
80.930286 19.265962 12.212624 
81.647047 19.771941 12.692457 
81.735529 20.767937 12.705252 
81.635856 21.720993 12.991170 
81.780175 22.670446 12.712402 
82.210356 22.449310 11.837164 
82.077423 21.645213 11.257718 
82.432311 21.019613 10.562968 
83.293861 21.276475 10.125071 
83.390458 22.214255 10.458596 
83.688194 23.150142 10.646928 
83.784399 23.177419 9.651940 
82.984765 23.327539 9.070520 
82.383046 23.993851 8.630107 
81.608254 24.421176 9.096037 
81.903140 25.336353 8.821278 
82.891729 25.409132 8.689384 
83.644581 24.768733 8.841378 
84.152352 24.735055 7.980545 
84.301614 23.756773 7.836720 
84.745651 22.927066 8.174977 
84.793321 21.970583 7.887108 
84.650779 22.041386 8.874361 
83.819143 21.805058 8.371836 
83.442636 20.974876 8.782982 
82.895458 20.737824 7.980235 
82.218300 20.623083 8.707072 
81.303196 20.746241 8.323122 
81.507819 20.315943 7.443933 
81.004564 19.495258 7.173359 
81.917528 19.501988 6.765374 
82.341486 19.975170 5.993132 
81.575300 20.391420 5.503545 
81.491476 19.532870 4.997713 
81.552516 20.079444 4.162529 
80.875455 20.764759 3.894329 
81.606820 20.739743 3.212802 
81.043275 20.846406 2.393632 
81.443940 20.431241 1.576867 
81.903231 21.319174 1.551825 
82.467542 22.048868 1.937959 
82.431159 21.599652 2.830640 
82.675620 21.460491 3.790262 
83.131107 20.583521 3.637104 
83.440417 19.645704 3.479541 
84.154878 20.296046 3.737611 
83.923606 20.833574 4.548522 
84.117452 21.682215 5.040694 
84.561399 22.000320 5.878381 
84.863545 21.400813 6.619528 
84.620870 22.316304 6.940439 
83.901630 22.794981 7.443989 
83.201909 23.314457 6.953546 
83.818514 23.050984 6.211670 
84.562393 23.284642 5.585533 
85.504925 23.098880 5.863250 
86.277581 23.622088 6.222771 
86.343677 22.698712 6.600935 
86.560143 22.492087 7.555109 
87.508563 22.615524 7.847108 
88.069463 23.190994 8.442276 
89.065054 23.181837 8.348920 
89.348501 23.367214 7.408020 
89.094214 24.115295 6.795065 
11.219582 -14.079688 2.491039 
10.525532 -13.746717 1.852741 
10.158004 -14.348937 2.561440 
9.547790 -14.706262 1.854364 
9.215896 -13.767409 1.762707 
9.255420 -13.297851 2.644724 
8.361788 -13.652802 2.919373 
8.550857 -14.532413 3.355879 
8.910304 -15.357262 2.919505 
9.193002 -15.972690 3.655257 
9.402371 -16.918308 3.406318 
9.476866 -17.769698 3.925534 
9.179223 -18.697971 3.702559 
9.790494 -18.465917 2.945922 
9.203017 -19.169272 2.545718 
8.241708 -19.166483 2.270262 
7.533190 -19.675399 2.759146 
8.248996 -20.330473 3.001016 
8.917055 -20.141467 3.720720 
8.494837 -20.380490 4.595134 
9.210868 -20.876407 5.086426 
8.488299 -21.440518 4.686835 
7.655367 -20.940332 4.450109 
7.398762 -20.028150 4.130614 
7.374347 -19.368595 4.881873 
7.015284 -18.448558 5.038738 
7.070375 -18.588138 6.027415 
7.991194 -18.742942 5.669465 
7.752140 -19.522829 6.247936 
7.922971 -20.320036 6.826968 
7.607125 -20.823849 6.022969 
8.604414 -20.875605 5.970650 
9.045647 -21.756223 5.797953 
9.607306 -22.539115 6.065571 
10.542646 -22.811911 6.290786 
11.354090 -22.285764 6.545204 
12.302434 -21.968662 6.535760 
12.587317 -22.152153 7.476596 
11.682858 -22.203878 7.900009 
10.685678 -22.183242 7.827862 
10.625981 -23.091865 8.241191 
10.321168 -24.034391 8.378063 
10.967491 -24.680096 7.971452 
10.966035 -24.763262 6.974918 
10.430693 -24.042754 6.534149 
10.950042 -24.133941 5.684466 
11.459175 -24.892480 5.277769 
12.311743 -24.769457 4.769840 
12.660734 -24.876341 5.700850 
13.436066 -25.394924 5.340388 
14.394316 -25.653247 5.462968 
14.572016 -25.611398 4.479774 
15.264862 -24.899097 4.367554 
14.922112 -24.532618 5.232549 
15.257624 -24.163655 6.099324 
15.816480 -23.612357 5.479848 
16.534485 -23.349727 4.835260 
17.278862 -24.014264 4.769734 
18.148845 -24.449839 5.000829 
18.278799 -23.461762 5.083387 
17.787872 -23.270731 5.933386 
16.932887 -22.768559 6.063096 
16.385437 -22.245076 6.715984 
15.626428 -21.955494 7.299120 
-19.314118 39.431512 48.410439 
-19.662909 39.361985 49.345057 
-18.961044 39.364841 50.057361 
-18.768925 38.395851 50.212758 
-19.639463 37.917819 50.095930 
-19.758833 37.981548 51.086733 
-19.886620 38.966205 51.205562 
-20.119380 39.652721 50.516708 
-19.304981 39.999015 50.982362 
-19.008351 40.916450 51.247550 
-18.236540 41.549608 51.189090 
-17.987336 41.337867 50.244069 
-17.104097 41.622380 50.616818 
-16.662331 42.458823 50.941174 
-17.441628 43.063271 51.106521 
-17.193286 42.820596 50.168739 
-16.636041 42.266397 49.550401 
-15.690908 42.086169 49.822873 
-14.928157 41.520302 50.135934 
-14.091512 42.000718 50.399042 
-13.238810 42.426721 50.096684 
-13.316508 42.392915 51.093088 
-12.887622 41.557126 50.750283 
-13.296082 40.644390 50.741720 
-13.791832 40.434893 49.898901 
-14.178328 39.529373 49.723819 
-15.114430 39.567242 50.073503 
-15.332932 38.593981 50.144355 
-16.097877 38.277942 49.583126 
-16.383876 39.197797 49.851586 
-17.344625 38.961075 49.996243 
-17.111166 39.561529 50.761064 
-17.121586 40.478429 50.362081 
-16.460348 40.551902 49.615512 
-15.770567 40.045310 49.098243 
-16.085679 40.629374 48.350197 
-15.620648 41.183666 47.659903 
-15.801446 42.083191 47.262202 
-15.364078 41.502866 46.575229 
-14.530016 41.969902 46.281600 
-14.945608 41.560931 45.469180 
-14.983964 40.850287 44.766674 
-14.305909 40.116010 44.733848 
-14.490603 39.522530 43.950477 
-14.160805 39.824559 43.056043 
-13.285552 39.381554 43.250150 
-12.932442 39.753931 44.108432 
-13.153607 39.245661 44.940747 
-13.314428 38.632723 45.714338 
-13.471082 37.650027 45.615498 
-12.771425 37.705202 44.903154 
-13.389005 36.918699 44.905871 
-14.114477 36.661923 44.267312 
-15.030105 36.640071 44.668743 
-15.293002 36.760475 43.711461 
-15.163320 36.016662 43.055774 
-15.151791 36.960383 42.725232 
-15.083071 37.947643 42.581722 
-15.465345 37.761640 41.676587 
-16.464686 37.757034 41.640570 
-17.064653 37.794231 42.439730 
-16.866083 37.295295 43.283313 
-16.314845 37.224734 44.114672 
15.239682 42.827612 3.786239 
15.589396 43.590052 3.241826 
15.431595 44.577293 3.220522 
16.179497 44.433440 3.868556 
16.341908 44.019942 4.764459 
16.266334 44.556963 5.604636 
16.809239 43.723414 5.706871 
16.573905 43.293494 6.578528 
17.510803 43.454878 6.888653 
16.758880 43.838805 7.424575 
16.317819 44.685936 7.128206 
17.069780 45.114312 7.629254 
16.207678 45.619722 7.665877 
15.946353 45.697177 6.703739 
15.241568 45.208243 6.189713 
15.190562 44.923386 5.232501 
14.238123 45.227179 5.256370 
13.424727 44.652975 5.163224 
12.450749 44.532787 4.971074 
12.133184 43.709659 5.441833 
13.095884 43.577989 5.678206 
13.963500 43.242149 6.044887 
13.855766 42.317420 6.409948 
14.772448 42.416057 6.022693 
15.728553 42.602574 6.248686 
15.525433 43.495898 6.649579 
14.695158 43.314080 7.176443 
15.220918 43.156699 8.012390 
15.943473 43.773487 8.324620 
15.568318 43.990568 9.225805 
15.256409 44.328992 10.113601 
15.539738 43.808752 10.919252 
16.524468 43.707777 11.061066 
17.343730 43.621687 11.627987 
16.488021 43.242287 11.979865 
16.053035 44.068603 12.337621 
15.177322 44.541718 12.433996 
14.588700 43.790450 12.732528 
14.758830 43.024250 12.112855 
15.229500 42.423527 12.759075 
15.186976 42.913485 13.629784 
14.469567 43.081790 14.305800 
13.711853 43.390406 13.730798 
13.348716 42.686474 14.341217 
13.196721 42.187542 15.194425 
13.838481 41.702326 14.600533 
14.229366 41.085558 15.283765 
14.352022 40.752094 14.349015 
14.293606 40.007614 13.683931 
13.300625 39.956713 13.577173 
13.380268 39.467324 12.708752 
12.713098 38.807277 13.054038 
11.800784 38.422821 13.195028 
11.745176 37.488446 13.546953 
11.538308 36.645813 14.044119 
11.016596 37.469041 14.267974 
11.123577 37.032132 15.161095 
11.050799 36.108349 15.537031 
11.829889 35.599076 15.171437 
11.616522 34.650267 15.404325 
10.992486 34.142116 14.810725 
11.453105 33.621948 15.529930 
10.723069 32.971813 15.319283 
47.054282 -40.584788 2.518639 
46.115878 -40.296863 2.327594 
45.638486 -40.246226 1.450364 
44.677331 -40.491786 1.324345 
43.764692 -40.105962 1.459364 
43.824214 -40.120377 0.461241 
44.021417 -39.721886 -0.434480 
43.649359 -39.421690 -1.312805 
42.993755 -39.832227 -1.946559 
42.493120 -39.964093 -2.802115 
43.003189 -39.470989 -3.506870 
43.395643 -39.213816 -2.623783 
43.721908 -38.413597 -3.126974 
43.872999 -37.536738 -2.670585 
44.230457 -36.847249 -3.300528 
44.503574 -36.331420 -2.488538 
43.663866 -36.121462 -1.987731 
43.437684 -35.630727 -2.829171 
43.701743 -34.740024 -3.199201 
44.427754 -35.426672 -3.236925 
44.631259 -35.166958 -2.292926 
44.900870 -34.730156 -1.434722 
45.859979 -34.540294 -1.224808 
45.272184 -33.983991 -0.637419 
46.240822 -33.743483 -0.699845 
47.095481 -34.245238 -0.566427 
47.784468 -34.968010 -0.512599 
48.550970 -35.166006 -1.123559 
48.904824 -34.884755 -2.015570 
49.621814 -34.345099 -1.574324 
49.426260 -33.526754 -2.114758 
49.177721 -33.428289 -3.078362 
48.856485 -32.617786 -3.568150 
48.516400 -32.506402 -2.634375 
49.229787 -31.808236 -2.694723 
49.290066 -31.170862 -3.462916 
48.948106 -30.672319 -2.666350 
48.264659 -31.190984 -2.152650 
48.835935 -31.114090 -1.335502 
49.595812 -30.743139 -0.801664 
49.431828 -30.610609 0.175856 
49.679659 -30.740906 1.135858 
49.684299 -29.742299 1.188422 
49.680530 -29.494286 2.157171 
49.093578 -29.869589 2.874552 
48.476313 -29.504226 3.571326 
47.592036 -29.168142 3.247133 
48.055156 -28.585785 2.579017 
48.793827 -28.470539 1.914875 
48.359464 -27.634009 1.580889 
47.450566 -27.871411 1.238041 
46.932270 -27.803234 0.385561 
47.446257 -28.603397 0.076439 
48.190324 -28.237788 -0.482751 
48.710303 -28.875328 -1.051227 
49.644969 -29.183062 -1.229268 
49.678983 -29.296735 -2.222204 
49.724499 -28.415141 -2.692013 
49.884409 -27.748608 -1.963891 
50.120979 -26.839092 -1.622109 
50.084697 -26.598317 -0.652206 
50.693243 -26.136685 -0.006786 
50.067297 -25.357626 0.028682 
50.706225 -24.720655 -0.402639 
50.482438 -23.756612 -0.259315 
49.871583 -23.495560 -1.006782 
-32.335158 -23.110188 59.072139 
-32.999604 -23.819308 58.836216 
-33.917865 -23.739381 58.448392 
-34.007317 -24.728754 58.563015 
-33.617336 -24.971106 59.451374 
-33.377811 -24.146119 59.963257 
-33.673571 -23.588402 60.738807 
-32.677610 -23.500305 60.721467 
-32.329727 -22.566607 60.806235 
-32.804025 -21.866925 60.271925 
-32.065328 -21.292823 59.918748 
-31.642136 -20.415528 60.145157 
-30.987264 -20.335065 60.896601 
-31.459019 -19.813671 61.607653 
-31.574349 -18.935367 61.143670 
-30.868159 -18.250116 60.965547 
-30.308910 -18.944365 61.418603 
-29.319057 -18.842308 61.319732 
-29.147415 -17.857170 61.313317 
-29.360779 -18.321384 62.172957 
-29.374892 -17.322850 62.225216 
-30.268986 -17.060843 61.861967 
-30.365235 -17.797222 62.531655 
-30.131433 -18.053832 63.469466 
-30.665364 -18.849676 63.755036 
-30.632740 -18.805628 64.753532 
-30.509719 -18.056485 65.404417 
-31.100498 -17.260009 65.275554 
-31.819168 -17.953749 65.228244 
-32.622543 -18.222026 65.759859 
-33.074976 -17.577621 65.143380 
-33.859583 -18.197562 65.135305 
-33.162631 -18.906585 65.242749 
-33.795639 -19.585307 65.615088 
-34.429737 -20.227441 65.184294 
-33.977691 -20.079273 64.304691 
-33.234758 -20.256755 63.659285 
-33.578719 -21.001572 64.231070 
-33.310377 -21.929131 64.491122 
-34.262878 -22.160934 64.293614 
-35.020733 -22.797914 64.152499 
-34.487460 -23.467930 63.636072 
-35.015409 -24.303201 63.789671 
-35.832740 -24.784239 63.472540 
-36.752571 -24.757257 63.081153 
-36.279794 -23.878694 63.149054 
-37.005418 -23.614870 62.513549 
-37.974678 -23.664028 62.754627 
-38.562725 -23.845693 63.542789 
-38.111894 -23.494829 64.363548 
-38.745096 -22.889065 63.881776 
-38.667456 -22.043788 64.410433 
-39.467839 -22.220115 64.983404 
-39.871992 -21.367321 64.652646 
-39.582927 -21.113702 63.729543 
-45.832318 26.950512 20.373739 
-45.554698 27.705177 19.779258 
-46.525513 27.942299 19.743300 
-47.455762 28.019628 20.101986 
-47.606398 27.120861 20.513723 
-46.872621 27.457741 21.103708 
-46.465149 28.017543 21.825226 
-45.767868 28.311607 21.171525 
-44.904497 27.809599 21.222307 
-44.802727 28.396770 22.025347 
-43.966926 28.150686 21.534552 
-43.189399 27.528508 21.625906 
-44.085918 27.151311 21.858232 
-44.752058 26.754615 21.226654 
-45.417984 26.009907 21.182473 
-45.517573 26.104101 22.173033 
-45.607030 26.799401 22.886164 
-45.507549 27.628344 22.335750 
-45.115231 27.714189 23.251565 
-44.737689 28.629609 23.112036 
-45.309225 29.422694 22.901411 
-44.774388 30.252217 23.062161 
-45.415318 30.647944 23.719892 
-45.147064 30.988806 24.620921 
-44.907449 30.367446 25.366907 
-44.061681 29.860984 25.199057 
-43.577489 29.160988 24.674116 
-43.982015 29.610801 23.877858 
-43.016844 29.871784 23.859646 
-42.032562 29.695470 23.869769 
-41.246306 29.085679 23.969555 
-40.571677 29.714841 23.583510 
-40.265261 30.068303 22.699670 
-39.456825 29.547752 22.424972 
-40.331170 29.260300 22.033958 
-40.053502 28.553212 22.684286 
-39.194192 28.615646 23.191916 
-39.964287 28.148482 23.626325 
-40.444433 28.055061 24.498525 
-40.466382 27.617645 25.397516 
-39.570374 27.775969 24.982663 
-39.376852 27.328118 24.109749 
-39.251502 27.516891 23.135761 
-39.920649 26.816504 22.887365 
-40.735284 26.256347 22.737050 
-41.661404 26.091911 23.076552 
-41.796875 27.051658 23.322588 
-41.943829 26.994415 24.310074 
-42.858857 26.817873 23.947367 
-42.980831 26.715382 22.960140 
-43.457130 26.280942 22.195678 
-44.283583 26.442321 22.735059 
-33.191278 35.368012 -17.209161 
-32.300690 35.609721 -17.594427 
-32.403847 34.690715 -17.974936 
-32.040870 33.829754 -17.618573 
-31.791715 34.421235 -16.851714 
-30.969861 34.449827 -16.282734 
-31.268948 33.749491 -15.634601 
-31.600756 33.447370 -14.740942 
-31.141838 34.266326 -14.396406 
-31.695336 34.338433 -13.566683 
-31.227165 33.953851 -12.771125 
-30.390215 34.182254 -12.273785 
-29.801839 33.872036 -13.020497 
-29.190108 33.679274 -12.253277 
-28.835165 34.392340 -12.857885 
-29.099428 35.310762 -13.152277 
-29.101083 35.762379 -14.044488 
-30.084304 35.943078 -14.069448 
-30.209567 34.951963 -14.024729 
-30.543914 35.161091 -13.105775 
-29.916228 35.096884 -12.329961 
-29.718744 36.076437 -12.368364 
-30.058872 36.882291 -12.853042 
-29.925229 37.195848 -13.793160 
-30.249620 37.883224 -14.442994 
-30.973363 38.074492 -15.106028 
-31.372076 37.402817 -14.481623 
-31.531680 36.910458 -13.625989 
-31.587490 35.952325 -13.345159 
-32.463579 36.031994 -12.869638 
-33.273385 36.201376 -12.307922 
-34.011747 35.635979 -12.675546 
-34.799790 36.098095 -12.268807 
-35.347827 36.136878 -11.433253 
-35.173710 35.765179 -10.521374 
-35.729150 36.338065 -9.918639 
-35.482370 37.298256 -9.787747 
-35.476989 37.548372 -10.755948 
-36.064917 37.954223 -11.455680 
-36.710957 37.610283 -10.774257 
-36.658663 36.630756 -10.579855 
-37.028452 35.761490 -10.251781 
-36.230145 35.251526 -10.572159 
-36.421439 35.141545 -11.547510 
-36.078266 34.223545 -11.746280 
-35.118617 34.019875 -11.940168 
-34.823954 34.793975 -11.379862 
-35.325136 34.521117 -10.558665 
-34.935137 33.675096 -10.195140 
-34.157329 33.974663 -10.747656 
27.172482 -8.221688 44.870559 
27.993136 -8.459572 45.390115 
28.933656 -8.137295 45.497622 
29.532222 -8.436757 46.240617 
29.724628 -9.377865 46.518637 
30.065688 -9.318640 45.580464 
30.997012 -9.329431 45.944497 
31.991534 -9.408386 46.012994 
32.835565 -8.887494 46.140600 
33.278304 -8.033089 46.412580 
33.859291 -7.317096 46.799631 
34.455297 -6.876067 47.470653 
34.357181 -7.012730 48.456400 
33.521368 -7.156558 48.986239 
33.065180 -6.310747 49.262822 
32.615975 -7.185999 49.442125 
32.136556 -7.794795 50.074205 
31.336903 -8.336977 50.332262 
31.703310 -7.741437 51.047159 
31.534464 -6.878009 50.571783 
31.971557 -6.625594 51.435054 
32.662203 -5.903042 51.465497 
33.075721 -5.170599 52.006356 
33.936843 -4.791870 51.667191 
34.438444 -5.579537 51.309452 
35.044947 -4.805018 51.129804 
34.939404 -5.047709 50.165459 
35.340397 -4.147114 49.997730 
35.102975 -3.679327 50.849085 
35.117962 -2.932059 51.513438 
36.067210 -3.027448 51.813155 
36.499892 -3.027162 52.714702 
35.964757 -3.863580 52.833171 
36.153576 -4.549818 53.535613 
36.155145 -4.927640 54.461490 
37.150549 -5.012317 54.506209 
37.533858 -4.258319 53.972766 
37.271959 -3.614112 53.254152 
37.068420 -3.817214 52.296383 
36.592208 -4.696140 52.269711 
36.006494 -4.778748 51.463414 
35.813054 -5.714337 51.168025 
36.589267 -5.488701 50.579313 
36.065743 -5.960546 49.869888 
36.069354 -6.906518 49.545659 
36.686823 -7.180593 48.808357 
36.989455 -7.671142 49.625532 
37.938294 -7.803285 49.912312 
79.406482 -21.150888 50.821999 
79.284070 -20.459015 50.110433 
78.605000 -19.738123 49.971943 
77.943448 -20.431704 50.257063 
77.270093 -21.171009 50.252499 
77.728259 -22.027692 50.015483 
77.820746 -21.722637 50.963316 
78.184305 -22.312586 51.684278 
78.621869 -22.779497 50.915818 
79.346798 -22.699443 50.231661 
79.897669 -22.124200 50.836340 
80.135549 -21.653542 51.685983 
80.659168 -22.082023 52.422344 
80.326862 -22.913505 51.977136 
80.791756 -22.449403 51.223159 
80.716685 -22.604491 50.238115 
80.774324 -23.464332 49.730817 
81.175116 -23.842009 48.896116 
81.945951 -24.400748 49.202097 
82.243637 -24.165535 50.127331 
82.195840 -23.174022 50.248234 
82.695982 -23.440077 51.072293 
82.419098 -23.319586 52.025612 
82.320892 -23.846468 52.869858 
82.408144 -24.358814 52.015523 
82.556343 -24.880744 52.855538 
81.764162 -24.682170 53.432615 
81.070648 -23.968340 53.335223 
81.339296 -23.326046 54.053059 
80.789126 -23.145244 54.868304 
80.329475 -22.372202 54.431123 
80.840459 -21.723508 53.867127 
21.481782 7.860212 65.729839 
21.093781 7.108821 65.196110 
20.125133 6.861089 65.177421 
19.630883 6.034355 64.908669 
19.065037 5.706276 64.152241 
18.302472 5.509035 64.768350 
17.462920 6.021511 64.948683 
16.863163 6.768419 65.235774 
16.153451 6.064675 65.203325 
16.043492 5.968480 66.192595 
15.987909 5.094348 65.710097 
16.684637 4.385505 65.820143 
16.623330 4.883404 64.955078 
16.790641 5.084673 63.989937 
17.735363 4.807157 63.815337 
17.931942 5.567463 63.196232 
17.599280 4.922385 62.508330 
17.761471 4.750350 61.536682 
18.531082 5.183859 62.005478 
19.098437 5.997395 61.877934 
19.502623 5.433129 61.158047 
20.303435 5.981946 60.918255 
20.967122 5.596555 60.277169 
20.093509 5.112702 60.329000 
20.517915 4.454815 60.951144 
20.311818 3.600983 60.473132 
19.559006 3.176507 59.970047 
18.594369 2.914154 59.995465 
19.055516 2.030715 59.912530 
20.019807 1.997392 60.175271 
19.819274 1.177997 60.712279 
19.009261 1.701561 60.976400 
19.415022 1.849815 61.878275 
18.792512 2.247784 62.552146 
18.225699 2.303794 63.374087 
17.803286 2.001640 64.228645 
18.735912 1.853111 64.557501 
18.338752 0.935422 64.568060 
17.854957 0.796248 65.432104 
18.318891 -0.009200 65.063295 
18.851281 -0.720711 65.521893 
18.134302 -0.354428 66.115002 
17.970451 0.530395 66.551167 
17.739079 1.470982 66.302645 
16.866600 0.994993 66.192121 
16.380432 1.188672 65.339989 
15.482817 0.810837 65.566987 
15.119121 -0.120423 65.588883 
14.349569 0.486349 65.787923 
13.593500 0.531131 66.440881 
12.981801 1.258543 66.751842 
13.308153 2.196450 66.634269 
12.960928 3.133874 66.660200 
12.274725 3.626869 66.125335 
11.676178 3.442440 66.904903 
11.182225 3.228038 67.747544 
11.927347 2.564384 67.681533 
11.375378 2.324856 66.882811 
10.765529 1.533875 66.932137 
10.575822 2.266756 67.585510 
11.165082 1.850039 68.277694 
11.474961 1.375005 69.101295 
12.139812 1.038980 69.768423 
12.433046 0.910340 68.821076 
11.971810 1.234115 67.994983 
11.214997 0.580536 67.986758 
11.913074 -0.085790 68.248860 
12.133812 -0.707276 69.000545 
11.821784 -0.194692 69.800480 
10.872953 -0.071394 70.091197 
9.983487 -0.343728 69.724202 
10.321519 -1.161403 70.190188 
9.997778 -1.807430 69.498927 
10.218473 -2.782642 69.514910 
10.693139 -3.089503 70.339851 
11.309624 -3.841803 70.572211 
10.347833 -4.078215 70.434123 
9.859518 -4.351705 69.605419 
9.654170 -5.249651 69.994681 
8.664469 -5.106504 69.993960 
8.826840 -4.312327 69.408368 
8.857178 -3.648050 68.661497 
8.698702 -3.914569 67.710785 
8.302709 -3.340247 66.994305 
7.337647 -3.138244 67.161189 
6.508069 -2.844303 67.635951 
6.297659 -1.930335 67.288979 
5.634100 -2.651882 67.091343 
4.836797 -3.252425 67.151798 
4.868329 -4.244219 67.275695 
Snapshot 5000 49.610008
-0.697085 -4.208088 0.866055 
-1.345727 -3.357872 0.359311 
-2.179780 -2.677619 -0.029090 
-2.679802 -1.424258 -0.054700 
-2.293647 -0.348697 -0.142432 
-3.056454 -0.212812 -0.033816 
-2.690118 -0.721858 0.725527 
-2.523734 -1.944409 1.276856 
-2.913926 -2.844334 1.502733 
-2.765234 -2.714940 0.406061 
-2.506291 -3.122290 -0.658391 
-2.179620 -2.323174 -0.820700 
-2.341146 -1.657071 -0.862295 
-3.069226 -1.493814 -0.797170 
-2.771488 -0.934049 -0.659786 
-2.046043 -1.048156 0.546762 
-2.270760 -0.223890 1.776460 
-2.769544 -1.170471 1.875541 
-3.249559 -1.986230 1.266286 
-3.696935 -1.476233 0.163269 
-2.862883 -1.221926 -0.390389 
-2.139366 -1.796804 0.390550 
-2.206872 -1.844572 0.674706 
-1.696276 -2.320472 0.613082 
-1.427537 -1.727437 1.174454 
-1.439373 -1.109096 1.480425 
-2.105468 -1.537456 1.977001 
-2.422813 -0.811155 2.306938 
-2.487259 -0.788924 1.921988 
-2.613965 0.140804 0.847129 
-2.225206 0.791557 -0.446812 
-1.793933 1.405926 -0.601752 
-2.270589 1.437340 0.179474 
-2.399168 1.619975 1.116085 
-2.095490 0.912408 1.190417 
-2.320160 0.064836 1.474944 
-3.201430 -0.315217 0.707965 
-3.460864 0.178980 0.048533 
-4.512174 0.750077 -0.106983 
-4.729205 2.492078 0.067036 
-4.681385 3.407422 0.007100 
-4.748362 3.954612 -0.619242 
-5.472707 3.019409 -0.542836 
-4.865120 1.548142 0.110065 
-3.011324 1.336719 0.337068 
-2.205347 2.081723 0.312276 
-2.028354 2.873345 0.694873 
-2.789975 2.503877 0.117772 
-3.551411 2.613250 0.020325 
-5.279918 1.956067 0.078343 
-5.745088 2.841879 0.224571 
-5.697291 2.685212 -0.497216 
-5.883532 3.082762 -1.686690 
-5.406339 3.046375 -3.126206 
-5.248321 3.596809 -2.831664 
-5.630679 3.193658 -2.002442 
-5.442151 2.587971 -2.814380 
-5.308434 3.394087 -3.175430 
-5.504333 3.686302 -2.024831 
-5.399976 3.807148 -1.926650 
-5.255091 3.664405 -2.405941 
-4.756930 2.965013 -2.812639 
-3.835465 2.674589 -3.490291 
-4.267887 2.582985 -3.547135 
-4.688885 2.811111 -3.513059 
-4.184153 4.008417 -2.166063 
-3.920185 4.101223 -2.564357 
-4.554737 3.905158 -2.430164 
-4.772071 3.529557 -1.570379 
-3.450446 2.686684 -1.486323 
-3.466517 3.229532 -0.302169 
-3.218877 4.107727 -1.005982 
-3.027770 4.176455 -2.226626 
-3.714299 4.005830 -3.303200 
-3.541105 4.162379 -3.322952 
-3.031048 4.283520 -2.645513 
-3.532658 4.697555 -1.800736 
-3.941809 4.556561 -1.242305 
-3.556930 4.024838 -1.360570 
-3.419741 3.328689 -2.096895 
-2.067465 2.284811 -2.490675 
-2.807035 2.906625 -3.534463 
-3.024184 3.191615 -4.050995 
-2.691607 4.090465 -3.034449 
-2.779134 3.929452 -3.469501 
-2.940036 3.175976 -4.148820 
-3.252921 3.054786 -3.303946 
-2.189136 3.962090 -2.354447 
-1.893357 3.994366 -1.555311 
-1.902892 3.571320 -2.290429 
-1.249359 4.086756 -3.480261 
-1.279871 3.811623 -4.043634 
-1.997084 3.029742 -4.201603 
-2.614019 2.537899 -3.734233 
-2.202410 2.528206 -2.505741 
-3.002261 3.268390 -2.969457 
-2.260041 3.174325 -3.559153 
-1.582679 2.820486 -4.042175 
-1.900740 3.472951 -3.724522 
-0.986675 3.503264 -3.240529 
-0.566068 3.792957 -4.049076 
-1.113876 4.065232 -3.701919 
6.948198 -3.041612 -2.949214 
6.089792 -3.598114 -2.228318 
5.216630 -3.076954 -1.932471 
5.750250 -2.343673 -0.654969 
5.942137 -3.328539 -0.891918 
5.371008 -3.897551 -1.316988 
5.031339 -3.518695 -0.875184 
4.482667 -3.753852 -2.123185 
3.969399 -3.538547 -3.207883 
3.857216 -3.629563 -1.455898 
3.913409 -3.857134 -0.232473 
4.882507 -3.994965 -0.675101 
5.155218 -3.040495 -0.038343 
3.512258 -3.500944 -0.026860 
3.028648 -3.873510 -0.810811 
3.398570 -3.250101 -1.696888 
1.941667 -3.463964 -2.509727 
2.246028 -4.370916 -2.142610 
3.329120 -3.706065 -1.896197 
3.743156 -3.767483 -2.259494 
4.407143 -3.873008 -1.526939 
5.276892 -3.389925 -1.798146 
5.058687 -3.059527 -2.245560 
4.794226 -3.240458 -2.758007 
4.825186 -4.317922 -1.936772 
5.024926 -4.063471 -1.037011 
5.630987 -2.944531 -1.043349 
4.943206 -2.541480 -1.875244 
5.395082 -1.903860 -2.111209 
4.575363 -1.920167 -2.493185 
4.484715 -1.452012 -2.439995 
5.440616 -1.127566 -1.066567 
6.321902 -0.992427 -0.805617 
6.846886 -0.779686 -0.085857 
6.098107 -1.689637 -0.278723 
5.646575 -2.272186 -0.566910 
4.299244 -2.032633 -1.309035 
4.228966 -2.145818 -0.753635 
3.570315 -1.246775 -0.905850 
4.607473 -0.883987 -1.846324 
5.268276 -0.758132 -2.125435 
5.796963 -1.238410 -1.797035 
6.266018 -1.544331 -0.466090 
6.052692 -0.774296 -0.527952 
6.404086 -0.485760 -0.757142 
6.054632 -0.313263 -1.317450 
5.562426 -0.201997 -1.702700 
4.701102 -0.942170 -0.933034 
4.857601 -1.475396 -0.265154 
6.414134 -0.661927 -0.641507 
7.174963 0.100652 -0.301699 
6.945032 0.082388 -0.973591 
6.583509 0.464738 -0.774986 
6.388272 0.651783 -0.130554 
6.132701 0.566959 0.731439 
6.184365 1.077306 0.753510 
6.889012 0.540198 0.160804 
6.925641 -0.532554 0.052333 
7.048000 -0.849244 0.566436 
7.066324 0.068045 0.117737 
6.306007 0.801007 0.562166 
5.359471 0.763018 0.608427 
3.455390 0.692334 0.588633 
4.390530 1.161323 0.329486 
5.111959 1.898131 0.079315 
5.053421 1.660124 0.462831 
5.468083 0.488068 -0.205740 
5.845157 -0.115307 -0.647355 
5.077094 1.027308 -0.742527 
6.019333 1.380322 0.004193 
6.003566 1.382975 -0.247209 
6.016274 1.777578 -0.058906 
5.750784 1.838616 0.358237 
4.806852 2.355458 0.857365 
5.124506 2.643506 1.524432 
4.831652 1.835050 1.848451 
5.225708 1.733053 1.475650 
5.795994 2.017350 1.542864 
4.542278 2.152471 0.922229 
3.961933 1.550540 -0.078825 
3.818711 2.141317 -0.446140 
2.403314 2.449703 0.185064 
2.730799 2.051456 0.138514 
3.925588 2.324317 -0.018677 
4.072852 2.052482 0.412265 
3.816028 1.191090 1.888985 
3.776016 0.313510 2.662516 
3.528652 1.368287 1.479500 
3.475124 2.240599 0.230534 
3.663742 2.857429 -0.386871 
4.209695 3.107589 -0.812340 
4.699677 3.434501 -1.146958 
3.888587 3.109124 -1.857156 
3.265379 2.946796 -2.255198 
3.565511 1.866008 -1.778627 
-0.499475 -1.125153 -1.748701 
-0.182403 -2.286288 -0.636117 
-0.638645 -2.655222 0.101501 
-1.443110 -2.907790 -0.612653 
-1.343413 -2.782073 -1.807920 
-0.886863 -1.997731 -2.057322 
-0.700823 -1.719808 -0.989926 
-0.478150 -2.397478 -1.423564 
0.165422 -3.130470 -0.573978 
-0.060577 -2.832636 -1.333089 
-0.937477 -3.175611 -0.738253 
-1.303864 -3.893151 -0.998724 
-1.037677 -4.169280 -0.388125 
-1.215999 -3.695217 -1.533375 
-0.411082 -3.376678 -2.239541 
-0.656255 -2.489676 -2.437540 
-1.426939 -2.318280 -2.548631 
-1.699882 -1.457774 -2.270370 
-1.278124 -0.381565 -1.483752 
-0.584030 -0.676438 -0.886912 
0.098467 -0.846293 0.272896 
1.715959 -0.315364 0.654862 
1.641646 -0.892007 1.511446 
1.688055 -2.204002 1.421733 
2.360797 -1.797453 1.686709 
2.528848 -0.773993 1.667601 
2.457521 -0.025733 1.774540 
2.291821 -0.308743 2.675500 
1.705565 -0.184384 3.074226 
2.277191 -0.839305 2.780916 
2.947715 -1.415054 3.038156 
2.997217 -1.591549 1.893982 
2.181564 -0.978010 1.579036 
1.661736 -0.034231 1.507247 
1.722706 0.847072 1.454718 
1.349753 1.755022 1.797688 
0.291995 1.067810 2.478507 
-0.027333 0.974350 3.073407 
0.211815 0.335287 2.728522 
0.930183 -0.200238 3.176712 
0.640800 -0.541869 2.481277 
0.768868 0.605849 2.763225 
0.351566 1.411845 2.236020 
0.231353 1.552193 1.310157 
1.121514 0.660103 0.530133 
2.140389 1.326439 -0.267447 
2.113619 1.924806 0.114602 
2.104374 1.373637 1.194239 
1.576528 1.254876 1.422648 
0.596040 2.276784 1.142003 
-0.194715 3.183580 0.675742 
0.571484 4.324986 0.933859 
0.473786 4.529987 0.079910 
0.992102 4.189424 0.994673 
1.383580 4.633723 -0.107072 
1.554356 5.058102 -0.516894 
2.159187 4.383669 -0.983103 
2.560850 4.988469 -0.842329 
2.932952 4.784174 -0.146999 
3.279188 4.485793 -1.345852 
2.424485 4.455606 -1.904649 
1.406558 5.223323 -1.979958 
1.219750 5.230465 -2.431552 
1.413086 4.956123 -1.803040 
1.538684 4.890837 -2.263391 
1.319907 4.721368 -0.792985 
1.617139 5.323878 -0.741132 
2.111032 5.111368 -0.378635 
2.241246 4.868450 0.569686 
1.816270 4.195682 0.531235 
2.571834 4.199353 0.192962 
3.374392 3.944640 -0.409384 
3.181286 4.292186 -1.492556 
2.261210 4.304408 -2.282522 
1.751725 4.074002 -2.825338 
1.819102 4.566917 -2.154009 
2.853545 4.504402 -1.061928 
3.224823 4.150185 -1.334786 
3.795050 3.412587 -2.093773 
3.494448 4.079355 -1.541519 
3.612666 3.673882 -0.910305 
3.759097 3.629477 -1.892523 
2.972235 3.331633 -2.699982 
3.087409 4.111101 -3.525574 
2.410006 -0.015696 -6.774027 
2.073842 -1.502095 -6.068397 
2.110000 -2.396142 -6.185022 
0.783871 -1.827848 -6.046099 
-0.687197 -2.098951 -6.266816 
-1.037651 -2.706668 -5.339106 
0.700438 -2.008737 -5.841293 
1.071181 -2.254738 -4.719182 
1.466946 -2.844606 -4.769191 
2.264057 -3.699792 -4.344373 
3.244979 -3.741666 -4.254394 
3.110574 -3.143607 -4.806922 
2.058087 -2.914502 -5.376371 
0.583298 -2.897344 -5.766170 
-0.954677 -3.052787 -6.405781 
-0.609477 -3.027924 -6.572727 
-1.133116 -2.357769 -6.910550 
-1.707060 -2.591033 -5.462755 
-0.478519 -2.609399 -6.215055 
0.449057 -2.346982 -5.859184 
-0.521193 -2.905117 -5.089339 
-1.206642 -3.694573 -4.870961 
-1.513292 -4.048804 -4.194671 
-0.372331 -3.812951 -3.486105 
-0.116845 -3.986697 -4.544422 
-0.181346 -3.369113 -4.138776 
0.647509 -3.532124 -3.969097 
-0.940273 -2.825607 -4.648749 
-1.666994 -1.723280 -5.222009 
-1.122575 -1.768176 -4.646410 
-0.629427 -2.612770 -4.111112 
-0.359437 -4.288129 -3.683908 
0.049624 -3.929828 -4.061614 
0.064059 -3.881120 -5.365940 
-0.645410 -3.519740 -5.315195 
-0.773792 -3.238697 -4.573082 
-0.285696 -3.960394 -5.190380 
0.595345 -3.549706 -5.542706 
0.325391 -3.197067 -4.778227 
-0.211931 -2.637376 -4.597882 
-1.354820 -1.828647 -4.741026 
-1.523117 -2.556465 -4.602865 
-0.916466 -2.160719 -4.329045 
0.067171 -1.990593 -3.908074 
1.108492 -2.164259 -3.691333 
1.786814 -2.616721 -3.517699 
0.714463 -2.457247 -3.966090 
0.198156 -1.502876 -3.891647 
-0.452201 -1.035601 -4.001772 
-0.302365 -1.480400 -4.209869 
1.068488 -1.911638 -3.772675 
0.502903 -2.213885 -3.744913 
0.568052 -0.895953 -4.423697 
0.348151 -0.063662 -5.348042 
-0.401100 0.450058 -5.563972 
-0.154197 0.068562 -4.963473 
-0.600174 0.058395 -5.135261 
0.467903 0.363043 -5.281159 
0.521212 -0.378246 -5.493504 
-0.319261 -0.576733 -4.885703 
-0.726942 -0.886035 -4.257463 
-1.184705 -0.823048 -3.782038 
-1.258046 -0.029785 -4.228325 
-0.437206 -0.385305 -5.246603 
0.513383 -0.182567 -4.466398 
-0.391661 0.437986 -3.349566 
-0.656298 0.769871 -1.464104 
-2.083677 0.281084 -1.269988 
-2.432912 -0.173509 -1.610815 
-3.912671 0.027712 -1.691438 
-4.226049 -0.435951 -1.615272 
-2.632722 -0.328154 -2.599839 
-1.746979 0.047253 -3.583949 
-0.804820 0.638068 -4.547963 
0.361826 0.778760 -4.516916 
0.008188 0.468901 -3.413402 
-0.033740 -0.403664 -3.110419 
0.599088 0.038888 -3.440389 
1.157120 0.659241 -3.762318 
-0.111565 1.035118 -3.964066 
0.145921 1.251951 -3.376460 
-0.488420 1.001180 -2.745899 
-1.720016 -5.136818 -1.327365 
-2.628026 -3.926128 -0.763607 
-3.271518 -4.492425 -0.631291 
-4.395085 -3.798228 0.001984 
-5.306740 -3.103567 0.085486 
-5.383647 -3.296176 -0.550619 
-5.480429 -3.249239 -1.567928 
-5.968924 -2.684769 -1.213157 
-6.021129 -1.934100 -0.172988 
-6.683082 -0.819430 -0.135406 
-6.051918 0.267441 -0.753805 
-5.579887 -0.727757 -1.691431 
-5.115720 -2.239681 -0.928060 
-4.737702 -2.780427 0.258096 
-4.719972 -3.299883 0.308415 
-4.560555 -3.502206 -0.209227 
-3.475000 -2.929906 -0.232120 
-4.592789 -2.373659 0.065439 
-5.160998 -1.649492 -0.584427 
-5.434142 -1.427391 0.203555 
-5.289805 -1.836038 0.393870 
-5.424829 -0.337012 0.196790 
-5.515462 0.685227 0.571432 
-6.162085 0.527721 0.075425 
-6.384860 0.076123 0.705396 
-6.477944 -0.797972 -0.018855 
-6.200449 -1.626845 -0.483871 
-5.585160 -1.587188 -0.744846 
-6.397302 -1.701368 -1.535106 
-6.362030 -1.153715 -1.262069 
-6.126908 -0.097173 -0.624594 
-5.374090 0.569284 1.041444 
-6.267759 0.277554 0.795084 
-5.859043 -0.074165 0.487254 
-5.240207 -1.016870 -0.486630 
-5.899125 -0.905488 -1.074150 
-6.490502 -0.461642 -1.898307 
-5.981629 0.184279 -2.147994 
-4.695548 0.176669 -1.630020 
-5.291845 0.073288 -1.065412 
-5.641042 0.434924 -0.382714 
-6.310343 0.090478 -0.793468 
-6.068658 0.680437 -2.295028 
-6.428025 1.080946 -1.566630 
-6.224734 0.956772 -0.963397 
-6.387037 1.704581 -0.260693 
-6.137743 1.584304 -0.782418 
-5.963745 2.241526 -0.881671 
-5.279262 2.411480 -0.571503 
-6.557218 2.326664 -1.452004 
-6.132673 1.784754 -1.421020 
-6.201446 1.878101 -0.897135 
-5.659438 0.853739 -1.437230 
-4.949060 0.144604 -1.272740 
-5.409590 0.720877 -1.745676 
-5.453114 1.720122 -1.821240 
-4.877881 2.207657 -2.028210 
-3.666366 2.026575 -2.696247 
-3.318047 1.284503 -1.780997 
-3.582805 0.224629 -0.684211 
-4.637066 0.006747 -0.312303 
-4.251073 0.519082 -0.861929 
-4.429369 1.699198 -1.552456 
-4.055315 2.341295 -0.857570 
-4.298368 1.683727 -0.783917 
-5.207964 1.572603 -1.463601 
-5.032750 1.706957 -1.685070 
-4.549060 1.300005 -2.124754 
-5.385452 1.355545 -2.886100 
-4.724578 1.743050 -2.567369 
-3.559514 1.668088 -1.446457 
-2.889906 1.052710 -1.911067 
-4.110584 1.339507 -2.963856 
-4.661806 1.620330 -3.668520 
-4.269359 1.113821 -3.101677 
-4.610914 0.591961 -3.131506 
-5.071884 0.592309 -3.535589 
-4.916400 0.710330 -3.117365 
-5.896480 -0.346976 -2.346095 
-7.219020 -0.585483 -2.982239 
-4.218261 -6.499335 -1.984183 
-3.944196 -6.028263 -1.027190 
-3.209672 -5.712492 -0.385986 
-3.669645 -5.332825 0.465615 
-3.247073 -4.919754 0.831481 
-3.953565 -5.230965 0.882664 
-3.757415 -4.927968 1.382067 
-3.097651 -5.720484 2.029593 
-2.441245 -6.224752 1.929409 
-2.544819 -5.739434 1.837413 
-2.832342 -6.043832 0.861381 
-3.346407 -5.577676 0.169778 
-3.341646 -5.247607 -0.261379 
-3.215250 -5.703433 0.934130 
-3.490047 -5.068123 1.522521 
-2.804974 -4.179737 2.173619 
-1.770579 -4.490112 2.142975 
-2.374656 -4.206096 2.090723 
-3.603678 -3.652729 1.096443 
-3.595157 -4.121818 2.400182 
-2.853193 -3.492251 2.933928 
-2.940178 -3.536166 3.743886 
-3.261007 -3.427206 3.719970 
-3.927165 -3.985865 3.130500 
-3.119257 -3.865884 2.585417 
-3.789549 -3.459419 1.338637 
-4.390961 -3.082266 1.652603 
-3.107110 -2.899706 2.125557 
-2.377736 -2.968938 2.702056 
-2.989847 -2.510805 3.614467 
-3.580770 -2.638391 4.213277 
-4.245060 -2.975745 4.118193 
-4.388936 -3.474723 3.943697 
-4.710028 -2.977553 3.089677 
-4.340236 -3.686426 2.765335 
-4.375776 -3.375435 1.866093 
-4.541380 -2.744715 2.851641 
-3.368271 -1.528161 2.725638 
-4.237534 -0.360883 3.427072 
-4.547579 -1.297102 3.355418 
-4.630473 -2.098211 2.880143 
-4.561738 -2.711093 1.840853 
-4.601889 -2.192871 2.204414 
-3.397819 -2.281253 2.238258 
-2.742688 -2.148192 3.117097 
-3.305771 -0.916811 3.175426 
-3.780367 -0.289946 3.728435 
-4.189326 -0.601696 2.697419 
-4.108799 0.245359 2.683155 
-4.282826 0.330870 3.705848 
-4.333722 -0.128029 3.599063 
-4.841966 -1.366172 3.403365 
-5.041609 -1.934042 2.943185 
-5.172611 -0.718403 2.737127 
-5.401183 -1.415300 2.814878 
-6.010790 -1.621604 1.909663 
-5.783333 -2.151573 1.610168 
-5.432701 -2.385483 1.100922 
-4.289208 -2.019977 1.569039 
-4.141201 -0.722310 1.894884 
-4.435247 0.900882 2.151141 
-4.749070 0.080953 2.387086 
-3.984229 -1.436899 3.118682 
-5.523989 -1.380224 2.109092 
-6.207234 -1.714038 1.650209 
-5.443569 -1.674190 2.212674 
-5.928695 -0.758931 1.714426 
-6.106718 -0.225857 1.590259 
-5.555361 -0.021401 2.106820 
-5.624674 0.158590 1.305935 
-4.772036 0.898724 0.836039 
-5.699209 0.554621 0.470598 
-6.418190 -0.735168 0.626974 
-6.177417 -0.849634 1.434265 
-6.087081 -1.292277 0.712571 
-6.114366 -1.021223 0.681913 
-6.409119 -0.412076 0.287781 
-5.665313 -0.436289 -1.021860 
-1.892869 -0.818072 -2.597612 
-2.458337 -2.181767 -2.638467 
-2.945776 -2.954623 -1.666202 
-3.372768 -3.549624 -1.572092 
-3.701862 -3.397323 -2.253879 
-3.478768 -3.938618 -2.204451 
-2.737224 -3.922034 -3.035616 
-3.462654 -3.904249 -3.331496 
-2.890780 -2.904128 -3.964722 
-2.942328 -3.818170 -3.713329 
-3.356289 -3.783325 -4.630844 
-3.280090 -4.043798 -5.471256 
-3.413014 -2.851479 -4.593211 
-4.164948 -2.373893 -3.862852 
-3.674412 -1.663667 -3.162819 
-2.902312 -1.914883 -2.443287 
-3.327614 -2.793013 -2.884932 
-4.084741 -2.154841 -2.778244 
-4.867772 -2.164031 -2.764102 
-4.657159 -2.667792 -3.450274 
-4.204494 -3.308725 -3.854805 
-4.240521 -3.360998 -3.394883 
-4.387283 -2.982078 -1.951790 
-4.221114 -2.091216 -1.439586 
-5.008842 -0.939887 -1.905558 
-5.242431 -1.523655 -2.746230 
-5.539732 -2.176680 -3.712751 
-4.808922 -2.554685 -3.896152 
-5.344135 -2.906360 -3.565632 
-5.780795 -2.496320 -2.434422 
-5.682119 -2.044914 -2.347104 
-5.796600 -2.451410 -3.298865 
-5.528722 -1.909776 -3.582530 
-5.068914 -1.388165 -4.436423 
-4.579350 -1.422783 -4.594062 
-4.791452 -1.324885 -5.154830 
-4.583182 -0.619360 -5.810492 
-5.226881 -0.743187 -4.925391 
-5.297891 -0.755482 -3.591336 
-5.346637 -0.702687 -2.982348 
-5.406550 -0.232177 -3.126785 
-4.792841 -0.979207 -2.437631 
-4.837177 -0.056870 -3.078207 
-4.857000 1.378214 -3.741534 
-4.779932 1.240656 -5.043948 
-5.564385 0.609477 -4.803095 
-5.172414 0.229796 -4.578854 
-5.476639 -0.592804 -4.976220 
-4.799023 -0.612313 -5.149993 
-4.063683 1.138985 -5.083125 
-3.660741 0.152962 -4.559554 
-3.076819 -0.635326 -3.570509 
-3.236396 -1.083713 -4.081577 
-3.334022 -0.332107 -4.586913 
-3.662778 1.141425 -5.269294 
-2.458044 1.144620 -5.483042 
-2.422167 1.542106 -5.141818 
-3.310792 1.912687 -4.491428 
-4.459871 2.363205 -3.925044 
-5.169208 1.435696 -3.867621 
-4.827724 1.330130 -4.402693 
-4.985440 0.949167 -4.985901 
-4.004821 0.821788 -5.369882 
-4.361332 -0.099128 -5.002619 
-5.162173 0.018951 -4.173517 
-4.526196 -0.157511 -3.596159 
-3.289786 1.123391 -3.467653 
-4.078100 2.004000 -4.214377 
-3.637852 1.525380 -4.438879 
-3.168751 0.867919 -4.123247 
-2.669282 0.216836 -4.239522 
-2.769223 0.689024 -4.506043 
-2.505001 0.590790 -4.770282 
-3.038054 1.080223 -4.433712 
-3.217206 -0.098057 -4.930686 
-2.723226 -0.439820 -4.288551 
2.004971 -4.495655 -5.366899 
1.284463 -4.452303 -3.640244 
2.475520 -4.071357 -3.742047 
1.722075 -3.876392 -3.995213 
2.241229 -4.480229 -3.914313 
3.029793 -3.332014 -3.562980 
2.543675 -2.947721 -3.199504 
2.841034 -4.119762 -3.173950 
3.627724 -4.601703 -3.098315 
2.929503 -4.240227 -2.549972 
2.250463 -2.597164 -2.149745 
2.733138 -1.970803 -2.480888 
2.807690 -0.917991 -1.684209 
3.993098 -1.330487 -2.034277 
4.077078 -1.649283 -3.391608 
3.966590 -1.162880 -4.278038 
3.288611 -2.195429 -4.091296 
3.548944 -2.164295 -2.912559 
2.768092 -1.634267 -3.087569 
1.935297 -2.105051 -3.534873 
1.832146 -2.069281 -4.094623 
3.004920 -2.166120 -3.366012 
2.756069 -0.705158 -4.242566 
2.552493 -1.120288 -4.494077 
2.178566 -0.496464 -4.409779 
3.253614 -1.151905 -4.034176 
2.634938 -0.427312 -4.616818 
1.037404 -0.012043 -4.750393 
1.226592 -0.505509 -4.799864 
1.950627 -1.356513 -3.946891 
2.783463 -1.624494 -4.522527 
3.133391 -1.340620 -4.134972 
4.134781 -1.086153 -3.633419 
4.501112 -0.806822 -3.772751 
4.333118 -1.010098 -4.194688 
4.139516 -0.258226 -3.699886 
3.942298 0.289311 -1.954753 
4.148353 -0.378372 -1.835109 
4.529417 -0.199844 -3.536697 
4.748360 -0.075823 -2.717873 
4.400239 -0.874608 -3.088963 
4.270478 -0.635066 -3.032078 
3.861455 0.773155 -3.773461 
2.528159 1.173656 -3.835255 
1.626492 1.373410 -3.557153 
1.570226 0.785830 -4.168203 
2.628642 0.915496 -4.290409 
3.131276 1.411750 -4.170223 
3.708021 1.241815 -3.381348 
3.474883 0.651955 -3.421902 
4.383935 0.255031 -4.024075 
3.691334 0.923268 -3.960193 
2.229905 0.939903 -3.997152 
2.327682 1.073275 -4.584201 
2.297698 0.672564 -3.998494 
2.233303 0.783292 -2.923876 
2.184012 0.089534 -1.845893 
1.540247 0.087493 -2.102131 
2.117126 -0.319149 -3.019035 
2.838463 -0.576814 -2.677294 
3.083598 -1.084461 -2.760209 
2.687476 -0.602989 -2.424739 
2.243162 0.444539 -2.434787 
2.382232 1.896874 -2.221965 
1.597079 1.328917 -2.508374 
2.541246 -0.165645 -3.161780 
2.430381 0.332649 -4.097099 
3.390926 0.330928 -4.969431 
-3.451626 -3.376613 -6.425925 
-2.823157 -2.188509 -5.271805 
-3.278994 -1.624758 -5.260717 
-2.808401 -1.308471 -6.046949 
-3.151039 -1.735623 -5.835150 
-4.033746 -1.787694 -5.751151 
-4.095407 -2.290030 -5.493483 
-3.823294 -1.141953 -5.666842 
-2.932586 -0.829884 -5.867095 
-1.845404 -0.928270 -5.273412 
-1.446774 -1.006498 -4.912185 
-2.085734 -1.253018 -4.969570 
-1.882224 -1.471822 -5.596584 
-2.030853 -1.608888 -5.974849 
-1.456763 -0.059019 -5.927636 
-0.966464 0.012694 -5.971023 
-1.496689 0.090496 -5.827213 
-2.430876 0.897173 -5.825958 
-2.217704 0.623511 -5.851846 
-2.611755 -0.031752 -5.989266 
-4.010031 -0.818796 -5.833423 
-3.469227 0.042110 -4.644322 
-2.671490 -0.098218 -4.119717 
-1.320450 0.062347 -4.346135 
-1.494609 0.752966 -5.249500 
-0.892407 1.274747 -5.428289 
0.481923 1.528083 -5.275445 
-0.119675 1.192238 -5.389810 
-1.088479 1.609599 -5.235096 
-1.288646 2.232979 -4.152374 
-1.836475 1.777070 -2.881282 
-1.741205 2.011919 -2.677892 
-0.311304 2.689648 -2.747692 
0.834193 2.470502 -2.711834 
0.951273 1.552386 -2.801496 
0.245006 1.946065 -3.776918 
0.018625 1.871699 -4.458188 
0.368173 1.835678 -4.013905 
1.163264 2.185067 -4.731719 
0.778980 1.233577 -4.990663 
-0.081220 2.359368 -5.202570 
-0.217061 3.018506 -5.229945 
-0.836496 3.020956 -5.473787 
-0.490461 2.981959 -5.268116 
-0.197335 2.733562 -5.186425 
0.179093 2.371925 -4.113774 
0.390458 2.638906 -4.556701 
0.812251 3.470356 -4.822638 
1.390224 3.873695 -4.405055 
0.849349 4.174301 -3.984354 
1.542259 3.092322 -3.076721 
1.533555 2.911799 -3.924839 
1.100231 2.262934 -4.293658 
1.652725 2.485259 -3.624521 
1.758558 3.352379 -2.941647 
0.446916 3.559830 -3.562007 
-0.147686 2.343420 -3.484710 
1.003309 1.919672 -3.519672 
1.289687 2.455740 -3.944542 
0.078018 2.894972 -3.037880 
0.715593 3.925561 -3.399628 
1.855003 3.564670 -2.767081 
1.962092 2.771217 -2.467866 
2.577915 2.438965 -3.614517 
2.775204 2.215828 -4.038866 
7.676692 -3.382056 0.417869 
6.311026 -2.340778 0.608705 
5.045749 -1.582974 1.133341 
5.279946 -1.920604 1.454421 
6.203208 -2.304262 1.900659 
5.922285 -3.407012 2.138914 
6.217075 -3.377462 1.662467 
6.253155 -2.456172 1.229748 
6.084352 -3.029721 0.602367 
5.553923 -2.567377 1.381044 
5.234212 -1.969766 2.029167 
5.007972 -0.820204 1.718509 
4.928839 -2.149002 1.210713 
5.557368 -2.065608 0.564121 
6.485461 -1.653465 0.914759 
6.971881 -1.872221 1.820799 
7.179078 -1.963208 1.936497 
7.179268 -1.223804 1.402538 
7.378274 -1.178998 2.181436 
6.807059 -0.360061 2.568460 
5.828728 -0.230517 2.282744 
4.730851 0.365657 1.718207 
5.239854 -0.736213 1.675602 
6.013315 0.119300 2.020994 
6.914650 0.660943 1.120541 
6.982495 0.291586 1.360519 
6.440496 0.382728 2.700509 
6.524980 0.659429 2.102195 
6.856508 -0.172970 2.524404 
6.108776 -1.217531 2.496835 
5.550583 -1.457808 1.776095 
5.546710 -0.763225 0.695275 
5.182077 0.351321 1.314480 
6.032553 0.903350 2.511996 
5.869348 1.167618 2.194600 
4.452024 1.113898 1.825916 
4.829044 0.799085 2.831673 
5.831798 1.002211 3.079858 
6.557274 0.970075 2.242823 
6.320560 -0.029819 1.916181 
4.832152 1.126653 2.186301 
4.046775 2.358410 2.236542 
2.665822 1.955106 2.048100 
3.773447 1.361497 1.919669 
3.807908 2.368666 2.504923 
4.675796 2.485744 2.488315 
4.687343 1.601934 3.001182 
4.951787 1.983940 2.714033 
4.644443 2.450579 2.919259 
3.976996 1.700536 3.241216 
4.239048 2.702116 3.807784 
4.294600 3.263560 3.271885 
3.482920 4.146439 3.027315 
3.451212 3.490151 2.989174 
4.417829 2.938558 2.055265 
4.016661 2.764855 1.328681 
4.117827 3.689765 1.627713 
4.070232 3.776454 2.134657 
3.429664 4.446913 1.965260 
3.702959 4.266531 1.348366 
3.400736 4.671578 1.713819 
2.499526 4.343278 1.633923 
1.909909 4.586471 0.943891 
2.090783 4.616394 1.880309 
2.409652 4.624326 1.339314 
2.715262 4.598657 1.482645 
2.626910 3.790197 0.879666 
3.705406 3.586034 0.586682 
5.081640 4.439710 0.636936 
2.963508 -2.311783 -1.197069 
2.285738 -3.594222 -1.400170 
2.049891 -4.020962 -2.841486 
1.168691 -3.165978 -2.934221 
1.185301 -3.970658 -2.212203 
2.152104 -4.291298 -1.148475 
2.001789 -3.513993 -1.152129 
1.120858 -4.044916 -0.899838 
0.504817 -3.634795 -1.707967 
0.782900 -4.197243 -2.072726 
1.426892 -3.625736 -1.949807 
2.060195 -2.845073 -1.676711 
2.094312 -1.397397 -2.288895 
1.718498 -0.830795 -3.034727 
1.832376 -0.624035 -2.677376 
0.903171 -0.618130 -2.596062 
0.938735 -1.197979 -2.026428 
0.675421 -0.453881 -2.007021 
0.788449 -0.495346 -1.214454 
1.428257 -0.563613 -0.910602 
1.759080 -1.280735 -1.117863 
2.429566 -1.054416 -2.245981 
1.740605 -0.988026 -2.157999 
2.081502 -1.315239 -1.471545 
2.104703 -2.416892 -0.628812 
1.054686 -2.764011 -1.219246 
-0.021002 -2.755414 -2.174800 
0.281453 -2.881737 -2.511131 
0.242659 -1.602206 -1.416836 
0.564611 -1.090264 -0.935823 
0.399996 -0.567716 -0.646721 
0.024566 0.334226 -1.197039 
0.319665 0.720126 -0.364635 
-0.230513 0.094257 -0.059187 
-0.933735 0.603213 -0.775509 
-0.775851 0.777880 -1.285334 
-0.395610 1.082375 -1.960311 
0.821908 0.941553 -1.298063 
1.735492 0.616082 -0.449518 
0.868590 1.381165 -0.380844 
-1.020014 1.636597 -0.903180 
-0.674285 2.059282 -0.721149 
-1.118157 1.023767 -0.413306 
-0.372942 -0.048081 -1.088750 
0.595244 0.815657 -1.543566 
0.356375 1.942327 -0.875720 
-0.689698 3.317599 -1.251866 
-1.075094 4.249616 -1.186901 
-1.827925 4.716346 -0.973349 
-2.062809 3.119274 -0.765995 
-0.804568 1.918041 -0.486607 
-1.469230 2.028642 -1.853874 
-0.920715 2.535052 -1.318909 
0.319001 3.394022 -0.270640 
0.879143 4.142125 -0.552079 
0.639185 3.889653 -1.540244 
0.144972 4.805368 -2.559015 
0.135054 4.489122 -3.479316 
0.603043 4.192937 -3.202383 
1.203395 3.557840 -2.176142 
1.521124 2.891606 -0.884358 
1.532451 1.793265 -1.293069 
1.227496 2.424709 -1.474591 
0.132267 2.918901 -1.948473 
-0.483583 -1.020318 3.598959 
-0.706837 -0.228001 5.132260 
-0.876410 -0.136257 4.438587 
-1.019561 -0.523129 4.083653 
-1.482479 -0.735642 4.671170 
-1.532048 -0.158683 5.597474 
-2.405597 -0.370373 5.509693 
-2.436469 -0.208840 5.701987 
-1.455465 0.303239 5.297587 
-1.061707 0.849035 4.352278 
-0.792031 1.244864 3.703974 
-1.035708 1.729396 3.140534 
-0.444942 1.574751 4.302078 
-0.656529 2.272542 4.935257 
-1.045329 2.422897 5.149726 
-1.301949 2.426675 4.894781 
-0.489046 2.079859 5.282991 
-0.347783 2.427989 6.015728 
-0.026939 2.283116 6.077556 
0.271856 2.178338 6.090726 
-0.532844 1.236432 5.973508 
-1.540384 0.857473 5.429612 
-1.100905 1.708754 5.534362 
-0.540297 2.902192 4.973052 
-0.031389 4.105702 4.096478 
0.720383 3.719853 4.875160 
0.629242 3.548806 4.156328 
0.035963 3.887871 4.462972 
0.313251 3.133604 4.161200 
1.199930 2.494068 5.397375 
0.431287 1.809578 5.470843 
-0.670279 2.652857 5.243463 
-0.213311 3.113681 5.452791 
-0.924142 2.989762 5.010171 
-1.791096 3.359017 4.603601 
-1.019117 3.376640 4.347083 
-0.481835 3.419838 4.063873 
-0.009674 2.608292 3.629131 
-0.685519 2.725017 4.756024 
-1.089867 2.203959 4.348368 
-2.077504 1.798088 4.612623 
-1.464146 1.791077 3.996189 
-1.212740 2.956294 3.093354 
-2.127708 3.629134 2.665289 
-1.887268 2.622746 3.478342 
-2.270670 3.141741 3.655702 
-3.054666 3.751828 3.251697 
-3.086639 3.893940 3.550710 
-3.243078 2.966774 3.943080 
-2.375940 3.269839 4.475210 
-1.347026 4.139618 3.956262 
-0.534759 4.539954 2.728484 
-0.885272 4.519469 1.424990 
-2.042689 4.244543 1.484142 
-2.579455 3.622856 1.258873 
-2.158862 2.257143 1.894752 
-2.000213 2.087287 2.504156 
-1.695764 2.631785 2.615402 
-2.633084 3.501729 2.917607 
-2.557262 4.522864 3.082802 
-2.298745 4.696372 1.988726 
-1.815804 5.144921 2.027991 
-1.979910 5.578481 2.529530 
-0.418891 -1.191551 1.231287 
-1.400851 -0.434321 0.265284 
-1.697079 0.710983 0.245699 
-1.058282 1.035215 0.728990 
-0.228936 0.631928 0.228353 
-0.340650 -0.088044 0.607141 
-0.938697 0.516918 0.782908 
-0.886230 1.186919 1.133235 
0.395992 1.181336 0.815461 
0.173460 0.658390 1.016985 
-0.358127 1.373166 1.016335 
-0.217697 2.274515 0.846537 
-0.878681 3.493315 0.884325 
-1.130929 4.934325 1.490422 
-0.034294 4.928047 1.589143 
-0.487273 5.017689 2.541729 
-0.709500 3.884795 2.667019 
0.272191 4.298497 2.781442 
-0.793660 4.725499 3.440062 
-0.834557 4.518586 3.582147 
-0.168533 3.929439 2.990016 
-0.375271 3.479796 2.210722 
-1.100725 3.385070 1.613245 
-1.482116 3.266827 1.552128 
-0.927745 3.117455 0.437524 
-0.464882 4.077499 1.427070 
-0.126444 4.301134 2.411726 
0.574525 3.639230 2.791508 
1.050466 4.203128 2.444058 
0.175482 4.400392 1.716787 
-0.486165 3.535217 1.411744 
-1.410572 2.149225 1.281306 
-0.459879 1.810202 2.593937 
0.645265 1.870341 3.610684 
0.684895 2.063549 2.651792 
1.017193 2.924977 2.585653 
1.822373 3.637856 3.195162 
2.355132 3.236390 2.841028 
2.679436 3.656006 2.284290 
2.214299 3.117949 3.274923 
2.298211 3.328233 4.158396 
2.850040 3.957686 4.232803 
1.668426 4.453624 3.954982 
1.674163 4.615761 3.626060 
1.142334 4.802417 3.278333 
0.913196 4.910379 2.968050 
1.727173 4.545796 2.385788 
2.216744 3.726841 3.150209 
2.229431 2.623188 4.588888 
1.590782 1.976771 3.982170 
2.001372 2.369330 2.776671 
2.497935 2.390101 1.881768 
1.641722 2.338533 2.855746 
1.761386 2.641376 3.508011 
1.871712 3.601210 4.152000 
3.134467 3.606310 3.672816 
3.452811 2.633441 3.492757 
2.320322 2.416484 3.448724 
0.984503 2.223581 3.489633 
1.663363 2.482832 3.946516 
1.956310 2.962680 4.813316 
2.927462 3.295352 4.259446 
1.807536 4.081562 4.204557 
4.526593 -5.523123 0.302701 
4.594414 -4.130016 0.712639 
5.154525 -4.060165 1.100922 
4.727197 -4.444210 0.891239 
3.672158 -3.429770 0.607584 
2.741410 -3.144398 -0.100609 
2.533399 -2.405671 -0.636309 
1.481613 -2.098639 0.224575 
2.235139 -1.335625 0.382739 
3.343864 -1.687833 0.487622 
4.488496 -2.235411 0.947790 
3.874382 -0.847600 1.166901 
2.970219 -0.478103 1.497208 
2.900195 0.599444 1.351339 
3.480223 -0.412803 0.698551 
3.953815 -1.226858 0.409288 
4.039953 -0.547249 -0.227803 
3.065264 0.594242 -0.973050 
2.973816 0.252287 -0.862503 
2.576714 -1.265199 -0.205376 
3.373549 -1.476715 -0.136609 
2.637270 -1.656148 0.456693 
0.944930 -1.204082 0.277762 
1.574990 -0.435854 0.109205 
2.079250 -1.266528 -0.257542 
2.662949 -0.865827 -0.741885 
2.611825 -0.340366 0.101623 
3.442583 0.066400 -0.169247 
4.129720 0.499054 -0.613703 
4.739753 0.631016 -1.485057 
4.134535 1.258637 -2.018105 
3.604398 1.498955 -2.343760 
2.395265 1.568851 -1.554637 
2.439071 1.092838 -1.272039 
1.595058 1.022897 -0.719973 
1.837190 0.436005 -1.226283 
2.875909 0.029375 -1.283693 
2.277876 -0.029884 -0.643844 
2.028907 0.767020 -0.189696 
1.938171 1.346489 -0.475456 
2.105613 1.499900 -1.754833 
2.612334 2.339962 -3.187132 
3.672080 2.879122 -3.283377 
4.377629 2.709625 -2.656828 
5.152706 2.550124 -2.127769 
4.913777 2.289818 -2.460884 
4.612188 1.877050 -2.896423 
4.476733 1.260029 -2.588793 
5.068949 1.647761 -1.878250 
4.897468 2.115814 -2.188297 
4.671642 2.286040 -0.934848 
4.824286 1.791422 -1.565571 
5.146546 1.064595 -2.387475 
4.475096 1.041665 -2.876449 
4.079824 1.955754 -3.487988 
3.720825 2.294757 -4.061591 
4.195844 1.865587 -3.697004 
5.615628 1.805050 -2.473870 
6.136321 1.408817 -2.349800 
5.408143 0.697721 -2.434952 
4.619668 1.855087 -2.495662 
4.105117 2.329351 -2.427133 
4.621255 1.598227 -1.934108 
5.480241 1.476588 -1.204670 
6.413810 1.487660 -1.418643 
7.563370 2.408144 -1.612659 
-0.783644 -6.327560 2.398801 
-1.536589 -5.221451 2.766841 
-1.642969 -4.604218 3.389519 
-1.632642 -3.995428 3.490438 
-1.343537 -3.553948 4.059932 
0.277342 -3.541776 4.009388 
-0.271407 -3.810305 4.629637 
-0.318220 -4.176492 4.576304 
-0.094504 -3.593043 5.270700 
-1.261030 -4.354433 4.034967 
-1.963538 -5.279452 3.107215 
-2.277147 -4.837967 3.093466 
-1.995538 -4.050288 3.777349 
-1.585839 -3.631606 3.620276 
-0.600505 -2.757323 3.829723 
-0.590688 -2.012559 3.630490 
-0.849504 -2.002958 4.226429 
-1.343299 -2.421318 3.714708 
-0.445716 -3.335266 4.299236 
-0.290310 -2.778977 4.866168 
-1.806111 -2.689071 4.975607 
-1.683366 -2.885848 5.226053 
-1.566711 -3.136749 5.449447 
-1.751192 -2.260165 5.441539 
-1.300101 -2.266362 6.034839 
-2.038114 -2.014624 5.668852 
-2.634239 -1.993611 4.417027 
-3.352344 -1.740291 4.449659 
-3.280523 -1.488480 4.449471 
-2.650215 -2.701289 4.812157 
-2.894854 -2.357945 4.057692 
-2.139167 -1.421968 3.889714 
-2.048885 -0.669530 3.452688 
-2.527309 0.258494 4.529691 
-2.860765 0.264995 4.991492 
-3.451413 -0.480590 4.447233 
-3.263107 -1.070114 4.765220 
-2.331193 -1.090793 5.183504 
-1.436220 -1.789214 5.039024 
-2.028883 -1.270678 4.542721 
-2.909024 -1.042935 4.528222 
-2.078215 -0.340777 3.992276 
-1.540405 0.487068 3.978141 
-1.210885 -0.875316 4.957142 
-2.377440 -0.322171 4.975738 
-3.364321 0.712911 4.940157 
-3.671859 0.768633 4.895115 
-3.491514 0.826619 4.553274 
-3.556410 1.104171 4.389950 
-3.552887 1.707745 4.464739 
-3.227685 2.434971 3.418628 
-2.992454 1.929341 2.790384 
-3.240169 1.623103 3.449480 
-2.994791 1.007410 4.024344 
-2.315507 1.702646 5.387349 
-0.848653 -5.768815 0.299309 
-2.004936 -4.947229 0.773754 
-2.829857 -4.185693 0.994927 
-2.618531 -3.608708 0.990363 
-3.461845 -2.568220 0.643591 
-3.330525 -1.929061 0.153149 
-3.453667 -1.847295 1.480858 
-4.628182 -0.695448 1.707356 
-4.335244 0.516666 1.537555 
-3.558302 1.366819 0.390993 
-3.337764 0.110210 0.993826 
-2.761593 0.048835 2.590963 
-1.502858 0.735864 2.390488 
-1.626043 0.722491 2.816667 
-1.919063 -0.147281 2.742973 
-2.761392 0.427658 2.018748 
-3.717240 0.815829 1.132657 
-3.845691 1.441935 2.214180 
-3.343320 1.705294 2.987554 
-3.856815 0.957274 3.080212 
-4.259656 1.116809 2.534278 
-4.661650 1.495660 2.285112 
-4.575451 2.236977 2.094911 
-4.937678 1.644722 1.731818 
-4.855928 2.089780 1.129165 
-4.460538 3.434638 0.182044 
-4.529663 3.344157 0.490860 
-4.836075 2.277236 1.764445 
-4.655356 2.793311 2.126367 
-4.068919 3.508810 2.244117 
-4.356185 2.638960 1.318712 
-4.287802 3.652624 1.820707 
-4.600707 3.146611 1.038492 
-5.117369 2.678002 1.339855 
-4.761281 2.656464 1.484858 
-4.248663 2.005798 2.628520 
-4.372799 3.029170 2.874795 
-3.625077 3.182497 3.622607 
-3.683703 2.799437 3.243139 
-3.456208 3.710517 2.174095 
-3.543541 3.787239 1.389277 
-4.002545 4.362798 -0.099640 
-3.066449 4.888578 -0.262850 
-3.513567 4.157469 0.457110 
-3.012205 4.260766 0.897182 
-2.897390 4.578020 0.629739 
-2.311840 4.432080 0.673119 
-2.206713 3.058272 0.373341 
-3.397476 3.116897 1.088006 
-3.393224 2.830854 1.595821 
-2.297909 2.016728 1.522154 
-2.618397 1.146080 1.690601 
-3.183365 -5.797164 -3.628647 
-2.412913 -5.362395 -2.449470 
-2.704475 -4.827266 -1.889398 
-2.413515 -3.544805 -1.753858 
-1.616217 -3.036173 -3.451719 
-1.720103 -3.525092 -4.034461 
-1.268031 -3.301716 -3.389670 
-1.664442 -2.513923 -3.178514 
-1.166358 -2.664918 -3.599920 
-0.790397 -3.248287 -2.690877 
-1.143995 -3.779032 -2.166516 
-1.559640 -1.890528 -1.906899 
-1.912303 -0.135560 -1.870261 
-2.964915 0.655612 -2.042668 
-4.172950 -0.609674 -1.782838 
-3.688739 -1.256627 -1.235789 
-3.058860 -1.001055 -1.679016 
-2.372353 -0.074435 -3.109028 
-1.805119 1.471267 -3.622659 
-1.821697 1.984215 -4.430596 
-1.704701 2.053087 -5.299454 
-1.088402 2.728588 -4.705858 
-1.459831 2.676688 -3.410536 
-1.405378 2.513970 -2.881723 
-1.446612 2.528960 -1.836741 
-1.653620 3.565384 -2.130169 
-1.385701 4.332659 -1.980778 
-0.233091 5.024671 -1.018039 
-0.183414 5.392832 -1.635682 
-0.292005 5.020700 -1.449683 
-0.885020 5.357171 -0.998075 
-1.451012 5.463463 -0.632351 
-0.552622 5.489527 -1.196617 
-0.977944 4.674960 -2.106841 
-2.380978 4.888321 -1.874181 
-2.106446 4.936053 -1.365402 
-1.678688 5.081421 -0.598202 
-1.925669 4.152578 -1.228014 
-1.357186 3.714311 -1.247381 
-0.853690 4.324190 -1.655348 
-0.599177 4.153984 -1.935738 
-0.250029 3.319907 -2.316981 
-0.510415 4.317522 -1.931987 
-0.601569 4.561219 -0.985521 
-1.412719 4.462348 -0.426520 
-0.832593 4.271464 -0.550320 
-0.383052 5.391483 -0.066668 
-1.538349 5.344244 0.335457 
-1.575667 5.677551 -0.129200 
-0.529057 5.808401 0.397474 
0.700647 -2.434452 1.496763 
1.880138 -2.909283 1.780925 
2.487830 -3.581203 1.822063 
2.642391 -4.385051 2.051960 
3.073347 -4.058190 2.050745 
3.348656 -2.569883 1.612941 
2.559155 -2.390198 3.101621 
1.825192 -1.718795 4.226946 
1.728380 -2.128651 3.795471 
2.677600 -1.996553 3.307384 
2.132228 -2.815197 3.516529 
1.519360 -2.632515 3.487923 
2.689565 -2.324761 2.680201 
2.547379 -1.206059 3.454489 
1.768241 -1.248628 3.053883 
1.682698 -0.547349 3.555230 
2.273227 -0.349739 3.118245 
3.274752 -1.030788 2.325296 
3.711258 -0.719309 2.301731 
3.295580 0.852899 3.111562 
2.573776 0.984993 3.381654 
2.922515 0.336122 3.935477 
2.978793 0.244647 3.320910 
3.813804 0.083740 4.627457 
4.818760 0.123321 4.647766 
4.924033 0.860007 4.625955 
3.994298 1.444098 5.129623 
3.641106 1.568711 4.542603 
4.095814 1.249604 4.832956 
3.837020 0.465124 4.402441 
2.830380 0.686155 4.089413 
2.246264 0.605559 4.381374 
2.476320 0.000501 4.420585 
2.178677 0.124391 3.791618 
1.981217 0.880364 3.878429 
1.920691 1.139924 4.951010 
3.438609 1.684332 4.512561 
4.739840 1.526814 4.129958 
4.816444 1.528051 4.576243 
3.995098 0.998781 3.682378 
3.830580 -0.235369 4.433936 
3.478069 0.128111 5.279771 
3.008283 0.857912 4.399088 
3.596916 1.393510 4.449937 
3.783418 1.434893 5.028729 
5.234786 0.696877 4.156613 
5.055569 0.971794 4.986373 
6.105198 1.084604 4.909767 
3.990884 -5.413595 1.849297 
3.851187 -3.842313 2.334968 
3.597695 -3.083439 3.338927 
4.076360 -3.106016 2.725278 
5.072705 -3.309679 2.477560 
3.966021 -3.820864 1.866795 
4.672085 -3.657606 2.850981 
4.509656 -4.156728 3.057076 
4.322159 -4.584324 3.439807 
4.244603 -4.197680 3.947835 
4.772195 -3.418578 4.216937 
5.266814 -2.424019 3.392637 
5.679201 -1.586823 2.498447 
5.873070 -1.842310 3.011566 
5.151649 -2.407647 3.070427 
4.538554 -1.620283 3.268747 
5.123260 -2.101616 3.757301 
4.945084 -2.907218 3.613616 
4.400432 -2.390194 4.316492 
4.077479 -1.407345 3.841152 
5.004851 -1.143490 3.305422 
5.006418 -0.634869 2.880694 
4.690381 -0.789494 3.185945 
4.092812 -0.354771 2.228714 
4.754540 -0.341892 1.572039 
5.441308 -0.636916 3.021075 
5.675478 -0.624644 4.042239 
5.175000 -0.880589 3.989396 
4.755928 -0.919776 4.545471 
5.287327 0.353541 4.137937 
5.729282 0.827670 3.595327 
5.905865 0.362345 3.695419 
-0.038195 -1.825879 2.373848 
-0.362673 -2.791127 1.900308 
0.111673 -3.234057 2.360846 
0.718841 -3.847801 1.549053 
1.497741 -4.127062 0.569793 
1.860323 -4.920267 0.794927 
2.124020 -4.407268 1.939863 
1.327007 -4.865005 2.438584 
1.198038 -4.833536 1.545941 
0.969290 -4.378779 1.483802 
1.163596 -3.760545 2.539036 
1.663370 -3.469145 3.784426 
1.665070 -4.071275 4.501840 
1.068610 -4.630158 5.324756 
0.656600 -3.939823 6.261181 
0.432259 -3.093015 5.013505 
0.190025 -3.024861 3.306059 
-0.161212 -3.865540 2.239359 
0.846448 -5.221561 2.772690 
0.930555 -4.334887 2.656211 
2.109752 -4.578739 3.372220 
2.279789 -4.898388 2.946768 
1.768329 -4.507807 3.579872 
0.716004 -4.029847 3.815567 
0.924739 -4.506120 4.018622 
0.362248 -4.460567 4.079881 
0.582651 -4.928160 4.034972 
1.936558 -4.548142 3.818328 
3.186454 -5.222145 3.861917 
3.454404 -4.754451 2.963320 
4.467585 -4.442324 3.110571 
3.723532 -4.162348 3.575208 
3.299077 -4.409130 4.218218 
2.533994 -4.118384 4.550875 
2.242162 -3.850565 4.866490 
2.132456 -3.593455 4.501412 
1.735189 -4.082790 4.109262 
1.264366 -4.813558 2.926650 
2.255533 -3.815865 3.766685 
1.411139 -3.397725 4.943206 
1.351883 -2.983815 5.547600 
2.591980 -2.647849 5.455054 
3.720827 -2.267002 5.115819 
4.361110 -3.104512 4.696235 
3.336846 -3.216885 5.135191 
2.809385 -2.366970 6.026299 
2.951255 -2.527150 5.575741 
3.009137 -3.429854 4.964672 
3.098798 -2.934295 4.477264 
3.493738 -2.401022 4.837897 
4.026527 -1.313303 5.270598 
3.460721 -1.151968 4.913612 
2.236923 -0.841906 4.685036 
1.428540 -1.983521 5.110369 
2.736090 -2.282069 4.852536 
2.911130 -1.843649 5.594750 
3.556382 -0.773559 5.555860 
2.497205 -0.544498 6.317738 
3.158918 -0.132016 5.926612 
2.604771 -1.014912 5.946824 
1.882550 -0.678604 6.427689 
1.700356 -0.410431 6.473518 
1.355725 0.157040 6.392657 
0.724209 -0.477030 6.700947 
-0.053795 -0.574175 7.458942 
-0.436838 0.287673 7.415578 
-0.051581 0.934367 6.655701 
0.838532 1.350078 6.314749 
1.112485 1.464994 5.702184 
2.187218 1.049410 5.560344 
1.683942 0.427446 5.963109 
2.213452 -1.000616 6.021852 
1.654707 -1.389674 5.824219 
1.159064 -1.102046 4.693224 
0.530882 -0.465518 4.306702 
0.555692 0.071691 3.865198 
0.484094 0.098893 4.643311 
0.348840 -0.748004 3.811383 
0.525365 0.485909 3.978007 
0.589752 -0.289421 5.030187 
0.949991 -1.468627 5.916906 
1.196551 -1.451864 6.034010 
0.581522 -1.975865 5.936642 
0.096844 -1.561258 6.212533 
-0.403871 -0.187916 6.503697 
-0.851254 -0.337868 6.079421 
-0.604268 -0.990059 6.189983 
0.108925 -0.257629 6.701554 
0.690164 0.543421 7.092805 
1.065373 1.642249 8.167093 
