Snapshot 0 0.000000
-8.450739 -19.956873 -34.690697 
-7.457504 -19.937677 -34.576171 
-7.206605 -20.719740 -35.146633 
-6.772403 -21.002080 -34.291208 
-7.281314 -21.359584 -33.508137 
-8.215896 -21.570691 -33.794475 
-8.634608 -21.310695 -32.924370 
-8.022569 -20.571141 -32.644249 
-7.434295 -20.445398 -31.845424 
-7.410407 -19.922875 -30.993133 
-8.344628 -19.729933 -31.293141 
-8.269607 -20.726851 -31.316076 
-9.051042 -21.048856 -30.781594 
-8.558096 -21.134433 -29.915753 
-8.573058 -22.110033 -30.134799 
-8.703701 -22.387184 -31.086702 
-9.093415 -23.114655 -30.521982 
-9.015486 -23.957724 -31.054112 
-8.933343 -23.820178 -32.041195 
-9.640165 -24.527393 -32.057006 
-8.743598 -24.858548 -31.762888 
-8.566761 -24.977619 -32.739899 
-9.242769 -25.655010 -33.029993 
-10.152927 -25.833521 -32.656165 
-10.224979 -26.555785 -33.344020 
-11.041689 -26.413333 -32.784830 
-10.973832 -27.387671 -32.570215 
-11.076958 -27.561701 -31.590889 
-10.720244 -28.473831 -31.792817 
-9.854498 -28.201565 -32.212763 
-9.711709 -28.115627 -31.226748 
-10.174800 -27.237138 -31.109261 
-10.366749 -26.547419 -30.411089 
-11.167107 -26.322477 -30.966811 
-11.881864 -27.020945 -30.931241 
-12.072574 -27.284693 -29.985690 
-12.483001 -27.284684 -29.073797 
-12.971494 -26.426203 -28.917639 
-13.532799 -26.116279 -29.685026 
-13.069728 -25.826139 -30.522513 
-13.354122 -26.250119 -31.382374 
-13.434225 -27.216907 -31.139672 
-14.425286 -27.208492 -31.006527 
-15.006729 -27.890269 -31.450493 
-14.421992 -27.955593 -32.259082 
-14.067214 -28.611924 -31.593228 
-13.718891 -29.044834 -30.761808 
-12.775324 -28.713954 -30.747653 
-12.274376 -28.190947 -31.437228 
-11.880013 -28.367568 -32.339050 
-11.633148 -28.316489 -33.306753 
-11.447677 -29.207517 -33.721082 
-10.601664 -28.674932 -33.696294 
-10.322147 -27.753033 -33.964571 
-10.241238 -26.818474 -34.311059 
-10.275881 -27.567599 -34.972581 
-10.595038 -27.558673 -35.920240 
-11.438890 -27.023133 -35.886917 
-12.182593 -27.452365 -36.399426 
-11.994193 -26.679664 -37.005592 
-12.065105 -26.803479 -37.995360 
-11.598203 -25.942346 -38.196490 
-12.112102 -25.180554 -37.802053 
-12.606783 -24.444243 -37.340385 
-13.352437 -24.972652 -37.746321 
-14.020590 -24.716759 -37.047687 
-13.763275 -23.777094 -36.822256 
-13.604956 -23.234683 -37.647317 
-13.910111 -24.129353 -37.973580 
-13.211976 -24.170572 -38.688359 
-12.215735 -24.231840 -38.749600 
-12.374146 -23.254066 -38.612256 
-11.445648 -23.523885 -38.867382 
-10.509983 -23.493999 -38.515762 
-9.791720 -23.436659 -37.822356 
-10.523870 -22.889393 -37.416824 
-11.216716 -22.168354 -37.408573 
-11.394604 -22.750403 -36.615115 
-12.113485 -23.387283 -36.893672 
-11.652032 -24.266061 -36.771974 
-11.462153 -25.245552 -36.704572 
-11.354230 -25.383622 -35.720047 
-10.943002 -25.761489 -34.890524 
-11.693106 -26.419634 -34.955239 
-12.178902 -26.872736 -34.207776 
-12.629531 -27.164446 -33.364071 
-13.491515 -27.609656 -33.606497 
-13.514340 -28.460125 -33.080967 
-13.103321 -28.964307 -33.840482 
-12.618560 -28.312735 -34.423972 
-13.188976 -27.571026 -34.776810 
-13.956225 -27.910473 -35.320964 
-14.673105 -27.335012 -35.714574 
-14.066058 -27.710013 -36.415193 
-13.648715 -26.890257 -36.807400 
-13.782063 -26.375729 -37.654441 
-14.748607 -26.136125 -37.745994 
-15.302163 -26.968660 -37.767488 
-15.073957 -27.935523 -37.881932 
-14.083917 -27.932090 -37.741189 
-13.842612 -28.545306 -38.493344 
-14.580949 -28.185432 -39.063738 
3.380281 48.481127 31.086803 
3.073485 49.326981 31.523160 
3.320264 48.965763 32.422394 
3.070659 48.370070 33.185838 
2.932962 47.436377 33.516379 
3.371761 46.611833 33.873567 
3.043496 46.936200 34.760713 
2.269869 46.934134 35.394351 
1.778792 46.775163 36.250839 
1.212245 46.031138 35.896647 
1.054710 45.345208 36.607057 
1.223355 44.875127 35.740695 
2.164811 44.559661 35.859616 
2.455230 43.602906 35.842957 
3.387810 43.877160 35.608268 
3.605398 43.177315 36.288616 
3.740821 44.093481 36.665845 
4.570348 43.764356 37.117023 
4.900067 44.202800 36.280930 
4.203678 44.874277 36.027631 
5.071637 45.102810 35.586700 
5.690020 44.438360 35.167047 
5.876831 44.073200 36.079055 
5.398404 43.217765 36.277392 
5.654167 43.082801 37.234664 
6.223914 43.886682 37.063893 
6.681918 44.581184 37.618779 
7.292888 43.950346 37.140492 
7.725206 43.759065 36.259292 
7.194585 42.939329 36.043714 
6.800741 42.171293 35.538732 
7.779332 42.325982 35.402971 
8.115735 41.538739 35.919770 
8.915079 42.051084 35.605841 
8.749992 42.695806 36.352218 
9.044428 42.364192 37.248510 
8.838051 41.454179 37.608072 
7.935147 41.823663 37.388422 
7.830027 40.830871 37.445978 
8.259873 39.929820 37.503772 
7.315607 39.976923 37.177977 
6.413024 40.383276 37.035773 
6.186955 40.603613 37.984637 
5.261848 40.942974 38.154963 
4.604242 41.347962 37.519715 
4.317949 40.703794 36.810431 
3.326052 40.813549 36.874426 
3.550557 41.717169 37.239214 
4.200874 41.717478 36.479551 
4.782837 41.574599 35.678985 
4.118736 41.399039 34.952247 
4.927932 40.812576 34.916692 
4.337347 40.369787 34.242046 
4.089465 39.657944 33.584905 
3.661924 38.805898 33.886942 
4.067706 39.293097 34.660232 
3.159457 39.708834 34.707613 
2.655009 40.417137 34.213811 
2.569622 39.493937 33.839096 
1.786216 39.350999 33.234247 
1.314635 39.859515 33.954679 
0.960656 40.075269 33.044652 
0.891113 40.988162 32.642421 
0.921451 41.980697 32.760546 
1.158118 41.973633 33.732111 
1.781840 41.205769 33.585973 
0.884514 40.931139 33.931494 
0.605093 41.608498 34.612015 
0.204214 42.438768 34.999244 
0.052072 42.423625 34.011001 
-0.320363 41.636584 33.519209 
-1.256963 41.822604 33.816157 
-1.825275 42.577482 33.488776 
-2.668677 42.486313 32.959284 
-3.441546 42.074979 33.442480 
-3.984369 41.666133 32.708867 
-3.214472 41.689870 32.071141 
-3.862766 41.958257 31.358622 
-4.446099 41.303828 31.839708 
-5.233930 40.805315 32.201382 
-4.713708 40.353422 32.926063 
-3.991229 39.662065 32.919007 
-4.499006 39.159212 32.219506 
-4.316710 38.302940 31.736219 
-4.514326 37.843266 32.602041 
-4.339527 38.380927 33.426884 
-4.191235 37.435503 33.717028 
-3.567084 38.054924 34.193213 
-2.995873 38.874743 34.233399 
-2.953860 39.850496 34.018596 
-2.633263 39.873874 33.071668 
-2.061559 40.455608 33.650235 
-1.613945 41.025167 32.960855 
-2.400384 40.716400 32.425901 
-3.175983 40.575572 31.810584 
4.669581 -5.439273 14.291003 
5.016485 -6.316454 14.622984 
5.115596 -6.820788 13.765182 
5.716004 -6.089208 13.442226 
6.628864 -6.442798 13.646337 
7.526341 -6.883784 13.654489 
7.563689 -6.719833 14.640250 
8.017398 -7.590216 14.831517 
8.250956 -7.535346 15.802310 
8.554843 -8.487396 15.766925 
9.437212 -8.627603 15.317739 
9.678339 -8.565031 14.349265 
8.693108 -8.553083 14.178451 
7.970738 -9.183886 13.895130 
8.495233 -9.504136 13.106242 
7.993931 -8.704791 12.774967 
7.340696 -8.360670 13.449404 
6.592911 -9.022631 13.500641 
6.415952 -9.199756 12.532492 
6.512253 -10.069862 12.049127 
6.038228 -10.767738 11.512219 
6.814478 -11.397819 11.533043 
6.713572 -11.221450 12.512182 
5.740487 -11.314591 12.722967 
5.271974 -10.472096 12.457075 
5.367022 -9.523481 12.758893 
5.402874 -10.006469 13.633786 
5.409777 -10.654040 14.395760 
5.960820 -11.483154 14.301313 
6.472536 -10.697394 13.953853 
7.171929 -10.977186 14.611550 
7.745094 -10.727980 15.392177 
8.211387 -10.943649 14.534240 
8.067545 -11.668700 15.207746 
9.015915 -11.985798 15.214354 
9.176466 -12.876217 14.788468 
10.111506 -12.523157 14.756086 
10.276262 -13.087208 13.946950 
10.901468 -13.209651 13.176154 
9.932392 -13.422804 13.051819 
9.042120 -13.685036 13.424176 
8.411742 -13.235952 14.057380 
8.209439 -13.004075 15.008856 
7.914290 -12.964983 15.963507 
7.034325 -13.257418 15.589148 
6.761629 -13.175224 16.547731 
6.651586 -12.317811 16.045004 
5.861447 -12.417781 16.649724 
5.619539 -11.592318 16.139733 
4.807937 -11.008226 16.127931 
4.002026 -10.525009 16.469996 
3.630327 -11.121119 15.758314 
2.673535 -10.959574 15.516544 
2.669054 -11.861765 15.085230 
2.217176 -12.446739 14.411723 
1.867616 -11.519990 14.274087 
2.757519 -11.278262 13.887252 
3.378089 -11.758235 13.267157 
4.367250 -11.791113 13.124050 
4.704070 -12.210744 12.281161 
5.341861 -12.360374 11.525626 
6.141964 -12.906367 11.774075 
7.092326 -13.044301 12.052976 
7.525502 -13.123647 11.155165 
8.457023 -12.865351 11.411196 
9.137772 -13.419674 11.890056 
9.134076 -13.840566 10.982953 
8.951336 -14.269482 10.098285 
8.135703 -14.631486 10.549612 
8.220805 -15.132890 11.410629 
8.471301 -14.378364 12.017211 
7.510605 -14.642616 12.102257 
6.950229 -14.762187 11.282695 
6.235918 -15.195913 11.831915 
5.546137 -14.871390 12.479129 
4.758713 -15.421979 12.756285 
4.548816 -16.085619 12.038284 
5.444272 -15.810538 11.688300 
5.440356 -16.773790 11.956871 
5.428525 -16.921469 10.967906 
6.393273 -16.881642 11.228048 
6.514377 -17.791038 11.625960 
6.261830 -18.393329 10.868685 
7.203478 -18.566051 11.157588 
-36.246419 10.935627 -23.439497 
-35.983245 10.010360 -23.712666 
-36.324339 10.188630 -24.635637 
-37.170242 9.749467 -24.938266 
-36.947152 9.739841 -25.913017 
-37.936101 9.853927 -25.818334 
-37.901895 10.747130 -26.266686 
-37.829390 11.743003 -26.212093 
-38.374088 12.560795 -26.026297 
-38.791614 12.022787 -25.294027 
-38.849596 11.457116 -24.471437 
-38.306753 10.777766 -24.965204 
-38.552491 9.834911 -24.740173 
-38.471531 8.870134 -24.489871 
-37.560309 8.476543 -24.611360 
-38.218525 7.756602 -24.391277 
-38.471344 8.072005 -25.305937 
-39.244459 8.352134 -25.874991 
-39.003034 7.385115 -25.956165 
-39.278983 7.353647 -26.916822 
-39.108993 6.401747 -27.171752 
-38.154302 6.280115 -26.900145 
-37.608173 7.109581 -27.017318 
-37.010392 6.679993 -26.340479 
-37.448819 6.785633 -25.447943 
-37.688774 6.787848 -24.477161 
-36.690588 6.819607 -24.426014 
-36.324973 7.737537 -24.271970 
-36.703234 7.725611 -23.346348 
-35.821942 8.191493 -23.425578 
-36.571603 8.725121 -23.817048 
-37.028922 9.443567 -23.292936 
-37.331639 10.326236 -23.652462 
-37.722975 11.183407 -23.317629 
-37.518880 12.161360 -23.361808 
-37.146761 12.513899 -24.220437 
-36.150430 12.548780 -24.298600 
-36.068678 13.200702 -25.052467 
-35.973159 14.183221 -24.892681 
-36.674210 14.534372 -24.272019 
-37.186362 15.246541 -24.752139 
-38.179457 15.206137 -24.642008 
-37.907326 15.326935 -23.687360 
-38.294510 14.807125 -22.925858 
-38.610192 14.005421 -23.433417 
-37.689873 14.346928 -23.624165 
-37.570106 13.716819 -24.391380 
-38.253110 13.486015 -25.084370 
-37.693398 14.088302 -25.653557 
-37.431310 13.368073 -26.295880 
-37.234013 13.233667 -27.266967 
-37.794631 13.009024 -28.063988 
-38.718157 12.988169 -27.681018 
-39.537180 12.529778 -28.026096 
-39.280290 12.061968 -28.871768 
-38.910968 11.197023 -29.211580 
-39.498546 11.529399 -29.949333 
-39.835753 10.789196 -29.367619 
-40.725542 10.491779 -29.021469 
-41.235508 9.781709 -29.506995 
-40.768569 9.271496 -30.229248 
-41.461362 9.707390 -30.803733 
-42.414652 9.444336 -30.655268 
-43.304458 9.573196 -30.217502 
-43.542875 10.374399 -30.766348 
-43.551000 11.359372 -30.938868 
-43.508135 11.396055 -31.937275 
-43.544174 12.109403 -32.637158 
-43.749989 12.933932 -32.110099 
-44.317083 13.278709 -32.858119 
-44.988573 13.795540 -33.389142 
-45.837972 14.017420 -33.867986 
-46.506729 14.411243 -33.237378 
-46.843426 13.958987 -34.063271 
-47.307220 13.171466 -34.469111 
-48.125506 12.673507 -34.756244 
-49.077060 12.779022 -35.045053 
-49.066670 12.766553 -36.044921 
-48.666653 11.935951 -36.432334 
-48.229849 11.236728 -36.998275 
-47.950607 10.596086 -36.283011 
-48.806390 10.611894 -35.765917 
-58.109119 -17.266873 -50.482197 
-57.273526 -17.527423 -49.998568 
-57.130751 -18.508422 -50.129934 
-57.154411 -18.909020 -49.213985 
-58.111030 -19.130850 -49.025118 
-57.772280 -19.963972 -49.462332 
-57.213852 -19.768277 -50.268472 
-56.475532 -20.056186 -49.658561 
-56.251048 -19.294028 -50.265786 
-55.372307 -19.549860 -49.862841 
-54.631457 -19.995716 -50.365188 
-55.038511 -20.907055 -50.426568 
-54.943972 -21.116146 -49.453252 
-54.087628 -20.619908 -49.310351 
-53.720621 -20.059493 -48.567895 
-53.955555 -20.663971 -47.806704 
-53.018200 -20.854238 -47.514876 
-53.613042 -20.344973 -46.892934 
-53.531593 -19.498868 -47.419691 
-52.638964 -19.942912 -47.341980 
-51.879288 -19.311988 -47.184416 
-52.069672 -19.250141 -48.164175 
-51.779253 -18.413235 -48.628119 
-52.223357 -17.919428 -49.375733 
-51.817969 -18.149009 -50.260579 
-51.461114 -17.234661 -50.069211 
-51.769270 -17.029891 -50.998248 
-51.748859 -16.070918 -50.715484 
-51.573202 -16.058614 -51.699859 
-52.222338 -16.131967 -52.456986 
-52.460400 -15.306677 -51.944910 
-51.624422 -15.268035 -52.492310 
-51.388152 -15.085226 -53.446646 
-50.411303 -14.894777 -53.544091 
-50.064981 -13.991610 -53.290418 
-49.275182 -14.137284 -52.694603 
-48.632364 -13.511572 -52.252709 
-48.756043 -14.120876 -51.469477 
-49.204881 -13.378585 -50.971933 
-49.816473 -12.693695 -51.368015 
-49.731530 -12.427931 -52.328303 
-50.681803 -12.165255 -52.161025 
-50.462288 -11.192668 -52.084289 
-51.094884 -11.444177 -52.816795 
-51.375162 -10.500318 -52.641940 
-51.488952 -10.636083 -53.626125 
-52.327470 -11.179725 -53.589514 
-52.646472 -10.684189 -54.397400 
-53.411014 -10.418649 -54.984737 
-53.523681 -9.887670 -55.824599 
-53.336371 -9.078034 -55.268358 
-52.842413 -8.545095 -54.581349 
-53.217937 -9.058025 -53.809414 
-54.205736 -9.187281 -53.896285 
-55.026176 -9.001030 -54.436829 
-55.035228 -9.733605 -55.117455 
-55.051822 -9.273989 -56.005418 
-55.563711 -9.023989 -56.827287 
-55.766120 -9.911564 -57.241102 
-55.060990 -10.550496 -56.933602 
-54.313460 -10.604447 -56.271568 
-54.387121 -11.598264 -56.188493 
-54.704413 -12.454640 -55.781128 
-54.678882 -12.669754 -54.804873 
-55.184156 -11.820650 -54.650861 
-54.950554 -11.180599 -53.918901 
-55.697919 -10.636004 -54.299507 
-56.388664 -9.912906 -54.300911 
-56.624973 -9.782966 -55.263862 
-56.401296 -9.976350 -56.219148 
-55.615802 -10.449516 -55.820258 
-55.725503 -11.438340 -55.921215 
-56.315625 -12.040660 -55.383660 
-56.682528 -12.321688 -54.496864 
-56.393475 -11.824140 -53.679004 
-56.044626 -12.710955 -53.375913 
-55.079798 -12.927206 -53.525385 
-54.589901 -13.621662 -54.052387 
-54.531169 -13.821577 -55.030439 
-55.411954 -13.414295 -55.271975 
-33.634319 -60.607073 -23.622097 
-33.833234 -60.152577 -22.753843 
-34.470100 -60.862102 -22.452220 
-35.359966 -61.212754 -22.744080 
-36.088076 -61.544859 -22.144444 
-36.792711 -61.322565 -22.818295 
-37.018219 -60.348353 -22.810617 
-36.294593 -60.366026 -23.500584 
-36.398140 -60.889686 -24.346195 
-37.051060 -60.237678 -24.731657 
-37.850814 -59.657698 -24.886633 
-38.742266 -59.664336 -24.433568 
-39.699887 -59.468099 -24.222730 
-39.500600 -60.435745 -24.067981 
-39.929844 -61.333790 -23.971732 
-39.151365 -61.249826 -23.349703 
-38.911493 -60.442962 -22.809858 
-39.187973 -61.133569 -22.141561 
-38.335971 -61.656350 -22.113402 
-37.890663 -62.551716 -22.117905 
-36.947165 -62.818051 -22.315080 
-37.090802 -63.140503 -21.379455 
-36.629993 -63.980408 -21.666186 
-36.704817 -64.711570 -22.344275 
-37.141976 -65.388181 -21.751746 
-37.592081 -65.653175 -20.898996 
-36.850852 -66.319685 -20.978644 
-36.617527 -66.362599 -20.007192 
-35.703616 -66.357133 -20.413069 
-35.786002 -67.316655 -20.682380 
-36.551015 -67.444236 -20.051129 
-37.290244 -67.098552 -19.473164 
-36.998976 -67.502156 -18.605831 
-36.654514 -67.617187 -17.674105 
-35.846882 -67.158141 -17.303960 
-35.454688 -66.579404 -16.588944 
-34.565834 -66.336169 -16.200647 
-34.366159 -67.029685 -16.892864 
-33.472874 -67.350039 -17.208167 
-32.546847 -67.230923 -17.566338 
-31.915215 -66.528131 -17.239039 
-31.796861 -66.917447 -18.152507 
-31.551183 -67.349756 -19.020120 
-31.805256 -67.116905 -19.958857 
-30.832637 -67.293476 -20.109968 
-30.015750 -67.070770 -19.577899 
-29.323524 -66.509857 -19.123807 
-29.378352 -66.724669 -18.148692 
-29.230049 -67.706773 -18.264789 
-28.384503 -67.624818 -18.792364 
-27.675062 -68.298994 -18.997743 
-28.403872 -68.953904 -19.197563 
-29.304626 -69.363683 -19.053604 
-29.716877 -70.218051 -19.369997 
-30.701044 -70.042829 -19.396693 
-31.018535 -69.184541 -18.993528 
-30.719491 -68.962434 -18.065497 
-30.685874 -68.429985 -17.219702 
-31.191100 -68.013381 -16.463933 
-30.966367 -68.613963 -15.696602 
-30.365484 -69.178570 -15.130776 
-30.036727 -69.050102 -16.066413 
-30.012000 -69.410295 -16.998963 
-30.023805 -70.129295 -16.304053 
-30.847059 -70.636633 -16.049374 
-31.607925 -71.280979 -15.972546 
-32.485691 -71.087712 -16.410923 
-32.094096 -70.679705 -17.235655 
-31.405686 -70.236564 -17.809866 
-30.946050 -70.958484 -17.292598 
-30.339595 -71.469728 -16.683630 
-29.605308 -70.875112 -17.011126 
-29.399682 -70.668920 -17.967788 
-28.688317 -70.063760 -18.325197 
-27.972020 -70.697999 -18.034232 
-27.078843 -70.462391 -18.417279 
-27.215733 -69.521869 -18.106346 
-26.861517 -68.590385 -18.023469 
-55.256619 -39.993673 11.474303 
-54.947965 -39.126711 11.083011 
-54.003299 -38.826830 10.950050 
-53.829700 -37.873796 11.198221 
-54.681646 -37.497335 10.834265 
-54.141697 -36.963727 11.485201 
-54.175134 -36.372231 10.679586 
-54.849763 -36.714446 10.025550 
-55.376918 -37.038365 9.239940 
-56.288061 -37.155836 9.634932 
-56.714007 -37.415344 8.768200 
-56.466123 -37.272940 7.809933 
-57.451351 -37.301968 7.641165 
-57.157694 -36.362745 7.819000 
-57.955110 -36.082939 7.284363 
-57.367490 -35.556689 6.669739 
-58.136748 -35.393842 6.051901 
-58.229828 -34.399985 6.111771 
-58.718895 -33.566041 6.367407 
-59.233090 -32.973021 5.747785 
-58.849218 -32.050573 5.789395 
-58.077248 -32.267789 5.192001 
-57.185337 -31.827693 5.088033 
-57.102519 -31.125587 4.380793 
-57.332917 -30.779154 3.471452 
-57.504565 -30.719299 2.488114 
-57.207950 -29.834491 2.128761 
-57.179897 -28.844743 1.988721 
-57.257244 -29.298435 1.100926 
-57.033723 -28.462353 0.599920 
-56.375514 -27.710668 0.558333 
-56.843938 -27.216648 -0.174145 
-57.775499 -27.188348 -0.536626 
-58.715319 -27.529948 -0.529656 
-59.504935 -28.137996 -0.447284 
-59.959011 -28.340119 -1.315017 
-59.152872 -27.755589 -1.407009 
-59.740959 -26.953706 -1.512543 
-60.577421 -27.196912 -2.003645 
-60.390996 -26.219805 -1.901140 
-60.074319 -25.714538 -1.098381 
-59.121156 -25.484954 -1.295285 
-59.163779 -25.972541 -0.423252 
-58.724670 -25.183091 0.005645 
-57.738346 -25.030151 0.067066 
-57.561359 -26.011793 -0.004035 
-56.828093 -25.618133 -0.558429 
-57.073001 -26.377841 -1.160811 
-57.232884 -26.479996 -2.142647 
-56.700288 -26.684218 -2.964008 
-57.564698 -26.688224 -3.466779 
-58.375173 -26.164443 -3.729046 
-58.334593 -26.392759 -2.756305 
-58.905737 -27.193547 -2.575936 
-58.401185 -28.002012 -2.878940 
-58.629852 -27.321081 -3.574673 
-59.114139 -27.629446 -4.393439 
-58.268756 -27.195602 -4.705059 
-58.594665 -26.607689 -5.445424 
-57.840435 -25.951117 -5.438386 
-56.843109 -26.012789 -5.477613 
-56.931216 -25.107702 -5.893611 
-56.063966 -25.172753 -5.400007 
-55.405666 -25.252942 -6.148480 
-55.461539 -25.207509 -7.145884 
-55.199423 -25.935842 -7.778993 
-55.092526 -26.436276 -8.638143 
-54.387920 -26.892907 -8.094988 
-53.610319 -26.397900 -7.707295 
-53.861718 -25.430559 -7.674912 
-54.309421 -24.563446 -7.893265 
-55.065957 -24.187800 -8.428562 
-55.046367 -23.321374 -7.929642 
-54.437450 -22.664923 -7.484341 
-53.669134 -23.179374 -7.103511 
-53.433200 -23.608446 -6.231598 
-44.279019 67.941627 1.993603 
-45.228410 67.724553 2.220618 
-45.250051 68.628362 1.793230 
-45.179179 68.762022 0.804740 
-46.107987 69.129255 0.854295 
-47.042511 68.773686 0.869658 
-46.961086 67.848703 1.240840 
-46.370991 68.520964 1.687889 
-46.475707 67.721187 2.278982 
-46.094902 68.333821 2.971563 
-46.922932 68.217937 3.520141 
-47.361302 67.427477 3.092349 
-47.576415 67.014601 3.977369 
-47.951362 67.927099 4.140964 
-47.905719 68.628193 3.429358 
-48.260602 69.562798 3.453263 
-47.584568 69.531466 2.717058 
-46.926877 70.046677 3.266605 
-47.268886 70.942029 2.981343 
-47.186634 71.904324 2.722069 
-46.703673 71.216493 2.180185 
-46.233197 70.341558 2.065553 
-45.513166 69.942668 2.633392 
-44.751111 69.912422 1.986587 
-45.089299 70.424684 1.197146 
-44.525814 69.676595 0.846650 
-43.965348 70.222751 0.224083 
-44.621782 70.974320 0.158974 
-43.823009 71.392529 -0.273534 
-43.338237 71.237240 -1.134279 
-43.796056 71.547815 -1.967312 
-44.674388 71.256749 -2.346541 
-44.388847 70.335613 -2.611068 
-43.547765 69.910545 -2.945581 
-43.860949 68.977746 -2.767250 
-43.955024 68.434480 -1.932977 
-42.957583 68.438364 -2.004355 
-42.854370 67.778558 -2.748669 
-41.855874 67.741370 -2.788948 
-41.299044 66.950106 -3.041619 
-41.318908 66.045419 -3.467231 
-41.671177 66.765228 -4.065379 
-41.968760 67.062718 -4.972542 
-41.129265 67.045831 -5.515648 
-40.146820 67.214979 -5.594320 
-39.740058 66.520513 -6.187836 
-40.353942 65.739064 -6.299570 
-39.455585 65.306166 -6.225043 
-40.225152 64.675921 -6.327789 
-40.590658 63.934856 -6.891019 
-40.886509 63.415956 -6.089013 
-41.438640 63.344831 -6.919732 
-41.348474 62.348941 -6.911202 
-40.445945 62.753431 -6.763455 
-39.479176 62.891029 -6.547994 
-39.663864 63.789121 -6.148844 
-38.932748 64.119033 -6.746028 
-38.194239 64.735492 -6.472932 
-37.284615 64.324769 -6.535309 
-36.647509 64.579737 -7.262693 
-36.302676 65.511971 -7.372376 
-37.184978 65.527171 -6.901938 
-37.605627 65.512454 -5.994834 
-37.182015 65.338697 -5.105811 
-36.778554 66.161405 -5.506274 
-36.215214 65.889307 -6.286409 
-36.365168 66.862799 -6.459112 
-37.309877 66.972919 -6.150244 
-47.397419 11.270527 13.166003 
-46.520132 11.568064 13.542618 
-45.692363 11.025856 13.398363 
-45.406281 11.123429 12.445139 
-45.533275 10.273455 11.933849 
-46.184423 11.014070 11.768029 
-47.088272 10.915700 11.351638 
-47.512516 11.438500 12.091028 
-47.436900 12.368667 12.450295 
-47.941255 12.615507 11.622831 
-47.122177 12.643566 11.049835 
-46.909770 13.620520 11.028783 
-46.781238 14.490167 10.552132 
-47.622011 14.889645 10.186730 
-47.704075 14.822530 9.192366 
-48.579163 14.539879 9.585212 
-49.163287 14.986260 8.907315 
-49.967427 15.577753 8.848200 
-49.894128 15.736094 9.832860 
-50.338168 15.787083 10.727415 
-50.088586 16.733240 10.521268 
-50.405250 16.706088 9.573119 
-51.383699 16.499600 9.574106 
-52.382407 16.544663 9.597581 
-53.256292 16.774813 10.025783 
-53.640774 15.914976 10.361717 
-53.903989 16.627409 11.012222 
-53.322453 17.413007 10.800913 
-53.592557 18.124410 10.152107 
-53.688906 18.452660 11.091771 
-54.627144 18.561798 11.420097 
-55.216633 19.127590 11.996623 
-55.608839 20.041098 11.888558 
-56.508132 20.107362 11.456262 
-57.351753 20.644229 11.465080 
-57.712553 19.819300 11.900183 
-57.990388 19.862892 12.859823 
-58.539852 20.696110 12.921768 
-57.740911 21.285092 12.800141 
-57.136672 21.464999 12.023914 
-56.137848 21.443205 11.980592 
-55.905014 21.438293 12.953096 
-55.993829 20.857539 13.762316 
-56.080168 21.171626 14.707776 
-55.379217 21.830243 14.981438 
-54.709673 22.254474 14.371734 
-53.876146 22.784188 14.528695 
-53.097017 22.386173 14.044400 
-52.513952 22.522273 14.845344 
-52.719403 21.569296 15.068109 
-53.465251 21.421389 14.418621 
-53.770847 20.908798 13.616211 
-52.828177 20.578831 13.566259 
-53.404569 20.548165 12.749661 
-54.039886 21.091084 12.200470 
-54.926602 20.797173 12.557332 
-54.322491 20.004949 12.643524 
-54.383757 19.278077 13.327560 
-53.537010 19.106355 12.824041 
-53.264748 18.454214 12.116520 
-52.285559 18.260793 12.177986 
-51.562416 17.636233 12.472922 
-50.872232 17.003306 12.122136 
-51.574877 17.006796 11.410604 
-51.398386 16.134714 11.867030 
49.917781 46.464127 32.042403 
49.210323 47.059965 31.662298 
49.381535 47.328598 30.714394 
48.922237 46.496534 30.403404 
49.831951 46.462343 29.989578 
49.478399 47.334186 29.650623 
49.661924 46.968215 28.738273 
50.396439 46.387805 29.089857 
50.060861 46.089349 28.196375 
50.456289 46.951530 27.879706 
51.155857 47.164446 27.197597 
51.095267 47.785967 27.978648 
50.569361 48.444207 27.439998 
49.676987 48.353661 26.997879 
49.123304 49.166585 27.178406 
49.687794 49.841291 27.653931 
49.013837 49.891570 28.390990 
48.708197 50.836671 28.275372 
48.789332 51.615410 27.653293 
49.129778 52.246628 26.956399 
48.713003 53.155043 26.989281 
49.216185 52.963635 26.146564 
49.905672 53.685378 26.085764 
50.455951 54.473504 25.809994 
51.014815 53.722408 25.458531 
51.485476 52.988018 24.969501 
50.745310 53.119414 24.310040 
50.577265 54.098159 24.427595 
50.047266 53.478245 25.006222 
49.319413 53.084723 24.444643 
49.309418 52.210272 23.959631 
49.191051 51.393518 23.394917 
48.342241 51.237657 23.900119 
48.227600 52.171689 23.561828 
47.284942 51.864975 23.693446 
47.377732 51.456410 24.601447 
47.906801 52.274486 24.826917 
47.394441 52.853176 25.461428 
47.915726 52.168313 25.970569 
48.120919 52.290405 26.941646 
47.715229 52.622130 27.793335 
47.231637 53.372168 28.244536 
46.645465 53.742543 27.523963 
45.850914 54.220372 27.149306 
46.310904 54.902089 26.580385 
46.860042 55.723579 26.734020 
46.938054 55.985665 27.695906 
46.115585 56.535232 27.549210 
45.804760 55.763228 28.103644 
45.341039 55.194676 27.424151 
44.396458 55.478152 27.258602 
44.653463 55.799860 26.347311 
44.943800 55.196917 25.604233 
45.891827 54.882542 25.653349 
46.113658 55.027014 24.689026 
46.171127 56.019216 24.578426 
45.268449 56.448599 24.550067 
45.565155 56.559924 25.498525 
44.821194 57.029861 25.973583 
44.777134 57.959213 26.340140 
45.440890 57.415238 26.853482 
46.133418 58.136304 26.831826 
46.307303 58.885031 26.192161 
46.811118 59.496685 25.582203 
47.805315 59.460618 25.683551 
47.532628 59.893086 24.824124 
46.715197 60.148517 24.307828 
47.352059 59.828685 23.606318 
46.726418 60.310620 22.992875 
11.283381 25.178027 -7.997997 
10.344822 25.148215 -8.341827 
10.251536 24.222499 -7.975291 
10.774301 23.436517 -7.645217 
11.339278 22.612035 -7.613114 
10.593150 22.559521 -6.949386 
9.893906 23.197861 -6.627547 
10.457195 23.486517 -5.853350 
11.214583 24.101630 -6.072440 
10.989514 24.454117 -5.164092 
11.786640 24.899504 -5.571792 
12.144354 25.781428 -5.264789 
11.732652 26.681643 -5.122960 
10.840198 26.235209 -5.187952 
11.162124 25.734124 -4.384660 
10.992939 25.329937 -3.485767 
11.648958 24.875746 -4.088553 
12.384581 24.551303 -3.493915 
12.465820 25.531651 -3.314143 
12.069580 25.868884 -2.460171 
11.181753 26.271669 -2.237623 
10.345243 26.812970 -2.152512 
9.651458 26.693494 -1.442309 
8.685724 26.572728 -1.212587 
8.671523 27.535189 -0.941539 
9.164429 28.193236 -0.372313 
9.315274 28.056418 0.606731 
8.928239 27.295055 0.086605 
9.755195 26.856923 0.439002 
10.116072 26.892298 1.370944 
10.078052 26.112388 1.995680 
10.380772 25.955851 2.935817 
10.109080 25.037783 2.647138 
10.538211 24.514415 1.910979 
10.428284 24.023674 1.046635 
9.756212 24.664306 0.675272 
9.939019 24.709351 -0.306844 
10.356112 23.919375 -0.756257 
9.468641 23.468455 -0.851468 
8.590510 23.082840 -0.568293 
7.967412 23.860038 -0.480485 
7.803974 23.967249 -1.461196 
8.792027 23.885818 -1.592037 
9.449201 23.248798 -1.994938 
9.437530 22.253428 -2.090343 
8.798936 22.584803 -2.784886 
8.303338 21.880475 -2.276648 
8.401359 21.707673 -3.256715 
8.354528 22.560215 -3.777271 
7.531945 22.664902 -3.218346 
7.633337 23.353075 -3.936773 
7.802042 24.286206 -3.619275 
7.544968 23.827400 -2.768740 
7.295610 24.719563 -2.392087 
6.478039 25.284054 -2.505778 
6.884471 26.191353 -2.397974 
6.811850 26.534324 -3.334508 
6.071893 27.202947 -3.260966 
5.716413 27.902334 -2.640892 
5.147157 27.663852 -1.854079 
5.331593 26.802050 -1.381553 
6.276353 26.499931 -1.254465 
6.401736 27.145334 -2.007946 
7.083439 27.847647 -1.802917 
57.070381 -42.129173 -20.202097 
56.107900 -42.320608 -20.009786 
55.776451 -42.909093 -20.747231 
54.792132 -42.809192 -20.601846 
54.180128 -42.981098 -19.829901 
53.186564 -42.869058 -19.813198 
53.327751 -43.750762 -19.363014 
53.643768 -44.325313 -18.608015 
52.875489 -44.964947 -18.583212 
51.995791 -44.997742 -18.108810 
51.877885 -44.568512 -17.213344 
52.100386 -43.603752 -17.353808 
51.186118 -43.630043 -16.949552 
50.566586 -42.850130 -17.038518 
50.239307 -43.176362 -16.151691 
49.451766 -42.951925 -15.577751 
48.814805 -42.673424 -14.858920 
48.114366 -41.985574 -14.668532 
48.807535 -41.517825 -15.216918 
49.220897 -40.815455 -15.796408 
49.814983 -41.119061 -16.541314 
49.987765 -40.351906 -17.159067 
50.614548 -39.862156 -16.553023 
50.061412 -39.037744 -16.433080 
50.935663 -38.598929 -16.640749 
50.474747 -38.517805 -17.524477 
49.631586 -38.101821 -17.183835 
48.866148 -37.972405 -17.814196 
49.196036 -38.915812 -17.780175 
48.381919 -38.871805 -17.201143 
47.505680 -38.905701 -17.681825 
46.552298 -38.988156 -17.391541 
46.559208 -38.983084 -16.391577 
46.877405 -38.129876 -15.978314 
46.022043 -37.777144 -15.598925 
46.168173 -36.894463 -16.045601 
46.550672 -36.178409 -15.461682 
46.493774 -36.492321 -14.513937 
46.922832 -37.284929 -14.080715 
47.637383 -36.978686 -13.451722 
48.029771 -36.395071 -12.740789 
48.346581 -35.976484 -13.591916 
49.163794 -35.407847 -13.498025 
48.944406 -34.668371 -12.861595 
48.606048 -34.027954 -12.172117 
48.943944 -33.110409 -12.381732 
49.648248 -33.558812 -12.932088 
49.198167 -33.390636 -13.809097 
48.952662 -32.772471 -14.555822 
48.506923 -31.879900 -14.623899 
47.551427 -32.174820 -14.631026 
47.864280 -31.925193 -13.714615 
46.874494 -31.981636 -13.845527 
46.667860 -31.011321 -13.971186 
45.770471 -31.445546 -13.892819 
45.210629 -30.882332 -14.500575 
45.851745 -30.797024 -15.263263 
45.982380 -31.782518 -15.154932 
45.064157 -32.106383 -14.926945 
45.373637 -33.015617 -15.205362 
44.400875 -33.246866 -15.189332 
44.066141 -33.745341 -15.989005 
43.294704 -34.363173 -16.141215 
38.581781 13.870527 -16.626597 
39.419635 13.564901 -16.174277 
39.959362 12.768741 -16.447817 
40.278420 12.947254 -15.517046 
40.314957 12.023174 -15.136598 
40.100980 11.123060 -15.516085 
40.793607 10.486744 -15.855746 
41.121549 10.201014 -14.955294 
42.013424 9.800817 -15.166011 
42.865482 10.303751 -15.020908 
42.304968 10.484075 -14.212633 
41.948562 9.597421 -13.917982 
41.282503 9.386465 -13.202536 
40.877973 9.458214 -14.114242 
39.902208 9.599778 -14.281100 
39.408185 10.316901 -13.789495 
39.430912 10.987355 -13.047892 
40.245232 10.419178 -13.166458 
40.436116 11.380559 -13.364728 
39.770915 11.367162 -14.111272 
39.864542 12.353284 -14.248375 
39.250871 13.124421 -14.417947 
38.402370 12.845966 -13.967938 
38.350952 12.176228 -14.708753 
37.697581 12.331445 -15.449708 
37.527890 13.305986 -15.596248 
36.934633 13.950694 -16.078324 
37.341356 13.998283 -16.990635 
37.544927 13.459982 -17.808432 
38.189920 12.713327 -17.971192 
37.866354 12.949054 -18.887565 
38.462935 13.617635 -18.443616 
38.312351 14.273431 -17.703847 
38.507284 15.114981 -18.207627 
38.329746 14.807191 -19.142370 
38.863248 14.792227 -19.988036 
39.062908 15.771795 -19.963876 
38.308186 15.505988 -20.563661 
37.324754 15.425405 -20.401282 
37.760036 14.625313 -19.988507 
37.126300 13.861769 -19.864498 
36.601235 13.067053 -20.169020 
35.996125 13.212013 -19.386187 
35.036499 13.378835 -19.612659 
34.258164 13.239067 -19.000565 
34.828302 13.041895 -18.203027 
34.547772 13.695757 -17.500341 
34.032444 12.838839 -17.511693 
33.347000 13.383804 -17.994580 
32.498164 13.603352 -17.513667 
31.511478 13.443658 -17.482877 
31.573276 14.252149 -18.068132 
32.132602 15.054755 -17.860821 
32.733100 15.305669 -17.101582 
33.386850 15.370549 -16.347658 
32.925845 14.726010 -15.737704 
33.629538 15.114516 -15.142825 
33.246017 16.034941 -15.067139 
32.706920 16.850159 -14.855492 
32.678755 17.720435 -15.347251 
33.260649 18.370025 -14.857934 
33.810398 18.753403 -15.600091 
33.917176 17.967671 -16.209372 
-5.425459 39.096527 51.623403 
-5.203867 38.499522 50.852376 
-6.089571 38.216891 51.220679 
-7.016232 37.884202 51.395661 
-6.910950 37.721960 52.376779 
-6.983717 36.940751 52.996794 
-6.941337 36.029106 53.405580 
-6.290211 35.396333 53.824668 
-5.343165 35.157498 54.039287 
-5.657649 34.240561 53.793676 
-6.194906 34.159855 52.954127 
-6.985514 34.767386 52.877681 
-7.566126 34.091539 52.423676 
-8.238969 34.821320 52.302419 
-7.590345 35.525386 52.591519 
-6.743969 35.405671 52.072563 
-5.993155 35.752508 51.510440 
-5.588245 36.399230 50.864066 
-6.341724 36.645041 50.254274 
-5.765505 37.453774 50.372270 
-6.041468 37.489228 49.411756 
-6.119374 38.361267 48.928558 
-6.347339 38.013528 48.019102 
-7.265103 38.193625 48.373044 
-7.429057 37.722365 47.506423 
-7.831167 38.357241 46.846696 
-8.719294 38.785172 46.679053 
-9.608751 39.192076 46.887130 
-10.120094 38.494642 46.385021 
-9.644500 38.809777 45.563742 
-10.297490 38.627638 44.828603 
-10.944625 39.388424 44.877815 
-11.645824 40.058455 45.121491 
-12.480398 40.608155 45.157775 
-11.925777 41.143470 45.794825 
-11.169641 40.778194 46.337809 
-11.367291 41.491214 47.010518 
-11.867138 42.088058 46.382880 
-12.555333 42.615170 45.884341 
-13.463664 42.785007 45.502123 
-14.250179 42.549342 44.931285 
-13.931679 41.815138 44.331700 
-13.882893 41.226591 45.138690 
-14.121734 41.260197 46.109167 
-13.905499 40.285126 46.158968 
-13.778896 39.473421 45.588787 
-14.369263 39.993675 44.971694 
-14.954762 39.231708 44.694932 
-14.217497 38.581143 44.512708 
-13.540587 37.847075 44.566912 
-13.802642 36.929234 44.268760 
-14.651301 37.184345 43.805407 
-15.204726 37.242865 42.974567 
-15.556569 38.004835 42.430867 
-16.324602 38.295541 41.860241 
-17.061221 38.788467 41.397188 
-17.578229 38.237266 42.052078 
-17.641724 37.798321 41.155810 
-17.539236 36.862739 41.493717 
-16.693193 36.810883 40.963130 
-17.476009 36.247264 40.699439 
-18.442633 35.995467 40.652146 
-19.368103 35.813399 40.984343 
-20.109242 36.461937 40.810814 
-20.694510 35.677907 41.017595 
-20.482411 34.732731 40.769289 
31.815381 -56.000673 11.430203 
31.612652 -55.537451 10.567459 
31.735451 -54.637182 10.149803 
32.540884 -54.112133 9.874845 
33.507017 -54.302184 9.700298 
33.233964 -54.453205 8.750227 
34.214843 -54.260861 8.720558 
35.074157 -54.512846 8.275494 
34.750628 -54.322431 7.348634 
34.270235 -54.996268 6.787237 
33.432006 -55.105616 7.321481 
33.159918 -55.909074 6.791930 
32.743084 -56.202993 5.931779 
33.034169 -56.963865 6.511730 
34.008239 -56.761388 6.410777 
33.651570 -57.629664 6.065981 
33.061019 -58.058854 5.382573 
33.687621 -58.504425 4.743170 
34.130610 -59.290564 4.312187 
34.976853 -58.959522 3.894713 
34.737053 -58.215728 3.270800 
35.101846 -57.288909 3.181742 
34.488697 -56.719544 3.729347 
35.043989 -56.655004 4.558494 
35.312617 -55.711905 4.362527 
35.664078 -55.307756 3.518052 
35.565520 -54.318623 3.627144 
36.519484 -54.536876 3.832858 
37.207259 -54.728674 4.532986 
37.010720 -55.173494 5.406775 
37.651585 -55.657224 4.810707 
37.263293 -56.481800 5.222173 
37.178084 -56.599820 4.232824 
36.278339 -56.315958 3.901344 
36.251593 -56.050525 2.937586 
35.443707 -56.030346 2.348592 
34.889118 -55.394741 2.885655 
34.978218 -54.403932 2.783886 
35.689463 -54.158931 2.125019 
35.525766 -53.429055 2.788708 
35.809796 -52.494965 3.005050 
35.238840 -52.408138 2.188673 
36.095889 -52.919032 2.121938 
36.731526 -53.077926 1.366478 
37.565217 -53.396790 0.915607 
38.199829 -53.960024 1.444790 
38.756478 -53.427345 2.082281 
38.652833 -53.113178 3.025975 
38.829964 -52.356738 2.396353 
38.751561 -51.939699 1.490853 
38.358988 -51.564454 0.651164 
38.648352 -50.885624 -0.023713 
38.169421 -50.865956 -0.901345 
38.765457 -50.829354 -1.703469 
39.598536 -51.145979 -2.157040 
12.500881 -22.295193 -50.516197 
12.737869 -22.848021 -49.717312 
13.206837 -21.984850 -49.530212 
13.641471 -21.131090 -49.816893 
12.780553 -21.041759 -50.317734 
12.833345 -20.686434 -51.250985 
12.513611 -20.009098 -51.913546 
11.649652 -19.744133 -51.485331 
12.138928 -19.011564 -51.958567 
12.664617 -18.381924 -52.530584 
12.417494 -19.280748 -52.892585 
13.091213 -19.255371 -53.631137 
13.644732 -20.071710 -53.466190 
13.599312 -20.548060 -54.344272 
12.732202 -20.171188 -54.669984 
12.957836 -19.463582 -55.339597 
12.412873 -18.688461 -55.659289 
13.343852 -18.373040 -55.843103 
13.732778 -19.259500 -56.093954 
14.342626 -19.541731 -55.353392 
15.043481 -19.382878 -56.048782 
15.328414 -18.769047 -56.785005 
14.738788 -18.859489 -57.587602 
15.314926 -19.662502 -57.435173 
15.037398 -19.974113 -58.343951 
14.269096 -20.097708 -57.715910 
13.948183 -20.315028 -56.794071 
14.360291 -21.224706 -56.742563 
14.345315 -21.149621 -55.745499 
15.122164 -20.871515 -55.180554 
15.016348 -20.062867 -54.601855 
15.646001 -19.438423 -54.139679 
16.184000 -20.101330 -54.660363 
16.797287 -19.988300 -53.878632 
16.480433 -19.175654 -53.389541 
17.237678 -19.681195 -52.976010 
17.214029 -18.838322 -52.438417 
16.288489 -18.463314 -52.386026 
16.511517 -18.493011 -51.411666 
17.159493 -18.422838 -50.653245 
17.302034 -19.171333 -51.300885 
18.004108 -19.629468 -51.846050 
18.224633 -18.654489 -51.818036 
17.791056 -17.792427 -51.555624 
17.957706 -16.852527 -51.257604 
17.539811 -16.302817 -51.980917 
16.817116 -16.283995 -52.671828 
16.067675 -16.824915 -52.290065 
15.651734 -15.970279 -51.979277 
15.913691 -16.432229 -51.131940 
15.491001 -15.562238 -50.878071 
15.331075 -16.126713 -50.068261 
-14.373819 -30.996553 -6.061597 
-14.302362 -30.452111 -5.225848 
-14.381183 -29.632849 -5.793824 
-14.429236 -28.979678 -5.038140 
-13.839308 -28.975166 -4.230697 
-14.018003 -29.474199 -3.382738 
-13.044808 -29.686322 -3.471588 
-12.639899 -29.744040 -2.559055 
-11.933438 -30.422409 -2.357242 
-11.274066 -29.905839 -1.810997 
-10.293748 -29.712675 -1.851788 
-10.565854 -28.763356 -1.694461 
-11.005221 -28.225584 -0.974907 
-11.218113 -29.202218 -1.004275 
-11.695318 -29.677764 -0.265267 
-12.324278 -29.559462 -1.033651 
-12.838608 -28.701890 -1.027749 
-12.914974 -29.334377 -0.256952 
-13.432786 -30.133804 0.047658 
-13.341577 -29.400069 0.720945 
-13.268585 -29.093922 1.670126 
-13.915501 -29.625727 2.216646 
-14.707868 -29.125588 1.867341 
-15.306604 -28.893546 2.633939 
-15.222042 -29.721573 3.188213 
-15.162040 -30.667252 3.507730 
-14.568679 -30.539875 4.302524 
-13.882940 -31.252075 4.452633 
-13.860690 -32.240584 4.303117 
-14.101992 -32.838235 3.538535 
-14.640994 -33.671212 3.663545 
-14.177903 -34.527071 3.893873 
-14.426176 -35.199867 4.590800 
-14.919801 -35.599217 5.363363 
-14.507108 -35.324391 6.231784 
-13.908033 -35.606970 6.980956 
-14.049992 -36.525420 6.611769 
-14.742352 -36.431409 5.896368 
-14.272525 -37.223221 5.506117 
-13.955622 -36.405516 5.025563 
-14.215380 -36.525516 4.067374 
-13.959825 -35.636189 3.688178 
-14.005319 -35.785893 2.700494 
-14.293992 -36.724360 2.510894 
-15.122441 -36.181748 2.649621 
-16.076036 -35.999560 2.409906 
-16.985669 -36.221995 2.760746 
-17.090934 -35.230088 2.689755 
-17.678381 -35.269535 1.881454 
-18.204501 -35.164973 2.725412 
43.079081 -14.415473 43.434403 
42.828301 -14.582276 44.387968 
42.225412 -15.091422 43.773724 
41.403671 -14.540897 43.920907 
41.468714 -14.967756 43.018931 
42.078617 -14.364849 42.504616 
41.940642 -13.471534 42.932344 
42.765792 -12.929776 43.092426 
43.437229 -13.165968 43.794840 
44.309983 -13.236135 44.277931 
44.837599 -13.855336 44.859492 
44.556765 -14.486386 44.136368 
44.759289 -15.404312 43.795201 
45.264446 -15.876579 44.517544 
45.361365 -16.772331 44.083683 
44.930178 -17.422286 44.709491 
44.412898 -17.910166 44.006359 
44.329888 -17.563046 43.072219 
44.748554 -18.467666 43.152104 
44.093160 -19.218859 43.073559 
44.411924 -19.677681 42.244178 
44.441191 -20.284048 43.038824 
43.911051 -20.399495 43.878838 
44.091809 -21.271682 44.333389 
44.515132 -22.079441 44.743661 
44.159464 -22.313260 45.648553 
43.191355 -22.483430 45.832425 
42.289526 -22.434062 45.403162 
42.566249 -21.473115 45.405461 
42.253023 -21.504627 44.456306 
41.376212 -21.179932 44.810953 
41.459746 -21.561851 45.731366 
40.821366 -22.172987 46.199323 
40.451709 -22.833201 46.853136 
39.587248 -22.856182 47.355309 
39.128890 -23.564492 47.892157 
39.408503 -24.255730 47.225819 
39.521873 -25.232253 47.408985 
38.743467 -24.981140 47.984335 
37.754492 -24.840890 48.031842 
37.738047 -23.842453 48.085267 
37.855692 -23.108157 48.753824 
37.165776 -23.316707 49.447022 
36.983833 -23.459876 50.419853 
37.385203 -24.260177 50.865297 
38.202002 -24.836118 50.831646 
38.010772 -24.809046 51.812818 
37.089661 -24.433976 51.917107 
57.997381 37.279327 74.173603 
58.051375 37.637615 73.241554 
58.528640 38.516143 73.261715 
57.982808 38.770356 74.060116 
58.419091 39.002898 74.929358 
57.969682 38.320206 75.505521 
57.890474 38.909743 76.309370 
58.269846 39.827277 76.428565 
58.397727 40.537802 77.120519 
58.756571 41.353477 76.666752 
58.420908 42.248717 76.959799 
57.704899 42.946172 76.930034 
57.083975 42.226709 76.618865 
57.030648 41.277777 76.307926 
57.873468 41.515804 75.825228 
58.404314 40.773863 75.415685 
59.275745 40.439886 75.774944 
59.888715 40.828142 75.086811 
59.491549 40.384309 74.283523 
59.518384 40.590343 73.305346 
59.407792 40.614379 72.311771 
60.212054 41.058463 71.916862 
59.605945 41.725039 72.350810 
60.065319 42.611173 72.289638 
60.606637 42.951800 71.520907 
60.797953 43.782894 70.998718 
61.162519 44.600082 71.445143 
61.803441 44.693165 72.207084 
62.259650 44.268593 72.989140 
61.440507 43.717785 73.149185 
62.034660 43.185499 72.546147 
61.804028 43.281222 71.577826 
66.230481 2.182527 16.088603 
66.998003 1.588615 16.329806 
66.571246 0.773489 16.721531 
66.795164 1.049834 17.656140 
67.676220 1.306884 17.259070 
68.469701 1.867355 17.021879 
69.246477 2.475669 17.184895 
69.264107 3.394821 16.791387 
69.563913 3.974125 16.033413 
69.169734 4.876754 16.206283 
68.437480 5.448736 16.575932 
69.049851 6.023237 16.032838 
68.631846 6.454506 16.832388 
67.927505 6.918444 17.369663 
67.234865 6.649102 16.700556 
67.011662 7.606324 16.516422 
66.932506 7.942399 15.577919 
66.893442 8.617360 16.314736 
66.215244 8.761448 15.594121 
65.836284 9.650131 15.335988 
65.236447 9.177591 15.981667 
65.941534 9.425132 16.646179 
66.696609 9.291270 17.288007 
67.592934 8.850828 17.236903 
68.113802 8.088329 17.620690 
68.844093 8.729229 17.384213 
69.060363 9.466730 16.744432 
68.741690 9.961453 15.935917 
68.333151 10.725672 16.434980 
67.465178 10.235726 16.353899 
66.933971 9.721337 15.680680 
67.835508 9.948088 15.312150 
67.829620 10.699856 14.652748 
68.448030 10.942758 15.400122 
69.309029 10.903348 15.907200 
70.106470 10.440072 15.520597 
70.417188 11.066369 16.235583 
71.023214 10.688701 16.935654 
71.886621 10.210921 17.097684 
71.890609 9.214075 17.018418 
72.813184 9.556692 16.841024 
73.321983 10.415080 16.775498 
74.123477 9.817132 16.783549 
74.443083 9.020508 16.270478 
75.342512 8.916680 15.845921 
76.089013 9.447723 15.445011 
76.599733 8.924531 14.762783 
76.549640 8.136145 15.375920 
77.454347 8.537669 15.233499 
78.188609 7.975663 14.852699 
78.101946 7.037042 15.186585 
78.840956 6.570700 14.700386 
78.733975 6.136276 13.806054 
78.159325 5.703851 14.500883 
77.161319 5.687608 14.439885 
77.413013 4.919389 15.028520 
76.443627 5.160119 15.076901 
76.637243 4.181648 15.148375 
76.786384 3.487724 15.852808 
77.246317 3.175368 16.684010 
77.822847 2.358347 16.674539 
77.642640 2.565691 17.636066 
78.202400 2.067917 18.298553 
77.918956 2.926570 18.725607 
77.872195 3.783843 19.238342 
77.632487 4.729444 19.458292 
77.985695 5.662947 19.396520 
78.710857 5.714599 18.709881 
79.137109 4.816183 18.815508 
80.073349 4.945994 19.142011 
79.918194 5.110312 18.167882 
80.237600 4.200521 18.432948 
80.686678 3.590553 19.085840 
79.730487 3.640752 19.374248 
78.819976 3.944710 19.654565 
78.803966 2.967969 19.440739 
78.887358 2.209245 20.086791 
78.911791 1.486431 19.396180 
79.435983 0.640710 19.296285 
80.185615 0.134127 18.870344 
80.829385 0.890383 18.987121 
81.457254 1.138415 19.724862 
80.970931 0.607790 20.419072 
81.296442 1.046513 21.256667 
82.094371 1.619487 21.443779 
82.506036 2.500741 21.675991 
82.671408 3.480613 21.787811 
83.367097 4.156728 21.545148 
84.045293 4.765162 21.957287 
84.666269 5.392127 21.486858 
Snapshot 5000 45.439749
-0.379055 -2.657239 1.991499 
-1.214920 -1.791037 0.807636 
-1.666101 -1.915922 -0.212643 
-1.633291 -2.690670 -1.111403 
-1.073555 -2.120608 -2.477968 
-1.550866 -2.201372 -2.261966 
-1.011443 -3.171981 -1.918143 
-0.677110 -3.592829 -0.741946 
-0.225037 -4.008862 0.089318 
-1.433758 -3.411918 0.115864 
-2.369169 -2.422500 0.503922 
-2.282397 -2.074794 -0.292367 
-1.534421 -2.706193 0.153291 
-0.723069 -2.867223 0.254520 
-0.022097 -2.850652 0.291000 
-0.728208 -2.876446 -1.014620 
0.654570 -3.026194 -1.676667 
0.483254 -3.724254 -1.096854 
-0.592590 -4.081790 -0.746959 
-1.672134 -3.415487 -1.496958 
-2.239187 -2.631818 -1.425729 
-1.670527 -3.258814 -0.881800 
-1.424024 -3.715113 -0.814768 
-2.099547 -3.353572 -0.838774 
-1.052352 -3.779608 -1.533453 
-0.651923 -3.741707 -2.017219 
0.068197 -3.861985 -1.449266 
0.841365 -3.395116 -1.021065 
0.465354 -3.337433 -1.232312 
-0.224139 -2.313099 -2.087724 
-1.228930 -0.969204 -2.048230 
-0.829082 -0.549453 -2.147854 
0.057392 -1.023471 -2.687695 
0.510971 -1.730980 -2.943369 
0.349516 -2.094051 -2.187982 
0.354919 -2.943375 -2.196981 
-0.800288 -3.158364 -2.402020 
-1.328295 -2.576366 -2.803849 
-1.702293 -2.895502 -3.671349 
-0.950038 -2.142978 -4.829463 
-0.674815 -1.414432 -5.198588 
-0.934613 -0.646434 -5.220069 
-1.328786 -1.803483 -5.743907 
-1.292656 -2.745568 -4.358547 
-0.527919 -1.862233 -2.936157 
0.170035 -0.469205 -2.838596 
0.568556 -0.082779 -3.669265 
-0.322327 -1.045083 -3.669279 
-0.421873 -1.330778 -4.198408 
-1.192043 -2.884971 -4.937046 
-1.059757 -2.540704 -5.611108 
-1.563814 -2.112973 -5.641175 
-2.438625 -1.210555 -5.958561 
-3.600806 -0.252890 -5.408950 
-2.866810 0.045671 -5.444750 
-2.543102 -0.789357 -5.760073 
-3.392508 -0.861732 -5.238960 
-3.284211 -0.012780 -5.294615 
-2.219434 -0.428732 -5.839308 
-2.032044 -0.337675 -5.858835 
-2.481128 -0.041638 -5.518403 
-3.062934 -0.282876 -4.790222 
-3.647472 0.052566 -3.828583 
-3.891820 -0.086091 -4.289227 
-3.738724 -0.062614 -4.706724 
-2.076154 0.026356 -4.420846 
-2.123715 0.354681 -4.252762 
-2.193002 0.209816 -4.919039 
-1.794155 -0.665987 -5.075483 
-1.857194 -1.145241 -3.728045 
-0.620553 -0.982416 -4.190699 
-0.727626 -0.111275 -3.628404 
-1.596510 -0.265478 -2.949707 
-2.605853 0.311129 -3.693329 
-2.379518 0.390189 -3.493338 
-2.003677 -0.305571 -3.043538 
-1.316122 0.018092 -3.556281 
-1.189973 0.025591 -4.265494 
-1.457672 -0.471478 -3.633625 
-2.197857 -0.094048 -3.854194 
-2.517005 0.071339 -2.086143 
-3.279028 0.020465 -2.665402 
-3.526712 0.155290 -2.969037 
-2.395075 -0.610639 -2.443045 
-2.823602 -0.598786 -2.520538 
-3.659019 0.093809 -2.861381 
-2.922545 -0.103471 -3.213889 
-2.011218 -1.203690 -1.982734 
-1.232480 -1.290349 -1.563408 
-1.952501 -0.917132 -1.860373 
-2.894278 -1.472428 -0.811318 
-3.386715 -1.318444 -0.567495 
-3.865299 -0.633106 -1.439641 
-3.789400 0.093668 -2.332630 
-2.597973 0.262878 -2.272304 
-2.661934 -0.050466 -3.154994 
-3.172160 -0.431629 -2.169541 
-3.706319 -0.485198 -1.056058 
-3.331775 -0.976270 -1.605320 
-2.869605 -1.003095 -0.548896 
-3.526347 -1.157839 0.299822 
-3.156266 -1.502804 -0.333200 
1.865205 8.168509 0.015599 
1.572327 7.036569 0.752100 
1.117658 6.235060 1.019708 
1.699493 5.651537 2.198211 
2.234981 6.048057 1.263017 
2.281868 5.997368 0.435973 
2.139871 5.316132 0.528184 
2.228829 5.159105 -0.972095 
1.544509 4.586909 -2.045319 
2.579088 4.252062 -1.083739 
3.184591 4.346051 -0.139813 
2.683652 5.270518 0.251706 
2.371669 5.011437 1.390625 
2.941405 3.664177 0.215441 
1.566092 4.123856 -0.395577 
0.344964 5.000106 0.127581 
-1.091202 4.486882 -0.923506 
0.091827 3.907877 -1.223897 
0.974779 4.525693 -0.307394 
0.848588 5.373354 -0.496256 
1.641693 5.129797 -0.051514 
1.209412 6.018887 0.558935 
0.764645 6.032924 0.818967 
0.260020 6.057760 0.540791 
1.564948 5.921444 -0.132694 
2.413094 5.532271 0.227982 
1.869920 5.782622 1.347245 
0.515004 5.690171 1.328125 
-0.029150 5.873069 2.088824 
-0.744039 5.707828 1.781839 
-1.005448 5.565895 2.266180 
0.596228 5.244618 3.120809 
1.094721 5.653809 3.752912 
1.636655 5.479419 4.355092 
1.701018 5.409558 3.028941 
1.679471 5.376490 2.224471 
0.512870 5.060649 1.714987 
1.215888 4.712179 1.704491 
0.210740 4.416155 1.890732 
-0.556863 4.802052 2.951662 
-0.617226 5.200626 3.298890 
0.046928 5.443305 3.134991 
1.465759 5.525680 3.240746 
1.087963 5.145839 3.787342 
0.858380 5.241588 4.301679 
0.174626 5.280477 4.189967 
-0.490636 4.997414 4.031151 
0.386315 4.708570 2.910053 
1.561324 4.486023 2.593949 
1.066104 5.254185 4.134556 
1.231197 5.204519 5.209545 
0.555816 5.317934 5.081355 
0.408368 4.764246 5.164210 
0.855484 4.247627 5.039580 
1.561520 3.705412 4.824453 
1.555797 3.486148 5.240215 
1.472705 4.491037 5.304482 
1.798425 5.250850 4.586626 
2.424927 5.260994 4.494278 
1.579058 4.988257 5.099259 
1.500594 3.795038 5.123581 
1.294421 3.306893 4.409238 
0.990713 2.284945 2.892507 
0.647201 2.408832 4.013322 
0.305947 2.355092 4.945230 
0.783601 2.329722 4.875789 
0.567718 3.894306 4.454473 
0.638291 4.666486 4.172437 
-0.204602 3.361750 4.505808 
0.783171 3.517372 5.567297 
0.462730 3.569141 5.317592 
0.531498 3.202240 5.749253 
0.878998 2.727587 5.425552 
0.749193 1.682610 4.773386 
1.377158 1.663312 4.476052 
1.870348 1.441502 4.853153 
1.594505 1.972290 5.122153 
1.677266 2.160481 5.484350 
1.072982 1.898157 4.187365 
0.094780 2.033149 3.757966 
-0.273393 1.626948 3.724791 
-0.138304 1.100616 2.280412 
-0.000617 1.380148 2.686532 
0.011745 1.481593 3.934536 
0.389096 1.471170 4.323632 
1.684881 0.891411 3.997339 
3.001746 1.156258 3.762078 
1.560175 1.285456 3.313357 
0.382481 1.359906 3.428011 
0.047710 0.746376 3.995848 
-0.426774 0.643630 4.591483 
-0.678173 0.674654 5.232309 
-1.309255 0.752630 4.406532 
-1.766773 0.778207 3.694371 
-1.540513 1.888763 3.639840 
0.110673 1.144419 0.272303 
-1.046550 0.726497 0.533847 
-1.766030 0.035289 1.193052 
-2.316501 -0.740230 0.620345 
-2.426667 0.603425 0.039245 
-2.560541 1.742878 -0.567101 
-2.929734 2.854603 -0.776895 
-2.263570 2.234718 -0.613799 
-1.855584 3.033172 -0.789564 
-1.476601 1.935302 -0.317411 
-1.495388 -0.030817 0.114042 
-1.861933 -0.248677 0.014767 
-1.473231 -0.327279 0.788311 
-1.949343 0.789578 0.467320 
-1.455262 1.426216 -0.856135 
-1.793733 1.689015 -1.723654 
-2.499932 1.565634 -1.127910 
-2.789584 0.537324 -0.842803 
-1.855278 1.028206 -1.871769 
-1.182044 1.486683 -1.423151 
0.094420 2.050995 -0.603092 
1.234042 2.568851 0.803469 
2.541483 2.966515 0.914621 
3.653486 2.913894 0.130895 
3.546529 2.790437 0.942894 
2.831444 2.852517 1.510029 
2.516666 1.820386 1.772299 
2.637509 0.394243 2.437662 
2.449989 -0.694671 2.618360 
3.047262 0.480764 2.451421 
4.214985 1.016631 2.398559 
3.484807 2.062929 1.809962 
2.856900 2.674753 1.153025 
2.075792 2.346600 0.469517 
1.744254 1.313332 0.839437 
1.869487 -0.129590 0.824272 
1.811629 -1.450225 0.307586 
2.036796 -1.900427 0.659470 
1.732710 -1.873362 1.496364 
2.305041 -1.369980 2.226426 
1.769593 -1.299962 2.812655 
1.853619 -1.443517 1.594228 
1.784318 -0.868900 0.053865 
1.153056 0.105390 -0.645097 
0.662912 1.513220 0.101759 
-0.159046 1.607974 1.762043 
0.178580 1.037723 1.835768 
1.368679 0.906022 1.547345 
1.827070 0.796614 0.843093 
1.363817 0.405023 -0.247932 
1.020316 0.144560 -1.079404 
1.071701 -0.544548 0.047048 
0.722303 -0.899235 0.227939 
1.186887 -0.277943 0.304701 
0.452593 -0.702440 1.371314 
0.531087 -1.418766 1.861580 
-0.088045 -0.854550 2.443218 
0.234713 -1.041357 2.910755 
0.459415 -0.190971 2.426245 
-0.419152 -0.641545 3.661798 
-0.983719 -0.878068 3.041827 
-0.804541 -1.629074 1.943371 
-1.202890 -1.926238 1.991745 
-0.849570 -1.298377 2.116491 
-1.194876 -1.543471 2.388122 
-0.057838 -0.972670 1.600195 
0.214807 -1.538064 1.925275 
0.436448 -1.104224 2.195762 
1.118402 -0.350958 1.642479 
0.793506 -0.136597 1.411705 
0.577731 -0.023460 2.180502 
0.244532 -0.006453 3.264428 
-0.638044 -0.533934 3.544516 
-1.484537 -0.817733 2.857191 
-2.134931 -0.889992 2.695209 
-1.314723 -1.180826 2.468562 
-0.154989 -0.541412 3.084922 
-0.558829 -0.224179 3.457762 
-1.423355 0.636365 4.094043 
-0.690315 -0.263011 3.814323 
-0.203691 0.073887 4.026628 
-1.257028 0.140434 4.207845 
-1.986162 0.280909 3.494669 
-2.588208 -0.516667 3.995352 
0.582346 2.730392 -5.173956 
-0.070648 3.168032 -4.321926 
-0.960506 3.121842 -4.162857 
-1.817943 2.002834 -4.099842 
-3.259799 1.615491 -3.649182 
-3.223535 1.374348 -2.743867 
-1.944385 1.956769 -3.882979 
-1.219358 2.011613 -3.325067 
-0.985856 2.810042 -2.866750 
-0.177315 3.691059 -2.422889 
0.526988 4.295979 -2.742430 
0.012716 4.084874 -3.067140 
-1.072276 3.458482 -3.068520 
-2.423962 2.642742 -3.238295 
-4.348400 2.441631 -3.383495 
-3.677258 2.377812 -3.853307 
-4.001504 1.807521 -3.876428 
-4.052317 0.834328 -2.525678 
-3.019980 1.860707 -3.282183 
-1.953161 2.060896 -3.526653 
-2.612892 1.680005 -2.611382 
-3.661129 2.066469 -2.106526 
-3.916844 2.333434 -1.492460 
-2.927533 2.292668 -1.518670 
-3.086080 2.308753 -2.206615 
-2.676193 2.534638 -2.079990 
-2.654566 3.892582 -1.881272 
-4.340796 3.014555 -2.124478 
-5.660689 2.627414 -2.111315 
-5.201901 3.463722 -1.795115 
-4.065770 3.309797 -1.693564 
-3.072698 3.957224 -1.456799 
-3.177754 3.384241 -2.056028 
-3.221987 3.078301 -3.010103 
-3.839408 2.758890 -2.617349 
-4.107082 3.729594 -2.363591 
-3.280128 3.732166 -2.754250 
-2.587651 3.187882 -3.066231 
-2.654418 2.559161 -2.369681 
-3.803993 3.770891 -2.044133 
-5.412925 3.528020 -2.027955 
-4.764464 3.151693 -2.329672 
-4.908328 3.785254 -2.210947 
-4.200809 4.256762 -1.149219 
-3.711534 4.947618 -0.376437 
-2.793757 5.196533 -0.316207 
-4.086240 4.841993 -1.033550 
-5.084880 4.506507 -0.556057 
-5.692016 3.844733 -0.804865 
-5.137142 3.905792 -1.085023 
-4.201656 4.942527 -0.264301 
-4.014569 4.562392 -0.851343 
-4.854116 3.783688 0.286027 
-5.331018 2.765151 0.637852 
-5.624242 1.775935 0.396245 
-4.957895 2.408802 0.255813 
-5.247476 2.120093 -0.120739 
-5.375803 2.326826 0.959024 
-5.718513 3.094326 0.916133 
-5.563562 3.172910 -0.156108 
-4.768329 2.755852 -0.853215 
-4.309699 1.500591 -1.410110 
-4.865547 1.986369 -0.949161 
-5.768821 2.902294 -0.086544 
-4.533280 2.739167 0.482341 
-3.403789 1.552734 -0.348109 
-1.805695 0.600381 -0.998547 
-1.816342 -0.726048 -2.124427 
-2.409326 -0.752943 -1.997873 
-3.185918 -1.999097 -2.744993 
-3.520545 -2.327504 -2.560352 
-3.934912 -0.480663 -1.986678 
-4.252859 0.948508 -1.463303 
-4.763435 1.577401 -0.414598 
-4.681109 1.801951 0.770761 
-3.827134 2.146117 0.241984 
-3.507388 2.946484 -0.152598 
-3.569046 2.400156 0.455334 
-3.737725 2.256534 1.302507 
-4.133568 1.492763 0.524277 
-3.450430 1.461026 0.606108 
-2.721392 1.686992 0.421255 
-3.882771 -3.852569 0.838306 
-2.856886 -2.963836 0.367709 
-2.115980 -2.942072 0.777574 
-2.362668 -4.437222 0.270829 
-2.754549 -5.216885 -0.704775 
-3.410251 -4.773367 -0.647640 
-4.175576 -4.346097 -0.685720 
-3.994463 -4.797053 -1.421439 
-3.004007 -5.167894 -2.119319 
-2.877944 -5.030033 -3.487836 
-2.875780 -3.865299 -4.202600 
-3.835645 -3.617863 -3.069452 
-3.314545 -4.160951 -1.411248 
-2.228262 -5.104913 -0.739579 
-2.209351 -4.913708 -0.149114 
-2.592775 -4.453937 -0.043394 
-2.075545 -3.235446 -0.219777 
-2.223639 -4.417182 -1.006990 
-2.933094 -4.307810 -2.010465 
-2.409313 -4.934844 -2.325622 
-2.171722 -4.943990 -1.868720 
-1.970117 -4.258339 -3.236195 
-1.292380 -3.961636 -4.036628 
-2.005219 -4.238100 -4.407027 
-1.778478 -4.932509 -4.034895 
-2.686952 -5.127386 -3.398145 
-3.411700 -5.130685 -2.536952 
-3.216924 -4.446167 -2.296790 
-4.250542 -4.654302 -2.684469 
-3.797940 -4.613241 -3.143034 
-2.816097 -4.195831 -3.953646 
-0.906600 -4.312744 -4.061770 
-1.658966 -4.867152 -4.230979 
-1.780578 -4.491715 -3.597869 
-2.819908 -4.024434 -2.523550 
-3.477353 -4.161561 -3.170550 
-4.331898 -3.975475 -3.873668 
-4.196316 -3.238102 -4.204385 
-3.413832 -2.715537 -3.404543 
-2.970254 -3.278655 -3.610148 
-2.344393 -3.765241 -4.061573 
-2.985087 -4.156250 -4.303876 
-4.140158 -3.052321 -4.671766 
-3.354891 -3.340107 -5.075702 
-2.856082 -3.402388 -4.745960 
-1.927213 -3.333705 -5.496210 
-2.454980 -3.253607 -5.383240 
-2.266028 -2.488235 -5.653862 
-1.774337 -2.297702 -5.237039 
-2.883975 -2.548246 -6.208788 
-2.986915 -2.912830 -5.646481 
-2.472852 -3.061983 -5.574310 
-3.170939 -2.958769 -4.422940 
-3.001881 -3.052394 -3.466322 
-3.362255 -2.742946 -4.315317 
-3.150398 -2.124003 -5.156238 
-3.048287 -1.437191 -4.859756 
-3.329616 -0.781154 -3.395253 
-2.923290 -1.486942 -3.106049 
-2.057709 -2.328614 -2.888757 
-2.106520 -3.263352 -3.065124 
-2.335460 -2.464137 -3.289370 
-2.717704 -1.758807 -4.311932 
-1.670911 -1.604295 -4.331172 
-1.898193 -2.133571 -4.348473 
-2.804503 -2.296093 -4.865633 
-3.138776 -2.034725 -4.925243 
-3.454949 -1.782380 -4.207241 
-4.105512 -1.830765 -4.977857 
-3.599260 -1.348927 -4.566421 
-2.266625 -1.385460 -3.589296 
-2.601163 -1.094091 -2.781714 
-4.085802 -1.075644 -3.722682 
-4.565125 -0.652547 -4.269350 
-4.219486 -1.292500 -3.689133 
-4.812163 -1.674573 -3.780450 
-5.168910 -1.772032 -4.101416 
-4.643006 -1.801792 -4.131470 
-4.459272 -3.377229 -3.723301 
-5.495620 -4.144200 -4.553471 
-4.091285 -5.504523 2.318634 
-3.325036 -4.609038 2.472971 
-2.385439 -3.901018 2.214299 
-1.724645 -4.965031 2.036555 
-1.256314 -4.245941 1.778768 
-1.702504 -4.613552 1.583318 
-1.045377 -4.857222 1.563413 
-0.118010 -4.678896 2.536860 
0.135210 -4.545408 3.087631 
-0.029706 -4.556279 2.833064 
-1.221378 -4.469759 2.818633 
-1.871545 -3.957002 2.098513 
-2.231175 -3.838859 1.859104 
-1.339381 -4.622343 2.451519 
-0.820293 -4.983595 1.963433 
0.451623 -4.409424 1.411585 
0.829003 -3.770638 1.891198 
0.576409 -3.976922 1.398375 
-0.995616 -4.430596 0.473931 
0.034008 -5.173454 1.173528 
0.925439 -4.654992 0.901283 
1.538807 -5.250429 1.108966 
1.379019 -5.531818 0.902503 
0.567933 -5.884243 1.056709 
0.535574 -4.849564 1.173466 
-0.718478 -4.817717 0.391285 
-0.841665 -5.366721 -0.146713 
0.232837 -4.427702 0.092162 
1.382821 -3.942686 0.568305 
1.386275 -5.054759 0.200892 
1.651175 -5.855752 0.013541 
1.265858 -6.506258 -0.039212 
0.894860 -6.663091 0.481683 
0.225586 -6.244134 -0.373894 
0.164620 -5.926733 0.533689 
-0.573625 -5.416450 0.089349 
0.235546 -5.946713 -0.528142 
0.825975 -4.627059 -1.051730 
1.420430 -5.082060 -2.436707 
1.017960 -5.740240 -1.756352 
0.262674 -5.922411 -1.152694 
-0.690978 -5.750604 -0.545759 
-0.336594 -5.569056 -1.134307 
0.256777 -4.601863 -0.417817 
1.290280 -4.615109 -0.166776 
1.433770 -4.616634 -1.410966 
1.872121 -4.911896 -2.050276 
0.763681 -4.816117 -2.198649 
0.904558 -4.212235 -2.755265 
1.896577 -4.806117 -2.973385 
1.556090 -5.046288 -2.655868 
0.753769 -5.938489 -1.962139 
0.161358 -5.950664 -1.577935 
0.321706 -5.358077 -2.645569 
0.112387 -6.021369 -2.162991 
-0.979080 -6.118209 -2.512503 
-1.226640 -6.150828 -1.874965 
-1.710720 -5.858511 -1.466135 
-0.810764 -4.961504 -1.180740 
-0.037577 -4.310589 -2.116840 
0.565096 -3.994032 -3.602201 
0.486870 -4.688450 -3.084085 
1.004339 -5.205889 -1.312068 
-0.531304 -5.763002 -2.281722 
-1.413036 -6.137474 -2.529383 
-0.468946 -6.016458 -1.987358 
-0.899383 -5.513627 -3.073494 
-0.991282 -5.349148 -3.559642 
-0.308145 -5.046945 -3.378592 
-0.937817 -4.640787 -3.724771 
-0.766090 -3.513143 -3.794033 
-1.581357 -4.134723 -4.108527 
-2.011939 -5.277367 -3.385680 
-1.390113 -5.669223 -3.309094 
-2.045151 -5.414484 -2.745891 
-2.133911 -5.362134 -3.026893 
-2.195041 -4.832939 -3.616114 
-3.214467 -3.786750 -3.371258 
-3.285437 0.890299 0.320936 
-3.678249 -0.405412 -0.073419 
-3.677685 -2.083675 0.394300 
-4.336972 -2.643328 1.103425 
-5.177613 -2.856754 1.756955 
-5.178509 -2.420299 1.147358 
-5.117899 -1.415729 0.314527 
-4.661715 -1.838193 -0.075568 
-4.274740 -0.543770 -1.141928 
-4.813245 -0.643246 -0.465424 
-5.359412 -0.225060 -0.608177 
-6.419080 -0.832954 -0.296251 
-4.966013 -0.649125 -1.629281 
-5.357077 -1.738693 -1.532928 
-4.498510 -1.534694 -1.758051 
-3.623699 -1.109326 -1.079277 
-4.357775 -2.110291 -0.422972 
-4.526907 -2.348221 -1.202033 
-4.892037 -2.893705 -1.750529 
-5.251596 -2.173124 -1.360825 
-5.598569 -1.938449 -0.568885 
-5.033533 -2.064937 -0.802425 
-4.038914 -3.160239 -0.525293 
-3.398183 -3.017111 -1.124778 
-3.957069 -3.306721 -2.589067 
-5.062672 -3.186487 -2.456716 
-5.962974 -2.860300 -1.840941 
-5.894031 -2.241561 -1.322828 
-5.848114 -3.067232 -1.143949 
-5.001628 -3.949731 -1.600534 
-4.847174 -3.818711 -1.899425 
-5.854943 -3.603719 -1.618280 
-5.830563 -2.809698 -2.024111 
-6.259436 -1.984045 -2.246464 
-6.151003 -1.492780 -2.051270 
-6.840004 -1.252555 -2.267334 
-7.158721 -0.570538 -2.749899 
-6.614200 -1.623703 -2.960161 
-5.482998 -2.572839 -3.036632 
-5.129375 -2.922147 -3.271721 
-5.239813 -2.638004 -3.708942 
-4.463237 -2.766213 -2.808951 
-4.846229 -2.191571 -3.551394 
-4.880013 -1.061896 -4.310332 
-5.718626 -0.280314 -4.217689 
-6.175430 -1.155572 -4.336932 
-6.126334 -1.243375 -3.757145 
-6.822071 -1.706245 -3.127401 
-6.573964 -1.050787 -2.795652 
-5.571090 0.341214 -3.768696 
-5.621936 -0.143517 -3.066405 
-4.829386 -0.397544 -2.017595 
-5.767957 -0.302266 -2.014924 
-6.023837 0.338191 -2.652894 
-5.539038 0.652124 -3.588273 
-5.677343 0.781841 -1.939189 
-5.290507 0.344148 -1.825496 
-4.660476 0.048709 -2.817851 
-4.322282 -0.092731 -4.334388 
-5.059301 -0.972738 -4.644359 
-5.325305 -0.641185 -4.367735 
-6.130024 -0.531310 -4.242878 
-6.072077 0.135587 -3.314212 
-6.413975 -0.614279 -3.275467 
-5.942352 -1.704576 -3.524026 
-5.293136 -1.700525 -3.123578 
-4.304780 -0.572126 -2.804697 
-4.570385 0.064726 -4.114897 
-4.787300 0.289836 -3.611546 
-4.973530 0.417852 -2.984720 
-5.043180 0.917539 -2.242856 
-5.195993 1.201056 -2.728837 
-5.235286 1.240140 -2.276400 
-5.065163 0.456866 -2.817987 
-6.116200 0.728463 -2.814007 
-5.585859 1.193416 -2.608042 
-1.752284 4.862190 -3.422957 
-1.543351 4.082119 -2.068256 
-1.474578 5.212883 -1.468128 
-2.576597 5.476016 -1.308939 
-1.807919 5.565558 -1.528884 
-1.343705 5.581618 -0.474989 
-1.794771 5.363865 -0.326299 
-0.517208 4.986511 -1.327639 
0.302393 5.291207 -1.387409 
0.061995 5.165661 -1.047131 
-0.654073 4.723859 -0.168843 
-1.485274 4.912438 0.543909 
-0.900167 3.991150 1.598672 
-0.742363 4.915539 1.979995 
-1.932129 5.457142 1.956284 
-3.003795 5.434826 2.381171 
-2.331211 5.917696 0.940964 
-1.338357 5.351536 0.999362 
-2.397562 5.081370 1.034237 
-3.328390 5.881419 0.375869 
-3.574567 5.489434 0.097497 
-2.200894 5.433851 0.796284 
-3.442956 4.487241 1.619610 
-3.911082 4.817090 1.579759 
-3.972046 4.044493 1.483177 
-3.056155 4.939284 1.773823 
-3.917551 4.245308 1.955867 
-4.480141 3.031447 0.898063 
-4.635104 3.652878 0.893105 
-3.580465 4.839580 0.717089 
-3.267188 5.563111 1.202323 
-3.176101 5.208664 1.716501 
-2.344299 5.451662 2.433189 
-2.385571 5.198603 2.933671 
-2.704965 5.503968 2.731679 
-2.705927 4.668115 3.188614 
-1.252733 3.600237 3.027597 
-1.002384 4.192035 3.091773 
-2.405808 4.675067 3.455723 
-1.492685 4.367983 3.487712 
-1.889953 4.983047 2.686929 
-1.865255 4.794067 2.696659 
-2.973178 3.558084 3.511957 
-3.346746 2.347335 2.571134 
-3.464977 1.787187 2.043675 
-4.038195 2.311856 1.804268 
-4.010357 2.817143 2.790436 
-3.665234 2.527127 3.436999 
-2.918735 3.004876 3.687966 
-2.851869 3.424124 3.141474 
-2.856816 4.349151 3.667806 
-3.296532 3.482810 3.440612 
-3.790648 2.478025 2.378434 
-4.318883 2.454358 2.586940 
-3.779390 2.894152 2.281192 
-2.691745 2.515550 2.155165 
-1.778951 3.066417 1.750968 
-2.040562 2.785800 1.093936 
-2.788423 3.382130 1.386605 
-2.161507 3.953889 1.790134 
-1.932822 4.509647 1.627042 
-1.872460 3.782207 1.590066 
-2.098590 2.646796 1.841488 
-1.884418 1.377468 2.553253 
-2.417643 1.703736 1.835385 
-2.753043 3.660202 1.848596 
-3.742756 3.325799 2.274332 
-3.975050 3.997040 3.114235 
-7.665124 0.707160 0.077381 
-6.703674 0.703672 -0.892731 
-6.570573 0.621248 -1.832207 
-6.998232 1.569491 -2.427858 
-6.885966 1.224041 -2.002452 
-7.135603 -0.170112 -1.756611 
-6.855515 -0.665034 -1.354180 
-7.106893 0.193976 -2.253947 
-6.910289 1.506049 -2.632383 
-6.166850 2.441180 -1.822710 
-5.697119 2.230271 -1.330205 
-5.517745 1.482065 -1.900322 
-6.134954 2.424874 -2.025131 
-6.034715 2.217316 -2.446491 
-6.230846 1.773757 -0.806243 
-6.297907 1.982470 -0.244422 
-6.189914 1.727698 -0.683153 
-5.974882 0.840456 -1.655299 
-6.153047 1.089969 -1.622070 
-6.599124 1.549776 -1.856487 
-7.199033 0.014201 -2.466735 
-5.814048 0.183305 -2.858104 
-5.285602 0.793007 -2.268362 
-5.024321 1.801906 -0.890021 
-5.545442 1.228532 -0.772967 
-5.517024 0.922058 0.022428 
-5.030457 0.998807 1.300954 
-5.352724 1.150413 0.687053 
-5.367725 0.631712 -0.181924 
-4.205424 -0.056587 -0.438374 
-3.178191 -0.055002 -1.473268 
-3.045381 -0.407956 -1.466758 
-2.737267 -0.346054 0.213273 
-2.535932 0.365241 1.425497 
-2.804781 1.308875 1.387894 
-3.872128 0.651098 1.039651 
-4.544831 0.659172 1.021315 
-4.056527 0.782543 1.228537 
-4.498251 0.666951 2.176591 
-4.887592 1.491588 1.596585 
-4.956160 0.046600 1.029055 
-4.884857 -0.515283 0.934593 
-5.504843 -0.642823 0.749147 
-5.047352 -0.535520 0.759955 
-5.023649 -0.351531 0.935849 
-4.066755 0.224232 1.043427 
-4.369846 -0.038893 1.524253 
-4.165222 -0.801750 2.000648 
-3.692788 -0.968710 2.418141 
-3.300547 -1.241493 1.954275 
-2.754488 -0.044340 2.379756 
-3.458625 0.168463 2.326412 
-3.886299 0.620126 1.858132 
-3.231374 0.657118 2.276336 
-2.480206 -0.337091 2.536847 
-3.232624 -0.826235 1.260175 
-3.442416 0.147456 0.327598 
-3.506465 0.984905 1.623234 
-3.604228 0.496032 2.131658 
-2.835918 -0.334461 0.758524 
-2.754951 -1.032886 1.633916 
-2.270244 -0.464844 2.576956 
-2.135213 0.492486 2.540837 
-3.219691 1.178630 3.151178 
-3.599569 1.516847 3.376428 
3.841358 6.721436 2.476413 
3.014077 5.521129 2.804495 
2.897567 3.986499 2.644567 
3.477498 4.147246 2.718899 
4.344804 4.515448 3.041998 
5.127354 4.259578 2.172551 
4.562418 4.839611 2.229694 
3.613710 5.014018 2.727023 
3.266225 5.445758 1.972909 
4.044290 4.642567 2.411160 
4.114490 3.889937 2.838451 
3.120733 3.640889 3.026270 
3.385155 4.311850 2.197818 
2.735304 4.943237 2.465817 
2.986818 5.221648 3.463589 
4.062569 4.971886 3.761997 
4.267592 5.143159 3.741656 
3.392389 5.101939 4.391915 
4.076774 4.909926 4.590726 
3.965453 3.920156 5.131314 
3.351517 3.325591 4.568182 
2.311654 2.662074 4.010848 
3.021795 3.498571 3.523274 
3.002773 3.422484 4.746999 
2.119187 4.076803 5.592996 
2.537686 4.193322 5.395760 
3.495206 3.102935 5.342663 
2.873863 3.381618 5.480777 
3.785225 3.845358 5.232911 
4.069499 3.899540 4.002840 
3.354591 4.097155 3.330236 
2.059267 4.281526 3.615060 
2.060892 3.086322 4.290695 
2.886246 2.642069 5.576760 
2.495147 2.547910 5.523934 
1.912567 1.735090 4.429975 
2.875410 1.672880 4.711422 
3.227951 2.154248 5.527958 
2.930151 3.169842 5.720823 
3.055095 3.743034 4.709472 
2.582277 2.177215 3.982443 
2.296663 1.527128 2.859054 
1.849589 0.219432 2.299431 
1.792132 0.952186 3.748250 
2.533231 1.069004 2.902264 
2.444270 1.633759 3.568765 
2.670171 1.034156 4.575740 
2.385178 1.330310 4.537175 
2.596888 1.353513 3.753304 
2.755130 0.565077 3.734367 
3.545485 1.181060 3.242883 
3.133617 1.497432 2.893356 
2.891323 1.584310 1.542787 
2.728061 1.294082 1.824363 
1.889083 1.749811 3.060636 
1.504297 1.707894 3.284342 
1.434763 1.598969 2.409702 
1.869532 1.929894 2.040057 
1.630740 1.556346 1.294408 
1.141358 1.244191 1.975406 
1.326202 1.498273 1.325010 
1.315551 0.874543 0.655470 
0.984952 0.054691 0.892791 
1.827043 0.519999 0.541212 
1.132274 0.423825 0.891572 
1.069548 0.875915 0.878354 
0.631853 0.710462 1.648594 
0.679284 0.946992 2.833774 
0.742747 2.424805 2.451595 
2.379420 3.097171 -3.178799 
1.467748 3.021228 -2.270226 
0.134793 3.559658 -1.797824 
-0.184086 1.663560 -1.700089 
0.100045 2.412288 -1.530226 
1.689984 3.041891 -1.118143 
2.363822 2.405507 -1.146352 
1.230642 2.429999 -1.254862 
-0.391591 1.983730 -0.798094 
-0.628305 2.888213 -1.542722 
-0.568797 3.545324 -0.949000 
-0.194847 3.778305 -0.208306 
-1.626073 3.772511 0.603184 
-2.709917 3.653495 0.768825 
-2.834713 4.109087 0.893806 
-2.683797 3.229265 0.180997 
-2.132412 3.507723 -0.250615 
-2.024418 2.888806 0.107110 
-1.353747 3.211893 0.251290 
-1.026619 3.108947 0.869225 
-0.667133 3.838447 0.772466 
-1.986117 4.121011 1.227252 
-1.960705 4.015435 0.422800 
-0.943968 3.841216 0.942161 
-0.088738 4.265034 0.259175 
-0.609495 3.277232 -0.606608 
-1.893660 2.297748 -1.247176 
-1.719773 3.167241 -1.476352 
-0.949381 2.916961 -0.900441 
-0.948320 3.087901 -0.077027 
-0.474999 2.553597 -0.227340 
-1.096379 2.038083 -0.779265 
-0.219771 1.354085 -0.229518 
-0.127628 1.339302 -1.219775 
-0.987312 0.435157 -1.437788 
-1.432317 0.737316 -1.221670 
-1.762192 1.232157 -0.369499 
-1.262484 1.860768 0.789573 
-0.228952 2.199864 1.361570 
-0.501131 1.122748 0.348094 
-0.600661 -0.049046 -1.125096 
-0.193432 0.401778 -1.184876 
-0.645417 0.224502 -1.441593 
-1.024454 1.639038 -0.905015 
-1.423462 1.914532 0.559684 
-0.575688 0.801310 0.022983 
-0.907453 -0.547848 -0.449179 
-0.535795 -1.274403 -0.673848 
-0.364882 -1.082515 -1.635614 
-0.722601 -0.190085 -2.649267 
-0.307004 0.711365 -1.468780 
-1.803767 0.333875 -1.694453 
-1.229236 0.120956 -1.139384 
0.189376 -0.006275 -0.134814 
-0.026899 -0.701093 0.984445 
-0.949943 -0.701714 1.038602 
-1.697135 -1.587973 0.819899 
-2.548387 -1.516860 0.894670 
-2.455114 -1.213717 1.607145 
-1.719425 -0.520504 1.793694 
-0.536740 0.209244 1.402952 
-1.092957 1.149169 1.434722 
-1.454215 0.526818 1.464834 
-2.003703 -0.245890 0.815321 
2.334592 -2.865939 -0.167647 
3.925541 -3.359131 0.065856 
3.353042 -3.204857 -0.073745 
3.256103 -3.521947 -0.583695 
3.719295 -4.072167 -0.595012 
4.478266 -4.207831 -0.657737 
4.152923 -5.005821 -1.192898 
4.393207 -4.939011 -1.345999 
4.386813 -3.886543 -0.964834 
3.531776 -3.021944 -1.028876 
2.992575 -2.273040 -0.680369 
2.781424 -1.982753 -1.484388 
3.814546 -2.140142 -0.878518 
4.792858 -2.097314 -1.495565 
4.426951 -2.049486 -1.292674 
4.279807 -2.105658 -1.555197 
4.893035 -2.247425 -0.953153 
5.517082 -2.224823 -0.951579 
5.442736 -2.272782 -0.545657 
5.247438 -2.024537 -0.282983 
5.337584 -2.928994 -0.544141 
4.595268 -3.607186 -1.293622 
5.132310 -2.805166 -1.398691 
4.713988 -1.429288 -1.397209 
4.015714 -0.133305 -1.447760 
4.581130 -0.238129 -0.759186 
4.015049 -0.183259 -0.700358 
4.471227 -0.303844 -1.276982 
3.966145 -0.710265 -0.870210 
4.447612 -1.143864 0.281100 
4.502487 -1.847705 0.381068 
4.723157 -1.890109 -1.228167 
5.237480 -1.279726 -1.442867 
4.648052 -1.712377 -1.590440 
4.326370 -1.589949 -2.621114 
4.492913 -1.076758 -2.222942 
4.045084 -0.786430 -1.709399 
3.411786 -1.084415 -0.982440 
4.673136 -1.502504 -1.641453 
3.961518 -2.039255 -1.515717 
3.812352 -2.898791 -2.297362 
3.401801 -2.435766 -1.865369 
3.206642 -0.986169 -2.454402 
2.729791 -0.948008 -3.476054 
3.114952 -1.935690 -2.617854 
3.394885 -1.836097 -3.090773 
3.006664 -1.740134 -3.961416 
3.258608 -1.658261 -4.199309 
3.341296 -2.483340 -3.848521 
4.083932 -2.042464 -3.149861 
4.018828 -0.648110 -2.749826 
3.003606 0.210608 -2.006053 
1.816467 0.018875 -2.223337 
1.886457 -0.362048 -3.172473 
1.254328 -0.561215 -3.852332 
1.385293 -1.693389 -2.963363 
2.091256 -2.067691 -2.685261 
2.426365 -1.556893 -2.481300 
2.532637 -1.361867 -3.895621 
3.254792 -0.495424 -4.089516 
2.389622 -0.093059 -3.720327 
2.425577 0.085915 -2.984606 
2.788823 0.696093 -3.641242 
-0.125237 0.827289 -4.400992 
-0.749301 -0.591740 -2.931399 
-0.295197 -0.425779 -2.579543 
0.230666 0.874583 -2.594593 
0.266277 1.336236 -1.384180 
-0.062274 2.025881 -2.372748 
-0.158479 1.095539 -2.826763 
0.467450 1.417599 -2.800813 
0.970592 1.581512 -1.240876 
0.900342 1.735432 -0.663817 
1.054866 1.555534 -1.964056 
1.424142 1.151138 -1.553267 
1.276030 -0.003688 -1.932698 
2.101303 -0.660944 -1.990887 
2.002203 -0.455422 -1.132288 
2.879379 -0.112263 -1.818171 
3.077065 0.398637 -2.410118 
3.118447 0.608084 -1.502403 
3.635884 0.157571 -2.480450 
3.793775 0.092179 -2.506404 
3.456859 0.399743 -1.853529 
2.419739 0.468706 -1.849637 
1.786507 0.307842 -2.614605 
1.640271 0.164047 -3.117263 
0.511046 0.200880 -1.966846 
1.607247 0.307754 -1.484534 
2.639874 0.736412 -1.615003 
2.827855 0.103308 -0.723804 
2.374888 0.591143 -0.542239 
2.003151 -0.165170 -0.957598 
1.640831 -0.348079 -1.356452 
1.060563 -1.282930 -1.934220 
2.221124 -1.617004 -0.764538 
3.031845 -1.352905 0.226953 
2.324030 -1.024702 0.329092 
2.861295 -0.164591 -0.280475 
3.333838 0.620040 0.181182 
3.006511 0.780807 0.702684 
2.366924 1.200985 0.769192 
3.191854 0.363123 0.865614 
4.005578 0.352707 0.786036 
4.049607 0.931036 0.897678 
3.775509 1.039551 -0.305427 
3.601655 1.035906 -0.173176 
3.140391 1.127315 -0.743754 
2.896525 0.964028 -0.904099 
2.112645 0.576544 0.232046 
3.090675 0.587298 0.570284 
3.942796 -0.221409 1.531763 
3.398992 -0.876572 1.367769 
2.668651 0.036199 1.228567 
1.932522 0.483965 1.867289 
2.748369 -0.429404 0.917975 
3.327695 -0.369153 0.780487 
3.824727 0.436151 0.414839 
3.495378 1.155153 1.358543 
3.553431 0.885414 2.175528 
3.430372 0.110054 1.209671 
3.162027 -0.942988 0.268776 
3.498984 -0.724532 0.989293 
4.231550 -0.116448 0.681198 
4.029563 0.609611 1.491805 
4.241420 0.910165 -0.009100 
4.567671 4.447359 -0.849070 
4.247917 4.299763 0.484320 
4.362461 4.798138 0.843860 
4.219477 4.750967 0.196779 
2.856261 4.150821 0.281801 
1.648295 3.908082 0.014733 
0.580906 3.990257 0.243353 
1.217549 3.265319 -0.266825 
1.030456 3.347919 1.050886 
1.623332 3.715720 1.622284 
2.981256 3.956111 1.891518 
2.430661 2.782974 2.853593 
2.390884 2.594131 2.142224 
1.943435 1.639283 2.168836 
1.454811 2.977987 2.454753 
1.580618 3.648416 2.267610 
0.696180 3.784431 2.761709 
-0.577617 2.702406 2.524141 
-0.515467 2.822335 2.278336 
0.497734 3.241436 1.249235 
0.828070 3.906775 1.630155 
1.287294 3.753935 0.953013 
0.772003 2.966803 -0.241223 
0.635214 2.772595 0.695017 
0.275853 3.637479 0.731881 
-0.144063 3.660383 1.472073 
0.582002 3.164708 1.788621 
0.418976 3.178012 2.468811 
-0.023390 3.213807 3.388891 
-0.773502 3.627127 3.962523 
-1.643603 2.909185 3.996355 
-1.963228 2.346878 3.514204 
-1.322226 1.519767 2.114708 
-1.052662 1.974404 2.046331 
-0.670451 1.947019 1.333077 
-1.258054 2.526341 1.380398 
-0.854149 3.215873 2.402467 
-0.614522 2.936702 1.700959 
-0.507543 2.165887 1.690805 
-0.348031 1.665942 1.613415 
-1.588420 1.527948 1.948112 
-2.778030 1.157217 3.110451 
-2.630702 1.027651 4.050970 
-2.131664 1.520724 4.590339 
-1.612245 2.104570 5.309427 
-1.899519 2.121153 5.001482 
-2.357103 2.453102 4.790073 
-2.370933 3.131123 4.644802 
-1.620691 2.809853 5.246218 
-1.747453 2.282736 5.076777 
-0.680476 1.913339 4.776550 
-1.024773 2.650353 4.784905 
-1.429618 3.497294 4.506901 
-2.133739 3.293836 4.043733 
-2.932247 2.290649 4.282924 
-3.400557 1.838401 4.085278 
-3.090190 2.424044 4.357167 
-1.830384 3.219533 5.391160 
-1.485015 3.952405 5.454223 
-1.385968 3.891404 4.358702 
-1.693126 2.543511 4.264557 
-1.697739 1.859741 4.133900 
-1.487346 2.689378 4.548335 
-0.543074 3.309917 5.030601 
-0.631121 4.065215 5.540725 
-0.981449 5.108408 6.387648 
1.116206 -3.658853 4.186734 
1.410040 -3.781547 2.805324 
2.055315 -3.590700 2.129801 
2.227705 -3.657816 1.423922 
3.065132 -3.337744 1.238364 
4.523027 -2.048884 1.108678 
4.196357 -2.541074 1.443936 
3.770387 -2.682976 1.865840 
4.480236 -3.166449 2.151991 
3.116937 -3.188829 1.826751 
1.599772 -4.059449 2.550276 
1.513387 -4.281560 2.079181 
2.142630 -4.285776 1.700336 
2.435357 -3.924204 1.644765 
3.464364 -4.096877 2.453877 
3.514790 -4.061026 1.424198 
3.548707 -3.612131 0.502299 
2.732481 -3.274273 0.652878 
3.851927 -2.617058 0.980836 
4.371560 -3.252574 1.603036 
3.491144 -4.614188 0.789025 
3.524274 -4.735867 1.207171 
3.641833 -4.797722 1.522436 
3.755227 -5.182544 0.688109 
4.343519 -4.907449 1.164696 
3.705150 -5.467226 0.462817 
2.443310 -5.318580 -0.006200 
2.326537 -5.646637 -0.661419 
2.380710 -5.332804 -0.695408 
2.734635 -5.519526 0.686774 
2.029722 -5.175121 0.112775 
2.480179 -4.139142 -0.190355 
2.244230 -3.799978 -0.944969 
3.280043 -4.117136 -1.824814 
3.636204 -4.498019 -1.929426 
2.652540 -5.176916 -1.800229 
2.812979 -5.444410 -1.102267 
3.674033 -5.179477 -0.502093 
3.822684 -4.593887 0.370660 
3.070117 -4.568181 -0.313348 
2.820665 -5.014487 -0.959764 
2.727224 -4.048138 -1.083662 
2.956297 -3.180223 -1.205784 
3.723718 -4.000855 0.119924 
3.628751 -4.588971 -1.195855 
3.397489 -4.621009 -2.644398 
3.338345 -4.795211 -2.806878 
3.134860 -4.448273 -2.901512 
2.959595 -4.136368 -2.951497 
3.167176 -3.888075 -3.321997 
2.691098 -2.628457 -3.694264 
1.986678 -2.691338 -3.303042 
2.341878 -3.369925 -3.270856 
2.754100 -3.750696 -2.495156 
4.473134 -3.418654 -2.391037 
-1.155851 -3.261331 3.853239 
-0.895953 -3.442394 2.484773 
-0.857784 -3.782980 1.205736 
-0.602978 -3.757816 0.861707 
-1.330133 -4.151978 -0.357578 
-1.884787 -3.675269 -0.946417 
-0.379697 -4.125193 -0.859852 
-0.353064 -4.558320 -2.427198 
-0.099820 -3.779439 -3.374483 
-0.609953 -2.237956 -3.381399 
-0.384952 -2.815318 -2.461929 
1.223400 -3.507261 -1.831801 
1.603535 -2.361381 -1.336111 
2.016883 -2.604655 -1.494512 
1.719739 -3.390056 -1.364173 
0.970347 -3.140113 -2.397762 
-0.248208 -3.018038 -3.227530 
1.035560 -3.176708 -3.744936 
2.024059 -3.080558 -3.497414 
1.697263 -4.013333 -3.228253 
1.084812 -3.883021 -3.654636 
0.877187 -3.792686 -4.234715 
0.967379 -3.056873 -4.715966 
0.361220 -3.705220 -4.465678 
-0.039911 -3.009143 -4.857351 
-0.430900 -1.571359 -5.037273 
-0.126888 -1.737260 -5.354841 
0.516392 -3.180820 -5.038293 
1.041929 -2.604112 -5.084078 
1.664321 -1.997443 -5.201506 
0.523184 -2.581384 -4.728062 
1.263621 -1.718587 -5.317131 
0.414892 -2.048515 -5.217804 
0.203012 -2.707861 -5.252638 
0.451231 -2.821688 -5.007756 
1.604959 -3.474526 -4.448427 
1.968372 -2.756916 -4.927143 
3.057794 -2.610695 -4.376566 
2.498884 -2.760938 -4.339462 
1.855711 -1.663903 -4.369603 
1.184812 -1.252809 -4.529993 
-0.086594 -0.611970 -4.700213 
0.067994 -0.861744 -3.333746 
0.355102 -0.789396 -4.246356 
1.025956 -0.789172 -3.808352 
0.723677 -1.001817 -3.206719 
1.339206 -0.437662 -3.142801 
0.371428 -0.204869 -3.153710 
0.634787 -1.301455 -4.386076 
1.058519 -1.682428 -4.106749 
1.117265 -1.883178 -2.944697 
0.723579 -2.823472 -3.177030 
-3.539189 -2.863463 3.331157 
-3.119523 -2.688455 1.954916 
-2.568420 -2.420101 1.222619 
-2.188199 -1.318829 -0.140885 
-2.706598 0.383149 -1.149391 
-3.921681 0.932122 -1.138260 
-3.383019 1.766355 -1.144525 
-3.101705 0.727180 -1.419416 
-3.051347 1.009757 -1.264972 
-1.458249 0.340114 -0.957955 
-1.264180 0.382795 -0.087431 
-2.306711 0.544236 -0.510956 
-2.555779 0.150548 -1.763999 
-3.163097 -1.343202 -2.542995 
-3.473757 -2.652744 -2.429471 
-2.928751 -2.710094 -1.736879 
-3.377876 -1.603702 -1.821713 
-4.418110 -0.112712 -1.983596 
-4.072820 0.371424 -1.332205 
-4.574196 0.237665 -0.978077 
-5.063793 0.127918 -0.871091 
-4.444826 -0.418775 -0.075000 
-3.246646 -0.416357 -0.905238 
-2.820093 -0.311884 -1.021618 
-1.674059 -0.276676 -1.399900 
-1.942761 -1.172203 -1.405500 
-1.311390 -1.530888 -1.008242 
-0.031274 -1.561333 0.143190 
-0.420968 -1.958377 0.435587 
-0.445665 -1.652548 0.206114 
0.115124 -1.774713 -0.538586 
0.227152 -1.527433 -1.134888 
-0.044139 -1.790196 -0.170899 
-1.285260 -1.541710 -0.475530 
-1.048516 -1.013130 -2.205213 
-0.612663 -1.318827 -1.805227 
0.124508 -1.334087 -1.458127 
-0.821166 -1.070430 -1.551990 
-0.809727 -0.901462 -0.960280 
-0.938999 -1.438834 -0.368687 
-1.382861 -1.291351 -0.086055 
-2.065356 -0.676161 0.040953 
-1.258615 -1.142460 -0.091616 
-0.256256 -1.254264 -0.205876 
0.264111 -1.176818 -1.029576 
0.086521 -0.900298 -0.636432 
0.811198 -1.630764 -0.397795 
1.013790 -1.159897 -1.728587 
0.637058 -1.413033 -1.666095 
1.260518 -1.693925 -0.787822 
5.691346 2.953169 -0.942021 
5.118190 1.848159 0.021617 
5.324794 2.086054 0.213447 
5.813369 1.301727 0.150656 
5.674186 1.864521 0.536930 
4.204324 2.406364 1.072552 
4.842487 0.816874 1.842154 
4.801163 -0.737241 2.407578 
4.912154 -0.073170 2.174033 
5.128785 0.807386 2.485398 
5.408758 0.006105 1.834450 
5.240193 -0.348724 1.447686 
4.727580 1.218714 1.678197 
3.985428 0.062820 2.682774 
3.176408 0.205464 2.306803 
2.252339 -0.521246 3.066233 
2.893653 0.216776 2.796946 
3.688349 1.796214 2.378372 
3.370393 2.129279 2.666560 
3.318983 0.437767 2.879204 
2.833221 -0.453355 3.096892 
2.979067 -0.806682 4.004771 
2.862784 -0.505221 3.608342 
4.068278 -0.470975 4.682613 
4.534712 0.445999 5.354192 
3.938800 0.327078 5.209920 
4.289176 -0.145322 3.818249 
4.128074 0.164231 3.315541 
4.115150 0.065560 4.180702 
3.662892 -0.274990 4.704952 
3.112462 -1.150479 4.033686 
3.270867 -1.538244 3.216309 
3.592890 -1.448090 3.440264 
2.727866 -1.407363 3.246309 
3.062022 -1.330879 2.659073 
4.062573 -1.127651 2.034751 
3.797649 -0.106516 3.401060 
3.644214 0.679025 4.638169 
3.658675 0.337857 5.039618 
3.032127 0.085075 4.484908 
4.205494 -0.156590 4.475564 
4.383644 -1.035692 4.481736 
3.472180 -1.054221 3.796868 
3.775078 -0.253641 3.725942 
4.274347 -0.091398 3.653754 
4.120269 1.394412 4.706027 
4.132913 0.436731 5.166402 
3.918837 0.799533 6.176099 
6.243105 3.958889 0.816621 
5.330356 2.592394 1.347350 
5.444407 1.470954 2.231464 
5.276297 2.445157 2.017369 
5.360452 3.337634 2.109619 
4.592630 2.766999 1.013925 
5.611657 2.743350 2.036370 
6.095694 2.463804 1.633626 
6.598109 2.181669 1.521726 
6.587129 1.589019 2.118832 
6.445212 1.930536 2.959362 
5.423669 2.869259 3.307612 
4.196959 3.548319 3.427306 
4.787149 3.665919 3.772180 
5.135115 3.232127 3.045008 
4.862867 2.405732 3.494090 
5.570861 2.530121 3.751498 
5.866264 2.576041 2.944017 
5.895393 1.394395 3.558157 
4.826601 1.197803 3.740972 
4.615119 2.445346 3.908531 
3.829258 2.672787 3.968595 
4.171209 2.189817 3.959306 
3.181290 2.203912 3.509644 
2.428179 3.248492 3.489948 
3.966736 2.976008 4.104921 
4.812714 2.316864 4.914963 
4.883201 1.911915 4.557107 
5.108249 0.988996 4.693065 
4.140598 1.237443 5.304124 
3.615812 1.818961 5.517641 
3.982765 2.084582 5.404411 
8.415846 0.080638 -3.340951 
8.219258 0.609075 -2.156208 
7.077160 0.596866 -1.764408 
5.774693 1.128997 -1.580482 
4.272012 1.951020 -1.196587 
5.038846 2.117538 -1.118698 
5.575078 1.098118 -0.203392 
5.773914 0.006442 -0.421103 
5.520864 0.800589 -1.007473 
5.996620 1.313592 -1.104624 
6.539163 0.644894 -0.159086 
6.693278 -0.576668 0.930997 
6.205672 -1.234334 1.098807 
6.362021 -1.916835 0.330949 
7.411150 -1.849229 -1.005970 
7.717531 -1.077569 -1.973610 
7.380798 0.133414 -2.044384 
7.868513 0.069919 -1.001369 
6.800860 -0.883178 -0.234565 
6.253744 -0.117092 -0.458659 
5.978459 0.006213 0.699649 
6.293332 0.369472 0.579731 
5.730184 -0.532648 0.754378 
5.783297 -1.764257 0.923729 
5.500833 -1.627491 0.735934 
5.013380 -1.553077 0.482766 
5.225496 -1.342104 0.437091 
5.631066 -0.330398 1.011559 
6.755417 0.854621 1.097965 
5.996724 1.601240 0.939291 
6.253069 2.491452 1.549599 
5.897264 1.521550 1.606286 
6.510501 0.746366 1.649378 
6.353247 -0.276773 1.788956 
6.702339 -0.982167 2.092106 
6.532048 -0.883773 1.806647 
6.098363 -0.944712 1.217081 
6.261129 -0.501740 -0.098447 
6.223060 -0.135572 1.185376 
5.488917 -1.636070 1.969905 
5.763103 -2.113986 2.213594 
6.183978 -1.167299 3.029433 
6.153166 0.046057 3.687760 
6.426588 1.178092 3.282489 
6.578326 -0.321911 2.894770 
6.457263 -1.315078 3.429825 
6.434585 -0.773984 3.461384 
6.571546 0.029999 2.475817 
5.989782 0.056918 2.674399 
5.921406 0.160239 3.277474 
5.632853 -0.328142 4.456363 
5.163099 -0.501183 3.853414 
4.360619 -1.579125 3.002927 
5.287159 -1.823134 2.498852 
5.761380 -0.315857 3.015164 
6.024760 -1.103283 3.647365 
5.252964 -1.103891 4.445876 
5.292699 -2.198076 3.777682 
4.740926 -1.715141 4.020029 
5.535691 -1.787253 3.733613 
5.571845 -2.784560 3.360780 
5.647182 -2.943078 2.977268 
5.738029 -2.819472 2.193946 
6.240885 -3.426820 1.834193 
6.382807 -4.210871 1.321708 
6.376306 -4.061071 0.457335 
5.853548 -3.110255 0.305306 
5.264194 -2.249441 0.915742 
4.920930 -1.952303 1.049308 
4.424676 -1.327995 2.291077 
4.814602 -2.195774 2.247531 
5.393615 -2.086021 3.512505 
5.362072 -2.305725 3.058805 
4.139578 -1.991077 2.445115 
3.235967 -2.468123 1.688667 
2.807759 -2.212693 1.242689 
2.592335 -2.676180 1.964038 
1.913856 -2.764052 1.038681 
2.867133 -2.138279 1.023846 
4.010783 -2.904805 1.621410 
5.157433 -3.338956 2.555286 
5.449244 -2.964329 2.674593 
5.310211 -3.611453 2.177721 
5.444330 -4.190176 1.802816 
5.532340 -3.791986 0.424242 
5.090214 -4.057643 0.048249 
5.020938 -4.269247 0.837767 
5.691181 -3.623904 1.271450 
6.398073 -3.107613 1.074417 
7.754114 -3.423486 0.368338 
