33.47 -30.5114 23.3885
5.27744 -78.5259 -36.567
17.644 -40.2152 -4.54732
28.8881 -79.138 28.902
64.4201 -66.1796 67.5187
43.5024 -15.4201 68.717
77.2301 -44.5902 23.0001
34.0162 -122.667 -28.2896
57.616 -91.5861 0.58368
-43.7122 -61.1811 -47.5676
-14.3154 -76.4205 -1.45964
-12.8462 -6.93816 38.7786
-35.4652 -55.5129 10.2556
33.1792 -62.4892 -51.5082
10.2761 20.1267 21.3277
-4.04156 -41.1005 57.1393
22.9201 -65.4965 55.9796
-5.44888 -4.31596 -31.6757
-17.9472 -32.6774 -81.7577
-40.0017 -11.7227 -16.9016
