0.000000e+00
0.000000e+00
0.000000e+00
0.000000e+00
0.000000e+00
0.000000e+00
0.000000e+00
0.000000e+00
0.000000e+00
0.000000e+00
0.000000e+00
0.000000e+00
0.000000e+00
0.000000e+00
0.000000e+00
0.000000e+00
0.000000e+00
0.000000e+00
0.000000e+00
0.000000e+00
0.000000e+00
0.000000e+00
0.000000e+00
0.000000e+00
0.000000e+00
0.000000e+00
0.000000e+00
0.000000e+00
0.000000e+00
0.000000e+00
5.749141e+01
1.409522e+02
5.181686e+01
0.000000e+00
0.000000e+00
0.000000e+00
0.000000e+00
0.000000e+00
1.124384e+02
4.137530e+01
9.833323e+01
3.050947e+02
1.869203e+02
2.742010e+02
9.902950e+01
9.952675e+01
1.980298e+01
2.086398e+02
6.021866e+01
5.201073e+01
9.538473e+00
0.000000e+00
1.107627e+00
1.564542e+01
0.000000e+00
1.300364e+00
0.000000e+00
0.000000e+00
8.665561e+01
1.027538e+03
8.052216e+01
3.949743e+02
8.738369e+01
5.554439e+01
2.981269e+02
1.880463e+02
7.452025e+00
7.965938e+01
2.712627e+02
7.149013e+02
1.212359e+02
3.118374e+00
1.016738e+02
6.929950e+01
4.722450e+01
2.201476e+01
1.606045e+02
1.600593e+03
1.913641e+03
1.556272e+03
1.638782e+03
1.845516e+03
1.427365e+03
1.466558e+03
1.706300e+03
2.013068e+03
2.264928e+03
1.419347e+03
1.152430e+03
1.156896e+03
1.256069e+03
1.295623e+03
1.721069e+03
1.497058e+03
1.232285e+03
1.350792e+03
1.171726e+03
1.188976e+03
1.520787e+03
1.693552e+03
1.293255e+03
1.159185e+03
1.007523e+03
1.161686e+03
1.235713e+03
1.207170e+03
1.025438e+03
1.104644e+03
1.455436e+03
1.017480e+03
1.507823e+03
1.467955e+03
1.414961e+03
1.112501e+03
1.407661e+03
1.462940e+03
1.481423e+03
1.465508e+03
1.486825e+03
1.619723e+03
1.323495e+03
1.378737e+03
1.016779e+03
1.577000e+03
1.729609e+03
1.430417e+03
1.898338e+03
1.384131e+03
1.359628e+03
1.358467e+03
9.449160e+02
1.229774e+03
9.538825e+02
1.115083e+03
1.242449e+03
1.313401e+03
1.254801e+03
1.007294e+03
1.277690e+03
1.375228e+03
1.534045e+03
1.274470e+03
8.823916e+02
5.949247e+02
9.392752e+02
6.593740e+02
1.110012e+03
1.579061e+03
1.076630e+03
7.160585e+02
8.373167e+02
9.463874e+02
1.188350e+03
8.859001e+02
1.130672e+03
6.736768e+02
1.270238e+03
1.092247e+03
6.280795e+02
9.461001e+02
1.104841e+03
1.069157e+03
1.243022e+03
1.205066e+03
1.325576e+03
1.149182e+03
7.403729e+02
7.751201e+02
1.011778e+03
8.171188e+02
1.076946e+03
1.232682e+03
7.800307e+02
8.827731e+02
8.189090e+02
8.092261e+02
1.255966e+03
1.307900e+03
1.211337e+03
1.231196e+03
1.011336e+03
6.903961e+02
1.191394e+03
1.325940e+03
8.392937e+02
1.068841e+03
1.322409e+03
1.304130e+03
1.033223e+03
1.187900e+03
6.145977e+02
9.151508e+02
7.480534e+02
9.126390e+02
2.777768e+01
8.815152e+01
1.163332e+03
1.809236e+03
1.575962e+03
1.559959e+03
1.590792e+03
1.430864e+03
1.059289e+03
1.678847e+03
1.418098e+03
1.974336e+03
1.260680e+03
1.090205e+03
9.882374e+02
2.076788e+03
1.702413e+03
2.006681e+03
1.966578e+03
2.001060e+03
1.737430e+03
1.605296e+03
1.970851e+03
1.400273e+03
1.782352e+03
1.622787e+03
1.430168e+03
1.747510e+03
1.585611e+03
1.468550e+03
1.520316e+03
1.141043e+03
1.207205e+03
1.430918e+03
9.871792e+02
9.842006e+02
1.123641e+03
1.498666e+03
1.547206e+03
1.357039e+03
1.298868e+03
1.058217e+03
1.540867e+03
1.550858e+03
1.312259e+03
1.372001e+03
1.293723e+03
1.053532e+03
1.522479e+03
6.610764e+02
1.302892e+03
1.335733e+03
1.112228e+03
1.114443e+03
1.649859e+03
9.606633e+02
1.157903e+03
1.446873e+03
1.410971e+03
1.306830e+03
1.095623e+03
1.121795e+03
1.101111e+03
1.212199e+03
6.385853e+02
0.000000e+00
0.000000e+00
0.000000e+00
7.887067e+01
1.073849e+03
1.619743e+03
1.516423e+03
1.594984e+03
1.205580e+03
1.532219e+03
1.243860e+03
1.066054e+03
1.331590e+03
1.114707e+03
1.668849e+03
1.746140e+03
1.341073e+03
1.463199e+03
1.447945e+03
1.875400e+03
1.611675e+03
1.633579e+03
1.467770e+03
1.692007e+03
1.461293e+03
1.543565e+03
1.581094e+03
1.254073e+03
1.273217e+03
1.239353e+03
1.604955e+03
1.098367e+03
1.106740e+03
1.157282e+03
1.317315e+03
1.625529e+03
1.434291e+03
1.591822e+03
1.473712e+03
1.357810e+03
1.184612e+03
1.468059e+03
1.423854e+03
1.683152e+03
1.618435e+03
1.772633e+03
1.194218e+03
1.150236e+03
1.509637e+03
1.414666e+03
1.370437e+03
1.266192e+03
1.158535e+03
9.735854e+02
1.198225e+03
1.182498e+03
1.189529e+03
1.188229e+03
1.871620e+03
1.226739e+03
1.309564e+03
1.046186e+03
1.597521e+03
1.708717e+03
1.166109e+03
1.239954e+03
1.989980e+03
1.442272e+03
1.862290e+03
1.314951e+03
1.422082e+03
1.656590e+03
1.341540e+03
1.201254e+03
1.607467e+03
1.689522e+03
1.820778e+03
1.581639e+03
1.572357e+03
1.677431e+03
1.412886e+03
1.694516e+03
1.173815e+03
1.774142e+03
1.370717e+03
2.003932e+03
1.367891e+03
1.706457e+03
1.278467e+03
1.388228e+03
1.356742e+03
1.534650e+03
1.679228e+03
1.130842e+03
1.452445e+03
1.643737e+03
1.499284e+03
1.630127e+03
1.277963e+03
1.265846e+03
1.181825e+03
1.413943e+03
1.451392e+03
1.314685e+03
9.460113e+02
1.088898e+03
1.393681e+03
1.226688e+03
1.432978e+03
1.412376e+03
2.128630e+03
1.732328e+03
1.255858e+03
1.365755e+03
1.349305e+03
1.604262e+03
1.303734e+03
1.154860e+03
1.462886e+03
1.005920e+03
1.351533e+03
1.144720e+03
1.209527e+03
1.401801e+03
1.443250e+03
1.388939e+03
1.445807e+03
1.305585e+03
1.291015e+03
1.173714e+03
1.116849e+03
1.248207e+03
1.272021e+03
1.276277e+03
1.257990e+03
1.306086e+03
1.060787e+03
1.166620e+03
1.222124e+03
1.038435e+03
1.070434e+03
1.150556e+03
6.852417e+02
7.018013e+02
6.727913e+02
6.994504e+02
7.623646e+02
6.137877e+02
5.451910e+02
8.636887e+02
1.557460e+03
1.513211e+03
1.861895e+03
4.652498e+02
2.179963e+02
2.252414e+02
9.975938e+01
1.366000e+02
4.279108e+01
2.343146e+00
1.233442e+02
9.400426e+01
8.771051e+01
4.228649e+01
3.061829e+01
5.892048e+01
9.539337e+01
2.606412e+01
8.737497e+01
4.960923e+01
2.385462e+01
1.610711e+02
2.493321e+02
3.827645e+02
9.774714e+02
6.280841e+01
1.754094e+02
1.570292e+02
6.603370e+02
2.966277e+02
6.893347e+02
1.838701e+02
4.540471e+02
4.346590e+02
3.125820e+02
2.568883e+02
5.802900e+02
3.733315e+02
5.700047e+02
1.438716e+03
1.151835e+03
1.273389e+03
1.421668e+03
1.403191e+03
1.848254e+03
1.839364e+03
1.519203e+03
1.531359e+03
1.339387e+03
1.470205e+03
1.611034e+03
1.286242e+03
1.679170e+03
1.159739e+03
1.417057e+03
2.020775e+03
1.663802e+03
1.487998e+03
1.355464e+03
1.605948e+03
1.696371e+03
1.613955e+03
1.956880e+03
1.844566e+03
1.621331e+03
1.381093e+03
1.247294e+03
1.235182e+03
1.334492e+03
1.638435e+03
1.461180e+03
1.557708e+03
1.416444e+03
1.074164e+03
1.397294e+03
1.507941e+03
1.366144e+03
1.577030e+03
1.442555e+03
1.449607e+03
1.522226e+03
1.782895e+03
1.447739e+03
1.343048e+03
1.937809e+03
1.810177e+03
1.520619e+03
1.187574e+03
1.489660e+03
1.011353e+03
9.872788e+02
8.827268e+02
1.244786e+03
1.024682e+03
1.244660e+03
1.264949e+03
8.692992e+02
6.442432e+02
1.196676e+03
1.262146e+03
1.329770e+03
1.345966e+03
7.751017e+02
8.297631e+02
5.695052e+02
8.059853e+02
4.284062e+02
2.954710e+02
7.100027e+02
9.394689e+02
1.390574e+03
9.827342e+02
1.207159e+03
1.555144e+03
1.278581e+03
1.647144e+03
8.998166e+02
9.919169e+02
8.251149e+02
9.156728e+01
7.007727e+00
1.485930e+02
2.710956e+02
9.949310e+00
2.186090e+02
3.991137e+02
8.772856e+02
5.125413e+02
6.885320e+02
1.449614e+03
1.356759e+03
1.483393e+03
1.482413e+03
1.076765e+03
1.071644e+03
8.152437e+02
8.002203e+02
1.009154e+03
1.024942e+03
8.964045e+02
8.499992e+02
8.017944e+02
1.356678e+03
1.052921e+03
1.217998e+03
9.813817e+02
1.059719e+03
9.556682e+02
8.519818e+02
8.362759e+02
8.536204e+02
1.153482e+03
8.861792e+02
9.257446e+02
1.434004e+03
1.286586e+03
9.135174e+02
1.292886e+03
9.748577e+02
1.424786e+03
1.489777e+03
1.056614e+03
1.391754e+03
1.489483e+03
1.091984e+03
1.293993e+03
1.460980e+03
1.553112e+03
1.479916e+03
1.218151e+03
1.739240e+03
1.862816e+03
1.484999e+03
1.385487e+03
1.340101e+03
1.426381e+03
1.207589e+03
1.463596e+03
1.338384e+03
1.704377e+03
1.164155e+03
1.202052e+03
1.169967e+03
1.057603e+03
1.074549e+03
1.511961e+03
1.393194e+03
1.294220e+03
1.154562e+03
1.250998e+03
1.451595e+03
1.601593e+03
1.378242e+03
1.452756e+03
1.376773e+03
1.442650e+03
9.845121e+02
1.104169e+03
1.243676e+03
1.266562e+03
1.088951e+03
1.288432e+03
1.294982e+03
1.315093e+03
1.308913e+03
1.375703e+03
1.314141e+03
1.265124e+03
1.283738e+03
1.263692e+03
1.360548e+03
1.429943e+03
1.105404e+03
1.034073e+03
1.351075e+03
1.045390e+03
1.331635e+03
1.148889e+03
1.468787e+03
1.267604e+03
1.355424e+03
1.058100e+03
1.155316e+03
1.119134e+03
1.059743e+03
1.133151e+03
1.235129e+03
1.303336e+03
8.932396e+02
1.399815e+03
1.042074e+03
1.094104e+03
1.048457e+03
1.407340e+03
1.328342e+03
1.501311e+03
1.489501e+03
9.916612e+02
1.323710e+03
1.459658e+03
1.483822e+03
9.507868e+02
1.140838e+03
1.600278e+03
1.269481e+03
1.220407e+03
1.245997e+03
1.040375e+03
1.083769e+03
1.427864e+03
1.453604e+03
1.296789e+03
1.276205e+03
1.108865e+03
1.128848e+03
1.423011e+03
1.525389e+03
1.390257e+03
1.949044e+03
1.271149e+03
1.250724e+03
1.443668e+03
1.415038e+03
1.450131e+03
1.621189e+03
1.673253e+03
1.371369e+03
9.950804e+02
1.375314e+03
1.601939e+03
1.445480e+03
1.512583e+03
1.254567e+03
1.501153e+03
1.741014e+03
1.408372e+03
1.339536e+03
1.214007e+03
1.220351e+03
1.348809e+03
1.601183e+03
1.791612e+03
9.536612e+02
7.891168e+02
0.000000e+00
3.858872e+02
1.570743e+03
1.338017e+03
9.422774e+02
1.205550e+03
1.433209e+03
1.333072e+03
1.084346e+03
1.448555e+03
1.409165e+03
1.091912e+03
1.061787e+03
1.405040e+03
1.241286e+03
1.465086e+03
1.393405e+03
1.502299e+03
1.409767e+03
1.532568e+03
1.287669e+03
1.397948e+03
1.474960e+03
1.144864e+03
1.275701e+03
1.448736e+03
1.114459e+03
1.102708e+03
1.053943e+03
1.321407e+03
1.166957e+03
9.777883e+02
1.336147e+03
1.477447e+03
1.401173e+03
1.759875e+03
9.031331e+02
1.341420e+03
1.443893e+03
1.630884e+03
1.762487e+03
1.508350e+03
1.695855e+03
1.415941e+03
1.342517e+03
1.275379e+03
1.406411e+03
1.202914e+03
1.196509e+03
1.435148e+03
1.339224e+03
1.276206e+03
1.839157e+03
1.432757e+03
1.585758e+03
1.512626e+03
1.543366e+03
1.800872e+03
1.584982e+03
2.052038e+03
1.907347e+03
1.069923e+03
1.635634e+03
1.937151e+03
1.230682e+03
9.671546e+02
1.951818e+03
1.523349e+03
1.181618e+03
1.422022e+03
1.565451e+03
1.353157e+03
1.460652e+03
1.613456e+03
1.672425e+03
1.605393e+03
1.711786e+03
1.059738e+03
1.734214e+03
1.258743e+03
1.624885e+03
1.615373e+03
1.569687e+03
1.699069e+03
1.898927e+03
1.680385e+03
1.663315e+03
1.542256e+03
1.603323e+03
1.510404e+03
1.364065e+03
1.499724e+03
1.702563e+03
1.438241e+03
1.242924e+03
1.903522e+03
1.840612e+03
1.954413e+03
1.393873e+03
1.570451e+03
1.578121e+03
1.977102e+03
1.998230e+03
1.812507e+03
1.401860e+03
1.466135e+03
1.468989e+03
1.580800e+03
1.397588e+03
1.546389e+03
1.184699e+03
1.301021e+03
1.363931e+03
1.501202e+03
1.079350e+03
1.132398e+03
1.366525e+03
9.483509e+02
1.300069e+03
1.065504e+03
8.768409e+02
1.250010e+03
1.032303e+03
8.895775e+02
1.314890e+03
1.073086e+03
9.032161e+02
9.532156e+02
1.199844e+03
1.051409e+03
1.034277e+03
1.001022e+03
1.006477e+03
1.074080e+03
1.033814e+03
8.494835e+02
1.323134e+03
1.101905e+03
1.159773e+03
1.052134e+03
9.075132e+02
1.238554e+03
1.089327e+03
1.292152e+03
8.614348e+02
1.024335e+03
9.112478e+02
1.233235e+03
1.133834e+03
1.295877e+03
1.219108e+03
1.446463e+03
1.361592e+03
1.048006e+03
9.494644e+02
8.938602e+02
1.470292e+03
9.724621e+02
7.662815e+02
1.037702e+03
1.261066e+03
1.301467e+03
1.120035e+03
1.203663e+03
1.039910e+03
1.119070e+03
1.189221e+03
1.144396e+03
1.250846e+03
1.135558e+03
1.982773e+03
1.439882e+03
1.338043e+03
1.434058e+03
1.490674e+03
1.797867e+03
1.447064e+03
2.089427e+03
1.602767e+03
1.750086e+03
1.411677e+03
1.991663e+03
1.631728e+03
1.468162e+03
1.057698e+03
1.120212e+03
1.163827e+03
1.246161e+03
1.157435e+03
1.539670e+03
1.347707e+03
1.218554e+03
1.270040e+03
1.002783e+03
1.428055e+03
1.253530e+03
1.091730e+03
1.261539e+03
1.255865e+03
1.465814e+03
1.291178e+03
1.036668e+03
1.231219e+03
1.233634e+03
1.374769e+03
1.526587e+03
1.141369e+03
1.211243e+03
1.038507e+03
1.225672e+03
1.108633e+03
1.135258e+03
1.003508e+03
1.154489e+03
1.328454e+03
9.529384e+02
8.523249e+02
1.349653e+03
9.940696e+02
1.498770e+03
1.208980e+03
1.197537e+03
1.440982e+03
1.177475e+03
1.360078e+03
1.102806e+03
1.202182e+03
1.042208e+03
1.325442e+03
1.298159e+03
1.065787e+03
1.073934e+03
1.052349e+03
1.278733e+03
1.091276e+03
1.712344e+03
1.084588e+03
1.337769e+03
1.557746e+03
1.135470e+03
1.373112e+03
1.331925e+03
1.186277e+03
1.268430e+03
1.356577e+03
1.202249e+03
1.021342e+03
1.019717e+03
1.095858e+03
1.361711e+03
1.064422e+03
8.828534e+02
1.121771e+03
1.282493e+03
1.546673e+03
1.312943e+03
1.135286e+03
1.027930e+03
1.257568e+03
9.561955e+02
9.236871e+02
1.134870e+03
1.065281e+03
1.541075e+03
1.282956e+03
1.634509e+03
1.150096e+03
1.244727e+03
1.192773e+03
1.195219e+03
9.358176e+02
1.113729e+03
1.257621e+03
1.072786e+03
1.146981e+03
9.852142e+02
1.332457e+03
1.036977e+03
1.220726e+03
1.277384e+03
1.000376e+03
1.543554e+03
1.444384e+03
1.164431e+03
1.246513e+03
1.365868e+03
1.225212e+03
1.682128e+03
1.509650e+03
1.720609e+03
1.122853e+03
1.400532e+03
1.341718e+03
1.699383e+03
1.396234e+03
1.765231e+03
1.841461e+03
2.431055e+03
1.691014e+03
1.552044e+03
1.882152e+03
1.566657e+03
1.811605e+03
1.722278e+03
1.880808e+03
1.397225e+03
1.507105e+03
1.659133e+03
2.034758e+03
1.663592e+03
1.731138e+03
1.728097e+03
1.339001e+03
1.477493e+03
1.354032e+03
1.330870e+03
1.382602e+03
1.373290e+03
1.395852e+03
1.483307e+03
1.315320e+03
1.315679e+03
1.248714e+03
2.185018e+03
1.954475e+03
1.911533e+03
1.443865e+03
1.444344e+03
1.649722e+03
1.267813e+03
1.205456e+03
1.305576e+03
1.060693e+03
1.722636e+03
1.542008e+03
1.383535e+03
1.647407e+03
1.671932e+03
1.657172e+03
1.650355e+03
1.468282e+03
1.604834e+03
1.928399e+03
1.346615e+03
1.580996e+03
7.323179e+02
9.289769e+02
5.283023e+02
5.956156e+02
6.779648e+02
7.299856e+02
7.084063e+02
1.261854e+03
9.472662e+02
1.066356e+03
1.395521e+03
1.298937e+03
1.389062e+03
2.065239e+03
1.563791e+03
1.694037e+03
1.689795e+03
1.861773e+03
1.948659e+03
1.919690e+03
1.752191e+03
9.870391e+02
1.713738e+03
1.549463e+03
1.746530e+03
1.470997e+03
7.654050e+02
1.971660e+03
1.496584e+03
1.337845e+03
1.301608e+03
1.426690e+03
1.208246e+03
1.080647e+03
8.230557e+02
1.156563e+03
1.517281e+03
1.134021e+03
1.206412e+03
1.225471e+03
1.180067e+03
1.115704e+03
1.386350e+03
1.147675e+03
1.287655e+03
1.228580e+03
1.032522e+03
9.357754e+02
1.096159e+03
1.152232e+03
1.583266e+03
1.532079e+03
1.260875e+03
1.370833e+03
1.180178e+03
1.277247e+03
1.464358e+03
9.558528e+02
1.087106e+03
1.177937e+03
1.050424e+03
8.362157e+02
1.242899e+03
7.865892e+02
1.111414e+03
1.049652e+03
1.326612e+03
1.540296e+03
1.183974e+03
1.065059e+03
1.149361e+03
1.384886e+03
1.231289e+03
1.497053e+03
1.447156e+03
1.225290e+03
1.597590e+03
1.385655e+03
1.748055e+03
1.212177e+03
1.138056e+03
1.190837e+03
1.288853e+03
1.198498e+03
1.176390e+03
9.349789e+02
1.213968e+03
9.969629e+02
9.674201e+02
1.170584e+03
1.385754e+03
1.203408e+03
1.124288e+03
1.198379e+03
1.113044e+03
1.373579e+03
1.743009e+03
9.976201e+02
1.244088e+03
1.318011e+03
1.338970e+03
1.257448e+03
1.680300e+03
1.128207e+03
1.378362e+03
1.283369e+03
1.187691e+03
9.958456e+02
1.669624e+03
1.177808e+03
2.176577e+03
1.792028e+03
1.691382e+03
1.612505e+03
2.030342e+03
1.166633e+03
1.931726e+03
1.376531e+03
1.477801e+03
1.355805e+03
1.672799e+03
1.339940e+03
1.602753e+03
1.116924e+03
1.078046e+03
1.535051e+03
1.328187e+03
1.202609e+03
9.776062e+02
1.497760e+03
1.382083e+03
1.779686e+03
1.253562e+03
1.891434e+03
1.382626e+03
1.536185e+03
2.017050e+03
1.718345e+03
1.929505e+03
1.693234e+03
1.525757e+03
1.779210e+03
2.079190e+03
2.295928e+03
1.968015e+03
2.394219e+03
2.346811e+03
1.700313e+03
1.360344e+03
2.207464e+03
2.315622e+03
1.827690e+03
2.133043e+03
2.249952e+03
1.741055e+03
2.208456e+03
1.609155e+03
1.634313e+03
2.201622e+03
1.828519e+03
1.988410e+03
1.851012e+03
1.774247e+03
1.845533e+03
2.112659e+03
1.902116e+03
2.154911e+03
2.046714e+03
2.517411e+03
1.545270e+03
2.236101e+03
2.416888e+03
2.663701e+03
2.369969e+03
1.629646e+03
2.150899e+03
1.867395e+03
2.601093e+03
2.013044e+03
2.225257e+03
2.540871e+03
2.409960e+03
2.482576e+03
2.871145e+03
2.578966e+03
1.813602e+03
2.579514e+03
1.982049e+03
2.736231e+03
2.232171e+03
2.147125e+03
2.490137e+03
1.917166e+03
1.889503e+03
2.072821e+03
2.072898e+03
2.137794e+03
2.295731e+03
2.214216e+03
1.531451e+03
1.796037e+03
2.088348e+03
2.131368e+03
1.987610e+03
2.044711e+03
1.914057e+03
1.793209e+03
2.353640e+03
2.379360e+03
1.230812e+03
