29.363366 1.746185 24.080754 
29.494473 2.624097 24.541276 
29.344412 2.390647 25.501996 
28.561666 2.319279 26.120231 
29.011863 3.209891 26.055938 
29.006289 3.519168 25.104983 
28.127245 3.113545 24.854482 
27.890836 4.004225 25.242811 
27.102733 3.390404 25.288818 
27.688541 2.881877 25.919872 
27.082672 3.502894 26.417125 
27.041249 3.030730 27.297662 
27.896044 3.348222 27.708181 
28.237541 4.220204 27.357430 
29.226731 4.081585 27.405264 
29.181931 5.075141 27.509372 
29.343091 5.045710 28.495861 
30.314727 4.988934 28.266299 
31.110062 5.497027 28.596882 
31.516839 5.375271 27.691505 
31.270176 4.914010 26.839216 
32.145285 5.396679 26.804354 
31.866912 5.353123 25.844870 
31.104423 6.000073 25.836776 
30.589646 5.177773 25.594233 
29.752480 4.681249 25.823617 
29.429816 5.460315 26.361152 
28.623615 4.893918 26.532131 
28.767858 4.609316 25.584399 
28.722756 5.489382 25.111696 
27.744429 5.361457 25.274519 
27.132828 4.934974 25.940894 
26.282023 5.411963 25.720409 
25.567161 5.886792 25.207079 
25.218371 5.148026 24.630389 
26.141018 4.769369 24.703465 
26.730265 4.418918 23.975473 
27.487527 4.614657 23.352383 
28.128795 3.927092 23.011754 
28.235837 3.987597 24.004166 
29.146703 4.319697 23.759153 
28.861430 4.917475 23.009966 
29.675148 5.273660 22.550622 
29.902335 4.376932 22.930444 
30.796835 4.823266 22.904836 
31.782895 4.791923 23.068245 
32.359771 5.539416 23.397591 
32.006659 5.194713 24.267356 
31.102560 4.985271 24.639833 
30.997089 5.544874 23.817811 
30.313689 5.793727 23.131490 
29.997632 6.741777 23.167654 
30.805856 7.327332 23.230100 
30.884369 8.265956 22.894212 
31.784014 8.206699 23.326795 
32.674577 8.577599 23.063484 
33.317036 9.276144 22.748396 
33.931708 10.034878 22.964035 
34.388306 10.915674 23.089409 
34.690957 10.440652 22.263118 
35.332053 10.839529 21.607455 
34.488730 10.761816 21.075698 
34.941327 10.067498 20.516164 
35.885201 9.960563 20.828681 
36.118361 9.627025 21.742130 
37.019834 9.880223 22.093181 
36.366594 10.538119 22.467948 
36.512181 9.890002 23.215443 
37.005477 9.817338 24.082264 
36.329349 10.544319 23.962478 
35.356003 10.716285 24.114221 
35.466384 10.058789 24.859550 
34.935273 9.690743 24.096357 
35.801910 9.260646 23.843460 
36.281265 8.679562 23.185767 
35.379823 8.343304 22.913128 
35.474334 7.786185 22.088090 
35.689752 6.972682 21.547898 
36.348649 6.378128 21.087073 
36.897670 6.589761 21.895644 
37.771923 6.104370 21.886754 
38.405422 5.331063 21.912708 
37.796737 4.554004 22.072965 
37.466656 4.094287 21.248522 
37.767065 3.682513 20.388175 
38.277855 4.511196 20.617038 
39.073185 4.250200 20.069925 
40.002066 4.158663 20.428813 
40.530799 4.943047 20.104493 
41.359842 4.473400 19.800980 
41.568738 3.700917 20.400674 
41.993457 4.217528 21.144130 
42.944360 3.915488 21.211623 
43.136549 4.211642 20.276018 
43.085366 5.153398 19.943640 
42.832269 5.719994 19.159477 
43.496074 6.456978 19.286827 
44.097213 6.085570 19.994420 
44.199278 5.430860 20.743378 
43.487866 5.019584 21.313241 
43.371045 4.896394 22.298724 
43.694427 5.438307 23.074453 
42.884824 5.765451 23.561811 
41.928584 6.019933 23.706189 
41.337829 5.440471 23.144733 
41.897125 5.147590 22.369228 
42.076239 5.594570 21.492799 
42.636446 6.306223 21.068868 
42.927625 6.885756 20.307713 
42.305806 6.551300 19.599559 
41.462073 6.028741 19.722215 
40.809801 6.616308 20.201075 
40.670440 7.592565 20.366908 
40.045647 8.254158 19.952266 
39.715206 8.734381 19.139742 
40.468802 9.218007 18.694546 
41.329090 8.921615 19.109344 
41.874678 9.439070 18.450121 
42.031688 10.011488 17.645332 
42.613936 10.814676 17.519329 
42.947023 10.215229 16.791513 
42.976177 9.228877 16.629462 
42.748177 9.461516 15.684001 
-35.765334 -28.547615 -35.606546 
-36.624213 -28.044326 -35.511533 
-37.306759 -28.750538 -35.323395 
-38.219081 -28.798154 -34.916700 
-38.298238 -29.444892 -34.158107 
-38.304875 -28.798992 -33.394714 
-37.755313 -28.567544 -32.591961 
-37.702053 -29.125880 -31.764057 
-38.453414 -28.702699 -31.257723 
-38.214476 -27.731708 -31.248480 
-37.699719 -27.488076 -32.070470 
-36.726453 -27.684525 -32.189468 
-36.341294 -27.316807 -31.343042 
-35.481954 -27.590387 -30.910969 
-34.970371 -26.765134 -30.671717 
-35.472891 -26.902198 -29.818085 
-36.331076 -26.943664 -30.329746 
-36.360639 -27.168161 -29.355720 
-36.787321 -27.207234 -28.452163 
-36.235733 -28.041320 -28.445085 
-37.186606 -28.319178 -28.581600 
-37.937151 -28.453756 -27.934629 
-37.954076 -28.713923 -26.969214 
-38.934163 -28.629016 -27.148714 
-39.149729 -27.723649 -27.514558 
-38.750284 -26.858569 -27.211112 
-37.910751 -26.439876 -27.557349 
-38.273453 -25.516837 -27.429110 
-37.504179 -25.641805 -26.802531 
-37.947619 -26.359424 -26.265517 
-37.353337 -27.021305 -25.808634 
-37.434937 -27.981007 -25.539723 
-37.184177 -28.212641 -26.479651 
-36.457511 -27.925298 -25.855639 
-35.856874 -27.317439 -26.375007 
-35.070793 -27.773068 -26.792713 
-34.544966 -28.622227 -26.743367 
-34.994292 -29.329221 -27.289505 
-35.810085 -28.805185 -27.534182 
-36.738700 -28.994349 -27.214979 
-36.866020 -29.771387 -26.598537 
-35.879871 -29.932989 -26.561190 
-36.212511 -30.432659 -27.360990 
-35.395070 -31.008577 -27.371464 
-35.065112 -30.655345 -26.496047 
-35.645441 -31.326858 -26.035299 
-36.362500 -32.002448 -25.863824 
-37.270433 -32.137179 -25.466954 
-37.274563 -33.002405 -24.965590 
-37.458463 -32.290369 -24.287957 
-36.499451 -32.572936 -24.309213 
-35.635091 -32.086825 -24.437968 
-34.850175 -32.473196 -23.953589 
-35.344343 -33.177338 -24.463472 
-34.932035 -33.105657 -25.371693 
-35.510384 -33.212866 -26.180407 
-35.161993 -32.284537 -26.050684 
-34.240173 -32.000901 -25.786491 
-33.911118 -32.861065 -26.176157 
-33.139130 -32.871252 -25.540602 
-32.832713 -33.646099 -24.987682 
-33.820601 -33.704617 -25.131396 
-33.938422 -33.050454 -24.384275 
-33.880379 -32.057825 -24.490664 
-33.267198 -31.481043 -23.950912 
-32.748854 -32.176644 -23.453459 
-32.079910 -31.654920 -23.982910 
-31.174637 -31.824178 -23.593253 
-31.901259 -31.587579 -22.948241 
-31.062071 -31.347463 -22.460279 
-30.835338 -30.538872 -21.917348 
-30.475681 -29.911100 -22.607673 
-29.955126 -29.058818 -22.659048 
-29.336363 -28.380985 -22.261967 
-30.304106 -28.298433 -22.023935 
-30.485532 -27.715421 -22.815883 
-30.659800 -26.768966 -22.544122 
-30.678565 -26.720029 -21.545496 
-30.569343 -27.306199 -20.742704 
-30.446242 -26.349324 -20.479579 
-31.188907 -25.681948 -20.424275 
-31.587621 -24.981087 -21.015731 
-31.110326 -25.731594 -21.472817 
-30.252496 -25.231602 -21.591711 
-30.657367 -24.689663 -22.328176 
-30.488580 -23.857246 -21.800357 
-29.875700 -23.260701 -22.318538 
-28.937430 -23.605197 -22.349696 
-28.294346 -23.031141 -22.856552 
-27.690140 -23.488167 -23.509286 
-26.976549 -24.174132 -23.367015 
-26.829310 -25.112796 -23.055198 
-25.964101 -25.302852 -22.591203 
-25.974080 -24.353537 -22.905373 
-26.677541 -24.408279 -22.196751 
-26.885978 -23.503007 -21.826568 
-27.564904 -24.113933 -21.419347 
-26.619177 -24.233639 -21.117237 
-25.876833 -23.729233 -21.558260 
-24.962625 -24.029289 -21.285882 
-25.025211 -24.021863 -20.287870 
-25.708129 -24.735017 -20.446093 
-25.822405 -24.937120 -19.473419 
-25.222204 -24.299182 -18.990930 
-25.675368 -23.507520 -18.581158 
-26.469324 -24.098065 -18.725697 
-26.750177 -23.264291 -19.201032 
-26.743058 -22.412530 -18.677150 
-27.698162 -22.419634 -18.380963 
-27.816478 -23.410230 -18.312254 
-28.135721 -24.194211 -18.844662 
-29.107186 -24.170576 -19.080665 
-29.087188 -25.153203 -19.265175 
-29.452882 -25.259214 -18.340496 
-11.831234 9.473885 -16.654746 
-11.786016 8.522622 -16.349697 
-11.806579 8.591345 -17.347121 
-10.930932 8.452039 -16.884695 
-10.237233 7.977109 -17.426196 
-10.382779 8.585962 -18.206012 
-9.497009 9.019420 -18.040106 
-8.626775 8.666108 -17.696793 
-8.517107 9.233580 -16.880737 
-8.078081 9.697404 -17.650232 
-7.774614 10.401756 -18.291945 
-7.141099 9.633392 -18.382911 
-7.252818 8.639762 -18.397719 
-7.804494 7.824421 -18.573422 
-7.131572 7.509055 -17.904303 
-7.944974 7.553857 -17.324329 
-8.276478 7.207237 -16.446855 
-7.604039 6.679480 -16.965794 
-8.482732 6.207550 -17.037767 
-8.334833 6.036255 -18.011823 
-7.422033 6.417348 -18.158674 
-7.355786 6.967570 -18.991060 
-8.168002 6.880547 -19.567890 
-7.991972 5.997049 -20.001993 
-7.865229 6.754605 -20.642341 
-8.261384 7.118626 -21.485282 
-8.185431 7.939163 -20.918758 
-8.686902 8.704489 -21.322247 
-9.419688 9.374965 -21.206115 
-10.325933 9.793958 -21.262371 
-10.249186 10.602378 -21.845952 
-9.335484 10.265532 -22.073295 
-8.362028 10.076506 -21.944249 
-8.273823 9.125688 -22.241174 
-8.735445 9.195450 -23.125503 
-7.955843 9.430883 -23.705841 
-8.641599 10.097649 -23.997667 
-9.308806 10.337361 -24.702914 
-10.190063 10.569900 -25.114389 
-11.044876 10.712074 -25.613469 
-11.527411 11.089032 -26.404078 
-12.389756 10.603279 -26.546926 
-12.935120 9.957320 -27.081075 
-13.760745 9.454848 -26.824430 
-13.964563 9.313263 -27.793146 
-14.045252 8.401645 -28.196187 
-14.692256 8.630656 -28.923469 
-15.223912 7.901707 -29.354718 
-14.775363 7.262309 -28.730239 
-14.533474 6.327942 -28.468612 
-13.639565 5.886980 -28.549104 
-13.676061 4.897939 -28.692163 
-13.189159 4.178130 -29.186936 
-12.268098 4.382353 -29.518507 
-12.635504 3.701450 -30.152056 
-12.041349 4.365062 -30.606587 
-11.208914 3.952342 -30.976335 
-10.752072 3.249898 -30.430563 
-10.128778 2.488921 -30.250512 
-9.508982 2.799962 -29.530021 
-9.188110 3.433358 -30.234188 
-8.455203 4.103321 -30.352500 
-7.461933 3.988523 -30.337138 
-7.377871 4.983254 -30.395825 
-7.468747 5.857424 -30.872866 
-6.584837 5.469513 -31.134072 
-6.322581 6.240596 -30.553855 
-6.430047 6.991638 -29.902404 
-5.689417 7.200552 -30.541013 
-5.665337 6.886536 -31.490126 
-6.405322 7.262424 -32.047915 
-6.229832 8.019874 -32.676781 
-5.646178 7.634749 -33.391642 
-5.768899 6.853325 -34.003455 
-5.642997 6.438216 -34.904473 
-4.806116 6.300147 -35.434158 
-4.058129 5.664212 -35.244151 
-3.248123 5.350775 -35.739779 
-3.113114 4.420824 -36.081779 
-3.347645 3.554113 -35.641544 
-4.193010 4.015855 -35.910153 
-4.712377 4.708427 -36.410757 
-3.904897 4.707054 -37.000650 
-2.907429 4.689297 -37.069514 
-1.969527 4.994554 -37.234312 
-1.571213 4.118598 -36.962197 
-1.682858 4.040243 -35.971543 
-1.383765 3.982406 -35.019073 
-1.987698 3.203356 -35.187434 
-2.634747 3.766785 -34.673746 
-2.186634 4.509932 -34.176828 
-2.100814 4.764932 -33.213703 
-1.167403 4.628434 -32.881870 
-1.059708 5.065461 -31.988892 
-0.732962 5.992324 -31.804062 
-0.493851 6.602054 -32.559744 
0.264167 6.940401 -32.002134 
0.909391 6.472295 -31.398344 
1.885209 6.386845 -31.197152 
2.623726 6.149665 -31.828291 
3.609020 6.026178 -31.710195 
25.621766 -7.577215 -33.867546 
26.195299 -8.116539 -34.484142 
25.949863 -7.646981 -35.332243 
26.274158 -8.588202 -35.426767 
25.865065 -9.359341 -35.914608 
26.524510 -9.985611 -36.330443 
27.115829 -10.787449 -36.244429 
27.573472 -10.263726 -35.525905 
28.196265 -9.859981 -34.855741 
28.256253 -10.857162 -34.900817 
28.684376 -11.328239 -34.129587 
29.313159 -11.937916 -34.612212 
29.600321 -11.033934 -34.929000 
30.287155 -10.318499 -34.800890 
29.831418 -9.561367 -34.332857 
30.415132 -9.289630 -33.567718 
30.758999 -8.507101 -33.048677 
30.155277 -7.714108 -33.130419 
30.233665 -8.137825 -34.032816 
29.880323 -7.202543 -34.012861 
28.934920 -7.112236 -33.699721 
28.533587 -7.702438 -34.400146 
28.952318 -8.407656 -34.972276 
28.329873 -7.775695 -35.433998 
29.293568 -7.524392 -35.524209 
29.738708 -8.171321 -36.143349 
30.675248 -8.521735 -36.153397 
30.923992 -8.063353 -37.006634 
30.489903 -7.200049 -36.749200 
30.836271 -7.452931 -35.845828 
31.667870 -7.039704 -35.474766 
31.604225 -6.049205 -35.352857 
31.645617 -5.128685 -35.741353 
31.532772 -5.063174 -34.749903 
30.694927 -4.581027 -35.005933 
30.095909 -4.038366 -35.594742 
30.060404 -5.001863 -35.860097 
30.697821 -5.467410 -36.474072 
31.430919 -6.039708 -36.841552 
31.044021 -6.513450 -37.632677 
31.642222 -6.503912 -38.433967 
31.681858 -5.640735 -37.930624 
31.541670 -4.783857 -37.434531 
30.754964 -5.270829 -37.813943 
30.223482 -4.436432 -37.959917 
29.435363 -4.847683 -38.417892 
28.670519 -4.583264 -37.830443 
29.312364 -3.824474 -37.941226 
29.644333 -3.217720 -37.218976 
30.339563 -3.179468 -36.501207 
29.778357 -2.365937 -36.348842 
30.376582 -1.640714 -36.007994 
31.210279 -2.192838 -36.018471 
31.046899 -2.431859 -36.975642 
30.360944 -2.502779 -37.699822 
31.267180 -2.228794 -38.021799 
31.735748 -3.083661 -37.798987 
31.239999 -3.381452 -38.614802 
32.164508 -3.595089 -38.930463 
32.305703 -4.241116 -38.180321 
32.872713 -4.749055 -37.531863 
33.301460 -4.844798 -36.633527 
33.674574 -3.917809 -36.595075 
34.354575 -3.187899 -36.525583 
34.437263 -3.447369 -37.487788 
35.199857 -3.822837 -38.014546 
35.795451 -3.578294 -37.249388 
35.952565 -2.596368 -37.354919 
35.754453 -2.844421 -38.303192 
36.625785 -2.375958 -38.449217 
36.961670 -2.533498 -37.520582 
37.278439 -3.157005 -36.805813 
37.688308 -3.243728 -35.897800 
37.345602 -2.460121 -35.379618 
36.428495 -2.081409 -35.255150 
36.627869 -1.551710 -36.079570 
36.597983 -1.581367 -37.078684 
35.605850 -1.465080 -37.032325 
35.517769 -0.760544 -36.328144 
35.033275 -0.392697 -37.121841 
35.965348 -0.031964 -37.155181 
36.669405 -0.638262 -37.524919 
36.599551 -0.818384 -38.506080 
36.422619 -1.015214 -39.470420 
37.383793 -1.217503 -39.282739 
37.985423 -0.750109 -38.634986 
38.340951 -0.702859 -39.568456 
39.209966 -0.464041 -40.001791 
39.395935 -1.169088 -39.317449 
39.309173 -1.520280 -40.249724 
39.328888 -2.258189 -39.575113 
38.355284 -2.091955 -39.731513 
38.313455 -1.616669 -40.610349 
37.470357 -1.358504 -41.082088 
37.467184 -2.332852 -40.857064 
36.755882 -3.009873 -40.668138 
36.041947 -3.516433 -40.184720 
35.535992 -2.666155 -40.329760 
74.003566 11.624985 2.337854 
73.779292 10.769826 1.870516 
74.060973 9.921991 1.421258 
73.710603 9.892649 0.485106 
73.118126 10.627772 0.155615 
73.356121 11.472038 0.635796 
72.579617 11.310169 1.244762 
71.784734 11.124250 0.667186 
70.828537 11.362658 0.497336 
70.325007 10.587751 0.879406 
69.860417 9.835992 1.347394 
69.747016 8.847556 1.448064 
70.040966 8.038495 0.939131 
70.854791 7.462358 1.014991 
71.505737 6.855745 0.558603 
71.293036 6.292861 -0.240096 
71.348188 6.687654 -1.157209 
71.983091 7.041040 -0.470175 
72.584353 7.522402 -1.107963 
71.695308 7.839681 -1.438012 
71.121429 8.032884 -2.233836 
70.594488 7.473349 -2.873565 
70.467501 6.483476 -2.810109 
70.349866 6.126592 -3.736821 
70.634418 7.076495 -3.866102 
70.245122 7.992026 -3.967357 
71.023651 8.422104 -4.424441 
71.000723 9.267760 -4.957678 
70.139265 9.516442 -5.400451 
69.601542 9.998087 -4.708446 
70.051859 10.635047 -4.082749 
70.706307 10.438637 -3.352598 
71.125353 10.764590 -4.200039 
71.446791 11.703762 -4.079065 
72.325492 11.694332 -3.601785 
72.240537 10.984572 -4.301087 
73.089337 11.067091 -4.823323 
73.148972 11.199497 -5.812723 
74.118142 11.230344 -6.057176 
73.665434 11.364793 -6.938640 
73.134839 11.697870 -7.718082 
72.201892 11.410304 -7.501483 
72.454290 10.868704 -8.303333 
72.020538 11.571986 -8.866587 
71.653414 12.179221 -9.571203 
71.829892 11.463285 -10.246696 
71.914383 10.812667 -11.001386 
72.159158 9.900215 -11.329284 
71.325005 9.862204 -10.779062 
71.932169 9.463987 -10.091476 
72.194233 8.954065 -10.910807 
73.054184 9.170444 -10.448567 
73.426317 8.243211 -10.490455 
73.665547 8.164485 -11.458221 
72.870628 7.557805 -11.451634 
71.960111 7.167640 -11.314776 
71.572904 6.598322 -10.589554 
71.978997 7.174529 -9.880277 
72.348981 6.490130 -9.252018 
71.854373 7.062799 -8.598251 
72.413984 7.856349 -8.837236 
73.372485 8.076725 -9.018095 
73.198888 9.059925 -9.074509 
72.569096 9.708736 -8.647418 
72.894835 9.763116 -7.703524 
72.473383 10.357607 -7.018718 
71.474324 10.314251 -7.017926 
70.731684 10.396936 -7.682493 
70.706668 11.163648 -8.323997 
70.321342 10.625933 -9.073921 
70.385551 11.555666 -9.436514 
70.794382 11.108232 -10.231914 
70.294492 10.291106 -10.518994 
70.699066 10.568889 -11.390291 
69.893803 10.759835 -11.951620 
69.502118 11.570482 -11.516380 
69.784926 11.248688 -10.612794 
68.861786 10.989190 -10.896472 
68.702902 10.018139 -10.718104 
67.810008 10.086460 -11.163158 
66.811656 10.106485 -11.216942 
66.969068 10.509439 -10.315360 
66.817161 11.265282 -9.678473 
65.979564 11.796132 -9.807427 
66.318217 11.624076 -8.882380 
67.235001 11.245603 -8.754843 
67.720890 11.219296 -7.881218 
66.818747 11.610096 -7.698419 
65.843491 11.571442 -7.916092 
65.521129 12.511408 -8.028106 
65.807844 12.662578 -8.974120 
65.322506 11.788440 -8.955983 
64.677702 11.293524 -8.373500 
64.232685 11.735223 -9.152514 
63.771999 12.582795 -8.889094 
55.914966 -19.155815 31.785454 
55.422640 -19.606277 32.530235 
54.687777 -18.928768 32.499272 
54.052697 -19.243697 31.793941 
53.077417 -19.023074 31.781464 
52.768872 -18.576164 32.621150 
53.553238 -17.959568 32.688819 
54.271888 -18.218947 33.334004 
55.111033 -18.379420 33.853701 
56.069885 -18.496212 33.594931 
56.999564 -18.144491 33.704429 
57.056101 -18.522849 34.628360 
58.003357 -18.735589 34.868046 
57.996716 -18.241759 35.737579 
57.340101 -17.536224 36.004182 
58.018169 -17.264115 36.686956 
58.531606 -16.624805 36.114537 
58.868665 -16.526584 37.050883 
59.500551 -17.203463 37.428446 
60.002963 -16.628723 36.782493 
60.746895 -16.461074 36.135608 
61.094171 -17.340473 35.809944 
62.061389 -17.172974 35.619071 
62.071703 -16.767664 34.704951 
62.986269 -16.430577 34.481473 
63.491409 -17.197254 34.085190 
64.031653 -17.862158 34.600981 
63.917204 -18.744618 35.057233 
63.479389 -19.290412 35.771675 
63.887695 -18.423872 36.058721 
64.843776 -18.230359 36.278863 
65.566409 -18.676756 35.751104 
65.830476 -19.284418 36.500114 
66.038980 -20.198554 36.847793 
66.253475 -19.768468 37.724730 
67.005348 -20.113787 38.286372 
67.984461 -20.284213 38.175500 
68.925808 -19.947741 38.201054 
69.890252 -20.095507 37.981936 
70.132618 -20.038283 37.013441 
70.758947 -20.271836 36.269690 
71.203452 -19.938716 37.101222 
70.960650 -19.328207 37.855096 
70.817070 -19.007558 36.918843 
70.691152 -18.314010 37.628164 
69.944437 -18.025566 38.227511 
69.340344 -18.811897 38.098067 
68.938871 -18.484596 38.953458 
68.320570 -17.984185 38.347411 
68.093648 -17.074581 37.999376 
67.859046 -17.198717 37.035243 
67.844543 -18.141251 36.701450 
66.905930 -18.320792 36.406882 
67.447060 -17.709079 35.829832 
66.734109 -17.463189 35.173144 
66.109039 -18.115864 34.745004 
66.208478 -19.063365 35.048900 
66.397999 -19.778887 35.721292 
65.532524 -20.194684 35.441889 
65.300407 -21.113094 35.762270 
66.164954 -21.481980 35.420977 
65.555273 -22.007583 34.827656 
65.034653 -22.729461 34.371754 
64.585937 -22.210641 33.644101 
65.194521 -21.491842 33.308015 
66.014483 -20.996237 33.021592 
66.239320 -21.877482 33.437351 
66.977120 -21.265157 33.153256 
67.044093 -21.266433 34.151010 
67.704376 -20.517011 34.102096 
67.218351 -19.688826 33.823009 
68.168468 -19.397182 33.933562 
67.539649 -18.675814 33.643360 
67.753479 -19.356289 32.942481 
68.366020 -19.550182 32.176192 
68.430668 -18.563824 32.024803 
68.142210 -17.644813 32.293524 
68.890735 -17.026340 32.532690 
69.882036 -17.096638 32.421424 
70.495365 -17.885978 32.393671 
69.836008 -18.420725 32.922154 
69.336314 -19.155358 33.381089 
69.213153 -19.382542 34.347121 
68.861159 -18.460001 34.505290 
68.433459 -18.084828 35.327676 
67.779525 -18.827728 35.184605 
67.697416 -19.581830 35.836210 
67.255143 -20.461990 35.663836 
68.105007 -20.348474 35.149205 
67.925029 -21.299570 35.400249 
68.395330 -20.790660 36.121239 
69.061694 -21.451612 35.776129 
70.054750 -21.538877 35.855030 
70.207486 -22.418687 36.305148 
52.628206 -0.666815 -37.290546 
51.781051 -0.852122 -37.788532 
51.707211 -0.039255 -37.210781 
50.781620 -0.416014 -37.247299 
51.311288 -1.168453 -36.855780 
50.474994 -1.654156 -36.601409 
49.596762 -1.219668 -36.401589 
49.531630 -1.523231 -35.451006 
50.420605 -1.161912 -35.169633 
50.308593 -0.168600 -35.197634 
51.222639 0.153760 -35.443814 
50.812759 1.019049 -35.732387 
50.895526 1.423895 -36.643018 
50.946183 0.425204 -36.635987 
50.052819 0.193379 -36.251074 
49.494551 0.754821 -35.640240 
48.721768 1.126536 -35.125813 
49.386799 1.769019 -35.506536 
50.119846 1.778669 -34.826427 
49.347773 2.196962 -34.347955 
49.458839 2.830895 -33.582584 
48.782930 2.954619 -32.856060 
47.789340 2.934216 -32.967251 
48.183926 2.132058 -33.415408 
48.731948 1.411045 -32.991364 
49.097959 0.504960 -33.203602 
50.065572 0.410016 -32.969699 
51.059839 0.344525 -32.885175 
51.462821 0.859519 -32.128613 
51.461696 0.838360 -31.128837 
50.998425 -0.032084 -30.962380 
51.093489 -0.897580 -31.454192 
50.756689 -1.134035 -32.365595 
51.492703 -0.858110 -32.983777 
52.289703 -0.947974 -32.386520 
52.660124 -1.762707 -32.832614 
53.594454 -1.406853 -32.852469 
53.996409 -1.367430 -33.767279 
54.678806 -2.082561 -33.918678 
55.392371 -1.803204 -34.561162 
55.954687 -1.012073 -34.320509 
55.458478 -0.563588 -35.063906 
54.645627 -0.013076 -35.254192 
55.374585 0.319925 -35.852298 
55.369956 0.983870 -36.600065 
55.071634 1.647952 -35.914501 
54.295795 2.166727 -36.273592 
54.764452 2.877365 -35.748851 
54.775534 3.261858 -36.671912 
54.391806 3.353295 -37.590820 
54.514878 3.983484 -38.357446 
54.970116 4.551606 -37.671883 
54.062077 4.298170 -37.338363 
53.759934 3.532819 -36.770078 
53.143642 4.295553 -36.574064 
52.778425 4.715648 -37.404809 
51.805852 4.702736 -37.172570 
51.100521 4.662792 -37.880323 
50.457495 3.947036 -37.607906 
49.977980 3.309783 -38.211208 
50.912979 3.206506 -38.550487 
50.811094 4.146710 -38.875506 
51.068609 5.086209 -39.101398 
51.894929 5.646559 -39.044806 
52.556998 5.004299 -39.431027 
53.446585 4.762438 -39.818504 
52.881923 5.094082 -40.574261 
53.161932 5.887575 -41.114599 
53.637383 6.725593 -41.382314 
53.969798 6.465862 -42.288978 
53.501574 7.278316 -42.636376 
53.945974 8.174144 -42.636744 
54.500368 7.555656 -43.193628 
54.389941 8.406177 -43.707845 
54.265609 7.740660 -44.443798 
54.833821 8.535014 -44.658590 
55.391680 8.129528 -43.934452 
55.901130 7.699312 -43.189218 
56.364391 6.951333 -42.713911 
55.934961 6.075485 -42.934095 
54.959194 5.940168 -42.762143 
54.895348 6.213474 -43.721949 
54.409965 5.348097 -43.846549 
54.915867 4.493081 -43.732481 
55.094763 3.509386 -43.714011 
55.619217 3.046207 -42.999579 
55.737184 2.171774 -42.528992 
54.908029 2.274340 -43.078521 
54.446411 1.866627 -42.290689 
53.800570 1.629916 -43.016539 
53.095477 1.813738 -42.331664 
-1.304334 -63.637115 -30.038446 
-0.809918 -64.086764 -30.782334 
-1.200003 -64.989595 -30.601425 
-1.086109 -65.208381 -29.632322 
-0.145629 -65.546061 -29.670664 
-0.265743 -65.688842 -28.688225 
0.469810 -66.171139 -28.212461 
0.811905 -66.188623 -29.151964 
1.587177 -66.765486 -29.409222 
1.760995 -66.897727 -28.433364 
2.289157 -67.673439 -28.087942 
1.985040 -67.836962 -27.149447 
0.988469 -67.782892 -27.086828 
0.648324 -68.122071 -27.963902 
1.189663 -68.929499 -28.198449 
0.977906 -69.486487 -27.395378 
1.935462 -69.301456 -27.616398 
2.157982 -70.270576 -27.510136 
1.325991 -70.690105 -27.147111 
0.792739 -70.554474 -27.982124 
-0.062638 -71.024318 -27.764000 
-0.933642 -70.953681 -27.277828 
-1.221244 -70.033882 -27.544763 
-0.478642 -69.523835 -27.978807 
-0.272359 -68.728660 -28.549021 
-0.267175 -68.595249 -27.557974 
-0.662632 -69.086043 -26.781614 
-1.324686 -69.742231 -26.419534 
-1.583930 -69.321540 -25.550159 
-0.931239 -68.575616 -25.682795 
-0.901109 -68.031016 -24.844641 
0.088275 -67.953555 -24.967596 
-0.290650 -67.811271 -24.053173 
0.611891 -67.421771 -24.236775 
1.279654 -66.704653 -24.037190 
0.593342 -66.377526 -23.387602 
1.058023 -65.511377 -23.571611 
1.306470 -64.542831 -23.557788 
2.086605 -65.045327 -23.930462 
2.239782 -64.853097 -24.899784 
2.468083 -64.973200 -25.865938 
2.872792 -65.170919 -26.758752 
3.742786 -65.509731 -27.116964 
3.503353 -64.914219 -27.883800 
2.725494 -64.324624 -28.101318 
2.716258 -65.107951 -28.722860 
2.587807 -65.833921 -28.047236 
1.711329 -65.352871 -28.027799 
1.061444 -65.219912 -27.279487 
1.493348 -64.431611 -26.841262 
0.882252 -63.987163 -26.186260 
0.357845 -63.185503 -25.899312 
-0.083641 -63.023860 -26.781900 
-0.584490 -62.487768 -26.102374 
-0.370962 -61.978620 -25.268604 
-0.279984 -61.943455 -24.273372 
-0.535585 -62.756304 -23.749974 
-1.277608 -62.253202 -23.306927 
-1.476193 -61.895773 -24.219511 
-1.046896 -61.113386 -23.768319 
-1.116025 -60.129029 -23.606264 
-1.606186 -60.725426 -22.970613 
-1.876415 -61.216195 -22.142288 
-1.824427 -61.572831 -21.209493 
-2.822861 -61.621682 -21.236773 
-3.171194 -62.461957 -20.821319 
-2.848959 -62.024576 -19.981757 
-2.922232 -62.963597 -19.645794 
-3.732801 -63.052148 -19.066884 
-4.387759 -62.805178 -19.781052 
-4.234072 -63.657018 -20.281800 
-5.204243 -63.657507 -20.039381 
-5.170218 -63.824448 -21.024761 
-5.854957 -63.347191 -21.575542 
-6.670674 -63.025753 -22.056461 
-6.998408 -63.784218 -21.493149 
-7.907697 -63.416026 -21.299168 
-7.996672 -63.993836 -22.110475 
-8.151735 -64.699114 -22.802240 
-8.212413 -64.775185 -23.797494 
-9.116158 -64.451091 -23.517837 
23.633366 -37.744095 -13.465146 
24.393141 -37.674976 -14.111648 
24.244427 -36.842565 -14.645480 
23.493330 -36.643908 -14.015886 
22.776360 -36.715470 -13.322465 
23.076652 -35.842264 -12.938623 
23.644931 -35.551716 -13.708454 
24.216240 -35.381888 -12.905482 
25.030467 -34.809800 -12.806741 
25.037624 -34.159918 -12.046740 
25.958990 -34.322495 -12.399803 
26.809707 -34.247319 -11.879583 
26.806438 -34.812490 -12.704550 
27.764484 -34.526689 -12.726121 
28.667822 -34.921316 -12.894193 
29.142881 -34.062952 -13.087923 
29.530833 -34.233885 -13.993614 
29.811659 -33.312883 -14.263597 
30.617027 -33.746880 -14.667364 
31.143108 -33.034824 -15.132355 
32.036901 -32.599451 -15.024726 
32.499698 -32.813323 -14.164449 
32.606865 -33.793399 -14.331678 
31.788823 -33.918753 -14.893009 
32.201991 -33.809215 -15.797052 
33.157540 -34.101789 -15.833474 
33.651562 -34.898962 -15.486404 
32.763329 -35.333933 -15.338611 
32.318415 -35.936088 -14.675693 
32.482873 -36.110477 -13.704847 
31.988162 -36.878853 -14.110874 
32.827413 -36.963401 -14.648007 
33.243166 -37.467322 -13.890898 
33.857538 -36.712730 -13.660382 
34.067520 -35.744711 -13.523096 
34.606923 -35.324063 -12.793644 
34.577084 -34.325758 -12.843597 
35.051577 -33.859852 -13.590449 
34.798951 -32.948461 -13.915328 
35.721410 -32.926762 -14.300812 
35.711402 -33.617577 -15.023774 
36.585143 -33.665768 -15.507773 
36.372990 -33.477719 -16.466746 
36.049917 -34.027299 -17.237191 
35.838991 -34.016149 -18.214629 
36.531428 -33.314441 -18.046889 
37.448033 -33.714087 -18.057726 
38.253778 -34.173926 -17.684465 
39.003156 -34.361869 -18.319374 
39.061252 -34.368439 -19.317663 
39.662234 -35.081831 -18.957257 
40.238214 -34.275469 -18.822992 
40.186033 -34.647340 -19.749809 
41.164320 -34.796425 -19.605834 
41.929998 -34.153203 -19.607415 
42.802340 -33.766940 -19.307713 
43.595225 -34.303146 -19.018202 
44.115006 -33.851053 -19.743074 
43.855737 -32.999109 -19.288133 
44.454598 -32.868984 -18.497923 
44.880869 -32.219248 -17.868529 
44.970664 -33.000788 -17.251170 
44.347867 -33.742064 -17.000902 
44.416067 -34.595053 -16.483448 
43.447455 -34.458766 -16.275563 
43.552242 -34.866290 -17.182726 
44.033354 -35.485747 -17.803051 
44.617166 -36.243021 -17.510306 
44.590495 -36.485884 -18.479999 
45.582513 -36.540847 -18.593487 
46.274418 -35.909959 -18.242420 
47.041821 -35.480586 -17.766256 
47.766950 -35.833456 -18.357585 
47.335465 -36.708700 -18.139026 
47.101120 -37.516840 -17.598663 
46.893139 -38.067224 -16.790071 
46.184833 -37.364326 -16.855166 
45.612788 -37.372312 -16.034982 
-70.710034 5.256385 -29.633746 
-71.493774 5.122113 -30.240148 
-71.932782 5.264569 -29.353030 
-72.591822 5.673927 -28.722085 
-73.298579 6.087059 -28.147788 
-73.630382 6.446876 -29.019819 
-73.927277 7.002657 -28.243313 
-73.273961 7.389315 -27.592411 
-73.423632 6.701388 -26.882230 
-74.139513 6.021802 -26.721990 
-74.194703 6.608981 -25.914417 
-74.730576 7.293577 -25.420281 
-73.803629 7.667844 -25.393935 
-73.990473 8.350787 -26.100107 
-74.866289 8.832928 -26.078056 
-74.828430 9.798420 -26.335722 
-74.654983 10.574218 -26.942397 
-74.127253 11.395805 -26.726769 
-73.324539 11.896558 -26.402894 
-73.088637 12.360340 -25.548929 
-73.375008 13.014217 -26.249240 
-73.590531 13.726581 -26.917137 
-73.052566 14.568626 -26.877705 
-72.104161 14.754130 -26.620576 
-71.450646 15.465932 -26.363173 
-70.610737 15.465236 -26.905901 
-70.968020 16.373841 -27.122200 
-71.722540 16.376096 -27.778474 
-71.340829 15.468087 -27.951149 
-70.439881 15.713732 -28.308854 
-70.457195 16.131718 -29.217142 
-69.653145 16.185739 -29.809245 
-69.159636 15.894601 -30.628811 
-70.136640 15.727435 -30.761171 
-70.330650 16.223229 -31.607663 
-71.093656 16.844480 -31.786183 
-71.940174 17.333326 -31.575379 
-72.883497 17.507417 -31.292832 
-73.669311 17.254672 -31.857293 
-73.195610 17.767590 -32.573200 
-73.822663 18.284821 -33.155675 
-74.602914 18.164376 -32.541916 
-74.985553 18.276872 -31.624893 
-74.691393 17.922334 -30.737327 
-74.033834 17.502980 -30.111421 
-73.795848 16.549076 -29.928581 
-74.480550 15.888851 -30.237265 
-74.799957 16.790775 -29.946554 
-75.756035 17.081774 -29.911421 
-75.697761 17.498837 -29.004413 
-75.227904 18.311737 -29.348548 
-75.902006 18.106185 -30.058009 
-76.829274 17.850188 -30.331209 
-77.621668 18.252498 -30.789749 
-76.731222 18.601320 -31.082033 
-77.280977 18.648421 -31.916030 
-78.220324 18.990299 -31.888712 
-78.351068 19.188527 -32.860109 
-78.777123 20.000211 -32.460552 
-79.327034 20.087186 -33.291235 
-79.410783 19.325601 -33.933866 
-79.992846 18.831713 -34.579835 
-80.665498 19.456665 -34.976036 
-81.591181 19.765262 -35.194848 
-82.266579 19.871134 -35.924662 
-82.534887 20.328862 -35.077021 
-83.348097 19.924835 -35.495892 
-84.079138 20.067867 -36.163065 
-83.968194 20.903565 -35.625199 
-84.713249 20.738684 -34.978896 
-84.645336 21.252685 -34.123799 
-85.087384 20.363735 -34.003955 
-85.890533 19.904896 -34.383978 
-86.825580 19.647506 -34.140176 
-87.457065 19.874621 -34.881556 
-86.956318 20.061534 -35.726728 
-86.334753 19.298130 -35.551025 
-85.803361 18.454514 -35.628055 
-85.532868 18.084010 -34.739483 
-84.599701 18.130416 -34.383050 
-84.048469 18.773322 -33.851246 
-83.254083 19.011147 -34.410165 
-17.244734 -10.190515 4.894854 
-18.073609 -9.770004 5.263821 
-18.649694 -9.022909 5.595445 
-18.731138 -8.334874 6.316538 
-19.066727 -9.067623 6.908534 
-19.222721 -10.044563 6.762746 
-18.283107 -10.386172 6.742047 
-18.687156 -11.078801 6.144545 
-17.692196 -11.096015 6.045760 
-17.457866 -11.727981 6.784481 
-17.251205 -12.148911 7.667719 
-16.756534 -13.014996 7.595637 
-16.366741 -13.697919 6.977836 
-15.742167 -14.478879 6.974831 
-15.188415 -15.281750 6.754021 
-15.001882 -15.402132 5.778976 
-15.352166 -14.833126 5.034977 
-15.474565 -13.846745 4.925112 
-16.347999 -13.571095 4.523701 
-17.104392 -13.373536 3.900131 
-17.162401 -14.255853 4.367199 
-17.950574 -13.651521 4.483678 
-18.268203 -12.825249 4.018505 
-18.905751 -12.478830 3.330372 
-19.613946 -13.053378 2.920062 
-19.117049 -13.130614 2.055696 
-19.733384 -12.462541 1.638792 
-20.555203 -12.805635 1.183929 
-21.376813 -13.176070 1.617213 
-21.851342 -12.590437 0.960055 
-22.092577 -11.678643 0.627734 
-21.633702 -11.062448 -0.012374 
-21.720677 -10.107936 -0.297578 
-21.243340 -9.321443 0.094314 
-21.879945 -8.803238 -0.476823 
-21.087346 -8.245333 -0.722845 
-20.119776 -8.035160 -0.582715 
-19.286748 -7.517049 -0.388744 
-19.253272 -7.688001 -1.373454 
-19.817591 -6.999456 -1.828921 
-20.773499 -6.872205 -2.093587 
-20.802042 -7.721912 -1.567105 
-21.625129 -7.379017 -1.114392 
-21.917576 -6.531956 -0.670588 
-21.375046 -5.706810 -0.513121 
-21.298624 -4.899265 0.071712 
-20.932507 -3.987494 0.257811 
-21.475516 -3.323862 0.772333 
-22.083976 -3.337111 -0.021141 
-22.403863 -4.039646 -0.656842 
-23.075024 -3.897199 0.070655 
-23.630948 -4.728242 0.052854 
-23.958103 -4.142356 0.794277 
-23.402052 -4.711468 1.400014 
-22.899822 -5.208474 2.107652 
-22.370923 -4.800160 1.363646 
-22.148088 -5.754273 1.563676 
-22.213261 -6.177116 0.659820 
-22.525630 -7.094816 0.414358 
-21.829335 -7.766602 0.161618 
-21.382681 -7.075398 0.729717 
-20.657748 -6.893827 0.065260 
-19.988227 -6.323504 0.541153 
-19.628167 -6.165570 1.460616 
-20.559157 -6.244344 1.817061 
-20.259481 -5.328545 1.549655 
-19.550827 -4.950256 2.145228 
-19.518314 -4.743604 3.123102 
-19.074086 -3.985353 3.600299 
-18.950525 -3.007771 3.429808 
-19.091726 -2.535644 4.299957 
-18.789849 -2.005190 5.092099 
-18.140043 -2.750777 4.944272 
-17.948516 -2.251836 5.789480 
-18.093323 -3.085981 6.321676 
-18.994761 -3.511752 6.243388 
-19.662117 -3.873600 6.894312 
-11.111434 54.925485 31.862054 
-12.069139 54.793808 32.117912 
-11.837514 54.119355 31.416868 
-11.297116 53.644179 32.111259 
-10.858165 52.757958 32.259359 
-11.350244 51.887611 32.240516 
-11.783077 50.987673 32.187913 
-12.637075 51.032631 32.706243 
-13.039751 51.731284 33.297627 
-13.611845 52.460875 32.922919 
-12.704631 52.753499 33.225132 
-12.639399 52.946704 34.204120 
-13.633346 53.036859 34.266904 
-14.288348 53.769243 34.080932 
-14.421987 54.021695 35.039268 
-14.016831 54.902305 34.793560 
-13.344877 54.265238 34.415904 
-13.165930 54.358154 35.395366 
-13.928638 54.731754 35.923286 
-13.338719 54.214107 36.542994 
-13.143657 54.106992 37.517918 
-12.557764 53.350077 37.228422 
-11.861976 53.997012 36.916404 
-11.226807 54.412530 37.567483 
-11.684223 54.320309 38.451941 
-11.094571 53.545627 38.223516 
-11.094374 52.657893 38.683873 
-10.154815 52.823048 38.383954 
-10.312543 53.402905 37.584650 
-10.109980 54.156325 36.959089 
-10.757986 54.588697 36.332078 
-10.991021 54.087965 35.498434 
-11.196167 53.391358 34.810937 
-10.798376 52.636529 34.289404 
-9.999612 52.166908 33.913329 
-9.454523 51.408090 33.556855 
-9.611213 52.133995 32.887146 
-8.712304 52.500571 33.127113 
-8.145244 53.161839 32.636025 
-8.121286 53.384275 31.661373 
-8.538515 54.070363 32.257363 
-8.831855 53.738631 33.153971 
-9.639031 53.420909 33.651484 
-9.650566 54.267713 34.183263 
-10.588594 54.481355 34.456138 
-10.569027 53.972079 33.595758 
-10.558818 54.517552 32.757692 
-10.340664 55.446453 32.458440 
-9.563312 54.853185 32.667619 
-9.385141 54.667560 31.701287 
-9.889388 55.510097 31.511901 
-10.528813 56.246543 31.291034 
-11.093310 55.521390 30.896704 
-11.487993 56.364685 30.531905 
-12.394792 56.784947 30.565008 
-12.177982 57.760174 30.521131 
-12.598144 57.620470 31.417762 
-11.788823 57.135051 31.748470 
-10.985652 56.972345 32.321569 
-10.806019 57.956002 32.333832 
-9.844993 57.680222 32.314491 
-10.172522 56.946679 32.910006 
-9.184504 56.795441 32.940783 
-8.359486 57.351342 33.042368 
-7.694245 57.852496 33.595811 
-7.630020 58.443485 32.791692 
-8.373176 58.743518 32.193613 
-8.217488 58.016074 31.525342 
-8.135818 57.468066 30.692865 
-8.820941 56.937159 31.191608 
-7.961946 56.430873 31.267771 
-7.174247 57.040297 31.177585 
-6.273191 56.918545 30.761322 
-5.869733 57.453094 30.018706 
-5.782579 56.456904 30.021881 
-6.532871 55.796718 30.056752 
-18.227334 40.371285 -9.582746 
-18.360069 40.373321 -8.591597 
-19.306087 40.424514 -8.271550 
-19.225440 40.766734 -9.207702 
-19.199239 39.768202 -9.160287 
-19.244190 40.008745 -10.129884 
-20.071017 39.714564 -10.609273 
-20.107511 40.701860 -10.763912 
-20.011333 41.135219 -11.659986 
-19.802453 41.914571 -12.250732 
-19.295188 41.336640 -12.890011 
-19.487170 42.191955 -13.371236 
-19.982978 42.377475 -14.219621 
-19.198901 42.882068 -14.581019 
-18.269041 43.121525 -14.860342 
-17.411649 43.027314 -14.354375 
-16.427951 43.103928 -14.191681 
-15.943561 42.697430 -13.417004 
-15.374057 42.701491 -14.238983 
-15.773454 42.283046 -15.054695 
-14.889391 41.994784 -15.422578 
-15.207569 42.896719 -15.714599 
-14.728211 43.360222 -16.459837 
-13.808612 42.974414 -16.533927 
-13.643860 42.514979 -15.661130 
-13.838596 43.494161 -15.603859 
-14.254601 43.146398 -14.763621 
-15.107800 43.650708 -14.896751 
-15.563561 44.281499 -15.524750 
-16.277097 44.601342 -16.148102 
-16.812773 44.518483 -16.988451 
-15.992084 44.496956 -17.559421 
-15.501553 44.894303 -18.334982 
-14.912382 45.512438 -17.814610 
-14.434265 46.375760 -17.976100 
-13.817670 47.142290 -17.796539 
-14.375756 47.568214 -17.084409 
-14.794189 47.632879 -16.178466 
-14.074977 46.959492 -16.007344 
-13.718946 46.027387 -16.073850 
-12.740276 46.181473 -15.937971 
-11.930026 46.247050 -15.355567 
-11.073663 46.306895 -14.842673 
-11.560551 47.155559 -15.049334 
-12.501276 47.226421 -15.381018 
-12.122718 47.308520 -16.302947 
-11.776312 46.680628 -16.999907 
-12.067044 45.791787 -16.645735 
-12.716574 45.677164 -17.397382 
-12.317584 45.577574 -18.308913 
-13.067321 45.869500 -18.902776 
-12.562947 45.110679 -19.314840 
-13.150570 44.748242 -20.038262 
-12.985313 45.579911 -20.568373 
-12.311541 45.970774 -21.195475 
-11.644930 45.486542 -20.628775 
-11.204502 45.975514 -19.875828 
-10.405062 45.548042 -19.453733 
-10.274818 45.651366 -20.439817 
-10.230919 46.513476 -20.944632 
-11.189440 46.441269 -21.220356 
-11.437530 47.081408 -20.493256 
-10.712042 47.473623 -19.927718 
-10.113365 47.908922 -19.255332 
-10.778845 47.285932 -18.844210 
-11.669012 47.733904 -18.761004 
-12.249845 47.024770 -18.361301 
-12.286101 46.894464 -19.352112 
-13.069852 47.317556 -18.897438 
-13.650799 47.005606 -19.649227 
-13.471607 46.959955 -20.631982 
-12.878604 47.749078 -20.471879 
-12.576627 48.687837 -20.305922 
-12.180156 49.387792 -19.711891 
-11.634070 48.691175 -19.246581 
-12.484438 48.538273 -18.743099 
-38.564334 -53.416415 -6.692546 
-38.401801 -54.138641 -6.020258 
-39.398248 -54.175556 -5.944556 
-40.181384 -53.553846 -5.957720 
-40.550503 -54.480393 -5.885173 
-40.942460 -53.778285 -5.290686 
-40.824863 -53.301778 -4.419415 
-40.796623 -52.640443 -5.168974 
-40.750638 -51.949927 -5.890828 
-40.149003 -51.667211 -6.637893 
-40.453824 -51.420320 -7.557745 
-40.737220 -50.508680 -7.855403 
-41.717956 -50.378176 -7.710051 
-42.134202 -50.565002 -8.599903 
-41.891392 -50.035757 -9.412887 
-40.904126 -50.186382 -9.361721 
-40.380976 -51.023017 -9.524065 
-40.630507 -51.602267 -10.300083 
-41.192796 -50.799820 -10.499859 
-40.542585 -50.263541 -11.038032 
-40.617232 -49.441743 -11.602899 
-41.593735 -49.246688 -11.694534 
-42.316188 -49.514592 -11.057127 
-42.003213 -50.223624 -11.689045 
-42.807004 -50.733279 -11.382172 
-43.672138 -50.313070 -11.655977 
-44.642774 -50.502783 -11.803875 
-44.597804 -50.527450 -10.805191 
-45.025214 -51.416849 -10.967331 
-45.056502 -51.440486 -11.966562 
-45.218339 -52.393089 -11.708962 
-45.378154 -52.530585 -12.686486 
-45.689954 -51.745101 -13.221084 
-45.062045 -51.364059 -13.899713 
-44.870271 -51.122401 -14.850936 
-44.254311 -50.335113 -14.823187 
-44.894003 -50.177024 -14.070988 
-45.797976 -49.759682 -13.977936 
-46.427355 -50.060276 -14.694543 
-46.008280 -50.955952 -14.545745 
-46.052740 -51.954099 -14.587280 
-45.802371 -52.791839 -14.101989 
-45.066663 -52.579864 -14.745261 
-44.185938 -52.958729 -15.029489 
-43.514815 -53.038090 -14.292403 
-42.902860 -52.307575 -13.989321 
-42.783186 -51.953928 -14.917012 
-42.719228 -50.970712 -14.746145 
-42.697421 -50.444580 -15.596268 
-42.184013 -49.887415 -16.248939 
-41.490034 -49.698933 -15.554053 
-41.481899 -50.617964 -15.159950 
-41.756599 -50.072703 -14.367971 
-42.746469 -49.956637 -14.449735 
-42.298992 -49.560391 -13.648016 
-43.065039 -48.924758 -13.552406 
-43.151723 -49.403128 -12.678536 
-43.765993 -50.185411 -12.782008 
-43.308913 -50.534369 -13.600119 
-42.465956 -51.035110 -13.403443 
-42.267599 -51.094123 -12.425091 
-41.646258 -51.875698 -12.480560 
-40.914474 -51.317996 -12.088820 
-40.844500 -51.462770 -13.075808 
-40.380721 -50.713451 -13.548491 
-40.769670 -51.452193 -14.098926 
-40.904624 -51.806782 -15.024158 
-39.909677 -51.785136 -14.926115 
-39.580357 -51.261606 -15.711904 
-40.315618 -50.663553 -15.392961 
-40.900834 -50.388843 -16.155888 
-40.853314 -51.387380 -16.130060 
-41.288001 -51.323517 -17.028374 
-42.004436 -51.843105 -17.493938 
-42.654661 -52.472644 -17.919248 
-43.654561 -52.478147 -17.906183 
-43.491162 -52.413874 -18.890648 
-44.087767 -52.647297 -19.658486 
-43.734339 -52.527212 -20.586208 
-1.946434 7.010085 74.065254 
-2.542554 7.138686 73.272724 
-1.900047 6.399649 73.070218 
-1.080448 5.880568 73.312731 
-1.668543 5.859718 74.121254 
-1.502011 6.322130 74.992140 
-1.199218 5.994329 75.887049 
-0.904279 5.474104 75.085565 
-0.416091 5.749887 74.257545 
0.572361 5.866315 74.354535 
0.467463 6.318386 75.240327 
0.142480 6.606739 76.141015 
0.769263 7.381356 76.225350 
1.378889 8.143703 76.442566 
2.004712 7.442515 76.784152 
1.428197 6.893330 77.389152 
1.428826 6.026769 76.890082 
1.255170 5.365791 77.620117 
0.424290 5.913930 77.715943 
0.525507 5.208659 78.417618 
1.244721 4.709008 78.900402 
0.946867 4.025188 78.234313 
1.835505 3.892992 78.673456 
1.659583 3.851990 79.657006 
0.798624 3.371984 79.488650 
0.819451 3.064575 78.537300 
1.531308 2.398686 78.314023 
2.320492 2.810887 78.769302 
3.006729 3.015125 78.071187 
3.840964 2.579993 77.732496 
3.840990 2.824203 76.762773 
4.017080 3.539077 77.439492 
3.808091 4.509913 77.322021 
3.503340 4.775703 78.236616 
2.898802 5.223328 77.577704 
2.885419 5.177813 76.578830 
2.267728 4.403924 76.438989 
2.500926 3.592888 76.975496 
1.641306 3.847002 77.418756 
0.968251 4.125966 76.733791 
0.965496 3.169726 76.441219 
0.696207 2.678373 77.269504 
-0.199978 3.114978 77.348426 
-0.583309 3.634962 76.585095 
-1.196197 4.419020 76.487003 
-1.223227 5.231831 77.068904 
-0.404495 4.660133 77.122191 
0.234188 4.815420 76.368553 
-0.307177 4.445982 75.613278 
-0.020732 4.716475 74.694158 
-0.398253 3.961816 74.157532 
-0.111279 4.419259 73.315872 
-0.790302 4.068523 72.670959 
-0.631568 3.089651 72.542064 
0.091698 3.371673 71.911707 
-0.631719 3.008359 71.324620 
-0.544540 2.146443 70.825120 
-1.072104 1.325454 71.043414 
-0.496237 0.837130 70.387732 
-0.248522 1.642278 69.848868 
-0.740055 1.931349 69.027386 
-0.297910 1.171545 68.550724 
0.618581 1.526727 68.366628 
-0.084632 1.836117 67.726495 
0.509999 1.084280 67.441618 
1.008733 1.945456 67.539801 
24.373166 44.862985 35.739854 
23.863120 44.803550 34.881762 
23.306749 44.323230 35.559806 
22.822042 43.681580 34.965378 
23.566654 43.068262 34.701949 
24.409436 43.188377 34.177268 
24.624669 44.149580 34.349789 
24.873933 45.021091 33.927490 
24.110516 45.660379 33.835271 
24.880823 45.985401 34.383895 
25.801287 45.596299 34.347200 
26.543065 44.956658 34.145645 
27.001234 45.636004 34.718855 
27.304714 46.172930 35.506009 
27.589213 47.129437 35.570466 
26.615277 47.233556 35.368950 
25.927250 47.958225 35.330568 
25.399548 47.143780 35.571837 
24.908127 47.484202 36.373472 
25.154630 48.150522 37.077214 
26.109574 48.425535 37.188796 
26.301932 47.449121 37.286845 
26.014386 46.776645 37.968823 
25.820566 46.260187 38.802912 
25.350185 45.788323 39.548624 
24.535849 45.726859 38.971494 
24.641690 44.752752 38.771711 
25.277086 44.162594 38.273728 
25.874040 43.377116 38.437039 
26.278475 42.535312 38.079550 
26.121326 41.671334 37.601170 
26.079079 41.006498 38.346964 
25.574916 40.218382 37.993846 
25.495533 39.343469 38.471576 
26.344767 39.052168 38.911967 
26.854076 38.286282 39.304425 
27.544852 38.095153 38.607074 
26.975426 37.338109 38.927446 
26.189595 37.532461 39.514555 
26.001308 37.131494 38.618021 
25.629170 36.203974 38.652944 
25.908815 35.824286 39.534780 
25.243834 36.273205 40.131665 
25.056697 36.279473 41.113979 
25.444251 35.362699 41.017399 
24.789816 35.183669 41.752016 
25.547662 34.805666 42.283790 
26.465422 34.464149 42.081103 
26.463622 33.606309 42.595016 
26.085903 33.232061 41.748099 
25.828127 34.097436 41.318357 
25.758427 34.346578 40.352401 
26.717204 34.068150 40.409182 
26.886143 35.047056 40.524086 
27.585722 34.679792 41.137035 
27.955037 34.031876 41.803227 
28.590458 34.085510 42.573528 
28.657400 34.895184 41.990479 
28.714273 34.287158 41.198601 
28.891146 34.720952 40.315120 
27.903160 34.776304 40.170829 
28.441934 35.321900 39.528920 
36.829266 31.196485 -14.081246 
37.699783 31.031286 -14.544830 
37.272546 30.129760 -14.476140 
37.550770 29.343549 -15.027923 
37.028737 28.606074 -15.456424 
36.153316 28.349352 -15.865973 
36.100199 27.374496 -15.649558 
36.546557 27.885394 -14.914882 
35.814432 28.413035 -14.484083 
36.115328 29.258504 -14.042897 
35.681646 29.924184 -14.650177 
35.330708 30.857987 -14.580502 
35.545904 31.824061 -14.437703 
34.619092 32.199543 -14.432020 
33.988992 31.482627 -14.730357 
33.792138 30.509568 -14.610333 
33.505551 29.669247 -15.070473 
32.739506 29.663283 -15.713232 
33.044835 30.604699 -15.856443 
33.964877 30.996248 -15.841845 
34.366712 30.294997 -16.430721 
33.707177 29.546997 -16.356487 
34.613118 29.428842 -15.949904 
34.359801 28.900623 -15.139463 
35.084505 28.355168 -15.560511 
34.764160 27.408767 -15.601805 
35.134181 26.687347 -15.016453 
34.665532 26.113894 -15.688406 
34.552821 25.149842 -15.447782 
33.597499 24.995258 -15.699703 
33.088837 24.153186 -15.879088 
32.618683 23.706704 -15.117767 
32.816788 24.201204 -14.271467 
32.032137 24.752641 -14.554733 
32.523804 25.615063 -14.434354 
32.036956 26.260391 -15.023023 
31.880629 26.319699 -14.037100 
32.280424 26.924061 -13.347962 
31.481044 27.517676 -13.255158 
32.077624 27.900250 -13.960658 
31.968618 28.682393 -13.347169 
31.430726 29.392772 -12.893259 
32.156398 29.990963 -12.553307 
33.130580 29.956146 -12.776369 
32.726279 29.087438 -12.490211 
33.431026 28.787443 -13.133122 
34.080527 28.087570 -13.430320 
34.880590 27.644684 -13.025658 
35.325464 27.015324 -13.662834 
36.073561 27.627742 -13.918362 
36.956927 27.221190 -14.151556 
37.841991 27.536651 -14.493823 
38.777106 27.749683 -14.210664 
39.361551 27.273187 -13.553872 
38.866648 27.176435 -12.690327 
38.712441 27.234118 -11.703973 
37.816832 27.525487 -12.040111 
37.066841 28.022074 -11.603175 
36.978925 27.105810 -11.212367 
37.656235 26.443786 -10.891468 
-60.502034 -1.715215 25.240354 
-60.736577 -1.729972 26.212347 
-60.258660 -2.603326 26.306401 
-59.518959 -2.948963 26.883791 
-58.796466 -2.495717 27.405875 
-58.938217 -2.492121 28.395771 
-59.182358 -2.026635 29.246487 
-59.462274 -2.382057 30.138295 
-58.492316 -2.622615 30.174544 
-58.005594 -2.292495 30.983322 
-57.061073 -2.486953 30.718621 
-57.252498 -2.263100 31.674260 
-56.434079 -2.833104 31.601556 
-56.041792 -3.031106 30.703277 
-56.369151 -2.626282 29.849489 
-56.658192 -3.312257 29.181737 
-57.260469 -3.170766 29.967385 
-57.664486 -3.784699 30.645513 
-57.810873 -4.747230 30.417251 
-58.589682 -4.174371 30.672767 
-59.208160 -4.043541 31.447602 
-59.646918 -4.354607 30.604554 
-59.883828 -4.334621 29.633228 
-60.090484 -5.033499 28.948492 
-60.555948 -5.625571 28.290621 
-60.960721 -6.495503 28.572360 
-61.655433 -7.150383 28.869862 
-61.725744 -7.212032 27.874244 
-61.821226 -8.094354 27.413386 
-60.903256 -7.803010 27.682548 
-60.443968 -8.251195 28.449480 
-60.840646 -8.932219 27.833970 
-60.470178 -9.700687 27.312231 
-60.599682 -8.854606 26.795147 
-60.286065 -7.972096 26.444688 
-59.301044 -8.137506 26.493406 
-58.809619 -7.664245 25.762293 
-58.740050 -6.736999 26.130225 
-59.060550 -6.161554 26.882650 
-59.965886 -5.955010 27.253738 
-59.540788 -5.060376 27.116180 
-59.244174 -5.224825 28.056912 
-58.449192 -5.827379 27.986688 
-58.100597 -6.449551 27.285700 
-57.752843 -7.002445 28.042916 
-58.677368 -7.051888 28.420816 
-58.199211 -6.601898 29.175054 
-58.017731 -5.693146 29.550865 
-57.164336 -5.911220 29.077409 
-56.702369 -6.670411 29.535901 
-56.790546 -7.300074 30.307749 
-57.642602 -7.617050 30.724315 
-57.706273 -6.649094 30.481400 
-57.078402 -6.110906 31.043656 
-56.451363 -5.339981 30.931865 
-56.792061 -4.517341 31.387045 
-56.416751 -4.625077 32.307661 
-92.621034 -20.186515 0.779354 
-91.736478 -20.430447 0.381789 
-90.983086 -19.915867 -0.027610 
-90.700920 -20.208826 0.885932 
-90.194176 -20.701200 0.178275 
-90.396814 -20.706977 -0.800962 
-89.463023 -21.062926 -0.764423 
-89.522068 -20.208810 -1.281142 
-89.986779 -20.386351 -2.148623 
-90.368352 -21.257150 -1.838606 
-90.349352 -21.918772 -2.588203 
-89.561888 -22.214503 -3.128984 
-89.207035 -22.975750 -3.671738 
-89.999559 -22.825926 -4.262889 
-89.090681 -22.708422 -4.663057 
-88.383630 -22.476429 -5.331083 
-88.867916 -21.933773 -6.017371 
-88.935093 -21.949860 -7.014983 
-89.596215 -22.640880 -7.307230 
-90.166322 -21.942047 -7.739215 
-89.795743 -21.649807 -8.620842 
-89.606143 -22.610026 -8.415826 
-90.303137 -23.228360 -8.778954 
-89.888772 -23.558187 -7.930711 
-89.877374 -24.433922 -8.413369 
-89.992838 -25.391982 -8.675647 
-90.392010 -25.999145 -9.362680 
-89.549014 -26.447198 -9.065010 
-90.017172 -27.284624 -9.347048 
-90.940574 -27.001268 -9.088129 
-90.869935 -27.012778 -8.090694 
-90.971682 -27.789404 -7.469002 
-91.171861 -27.382624 -6.577678 
-91.885564 -27.476127 -5.883498 
-91.672784 -26.583901 -5.485180 
-91.281388 -26.027257 -6.217953 
-90.469780 -26.253041 -6.756762 
-90.410755 -26.624293 -5.830107 
-89.980714 -27.333143 -5.271004 
-57.727034 31.990285 35.538054 
-58.557011 32.024187 34.981286 
-58.687985 31.568709 35.861846 
-58.754553 31.544580 36.859336 
-58.965442 32.395028 36.377399 
-59.730907 31.753365 36.425677 
-60.500319 31.542023 37.028454 
-60.221948 30.831931 37.675198 
-60.888492 31.303765 38.252339 
-60.959560 31.094210 39.227550 
-60.931902 30.200862 39.676063 
-61.782502 30.062604 39.168752 
-62.592117 29.673438 39.608153 
-63.242722 30.127022 40.217230 
-63.821777 29.743477 40.936666 
-64.761395 30.041134 41.105536 
-65.050673 29.958107 42.059174 
-66.026398 30.122922 42.203386 
-66.412429 30.501058 43.044810 
-66.287370 29.854960 43.797750 
-66.430221 29.543637 44.737256 
-67.273644 29.733109 45.239985 
-66.644378 29.726223 46.017144 
-67.460053 30.298383 46.102629 
-67.217696 31.199603 45.743373 
-66.271343 31.460399 45.934163 
-65.291734 31.497777 46.131573 
-64.446263 31.815170 45.702109 
-64.358955 31.234723 44.892505 
-64.146420 31.818808 44.109132 
-65.048634 31.397726 44.015859 
-65.985110 31.088084 43.851133 
-66.220495 31.506596 42.973955 
-65.895588 32.256788 42.398066 
-66.126327 32.510543 43.337411 
-67.066331 32.455630 43.674125 
-67.299823 31.531029 43.373136 
-67.454572 30.570168 43.143353 
-67.859305 29.741385 43.529758 
-67.745164 29.299704 42.639876 
-68.712682 29.444215 42.432452 
-69.536036 28.943006 42.166222 
-69.176921 28.071008 41.833574 
-68.215467 27.887589 42.038424 
-68.763979 27.534917 42.796551 
-69.126848 26.621962 42.983200 
-69.414187 26.788663 43.926411 
-69.392243 27.734131 44.251386 
-69.751678 27.768138 45.183937 
-70.276370 28.475289 45.657894 
-70.109884 29.443107 45.469186 
-70.201525 30.000240 46.294538 
-69.454458 29.655997 46.863209 
-68.470912 29.723744 46.695739 
-68.470898 30.329587 45.900154 
-68.525778 30.874337 45.063353 
-68.173029 30.862684 44.127708 
-68.453701 31.822427 44.116930 
-68.263349 32.706864 44.543002 
-68.189654 33.703194 44.586539 
-68.655431 34.117676 43.804710 
-69.594527 34.013131 43.477342 
-69.883525 34.288851 44.394107 
-70.568766 33.579007 44.557098 
-70.243889 32.660147 44.333152 
-69.839317 32.958234 43.468590 
-69.557145 32.947329 42.509289 
-69.249933 32.011763 42.683465 
-68.541630 32.306301 42.041940 
-68.478731 31.375015 41.683123 
-67.644947 31.731506 41.261556 
-67.537512 30.996291 40.592290 
-67.107952 31.848595 40.293866 
-66.200137 31.661645 39.918471 
-65.416611 32.264458 39.767798 
-64.577458 31.817450 39.457951 
-64.093880 32.041990 40.303961 
-63.926487 31.061423 40.201647 
-64.839028 31.271022 40.552839 
-65.224868 31.348037 41.472184 
-66.128151 31.757742 41.344826 
-66.797197 32.238943 41.911239 
-67.543922 31.709628 42.314014 
-68.031753 32.241893 43.005905 
-67.861920 33.207501 43.202778 
-67.178953 33.708615 43.734231 
-67.707275 34.362201 43.192289 
-68.068805 35.003857 42.515847 
-68.711381 34.292772 42.230447 
-68.410327 34.409106 41.283963 
-69.048875 33.905776 40.701798 
-69.012761 34.742136 40.154808 
-68.894981 35.731868 40.073823 
-67.921287 35.833089 39.869678 
-68.294509 36.709712 39.565974 
-67.924793 37.474069 40.094244 
-67.240997 37.357173 39.373996 
-66.751742 36.717228 39.966532 
-66.163546 36.301121 39.273077 
-66.771555 36.180833 38.488312 
-66.241300 36.402250 37.669897 
-65.452337 36.820001 37.219317 
-65.303724 37.650515 37.756123 
-64.471863 37.271134 38.161189 
-64.074299 36.763918 37.396549 
-63.341914 36.896700 38.064367 
-62.964694 35.970623 38.073625 
