-10.091071 -18.359966 -32.911302 
-9.635928 -18.696011 -33.735873 
-9.127969 -19.317939 -34.331846 
-9.269855 -19.913073 -35.122848 
-10.154517 -19.908846 -35.589062 
-10.485146 -19.407831 -36.388855 
-10.445999 -20.194064 -37.005544 
-11.361140 -19.930546 -36.700461 
-12.349454 -20.019662 -36.576796 
-12.639362 -20.519367 -35.760556 
-13.102651 -21.379512 -35.973898 
-13.174072 -21.674543 -36.926713 
-12.225892 -21.706410 -36.610581 
-12.079151 -22.120622 -37.508854 
-12.947304 -21.884589 -37.945430 
-13.629205 -21.153424 -37.925218 
-12.954736 -20.589510 -37.448678 
-12.462296 -20.042987 -38.126037 
-13.168906 -20.295623 -38.787004 
-13.389858 -19.346024 -38.564646 
-12.813438 -18.690789 -38.076376 
-13.529809 -18.085846 -38.424018 
-12.968621 -17.426199 -38.923952 
-13.903719 -17.320205 -39.262118 
-14.162274 -18.268106 -39.448217 
-14.732256 -18.979299 -39.859709 
-14.547546 -18.209307 -40.470442 
-14.564597 -17.413772 -41.076109 
-14.866570 -17.891970 -41.900814 
-15.662555 -18.375405 -42.265094 
-16.623751 -18.145246 -42.417175 
-16.606957 -18.693179 -43.253529 
-16.554958 -19.595295 -42.825182 
-15.730270 -20.127369 -42.633383 
-16.058472 -20.175408 -41.689997 
-15.581983 -19.323207 -41.473868 
-15.619113 -19.490781 -40.488708 
-14.702466 -19.872422 -40.369930 
-14.838517 -20.669394 -40.958424 
-14.650687 -21.227688 -41.766525 
-13.771922 -20.829965 -41.502731 
-13.088547 -20.324719 -42.029728 
-13.385245 -19.508949 -41.533250 
-14.150810 -19.087225 -42.019109 
-13.456761 -18.367489 -42.035766 
-13.075710 -17.621369 -42.581755 
-12.871156 -17.059764 -43.383477 
-12.172567 -16.394765 -43.119376 
-12.525798 -15.756587 -43.803451 
-12.382255 -14.768505 -43.747879 
-11.959902 -13.863092 -43.790837 
-11.984011 -14.435954 -44.610133 
-12.357440 -14.647475 -45.513355 
-12.487339 -15.311290 -46.249885 
-12.375537 -14.385395 -46.610743 
-12.397957 -13.385888 -46.588753 
-13.396019 -13.366384 -46.529671 
-14.119467 -12.845881 -46.076128 
-14.150097 -12.978784 -45.085473 
-14.698176 -12.192093 -45.369597 
-14.658271 -12.037890 -46.356831 
-13.821727 -12.013453 -46.904185 
-13.893251 -11.647504 -47.832068 
-14.702782 -11.568721 -47.250301 
-15.126190 -10.675130 -47.399367 
-14.827266 -9.724920 -47.311364 
-14.625875 -9.122673 -46.538874 
-14.454243 -8.768142 -45.619717 
-15.244764 -8.191226 -45.825251 
-15.198318 -7.389757 -46.421481 
-15.222015 -8.306435 -46.820404 
-16.144127 -8.657368 -46.657439 
-15.896843 -8.774420 -47.619286 
-16.248991 -9.672598 -47.356098 
-16.334614 -10.609312 -47.695561 
-16.390374 -10.826614 -46.721050 
-16.194009 -11.579865 -46.093313 
-15.567745 -10.846136 -45.829804 
-15.596541 -10.034504 -45.246346 
-16.232526 -10.718062 -44.888195 
-15.356955 -10.987141 -44.486981 
-14.458489 -11.287253 -44.166527 
-14.778406 -10.586751 -43.528601 
-14.016848 -10.272684 -42.961688 
-13.566347 -11.161838 -43.042015 
-12.930586 -11.066512 -42.276038 
-12.727137 -10.149269 -42.618492 
-12.324022 -10.904819 -43.134865 
-12.795410 -11.177606 -43.973543 
-12.585381 -11.450103 -44.912496 
-13.507412 -11.801137 -44.749298 
-12.758263 -12.463531 -44.746183 
-11.937527 -12.395820 -45.313464 
-11.763109 -12.206677 -44.347129 
-11.410742 -12.461908 -43.446744 
-10.427110 -12.296824 -43.518961 
-10.494807 -11.313488 -43.350239 
-10.844616 -10.982313 -44.226570 
-10.857010 -10.256267 -44.914105 
-10.087188 -9.648012 -44.720713 
-10.339129 -9.132417 -45.539668 
-9.827061 -8.520921 -46.142876 
-9.241730 -8.848789 -46.884422 
-9.980484 -8.263390 -47.218414 
-9.907577 -8.211513 -48.214403 
-10.272887 -8.789793 -48.943883 
-11.058579 -9.346213 -49.214224 
-11.989018 -9.525777 -48.894786 
-12.661921 -8.786237 -48.877971 
-13.045980 -9.598195 -49.317541 
-13.688531 -10.067657 -48.711955 
-14.353147 -10.387583 -49.387183 
-14.437014 -11.305338 -49.775374 
-14.716011 -10.767076 -50.570632 
-14.818307 -9.795511 -50.357099 
-14.541616 -8.838987 -50.264883 
-14.951907 -8.504446 -51.113260 
-15.847120 -8.080544 -50.975784 
-16.542822 -7.365545 -50.906675 
-17.463514 -7.699515 -51.108642 
-17.403517 -6.894782 -50.518044 
-18.356968 -7.089781 -50.748060 
-19.344790 -7.203430 -50.854320 
-15.966471 15.784334 46.354278 
-15.480234 16.473276 45.816753 
-14.576116 16.049001 45.867361 
-13.862402 15.681499 46.463644 
-13.851293 16.676223 46.565624 
-12.944261 16.290342 46.397135 
-12.521180 15.414136 46.627928 
-11.829059 16.111850 46.812760 
-12.379429 15.858017 47.608160 
-11.699433 16.572517 47.772766 
-12.029770 17.449435 47.423635 
-11.373166 17.076829 46.767864 
-10.877940 16.437032 46.180148 
-10.649097 15.508159 46.471398 
-10.818083 15.696029 47.438945 
-10.229718 15.858499 48.231050 
-10.591019 16.774505 48.056713 
-10.089241 17.429049 47.491212 
-10.190786 17.749999 46.549575 
-9.340565 17.281337 46.789325 
-9.260399 16.567395 47.484926 
-8.327448 16.291149 47.715774 
-8.031480 16.209294 48.667458 
-7.032428 16.240840 48.637455 
-6.303550 16.720686 48.149106 
-6.414804 15.953851 47.516978 
-7.137081 15.266142 47.590283 
-7.973028 15.271954 48.139063 
-8.448661 14.477706 48.517140 
-7.852988 14.245124 47.748324 
-7.418436 13.356947 47.598970 
-6.704419 13.849301 48.096733 
-7.394335 13.396438 48.661474 
-7.400026 14.167692 49.297977 
-7.261513 14.357293 50.270019 
-7.936226 14.581424 50.973245 
-8.909893 14.758421 50.829566 
-8.824932 14.040281 50.138874 
-8.587477 13.083009 49.973809 
-9.553819 13.338444 50.004400 
-10.500815 13.509825 50.276113 
-9.973520 13.734150 51.095649 
-10.124101 13.295137 51.981421 
-10.080913 12.890805 52.895013 
-9.277738 12.622976 53.427158 
-8.278797 12.658760 53.398232 
-8.057963 11.772221 52.991684 
-8.080272 10.775233 53.065971 
-7.836103 10.487450 53.992018 
-7.792536 9.517338 53.753302 
-7.566014 9.516505 54.727308 
-7.692197 8.795330 55.408472 
-7.718162 7.819486 55.625390 
-8.569236 7.409278 55.297667 
-7.738648 6.986100 54.935667 
-7.494320 7.853488 54.502144 
-6.732660 7.862736 53.854232 
-6.873903 8.273346 52.953428 
-6.318655 7.441817 52.969487 
-7.042159 7.464406 52.279536 
-7.340426 6.790324 52.955295 
-7.491925 7.008951 53.919272 
-8.382194 6.620669 53.681243 
-8.801649 5.734398 53.877663 
-8.318590 5.783830 54.751854 
-8.178363 4.860947 54.393215 
-8.219703 3.861852 54.383203 
-7.615919 3.133908 54.708077 
-7.616207 2.955495 55.692032 
-8.251866 3.726002 55.739517 
-9.132974 4.024636 56.106214 
-9.001289 4.297080 57.059332 
-8.901086 5.167937 57.540547 
-9.242545 5.904329 58.124611 
-8.829085 5.092254 58.536418 
-8.169480 4.354711 58.391671 
-8.403908 3.539433 57.862176 
-8.797781 2.901275 58.523703 
-9.438055 2.171972 58.282527 
-8.556866 1.749079 58.071179 
-8.878588 1.185412 57.310406 
-9.233045 0.640112 56.550796 
-10.227347 0.588187 56.643889 
-9.761197 -0.282968 56.489637 
-9.529379 -0.297764 57.462284 
-8.944213 -1.104374 57.378851 
-8.885520 -1.932576 57.936199 
-8.075430 -1.654083 58.452141 
-8.397797 -0.816106 58.892450 
-9.328379 -0.962275 59.228086 
-10.207654 -0.710997 59.632728 
-10.611876 -1.092293 60.464123 
-9.797433 -1.671655 60.496116 
-10.234515 -1.455450 61.369165 
-10.421314 -2.296063 61.877570 
-10.731204 -2.992359 62.524981 
-11.369959 -2.959332 63.293681 
-12.188880 -3.455322 63.582408 
-13.061857 -3.809279 63.246810 
-13.973070 -3.926434 63.641734 
-14.968702 -3.852017 63.585351 
-14.554089 -3.349241 62.826858 
-15.182918 -2.684837 62.422950 
-15.428348 -2.947008 63.356240 
-15.961072 -3.429126 62.660707 
-16.499526 -3.930187 63.338205 
-17.405745 -4.269230 63.085582 
-17.657316 -4.853949 62.314339 
-17.145184 -4.078268 61.945503 
-16.405716 -4.687434 61.658967 
-16.612313 -4.932542 62.606194 
-16.168484 -5.491145 63.306893 
-15.414895 -4.849703 63.450613 
-14.779143 -5.381907 64.009699 
-4.668671 -7.464366 4.217598 
-4.347411 -8.195321 4.819674 
-3.592184 -8.054651 4.179483 
-4.181695 -8.773086 3.810259 
-4.520332 -9.522959 4.378604 
-5.212926 -9.938730 4.968050 
-4.878298 -10.880812 4.945568 
-3.918502 -10.752816 4.695751 
-3.387895 -9.975890 4.356866 
-2.475075 -10.348337 4.524327 
-1.876967 -9.781538 5.090901 
-0.975126 -9.993911 5.467172 
-0.040768 -10.346082 5.412846 
0.929994 -10.584984 5.436199 
1.588576 -11.152723 5.930105 
1.819060 -11.030669 6.895496 
1.066469 -11.140471 7.544766 
1.950879 -11.356091 7.958682 
1.864977 -11.027437 8.899218 
1.459604 -11.941586 8.901053 
0.559865 -12.358328 9.030654 
1.198684 -12.339662 9.799785 
0.949632 -13.289807 9.612176 
0.010110 -13.277851 9.954457 
-0.365772 -14.187025 10.133663 
0.562814 -14.320080 9.787217 
0.874140 -14.156455 10.723328 
1.363707 -14.167111 11.595228 
0.711812 -14.907603 11.431814 
-0.116361 -14.970720 11.988722 
-0.790117 -14.235454 12.062462 
-1.485941 -13.841578 11.461887 
-1.998316 -13.927654 12.316324 
-2.775290 -14.521390 12.107065 
-2.572406 -14.701687 11.144604 
-3.502516 -14.401271 11.355898 
-4.084451 -15.172931 11.099203 
-3.810451 -15.851558 10.417742 
-4.601942 -15.568743 9.875933 
-4.744771 -15.160298 8.974394 
-4.474847 -15.995536 8.495314 
-4.100191 -16.048879 7.569686 
-4.386032 -15.091077 7.599856 
-4.194031 -15.339623 6.650456 
-3.260843 -14.999751 6.533639 
-3.482718 -15.868067 6.090017 
-3.920145 -16.655615 6.524097 
-3.490630 -16.988987 7.363371 
-3.576772 -17.768506 6.742944 
-4.576471 -17.791561 6.751314 
-5.347132 -17.935988 7.371977 
-5.079407 -18.760941 7.869748 
-4.212630 -18.457120 7.474285 
-4.564045 -19.248346 6.973817 
-4.183587 -20.151906 7.170875 
-4.150763 -19.496551 7.925482 
-4.576264 -19.904077 8.733487 
-5.320123 -20.200679 9.332404 
-5.061698 -21.094118 9.699804 
-5.733826 -21.795391 9.462191 
-5.934992 -22.415289 8.703733 
-6.091736 -22.855338 9.587921 
-5.281756 -22.798682 10.171635 
-5.977453 -22.131157 10.436996 
-5.358296 -22.339344 11.194164 
-4.503529 -22.289319 10.677568 
-4.071907 -21.395131 10.558695 
-4.913294 -21.147341 11.038975 
-5.481412 -21.060058 11.857280 
-6.211673 -21.346155 12.477657 
-6.401660 -21.442268 13.454727 
-6.925424 -22.294075 13.464551 
-7.244031 -22.911980 12.745745 
-6.650618 -23.366973 12.081785 
-6.466317 -23.852791 12.936193 
-6.853221 -24.479710 13.612416 
-5.939663 -24.209524 13.916408 
-5.169514 -24.509838 14.479154 
-4.883973 -23.555587 14.390426 
-4.296728 -23.266212 15.146340 
-3.354984 -23.099252 15.438304 
-3.462471 -24.029217 15.789889 
-2.474789 -24.170884 15.856335 
-2.400033 -23.821860 16.790463 
-3.249680 -23.459822 17.173905 
-3.613348 -22.678073 17.680477 
-3.103906 -23.377351 18.181956 
-3.285431 -23.401413 19.165048 
-3.598656 -23.059503 20.051043 
-2.675818 -22.842678 20.369409 
-2.228429 -22.268716 19.683544 
-1.978735 -23.236940 19.669566 
-2.096602 -22.993831 18.706755 
-1.324483 -22.367603 18.598726 
-1.567965 -22.292132 17.631761 
-1.811895 -21.387562 17.981406 
-1.043058 -21.216866 17.365165 
-0.607143 -20.563750 16.745958 
-0.288983 -20.243181 15.853765 
-0.750955 -20.468276 14.995910 
-1.604782 -20.090971 14.637274 
-2.048471 47.874734 -13.618502 
-2.411930 47.713749 -12.700906 
-2.803202 48.604061 -12.933822 
-3.149333 49.491635 -12.629838 
-3.615649 48.661914 -12.323062 
-4.017931 49.413560 -11.800380 
-3.644761 49.300605 -10.879519 
-3.083529 50.081581 -11.153555 
-3.624930 50.393170 -11.934451 
-3.702221 50.933983 -12.772035 
-4.305357 51.149968 -13.539875 
-3.713735 50.919056 -14.312315 
-2.878728 50.937675 -14.862239 
-1.993474 50.957466 -14.397552 
-1.292927 51.106212 -13.699620 
-1.889611 51.849702 -13.397641 
-2.694951 52.382233 -13.137185 
-3.640790 52.703747 -13.182112 
-3.511285 53.396217 -12.472383 
-3.855547 52.557116 -12.051202 
-3.138308 52.003763 -11.627683 
-2.674740 51.634127 -12.432962 
-2.365653 52.556854 -12.202654 
-1.938280 53.375955 -11.819998 
-2.303389 53.634557 -10.925672 
-3.154035 53.212799 -10.611789 
-3.568016 52.312059 -10.743270 
-4.221360 52.837551 -10.198292 
-3.782653 53.406810 -9.502965 
-4.190074 54.315113 -9.408128 
-3.923330 55.219649 -9.740787 
-3.736871 55.827831 -8.969199 
-3.087056 56.408649 -9.459495 
-2.780029 55.994663 -8.602553 
-2.801923 56.100697 -7.608432 
-3.753396 55.827644 -7.466508 
-4.375700 55.125060 -7.121382 
-3.495420 54.847877 -6.736314 
-3.767623 53.885653 -6.741735 
-3.766195 53.779517 -7.736085 
-4.552145 53.412075 -7.238824 
-4.160132 52.716059 -7.840395 
-5.096172 52.364268 -7.831935 
-5.727900 51.738958 -8.290092 
-4.790996 51.498172 -8.543532 
-4.377164 51.998835 -9.303848 
-3.624646 52.506646 -8.884511 
-3.136309 51.768734 -9.350357 
-2.435532 52.364002 -9.743507 
-1.687077 51.701113 -9.763355 
-1.450972 52.423820 -10.412931 
-1.389713 52.703179 -9.454701 
-0.894639 53.222125 -8.757854 
0.022362 53.447886 -9.086704 
0.504572 52.760624 -8.543433 
1.475135 53.001468 -8.544759 
2.361952 53.391499 -8.296906 
1.790120 54.099163 -8.711901 
1.923867 54.544715 -7.826692 
1.131204 54.847423 -7.297492 
1.738427 55.640847 -7.255562 
1.149155 56.367113 -7.609533 
0.428378 56.143409 -6.953456 
0.259830 56.943315 -6.377485 
0.170897 56.440831 -5.517485 
-0.479646 57.172766 -5.314839 
-1.372832 57.608552 -5.203894 
-1.762422 58.519771 -5.337680 
-2.536447 59.003997 -5.745615 
-3.448505 58.594201 -5.730922 
-4.045784 57.796546 -5.647229 
-4.273176 57.912818 -4.680392 
-3.671206 58.460789 -4.099566 
-4.214647 59.289092 -4.235896 
-4.046213 60.023346 -4.893545 
-4.716238 60.647120 -5.296002 
-5.396747 60.022005 -4.913721 
-5.759592 59.314736 -4.306997 
-6.532352 59.186970 -4.928702 
-7.512403 59.068654 -4.769008 
-7.092740 58.437201 -5.421045 
-6.773758 59.178079 -6.012103 
-7.033438 59.256105 -6.974640 
-7.599402 60.037348 -7.237973 
-8.419181 60.281587 -6.719987 
-7.520911 60.437885 -6.309276 
-7.381164 61.029807 -7.103063 
-6.654723 61.524148 -7.580463 
-6.838565 62.109757 -8.369933 
-5.944306 61.669416 -8.289939 
-5.928208 62.220587 -7.455702 
-5.897142 61.805370 -6.546510 
-5.371089 61.016478 -6.864186 
-6.045428 60.404358 -7.277194 
-5.678185 59.954718 -6.462973 
-5.250883 59.511372 -7.250918 
-5.671121 58.606745 -7.179849 
-6.018560 57.679376 -7.318673 
-3.399471 35.493674 -76.366002 
-3.892576 36.350351 -76.517504 
-4.040702 36.702009 -75.593169 
-4.555262 35.858527 -75.439008 
-4.796527 36.413512 -74.642903 
-5.772596 36.197861 -74.670877 
-6.398550 36.914821 -74.364036 
-6.239863 37.308057 -73.458396 
-6.373072 38.254078 -73.753862 
-5.797796 39.044413 -73.543085 
-5.809241 40.041651 -73.616466 
-6.023953 40.942756 -73.993174 
-6.676044 41.672658 -73.788185 
-6.014295 42.083962 -74.415016 
-6.349653 42.088691 -75.357095 
-5.629222 41.636963 -75.883327 
-5.398376 40.701801 -76.151994 
-5.191713 39.740626 -75.969147 
-4.290113 40.063516 -76.256999 
-3.486893 40.140489 -76.847687 
-3.359007 39.315302 -77.397880 
-2.716693 38.874424 -76.770935 
-2.676717 38.088760 -77.388296 
-2.488172 37.374560 -78.062365 
-3.439680 37.260187 -77.776791 
-4.324501 37.250833 -77.310955 
-4.098162 37.407412 -76.349573 
-3.806676 38.318483 -76.058052 
-3.048854 38.894544 -75.751688 
-2.452593 38.119776 -75.541432 
-2.036338 37.281151 -75.892771 
-1.115630 37.589065 -76.132530 
-1.521902 38.498776 -76.046690 
-1.822103 39.376932 -75.674237 
-2.292537 39.754382 -76.471874 
-1.701979 40.384992 -75.968314 
-0.919079 39.885132 -76.338729 
-0.381821 40.409447 -75.678087 
-0.114528 41.369391 -75.762119 
-0.217320 41.316667 -74.768814 
-0.312557 40.419486 -74.337540 
-0.361869 39.422931 -74.270871 
-0.103656 39.635666 -73.328496 
0.401411 39.346576 -72.515271 
0.455286 38.936688 -71.604728 
-0.270249 38.288334 -71.373998 
-0.349635 39.026125 -70.703654 
0.057022 39.702855 -70.089923 
0.658020 39.700334 -70.889169 
1.576562 39.306599 -70.924558 
2.380333 39.674923 -71.391774 
1.630787 40.143776 -71.859062 
1.933499 39.491107 -72.553603 
2.859043 39.250957 -72.260862 
2.508597 38.336800 -72.464591 
2.596519 39.012158 -73.196821 
3.172030 39.809015 -73.380685 
2.644423 40.145725 -74.160593 
2.627609 41.022913 -73.680741 
3.454820 40.840589 -74.212229 
4.344244 40.419210 -74.389333 
3.799068 39.616772 -74.146691 
4.110739 38.706234 -73.875061 
5.030886 39.036253 -73.664304 
5.914768 38.653471 -73.395547 
5.794913 39.593019 -73.074791 
6.215041 39.867242 -73.939830 
5.969405 39.033057 -74.433590 
5.590707 38.282786 -74.975515 
5.961773 37.650060 -74.295833 
6.868737 37.791650 -73.899137 
7.649735 37.168333 -73.938104 
8.378633 37.810086 -74.176559 
9.108722 38.003180 -73.521056 
9.678478 38.661654 -74.012777 
10.640246 38.758308 -73.756534 
10.500908 39.606933 -74.266848 
11.233467 39.590582 -73.586340 
11.158847 40.509821 -73.199778 
12.088090 40.573409 -72.835822 
11.796146 41.309431 -72.225053 
11.571270 41.541409 -73.171423 
10.640963 41.756829 -72.874570 
10.297885 42.098980 -73.749344 
9.802120 41.526368 -74.402286 
10.371311 40.895363 -73.875167 
9.804394 41.097306 -73.076528 
9.620402 40.468365 -72.321160 
9.370881 39.996346 -73.166700 
8.389670 39.823420 -73.081139 
8.263695 39.983008 -74.060252 
7.934488 40.792844 -73.574671 
7.496369 40.378957 -72.776705 
6.746435 40.553448 -72.138620 
7.399463 39.934454 -71.702272 
7.724529 -7.427066 -68.635002 
8.271451 -8.240955 -68.438885 
8.710932 -8.598888 -67.615029 
8.411412 -8.821763 -66.687335 
9.300443 -9.084643 -66.312478 
9.106757 -9.729827 -67.051547 
8.560385 -10.538575 -66.833822 
8.347566 -11.141657 -67.602587 
9.176848 -11.034831 -68.151113 
10.166397 -11.078773 -68.288450 
10.945148 -10.827383 -67.713690 
11.777151 -10.869822 -67.160544 
12.411788 -10.677135 -66.412141 
12.902052 -10.615354 -67.281522 
13.376626 -9.736869 -67.336701 
13.320802 -8.830567 -66.917773 
13.515956 -8.131864 -66.229493 
14.436572 -7.867534 -65.942102 
15.256670 -7.295801 -65.918390 
14.617263 -6.635796 -66.312791 
14.493795 -6.211273 -67.209751 
13.649333 -5.676833 -67.174292 
12.807648 -6.204846 -67.061291 
12.757424 -6.206775 -66.062555 
12.800349 -7.052291 -65.530332 
13.694227 -6.868888 -65.939411 
13.863940 -6.530771 -65.013736 
13.897382 -6.465045 -64.016458 
13.165620 -5.794543 -64.138733 
12.705276 -5.487463 -63.305795 
12.261556 -4.852015 -62.673879 
13.240547 -4.701752 -62.536047 
12.793785 -3.908489 -62.122359 
13.352607 -3.181419 -62.521216 
12.586465 -2.543338 -62.597885 
12.334260 -2.624590 -61.633629 
12.367616 -1.678788 -61.956656 
12.149344 -0.734676 -61.709654 
13.110432 -1.009311 -61.679897 
13.801307 -1.726344 -61.587400 
13.895294 -1.815125 -62.579007 
14.658224 -1.184370 -62.720735 
13.988540 -0.454994 -62.860498 
13.128598 -0.379168 -63.365226 
13.800844 0.003193 -63.999170 
14.760518 -0.081670 -63.731166 
14.492473 0.848990 -63.482120 
15.347584 1.154678 -63.063383 
16.198051 1.478006 -63.478311 
16.845546 1.155933 -62.787645 
17.130717 1.866514 -63.430880 
17.744281 1.344152 -64.023060 
18.319329 0.706208 -64.535257 
19.208169 1.105173 -64.760626 
19.017013 0.433323 -65.476221 
19.324975 -0.509766 -65.601690 
18.652400 -0.352943 -66.324911 
17.915819 -0.372189 -65.648835 
18.502759 -1.173149 -65.767003 
18.425386 -2.162092 -65.893517 
18.701119 -1.876222 -66.811259 
19.342091 -2.484479 -66.343093 
19.614138 -3.409823 -66.079033 
19.015549 -3.493725 -65.282383 
19.949220 -3.838415 -65.185185 
20.104201 -4.723269 -64.745851 
19.699604 -4.178696 -64.011180 
18.816406 -4.018424 -64.451946 
18.719764 -4.802578 -63.838952 
19.018883 -5.282053 -64.663956 
18.839830 -5.112412 -65.633060 
18.874454 -4.710658 -66.548153 
18.504306 -3.949906 -66.015005 
17.537292 -4.036685 -66.254490 
17.191473 -3.965648 -65.318881 
17.174225 -4.743083 -64.690155 
17.470947 -5.531040 -64.150637 
16.951304 -5.925051 -63.392530 
17.686992 -6.499408 -63.033536 
18.357661 -6.700504 -62.319558 
18.705832 -7.619385 -62.505121 
19.570999 -7.209400 -62.216336 
19.758237 -7.192299 -63.198501 
20.393616 -7.963314 -63.241276 
21.369560 -7.758275 -63.315377 
20.898912 -7.005808 -62.854634 
20.159000 -6.410553 -62.541262 
20.684949 -5.811718 -63.145226 
20.764497 -6.408497 -63.943679 
20.300492 -5.604998 -64.316624 
20.537297 -6.066916 -65.171350 
21.434796 -6.215650 -64.756171 
21.900777 -6.918474 -64.218676 
22.572049 -7.060724 -63.491244 
-46.119071 27.562314 -55.725202 
-47.102363 27.740656 -55.688715 
-46.502682 28.191973 -55.027885 
-47.048671 29.023730 -54.927509 
-46.489779 29.851514 -54.976643 
-45.544295 29.526964 -55.003615 
-44.803400 29.269371 -55.623874 
-44.389822 29.159345 -54.720078 
-44.063373 28.412885 -54.140226 
-44.002732 27.890850 -53.289460 
-44.961350 28.160064 -53.196847 
-45.420108 28.653239 -53.935980 
-45.879734 29.541348 -53.933232 
-45.683854 30.510780 -53.785474 
-46.529281 30.483764 -53.252067 
-45.867950 29.895168 -52.787099 
-45.866540 28.969531 -52.408688 
-46.632464 29.187317 -51.803767 
-47.482774 29.380999 -52.293114 
-47.610149 30.177756 -51.702391 
-46.843162 30.042014 -51.075251 
-47.585944 30.319525 -50.465938 
-48.244060 29.794867 -49.925923 
-48.576117 30.188819 -50.782976 
-49.149410 29.519054 -50.311011 
-49.561613 29.386403 -49.409628 
-50.055646 30.084585 -48.891484 
-50.734222 29.797354 -48.215442 
-51.367051 29.286900 -47.633236 
-51.489509 29.484015 -46.660534 
-52.204291 30.009355 -47.122167 
-52.019585 30.988707 -47.039987 
-51.049772 31.104640 -46.825462 
-50.436313 30.431740 -47.238831 
-49.779348 30.542353 -47.984593 
-49.692729 29.645279 -47.551286 
-50.138262 29.570013 -46.659190 
-50.452318 29.150158 -45.807667 
-50.743842 29.740668 -45.055130 
-51.062863 30.671666 -44.877737 
-51.408567 31.375961 -45.497782 
-50.784735 31.737132 -44.804681 
-50.309367 32.584390 -45.041702 
-49.351699 32.853140 -45.144884 
-49.716110 33.304777 -44.330496 
-49.510640 32.341966 -44.155059 
-49.286606 32.900049 -43.356089 
-49.021467 32.194363 -42.699043 
-48.453113 31.372474 -42.660684 
-47.731513 31.721539 -43.258552 
-48.006967 32.311339 -42.499433 
-47.050382 32.283861 -42.209276 
-46.256496 32.342211 -41.604016 
-45.939198 31.631927 -40.975670 
-45.428837 31.838301 -40.140839 
-44.666516 31.668964 -39.516186 
-43.763406 31.568010 -39.933561 
-43.637499 32.477431 -40.329918 
-42.854193 31.987373 -40.712377 
-42.848234 31.027113 -40.433332 
-42.898570 30.544947 -41.307965 
-43.283130 29.728883 -40.876510 
-42.290432 29.838784 -40.826772 
-42.499251 29.299818 -40.010739 
-43.175774 28.636655 -39.690534 
-43.995319 28.065145 -39.649040 
-44.228837 28.988690 -39.953231 
-43.871912 29.251056 -39.056700 
-44.470625 30.014646 -38.814888 
-44.991547 29.958180 -37.963154 
-45.468764 29.672017 -37.132266 
-46.108846 29.943338 -37.851071 
-47.071755 29.754689 -37.658151 
-46.974904 30.031636 -36.702159 
-47.076658 29.077518 -36.420550 
-46.516666 28.830798 -35.629640 
-45.676936 28.487158 -36.050073 
-44.830002 28.485086 -36.581767 
-43.964245 28.394991 -36.089479 
-43.146120 28.003904 -36.511052 
-43.132153 28.070586 -35.513376 
-43.745540 27.281782 -35.474064 
-44.182848 27.037384 -36.339530 
-45.161248 27.243108 -36.319250 
-45.231649 27.053482 -35.339920 
-45.000622 26.531575 -34.518799 
-44.549783 26.362867 -33.642282 
-44.332767 27.331560 -33.521709 
-45.279409 27.621041 -33.663374 
-45.040486 27.892770 -34.595617 
-44.231116 28.443333 -34.391164 
-28.719371 62.092734 45.682398 
-29.056572 62.430176 46.561277 
-28.340685 61.818555 46.898065 
-28.042721 61.129835 47.559035 
-27.245099 60.784277 48.053393 
-26.954402 61.373650 48.807140 
-26.170144 61.986880 48.901419 
-26.205475 62.977495 49.033456 
-26.165735 63.878529 49.465379 
-26.646162 64.115790 48.621047 
-27.011828 64.959054 49.014995 
-27.338671 64.817715 49.949445 
-28.330071 64.727992 50.044716 
-29.009599 64.055149 49.752272 
-29.136700 64.882464 49.205101 
-28.319612 65.396380 48.943838 
-28.343923 66.242626 48.411601 
-28.561638 66.979819 49.051247 
-29.232305 67.717253 48.971268 
-28.497477 67.712684 48.293030 
-27.571348 67.492926 47.986449 
-27.708897 67.875455 48.900097 
-28.320448 68.223386 49.610695 
-28.294305 68.835784 48.820577 
-27.531590 68.774186 48.176781 
-26.789623 68.411754 47.612754 
-27.441855 68.429728 46.854948 
-28.236217 67.848485 46.678470 
-27.977974 67.468528 45.790246 
-28.313494 68.389987 45.594439 
-27.834845 69.236511 45.361433 
-27.139272 68.575822 45.079179 
-27.059808 67.966348 44.290365 
-26.746164 67.238419 44.900075 
-25.757639 67.312129 44.768216 
-25.979482 66.338832 44.709237 
-25.798285 65.358969 44.793119 
-25.943654 64.384962 44.966835 
-25.594066 64.425950 44.030829 
-24.755706 63.910690 44.208760 
-25.181542 63.023260 44.032318 
-24.497069 62.984503 43.304311 
-24.411005 62.005924 43.117294 
-24.848950 62.148987 42.229748 
-24.399939 61.260436 42.323914 
-23.953586 61.110638 43.206144 
-22.960605 60.992399 43.209226 
-23.414944 60.697471 42.368635 
-22.733717 60.194167 41.837020 
-22.704331 59.213765 42.031824 
-22.560037 58.673822 41.202583 
-21.646580 59.019083 40.987196 
-20.872883 59.639979 41.113213 
-21.203896 60.503715 41.493199 
-20.666599 60.021718 42.185290 
-20.663397 61.020102 42.242022 
-19.768981 60.676064 41.956263 
-19.043321 59.993305 41.871069 
-18.342906 59.595592 42.463725 
-17.573894 59.924887 41.915834 
-17.105050 60.769003 41.655729 
-17.895368 60.837913 42.264538 
-17.715807 61.150101 43.197434 
-18.375136 61.459137 43.882842 
-18.584372 61.433763 44.860378 
-19.313721 61.743489 44.250361 
-20.177068 61.370276 43.910741 
-19.576838 61.184172 43.132866 
-19.129216 62.069841 43.009480 
-19.154950 62.841972 43.644422 
-18.434986 63.391817 44.067887 
-17.479088 63.649592 43.927135 
-16.560451 63.855043 44.264621 
-16.379090 62.897967 44.038541 
-16.564441 62.770235 45.012877 
-16.755840 63.472248 45.698838 
-17.424393 63.157038 46.372396 
-18.048281 62.569062 45.857568 
-17.902326 62.773708 44.889675 
-18.597289 63.285172 45.395077 
-19.126015 62.542011 44.985004 
-43.288671 41.121154 -12.043302 
-43.062385 40.720600 -11.155411 
-43.345520 41.320156 -10.406834 
-43.486743 40.868622 -9.525827 
-44.321740 40.571991 -9.989283 
-44.766302 39.682437 -10.094445 
-44.026610 39.054923 -10.337512 
-44.244485 39.500284 -11.205950 
-45.068111 38.946875 -11.329959 
-44.734686 38.103854 -10.907889 
-43.763006 37.867620 -10.902326 
-43.408330 36.974470 -10.625763 
-44.297710 36.714431 -11.001772 
-43.768019 36.821932 -11.843123 
-44.349585 36.758392 -12.654137 
-43.748389 37.468100 -13.021395 
-42.939787 36.886269 -13.108776 
-43.021519 35.890334 -13.146630 
-43.910905 35.433179 -13.147460 
-43.736478 34.488110 -13.423901 
-44.665713 34.175141 -13.227502 
-45.255571 34.822960 -13.709579 
-45.208294 34.111381 -14.410593 
-45.247441 34.569170 -15.298791 
-45.609472 35.480393 -15.102306 
-46.517087 35.072136 -15.200079 
-46.149528 34.450103 -15.891437 
-46.388552 35.129867 -16.584826 
-46.655633 36.074423 -16.393826 
-47.593414 36.371194 -16.213563 
-48.194940 37.155560 -16.062119 
-47.321183 37.581162 -15.826719 
-46.831384 38.231869 -16.406958 
-47.487806 38.975453 -16.279708 
-48.255437 39.343123 -15.754768 
-48.913259 39.046313 -16.446992 
-49.509158 38.350945 -16.848697 
-48.960324 37.550910 -17.091029 
-49.290058 37.075924 -17.906912 
-49.497386 37.585063 -18.742252 
-50.284165 37.324203 -18.182850 
-50.664803 38.103715 -18.680319 
-50.347892 38.691163 -19.424948 
-50.367931 39.689829 -19.472528 
-51.347613 39.889775 -19.456849 
-51.438622 40.803792 -19.061515 
-52.018651 41.338756 -19.675828 
-52.295434 41.025122 -20.584136 
-52.542910 40.141969 -20.982628 
-53.502922 40.340465 -20.785206 
-53.740170 40.289468 -21.755316 
-53.481905 39.323806 -21.783541 
-54.332009 39.262055 -21.260558 
-55.154456 39.187125 -21.824443 
-54.910763 38.261844 -21.533808 
-55.841153 37.926346 -21.681511 
-56.301986 37.708729 -20.821118 
-57.291007 37.846349 -20.767289 
-58.007541 38.076426 -20.108773 
-57.261023 38.029720 -19.445048 
-57.119811 37.544603 -18.582076 
-57.223948 36.801321 -17.921253 
-57.666647 37.555809 -17.436727 
-56.832144 37.643983 -16.892823 
-56.114166 37.083628 -17.305753 
-56.137117 36.444987 -16.536591 
-55.143509 36.527841 -16.613252 
-54.911701 35.581644 -16.387472 
-54.639801 34.628166 -16.517662 
-54.134246 33.791416 -16.307274 
-54.462617 33.831304 -17.250980 
-53.672308 33.320997 -17.590095 
-52.837085 33.010377 -18.043877 
-52.742193 33.113864 -17.053783 
-52.126552 32.338730 -17.195746 
-51.431297 31.808936 -16.710012 
-50.882233 31.192054 -17.273914 
-50.219409 31.186738 -18.022671 
5.545729 -8.312366 70.745798 
5.484651 -7.849101 71.629911 
5.038762 -8.715673 71.854046 
5.657577 -9.413973 71.494261 
6.013978 -10.304750 71.212315 
5.619307 -10.512373 72.107372 
5.531434 -11.262054 72.763311 
6.265204 -11.914806 72.574905 
6.374430 -12.696734 73.188630 
6.766762 -12.764748 72.271324 
6.808859 -11.925248 71.729597 
7.580008 -11.813205 71.102879 
7.863907 -11.000470 71.611666 
7.076968 -10.456674 71.320095 
7.298071 -9.487182 71.425925 
7.718157 -8.747295 70.900479 
8.578139 -8.792346 71.408812 
8.996779 -8.217158 70.706032 
9.626810 -7.643552 71.229517 
10.487934 -8.150158 71.272132 
10.665215 -9.106621 71.040292 
11.441246 -8.476989 71.003702 
12.376170 -8.132483 71.088748 
13.279697 -8.317835 70.702375 
13.744099 -8.015690 69.869884 
14.565613 -7.462995 69.729737 
14.952648 -8.372921 69.580613 
15.332923 -7.827384 70.327459 
15.854565 -7.139456 70.832084 
16.699164 -6.796924 71.243573 
16.949509 -7.591362 70.690224 
16.834852 -8.091759 71.548395 
16.173396 -8.840423 71.592852 
15.438956 -8.162149 71.616134 
14.644893 -7.616063 71.349200 
14.482154 -7.266083 72.271713 
14.918373 -6.555507 72.823796 
15.543184 -5.774867 72.809237 
16.520454 -5.939969 72.942224 
16.429524 -5.706565 73.910343 
16.768654 -4.859282 74.319125 
17.504085 -4.703946 73.659570 
17.983923 -4.441591 74.496783 
17.406810 -3.776811 74.971132 
16.417717 -3.894006 74.881909 
15.664664 -4.481064 75.179017 
15.672817 -4.800921 74.231586 
15.579768 -4.131934 73.494160 
14.958513 -3.396884 73.765719 
14.660026 -4.271511 74.147731 
14.177627 -4.925511 73.565000 
13.584430 -5.289864 72.847112 
13.361656 -5.005750 71.914561 
13.261588 -5.986136 72.084354 
12.412035 -5.514534 72.320681 
11.853711 -5.340156 73.131771 
11.740042 -4.433931 73.538999 
12.055161 -3.527591 73.257488 
11.647081 -2.617573 73.330557 
12.199479 -2.177862 72.622383 
11.832631 -1.322179 72.257375 
11.429391 -1.145546 71.359490 
12.066155 -1.323612 70.609274 
12.587503 -0.510852 70.349240 
11.835986 0.148862 70.349076 
11.257601 -0.249533 69.637211 
10.865331 0.656533 69.478565 
10.034161 0.101158 69.505318 
10.449791 -0.563844 68.884815 
9.808859 0.112441 68.521712 
10.186734 0.999093 68.788281 
10.700218 1.566655 68.144692 
11.693707 1.613102 68.040656 
11.922276 2.442713 67.531242 
12.433428 2.289637 66.685493 
13.162627 1.813392 67.176879 
13.429921 0.878410 67.410037 
13.417378 0.209319 66.666962 
13.907084 -0.071110 67.492521 
13.541351 -1.001131 67.456482 
14.257912 -1.289751 66.821471 
14.269451 -0.682397 66.027124 
10.576729 9.637234 26.765298 
10.825448 10.382248 26.146352 
10.758789 10.830395 27.037823 
10.539083 11.651009 26.510261 
11.050708 12.467180 26.778785 
11.072107 13.296228 27.337552 
10.335043 13.949353 27.163872 
9.346570 13.849731 27.277879 
8.693327 13.139783 27.541029 
7.896632 12.953549 26.966055 
7.312784 13.345332 27.677130 
6.400704 13.454753 28.072271 
5.441948 13.380055 28.346510 
5.203581 12.419394 28.203991 
5.587199 11.529806 27.956059 
5.097598 11.017065 28.661316 
4.152515 10.957695 28.982710 
4.349484 10.737142 28.027430 
3.810160 10.090308 27.488231 
3.951948 9.369906 28.167141 
3.401908 8.847190 28.818466 
3.871657 9.522699 29.386817 
3.087578 9.712241 29.977828 
2.689285 8.807990 30.131753 
2.776604 8.918488 31.121786 
3.179139 9.611147 31.720274 
2.504380 10.256406 31.362026 
2.092870 10.429136 30.467139 
1.295936 11.025307 30.369791 
1.302499 11.354903 31.313890 
0.641229 11.144573 32.033949 
0.229972 10.603493 31.300397 
-0.581070 10.677772 31.880650 
-1.204950 11.141306 31.251437 
-2.118019 11.105319 30.845223 
-2.422677 11.344598 31.767139 
-2.459564 12.303309 31.485161 
-3.109242 12.835484 32.028033 
-3.715396 12.116918 31.687092 
-3.238920 11.679053 30.924697 
-3.699808 10.819279 31.144629 
-4.500190 10.713405 30.554561 
-3.708288 10.522567 29.974499 
-4.141557 9.626921 29.874016 
-3.146169 9.611314 29.779362 
-2.274764 9.973153 30.110611 
-2.150802 9.040343 30.448988 
-2.463762 8.608433 31.294866 
-1.921154 7.774754 31.192125 
-1.329524 6.974043 31.098119 
-0.937391 7.868118 30.881646 
-0.489058 7.176372 30.315532 
-1.309376 6.929023 29.799880 
-2.152403 6.411230 29.945465 
-2.830253 5.916412 30.489225 
-3.373985 5.214480 30.029173 
-4.073790 5.386312 29.335814 
-4.739710 5.218349 30.062683 
-4.167994 5.469049 30.843893 
-3.825551 4.901511 31.592648 
-3.209722 5.688784 31.561725 
-3.244656 6.137203 32.454865 
-2.724684 6.775293 33.022731 
-2.878143 7.748784 32.853125 
-3.100943 8.626270 33.277834 
-3.928391 8.080498 33.145685 
-4.563303 7.728821 33.833588 
-4.160230 7.012739 33.263712 
-4.419713 6.733525 32.339208 
-5.070006 6.988085 31.623444 
-5.718113 6.248230 31.442966 
-5.465435 5.946379 30.523705 
-6.293431 5.386295 30.550686 
-6.673990 5.528982 31.464369 
-6.401683 4.820669 32.115630 
-5.468732 4.478584 32.003468 
-4.883894 4.253924 32.782886 
40.228429 -38.897966 -14.418902 
40.034200 -39.588618 -15.115518 
39.290405 -39.554447 -15.783053 
38.551890 -38.933604 -15.520090 
38.573890 -38.404218 -16.368187 
39.002585 -38.291521 -17.264579 
38.499750 -39.146774 -17.389877 
37.887257 -39.530326 -16.698689 
37.197809 -39.698185 -17.403306 
37.965758 -39.909575 -18.007928 
37.247104 -39.398845 -18.479830 
37.303099 -39.704197 -19.430422 
37.907856 -40.455513 -19.694606 
38.048603 -41.423409 -19.902855 
37.171273 -41.096616 -20.254279 
37.047036 -42.031677 -19.922275 
36.344707 -42.257377 -19.247150 
36.189103 -42.554701 -18.305139 
35.808037 -41.635049 -18.210124 
36.540519 -41.552768 -17.534328 
35.770485 -41.290429 -16.952756 
36.252838 -41.685190 -16.170772 
36.170359 -42.652160 -16.411951 
37.167823 -42.635250 -16.481082 
37.764423 -42.935702 -17.225257 
38.507134 -42.403765 -16.818533 
38.501778 -41.423583 -16.620507 
38.450897 -40.905842 -17.474530 
39.282512 -41.253325 -17.907741 
39.511613 -40.316130 -17.644726 
39.644750 -39.400145 -18.023204 
38.860768 -38.894427 -18.383236 
38.207410 -38.374167 -18.933192 
38.568029 -37.509138 -18.584369 
39.455738 -37.750152 -18.976651 
38.830446 -37.540527 -19.728361 
39.342297 -37.883821 -20.515862 
40.127230 -37.544363 -21.034174 
40.305786 -37.886348 -20.111589 
41.097220 -37.995899 -20.712946 
41.808615 -38.442643 -20.170417 
41.933941 -37.465611 -20.342760 
41.196212 -37.065989 -19.798647 
41.927382 -36.408643 -19.616200 
42.708705 -36.998366 -19.820553 
43.586110 -36.571444 -20.039413 
43.386745 -36.959913 -20.939049 
43.548990 -37.923732 -20.727553 
44.135826 -38.244012 -19.983885 
43.518960 -39.027932 -20.054210 
42.767588 -39.012489 -20.713908 
42.733170 -38.461279 -21.547564 
41.759168 -38.513985 -21.327239 
41.998609 -39.126097 -22.080888 
42.358781 -40.051867 -22.195892 
42.205502 -40.651764 -21.410634 
41.578959 -39.901518 -21.199504 
40.626614 -40.146200 -21.381630 
40.825238 -39.764616 -22.284371 
40.161024 -40.414885 -22.653113 
40.208720 -39.936509 -23.529972 
40.164627 -38.965552 -23.294819 
39.925706 -38.020730 -23.070700 
39.104454 -38.523304 -22.800581 
38.662030 -38.492652 -21.904299 
38.207829 -37.800812 -21.342998 
38.808318 -37.045694 -21.079921 
38.808753 -36.549518 -21.948142 
39.100890 -37.505790 -21.933976 
39.870862 -37.000100 -22.323105 
40.573437 -36.578102 -22.896084 
41.103961 -36.746718 -22.065353 
41.991886 -36.764178 -21.605697 
41.460712 -36.133214 -21.040241 
42.330986 -35.693741 -20.817786 
43.065663 -35.018364 -20.753621 
44.101849 -4.427966 12.497398 
43.240905 -4.929903 12.414736 
43.780436 -5.020696 11.577680 
43.205593 -4.272074 11.247347 
43.819886 -3.720586 11.811710 
43.921954 -2.827865 12.250609 
44.917706 -2.843155 12.341411 
44.707723 -3.104802 13.283456 
44.363987 -2.165905 13.265602 
43.589817 -1.772866 12.769435 
43.955456 -1.405859 11.914091 
43.718059 -0.464501 12.153857 
43.323015 0.137883 11.460262 
43.226504 0.392262 10.497985 
43.280311 1.310896 10.889413 
42.429888 1.833561 10.949424 
42.765722 2.052129 11.865635 
43.131406 2.277463 12.768685 
43.450350 2.840455 13.531125 
43.925569 3.473265 14.142450 
44.100400 3.842150 15.055335 
44.436591 3.733507 15.990841 
45.269985 3.393625 16.426657 
45.865321 3.960084 15.856834 
46.816572 3.658839 15.790706 
46.808117 2.667142 15.919025 
46.411819 1.808412 15.594171 
47.023453 1.074414 15.298956 
48.001543 1.275817 15.246258 
47.380582 1.954211 14.853588 
47.534018 2.358458 13.951900 
47.190134 1.620063 13.371799 
47.791920 2.278360 12.919584 
48.689977 1.844889 12.844771 
48.790182 0.867412 12.659034 
47.925116 0.454022 12.374837 
47.544711 0.654225 13.277727 
48.157348 0.016736 13.744934 
48.363187 -0.949740 13.898410 
48.026989 -0.647044 13.006588 
47.078337 -0.577942 12.697906 
46.918113 -1.485143 13.086897 
46.223394 -1.388953 12.374077 
46.135447 -1.540177 11.389498 
45.199598 -1.456527 11.047169 
45.769301 -1.389035 10.228095 
45.586521 -0.853752 9.403435 
45.413536 -0.215585 8.653222 
44.534437 0.069256 9.035386 
43.898446 0.625868 8.500878 
44.190566 1.246845 9.228239 
45.056453 1.318521 9.723318 
44.808253 2.186482 9.293154 
44.664066 2.486441 8.350162 
44.299741 3.123036 9.029878 
43.691972 3.787508 8.595028 
44.000579 4.408303 9.315705 
44.230313 4.927822 10.138701 
44.715512 5.334938 9.364856 
45.457993 4.678847 9.229700 
45.632702 3.780358 8.826966 
45.982926 4.273300 8.030504 
46.535349 3.513791 7.687028 
46.840259 3.276643 8.609411 
47.358104 2.717135 7.962273 
47.594850 1.998337 8.615940 
47.629823 2.584168 9.425619 
48.377697 2.353211 10.047987 
48.376937 1.828489 10.899260 
47.523215 1.483979 11.289736 
47.140259 2.381666 11.507690 
46.789280 2.258234 10.579478 
46.584404 2.254425 9.600697 
45.878122 2.838016 10.001431 
45.791767 2.295036 10.836724 
45.654991 2.945283 11.584034 
-54.612071 -5.510666 42.307598 
-53.926216 -5.607032 41.586269 
-53.416776 -6.159113 40.926210 
-52.534233 -5.812383 40.608569 
-52.001418 -4.990387 40.809644 
-51.480550 -4.167184 40.583739 
-51.600577 -3.716820 39.698998 
-51.367993 -2.840862 40.121611 
-52.326834 -3.124512 40.134570 
-52.261844 -2.496513 40.910066 
-52.458719 -1.586089 41.273890 
-52.930292 -1.456046 42.146076 
-52.605347 -2.397016 42.240868 
-51.767361 -2.874038 42.505877 
-51.540677 -1.922384 42.713169 
-51.149836 -1.002588 42.678259 
-51.589019 -0.756228 43.542218 
-52.271613 -0.051752 43.736587 
-52.617030 -0.579255 44.512749 
-53.239086 -1.321275 44.262845 
-52.885592 -2.248472 44.386731 
-52.701589 -3.109666 43.912928 
-52.079964 -3.858367 44.143207 
-51.424521 -4.169854 43.455188 
-52.031560 -4.852398 43.048203 
-51.726403 -5.800540 43.137120 
-52.202510 -6.387092 43.792314 
-52.029554 -5.823061 44.599751 
-51.509813 -5.254124 43.962429 
-50.532529 -5.284261 43.752647 
-49.946795 -4.540950 44.075764 
-49.745143 -4.758483 45.030759 
-48.786131 -4.475893 45.051670 
-49.006556 -3.990705 45.897841 
-49.373491 -4.904306 46.073030 
-49.364611 -5.903746 46.040786 
-49.897835 -5.602164 46.831179 
-50.224924 -6.472359 46.462707 
-50.027765 -6.529433 45.483998 
-49.346517 -6.016065 44.962123 
-48.736221 -5.633568 44.268411 
-48.372688 -6.430277 43.785608 
-48.022970 -6.295674 44.712743 
-47.385666 -6.384425 43.947258 
-46.716324 -6.420906 44.689316 
-46.373711 -6.735923 43.804228 
-46.537016 -7.563092 43.266527 
-47.156212 -8.300654 42.997082 
-46.315884 -8.735292 42.673141 
-46.410563 -9.563020 42.120056 
-45.589866 -9.016781 41.952485 
-45.844343 -9.257325 41.015799 
-46.691915 -8.733589 41.101377 
-46.765173 -9.166441 40.202894 
-47.524633 -8.528354 40.076141 
-47.906110 -8.699427 40.984551 
-48.589374 -8.939672 40.295035 
-49.149592 -9.605603 39.802399 
-49.355994 -10.459622 39.324852 
-48.452356 -10.875495 39.427261 
-47.678680 -10.241937 39.421699 
-47.305697 -11.110606 39.747733 
-46.412809 -11.454699 40.038166 
-46.362900 -11.438314 41.036786 
-45.447222 -11.037366 41.064620 
-45.886825 -10.400575 41.698062 
-45.805336 -10.920660 42.548280 
-46.626190 -11.420019 42.271081 
-47.030630 -11.863595 43.070875 
-46.380431 -12.192966 43.755532 
-46.182109 -11.271108 43.422596 
-46.654355 -10.540754 42.929072 
-46.916278 -9.975457 43.711271 
-46.260884 -10.508249 44.246614 
-46.148906 -9.691796 44.813063 
-46.898228 -9.865095 45.452191 
-46.209925 -10.390989 45.951864 
-46.609385 -10.654776 46.829844 
-46.954621 -11.156473 46.036678 
14.426529 -63.238766 -25.358802 
14.148223 -64.132317 -25.006508 
15.025102 -64.425203 -25.387693 
14.740421 -65.181645 -24.798837 
14.158416 -65.014381 -25.594634 
14.069329 -65.352557 -26.531490 
14.290812 -64.430514 -26.848952 
15.194156 -64.642129 -26.475870 
16.087687 -64.308290 -26.776126 
16.355079 -63.492602 -26.263140 
17.174888 -63.457146 -26.834679 
16.583393 -62.672536 -27.020478 
17.429417 -62.270609 -27.370759 
17.754134 -61.976138 -26.471956 
17.111152 -62.070347 -25.711891 
17.679607 -62.507370 -25.014848 
18.060157 -61.582746 -25.030735 
18.484643 -61.240289 -24.192561 
19.438574 -61.421718 -23.953608 
19.399794 -62.383731 -24.223842 
20.242969 -62.116489 -24.690358 
19.974895 -61.174829 -24.893858 
20.380270 -60.599241 -25.604048 
19.907504 -60.886027 -26.437263 
20.859504 -60.680244 -26.663864 
20.309188 -60.157819 -27.315189 
19.851419 -60.182863 -28.203908 
19.610035 -59.648691 -29.014089 
19.588760 -60.014183 -29.944661 
18.704726 -59.888821 -30.394958 
18.533595 -59.783019 -31.374509 
18.869112 -59.086491 -32.008762 
19.359446 -58.222628 -31.893377 
19.742814 -57.659184 -31.161558 
20.007432 -57.914318 -30.231567 
19.231987 -58.371130 -30.667467 
18.588861 -58.183663 -29.925008 
17.714780 -58.589602 -29.658181 
17.209681 -57.783354 -29.966142 
18.077835 -57.297297 -29.865863 
18.243846 -57.656769 -28.947593 
18.152445 -56.895266 -28.305909 
18.813428 -56.396435 -27.745312 
18.948817 -55.702792 -27.037832 
18.910494 -55.537303 -26.052365 
18.264343 -55.961436 -25.417857 
18.199537 -55.868796 -24.424269 
18.557113 -56.658938 -23.926458 
17.600804 -56.836412 -23.694131 
18.168650 -57.657429 -23.635125 
19.004990 -58.190331 -23.763775 
19.085285 -58.826846 -22.996701 
20.024665 -58.637384 -22.710923 
20.213477 -57.704022 -23.016184 
20.353099 -58.104706 -23.921700 
19.993277 -58.149456 -24.853647 
19.939166 -58.731869 -25.664737 
20.717220 -58.840151 -25.045943 
21.107933 -58.680081 -25.952431 
20.347494 -58.653418 -26.601293 
20.745499 -57.737521 -26.549100 
21.315814 -58.318937 -27.129355 
21.646297 -59.242592 -27.323375 
21.714303 -59.763025 -28.174565 
22.676715 -59.990693 -28.026475 
22.206709 -60.826867 -27.743794 
47.322089 -1.437666 -40.001802 
48.173664 -1.958921 -40.057602 
47.619529 -2.698594 -39.675740 
46.895397 -3.014358 -39.062612 
46.098694 -2.506575 -39.390363 
46.185019 -2.561230 -40.385129 
46.276037 -1.982764 -41.195742 
46.593127 -2.817081 -41.646706 
47.470982 -2.469428 -41.317303 
47.755557 -1.694207 -41.881262 
47.220802 -2.002333 -42.668088 
46.278335 -2.082998 -42.992510 
46.608187 -3.019142 -42.870723 
46.442459 -3.999533 -42.977348 
47.321233 -4.221617 -43.399763 
46.838892 -4.703456 -44.131321 
47.390835 -5.252024 -43.503284 
48.194777 -4.752138 -43.825449 
48.773652 -5.165461 -44.528349 
48.335915 -5.783840 -45.181031 
48.700199 -6.708628 -45.290868 
49.242586 -6.142741 -45.911826 
50.103986 -6.650622 -45.918749 
49.666405 -7.448926 -46.332553 
50.157947 -7.633207 -45.481420 
50.381062 -8.466826 -44.976149 
49.394408 -8.520054 -44.822259 
49.086513 -9.471197 -44.799311 
48.988464 -9.768345 -45.749095 
49.579669 -10.170312 -46.448308 
49.183859 -10.954361 -46.926430 
48.232217 -10.758911 -46.689414 
47.250579 -10.845892 -46.519643 
47.192453 -11.449309 -45.724338 
46.291914 -11.034492 -45.854558 
45.749809 -10.729989 -46.637756 
45.947738 -10.173196 -47.444482 
46.647067 -9.656762 -46.950282 
47.587597 -9.636414 -47.289383 
47.705363 -8.740786 -46.860452 
47.472914 -7.875100 -47.303797 
47.299436 -8.738630 -47.777317 
46.446553 -8.473641 -47.327459 
46.836100 -8.105587 -46.483190 
47.282427 -8.374420 -45.629656 
47.054904 -7.409343 -45.759500 
46.670179 -6.740816 -46.395943 
45.990176 -6.070412 -46.099035 
46.906478 -5.693233 -45.964400 
47.180000 -5.509771 -46.908607 
46.726964 -5.936483 -47.691342 
47.022440 -5.807341 -48.637924 
47.270382 -4.878403 -48.362974 
48.233562 -5.087313 -48.193735 
48.920227 -4.536322 -48.667972 
49.260551 -5.439273 -48.405564 
49.911508 -6.198316 -48.416044 
49.116502 -6.802218 -48.473214 
49.516647 -7.718044 -48.507089 
49.098153 -8.464401 -49.024597 
48.214950 -8.535184 -49.488215 
48.229563 -9.118351 -50.300436 
24.731429 25.059394 -25.118802 
23.745560 24.941210 -25.000082 
22.817339 25.176172 -25.288523 
22.998356 24.845182 -26.214632 
23.924657 25.182799 -26.047357 
24.520998 24.446329 -26.366715 
25.336960 24.718655 -25.856768 
25.622170 24.806107 -26.811235 
25.419557 25.721232 -26.462677 
24.487304 25.693231 -26.823399 
24.033685 26.322297 -27.454673 
23.372412 27.045723 -27.653099 
22.395114 27.256637 -27.633013 
21.635411 26.954063 -27.057426 
22.508648 26.516934 -26.842076 
21.893581 26.726565 -26.081978 
22.812797 27.120319 -26.081688 
23.808306 27.122030 -26.176341 
24.609168 27.086634 -25.578540 
25.241117 27.550886 -26.199114 
25.539816 28.189468 -25.489895 
24.803498 28.827206 -25.263784 
23.825044 28.869629 -25.061727 
24.423667 29.311337 -24.393487 
23.825529 29.751897 -23.724056 
23.161998 29.012334 -23.837071 
22.457957 28.412781 -23.456463 
21.747984 28.966263 -23.891889 
21.301575 28.407319 -23.193104 
21.466964 27.691026 -23.871021 
21.801216 26.901260 -24.385361 
22.579724 27.410704 -24.751954 
23.282350 27.746606 -24.124669 
23.701508 27.869560 -23.225119 
23.293755 28.144854 -22.354515 
23.019625 27.268752 -22.751124 
23.679276 26.527535 -22.626796 
23.586141 25.631974 -22.191713 
23.701576 26.116505 -21.324589 
23.578784 25.850105 -20.368580 
22.879310 25.136701 -20.326276 
22.782380 24.155662 -20.494107 
22.598332 23.173662 -20.451650 
23.504851 23.420924 -20.793826 
23.696276 22.781729 -21.538666 
24.479461 23.090212 -20.998796 
24.814384 22.742509 -20.123051 
25.237818 22.336145 -19.313378 
26.185775 22.531940 -19.564460 
26.005962 21.606473 -19.897894 
25.089127 21.251591 -19.714937 
24.605541 20.473081 -20.115021 
25.314357 20.505534 -20.819667 
25.364166 19.745870 -21.468072 
24.391327 19.690305 -21.692788 
23.760454 19.069785 -21.227005 
24.267223 18.597292 -20.505940 
24.942062 19.287209 -20.244011 
25.143309 19.331168 -19.265457 
24.816833 18.458389 -19.628321 
-11.705071 -53.867766 27.950998 
-11.807619 -54.824496 28.223304 
-11.058839 -54.718784 27.568970 
-10.401937 -55.330631 27.128377 
-9.797184 -55.282674 26.333409 
-9.883807 -54.306121 26.136329 
-10.784801 -54.470153 25.734703 
-10.897815 -54.990105 24.888017 
-10.895307 -54.207064 24.266052 
-11.757548 -54.035390 24.742569 
-12.420882 -54.782780 24.705201 
-12.980630 -54.219355 25.312847 
-13.872184 -53.977118 24.930153 
-14.022595 -52.997106 25.060355 
-14.832755 -53.571566 25.177136 
-14.946351 -54.376402 25.759660 
-15.205928 -54.228618 26.714008 
-14.428839 -53.607548 26.612009 
-13.619585 -53.273978 27.095579 
-13.418359 -53.502862 28.048008 
-14.374718 -53.756855 28.192451 
-14.358734 -54.448600 27.470487 
-14.653207 -55.307072 27.050592 
-13.653498 -55.289051 27.066591 
-13.020905 -54.838689 27.696671 
-12.305480 -55.004972 27.018057 
-11.803510 -55.869654 26.999347 
-12.757104 -55.846967 26.699109 
-12.402432 -55.247927 25.981224 
-12.201203 -56.113521 25.522689 
-11.986724 -56.734188 24.768519 
-11.711461 -57.554540 24.267269 
-12.397045 -58.207562 24.589041 
-12.599349 -57.938226 25.530599 
-13.450017 -57.429960 25.396324 
-14.227877 -57.659671 25.981274 
-13.352199 -57.413642 26.396794 
-14.112444 -57.514228 27.038596 
-14.387563 -56.619773 27.391101 
-15.251315 -57.036016 27.107068 
-15.367296 -56.595928 27.997501 
-16.240291 -56.620493 28.484611 
-16.968503 -55.941917 28.580750 
-17.419315 -56.181703 27.720941 
-18.363939 -56.398815 27.474878 
-18.889979 -57.146419 27.069452 
-18.832674 -56.340757 26.479854 
-19.083763 -55.393651 26.279997 
-19.942713 -55.454907 26.788378 
-20.471513 -56.240843 27.108808 
-21.314964 -56.720638 27.350441 
-20.458103 -57.205091 27.526781 
-20.676592 -58.078444 27.962116 
-21.444717 -57.759776 27.406747 
-21.800070 -57.900001 26.482593 
-22.416865 -58.235134 27.194807 
-22.834672 -58.450079 28.077551 
-32.875971 -38.680166 72.234898 
-32.676854 -38.999349 73.161437 
-31.816310 -39.242424 72.713801 
-30.888926 -39.161946 72.348448 
-30.275813 -38.791171 73.046028 
-30.658992 -39.211448 73.868550 
-30.586876 -39.869672 74.617910 
-30.000684 -40.375312 73.984895 
-30.194093 -41.342301 74.150805 
-29.242205 -41.073843 74.003021 
-29.355210 -41.505596 74.897907 
-29.284691 -40.611497 75.340189 
-30.184095 -40.800186 75.734485 
-30.695572 -41.175375 76.507546 
-31.615491 -41.242703 76.893831 
-31.067022 -40.541611 77.349518 
-31.967587 -40.110402 77.294362 
-31.669582 -39.326744 77.839406 
-31.080143 -38.723926 78.377154 
-31.167715 -39.610088 78.832179 
-30.943424 -39.194890 79.713827 
-31.156207 -40.102426 80.075907 
-32.118120 -40.098207 79.802582 
-32.698568 -40.869008 80.065158 
-32.452134 -41.655613 80.631305 
-31.582917 -41.347128 81.017697 
-31.804336 -41.551666 81.971184 
-32.609233 -41.416098 82.548906 
-31.955524 -41.697878 83.251235 
-31.958281 -42.652706 83.548381 
-31.287967 -43.220452 83.070528 
-30.330767 -43.503316 83.131811 
-30.796114 -43.524924 84.016675 
-30.876011 -42.797538 84.698237 
-31.677428 -42.200463 84.663122 
-32.122150 -41.952261 85.523714 
-31.178338 -42.183231 85.760087 
-30.988951 -42.528456 86.679300 
-31.957562 -42.469031 86.920673 
33.748429 -50.672966 34.076478 
33.687854 -50.596958 35.071744 
33.807467 -51.488019 35.509582 
33.465626 -50.757867 36.101208 
34.363745 -50.332635 36.213280 
34.595510 -50.179124 35.252697 
35.453285 -50.456846 35.685238 
35.763675 -51.407335 35.670133 
35.444179 -52.181383 35.123531 
34.677078 -52.763804 35.392493 
34.916803 -52.149809 36.144518 
35.347618 -52.825419 36.742807 
35.198663 -52.268459 37.559880 
35.411235 -53.198398 37.859927 
34.993698 -52.897595 38.717354 
34.412502 -53.476366 39.289399 
35.289187 -53.840614 38.975158 
35.077796 -54.784851 38.722707 
35.473195 -54.282292 37.953881 
34.803521 -54.739627 37.368748 
35.122319 -55.211507 36.546739 
35.719572 -54.979134 35.779086 
36.431698 -55.378132 35.201438 
37.113216 -54.975287 35.812379 
36.917707 -54.181375 35.236637 
37.479243 -53.528119 35.744509 
36.917443 -54.003510 36.421549 
37.482829 -53.279581 36.816852 
37.970810 -54.150592 36.760167 
38.844750 -54.140319 37.246092 
38.850458 -54.165552 36.246427 
39.311504 -53.279044 36.207186 
40.270532 -53.405982 36.460469 
40.619925 -53.833357 37.294301 
40.738142 -54.329665 38.154361 
41.557953 -54.059410 38.659209 
42.294569 -54.733454 38.714550 
41.823728 -55.423110 39.264717 
42.700751 -55.444532 39.744687 
43.184789 -55.286147 40.605281 
44.066971 -55.317433 41.075148 
43.978410 -55.722647 40.165226 
44.889276 -56.043823 39.906057 
44.254929 -56.666841 40.363718 
44.195933 -57.077610 41.273547 
44.995866 -57.156130 41.868476 
45.362470 -57.714203 41.124060 
46.216582 -57.308366 41.449311 
47.208518 -57.186785 41.413499 
47.606657 -58.050659 41.722056 
48.286768 -58.721583 41.426574 
48.595967 -58.522521 40.496643 
48.241995 -59.443651 40.658581 
48.127877 -59.874164 39.763240 
48.393523 -59.110223 39.175169 
47.859678 -58.931062 38.348785 
47.521247 -59.869857 38.284540 
48.359122 -60.303769 38.615729 
49.213085 -59.856220 38.881148 
49.858812 -60.619404 38.856930 
49.160206 -60.973697 39.478562 
49.283423 -61.664157 38.765763 
49.637299 -62.147823 39.566287 
50.463206 -61.786625 39.999200 
50.906250 -61.587445 40.873294 
50.051885 -61.101111 40.690155 
49.434698 -61.881788 40.592052 
49.568273 -61.812403 41.580659 
48.649950 -61.820841 41.976401 
47.806699 -61.601032 42.466922 
46.887135 -61.280476 42.239662 
45.939524 -61.038693 42.030918 
45.170237 -60.401724 41.981240 
44.173521 -60.436827 42.054217 
44.266233 -59.496456 42.381488 
44.101118 -59.524707 41.395619 
44.668773 -58.970111 40.787185 
45.388356 -59.000444 40.093442 
45.760916 -58.074134 40.037332 
46.393816 -58.136727 39.265633 
47.368018 -58.268910 39.448550 
47.166850 -57.541388 40.104478 
47.492814 -56.804142 39.512688 
48.234124 -56.272890 39.922847 
48.645485 -57.079848 39.499052 
49.557268 -57.439312 39.300468 
50.009074 -57.580375 40.181361 
49.417695 -57.706602 40.977814 
48.535671 -57.238118 40.927248 
48.212838 -56.379433 41.325292 
49.189707 -56.458635 41.523924 
49.025412 -55.514043 41.808096 
48.856266 -54.706280 41.243376 
49.350720 -54.710954 40.374184 
50.302989 -54.932429 40.584260 
50.305555 -54.436002 39.716185 
50.560906 -55.402672 39.697585 
50.515917 -54.899438 38.834606 
50.344562 -54.158059 38.185765 
50.823035 -53.285011 38.279852 
49.974867 -52.823843 38.540496 
49.554343 -51.931057 38.378966 
50.302398 -51.280583 38.510488 
50.987248 -51.422469 37.795751 
50.596528 -51.856396 36.983935 
51.435004 -52.178075 36.544070 
51.730207 -52.738927 35.770571 
