Snapshot 0 0.000000
-2.314100 -1.857172 1.436509 
-1.848321 -1.017917 1.717045 
-0.925828 -1.389586 1.612802 
-0.153153 -0.887219 2.000875 
0.126904 -1.172040 1.084117 
-0.376056 -0.311899 1.168899 
0.410065 0.015836 1.692925 
0.207615 0.957462 1.423938 
0.415762 1.931045 1.330071 
1.218658 1.354958 1.483306 
1.932453 1.480796 0.794350 
2.122876 0.860560 0.033398 
1.449627 0.923223 -0.703358 
1.007980 0.893147 -1.600042 
0.513433 0.045521 -1.792273 
-0.437127 -0.254450 -1.872606 
-0.566882 -1.240004 -1.763755 
-1.117941 -0.759685 -2.446124 
-1.292852 0.212196 -2.603779 
-0.373113 0.215227 -2.996298 
Snapshot 10000 476.835963
-2.252536 -1.642406 -1.074939 
-1.726751 -0.766601 0.782486 
-2.548667 -1.134105 -0.361371 
-1.069319 -1.655181 -0.734970 
-0.994825 -2.538764 -1.533404 
-2.368062 -2.379792 -1.814567 
-2.223792 -2.810246 -0.895148 
-0.582816 -1.441270 0.811564 
-1.510937 -2.151874 -0.059270 
-2.079808 0.322906 0.414163 
-1.509868 -0.453455 -0.324395 
-2.677772 -0.177989 -1.595255 
-1.644984 -0.175176 -0.831638 
-2.276888 -1.278027 1.017775 
-3.536826 -0.964011 -1.399185 
-1.824736 -0.998207 -2.039342 
-1.327926 -1.383204 -1.649977 
-3.227029 -0.335169 0.026967 
-3.114115 0.086554 1.263649 
-2.956646 0.424501 -0.597375 
