Snapshot 0 0.000000
1.233981 2.298276 -1.467742 
0.459294 2.911988 -1.315370 
0.177869 1.977608 -1.096891 
0.694834 1.332187 -0.534593 
0.487173 0.919314 0.352207 
-0.372683 0.409393 0.327162 
-1.212132 0.274346 0.853553 
-0.472710 -0.246939 1.279600 
-0.242853 -0.574335 2.196103 
0.643996 -1.005215 2.362963 
0.988347 -0.443954 1.610362 
0.436868 -0.457969 0.776291 
-0.100602 -1.294978 0.878963 
-0.517821 -2.161236 0.604143 
-0.726790 -2.326351 -0.359739 
-0.588932 -1.436773 -0.795223 
-0.943191 -0.539488 -1.058624 
-0.110631 -0.072729 -0.760327 
0.198632 0.492896 -1.524804 
-0.032649 -0.056041 -2.328033 
Snapshot 10000 473.257177
-1.759158 -0.291750 1.153184 
0.186799 -0.242627 0.140399 
-1.192025 0.047494 0.722919 
-0.930322 -1.158181 0.864564 
-1.978867 -1.853846 1.423917 
-2.510834 -0.742217 1.751885 
-1.518577 -0.596133 2.401694 
0.801308 -1.210919 0.375139 
-0.469774 -0.975227 1.495032 
0.034603 0.453430 -0.758110 
-0.812277 -0.665981 -0.218321 
-2.331999 0.268961 -0.092878 
-1.528167 -0.517918 -0.425128 
0.139598 0.305640 0.703126 
-2.740499 0.809525 0.615048 
-2.566428 -0.670447 0.149508 
-1.954097 -1.107943 0.811626 
-0.941930 1.025462 0.552015 
0.347368 1.321798 -0.296463 
-1.357967 1.072717 -0.540731 
