20 21 3
20 22 2
20 30 1
20 32 1
20 34 1
21 22 1
21 28 4
21 31 1
22 23 1
22 24 2
23 24 4
23 25 2
23 27 1
23 33 1
24 25 1
25 26 2
26 27 2
26 33 1
27 28 2
29 30 1
30 31 1
30 33 1
30 34 2
31 32 1
33 34 2
33 37 1
34 37 2
35 37 5
36 37 2
38 39 2
39 40 2
39 41 2
40 42 1
45 47 2
45 110 2
46 110 1
47 48 1
47 49 1
47 128 1
47 130 1
47 136 1
48 130 1
51 52 1
51 108 1
51 109 2
51 136 2
52 87 3
52 108 1
52 110 1
53 85 1
53 93 1
53 102 1
54 56 1
55 56 2
55 71 1
56 57 1
56 60 1
56 73 1
56 89 1
56 91 1
57 65 1
57 69 1
58 59 1
58 60 2
58 62 2
59 60 3
60 61 1
60 62 1
60 69 1
61 62 1
61 65 1
61 76 1
61 78 1
62 63 1
62 66 2
62 69 1
62 72 1
62 78 1
63 68 1
63 76 1
64 65 2
65 74 1
66 68 1
66 75 1
66 77 1
67 79 1
69 74 1
70 71 1
70 99 1
70 107 1
71 72 1
71 73 1
71 100 1
71 105 1
73 74 2
77 78 1
80 84 2
81 82 2
81 83 1
81 84 1
82 83 1
82 104 2
85 86 1
86 87 1
88 100 1
88 103 1
89 103 6
89 104 1
90 91 1
90 93 1
90 103 1
91 101 1
91 102 2
91 103 2
92 93 1
93 94 1
93 102 2
94 96 1
97 98 1
98 108 1
99 108 2
105 106 1
107 108 1
108 109 1
109 110 1
109 111 1
110 111 2
110 112 1
110 136 1
111 115 2
113 116 1
113 122 2
116 117 1
116 118 1
116 120 1
119 120 2
122 126 1
127 128 1
128 129 1
129 130 1
134 135 1
138 139 1
139 140 1
139 141 1
142 146 1
142 147 2
142 148 1
147 148 2
148 149 1
148 201 1
149 151 1
149 153 1
150 154 2
150 157 1
151 154 1
152 153 3
152 212 1
153 154 1
154 155 2
154 156 1
155 156 1
155 163 1
156 157 3
156 163 1
156 205 2
157 203 1
157 204 1
158 159 5
158 160 3
158 162 3
159 160 2
159 162 2
160 161 2
161 162 4
162 163 3
163 164 2
164 165 1
165 166 5
166 167 1
166 168 1
167 168 4
168 169 1
168 170 2
169 170 2
169 171 1
169 173 2
170 171 1
172 174 1
172 175 1
173 174 3
173 176 5
174 175 1
174 176 1
175 176 1
176 177 1
177 180 1
179 180 2
179 181 1
180 181 4
180 184 1
180 185 2
181 182 2
181 183 1
181 191 3
182 183 4
183 184 7
183 191 1
183 192 2
184 185 1
184 192 1
185 186 4
185 187 1
185 191 2
185 192 2
186 187 5
186 190 2
186 191 1
186 192 1
187 190 1
188 189 2
188 190 1
190 191 7
190 192 6
190 193 3
191 192 7
192 193 1
194 195 2
195 196 2
195 197 2
195 198 1
196 197 2
196 198 1
196 199 2
196 200 1
197 201 4
197 202 2
198 199 1
199 200 3
199 204 1
200 201 1
200 202 1
201 202 3
202 207 1
203 204 2
203 205 1
204 205 2
205 206 1
206 207 1
206 208 2
206 209 2
209 210 1
209 211 1
210 211 4
211 212 1
213 214 1
213 215 2
214 215 2
214 218 1
215 216 1
216 217 5
217 218 4
217 219 1
218 219 4
218 222 2
219 220 1
220 221 4
220 283 1
221 222 2
221 223 1
221 224 1
222 223 3
222 280 2
223 224 6
224 225 1
224 231 3
225 226 1
225 230 1
225 232 1
225 268 1
226 230 1
226 232 2
226 233 1
227 229 1
227 233 1
228 229 1
228 263 1
228 264 1
229 230 1
229 231 2
229 233 3
229 234 2
230 231 4
230 232 1
230 233 1
230 234 1
230 235 1
231 232 1
232 233 1
232 238 2
232 241 1
232 242 1
233 234 1
233 241 1
234 235 1
236 237 1
236 238 1
236 239 1
236 240 3
237 238 1
237 240 2
245 246 4
246 248 1
246 249 1
248 249 1
252 255 1
253 255 1
254 255 2
255 267 1
256 263 1
257 262 1
257 263 3
257 264 1
258 259 1
258 263 1
258 265 2
259 265 1
260 265 1
261 264 1
261 265 3
261 266 1
262 263 3
262 266 1
263 266 1
267 268 3
267 269 1
267 271 1
268 269 2
269 270 1
269 277 1
270 271 5
270 272 2
271 272 2
271 275 4
271 277 1
272 273 3
272 274 1
273 274 4
273 276 1
273 278 1
273 281 1
273 283 1
273 298 2
273 501 2
274 275 2
274 276 3
274 278 1
274 280 2
274 283 1
275 278 1
275 279 1
275 280 1
275 281 2
276 277 1
276 279 1
277 278 2
277 279 3
277 280 1
277 282 1
278 282 1
280 282 3
281 282 1
281 283 1
282 283 4
283 287 1
284 285 4
284 286 1
284 287 3
285 286 7
285 287 2
285 288 2
286 287 2
286 297 1
286 298 2
286 299 2
287 288 1
287 295 1
287 298 1
287 299 1
288 289 2
288 290 1
288 292 1
289 290 1
289 291 1
290 291 2
290 292 1
290 295 1
290 296 1
291 292 1
291 293 1
291 466 1
292 295 2
293 294 4
294 295 2
295 296 2
295 465 2
296 297 6
296 465 1
297 298 4
297 300 1
298 299 6
298 300 4
298 309 1
299 300 2
299 464 1
300 311 2
301 463 1
302 303 1
302 309 1
303 309 1
304 315 2
304 404 1
304 406 1
305 307 2
305 315 1
305 317 1
305 406 1
306 307 4
307 308 2
307 317 1
307 403 1
308 309 1
308 310 1
308 316 3
308 317 1
308 403 1
308 405 1
309 316 1
310 311 1
310 500 1
311 500 1
311 501 1
311 504 1
312 313 3
312 458 1
313 411 1
314 425 1
314 451 1
314 458 1
314 459 1
315 316 1
315 317 2
315 318 1
315 319 1
315 322 1
316 317 5
316 403 2
316 473 1
317 318 1
318 407 1
318 473 2
318 486 5
319 320 1
319 407 3
320 321 2
320 322 1
320 323 1
320 397 1
320 399 1
320 407 1
320 428 1
321 322 1
321 323 3
321 507 1
322 323 2
322 486 1
323 324 1
323 343 1
323 473 1
323 508 1
324 356 1
324 361 1
324 507 1
324 508 2
324 516 1
324 517 2
325 326 2
325 327 1
325 331 3
325 358 1
325 361 1
325 364 2
325 366 3
326 362 1
326 366 3
326 367 2
326 383 1
327 328 2
327 329 1
327 331 4
327 332 1
327 358 1
327 382 1
327 386 1
327 555 1
327 556 1
328 340 1
328 382 1
329 330 1
329 334 1
329 336 1
329 340 1
329 392 1
330 331 1
330 333 2
330 334 1
331 334 1
331 556 2
332 333 1
332 336 1
332 556 4
333 334 1
334 336 1
334 388 1
334 392 1
334 526 1
334 551 1
334 554 1
335 336 3
335 337 1
335 353 1
335 354 1
335 357 1
335 391 2
336 388 2
336 392 1
337 357 1
337 382 2
337 514 1
337 515 1
337 517 1
337 519 1
338 339 1
338 390 2
338 510 1
338 511 3
338 513 1
338 518 1
339 340 1
339 391 1
339 518 1
340 343 1
340 391 1
341 342 2
341 349 1
341 351 3
341 353 1
341 356 1
341 512 1
342 344 1
342 346 1
342 348 2
342 351 1
342 392 1
342 512 1
343 346 4
343 348 1
343 393 1
343 394 1
343 398 1
343 514 1
344 345 2
344 393 1
344 394 2
344 395 2
345 394 1
345 395 1
346 348 2
346 392 1
346 393 4
347 348 1
347 393 1
348 393 1
348 394 1
349 350 3
349 352 1
349 394 3
349 511 1
349 514 1
350 351 1
350 352 2
350 353 1
351 352 4
351 353 11
352 353 3
352 354 5
352 491 1
353 356 1
354 355 5
354 357 1
354 494 1
355 356 2
356 358 1
356 523 3
357 358 2
357 390 1
357 518 1
358 361 1
358 365 1
358 366 1
358 380 1
358 382 1
358 388 2
358 390 1
359 361 1
359 368 5
359 369 1
359 374 1
359 380 2
359 438 1
359 520 1
359 522 1
360 365 1
361 364 1
361 365 2
361 367 1
361 383 1
361 384 1
361 390 2
362 511 1
362 517 1
363 366 1
363 377 1
363 382 1
363 390 1
363 512 1
363 518 1
364 366 1
364 382 1
364 517 1
365 366 1
365 367 1
365 369 1
365 390 1
366 367 2
366 382 2
366 390 2
367 380 1
367 540 1
368 369 1
368 370 1
368 381 1
368 437 2
368 438 1
368 539 1
368 561 1
369 370 1
369 380 1
369 430 1
369 438 2
369 540 3
369 543 1
370 371 1
370 373 1
370 374 1
370 380 2
370 438 2
371 372 1
371 422 2
371 438 1
371 439 1
372 417 2
372 577 1
372 578 1
372 579 1
372 580 2
373 430 1
373 431 1
374 384 1
374 417 1
374 418 1
374 439 1
374 579 2
375 380 2
375 432 2
375 437 2
375 439 1
375 535 1
376 377 2
376 379 3
376 437 1
376 580 1
377 379 2
377 383 1
377 434 1
377 436 2
377 539 2
377 580 1
377 581 1
377 586 2
378 379 1
378 436 3
378 442 1
378 581 1
378 585 1
379 380 2
379 580 1
379 582 2
379 586 1
380 381 2
380 384 1
380 436 2
380 543 1
380 564 1
381 433 1
381 437 1
381 529 1
381 561 1
381 564 4
382 383 1
382 384 2
382 386 1
382 438 1
383 387 1
383 389 2
383 390 2
383 437 1
383 529 1
383 556 1
384 385 1
384 386 1
384 387 1
385 389 1
385 390 1
385 560 1
385 561 1
385 564 1
385 587 1
386 387 1
386 389 1
386 555 2
386 556 1
386 589 1
387 388 1
387 389 2
387 521 2
387 522 1
387 547 1
387 563 1
388 551 1
388 556 1
389 390 1
389 555 1
389 563 1
390 393 1
390 513 1
390 558 1
391 392 1
391 393 1
393 394 1
393 482 1
394 395 1
394 398 2
394 399 1
394 512 1
395 397 3
395 398 2
395 474 1
395 513 1
396 397 1
396 402 1
396 474 1
396 481 1
396 489 1
396 490 2
396 507 1
396 513 1
397 398 1
397 399 1
397 489 2
397 510 1
398 399 5
398 401 3
398 477 1
398 504 2
399 400 1
399 477 1
399 479 1
399 504 1
400 474 2
400 477 2
401 402 1
401 479 1
401 480 2
402 403 1
402 473 1
402 476 1
402 477 1
402 478 2
402 479 3
402 491 1
403 405 1
403 473 1
403 478 1
403 480 1
403 481 1
404 407 1
404 408 1
405 408 1
406 407 2
406 408 2
406 473 1
407 482 2
407 484 2
408 409 1
408 410 1
409 410 1
409 411 1
410 411 2
410 412 2
410 416 3
410 452 3
411 412 1
411 413 5
411 414 2
412 413 6
412 415 1
412 416 1
412 453 1
413 414 2
413 415 1
414 415 4
414 419 1
415 416 1
415 419 1
415 420 1
415 423 1
416 417 1
416 418 1
416 419 1
416 421 1
416 423 1
416 424 1
416 441 1
417 418 1
417 420 1
417 421 3
417 422 1
417 423 1
417 424 1
417 431 1
417 435 1
417 441 1
418 419 1
418 420 3
418 422 1
418 424 1
419 420 1
419 421 2
419 423 1
419 441 1
419 443 1
420 421 2
420 422 2
420 423 2
420 443 1
420 536 1
421 422 2
421 429 1
421 430 1
421 440 1
421 441 1
422 429 1
422 430 2
422 431 1
422 434 1
423 424 1
423 429 2
423 430 2
423 431 1
423 449 1
423 535 1
424 425 1
424 426 1
424 427 1
424 430 1
424 431 1
425 430 1
425 449 1
425 457 1
426 427 1
426 451 2
427 451 1
427 454 1
428 456 1
429 447 1
429 448 1
429 539 1
430 431 2
431 442 1
432 446 1
432 447 1
432 448 1
432 469 2
432 538 1
432 543 1
433 436 1
433 442 1
433 446 1
433 470 1
433 535 2
433 536 1
434 536 2
434 544 1
434 545 1
435 436 2
435 536 1
435 544 2
435 586 1
436 437 2
436 439 1
436 540 1
436 586 2
437 438 1
437 515 1
438 539 1
439 441 1
439 577 2
439 580 1
439 585 1
440 441 3
440 442 1
440 572 1
440 579 1
441 442 1
441 443 1
441 522 1
441 576 1
442 443 4
442 444 1
442 468 1
443 444 2
443 445 1
444 467 1
445 446 1
445 468 1
445 536 1
446 447 1
446 538 2
447 538 1
447 541 2
447 542 2
448 449 1
449 456 1
449 459 1
449 539 2
450 451 1
450 454 2
450 455 1
450 458 3
450 459 1
450 462 1
451 454 1
451 458 1
452 453 1
453 454 1
454 541 1
455 456 1
455 457 1
455 461 2
456 471 1
457 459 1
457 540 1
458 459 1
458 460 1
459 461 1
459 462 1
459 463 1
459 471 1
460 462 2
460 465 1
460 538 1
460 541 1
460 542 1
462 463 1
462 464 1
463 464 1
464 465 2
464 524 1
464 541 1
465 466 4
466 467 1
467 468 1
467 527 2
468 538 1
469 470 2
469 536 1
469 539 1
470 516 1
470 538 1
470 539 3
470 543 3
471 483 1
471 489 1
471 519 1
471 542 1
472 481 1
472 490 1
472 492 1
472 508 2
473 477 1
473 483 1
473 484 1
473 486 4
474 478 1
474 479 3
474 513 1
475 480 1
475 484 1
475 487 1
475 489 1
475 510 1
476 479 1
476 487 1
478 479 2
478 481 1
478 483 2
478 506 1
479 480 3
480 490 1
481 483 2
481 486 1
481 491 1
481 504 1
481 506 1
482 483 2
482 484 2
482 487 2
482 508 1
483 486 4
483 487 2
483 490 2
485 490 1
485 507 1
486 506 1
486 508 2
487 488 2
487 489 2
487 490 1
487 507 1
488 489 2
488 490 1
488 509 4
488 515 1
488 517 1
489 507 3
489 513 1
490 491 1
490 492 2
490 514 1
491 492 5
491 493 2
491 504 2
492 493 5
492 497 1
492 499 2
492 500 1
492 504 1
493 494 1
493 497 4
493 498 1
493 499 1
493 504 1
494 495 3
494 498 1
495 496 3
495 498 1
495 499 1
496 498 1
497 498 2
497 499 1
499 500 3
500 501 5
500 504 3
501 502 3
504 506 3
505 506 4
507 508 1
507 509 2
507 517 1
509 515 2
509 517 1
509 518 2
509 519 1
509 520 1
510 511 1
510 512 1
510 513 1
511 512 1
511 514 2
511 516 1
512 516 2
512 518 1
513 514 2
513 515 1
514 515 1
515 518 1
515 521 1
515 542 1
516 542 2
519 520 1
520 521 5
521 543 1
521 562 1
522 523 4
522 524 1
522 538 1
522 543 2
522 563 1
523 524 3
523 525 2
523 526 1
523 547 1
524 525 2
524 527 2
525 526 2
525 527 2
526 527 3
526 547 1
527 528 2
527 547 2
528 529 2
528 531 2
528 546 2
528 559 1
529 530 1
529 537 2
529 545 1
530 532 2
530 534 1
530 537 2
530 545 2
530 546 1
531 532 2
531 533 1
531 534 1
531 546 2
532 533 2
532 534 2
532 538 1
533 534 2
533 535 1
533 537 2
534 537 1
534 545 2
535 544 1
536 537 1
537 538 2
537 544 1
538 543 1
539 541 1
540 541 3
540 542 1
541 542 4
544 584 1
545 567 1
546 547 1
548 551 1
548 552 1
549 550 2
550 551 1
551 552 3
552 553 1
553 554 1
553 562 1
554 555 3
554 556 1
554 593 1
555 556 3
555 557 3
555 562 1
555 589 1
555 590 1
557 559 1
557 587 1
557 588 2
557 589 4
558 559 2
558 560 3
558 590 1
559 587 1
559 589 3
560 565 2
560 588 1
560 589 1
560 591 1
561 562 1
561 565 2
561 587 1
561 590 1
562 563 1
562 587 2
562 588 1
562 589 1
563 564 1
563 588 2
564 565 2
565 566 2
565 583 1
565 586 4
566 567 1
566 582 2
566 584 1
566 585 1
567 568 4
567 569 3
567 570 1
567 584 3
568 571 1
569 570 2
569 574 1
569 582 2
570 571 3
571 575 1
572 573 4
572 574 1
572 577 1
572 580 1
572 581 2
573 577 1
573 580 1
574 575 2
574 583 1
575 576 2
575 581 1
575 582 1
575 584 1
575 585 1
576 580 1
577 578 3
577 579 1
577 580 4
577 581 3
578 579 2
578 580 2
583 585 3
584 585 2
585 586 1
587 588 1
587 590 3
587 591 3
588 590 1
589 590 3
589 593 2
591 592 3
