38 142 1
38 605 1
41 43 1
41 71 1
41 125 1
42 48 1
42 70 1
42 125 1
42 147 1
42 624 1
44 101 1
44 105 1
45 46 1
45 51 1
45 60 1
45 521 1
45 532 1
45 545 1
45 557 1
45 576 1
46 517 1
46 522 1
46 537 1
47 50 1
47 58 1
47 535 1
48 50 1
48 106 1
49 98 1
49 522 2
49 534 2
49 537 1
50 55 1
51 53 1
51 54 1
51 55 1
51 57 2
52 53 1
52 546 1
52 576 1
53 55 1
53 57 1
53 59 1
54 55 2
54 475 1
54 518 1
55 70 1
56 57 4
57 61 1
57 62 1
57 488 1
58 517 1
58 532 1
59 539 3
59 541 2
60 541 1
60 556 1
60 557 2
60 661 2
60 663 2
61 62 5
61 556 1
61 874 1
63 66 1
64 65 2
64 66 1
64 69 1
64 366 1
64 893 1
65 66 4
66 67 1
66 365 1
67 365 1
68 72 2
68 132 1
68 363 1
68 623 1
69 70 1
69 72 1
69 124 1
69 623 1
69 650 1
71 144 1
72 73 1
72 82 1
72 124 1
72 125 1
72 651 1
73 74 1
73 1173 1
74 650 1
74 651 1
74 1008 1
74 1174 2
75 76 2
75 78 1
75 85 1
75 638 1
75 818 1
76 535 1
76 651 1
76 853 1
76 1173 1
76 1174 1
76 1175 1
78 81 1
78 853 1
78 1004 1
79 85 1
80 85 1
80 86 1
80 638 1
80 856 1
80 859 1
81 82 1
81 88 1
81 825 2
81 826 2
81 829 1
81 857 1
81 859 2
82 643 1
82 646 1
82 850 1
82 852 1
82 857 1
83 851 1
83 861 2
83 866 1
84 85 1
84 850 1
84 857 1
84 858 1
85 86 1
86 87 1
86 88 2
86 90 3
86 91 1
86 97 1
86 826 1
86 828 1
86 860 1
86 863 1
86 1008 1
87 828 1
87 859 2
88 860 1
89 90 1
89 91 1
89 93 1
89 824 2
90 91 1
90 1033 1
91 827 1
91 829 1
91 857 3
92 852 1
92 857 1
93 98 3
93 852 1
94 95 2
94 646 1
94 648 1
95 632 1
95 645 1
95 847 1
96 116 1
96 162 1
97 113 3
97 635 1
98 119 1
98 120 1
98 629 1
99 111 1
99 629 1
99 640 1
99 855 1
100 102 1
101 107 2
104 108 1
104 629 1
106 629 1
107 624 1
108 109 1
108 110 2
108 148 1
109 121 1
110 122 1
110 626 1
110 627 1
110 642 1
111 112 1
111 113 1
111 119 2
112 113 1
112 115 1
112 122 1
113 116 1
113 119 1
113 161 1
114 115 1
114 121 1
114 122 4
114 626 1
115 121 1
115 123 1
116 292 1
116 299 1
117 161 1
117 292 1
117 294 1
117 845 1
118 119 1
118 120 1
118 855 1
119 120 2
119 292 2
120 301 1
121 150 1
123 289 1
123 623 1
124 154 2
124 304 1
124 623 1
124 624 1
125 147 1
125 472 1
125 628 1
126 127 2
126 487 1
126 493 1
126 595 1
127 128 1
127 136 1
127 141 1
127 143 1
127 146 1
128 129 1
128 130 2
128 138 2
128 141 1
128 143 1
128 499 2
129 130 1
129 486 1
129 487 1
130 133 1
130 507 2
131 136 1
132 135 1
132 137 1
133 620 1
134 610 1
134 618 2
135 138 2
135 174 1
136 137 1
136 138 1
136 142 1
136 170 1
136 612 2
137 138 1
137 514 1
138 618 1
138 619 1
139 610 1
140 604 1
141 595 1
142 143 1
142 620 1
143 145 1
143 147 1
143 288 1
143 604 1
143 606 1
144 360 1
144 621 1
145 360 2
145 362 1
145 612 1
147 148 1
147 621 1
148 626 1
149 150 2
149 156 1
149 158 1
149 626 1
150 151 2
150 158 1
150 162 1
150 283 1
150 291 1
150 625 1
151 152 2
151 153 1
151 283 2
151 304 1
151 622 1
152 641 1
153 156 1
153 304 1
154 155 1
154 283 2
154 304 1
155 156 1
155 163 1
155 625 2
156 158 1
156 162 1
156 626 2
157 158 1
157 162 1
157 163 1
157 164 2
159 162 1
160 622 1
162 163 1
162 277 1
163 165 1
163 282 1
163 599 1
165 277 1
166 168 1
166 170 2
166 270 1
167 168 1
168 269 1
169 170 1
169 174 1
169 183 1
169 271 2
169 615 2
170 174 4
171 172 1
171 175 1
171 619 1
172 182 1
173 272 2
175 183 2
176 177 1
176 223 3
176 481 1
177 179 1
177 185 1
177 192 2
178 220 1
179 188 1
179 223 1
180 182 1
180 183 1
180 188 3
181 214 2
182 183 1
183 184 1
185 501 2
186 192 1
186 195 1
187 191 1
189 191 1
189 199 1
189 203 1
189 224 1
190 191 1
190 482 1
191 196 1
193 197 1
196 198 1
201 202 2
204 213 1
204 215 1
205 217 1
205 219 1
206 208 1
206 210 1
206 214 2
208 211 2
208 215 2
210 211 1
210 213 1
211 213 1
211 221 1
212 214 4
213 221 1
215 217 1
216 217 2
217 219 1
217 220 1
218 220 1
219 220 3
220 222 1
222 223 1
222 226 2
222 235 1
223 226 2
223 325 2
224 225 1
224 228 1
224 229 1
224 327 1
225 253 1
226 227 2
226 327 1
227 229 2
228 229 1
228 231 1
228 238 1
229 230 2
229 232 1
230 232 2
230 326 1
230 327 1
230 328 1
230 355 2
232 236 1
232 324 1
233 234 3
233 325 2
234 326 1
235 236 1
236 250 1
236 324 1
237 241 1
238 251 1
238 324 1
240 241 2
240 249 2
240 323 1
240 325 1
241 321 1
242 243 1
243 322 2
243 323 1
244 245 1
244 246 1
244 250 1
245 253 1
246 247 2
247 248 1
247 250 1
248 249 1
250 324 1
251 260 1
251 262 1
251 322 1
253 254 1
253 323 2
255 256 1
255 320 1
256 257 1
256 259 1
257 258 2
257 259 1
257 311 1
257 316 1
258 259 7
258 260 2
258 315 1
259 260 1
259 265 2
260 262 1
260 264 2
261 262 1
262 263 1
262 312 1
262 611 1
263 266 1
263 618 1
268 619 2
269 272 1
272 273 1
273 616 3
274 277 1
275 277 1
275 603 1
276 616 1
277 286 1
277 598 2
278 609 1
279 609 1
282 627 1
283 284 1
283 303 2
284 285 1
285 303 2
285 622 2
286 287 1
287 288 1
288 311 1
288 611 1
291 297 1
291 303 2
293 837 1
293 840 1
294 296 2
294 633 1
294 844 1
295 650 1
295 842 2
296 297 1
296 841 1
296 845 2
297 299 1
297 300 1
298 299 1
298 837 2
298 840 1
298 841 1
299 631 1
300 301 3
300 840 2
301 837 1
301 838 1
303 304 1
305 306 1
306 309 3
307 309 2
308 311 1
309 310 1
310 311 1
311 312 2
311 313 1
311 314 2
312 313 2
315 316 3
315 319 1
316 317 1
316 319 3
316 324 1
319 320 2
322 325 1
323 618 1
324 325 1
325 326 1
325 618 1
326 327 1
327 330 1
327 482 1
328 329 1
328 343 1
329 330 1
329 331 1
330 331 2
330 333 1
331 332 1
332 335 1
333 335 1
333 345 2
334 335 2
334 434 1
335 341 1
336 342 1
337 423 1
339 342 1
339 427 2
339 432 1
340 341 1
340 432 1
341 342 1
341 346 1
341 435 1
341 439 1
342 343 2
342 345 1
342 435 1
343 347 1
343 484 2
344 347 1
344 353 1
344 480 1
345 347 1
346 348 2
347 349 1
347 438 1
348 350 1
349 350 1
351 352 1
352 353 2
353 354 2
355 356 1
355 357 1
356 357 1
357 358 1
359 361 2
360 361 2
360 369 1
361 362 1
361 363 1
362 363 2
362 364 2
363 369 1
364 365 1
364 366 1
364 368 2
364 893 1
365 368 1
365 888 1
366 468 1
366 886 1
366 893 1
367 370 1
367 486 1
367 488 1
368 370 1
368 371 1
368 486 2
368 487 1
368 891 1
369 370 3
369 371 2
369 372 2
369 374 1
369 446 1
369 447 1
370 371 1
371 372 1
371 373 1
371 445 1
371 446 1
371 447 1
372 373 2
372 890 1
372 891 1
373 374 3
373 375 1
373 440 2
374 375 1
374 377 1
375 376 2
375 386 1
375 443 1
375 444 1
375 445 1
376 435 2
376 884 1
377 378 3
377 380 1
377 387 1
379 384 1
380 381 1
381 382 2
381 444 1
381 445 1
382 384 3
384 387 1
385 386 2
386 387 2
389 392 2
390 391 1
391 397 1
391 398 2
392 397 1
393 394 1
394 397 1
395 397 1
396 400 1
396 407 2
398 399 1
398 400 1
399 400 2
399 403 1
400 401 1
400 402 1
400 403 1
400 405 1
401 402 1
401 405 1
402 403 1
402 404 2
404 405 1
404 406 5
405 407 2
407 408 1
408 409 1
408 411 1
409 415 1
410 411 2
411 415 1
412 415 2
412 432 1
413 414 2
413 415 1
413 420 1
417 419 2
419 429 1
419 432 1
420 424 3
420 431 1
422 423 1
422 435 1
423 431 1
425 427 1
425 429 1
426 427 1
427 429 1
431 432 3
431 433 1
432 433 1
435 436 1
436 437 2
436 438 1
437 438 3
438 441 1
438 477 1
439 472 1
440 443 1
440 452 1
440 477 1
441 442 1
443 444 1
443 450 2
444 451 1
444 469 1
445 446 2
445 449 1
446 448 1
446 450 1
446 471 1
446 476 1
447 448 1
447 489 1
448 449 1
448 473 2
449 452 1
449 470 2
449 471 1
450 451 1
450 452 1
450 453 1
450 549 1
451 452 2
452 469 1
453 464 1
453 466 1
454 461 1
454 554 2
455 461 1
455 583 1
456 461 1
456 535 2
456 580 1
456 585 1
457 578 1
458 463 2
458 551 1
460 465 1
460 578 1
461 464 2
461 578 1
462 464 1
463 464 2
464 465 1
466 467 1
467 468 1
468 486 1
469 475 1
470 471 2
471 472 1
472 478 1
474 475 2
475 477 1
476 477 2
476 479 1
478 479 1
480 481 1
480 482 1
480 483 1
481 482 1
481 485 1
482 486 3
482 489 1
483 487 1
484 486 1
485 486 1
486 489 1
486 507 1
487 489 1
488 490 2
488 588 1
488 890 1
488 911 1
490 495 2
491 588 1
491 589 1
491 590 1
492 497 1
492 498 3
493 502 1
493 604 1
494 495 2
495 502 2
496 515 1
497 515 1
497 590 1
498 515 1
498 592 1
499 508 3
500 512 1
502 581 1
503 513 1
503 515 1
505 514 1
506 509 1
507 509 2
509 510 1
515 516 1
516 588 1
517 521 1
517 522 1
518 519 1
518 533 1
518 534 1
518 537 1
519 520 2
519 533 1
519 534 1
519 654 1
520 653 1
520 661 1
522 527 1
522 535 1
523 524 1
523 526 1
523 535 1
523 536 1
524 525 3
524 535 1
524 545 1
524 641 1
524 867 2
525 526 1
525 529 1
525 536 1
525 637 3
526 636 1
526 652 1
526 866 1
527 534 1
527 536 1
527 540 1
527 544 1
527 640 1
527 641 1
528 532 1
529 670 1
529 681 3
530 678 1
530 864 1
531 651 1
531 657 1
532 652 1
534 535 1
535 536 1
535 657 1
536 636 1
536 639 1
536 640 1
536 652 1
539 545 1
539 557 1
540 558 1
541 542 1
541 544 1
541 563 1
541 564 1
542 665 1
543 564 1
543 673 1
544 660 1
545 566 2
547 577 1
547 578 2
548 575 1
548 577 1
550 553 1
550 555 1
551 579 1
553 557 1
554 555 1
554 556 1
555 563 1
556 565 1
556 663 1
558 562 1
558 563 1
558 662 2
558 673 1
559 560 2
559 564 1
559 568 1
559 714 1
560 561 1
560 714 1
561 568 2
561 569 1
562 563 1
562 569 1
562 663 1
563 567 2
564 669 2
566 576 1
566 662 1
567 568 2
567 572 1
569 570 1
571 574 1
572 576 1
572 659 1
573 574 1
575 576 1
576 577 1
576 585 2
578 585 1
580 582 1
580 583 1
582 583 2
585 591 1
586 591 1
587 588 1
587 597 2
588 590 1
593 594 3
593 597 1
593 602 1
594 595 1
595 601 1
595 606 1
597 601 1
597 605 2
597 606 1
597 608 1
599 600 1
599 602 3
600 602 3
600 606 1
600 627 1
602 627 1
603 609 2
603 629 2
604 621 1
605 607 1
608 609 2
611 616 2
612 617 1
616 618 2
617 618 1
617 619 1
622 623 1
622 626 1
623 625 1
624 627 1
624 628 2
625 626 2
625 627 1
631 635 1
631 639 1
633 634 1
633 645 1
633 840 1
633 854 1
634 643 1
634 854 1
635 639 1
635 649 1
636 640 1
636 641 1
637 639 1
637 655 1
638 639 1
638 642 1
638 652 1
638 655 1
639 856 1
641 642 1
642 644 1
642 648 1
643 853 1
643 857 1
644 645 1
644 847 3
644 854 1
645 647 1
645 648 1
645 855 1
646 827 1
646 834 1
646 852 1
646 858 1
647 826 1
647 849 1
647 850 1
648 853 1
649 650 1
649 661 1
649 853 1
649 864 1
649 1004 1
650 651 3
650 864 2
650 865 2
651 653 1
651 654 1
651 657 1
651 658 1
652 653 1
652 654 3
652 656 2
652 657 1
652 658 1
652 866 1
652 867 1
653 654 1
653 657 1
655 656 1
657 658 1
659 662 2
659 663 1
659 664 1
659 673 1
660 665 1
660 666 1
660 671 1
661 663 1
662 663 1
662 664 1
662 870 1
663 664 1
663 870 5
664 875 1
665 667 1
665 670 1
665 704 1
666 667 1
666 704 1
667 668 1
667 705 1
667 711 1
669 684 1
669 994 1
670 675 1
671 683 1
674 675 1
675 686 1
676 679 1
676 682 1
676 685 1
676 869 1
677 678 1
677 861 2
677 1005 1
678 1003 2
678 1006 1
680 764 1
680 861 1
680 862 1
681 861 2
681 863 2
683 684 2
683 685 1
683 686 1
684 686 1
684 687 1
684 694 1
684 698 1
684 995 1
685 686 1
685 692 1
688 696 1
689 692 1
689 974 1
689 985 1
690 743 1
690 745 1
691 692 1
691 700 2
691 701 1
691 702 1
691 709 1
691 723 1
691 729 1
691 735 1
691 736 1
692 746 1
692 976 1
693 694 1
693 697 1
693 700 1
693 747 1
693 996 1
694 695 1
696 699 1
696 997 1
697 698 2
697 871 1
699 705 1
701 705 1
701 713 1
701 714 1
702 703 2
702 729 1
704 722 2
704 997 2
705 711 2
705 712 1
706 709 1
707 721 2
707 722 2
707 724 4
707 729 1
707 731 1
708 710 1
708 721 2
708 722 1
708 724 1
708 725 1
709 710 1
709 714 1
710 721 1
711 712 1
711 713 3
712 997 1
713 715 1
714 716 2
714 720 1
717 718 1
722 728 2
723 738 1
724 728 1
725 726 2
725 727 1
725 731 1
728 739 2
729 735 1
730 741 1
730 745 1
730 978 1
730 979 1
730 980 1
730 985 1
731 732 1
734 978 1
735 736 1
739 740 1
739 741 2
739 744 1
740 948 1
741 950 1
742 743 1
742 948 1
742 949 1
743 949 1
743 950 2
744 946 2
744 959 1
744 979 1
745 747 1
745 748 1
745 873 1
746 873 1
746 972 2
747 949 1
747 972 1
747 1134 1
748 1136 2
748 1143 1
749 750 1
749 751 2
749 755 1
749 871 1
749 1612 1
750 751 1
750 752 2
750 753 1
750 754 1
750 755 1
751 752 1
751 1142 2
752 871 1
752 1137 1
752 1138 1
752 1165 1
753 756 1
753 1614 1
754 756 1
754 817 1
754 1612 1
755 756 3
755 759 1
755 1136 1
756 862 1
756 1045 1
756 1615 1
757 758 1
757 768 2
757 1008 1
757 1036 1
757 1616 2
758 761 2
758 762 1
758 767 1
758 778 1
759 762 1
759 767 1
759 780 1
760 1046 2
761 763 1
761 778 1
761 779 3
761 1045 1
762 766 1
762 780 1
762 1159 1
763 1043 1
764 765 1
764 766 2
764 994 1
764 1039 1
764 1043 2
765 768 1
765 1037 1
765 1042 1
766 1007 1
766 1036 1
766 1043 1
766 1081 1
767 768 1
767 770 1
767 1037 1
767 1043 1
767 1071 1
768 769 1
768 816 1
768 862 1
768 1036 1
768 1040 2
768 1042 1
769 771 2
769 772 2
769 798 2
769 820 2
770 787 1
770 822 1
770 824 1
770 1179 1
771 783 1
771 820 1
771 1623 1
772 773 1
772 776 1
772 799 1
772 820 1
774 776 1
774 821 1
774 824 1
774 1196 1
775 824 1
776 1376 1
776 1382 2
777 782 2
778 781 1
778 783 1
778 784 2
778 785 1
778 786 1
778 1038 1
778 1194 1
779 780 1
779 821 1
779 1045 1
779 1082 2
779 1083 1
779 1231 1
780 786 2
780 1068 1
780 1070 1
780 1185 1
781 784 1
781 785 1
781 1069 2
781 1194 1
781 1196 1
781 1382 1
782 1025 1
782 1036 1
783 784 1
784 1070 1
786 821 1
786 1070 1
787 1189 1
787 1191 1
787 1193 1
787 1194 1
787 1199 1
787 1623 1
788 1185 1
788 1203 2
789 790 2
789 1183 1
790 1056 1
790 1060 1
790 1194 1
790 1373 1
791 795 1
791 799 1
791 1195 1
792 793 1
792 802 1
792 803 1
792 808 1
792 1202 2
792 1383 1
793 794 2
793 1373 1
793 1382 1
793 1383 2
794 795 1
794 1384 1
794 1385 1
794 1407 1
795 1057 1
795 1382 1
795 1384 1
795 1408 1
796 797 2
796 800 1
796 810 2
796 1183 1
796 1193 1
796 1376 1
797 801 1
797 810 1
797 1056 2
797 1372 1
797 1376 2
798 799 1
798 800 2
798 820 1
798 1055 1
799 800 1
799 801 1
799 1055 1
799 1069 1
799 1194 1
799 1373 1
799 1375 2
799 1377 1
800 1055 1
800 1192 2
800 1376 1
801 1056 1
801 1186 1
802 810 1
802 1061 1
802 1199 1
802 1202 1
802 1228 1
802 1372 1
803 805 1
803 807 2
803 1200 1
803 1383 1
803 1386 1
803 1410 1
803 1418 1
804 805 1
804 806 1
804 1409 1
804 1410 2
804 1417 3
805 806 2
805 1410 3
805 1418 1
806 808 1
806 809 1
806 1409 1
806 1410 1
806 1417 2
806 1418 2
807 808 1
807 809 1
807 1384 1
808 1385 2
808 1419 2
809 1200 1
810 811 1
810 1069 2
811 818 1
811 1189 1
812 817 1
812 820 1
812 824 1
812 1035 1
812 1040 2
813 820 1
813 1023 1
813 1034 1
813 1041 1
814 1035 2
814 1376 1
815 816 2
815 823 1
815 1022 1
816 817 1
816 822 1
816 1034 1
817 818 3
817 819 1
817 1007 1
818 862 1
818 1614 1
818 1616 1
820 824 1
820 1194 1
821 1081 1
821 1180 1
823 824 1
823 1016 1
823 1034 2
823 1035 1
824 825 1
824 1034 1
825 859 1
825 1008 2
825 1009 1
825 1023 1
826 853 1
826 1010 2
826 1012 1
828 829 1
828 859 1
829 850 3
829 1018 1
829 1019 5
830 832 1
830 835 1
830 848 1
830 850 1
830 1019 2
831 832 1
831 848 1
832 834 2
832 848 1
832 1014 1
832 1017 2
833 835 1
833 848 1
833 849 1
834 1014 1
835 836 1
835 837 1
835 848 1
836 840 1
836 843 1
837 840 1
838 839 2
841 842 1
841 844 2
842 845 1
842 846 1
842 847 1
843 846 2
844 845 1
845 846 1
847 1018 1
848 849 1
849 857 1
849 1010 1
850 851 1
850 857 1
851 853 1
851 855 1
854 855 1
855 856 1
857 859 1
860 861 2
862 1005 3
862 1008 2
862 1156 1
863 865 1
865 869 1
866 867 1
866 868 1
867 868 3
871 876 1
872 1137 1
873 874 1
873 948 1
874 879 1
874 1145 1
875 876 2
875 879 1
876 878 1
877 943 1
877 1144 1
878 879 1
878 1137 1
878 1138 1
879 881 1
879 882 1
879 1138 1
879 1142 1
880 1140 1
881 1138 1
881 1140 1
881 1147 2
881 1148 1
882 883 1
883 884 1
883 887 1
883 894 1
883 911 1
884 888 1
885 911 1
885 912 1
886 915 1
887 888 3
887 889 3
887 893 1
887 894 1
888 889 1
888 893 1
889 890 1
889 891 1
889 892 1
889 893 1
889 897 1
890 891 3
890 913 1
892 893 1
892 895 4
893 894 1
893 895 1
894 895 1
894 902 1
894 1157 1
895 905 1
895 908 1
895 1156 1
896 897 1
896 903 1
897 898 3
897 908 1
898 912 1
898 1165 1
900 906 1
901 902 1
901 903 3
901 906 2
902 1149 1
902 1153 1
903 911 1
903 1141 1
903 1153 1
904 905 1
904 906 2
905 911 1
905 1148 2
905 1149 1
905 1162 1
906 911 1
906 1143 1
907 908 1
908 1161 1
909 1157 2
909 1158 2
909 1167 1
910 913 1
911 912 2
911 915 1
911 1142 1
911 1155 1
912 913 1
912 914 1
912 915 2
912 1158 1
913 914 1
913 916 1
913 924 1
914 915 2
914 918 1
916 1149 1
916 1155 1
917 919 1
918 922 1
918 923 1
918 924 1
919 920 2
919 921 1
919 923 2
920 921 2
920 922 1
920 924 1
921 922 1
921 924 1
922 923 2
922 1151 1
923 924 2
923 1141 1
924 1139 1
925 941 1
926 929 1
931 942 1
932 941 1
933 945 1
934 939 2
935 944 1
935 946 1
935 949 1
937 938 1
937 944 1
937 1146 1
938 942 1
939 940 1
942 943 2
942 1140 1
944 949 1
944 1139 1
944 1147 1
944 1148 1
945 946 1
945 947 1
945 948 1
945 949 4
945 950 1
946 947 1
947 948 3
947 950 1
948 949 1
948 950 1
949 950 1
951 954 1
951 959 1
952 953 1
952 961 1
952 971 1
952 981 2
952 982 1
953 954 1
953 965 1
953 988 2
953 1131 1
954 962 1
956 957 1
956 963 1
956 964 1
956 1110 1
957 963 1
957 964 1
958 960 1
959 962 1
959 983 1
960 963 1
961 962 1
962 963 1
962 965 1
963 966 1
963 1111 1
964 966 1
965 966 1
965 1121 1
966 1065 1
967 968 2
967 971 1
967 988 1
968 969 3
968 1001 1
969 1098 1
969 1131 1
970 971 2
970 1131 1
971 982 1
971 987 1
971 988 1
972 974 2
972 991 1
973 974 2
973 975 2
973 984 2
973 985 1
973 991 1
973 1076 1
974 986 1
974 990 3
974 1077 1
975 988 1
975 990 1
975 1130 1
977 979 2
977 980 3
977 981 1
979 980 2
979 983 1
979 984 1
981 982 1
982 988 1
982 1098 1
982 1107 1
982 1131 1
984 988 1
984 990 1
984 1077 1
986 1077 1
987 1078 1
989 1077 2
991 992 1
991 1075 2
992 993 1
992 997 1
992 1072 1
993 996 2
994 1001 2
994 1002 1
994 1074 1
995 996 1
995 998 2
995 1073 2
998 1000 1
999 1000 1
1000 1002 2
1000 1007 1
1001 1003 1
1002 1007 1
1002 1074 1
1003 1004 1
1003 1005 2
1003 1006 3
1004 1005 1
1004 1009 1
1005 1006 1
1005 1013 1
1006 1045 1
1007 1008 1
1007 1024 1
1007 1072 1
1007 1074 1
1008 1009 2
1009 1027 2
1009 1040 1
1010 1011 2
1010 1018 1
1010 1022 1
1011 1018 1
1011 1020 4
1011 1026 1
1012 1014 1
1012 1019 2
1012 1029 1
1013 1014 2
1013 1029 2
1013 1378 1
1013 1380 1
1013 1388 1
1014 1029 1
1014 1397 1
1015 1016 1
1015 1023 1
1015 1389 1
1016 1029 2
1016 1032 1
1016 1033 1
1017 1018 1
1017 1412 1
1020 1021 1
1020 1022 2
1020 1025 1
1020 1028 1
1020 1033 2
1021 1022 1
1021 1023 1
1021 1024 2
1022 1030 1
1023 1035 2
1025 1026 1
1025 1030 1
1026 1027 2
1026 1038 3
1026 1040 1
1027 1035 1
1027 1040 2
1028 1029 1
1030 1381 1
1030 1386 1
1031 1032 3
1034 1035 2
1037 1038 1
1037 1041 1
1040 1043 1
1041 1042 1
1041 1046 1
1043 1071 1
1044 1045 1
1044 1071 1
1045 1046 1
1045 1081 1
1045 1095 1
1046 1047 2
1046 1095 1
1047 1081 1
1047 1084 1
1047 1096 1
1047 1099 2
1047 1102 1
1048 1102 1
1049 1235 1
1050 1053 1
1050 1267 1
1051 1052 1
1051 1066 2
1051 1092 1
1051 1268 1
1052 1053 2
1052 1234 1
1052 1267 1
1053 1347 1
1053 1448 1
1053 1598 1
1053 1599 1
1053 1626 1
1054 1192 2
1054 1421 1
1054 1618 1
1054 1623 2
1054 1626 2
1055 1056 1
1055 1058 1
1055 1063 1
1055 1191 1
1055 1192 1
1055 1298 1
1055 1300 1
1055 1614 1
1055 1618 1
1056 1058 1
1056 1373 2
1057 1059 1
1057 1403 1
1058 1059 2
1058 1060 1
1058 1403 1
1059 1060 3
1059 1300 1
1059 1306 1
1059 1372 1
1059 1373 1
1059 1374 1
1060 1201 1
1060 1297 3
1060 1373 1
1061 1063 1
1061 1195 1
1061 1200 1
1061 1373 1
1062 1086 2
1062 1197 1
1062 1200 1
1062 1205 1
1062 1298 1
1062 1365 2
1062 1426 1
1063 1198 1
1063 1228 2
1063 1612 1
1063 1619 1
1064 1065 1
1064 1182 1
1064 1203 1
1064 1228 2
1064 1276 1
1066 1067 1
1066 1182 1
1066 1188 1
1066 1190 1
1066 1231 2
1067 1189 1
1068 1184 1
1068 1185 1
1068 1186 1
1068 1373 1
1069 1086 2
1069 1195 1
1069 1196 3
1070 1082 1
1070 1230 1
1071 1077 1
1071 1081 1
1071 1095 1
1072 1075 1
1072 1080 1
1073 1074 2
1075 1079 1
1076 1078 1
1077 1078 1
1078 1099 1
1081 1082 2
1081 1095 1
1081 1100 1
1082 1092 4
1083 1084 1
1083 1189 1
1083 1231 2
1084 1085 2
1084 1092 2
1085 1086 2
1085 1092 1
1085 1179 1
1085 1621 1
1086 1092 1
1086 1094 1
1086 1254 1
1086 1604 1
1086 1631 1
1087 1088 1
1087 1090 1
1087 1235 1
1087 1237 2
1088 1090 5
1088 1105 1
1088 1107 2
1088 1233 1
1089 1091 2
1089 1234 2
1089 1247 1
1090 1091 1
1090 1246 1
1091 1105 1
1091 1113 1
1091 1117 1
1092 1093 3
1092 1095 1
1092 1103 1
1093 1094 1
1093 1103 1
1093 1601 2
1093 1630 1
1094 1096 1
1094 1604 1
1094 1606 1
1094 1626 1
1094 1630 1
1096 1104 1
1097 1099 1
1097 1107 1
1097 1113 1
1097 1116 2
1097 1118 1
1097 1122 1
1098 1099 1
1098 1102 1
1098 1118 1
1099 1106 1
1100 1101 2
1102 1103 2
1102 1104 2
1104 1105 1
1104 1130 1
1105 1106 1
1105 1114 3
1105 1122 1
1106 1122 1
1106 1123 1
1106 1129 1
1107 1109 1
1107 1123 1
1109 1112 2
1112 1118 1
1113 1114 2
1113 1118 2
1113 1123 1
1115 1116 1
1115 1118 2
1116 1117 1
1116 1120 1
1116 1121 1
1117 1123 2
1117 1124 1
1117 1130 1
1118 1120 1
1119 1120 1
1120 1122 1
1120 1124 1
1121 1122 2
1121 1123 2
1122 1123 1
1123 1126 1
1124 1128 1
1125 1603 1
1126 1128 2
1128 1129 1
1131 1133 2
1132 1134 1
1133 1134 2
1134 1135 2
1134 1607 1
1134 1609 1
1135 1136 1
1135 1177 1
1135 1612 1
1137 1138 1
1138 1139 1
1141 1143 1
1141 1144 1
1141 1149 3
1142 1143 1
1142 1144 1
1143 1145 1
1144 1147 1
1144 1152 1
1145 1146 1
1145 1176 1
1147 1148 1
1149 1169 1
1150 1153 1
1152 1169 2
1153 1154 3
1153 1166 1
1153 1168 1
1154 1155 1
1156 1159 1
1156 1162 1
1157 1163 3
1160 1163 1
1160 1167 1
1161 1162 1
1162 1164 2
1162 1170 1
1165 1172 1
1166 1167 2
1167 1170 1
1168 1169 1
1168 1170 1
1171 1172 5
1172 1173 1
1172 1174 1
1173 1174 1
1174 1175 3
1174 1178 1
1176 1611 1
1177 1613 1
1177 1614 1
1177 1617 1
1177 1622 1
1178 1179 1
1178 1607 1
1178 1614 2
1179 1180 2
1179 1192 1
1179 1622 1
1179 1623 1
1180 1184 1
1180 1605 1
1181 1182 1
1181 1183 2
1181 1193 2
1182 1184 1
1182 1190 1
1182 1618 1
1182 1626 2
1183 1189 1
1183 1193 1
1183 1228 1
1184 1188 1
1184 1194 1
1184 1196 1
1184 1227 1
1187 1197 2
1188 1189 1
1188 1228 3
1189 1624 1
1190 1203 1
1191 1193 1
1192 1624 1
1194 1201 1
1194 1228 1
1194 1424 1
1195 1197 1
1195 1199 3
1195 1200 1
1195 1202 1
1195 1376 1
1198 1216 3
1199 1200 1
1199 1426 1
1200 1215 1
1200 1372 1
1200 1425 1
1201 1209 1
1201 1424 2
1201 1425 1
1202 1372 1
1204 1226 1
1204 1227 2
1206 1211 1
1206 1216 2
1206 1226 1
1207 1208 1
1207 1217 2
1208 1226 1
1208 1427 2
1208 1431 1
1209 1213 1
1209 1358 1
1209 1365 1
1210 1213 1
1210 1423 1
1211 1359 2
1212 1358 1
1212 1359 1
1213 1215 1
1213 1358 3
1213 1364 4
1213 1367 1
1213 1371 1
1213 1427 1
1214 1216 2
1215 1425 1
1216 1425 2
1217 1236 1
1217 1276 1
1217 1430 1
1218 1219 1
1220 1226 2
1220 1272 1
1221 1236 2
1221 1261 2
1222 1224 1
1222 1237 2
1222 1256 1
1222 1262 1
1223 1226 1
1223 1262 1
1223 1268 2
1224 1227 2
1224 1229 2
1224 1237 1
1224 1249 1
1225 1276 2
1225 1433 1
1226 1227 1
1226 1267 1
1226 1432 1
1228 1425 3
1229 1230 1
1230 1231 1
1232 1236 2
1233 1235 1
1233 1249 2
1236 1240 2
1237 1254 1
1237 1269 2
1237 1270 1
1238 1260 1
1238 1270 1
1239 1240 1
1239 1245 1
1241 1242 1
1241 1243 1
1241 1437 1
1242 1263 2
1242 1428 1
1242 1429 1
1243 1284 1
1243 1285 1
1243 1433 1
1246 1247 2
1246 1252 1
1246 1253 1
1246 1254 1
1247 1248 1
1247 1249 1
1249 1253 1
1250 1263 1
1251 1252 1
1253 1254 1
1253 1269 1
1253 1632 1
1254 1631 1
1254 1632 1
1259 1652 1
1261 1262 1
1261 1700 1
1262 1264 2
1262 1273 1
1266 1278 1
1266 1618 1
1266 1620 1
1266 1626 3
1266 1630 1
1267 1268 1
1267 1274 2
1267 1627 1
1268 1269 1
1268 1599 1
1268 1600 2
1268 1632 1
1269 1291 1
1270 1271 2
1270 1287 1
1270 1438 1
1271 1272 1
1271 1274 1
1271 1278 2
1271 1279 1
1271 1287 1
1271 1288 1
1271 1686 2
1273 1274 1
1273 1278 1
1273 1433 1
1274 1277 4
1274 1278 1
1274 1279 1
1274 1298 1
1274 1366 1
1274 1618 1
1275 1276 3
1275 1426 2
1277 1279 1
1277 1285 1
1277 1292 1
1277 1293 1
1277 1596 1
1277 1628 2
1278 1282 1
1278 1284 1
1278 1628 1
1279 1280 2
1279 1281 1
1279 1282 2
1279 1288 4
1279 1355 1
1280 1282 1
1280 1283 1
1280 1298 1
1280 1341 1
1281 1282 2
1281 1343 1
1281 1440 1
1281 1684 1
1281 1686 1
1281 1689 1
1282 1284 1
1282 1343 1
1282 1353 1
1282 1442 1
1283 1435 1
1284 1285 1
1284 1428 3
1284 1429 1
1284 1437 2
1284 1686 1
1284 1688 1
1285 1286 2
1286 1287 1
1286 1437 1
1286 1691 1
1287 1437 1
1287 1685 1
1287 1686 1
1288 1289 1
1288 1291 2
1288 1681 1
1288 1691 1
1288 1703 1
1289 1340 1
1289 1442 1
1289 1448 1
1289 1450 1
1289 1462 1
1289 1475 1
1289 1656 2
1289 1658 1
1289 1667 1
1290 1292 1
1290 1668 1
1290 1681 1
1291 1298 1
1291 1596 1
1294 1295 2
1294 1296 1
1294 1300 1
1294 1449 1
1294 1590 2
1294 1593 2
1294 1595 1
1295 1296 1
1295 1615 1
1296 1298 3
1297 1299 1
1297 1306 2
1297 1451 1
1297 1616 1
1298 1299 4
1298 1309 1
1298 1444 2
1298 1446 1
1298 1447 2
1299 1300 3
1300 1304 1
1300 1305 1
1301 1302 2
1301 1303 1
1301 1309 1
1301 1461 1
1302 1303 3
1303 1304 2
1305 1332 1
1307 1309 1
1307 1619 1
1308 1309 2
1308 1461 2
1309 1310 1
1309 1333 1
1309 1461 1
1310 1311 1
1310 1452 2
1310 1461 1
1312 1313 1
1312 1314 1
1312 1320 1
1312 1869 1
1313 1477 1
1313 1479 1
1313 1729 1
1313 1732 1
1313 1734 1
1313 1751 1
1314 1323 1
1315 1322 1
1315 1323 2
1315 1324 1
1316 1319 1
1316 1320 1
1316 1321 2
1316 1322 3
1316 1843 1
1317 1321 1
1317 1842 1
1317 1851 2
1317 1855 1
1317 1869 1
1318 1321 1
1318 1325 1
1318 1843 1
1319 1851 1
1320 1727 1
1320 1743 1
1321 1322 1
1321 1740 2
1321 1741 1
1321 1843 1
1322 1731 1
1322 1733 1
1322 1740 2
1322 1742 2
1322 1852 2
1322 1873 1
1323 1327 1
1323 1729 1
1324 1453 1
1324 1455 2
1325 1326 1
1325 1453 1
1326 1843 1
1327 1452 1
1327 1457 1
1328 1453 1
1328 1455 1
1329 1334 1
1330 1331 3
1330 1332 2
1330 1336 1
1332 1333 2
1332 1337 2
1333 1334 1
1333 1335 2
1333 1459 2
1337 1460 1
1337 1467 1
1338 1441 1
1338 1674 1
1338 1675 1
1338 1684 1
1339 1340 1
1339 1341 1
1339 1345 2
1339 1476 1
1340 1441 1
1340 1442 1
1340 1447 1
1340 1678 1
1341 1342 2
1341 1355 1
1341 1369 1
1341 1440 1
1341 1441 1
1341 1443 2
1341 1447 1
1341 1463 2
1341 1677 1
1342 1345 1
1342 1346 1
1342 1348 1
1342 1354 1
1343 1344 1
1343 1352 1
1343 1435 1
1343 1439 1
1343 1680 1
1343 1688 1
1344 1345 2
1344 1348 1
1344 1354 2
1344 1688 1
1345 1348 1
1345 1349 1
1345 1354 1
1345 1435 2
1345 1439 2
1346 1347 3
1346 1348 1
1346 1460 1
1346 1467 2
1346 1468 1
1346 1675 1
1347 1348 1
1348 1354 1
1348 1463 1
1349 1350 1
1349 1673 3
1350 1469 1
1350 1681 1
1351 1441 1
1351 1463 1
1351 1469 1
1351 1677 1
1351 1682 1
1352 1353 1
1352 1440 1
1352 1443 1
1352 1688 1
1353 1443 1
1353 1677 1
1353 1681 1
1353 1682 1
1353 1687 1
1354 1355 1
1354 1368 1
1354 1369 1
1355 1356 2
1356 1357 1
1356 1358 1
1356 1367 2
1356 1447 1
1357 1358 1
1357 1362 1
1357 1364 1
1357 1367 2
1357 1370 1
1358 1361 2
1358 1364 1
1359 1360 1
1359 1361 1
1359 1372 1
1359 1423 1
1360 1371 1
1362 1363 1
1364 1367 1
1364 1369 1
1364 1371 1
1364 1426 1
1364 1427 1
1364 1446 1
1365 1424 1
1365 1426 2
1366 1426 2
1367 1370 1
1369 1447 1
1370 1371 2
1370 1446 1
1370 1447 1
1371 1423 1
1371 1427 1
1371 1446 1
1372 1373 1
1373 1378 1
1373 1382 1
1373 1383 1
1373 1386 1
1374 1387 1
1374 1406 1
1375 1376 1
1377 1387 1
1378 1381 1
1379 1401 1
1379 1412 1
1379 1413 1
1380 1413 1
1381 1387 1
1381 1413 1
1382 1383 1
1383 1384 2
1385 1415 1
1385 1416 1
1388 1390 1
1388 1397 3
1390 1395 1
1390 1397 1
1391 1398 1
1391 1414 1
1393 1399 1
1399 1400 1
1400 1405 1
1402 1404 1
1403 1415 1
1403 1420 1
1403 1421 1
1404 1405 1
1404 1406 1
1404 1412 1
1404 1414 1
1404 1415 1
1404 1420 1
1405 1406 2
1406 1407 1
1408 1409 3
1408 1418 1
1408 1422 1
1409 1416 1
1409 1417 1
1410 1411 1
1410 1415 1
1410 1418 1
1411 1412 1
1411 1413 1
1411 1414 2
1411 1415 1
1412 1416 1
1414 1415 1
1414 1416 1
1415 1416 1
1415 1420 4
1416 1417 2
1416 1418 1
1417 1418 1
1418 1419 1
1419 1422 1
1420 1421 1
1424 1425 1
1425 1426 1
1428 1429 1
1429 1433 1
1430 1439 1
1431 1434 1
1431 1439 2
1437 1438 1
1437 1689 1
1438 1685 1
1438 1688 1
1440 1441 1
1440 1442 2
1440 1443 1
1440 1677 2
1441 1442 1
1442 1677 2
1442 1678 2
1444 1445 2
1445 1446 1
1445 1466 1
1448 1450 2
1448 1465 1
1449 1475 1
1449 1586 1
1450 1451 1
1451 1469 2
1451 1475 1
1452 1453 1
1452 1455 2
1452 1476 1
1453 1455 1
1454 1458 1
1454 1459 4
1454 1674 1
1455 1460 1
1455 1468 1
1455 1476 1
1456 1475 2
1457 1472 1
1457 1726 1
1458 1730 1
1459 1468 1
1461 1462 1
1461 1480 1
1462 1465 1
1462 1475 1
1462 1591 1
1462 1666 1
1464 1465 1
1465 1467 2
1468 1469 1
1468 1476 1
1469 1472 1
1469 1475 1
1469 1476 1
1469 1674 1
1470 1473 1
1470 1738 1
1471 1473 1
1471 1726 1
1472 1473 1
1472 1474 2
1472 1666 1
1472 1729 1
1473 1474 1
1473 1659 1
1473 1668 1
1474 1476 1
1474 1477 1
1476 1675 1
1478 1480 1
1479 1480 1
1479 1485 1
1479 1486 2
1479 1590 1
1480 1587 1
1480 1712 1
1481 1482 1
1481 1483 1
1482 1483 1
1482 1484 1
1482 1487 1
1482 1582 1
1483 1484 2
1483 1485 3
1484 1485 1
1484 1486 1
1484 1487 1
1484 1582 1
1484 1841 1
1485 1486 1
1485 1830 1
1487 1488 4
1488 1489 1
1488 1490 2
1488 1491 2
1488 2111 1
1489 1490 3
1489 1491 3
1489 1518 1
1489 2111 1
1490 1491 1
1492 1493 1
1492 1494 1
1492 1517 1
1492 1519 1
1493 1494 1
1493 1518 1
1493 1908 1
1493 1910 1
1494 1495 3
1494 1906 1
1494 1908 2
1494 1913 1
1494 2120 1
1494 2122 1
1496 1497 1
1496 1498 2
1496 2120 1
1498 1499 1
1498 1502 1
1498 1505 1
1498 1509 1
1498 1520 1
1498 1522 1
1498 2121 1
1499 1507 1
1499 1508 1
1500 1501 1
1500 1504 1
1500 1508 1
1501 1506 1
1501 1507 2
1501 1508 1
1502 1503 2
1502 1504 1
1503 1504 1
1503 1505 1
1503 1506 2
1504 1505 3
1507 1515 1
1508 1509 1
1508 1511 1
1509 1510 2
1509 1522 2
1509 2113 1
1510 1511 1
1510 2115 1
1511 1515 2
1512 2108 1
1512 2113 1
1513 1514 1
1513 1515 1
1513 1516 1
1513 1517 1
1513 1520 1
1513 1521 1
1513 2090 1
1514 1515 1
1514 1521 1
1515 1516 1
1515 1517 1
1515 1520 1
1515 2108 2
1516 1520 1
1516 1521 1
1517 1518 2
1518 1519 1
1518 1523 2
1519 1522 2
1519 2110 1
1520 1521 1
1520 2110 1
1522 1523 1
1522 2110 2
1523 1524 4
1523 2111 1
1524 1526 3
1525 1526 2
1525 1579 1
1525 1646 1
1525 1651 1
1525 1912 1
1525 1913 1
1526 1529 1
1526 1918 1
1526 1919 1
1526 2005 1
1527 1528 3
1527 1529 2
1527 1652 1
1527 1919 1
1527 1933 1
1527 1937 2
1528 1529 1
1528 1919 1
1528 1938 1
1529 1531 1
1529 1532 1
1529 1537 1
1529 1538 1
1529 1583 1
1529 1694 1
1530 1531 1
1530 1532 1
1530 1694 3
1530 1697 1
1530 1920 1
1531 1532 2
1531 1533 1
1531 1538 2
1531 1551 1
1531 1553 2
1531 1556 2
1531 2036 1
1532 1537 1
1532 1551 1
1532 1562 1
1532 1694 2
1533 1534 1
1533 1536 1
1533 2035 1
1534 1554 2
1534 1555 1
1534 1576 1
1535 1538 1
1535 1543 1
1535 2015 1
1536 1537 1
1536 1539 1
1536 1551 1
1536 1561 1
1536 1768 1
1537 1538 2
1538 1539 1
1538 2026 1
1539 1560 1
1539 2026 1
1539 2033 2
1540 1550 1
1540 1560 1
1540 1561 1
1541 1561 1
1541 1698 1
1541 1720 1
1542 1543 1
1542 1719 1
1544 1545 1
1544 1697 1
1544 1718 2
1545 1697 1
1545 1699 1
1545 1720 1
1545 1722 1
1545 1754 1
1546 1669 1
1546 1714 1
1546 1747 1
1546 1748 2
1547 1552 2
1547 1697 1
1547 1722 1
1547 1745 1
1548 1549 1
1548 1559 1
1548 1576 1
1549 1552 1
1549 1559 1
1550 1552 1
1550 1921 1
1551 1555 1
1551 1562 1
1551 1567 1
1553 1554 1
1553 1563 1
1554 1559 1
1554 1562 1
1555 1562 1
1555 1568 1
1555 1771 1
1556 2034 1
1557 1762 1
1557 1771 1
1557 2026 1
1558 1768 1
1558 2026 2
1559 1562 1
1559 1567 1
1561 1754 1
1562 1563 1
1562 1770 1
1563 1577 1
1563 1653 1
1564 1565 1
1564 2041 1
1565 1568 1
1565 1572 1
1565 1576 1
1565 1577 2
1565 2040 1
1566 1568 1
1566 1578 1
1566 1752 1
1566 1753 1
1567 1568 1
1567 1763 1
1567 1771 1
1567 2033 1
1567 2034 3
1568 1576 1
1569 1570 1
1570 1572 1
1571 1577 1
1571 1579 1
1571 1583 1
1571 1750 1
1571 1780 2
1572 1573 1
1573 1574 2
1573 1779 1
1575 1576 1
1575 1580 1
1576 1577 1
1576 1579 2
1576 1583 1
1576 1653 1
1576 1748 2
1577 1747 1
1577 1750 1
1578 1580 1
1578 1747 1
1578 1775 1
1579 1580 3
1579 1670 1
1579 1732 1
1579 1743 3
1580 1581 1
1580 1583 2
1581 1652 1
1581 1653 1
1581 1751 1
1582 1583 2
1582 1752 2
1583 1584 2
1583 1585 2
1583 1660 1
1584 1588 1
1584 1594 1
1584 1659 1
1585 1586 3
1585 1587 4
1585 1589 1
1585 1660 1
1586 1588 1
1586 1659 1
1587 1589 2
1588 1589 4
1588 1593 1
1589 1590 4
1590 1591 1
1590 1594 1
1590 1608 1
1590 1613 1
1591 1592 1
1591 1594 1
1591 1595 1
1591 1596 1
1591 1597 1
1591 1613 1
1591 1656 1
1592 1594 1
1592 1596 1
1592 1635 1
1593 1596 1
1594 1595 3
1594 1596 1
1596 1631 1
1597 1630 2
1598 1599 2
1598 1600 1
1599 1600 1
1600 1602 1
1600 1604 1
1600 1605 1
1600 1606 2
1600 1631 1
1601 1606 1
1602 1603 2
1602 1604 1
1602 1605 1
1603 1604 2
1603 1632 1
1604 1606 1
1604 1631 1
1606 1631 2
1608 1609 1
1608 1611 3
1608 1612 1
1609 1610 1
1609 1611 1
1609 1612 1
1610 1611 1
1610 1612 1
1611 1612 1
1611 1613 1
1613 1616 1
1614 1617 1
1614 1627 1
1615 1617 1
1618 1620 1
1618 1624 1
1618 1625 2
1618 1627 1
1620 1624 1
1621 1622 1
1621 1623 2
1621 1625 1
1621 1627 1
1622 1624 1
1625 1627 2
1625 1628 2
1627 1628 1
1628 1629 1
1631 1632 2
1632 1633 2
1633 1634 2
1634 1694 1
1635 1636 1
1636 1637 4
1638 1639 1
1638 1640 3
1638 1641 3
1638 1642 1
1638 1643 1
1639 1641 2
1639 1642 1
1639 1645 1
1640 1641 1
1640 1910 2
1641 1642 3
1643 1911 2
1643 1914 1
1644 1645 2
1646 1647 2
1646 1649 1
1647 1911 1
1649 1746 1
1650 1652 1
1651 1652 1
1652 1746 2
1654 1662 1
1654 1663 1
1654 1664 1
1654 1668 1
1654 1671 2
1654 1705 1
1655 1706 1
1656 1657 1
1656 1658 1
1656 1668 1
1656 1686 1
1657 1658 3
1657 1659 2
1657 1660 2
1657 1709 1
1658 1659 1
1658 1660 1
1658 1661 1
1658 1663 1
1658 1709 1
1658 1711 1
1659 1746 1
1660 1712 1
1661 1663 1
1661 1664 1
1661 1709 1
1661 1711 1
1661 1713 1
1662 1663 1
1662 1664 1
1662 1671 1
1662 1702 2
1662 1716 1
1663 1667 1
1663 1672 1
1663 1676 1
1664 1669 1
1664 1671 1
1664 1672 1
1664 1673 1
1664 1710 1
1664 1713 1
1665 1670 1
1665 1736 1
1666 1671 1
1666 1726 1
1667 1672 1
1667 1673 1
1667 1681 1
1668 1672 1
1668 1676 1
1669 1670 3
1669 1671 1
1669 1747 1
1669 1749 1
1670 1703 1
1670 1736 2
1671 1707 1
1671 1713 1
1672 1702 2
1673 1675 1
1673 1711 1
1673 1738 1
1674 1675 1
1675 1676 1
1675 1698 1
1675 1738 1
1676 1677 1
1677 1678 1
1677 1680 2
1677 1681 1
1677 1682 2
1678 1679 1
1678 1682 1
1678 1687 1
1679 1680 2
1679 1684 1
1680 1681 2
1680 1687 1
1681 1689 1
1683 1689 1
1683 1716 2
1684 1690 1
1684 1706 1
1685 1691 2
1686 1691 1
1687 1690 2
1687 1691 1
1687 1704 2
1688 1689 3
1689 1691 1
1690 1705 2
1691 1692 1
1691 1705 2
1691 1722 2
1692 1698 1
1692 1699 2
1692 1717 1
1693 1694 1
1693 1696 1
1694 1695 3
1694 1696 1
1694 1722 1
1695 1696 2
1695 1697 1
1695 1698 1
1695 1719 1
1696 1697 1
1696 1698 3
1698 1719 2
1699 1722 1
1700 1703 2
1701 1706 1
1701 1708 1
1701 1710 1
1701 1714 1
1701 1717 1
1701 1719 1
1702 1716 1
1703 1704 1
1703 1705 2
1704 1705 3
1704 1716 1
1706 1716 1
1707 1708 1
1707 1724 1
1708 1709 1
1710 1724 1
1711 1713 6
1711 1736 1
1711 1746 1
1712 1725 1
1714 1715 1
1714 1717 3
1714 1723 1
1714 1724 2
1716 1722 2
1716 1723 1
1717 1718 2
1717 1723 2
1718 1719 1
1718 1722 1
1719 1720 1
1719 1721 1
1719 1723 1
1723 1724 1
1724 1736 1
1725 1728 3
1725 1729 4
1725 1735 1
1726 1730 1
1726 1739 1
1727 1730 1
1727 1733 1
1727 1734 1
1728 1730 1
1729 1730 3
1729 1731 1
1729 1735 1
1730 1737 2
1730 1738 1
1731 1732 2
1731 1737 1
1731 1738 1
1731 1743 1
1731 1746 1
1733 1842 1
1734 1743 1
1734 1745 1
1735 1737 1
1735 1739 1
1735 1743 1
1735 1746 1
1736 1746 1
1736 1776 1
1737 1738 1
1737 1746 1
1739 1742 1
1739 1746 2
1740 1741 1
1740 1744 2
1740 1750 1
1740 1765 1
1740 1843 1
1741 1748 2
1743 1745 3
1744 1745 3
1744 1746 1
1744 1749 2
1745 1746 1
1745 1748 1
1745 1873 1
1747 1748 7
1749 1843 1
1750 1844 1
1750 1873 2
1751 1752 1
1752 1758 1
1753 1764 1
1753 1765 1
1753 1878 1
1754 1758 2
1754 1773 1
1755 1774 1
1756 1775 1
1756 1776 2
1756 1878 1
1757 1777 1
1757 1781 2
1757 1782 1
1757 1877 2
1757 1879 1
1758 1759 1
1758 1776 2
1758 1877 1
1758 2040 1
1759 1767 1
1760 1763 2
1760 1884 1
1761 1763 1
1761 1766 2
1761 1769 1
1761 2011 1
1761 2034 1
1762 1766 3
1762 2034 1
1763 1774 1
1763 2036 1
1764 1765 3
1764 1769 1
1765 1766 1
1765 1770 1
1766 1770 2
1766 2034 2
1766 2035 1
1766 2041 1
1767 1771 2
1767 2036 1
1768 1788 1
1768 2026 2
1768 2031 1
1768 2032 1
1768 2033 1
1769 1771 1
1770 1774 1
1770 1775 1
1770 1778 1
1771 1774 1
1772 1774 1
1773 1774 1
1775 1776 2
1776 1780 3
1776 1795 1
1776 1874 1
1777 1779 2
1777 1781 1
1777 1782 1
1778 1780 1
1778 1781 2
1778 1782 1
1778 1783 1
1778 1876 1
1779 1780 1
1779 1872 1
1780 1874 1
1781 1785 1
1782 1783 1
1782 1784 1
1782 1879 1
1783 1784 3
1783 1824 1
1783 1861 1
1783 1866 2
1783 1867 1
1783 1875 1
1784 1860 1
1784 1861 1
1785 1792 1
1785 1798 1
1786 1788 2
1786 1789 1
1786 1792 1
1786 1860 1
1786 1888 1
1788 1795 1
1788 1796 1
1788 1802 1
1789 1790 1
1789 1798 1
1789 1801 1
1790 1791 1
1790 1793 1
1790 1796 2
1791 1796 1
1792 1797 1
1792 1798 1
1793 1794 1
1793 1796 1
1794 1795 1
1797 1798 1
1797 1799 2
1797 1801 1
1798 1799 4
1799 1802 1
1799 1806 1
1799 1878 1
1800 1801 1
1800 1802 1
1800 1804 1
1800 1884 1
1800 1886 1
1800 1887 1
1800 2042 1
1800 2046 1
1802 1803 1
1803 1805 1
1803 1806 1
1803 1882 1
1803 2046 1
1804 1805 1
1804 1882 1
1805 1806 3
1805 1807 1
1805 1808 2
1806 1807 3
1806 1859 1
1806 1860 1
1806 1881 1
1807 1810 1
1807 1813 1
1807 1814 1
1807 1833 1
1807 1837 1
1808 1809 1
1808 1811 1
1808 1819 1
1808 1824 1
1809 1810 2
1809 1828 2
1809 1837 1
1810 1811 1
1810 1812 1
1810 1816 1
1810 2050 1
1811 1813 2
1811 1815 1
1813 1814 1
1813 1837 1
1814 1825 1
1815 1817 1
1815 1826 1
1816 1819 1
1816 1824 1
1816 1834 1
1818 1831 1
1819 1821 1
1819 1824 1
1819 1826 1
1819 1828 1
1819 1830 1
1820 1823 1
1821 2053 1
1823 1831 3
1824 1827 1
1824 1828 1
1824 1829 2
1824 1834 1
1825 1826 1
1825 1828 1
1825 1834 1
1826 1836 1
1827 1829 1
1827 1831 2
1828 1829 1
1828 1832 1
1828 1834 1
1828 1840 1
1829 1830 1
1829 1831 3
1829 1833 1
1831 1834 1
1832 1834 1
1832 1836 1
1832 1838 1
1832 1839 2
1832 2041 1
1833 1834 3
1834 1836 1
1834 1840 3
1835 1839 1
1835 1841 1
1836 1839 1
1836 1841 1
1837 1877 1
1838 1876 1
1838 1877 1
1838 1880 2
1839 1840 2
1839 1841 1
1840 1846 2
1840 1852 1
1840 1857 1
1841 1850 1
1842 1845 1
1842 1850 1
1842 1851 2
1842 1856 1
1842 1857 1
1842 1869 1
1843 1847 1
1843 1873 1
1844 1853 1
1844 1865 2
1844 1875 1
1845 1860 1
1845 1865 1
1845 1875 1
1846 1847 1
1846 1867 1
1847 1850 2
1847 1872 2
1848 1850 1
1849 1874 1
1850 1856 1
1851 1852 2
1851 1855 1
1851 1856 1
1851 1857 1
1851 1869 1
1852 1853 1
1852 1854 1
1852 1867 1
1852 1868 2
1852 1869 1
1853 1855 1
1853 1858 1
1853 1864 1
1853 1870 1
1855 1857 1
1855 1858 1
1856 1860 1
1856 1864 1
1856 1870 1
1857 1858 1
1857 1864 2
1858 1859 1
1858 1860 1
1859 1860 4
1859 1861 1
1859 1862 2
1859 1865 3
1860 1861 7
1861 1862 2
1861 1864 1
1861 1865 1
1861 1866 1
1862 1863 1
1864 1865 1
1865 1866 2
1867 1870 1
1868 1870 1
1868 1871 2
1871 1872 1
1871 1875 1
1872 1875 2
1872 1876 1
1875 1887 1
1876 1878 1
1876 1879 1
1876 1880 2
1876 1882 1
1877 1883 1
1878 1880 1
1879 1882 1
1879 1883 1
1883 1884 1
1884 1885 1
1884 2041 1
1884 2042 2
1885 2038 2
1885 2129 1
1886 1887 1
1886 1899 1
1886 2037 2
1887 1984 1
1889 1890 1
1892 1894 1
1893 1894 2
1893 2004 1
1894 1895 1
1894 1941 1
1894 1942 2
1894 1985 1
1894 1993 1
1894 1994 3
1895 1898 1
1895 1981 1
1896 1941 1
1896 1942 1
1896 1944 1
1896 1981 1
1896 1984 1
1897 1898 1
1897 1900 1
1898 1944 1
1898 1980 2
1899 1984 1
1900 1901 1
1901 1902 2
1901 1903 1
1901 1985 1
1902 1903 1
1903 1904 3
1903 1944 1
1903 2117 1
1904 1907 1
1904 2043 1
1904 2111 1
1904 2124 1
1905 1906 1
1905 1908 1
1905 2118 1
1905 2122 1
1906 1907 1
1906 1908 1
1906 2112 1
1906 2117 2
1907 2117 1
1907 2118 2
1907 2119 1
1907 2120 1
1908 1910 1
1908 1911 1
1908 1913 1
1908 1934 1
1908 2122 1
1909 1911 1
1909 1933 1
1909 1937 1
1909 2128 1
1910 1935 2
1910 1938 1
1910 2127 1
1910 2176 1
1911 1933 1
1911 1939 1
1912 1913 1
1912 1914 1
1912 1936 2
1913 1917 2
1914 1915 2
1914 1916 1
1914 1918 2
1914 1920 1
1915 1917 1
1915 1919 1
1915 1931 1
1915 1932 1
1916 1917 4
1916 1920 1
1916 1921 1
1916 1928 1
1917 1922 1
1917 1929 1
1918 1919 3
1918 1931 1
1919 1930 1
1919 1931 1
1920 1921 3
1920 1922 2
1920 2012 1
1921 1922 1
1921 1923 1
1922 1923 2
1924 1926 2
1925 2015 1
1926 2014 1
1926 2021 1
1927 1930 1
1927 2157 1
1927 2172 1
1927 2177 1
1928 1930 1
1928 2177 1
1928 2187 2
1929 1931 2
1929 2171 1
1929 2178 1
1929 2188 1
1930 1931 3
1930 1932 3
1930 2155 1
1930 2175 1
1931 1932 2
1931 2176 2
1932 1935 1
1933 1934 1
1933 1935 2
1933 1937 1
1933 2127 1
1934 1935 1
1934 1939 1
1934 1942 1
1934 2127 2
1934 2156 1
1935 1936 2
1935 2007 1
1935 2155 1
1935 2266 4
1935 2267 1
1936 2266 1
1937 1938 1
1937 1939 1
1937 1940 1
1938 1939 1
1938 1940 1
1938 2006 1
1938 2008 1
1939 2005 1
1940 1982 1
1940 2019 1
1940 2031 1
1941 1942 1
1941 1999 1
1941 2002 1
1941 2005 1
1941 2130 2
1942 1983 2
1943 1945 1
1943 1984 2
1944 1945 1
1944 1947 1
1945 1946 1
1945 1947 1
1945 1977 1
1945 1978 1
1945 1979 1
1945 1980 1
1946 1947 1
1946 1949 1
1946 1954 1
1946 1956 1
1946 1979 1
1946 1980 1
1947 1948 1
1947 1949 1
1947 1950 1
1947 1955 1
1947 1957 1
1947 1972 1
1947 1975 1
1948 1959 1
1948 1969 1
1948 1973 2
1948 1975 1
1949 1950 1
1949 1954 2
1949 1975 2
1950 1951 2
1951 1962 1
1951 1974 1
1952 1953 2
1953 1954 1
1953 1957 1
1953 1962 1
1955 1956 1
1955 1958 1
1955 1965 1
1955 1972 1
1956 1957 1
1956 1958 2
1956 1961 2
1956 1963 2
1956 1972 2
1958 1965 1
1959 1962 1
1959 1963 1
1959 1964 1
1959 1966 1
1959 1969 1
1960 1961 1
1960 1963 1
1960 1964 1
1960 1967 1
1961 1962 4
1962 1969 1
1963 1967 1
1964 1965 2
1964 1972 1
1965 1966 1
1965 1967 1
1965 1970 1
1965 1972 3
1967 1969 1
1967 1971 1
1968 1969 1
1968 1971 2
1969 1971 1
1970 1971 1
1972 1975 1
1973 1975 1
1974 1975 1
1975 1977 1
1976 1977 2
1976 1979 1
1976 1980 1
1978 1979 2
1978 1980 1
1979 1980 3
1981 1982 3
1982 2028 1
1982 2039 1
1983 2128 3
1984 2128 1
1984 2130 1
1984 2132 1
1985 1988 1
1985 2025 1
1985 2029 1
1986 1987 1
1986 1992 1
1986 1993 1
1986 2000 1
1987 1988 2
1987 1996 1
1987 1997 1
1987 1998 1
1988 1998 1
1988 2001 1
1988 2002 1
1988 2003 3
1988 2031 2
1989 1997 1
1989 1998 2
1989 2028 1
1989 2034 1
1989 2157 1
1990 2005 1
1990 2157 2
1991 1992 1
1991 2018 1
1992 1993 1
1992 1997 1
1992 2002 1
1992 2023 1
1992 2024 1
1993 2004 1
1993 2023 1
1994 2004 2
1995 1998 1
1995 2001 1
1995 2136 2
1996 1997 1
1996 2137 1
1996 2138 1
1997 1998 2
1999 2001 1
1999 2002 1
1999 2003 1
1999 2029 1
2000 2001 1
2000 2003 2
2000 2028 1
2001 2004 1
2001 2137 2
2001 2138 1
2002 2003 1
2002 2004 1
2002 2007 1
2002 2024 1
2002 2159 1
2005 2006 1
2005 2007 3
2005 2008 1
2006 2007 1
2006 2010 1
2007 2018 1
2007 2030 1
2008 2009 2
2009 2018 1
2009 2030 1
2010 2032 1
2011 2012 1
2011 2016 2
2011 2175 1
2012 2013 1
2012 2176 1
2013 2176 1
2014 2016 1
2015 2016 1
2015 2019 2
2015 2020 3
2015 2021 2
2015 2030 1
2016 2018 1
2016 2021 2
2018 2021 2
2018 2022 1
2019 2031 1
2020 2021 1
2021 2022 1
2022 2023 1
2024 2033 1
2025 2026 1
2025 2030 1
2025 2032 1
2027 2028 1
2027 2031 1
2028 2031 2
2030 2033 1
2033 2034 1
2033 2036 1
2035 2041 2
2036 2037 2
2036 2039 1
2036 2041 1
2037 2038 6
2037 2039 2
2037 2041 2
2038 2039 2
2038 2041 1
2042 2043 1
2043 2044 3
2044 2045 1
2046 2047 1
2047 2049 2
2047 2051 2
2048 2053 2
2049 2051 1
2049 2054 1
2050 2051 3
2050 2052 1
2050 2102 1
2050 2111 1
2051 2103 1
2051 2108 1
2052 2092 1
2053 2054 1
2055 2058 1
2056 2057 2
2056 2058 1
2056 2059 1
2056 2107 1
2057 2058 1
2058 2059 6
2058 2060 1
2059 2060 4
2059 2078 1
2060 2061 2
2060 2073 1
2060 2084 1
2061 2072 1
2061 2076 1
2062 2067 2
2062 2068 2
2062 2072 1
2063 2064 1
2064 2066 1
2064 2070 1
2065 2068 1
2065 2070 1
2067 2068 1
2067 2071 1
2067 2072 1
2067 2077 1
2068 2076 1
2070 2077 1
2071 2075 1
2072 2073 1
2072 2075 1
2073 2076 1
2073 2078 1
2073 2079 1
2074 2075 1
2074 2076 1
2075 2076 1
2076 2077 4
2076 2078 1
2077 2078 1
2078 2080 1
2079 2080 1
2079 2081 1
2079 2084 2
2080 2084 1
2081 2084 1
2081 2086 1
2082 2085 1
2083 2084 1
2083 2086 3
2084 2085 2
2084 2088 1
2085 2086 2
2085 2087 1
2086 2087 1
2087 2088 1
2087 2089 1
2087 2090 1
2088 2089 1
2088 2090 3
2088 2091 1
2088 2108 1
2089 2109 1
2090 2109 1
2090 2110 1
2091 2099 1
2092 2094 2
2092 2096 1
2092 2099 1
2093 2095 1
2093 2100 1
2094 2100 1
2095 2098 1
2095 2100 1
2096 2098 1
2097 2098 1
2097 2100 1
2099 2100 2
2099 2113 1
2100 2101 3
2101 2102 3
2102 2103 2
2102 2106 1
2103 2105 1
2103 2109 1
2106 2107 1
2107 2112 1
2109 2110 1
2109 2111 3
2110 2112 1
2111 2112 2
2111 2113 1
2112 2113 2
2112 2114 1
2113 2114 1
2113 2115 1
2113 2116 1
2114 2116 1
2115 2116 2
2116 2117 3
2116 2118 3
2117 2121 2
2118 2119 1
2118 2121 1
2118 2122 3
2119 2158 1
2120 2121 1
2120 2125 1
2121 2123 1
2123 2124 3
2123 2125 2
2123 2128 1
2123 2130 1
2124 2125 1
2125 2126 2
2125 2127 1
2125 2159 1
2126 2127 2
2126 2128 1
2127 2128 2
2127 2129 1
2127 2131 1
2127 2158 1
2128 2129 3
2128 2158 1
2130 2131 2
2131 2132 2
2131 2133 3
2131 2134 1
2131 2149 1
2131 2159 1
2132 2133 1
2133 2135 1
2133 2147 1
2134 2139 1
2134 2140 1
2135 2139 1
2135 2140 1
2135 2149 1
2136 2138 1
2136 2141 1
2136 2142 2
2138 2148 1
2139 2142 1
2139 2143 1
2141 2142 1
2142 2144 1
2143 2144 1
2143 2146 1
2143 2151 1
2143 2154 2
2143 2189 1
2144 2151 1
2145 2172 1
2145 2189 1
2146 2147 1
2146 2149 1
2146 2154 1
2147 2148 1
2147 2152 1
2148 2151 1
2148 2152 1
2150 2152 1
2150 2155 1
2150 2156 1
2151 2157 1
2152 2153 4
2152 2156 1
2152 2157 1
2152 2158 1
2153 2155 1
2154 2155 1
2154 2169 1
2154 2170 1
2155 2156 1
2155 2158 3
2155 2159 1
2156 2157 3
2157 2158 2
2157 2159 1
2158 2159 1
2158 2171 1
2159 2160 1
2160 2162 3
2160 2179 1
2161 2162 1
2162 2163 1
2163 2167 1
2163 2169 1
2164 2167 1
2164 2168 1
2164 2169 1
2164 2215 2
2165 2167 1
2165 2189 1
2165 2217 1
2166 2167 1
2166 2168 2
2166 2169 2
2169 2171 1
2169 2189 1
2169 2215 1
2170 2171 1
2172 2182 1
2173 2174 1
2173 2185 1
2175 2176 3
2175 2178 1
2175 2180 1
2175 2183 1
2176 2178 1
2176 2182 1
2178 2180 1
2179 2181 2
2180 2185 1
2181 2182 1
2181 2227 1
2183 2184 2
2183 2186 1
2183 2188 1
2184 2185 1
2185 2186 2
2186 2187 1
2187 2213 1
2189 2222 1
2190 2192 1
2191 2196 1
2191 2210 1
2193 2195 1
2196 2205 1
2199 2202 1
2199 2206 1
2208 2212 1
2209 2210 1
2209 2218 1
2209 2222 1
2210 2215 1
2210 2218 1
2211 2217 1
2212 2219 1
2212 2224 2
2213 2214 1
2213 2260 1
2214 2223 1
2214 2224 1
2214 2262 2
2215 2217 2
2215 2263 1
2218 2267 1
2218 2269 2
2218 2270 5
2219 2222 1
2221 2226 1
2222 2223 2
2222 2225 2
2223 2225 1
2223 2227 1
2225 2227 1
2225 2232 1
2225 2233 2
2226 2228 1
2226 2233 1
2227 2228 1
2227 2232 2
2228 2229 1
2228 2231 1
2229 2230 2
2231 2232 1
2232 2233 1
2232 2234 1
2232 2245 1
2233 2234 1
2233 2252 2
2234 2239 1
2234 2244 1
2236 2237 3
2236 2238 1
2236 2239 2
2237 2239 1
2237 2241 1
2237 2242 1
2238 2239 1
2238 2241 2
2238 2246 1
2239 2240 1
2239 2241 1
2241 2242 2
2241 2247 2
2242 2245 1
2242 2246 1
2242 2248 1
2243 2244 1
2243 2252 1
2244 2245 3
2244 2246 2
2244 2248 1
2245 2246 4
2245 2251 1
2246 2247 1
2246 2252 1
2248 2251 2
2249 2251 2
2249 2252 2
2249 2253 1
2249 2256 1
2249 2258 1
2250 2251 2
2251 2254 1
2251 2257 1
2252 2253 4
2252 2257 1
2253 2259 1
2254 2255 1
2254 2256 3
2254 2257 1
2254 2260 2
2255 2257 1
2255 2258 1
2255 2260 2
2255 2262 1
2256 2257 3
2256 2258 1
2257 2260 1
2258 2260 1
2259 2260 1
2260 2261 2
2261 2262 1
2262 2263 3
2263 2264 1
2264 2265 5
2264 2267 2
2264 2268 1
2265 2266 2
2265 2267 2
2266 2269 1
2267 2268 3
2268 2270 2
2271 2272 1
2272 2274 2
2274 2275 1
