40 41 2
40 177 1
41 42 3
41 96 1
42 43 1
43 44 1
43 173 2
44 148 2
45 48 1
45 148 3
46 47 1
46 129 1
46 130 1
47 64 1
47 101 1
48 49 1
48 50 1
48 119 2
48 130 1
49 51 1
49 127 1
52 62 1
52 63 1
52 68 1
52 113 1
52 218 1
53 54 1
53 214 1
53 221 1
53 222 1
54 55 1
54 59 1
54 61 1
54 66 1
54 67 1
55 62 1
57 58 1
58 60 1
59 60 1
59 61 1
59 62 1
60 61 1
60 62 1
61 62 1
63 64 5
65 67 1
66 69 1
67 140 1
68 107 1
70 72 1
72 73 1
72 74 1
72 76 1
73 74 2
73 75 1
73 106 1
74 75 1
74 77 1
75 76 1
75 77 2
80 82 2
80 83 1
81 82 1
82 84 1
83 84 1
84 86 1
88 91 1
88 205 2
89 97 1
90 108 1
91 150 1
93 102 1
94 99 1
94 104 2
96 100 1
99 100 1
99 104 1
101 102 1
101 112 1
104 108 1
105 106 1
105 110 1
105 235 1
105 238 1
106 107 1
106 109 1
107 108 1
107 109 2
107 237 1
108 109 2
108 110 1
108 236 1
109 110 4
110 111 1
112 113 1
114 115 1
116 127 1
116 130 2
119 127 1
123 124 1
126 136 2
126 138 1
126 142 1
127 137 1
127 149 1
128 132 1
128 137 1
130 131 2
132 136 1
133 134 1
134 135 2
134 137 1
135 152 1
137 138 1
137 139 1
139 146 2
140 142 2
143 144 3
144 146 2
148 149 1
148 152 1
149 150 1
153 159 1
154 155 2
155 156 1
156 157 1
157 161 3
158 180 1
160 162 1
163 186 2
167 168 1
169 170 1
171 177 1
175 195 1
178 179 1
179 182 1
182 191 1
187 188 2
190 201 1
191 202 1
194 195 1
195 196 1
195 205 1
199 200 1
202 203 1
206 207 2
208 218 1
209 211 1
210 219 1
212 238 1
213 238 1
213 271 2
214 224 1
214 235 1
215 221 1
216 224 2
219 222 2
221 222 1
221 223 1
222 223 1
222 243 1
222 244 1
222 633 1
223 239 1
223 242 1
223 257 1
224 240 1
224 275 1
224 633 2
225 235 1
225 242 1
225 243 1
225 633 1
226 228 1
226 244 1
226 245 1
227 228 3
229 230 1
231 239 1
232 233 3
236 237 1
236 238 1
236 241 1
237 238 1
239 240 1
240 244 1
241 242 2
242 244 1
242 247 1
244 245 1
245 247 1
245 263 1
246 617 1
247 613 1
248 249 1
248 252 1
249 250 1
249 251 1
249 630 1
250 252 1
250 634 1
250 648 1
250 654 1
252 253 3
252 254 2
253 254 1
253 255 3
255 256 3
255 258 1
255 286 1
256 610 1
257 284 1
257 578 1
257 608 1
257 610 2
257 611 2
258 259 1
258 269 1
258 286 1
259 275 1
260 268 1
260 274 1
261 266 1
261 267 1
261 274 3
262 273 2
263 268 1
264 266 1
264 267 1
265 276 1
265 285 1
266 269 1
266 273 1
267 609 1
268 276 2
269 272 2
269 275 1
270 271 1
271 608 2
273 277 1
276 277 1
277 581 1
277 600 1
280 281 2
280 282 1
280 283 1
281 282 3
282 287 1
283 574 3
285 286 3
286 288 1
286 574 1
287 288 1
287 290 3
287 291 1
287 573 1
287 574 1
288 290 1
288 573 1
288 574 1
289 291 1
289 294 3
289 573 1
290 291 1
290 293 1
291 292 1
293 294 1
294 560 1
294 571 2
294 572 1
295 571 2
296 297 1
296 309 1
297 298 2
297 545 1
298 310 2
298 533 1
298 542 1
299 513 1
300 535 1
300 544 1
301 302 1
301 320 1
303 316 1
303 320 1
303 321 1
303 364 1
304 305 1
304 312 1
305 360 1
307 309 2
307 311 1
308 323 1
309 312 2
309 313 1
309 322 1
309 513 1
311 321 2
311 538 2
312 313 1
314 328 1
314 361 1
314 362 1
315 316 1
315 318 1
315 321 2
315 353 1
316 318 2
316 320 1
316 330 1
316 364 1
316 538 1
317 329 1
317 361 1
318 319 1
318 320 1
318 330 1
319 338 1
319 538 1
320 345 1
320 537 1
321 339 2
321 363 1
325 326 3
325 327 3
325 331 2
325 359 2
326 327 2
326 332 1
328 337 1
328 361 1
328 363 1
329 360 1
330 337 2
331 337 2
331 361 1
332 333 1
333 336 2
335 337 1
337 338 1
337 361 1
338 339 1
338 350 1
338 356 2
338 513 1
339 345 1
339 355 2
339 356 2
340 344 1
340 353 2
340 354 1
340 535 1
341 541 2
344 530 1
344 532 2
345 353 1
347 350 1
351 355 2
354 355 1
355 356 2
356 531 1
357 359 1
357 360 1
357 361 1
359 363 1
359 521 1
361 362 1
362 520 1
363 364 5
364 366 1
364 369 1
364 371 1
364 372 2
364 373 1
364 394 1
364 397 1
365 369 1
365 375 1
366 368 2
366 372 1
367 369 2
367 370 2
367 372 1
368 369 1
369 370 1
369 372 1
370 371 2
370 372 1
371 372 1
371 375 1
372 377 1
373 376 1
374 375 1
376 377 1
376 383 3
376 384 1
377 378 2
377 417 1
378 379 2
378 383 2
378 402 1
378 416 1
378 418 1
379 381 1
379 382 1
379 383 1
379 384 1
379 386 1
379 417 1
379 418 1
380 381 2
380 419 1
380 420 1
380 434 1
380 447 1
381 418 1
381 420 1
382 386 1
382 387 3
383 384 2
383 393 1
383 396 2
385 400 1
386 388 2
386 389 1
386 398 3
386 399 1
387 398 2
388 389 2
389 400 1
390 393 1
391 392 1
392 393 1
392 394 1
392 396 1
393 395 1
393 396 1
394 395 2
397 398 1
397 444 1
398 399 1
399 403 2
400 401 3
401 402 1
401 403 1
402 403 1
403 404 2
403 405 1
403 408 1
403 409 1
404 408 1
405 406 1
405 411 1
405 415 2
407 414 1
407 415 1
407 753 2
408 410 1
409 411 1
409 416 1
409 747 2
409 754 1
410 411 1
411 413 1
411 416 1
412 415 1
412 416 1
413 415 2
413 416 1
414 415 3
414 751 1
414 753 1
415 756 1
416 420 1
417 419 1
417 740 1
418 419 1
418 1053 1
419 420 1
419 1053 1
420 421 1
420 430 1
420 1056 1
421 427 1
421 444 3
422 428 1
423 424 1
423 426 1
423 444 1
423 546 1
423 554 1
424 426 1
424 544 1
424 551 1
425 450 1
425 550 1
425 553 1
426 427 1
426 430 1
426 446 1
426 451 2
426 547 2
426 554 1
427 430 1
427 554 1
427 696 1
428 429 2
428 430 1
428 431 1
428 451 1
429 430 1
429 445 1
429 463 1
429 1054 1
430 431 1
431 446 1
431 716 1
433 434 1
434 445 1
435 436 1
436 710 1
436 727 1
436 728 1
437 462 1
437 708 1
438 708 1
439 440 1
439 448 1
440 453 1
440 459 1
440 481 1
441 442 1
441 444 1
442 450 1
446 716 1
446 717 1
447 449 1
448 697 2
449 697 1
449 698 1
450 451 1
451 461 1
452 456 1
452 461 1
452 462 2
452 464 1
452 472 1
452 474 1
453 713 1
454 559 1
457 463 1
457 472 1
457 717 1
458 465 1
458 478 1
458 924 2
459 472 1
459 476 1
460 464 1
460 479 1
461 463 1
461 712 1
461 713 1
462 712 1
464 465 1
465 471 1
465 476 2
466 469 3
466 482 1
467 468 1
467 471 1
467 478 1
467 480 1
467 548 1
468 469 1
468 470 1
469 470 1
469 471 1
470 471 2
471 476 1
472 474 1
473 476 1
477 507 1
479 480 1
479 550 1
479 556 1
479 558 1
480 548 2
481 549 1
481 550 1
482 548 1
483 551 2
483 568 1
485 563 1
485 566 1
487 488 2
487 561 1
487 562 1
487 563 1
487 567 1
491 504 1
492 499 1
493 494 1
494 565 1
496 700 1
497 720 1
499 501 1
501 502 1
502 698 1
503 695 1
505 565 1
506 567 1
507 511 1
507 564 1
508 555 1
509 511 1
509 533 1
519 530 1
523 539 1
524 537 1
525 526 1
525 527 1
525 529 1
531 532 1
532 533 1
532 541 1
534 535 1
534 541 1
534 544 1
535 540 2
536 539 2
537 538 1
538 546 1
538 547 1
540 541 1
542 543 1
542 545 2
542 570 1
544 545 1
547 550 2
550 553 1
551 553 1
553 554 1
553 555 1
553 571 1
554 556 1
554 557 1
555 556 1
555 558 1
555 560 1
556 569 2
559 564 1
560 561 2
560 563 1
560 571 1
561 563 1
563 567 1
565 572 1
566 571 1
571 572 1
573 574 3
573 575 1
574 575 1
574 577 1
575 576 1
579 581 1
580 584 1
582 585 1
582 594 1
584 585 1
584 594 1
586 593 2
586 596 1
587 590 1
588 590 1
589 597 1
593 594 1
593 595 1
593 596 1
598 601 1
598 602 1
598 607 1
600 601 1
601 609 1
602 604 1
602 606 1
603 613 1
605 606 1
605 608 1
608 609 1
609 611 1
610 666 2
611 614 2
613 614 2
620 621 1
621 624 1
621 625 1
621 670 1
622 623 1
622 629 1
622 678 1
622 686 1
622 688 4
622 692 1
623 631 1
624 625 1
624 628 2
624 629 3
624 684 1
625 626 1
625 629 2
626 652 2
626 654 1
626 670 1
626 678 2
627 648 1
627 684 1
628 664 1
629 644 1
629 678 1
631 632 2
631 633 1
632 633 1
632 636 1
637 638 1
638 649 1
638 650 1
639 640 1
642 643 2
644 645 2
645 648 1
645 649 1
646 647 1
646 651 1
646 653 1
647 648 3
647 651 1
648 649 1
651 652 2
651 654 7
652 654 2
653 654 1
655 658 1
655 659 1
655 660 1
655 661 1
656 658 1
656 661 2
656 662 1
656 663 1
656 672 2
658 661 1
658 663 1
658 668 1
659 660 2
660 661 1
660 662 1
662 663 1
663 667 1
663 669 1
664 666 1
665 667 1
666 667 2
667 668 1
667 672 1
667 673 1
668 670 2
668 676 1
669 670 1
669 678 1
669 679 1
670 671 1
670 687 2
671 674 1
671 681 2
672 674 1
672 693 1
674 675 1
674 679 1
674 680 1
675 676 1
675 680 1
678 680 1
680 681 1
680 686 1
681 683 1
682 683 1
682 685 1
682 687 1
683 685 1
684 685 1
684 686 3
685 692 1
686 687 1
686 747 1
686 1052 1
687 688 1
687 1051 2
687 1052 1
688 727 1
689 739 1
689 748 1
690 691 1
690 693 1
690 729 2
691 693 2
691 724 2
692 693 1
692 739 1
693 705 2
694 697 2
694 699 1
694 704 1
694 705 2
696 698 1
696 712 1
698 701 1
699 707 1
699 721 1
699 722 1
700 701 1
700 713 3
701 715 1
704 705 1
704 706 1
704 709 1
704 729 1
705 706 1
705 710 1
706 728 1
707 708 1
708 709 1
708 713 2
708 719 1
709 730 1
710 716 1
710 718 1
711 717 1
712 713 1
712 717 1
714 715 1
714 722 1
715 729 1
716 1053 1
718 721 1
718 722 1
718 730 1
719 721 1
719 722 1
719 723 1
722 726 2
722 729 1
723 728 2
723 729 1
723 731 1
723 733 1
724 725 1
724 726 1
724 729 1
724 732 1
725 729 1
725 736 1
725 737 1
726 728 1
726 729 1
727 738 1
727 739 1
727 740 1
728 729 1
729 731 1
732 733 1
733 734 2
734 787 2
737 787 1
738 739 1
738 789 1
740 741 4
740 1053 1
741 748 1
741 1052 1
742 743 1
743 745 1
743 746 1
743 769 2
743 771 1
744 745 2
744 746 1
744 1049 2
744 1050 1
745 749 1
745 750 1
746 754 1
747 750 1
747 754 1
747 756 1
748 749 1
748 1053 1
750 753 1
750 868 1
751 753 2
751 765 1
751 766 1
753 754 1
753 755 1
753 759 1
753 762 1
754 755 2
754 756 2
754 760 1
754 763 1
755 759 1
756 759 1
759 883 1
760 764 2
760 1073 2
760 1076 2
761 762 1
761 763 2
761 764 1
761 768 1
761 867 1
761 1222 2
762 763 5
762 866 3
762 1073 1
763 867 2
763 1074 2
763 1223 1
764 765 1
764 766 1
764 767 1
764 956 1
764 1220 1
765 766 1
765 1222 2
766 769 2
768 1049 1
768 1218 1
769 770 1
769 1081 1
770 771 1
770 779 1
771 911 1
772 781 1
772 951 1
772 954 1
772 1080 2
772 1081 1
772 1220 1
773 775 1
773 1088 1
773 1470 1
775 1090 1
776 777 1
776 778 1
776 1091 1
777 778 1
777 779 1
778 945 1
778 947 1
778 949 1
778 1089 1
779 780 1
779 782 1
779 912 1
781 783 1
781 1470 1
782 783 1
782 784 2
782 785 1
782 786 1
782 797 1
782 799 2
784 785 2
784 802 1
786 799 1
788 789 1
789 801 1
790 799 1
790 801 1
790 802 1
790 1043 1
791 798 1
793 795 1
794 802 2
794 810 1
794 811 1
795 796 1
795 798 1
796 798 1
797 801 1
797 811 1
798 802 1
803 804 2
803 810 2
807 808 1
809 812 1
810 1034 1
812 813 1
813 820 2
813 1022 1
813 1045 1
814 815 1
814 1023 1
815 820 1
816 834 1
817 1009 1
818 819 2
818 822 2
818 1020 1
819 1009 1
819 1024 1
823 827 1
823 959 1
823 1028 1
824 960 1
824 1010 1
824 1033 5
826 827 1
826 835 1
826 1014 1
827 829 1
827 1028 1
828 831 1
828 845 1
829 849 1
829 1002 1
830 846 1
832 1011 1
835 838 1
836 837 3
836 838 1
836 1017 2
837 838 1
838 841 1
838 1018 1
839 841 1
840 842 2
841 1016 1
841 1018 1
843 1018 1
845 848 1
847 848 1
848 1028 1
848 1039 1
849 1001 1
849 1029 1
849 1034 1
850 851 1
850 852 1
852 855 1
854 856 1
855 856 1
856 960 2
857 858 1
857 860 1
857 984 1
857 1028 1
857 1032 2
858 860 1
858 1033 1
859 860 4
859 861 1
860 865 1
860 959 1
861 862 1
861 863 1
861 961 1
862 863 1
862 865 1
862 870 1
862 871 1
862 1227 1
863 868 1
863 1228 1
863 1233 1
864 865 2
864 867 1
864 868 3
864 869 1
864 870 1
864 1227 1
865 868 3
866 1223 1
866 1226 1
867 1222 1
869 870 1
869 871 3
869 872 2
870 871 1
870 873 2
870 883 1
871 874 3
871 876 1
871 877 1
872 875 1
872 1227 1
873 874 1
873 1225 2
873 1252 2
874 875 1
874 877 1
875 876 3
875 879 1
876 879 3
876 883 1
877 880 1
877 883 1
878 879 1
878 884 1
879 880 2
880 881 3
880 884 1
882 883 1
884 885 1
884 886 1
885 886 1
886 1063 1
888 893 2
888 1076 1
889 894 2
892 893 1
892 894 1
892 898 1
893 1059 1
893 1062 1
893 1076 1
894 895 1
894 897 1
894 1058 1
894 1061 1
895 896 2
895 903 1
895 1072 1
896 1072 1
897 899 1
897 1073 1
897 1074 1
899 900 1
899 1057 1
900 901 1
900 902 1
900 908 1
900 1062 2
901 902 1
901 905 1
901 907 1
901 1068 1
901 1069 2
901 1070 3
901 1071 1
902 903 1
902 907 1
902 914 1
902 1071 1
903 905 1
903 906 1
903 1064 1
904 905 3
904 906 1
905 906 4
905 907 1
906 907 1
906 1072 1
907 908 1
907 1472 1
907 1474 1
909 912 3
909 1084 1
910 911 1
910 912 1
910 913 1
910 1081 1
911 912 1
912 916 1
913 914 1
913 915 1
914 915 1
914 917 1
914 1083 1
915 917 1
916 918 1
916 1060 1
917 918 2
917 922 1
918 928 1
919 920 2
919 924 1
926 929 1
928 929 1
930 932 1
930 933 1
931 935 2
932 933 3
932 935 2
933 934 1
933 935 1
934 935 1
936 937 2
936 938 2
936 943 1
937 939 1
937 940 2
938 939 3
940 942 1
941 942 2
942 943 1
943 944 2
943 945 2
944 947 1
945 946 1
946 948 1
950 1210 1
950 1217 1
951 952 4
951 954 1
952 953 1
953 955 2
953 960 1
954 956 2
954 1217 1
955 956 1
955 957 1
955 1215 1
955 1223 1
956 957 2
956 958 1
956 959 1
956 1003 3
957 1005 2
957 1208 1
957 1222 1
958 959 1
958 1001 1
959 1000 1
959 1003 2
959 1009 1
960 961 1
960 996 1
961 962 1
961 1002 1
961 1004 1
962 963 4
963 964 1
963 981 1
964 973 1
964 989 1
965 966 1
966 967 1
966 969 2
967 968 2
968 969 1
968 973 1
969 975 2
970 972 2
970 975 1
970 976 1
971 973 2
971 976 3
971 979 1
971 1234 1
972 973 2
973 974 2
973 975 1
973 978 1
974 977 2
975 981 1
975 1192 1
976 979 3
976 981 1
976 982 1
977 978 4
977 979 1
978 979 1
978 980 1
978 1192 2
978 1234 1
979 981 1
980 1095 1
980 1191 1
981 982 1
981 1193 1
982 986 2
982 987 1
983 984 1
983 986 1
983 988 1
984 985 1
984 986 1
984 988 1
985 990 1
985 1003 1
985 1107 1
985 1256 1
986 988 1
986 1198 1
987 988 1
987 990 1
988 989 2
988 990 2
988 994 1
988 1101 1
988 1255 1
989 990 3
989 991 1
989 1100 1
989 1254 1
990 991 2
990 1256 1
991 992 2
991 1094 1
992 993 1
993 1005 1
993 1007 1
994 996 1
994 997 2
994 999 3
994 1201 1
995 996 1
995 997 1
995 999 1
996 998 2
996 999 1
996 1007 1
997 998 1
997 999 1
998 1006 2
998 1201 2
999 1006 1
999 1206 1
1000 1028 1
1000 1205 1
1001 1003 1
1001 1195 1
1002 1004 2
1002 1194 1
1002 1232 1
1003 1004 1
1003 1005 2
1005 1009 1
1005 1017 1
1005 1093 1
1005 1207 1
1007 1010 1
1009 1021 1
1011 1012 1
1011 1014 1
1011 1019 1
1011 1027 1
1012 1013 2
1012 1014 1
1014 1016 1
1015 1017 1
1015 1031 1
1017 1018 1
1018 1019 1
1020 1021 1
1020 1031 1
1022 1023 2
1022 1026 1
1023 1024 1
1023 1026 1
1023 1027 1
1024 1025 1
1024 1046 1
1026 1027 1
1026 1032 1
1028 1029 2
1030 1031 1
1032 1035 1
1032 1039 1
1034 1035 4
1034 1036 2
1034 1039 1
1034 1042 1
1035 1036 2
1036 1042 2
1040 1042 1
1041 1043 1
1041 1047 3
1042 1048 1
1043 1045 1
1044 1047 1
1045 1046 1
1045 1049 1
1047 1049 1
1048 1060 1
1049 1050 1
1053 1054 1
1055 1056 1
1056 1059 1
1058 1062 1
1058 1065 1
1059 1061 1
1059 1062 1
1059 1070 1
1060 1061 2
1061 1062 1
1063 1065 1
1063 1066 5
1067 1068 2
1067 1069 2
1067 1076 1
1068 1069 1
1071 1072 2
1073 1074 1
1073 1079 1
1074 1076 1
1074 1077 1
1075 1078 1
1080 1081 1
1081 1082 1
1081 1085 1
1082 1085 3
1082 1086 1
1083 1471 1
1084 1085 2
1084 1087 1
1084 1471 1
1085 1088 1
1086 1087 1
1091 1217 1
1092 1093 2
1092 1209 1
1092 1266 2
1093 1095 2
1093 1202 1
1093 1204 1
1094 1095 4
1094 1096 1
1094 1097 1
1095 1096 2
1095 1097 2
1096 1097 1
1096 1258 1
1097 1098 1
1098 1264 3
1098 1265 1
1098 1271 1
1099 1104 1
1099 1265 1
1099 1271 1
1100 1102 1
1100 1263 1
1101 1102 1
1101 1257 1
1101 1260 1
1102 1106 2
1103 1104 2
1103 1106 1
1104 1105 2
1105 1110 1
1106 1107 2
1106 1110 1
1106 1256 1
1107 1108 3
1107 1516 1
1108 1109 1
1108 1110 1
1108 1257 2
1109 1110 1
1109 1111 1
1110 1112 2
1110 1514 1
1111 1112 2
1111 1113 1
1111 1118 1
1112 1113 2
1112 1124 1
1113 1114 2
1113 1115 1
1113 1118 1
1114 1115 1
1114 1116 2
1114 1118 1
1114 1121 1
1114 1124 1
1115 1116 1
1115 1121 2
1115 1124 1
1117 1118 1
1117 1130 2
1118 1119 1
1119 1120 1
1120 1121 1
1123 1130 1
1124 1125 2
1124 1126 2
1124 1128 1
1124 1129 1
1124 1143 2
1126 1127 1
1127 1132 2
1130 1131 1
1130 1141 1
1130 1142 1
1131 1143 1
1132 1133 1
1132 1142 1
1133 1134 2
1134 1141 1
1134 1145 1
1135 1153 2
1136 1150 1
1136 1155 1
1137 1146 1
1137 1154 1
1137 1155 2
1138 1148 1
1138 1157 1
1138 1160 1
1140 1145 1
1140 1146 1
1141 1144 1
1141 1145 1
1142 1144 1
1147 1157 1
1148 1155 3
1149 1151 1
1150 1151 1
1154 1157 1
1155 1156 1
1155 1157 1
1155 1159 1
1156 1157 1
1156 1158 1
1156 1159 1
1157 1158 1
1157 1159 1
1159 1161 2
1160 1161 1
1163 1164 1
1163 1168 1
1163 1170 1
1164 1165 1
1167 1171 1
1168 1170 1
1170 1172 1
1174 1175 2
1174 1182 2
1174 1183 1
1175 1176 1
1175 1179 1
1176 1177 1
1177 1178 1
1178 1183 1
1179 1180 1
1179 1182 1
1179 1183 1
1180 1181 1
1180 1183 2
1180 1185 1
1181 1183 1
1184 1185 2
1184 1188 1
1186 1187 1
1186 1188 1
1187 1188 6
1188 1189 1
1189 1190 5
1189 1191 2
1189 1192 1
1189 1193 1
1190 1191 2
1190 1193 2
1191 1192 1
1191 1193 1
1191 1195 1
1192 1193 2
1192 1194 1
1194 1195 3
1195 1197 1
1197 1198 1
1198 1199 1
1198 1200 2
1199 1200 2
1201 1203 3
1201 1204 1
1205 1206 1
1208 1209 2
1210 1213 1
1210 1215 2
1210 1217 1
1211 1214 1
1211 1216 1
1212 1213 1
1212 1214 1
1212 1219 1
1213 1214 2
1213 1215 1
1213 1219 1
1214 1215 2
1214 1218 1
1214 1220 1
1214 1266 1
1215 1219 2
1216 1217 3
1216 1266 1
1217 1218 2
1217 1219 2
1218 1219 1
1220 1221 2
1220 1222 1
1221 1222 1
1222 1223 6
1224 1225 2
1224 1226 1
1225 1226 3
1225 1261 1
1227 1231 2
1228 1229 1
1229 1230 1
1230 1231 1
1230 1233 1
1232 1237 1
1233 1234 2
1233 1236 1
1234 1235 2
1234 1236 1
1235 1236 2
1236 1237 5
1236 1238 1
1237 1240 1
1237 1250 2
1240 1241 2
1241 1250 2
1243 1246 1
1243 1247 1
1247 1248 1
1247 1251 1
1248 1249 2
1249 1250 1
1249 1252 1
1250 1252 1
1252 1253 2
1254 1258 2
1255 1256 2
1255 1259 1
1256 1257 1
1256 1258 2
1256 1259 3
1256 1260 2
1257 1258 1
1258 1259 1
1258 1261 1
1259 1261 1
1260 1262 2
1260 1266 1
1261 1262 2
1261 1265 1
1262 1263 1
1264 1265 4
1264 1266 1
1266 1267 1
1266 1269 1
1266 1270 3
1267 1279 1
1268 1269 2
1268 1270 1
1268 1271 1
1268 1272 1
1268 1273 1
1270 1271 1
1270 1273 1
1271 1273 1
1272 1273 1
1272 1276 1
1274 1275 1
1274 1276 4
1274 1284 1
1275 1276 1
1275 1277 1
1275 1278 1
1275 1280 1
1276 1277 2
1276 1282 1
1277 1278 1
1277 1279 1
1277 1280 1
1277 1286 1
1278 1279 1
1278 1280 1
1278 1285 1
1279 1285 1
1279 1447 1
1279 1450 1
1280 1283 3
1280 1304 1
1281 1282 1
1281 1303 1
1281 1305 2
1281 1306 1
1282 1284 1
1282 1286 1
1282 1307 1
1282 1334 1
1284 1285 1
1284 1286 1
1284 1289 1
1285 1286 1
1286 1287 3
1286 1294 1
1286 1447 2
1287 1288 1
1287 1291 1
1287 1305 1
1288 1289 3
1288 1290 1
1288 1447 1
1289 1290 1
1289 1296 1
1290 1291 1
1290 1292 2
1290 1447 1
1291 1294 2
1291 1296 1
1292 1293 1
1293 1295 4
1293 1298 2
1293 1304 1
1293 1450 1
1294 1295 4
1295 1297 1
1296 1297 1
1297 1298 1
1297 1299 6
1298 1299 1
1298 1300 1
1298 1301 1
1298 1444 2
1299 1325 1
1299 1442 1
1300 1301 2
1300 1302 1
1301 1302 1
1302 1303 1
1303 1451 1
1303 1453 1
1304 1305 3
1304 1306 1
1304 1307 2
1305 1330 1
1305 1450 1
1306 1307 2
1306 1330 1
1306 1333 2
1307 1333 1
1307 1453 1
1309 1310 1
1309 1312 1
1310 1324 1
1311 1323 1
1312 1313 1
1312 1328 1
1313 1314 1
1314 1324 1
1314 1325 1
1315 1316 1
1316 1318 1
1316 1319 2
1317 1319 1
1318 1319 1
1319 1323 1
1320 1323 1
1321 1322 1
1321 1323 2
1322 1323 1
1325 1326 1
1325 1330 1
1326 1329 1
1327 1328 1
1328 1329 1
1328 1333 1
1329 1330 1
1329 1331 1
1330 1331 1
1331 1332 5
1331 1333 1
1332 1334 2
1335 1336 1
1335 1337 2
1335 1338 1
1336 1501 1
1337 1338 5
1337 1501 2
1337 1502 1
1338 1339 1
1339 1341 1
1339 1342 1
1339 1426 1
1340 1341 1
1340 1342 1
1341 1342 3
1341 1344 1
1341 1346 1
1341 1418 2
1342 1344 1
1342 1355 1
1343 1346 1
1344 1345 2
1346 1352 1
1346 1355 2
1347 1348 1
1347 1355 1
1348 1353 1
1348 1357 2
1349 1353 1
1349 1357 1
1349 1363 1
1350 1357 2
1350 1359 1
1350 1360 1
1350 1363 1
1351 1352 2
1351 1354 1
1351 1357 1
1351 1359 1
1352 1353 2
1353 1354 1
1353 1357 1
1354 1357 1
1354 1407 1
1357 1358 1
1357 1359 1
1357 1363 1
1358 1362 1
1358 1363 1
1358 1406 1
1359 1387 1
1359 1406 1
1359 1407 1
1359 1413 1
1360 1362 1
1360 1389 1
1361 1365 1
1362 1369 2
1362 1371 1
1362 1387 1
1363 1386 1
1363 1412 1
1364 1414 1
1366 1367 2
1366 1381 1
1366 1385 1
1367 1379 1
1368 1373 3
1368 1380 2
1369 1372 1
1369 1373 1
1370 1371 1
1370 1372 1
1371 1373 1
1372 1374 1
1373 1379 1
1373 1380 1
1374 1375 1
1374 1376 1
1374 1378 1
1374 1379 1
1374 1380 2
1375 1378 2
1377 1379 1
1380 1402 1
1382 1386 1
1382 1411 1
1383 1384 2
1384 1386 1
1385 1392 1
1385 1393 1
1386 1388 2
1386 1389 1
1386 1406 1
1386 1413 2
1387 1407 1
1388 1411 1
1389 1407 1
1389 1413 1
1390 1398 1
1390 1402 1
1390 1407 2
1390 1408 1
1390 1409 1
1391 1405 2
1391 1408 1
1391 1412 2
1391 1414 1
1393 1406 1
1394 1404 2
1394 1408 1
1395 1398 2
1396 1397 2
1397 1400 2
1397 1404 1
1398 1405 1
1398 1416 1
1399 1403 1
1399 1404 1
1399 1417 1
1400 1404 1
1400 1408 1
1400 1411 1
1400 1415 1
1400 1416 1
1401 1402 1
1401 1405 1
1402 1405 1
1403 1404 1
1403 1407 1
1404 1405 1
1405 1406 2
1405 1408 1
1406 1408 1
1406 1410 3
1406 1413 2
1406 1416 1
1408 1409 1
1408 1413 2
1408 1416 2
1409 1416 2
1410 1414 1
1411 1413 3
1411 1414 2
1414 1419 2
1415 1416 2
1415 1417 1
1416 1419 1
1417 1418 1
1417 1420 3
1418 1420 1
1419 1420 1
1419 1425 1
1421 1422 1
1421 1426 1
1422 1423 1
1422 1425 1
1422 1508 1
1423 1424 1
1423 1425 3
1423 1522 1
1424 1522 1
1425 1426 1
1425 1524 1
1426 1427 1
1426 1428 1
1427 1428 1
1427 1429 2
1428 1431 3
1429 1430 1
1429 1431 1
1430 1431 1
1430 1432 3
1430 1433 1
1430 1436 1
1431 1432 4
1432 1433 1
1432 1440 1
1433 1434 1
1433 1435 1
1438 1439 1
1438 1454 1
1438 1498 1
1439 1440 3
1439 1443 2
1439 1446 1
1440 1442 2
1440 1455 1
1441 1442 2
1441 1444 2
1442 1443 1
1442 1444 1
1442 1445 1
1443 1444 1
1444 1445 1
1445 1446 2
1445 1447 1
1446 1447 4
1446 1448 1
1446 1449 1
1446 1450 1
1447 1450 1
1449 1450 1
1450 1451 3
1450 1456 1
1451 1452 6
1451 1455 2
1452 1453 2
1452 1455 2
1452 1457 1
1452 1458 1
1453 1454 1
1454 1455 1
1455 1456 1
1455 1458 2
1456 1461 1
1457 1458 1
1458 1460 1
1458 1462 1
1458 1466 1
1459 1460 1
1460 1462 2
1461 1463 1
1461 1466 1
1461 1472 1
1461 1502 1
1462 1465 1
1462 1469 1
1462 1470 1
1462 1473 1
1462 1475 1
1462 1477 1
1463 1464 2
1463 1465 1
1463 1467 1
1463 1472 1
1463 1475 1
1464 1466 1
1464 1467 1
1464 1471 2
1465 1466 1
1465 1467 2
1465 1468 1
1465 1470 2
1465 1471 1
1465 1472 1
1466 1470 1
1467 1469 1
1467 1470 1
1468 1469 1
1469 1471 1
1472 1473 1
1472 1477 1
1473 1474 1
1475 1476 1
1475 1477 1
1475 1504 1
1477 1478 1
1477 1479 1
1478 1479 1
1478 1481 1
1478 1501 1
1478 1502 1
1479 1480 1
1480 1481 1
1480 1488 1
1481 1482 1
1481 1487 1
1482 1483 2
1482 1486 1
1482 1489 4
1485 1488 1
1486 1490 1
1487 1488 4
1489 1490 1
1490 1491 2
1490 1492 3
1491 1493 2
1492 1493 2
1493 1495 1
1493 1496 2
1493 1497 2
1494 1496 2
1496 1498 2
1497 1499 1
1497 1505 1
1499 1500 3
1499 1501 1
1499 1502 2
1499 1503 1
1500 1501 1
1501 1502 5
1502 1504 1
1503 1505 1
1503 1506 1
1503 1508 1
1504 1505 2
1504 1506 1
1504 1508 1
1505 1506 2
1506 1507 1
1506 1508 3
1507 1508 1
1508 1509 1
1509 1512 2
1510 1512 1
1511 1512 1
1512 1515 1
1513 1514 3
1513 1518 1
1513 1519 1
1514 1515 4
1514 1516 1
1515 1516 3
1516 1517 2
1518 1520 2
1519 1520 1
1521 1522 3
