0.000000e+00
0.000000e+00
0.000000e+00
0.000000e+00
0.000000e+00
0.000000e+00
0.000000e+00
0.000000e+00
0.000000e+00
0.000000e+00
0.000000e+00
0.000000e+00
0.000000e+00
0.000000e+00
0.000000e+00
0.000000e+00
0.000000e+00
0.000000e+00
0.000000e+00
0.000000e+00
0.000000e+00
0.000000e+00
0.000000e+00
0.000000e+00
0.000000e+00
0.000000e+00
0.000000e+00
0.000000e+00
0.000000e+00
0.000000e+00
2.885383e+02
4.309107e+02
9.179723e+02
8.375338e+02
1.470189e+03
1.982566e+03
2.910214e+03
2.117122e+03
2.464075e+03
3.343523e+03
2.128526e+03
2.474545e+03
1.600194e+03
1.903026e+03
2.420578e+03
2.719330e+03
2.104481e+03
2.031407e+03
2.348773e+03
1.810135e+03
1.131018e+03
1.643036e+03
1.332362e+03
1.327194e+03
2.297200e+03
1.884011e+03
2.449473e+03
2.568664e+03
2.013558e+03
1.253882e+03
2.103729e+03
1.281174e+03
2.780720e+03
1.921878e+03
2.804311e+03
2.164166e+03
1.811814e+03
2.132267e+03
1.913604e+03
2.260534e+03
1.702189e+03
1.556820e+03
1.260896e+03
1.101977e+03
1.268097e+03
1.772183e+03
1.202178e+03
1.183215e+03
1.417596e+03
2.444194e+03
1.864251e+03
1.696018e+03
1.828128e+03
1.775034e+03
1.369428e+03
2.336767e+03
1.764461e+03
2.693077e+03
2.170499e+03
2.201670e+03
2.195208e+03
1.761884e+03
2.206894e+03
2.450440e+03
2.804473e+03
2.119313e+03
3.098941e+03
2.300419e+03
1.471766e+03
2.054724e+03
1.704567e+03
1.599859e+03
2.379087e+03
2.490587e+03
1.565983e+03
2.270059e+03
1.735636e+03
2.227139e+03
2.461857e+03
2.470788e+03
2.405441e+03
2.490854e+03
3.740879e+03
2.682265e+03
3.109897e+03
4.203564e+03
2.372798e+03
3.149138e+03
3.255419e+03
2.738126e+03
2.381403e+03
2.006548e+03
1.713994e+03
1.927763e+03
1.819863e+03
1.815519e+03
2.580812e+03
2.278794e+03
1.610451e+03
2.001916e+03
1.588182e+03
1.787158e+03
2.041774e+03
2.118072e+03
1.919500e+03
2.267469e+03
1.812091e+03
2.190723e+03
2.315502e+03
1.728274e+03
1.167393e+03
8.819298e+02
1.504837e+03
1.224820e+03
1.659886e+03
2.300014e+03
1.670539e+03
2.101881e+03
2.198634e+03
2.227383e+03
1.774153e+03
2.712943e+03
2.470018e+03
2.619892e+03
1.500688e+03
2.356645e+03
2.222095e+03
2.049514e+03
2.031460e+03
2.662570e+03
1.553379e+03
2.088829e+03
1.517886e+03
1.417260e+03
1.786971e+03
1.633077e+03
1.674456e+03
1.796518e+03
1.107583e+03
1.663002e+03
1.241886e+03
1.626908e+03
1.680501e+03
1.662412e+03
1.486192e+03
1.626750e+03
1.667662e+03
9.583614e+02
1.526769e+03
1.771963e+03
1.532736e+03
2.366741e+03
1.369096e+03
1.967243e+03
1.297064e+03
1.519986e+03
1.581123e+03
1.423414e+03
1.493101e+03
3.604165e+03
1.636470e+03
1.535151e+03
1.672565e+03
1.916948e+03
1.508069e+03
1.415212e+03
2.838423e+03
2.063066e+03
1.470687e+03
2.297939e+03
1.276766e+03
1.338805e+03
1.460206e+03
1.941750e+03
1.275339e+03
1.792725e+03
1.698012e+03
1.984419e+03
1.744613e+03
1.696287e+03
1.511036e+03
1.123253e+03
1.417219e+03
1.577768e+03
1.466059e+03
1.346148e+03
2.751829e+03
2.655382e+03
2.628881e+03
2.650345e+03
2.708776e+03
2.190391e+03
2.348391e+03
1.624214e+03
2.034307e+03
1.760746e+03
1.799056e+03
1.422919e+03
1.817954e+03
1.840557e+03
1.320688e+03
1.260639e+03
1.328889e+03
1.614455e+03
1.421667e+03
1.533384e+03
2.153645e+03
1.746912e+03
1.667886e+03
2.287693e+03
1.487018e+03
1.045530e+03
1.233302e+03
1.710436e+03
1.544215e+03
2.505440e+03
1.826440e+03
1.961161e+03
1.698953e+03
2.208266e+03
1.601927e+03
1.207141e+03
1.903902e+03
1.601500e+03
1.356786e+03
1.495190e+03
2.454816e+03
1.934172e+03
1.494720e+03
1.322099e+03
1.332160e+03
1.081276e+03
1.770043e+03
1.728034e+03
1.873131e+03
9.962305e+02
1.396037e+03
1.517004e+03
1.756709e+03
1.907250e+03
1.734289e+03
1.719418e+03
1.713182e+03
1.493465e+03
1.435820e+03
1.508780e+03
1.152724e+03
1.259687e+03
1.174611e+03
1.568300e+03
1.383789e+03
1.601203e+03
1.560000e+03
1.794961e+03
1.657257e+03
1.676998e+03
1.424084e+03
1.630450e+03
1.462162e+03
1.787285e+03
1.815624e+03
2.256895e+03
1.191876e+03
1.402977e+03
1.536108e+03
1.076565e+03
1.291179e+03
1.121467e+03
1.231991e+03
1.174936e+03
1.255475e+03
1.309277e+03
1.192074e+03
1.126417e+03
1.469992e+03
1.463134e+03
1.084285e+03
1.149155e+03
1.124204e+03
1.578393e+03
1.633698e+03
1.897360e+03
2.083894e+03
1.897863e+03
1.261018e+03
5.763654e+02
2.264919e+03
2.040597e+03
2.184515e+03
2.188290e+03
1.766704e+03
2.106296e+03
1.932663e+03
2.288254e+03
2.492153e+03
1.603228e+03
2.586385e+03
2.034428e+03
1.920109e+03
2.221260e+03
2.637936e+03
2.128428e+03
1.909120e+03
3.163804e+03
2.964062e+03
1.701826e+03
2.178235e+03
2.370598e+03
2.169310e+03
2.302963e+03
2.557027e+03
1.667715e+03
0.000000e+00
1.267198e+03
2.047606e+03
2.140333e+03
2.878006e+03
2.885647e+03
2.695581e+03
2.454092e+03
1.972637e+03
1.882774e+03
1.811325e+03
2.210375e+03
1.668422e+03
1.675570e+03
1.228141e+03
1.925025e+03
1.884447e+03
1.873772e+03
1.602964e+03
1.846006e+03
1.924406e+03
1.477447e+03
1.372132e+03
1.721260e+03
1.195673e+03
1.280755e+03
1.269297e+03
1.599051e+03
1.322454e+03
1.312253e+03
1.328909e+03
1.113008e+03
1.407297e+03
1.060481e+03
8.863495e+02
1.217367e+03
1.280559e+03
1.159396e+03
1.340419e+03
1.522967e+03
1.334105e+03
1.423611e+03
1.332252e+03
1.322509e+03
1.303278e+03
1.338656e+03
1.208922e+03
1.318015e+03
1.369354e+03
1.176606e+03
1.264650e+03
1.807336e+03
1.945982e+03
1.832699e+03
1.835185e+03
1.367973e+03
1.643539e+03
1.648123e+03
1.793576e+03
2.233286e+03
2.387662e+03
2.302359e+03
1.872954e+03
2.557177e+03
1.793230e+03
2.620544e+03
2.014519e+03
2.304210e+03
2.150282e+03
2.266262e+03
2.348912e+03
1.918587e+03
1.911842e+03
2.502836e+03
1.676305e+03
1.283008e+03
1.200652e+02
8.670064e+01
0.000000e+00
0.000000e+00
1.632525e+02
0.000000e+00
0.000000e+00
0.000000e+00
0.000000e+00
0.000000e+00
8.886700e+02
1.976675e+03
2.559419e+03
1.901200e+03
2.490420e+03
2.556895e+03
1.627667e+03
1.907395e+03
2.236519e+03
1.827218e+03
2.289102e+03
1.896138e+03
2.577583e+03
2.815667e+03
1.573569e+03
1.810172e+03
1.881924e+03
1.841889e+03
2.101176e+03
3.323041e+03
3.153708e+03
1.777514e+03
2.460103e+03
2.350840e+03
1.590737e+03
2.498359e+03
1.973167e+03
2.479495e+03
1.988464e+03
2.627192e+03
2.001487e+03
2.359511e+03
2.106786e+03
2.348778e+03
1.786256e+03
1.516578e+03
2.851173e+03
1.632176e+03
1.786763e+03
2.115955e+03
1.997663e+03
1.585774e+03
1.702752e+03
2.222058e+03
1.913283e+03
1.594388e+03
2.014930e+03
1.856562e+03
1.988308e+03
1.983038e+03
1.810362e+03
2.022266e+03
2.085881e+03
2.117649e+03
2.026357e+03
2.445108e+03
2.433259e+03
2.405742e+03
2.686732e+03
2.082418e+03
1.578419e+03
2.821645e+03
1.925247e+03
1.977983e+03
2.006885e+03
1.207319e+03
1.092140e+03
1.950936e+03
1.790597e+03
1.782965e+03
1.595583e+03
1.820029e+03
1.464470e+03
1.650078e+03
1.498992e+03
1.299996e+03
1.562070e+03
1.008418e+03
1.367434e+03
1.103984e+03
1.429033e+03
1.374863e+03
1.174807e+03
1.043283e+03
1.514469e+03
1.295896e+03
1.487039e+03
1.488737e+03
1.481812e+03
1.546664e+03
1.193251e+03
1.553990e+03
1.599755e+03
1.371077e+03
1.331580e+03
1.869442e+03
1.841627e+03
1.701411e+03
2.045079e+03
1.562648e+03
1.532801e+03
2.276669e+03
2.199567e+03
2.190919e+03
2.306619e+03
1.364779e+03
2.091900e+03
1.898468e+03
1.832134e+03
2.768181e+03
1.964359e+03
1.573030e+03
1.927502e+03
1.623316e+03
1.408196e+03
2.012530e+03
1.310954e+03
1.594129e+03
1.271908e+03
1.606686e+03
1.818725e+03
1.642366e+03
2.050590e+03
2.023097e+03
1.650776e+03
1.574087e+03
1.901527e+03
1.795754e+03
2.012902e+03
2.311309e+03
1.642369e+03
2.133013e+03
1.274293e+03
1.994977e+03
1.734092e+03
1.870288e+03
1.622393e+03
1.417525e+03
1.668051e+03
1.709210e+03
2.241126e+03
2.297477e+03
2.136315e+03
1.965541e+03
2.528282e+03
2.406925e+03
2.544212e+03
2.669694e+03
2.204540e+03
2.202344e+03
1.687790e+03
2.310149e+03
1.754549e+03
2.068376e+03
1.558945e+03
1.992280e+03
2.025582e+03
2.041938e+03
1.723192e+03
1.636156e+03
2.542722e+03
2.404853e+03
1.611260e+03
2.475004e+03
2.099001e+03
1.995540e+03
1.873326e+03
2.266060e+03
2.154913e+03
1.989428e+03
2.145920e+03
1.706088e+03
6.076813e+02
2.881274e+02
3.981225e+01
4.456156e+01
4.864952e+02
1.860022e+02
3.576845e+01
3.375966e+00
0.000000e+00
0.000000e+00
0.000000e+00
1.187109e+01
9.542223e+00
5.342657e+00
1.919649e+01
6.067366e+02
3.351742e+01
1.985003e+02
1.954622e+03
1.370687e+03
1.536058e+03
1.589820e+03
2.025094e+03
2.771751e+03
2.906777e+03
1.871010e+03
2.804983e+03
1.982215e+03
1.933056e+03
2.155572e+03
1.570133e+03
2.044142e+03
1.988830e+03
1.416304e+03
2.040457e+03
1.833558e+03
1.421011e+03
2.082660e+03
1.696591e+03
1.837232e+03
2.193914e+03
1.170311e+03
1.777701e+03
1.646127e+03
1.564621e+03
1.157720e+03
1.579013e+03
1.541733e+03
1.295293e+03
1.436137e+03
1.246122e+03
2.113871e+03
1.903862e+03
1.689866e+03
1.482230e+03
1.486741e+03
1.676534e+03
1.721108e+03
1.570918e+03
1.712663e+03
1.559267e+03
1.409861e+03
1.459491e+03
1.648169e+03
1.472623e+03
1.644301e+03
1.200989e+03
1.280074e+03
1.963723e+03
1.648225e+03
1.706100e+03
1.195735e+03
1.155111e+03
9.509164e+02
9.859357e+02
1.073604e+03
1.580635e+03
1.046073e+03
1.244636e+03
1.246924e+03
1.157739e+03
1.471786e+03
1.041822e+03
1.298523e+03
1.394015e+03
1.619108e+03
1.581835e+03
1.348599e+03
1.420831e+03
1.137234e+03
1.091658e+03
1.595108e+03
1.025973e+03
1.375891e+03
1.617571e+03
1.510624e+03
2.187002e+03
1.423861e+03
1.379351e+03
1.426834e+03
1.662085e+03
1.510053e+03
1.752151e+03
1.757387e+03
1.845511e+03
1.557447e+03
1.351068e+03
1.232441e+03
1.088672e+03
1.190348e+03
1.057751e+03
1.197056e+03
9.836652e+02
1.369287e+03
1.567980e+03
1.303602e+03
1.546557e+03
1.033683e+03
1.363825e+03
1.083744e+03
1.140808e+03
1.934455e+03
1.617841e+03
1.372506e+03
9.166252e+02
1.355079e+03
1.598489e+03
1.252931e+03
1.306920e+03
1.255477e+03
1.528019e+03
1.187863e+03
1.241876e+03
1.310737e+03
1.293615e+03
1.409896e+03
6.985979e+01
1.745178e+03
6.523965e+02
1.085670e+03
1.464260e+03
1.420958e+03
1.862174e+03
2.203817e+03
1.647825e+03
1.400611e+03
1.096567e+03
1.326593e+03
1.458807e+03
1.140951e+03
1.421732e+03
1.395387e+03
1.645419e+03
1.624961e+03
1.315940e+03
1.603182e+03
1.315782e+03
1.479848e+03
1.832567e+03
1.396632e+03
1.589437e+03
1.512597e+03
1.745567e+03
1.811786e+03
1.918821e+03
1.773068e+03
1.830529e+03
1.475522e+03
1.830883e+03
1.437549e+03
1.439916e+03
1.302068e+03
2.138942e+03
1.845430e+03
1.709209e+03
1.117833e+03
1.680899e+03
1.274692e+03
1.592143e+03
6.176335e+02
5.439536e+02
6.594591e+02
1.427909e+03
1.117067e+03
1.218545e+03
1.067197e+03
1.346088e+03
1.303118e+03
1.081085e+03
1.269045e+03
1.120651e+03
1.382158e+03
1.517032e+03
1.699439e+03
1.077396e+03
1.412708e+03
1.431312e+03
1.154922e+03
1.678063e+03
1.132258e+03
1.454524e+03
1.593493e+03
8.859319e+02
1.584727e+03
1.451607e+03
1.580052e+03
1.442980e+03
1.506829e+03
1.639199e+03
1.742836e+03
1.541561e+03
1.869874e+03
1.374178e+03
2.163644e+03
1.279975e+03
1.627586e+03
1.966190e+03
1.505054e+03
1.369167e+03
1.891861e+03
1.876253e+03
1.936611e+03
1.879358e+03
2.401544e+03
2.582122e+03
2.095227e+03
1.651023e+03
1.576255e+03
2.128404e+03
2.057622e+03
2.214930e+03
1.695760e+03
2.584021e+03
2.363230e+03
2.348139e+03
1.738761e+03
2.044385e+03
1.874841e+03
1.637551e+03
1.931566e+03
1.340195e+03
1.938776e+03
2.412083e+03
1.859893e+03
2.197217e+03
2.460008e+03
2.172030e+03
1.691044e+03
1.707517e+03
1.854048e+03
1.796478e+03
1.425804e+03
1.933217e+03
1.793104e+03
1.776011e+03
1.810941e+03
1.969242e+03
1.931589e+03
1.679495e+03
1.696558e+03
2.348503e+03
1.769075e+03
2.258146e+03
2.127528e+03
1.668369e+03
1.790892e+03
1.208498e+03
1.720105e+03
1.849167e+03
1.777855e+03
1.945945e+03
2.103438e+03
2.214578e+03
1.456026e+03
2.050518e+03
1.563254e+03
1.440441e+03
1.821830e+03
2.038450e+03
1.764726e+03
1.571263e+03
2.084755e+03
2.055006e+03
1.668320e+03
1.617841e+03
1.852276e+03
1.621181e+03
1.062280e+03
1.649571e+03
2.034798e+03
1.599228e+03
1.861945e+03
1.474993e+03
1.499860e+03
2.110229e+03
1.502104e+03
1.475798e+03
8.945091e+02
9.290393e+02
2.039271e+03
1.474994e+03
1.184942e+03
1.443485e+03
1.144203e+03
1.535872e+03
1.441685e+03
1.657172e+03
1.665479e+03
1.411096e+03
1.168139e+03
1.326804e+03
1.655290e+03
2.230163e+03
2.781669e+03
1.345510e+03
1.195099e+03
1.244594e+03
1.142925e+03
1.213659e+03
1.232764e+03
1.129114e+03
1.458305e+03
1.214454e+03
1.071066e+03
1.218501e+03
1.194141e+03
1.076830e+03
1.035355e+03
1.105186e+03
1.014671e+03
1.137627e+03
1.279551e+03
1.419102e+03
1.647143e+03
1.146869e+03
1.475071e+03
1.442917e+03
1.525637e+03
1.492800e+03
1.502999e+03
1.584730e+03
1.840123e+03
1.412642e+03
2.101723e+03
1.841398e+03
2.282006e+03
1.795299e+03
1.937389e+03
1.786086e+03
1.900890e+03
1.908372e+03
2.249684e+03
1.298206e+03
1.966216e+03
2.242947e+03
1.326666e+03
1.951441e+03
2.091550e+03
1.685921e+03
1.615240e+03
1.505369e+03
2.045662e+03
1.023043e+03
1.200107e+03
1.377329e+03
1.833246e+03
1.502382e+03
1.420230e+03
1.189169e+03
1.392340e+03
1.858068e+03
1.673819e+03
1.427296e+03
1.202678e+03
1.483968e+03
1.453879e+03
1.719235e+03
2.016175e+03
1.938989e+03
2.228409e+03
1.805632e+03
2.057718e+03
1.724801e+03
1.683308e+03
1.997842e+03
1.913099e+03
1.621713e+03
2.338308e+03
2.222879e+03
1.852796e+03
2.550470e+03
2.561052e+03
1.571346e+03
2.329754e+03
2.395863e+03
1.903895e+03
1.618128e+03
1.564522e+03
1.424236e+03
1.855652e+03
1.727872e+03
1.917394e+03
2.017731e+03
1.836471e+03
1.994911e+03
2.004457e+03
1.524894e+03
1.373278e+03
2.002868e+03
1.437496e+03
1.608489e+03
1.804857e+03
2.022874e+03
1.651790e+03
1.932174e+03
2.303498e+03
1.759771e+03
2.118107e+03
1.787573e+03
9.116097e+02
1.521932e+03
1.726466e+03
1.958408e+03
1.599241e+03
2.303742e+03
1.704085e+03
1.944306e+03
1.713655e+03
2.008721e+03
1.959811e+03
1.950779e+03
2.383145e+03
1.826687e+03
1.391013e+03
1.602045e+03
1.642327e+03
1.300522e+03
1.702737e+03
1.690199e+03
1.770605e+03
1.339230e+03
1.815639e+03
1.843996e+03
1.892892e+03
1.697182e+03
1.666770e+03
1.830525e+03
2.090331e+03
1.482233e+03
1.738819e+03
1.510173e+03
1.882309e+03
1.822494e+03
1.764232e+03
2.158900e+03
1.682791e+03
1.805642e+03
1.834221e+03
1.979562e+03
1.832132e+03
1.716357e+03
1.585481e+03
1.862745e+03
2.227535e+03
1.946333e+03
1.526905e+03
1.804190e+03
1.642539e+03
8.619761e+02
1.246671e+03
1.753665e+03
1.940754e+03
1.852660e+03
1.450103e+03
1.811762e+03
1.417464e+03
1.422187e+03
1.848027e+03
1.605323e+03
1.623264e+03
1.616300e+03
1.542411e+03
1.866781e+03
1.418112e+03
2.332720e+03
2.278605e+03
1.952251e+03
1.708834e+03
1.717835e+03
1.893321e+03
2.783259e+03
2.345597e+03
1.895063e+03
2.021788e+03
1.900917e+03
1.730986e+03
1.826209e+03
2.467179e+03
3.101160e+03
2.418185e+03
1.085681e+03
1.919581e+03
1.439059e+03
1.762405e+03
1.462613e+03
1.842338e+03
1.189021e+03
1.574249e+03
1.522865e+03
1.561457e+03
1.284600e+03
1.409690e+03
1.574319e+03
1.501239e+03
1.815803e+03
1.360867e+03
2.288188e+03
2.099475e+03
1.831873e+03
1.034946e+03
5.383474e+02
1.144375e+00
6.099097e+00
9.959610e+00
6.467159e+00
1.157132e+01
1.151291e+03
9.468213e+02
3.023738e+02
2.800306e+02
1.911576e+02
1.531929e+02
1.166053e+02
1.539599e+02
4.701920e+02
4.771979e+02
5.467738e+02
9.343220e+02
5.954817e+02
1.070407e+03
7.982001e+02
1.156674e+03
5.450895e+02
2.058989e+03
1.813293e+03
2.102099e+03
1.901012e+03
2.323700e+03
2.606104e+03
2.699361e+03
2.787470e+03
1.616990e+03
1.001768e+03
9.881582e+02
1.662975e+03
2.046331e+03
1.717941e+03
2.173334e+03
2.313447e+03
1.912445e+03
1.980371e+03
1.983865e+03
1.964388e+03
2.164068e+03
2.452969e+03
1.915188e+03
1.788036e+03
1.316238e+03
1.725706e+03
2.074419e+03
1.793654e+03
1.024584e+03
1.220473e+03
1.876025e+03
1.963867e+03
1.918548e+03
1.438256e+03
1.518425e+03
1.211795e+03
1.323239e+03
1.373514e+03
1.135256e+03
1.066716e+03
1.529280e+03
1.173042e+03
1.281040e+03
1.791396e+03
1.697207e+03
1.146236e+03
1.475271e+03
1.522914e+03
1.382619e+03
1.669640e+03
2.226563e+03
1.655676e+03
1.944660e+03
1.583061e+03
1.528881e+03
1.590936e+03
2.139598e+03
1.930766e+03
1.407900e+03
1.565160e+03
1.599701e+03
2.884388e+03
2.028296e+03
1.945312e+03
2.212478e+03
2.401894e+03
2.219953e+03
2.191086e+03
2.319119e+03
1.622543e+03
1.162458e+03
1.530464e+03
1.330566e+03
1.828460e+03
5.716113e+02
9.124538e+01
1.134506e+03
1.273588e+03
2.188538e+00
0.000000e+00
0.000000e+00
1.894400e-02
8.164343e+02
1.528010e+03
1.030227e+03
2.314596e+03
2.153614e+03
2.151494e+03
2.067112e+03
1.824164e+03
1.410546e+03
2.109626e+03
2.109693e+03
1.930114e+03
1.554905e+03
1.425708e+03
1.841917e+03
1.962511e+03
1.366556e+03
1.612156e+03
1.540726e+03
1.320565e+03
1.203084e+03
1.616547e+03
1.951889e+03
1.683622e+03
1.336541e+03
1.304633e+03
1.289553e+03
1.665550e+03
1.657681e+03
1.753691e+03
1.487138e+03
1.517738e+03
1.522034e+03
1.733470e+03
1.502952e+03
1.469209e+03
1.496459e+03
1.387430e+03
1.563432e+03
1.415191e+03
1.595009e+03
1.232669e+03
1.209008e+03
1.190893e+03
1.539562e+03
1.436301e+03
1.893132e+03
1.342842e+03
1.535349e+03
1.940804e+03
1.832852e+03
1.607986e+03
1.068825e+03
2.013921e+03
1.749156e+03
1.789933e+03
1.391841e+03
1.699620e+03
1.615987e+03
1.051393e+03
1.476139e+03
1.317916e+03
1.613945e+03
1.462002e+03
1.688419e+03
1.236847e+03
1.288522e+03
9.124609e+02
1.473125e+03
1.250236e+03
9.590156e+02
1.263043e+03
1.333304e+03
1.725823e+03
1.057780e+03
1.071556e+03
1.252814e+03
9.661645e+02
9.034306e+02
0.000000e+00
5.871151e+02
1.186731e+03
1.938699e+03
7.188799e+02
1.033689e+03
1.112953e+03
1.491984e+03
1.265163e+03
1.656555e+03
1.162502e+03
1.726952e+03
1.630015e+03
1.442367e+03
1.396009e+03
1.898673e+03
1.555834e+03
1.112659e+03
1.320631e+03
1.021625e+03
9.769223e+02
9.797321e+02
1.293970e+03
1.156036e+03
1.372791e+03
9.928134e+02
8.893542e+02
9.568832e+02
1.066672e+03
1.234150e+03
5.618683e+02
7.393330e+02
1.114151e+03
1.134883e+03
9.450401e+02
9.979017e+02
1.086304e+03
1.249532e+03
1.013829e+03
5.630021e+02
9.883859e+02
1.085088e+03
1.192599e+03
9.837801e+02
1.031519e+03
8.180608e+02
1.121869e+03
9.811267e+02
1.210883e+03
8.227600e+02
1.204663e+03
1.190767e+03
1.046981e+03
1.147710e+03
1.047326e+03
9.259480e+02
6.555164e+02
1.000278e+03
1.316161e+03
1.511579e+03
1.007484e+03
2.047325e+03
9.858501e+02
1.072095e+03
8.336183e+02
1.050277e+03
1.188986e+03
1.063545e+03
1.157823e+03
1.254898e+03
6.426099e+02
5.787434e+02
1.546108e+03
7.880629e+02
9.485035e+02
4.544991e+02
1.207697e+03
1.429885e+03
8.919877e+02
1.286165e+03
9.907829e+02
1.495200e+03
1.573705e+03
1.311956e+03
1.256971e+03
1.252295e+03
9.299378e+02
9.199385e+02
1.354106e+03
1.269827e+03
9.354151e+02
1.042663e+03
8.629920e+02
9.475243e+02
1.214382e+03
1.548133e+03
1.141227e+03
1.427429e+03
1.042208e+03
1.139684e+03
9.591984e+02
6.518398e+02
6.053092e+02
8.385053e+02
1.333529e+03
9.948876e+02
1.001203e+03
1.250889e+03
6.133160e+02
9.096764e+02
1.305723e+03
1.375406e+03
1.057169e+03
1.753553e+03
7.050186e+02
6.703813e+02
1.038775e+03
1.244851e+03
1.848859e+03
2.304349e+03
1.929889e+03
2.273575e+03
1.497299e+03
2.693799e+03
1.888806e+03
1.764302e+03
1.511296e+03
2.343747e+03
1.161443e+03
1.569993e+03
1.573013e+03
1.396424e+02
8.531913e+02
1.155832e+03
1.025175e+03
1.022611e+03
2.366617e+02
7.719924e+02
7.983549e+02
1.189805e+03
1.579741e+03
1.435532e+03
1.544723e+03
1.241591e+03
1.081859e+03
1.652770e+03
2.720972e+03
2.046257e+03
1.456936e+03
1.754170e+03
3.888080e+03
3.025752e+03
7.342976e+02
5.277681e+01
1.429300e+02
0.000000e+00
1.469022e+03
2.677010e+02
2.928809e+02
0.000000e+00
2.704005e+03
9.341646e+02
3.442660e+01
0.000000e+00
0.000000e+00
2.375819e+02
0.000000e+00
1.711922e+02
1.407997e+03
8.738286e+02
3.573846e+03
3.893619e+03
8.822398e+02
8.916195e+02
1.211784e+03
9.001854e+02
1.166224e+03
1.038897e+03
1.448103e+03
9.644390e+02
1.391117e+03
1.000835e+03
1.087684e+03
1.031876e+03
9.657857e+02
1.299896e+03
1.073747e+03
9.164310e+02
1.893358e+03
1.332827e+03
6.856838e+02
9.501319e+02
1.118904e+03
9.043141e+02
5.967071e+02
1.310096e+03
1.373430e+03
1.290271e+03
1.148472e+03
2.077426e+03
2.256369e+03
1.372155e+03
1.070588e+03
1.104865e+03
1.437389e+03
1.465448e+03
1.430890e+03
1.591417e+03
9.952842e+02
1.172011e+03
1.753914e+03
1.393097e+03
1.399642e+03
2.124792e+03
2.095027e+03
1.132184e+03
9.450549e+02
1.201315e+03
1.211878e+03
1.036566e+03
1.109929e+03
1.138739e+03
1.189840e+03
1.509951e+03
1.077299e+03
1.363233e+03
1.626357e+03
1.397812e+03
1.246582e+03
1.725570e+03
1.179416e+03
1.589978e+03
1.278183e+03
1.532212e+03
1.515411e+03
1.362310e+03
1.117708e+03
1.132349e+03
1.326129e+03
9.858949e+02
1.755634e+03
1.404732e+03
1.639861e+03
1.172615e+03
1.285310e+03
5.809726e+02
1.129490e+03
1.058668e+03
1.125091e+03
1.376286e+03
1.397649e+03
1.829686e+03
1.531747e+03
1.444413e+03
1.375693e+03
8.910536e+02
1.671961e+03
1.634198e+03
6.216038e+02
