0.000000
0.000000
0.000000
0.000000
0.000000
0.000000
0.000000
0.000000
0.000000
0.000000
0.000000
0.000000
0.000000
0.000000
0.000000
0.000000
0.000000
0.000000
0.000000
0.000000
0.000000
0.000000
0.000000
0.000000
0.000000
0.000000
0.000000
0.000000
0.000000
0.000000
0.000000
0.000000
0.000000
0.000000
0.000000
0.000000
0.000000
0.000000
0.000000
0.000000
0.000000
0.000000
0.000000
0.000000
0.000000
0.000000
0.000000
0.000000
0.000000
0.000000
11.242725
11.177844
11.120056
11.063178
11.003257
10.942971
10.885692
10.835374
10.785616
10.741699
10.699626
10.655683
10.615935
10.574721
10.539169
10.510519
10.488845
10.463694
10.439112
10.418727
10.399818
10.384712
10.368842
10.348738
10.328665
10.306015
10.277683
10.245511
10.209762
10.168689
10.124873
10.076142
10.027607
9.969482
9.906844
9.840625
9.774171
9.710562
9.653568
9.599861
9.543279
9.489438
9.441859
9.393773
9.359495
9.321914
9.277122
9.241366
9.206810
9.167744
9.126026
9.088088
9.045231
9.009774
8.984683
8.959750
8.929180
8.893206
8.859949
8.835373
8.815667
8.800360
8.789697
8.781001
8.773992
8.763587
8.758733
8.759597
8.765496
8.770781
8.778038
8.795254
8.821320
8.860149
8.898690
8.932144
8.963935
8.988747
9.010521
9.033083
9.058851
9.080522
9.096269
9.107432
9.108282
9.098457
9.092707
9.096958
9.101368
9.097210
9.095663
9.078394
9.053504
9.019711
8.987958
8.959376
8.943415
8.938447
8.936335
8.937184
8.941639
8.937477
8.928774
8.910650
8.900738
8.889769
8.872023
8.850722
8.822144
8.793362
8.773925
8.755795
8.733491
8.714429
8.691113
8.668532
8.638805
8.612536
8.590692
8.577943
8.563343
8.542785
8.521151
8.505351
8.501144
8.500857
8.499156
8.503463
8.508462
8.515058
8.517233
8.526731
8.533377
8.540576
8.550802
8.569280
8.582586
8.586002
8.579664
8.576337
8.578237
8.591166
8.607054
8.618569
8.614787
8.616638
8.607885
8.593323
8.590119
8.585057
8.585242
8.593586
8.607581
8.616460
8.614349
8.606034
8.586421
8.556703
8.528626
8.495865
8.458957
8.427437
8.395836
8.359678
8.320500
8.276885
8.239587
8.205981
8.181150
8.150708
8.121694
8.095543
8.076393
8.060385
8.036870
8.027519
8.028239
8.040653
8.065931
8.095673
8.133269
8.164145
8.197981
8.235719
8.279414
8.324747
8.371810
8.414098
8.460454
8.514077
8.566375
8.621085
8.682789
8.756884
8.838468
8.912627
8.986579
9.060838
9.135119
9.217827
9.309644
9.405753
9.498119
9.595917
9.704155
9.822881
9.937877
10.052552
10.163731
10.268446
10.363294
10.451741
10.536464
10.620434
10.696127
10.770892
10.840331
10.905407
10.962330
11.016293
11.067898
11.117144
11.164897
11.209531
11.256993
11.298034
11.332483
11.358002
11.383693
11.403140
11.418422
11.432933
11.446189
11.449199
11.435671
11.410564
11.380580
11.346459
11.298732
11.239084
11.166452
11.081030
10.999185
10.919445
10.846488
10.774077
10.708810
10.645531
10.579897
10.510941
10.435456
10.351598
10.272846
10.194304
10.116847
10.036125
9.962667
9.894338
9.837743
9.792565
9.752320
9.714517
9.688090
9.676559
9.683198
9.701183
9.728851
9.757486
9.808404
9.877373
9.950608
10.023961
10.092626
10.157670
10.208539
10.240060
10.269198
10.291171
10.310046
10.347524
10.380000
10.394846
10.391660
10.400396
10.429865
10.474344
10.528562
10.584194
10.622745
10.661947
10.716302
10.792383
10.876616
10.952907
10.999080
11.023260
11.034797
11.033814
11.025290
11.015828
11.005599
10.984134
10.964489
10.941478
10.912462
10.874760
10.829507
10.760411
10.650617
10.530897
10.400481
10.258371
10.092997
9.926257
9.761354
9.589402
9.405111
9.207535
8.986555
8.754829
8.540036
8.338452
8.140444
7.950980
7.771191
7.627134
7.491471
7.382177
7.252685
7.104016
6.945474
6.798702
6.656090
6.522389
6.387772
6.259421
6.134358
6.007932
5.903310
5.814356
5.752030
5.673014
5.587749
5.509067
5.439715
5.359466
5.276554
5.212091
5.161464
5.115778
5.070165
5.028307
4.980725
4.942917
4.912219
4.894720
4.882791
4.867457
4.889207
4.943826
4.987138
5.015967
5.061039
5.061617
5.051215
5.025470
5.016257
5.011171
5.013450
5.001868
4.962982
4.919398
4.883508
4.849083
4.804664
4.740307
4.678493
4.596898
4.559863
4.533713
4.525556
4.528498
4.527145
4.515228
4.510871
4.491716
4.479899
4.473500
4.486707
4.519256
4.543573
4.551853
4.546911
4.550056
4.582130
4.634058
4.690757
4.758154
4.855624
4.958137
5.046383
5.160610
5.287247
5.445929
5.608417
5.767116
5.944850
6.134478
6.283661
6.414705
6.569056
6.716505
6.826859
6.943185
7.034848
7.131333
7.247269
7.379443
7.506561
7.639658
7.780575
7.898625
7.968248
8.048608
8.124601
8.168248
8.179911
8.189354
8.197847
8.212616
8.214463
8.206928
8.192447
8.164575
8.111387
8.054774
8.020839
8.001563
7.973801
7.936495
7.882085
7.836321
7.801284
7.789780
7.769861
7.757198
7.766421
7.760175
7.719443
7.660263
7.598524
7.509290
7.379407
7.230791
7.093189
6.965591
6.846121
6.716811
6.596714
6.472358
6.350381
6.245038
6.153997
6.065139
5.975913
5.881593
5.789372
5.687913
5.583427
5.472733
5.363195
5.274341
5.211259
5.161981
5.113020
5.089753
5.086193
5.076559
5.039599
5.000060
4.981718
4.981897
4.992981
5.023486
5.077249
5.116838
5.126259
5.129962
5.117003
5.066901
5.034716
5.014139
4.977607
4.928119
4.891657
4.873089
4.851374
4.848638
4.837769
4.841651
4.845912
4.845572
4.849630
4.844572
4.846204
4.852470
4.846606
4.849395
4.854750
4.873223
4.884130
4.888342
4.897212
4.925710
4.978160
5.027171
5.066473
5.110763
5.139275
5.146056
5.157254
5.156890
5.144172
5.128104
5.116340
5.114212
5.120790
5.147429
5.190909
5.244323
5.299096
5.362521
5.432006
5.498182
5.565632
5.651565
5.730024
5.786062
5.841689
5.899736
5.933698
5.969387
6.017483
6.058821
6.072357
6.072055
6.060782
6.042178
6.036007
6.036452
6.040110
6.043545
6.057321
6.073520
6.098729
6.121501
6.137229
6.152372
6.158248
6.158244
6.182184
6.235242
6.301360
6.351483
6.382836
6.414255
6.452368
6.497949
6.560158
6.609194
6.626799
6.634570
6.634750
6.622535
6.591136
6.546467
6.486031
6.418026
6.350460
6.282995
6.211819
6.124878
6.027330
5.923007
5.809965
5.700853
5.612845
5.578902
5.551153
5.536839
5.537310
5.528462
5.511828
5.512944
5.534611
5.575483
5.622598
5.659346
5.694965
5.725902
5.770000
5.811324
5.849437
5.876624
5.905917
5.940605
5.976066
6.005709
6.032149
6.045070
6.027661
5.990787
5.946421
5.906827
5.871035
5.835507
5.792742
5.752921
5.720153
5.718337
5.731392
5.749300
5.768605
5.780114
5.789138
5.822369
5.885518
5.953714
6.024445
6.084040
6.137286
6.191717
6.240116
6.270557
6.300647
6.326000
6.348947
6.373450
6.446284
6.544301
6.650909
6.752797
6.849259
6.939620
7.015045
7.073144
7.121254
7.160361
7.185608
7.208054
7.212562
7.201912
7.179444
7.144123
7.083007
7.004202
6.901818
6.782697
6.676294
6.587596
6.518581
6.454758
6.389866
6.327901
6.263151
6.192304
6.127495
6.056097
5.990831
5.912301
5.829991
5.750256
5.675276
5.598661
5.510534
5.403391
5.284721
5.181402
5.091338
5.028709
4.973379
4.921715
4.883355
4.866305
4.838343
4.809226
4.769899
4.706175
4.607978
4.521954
4.459691
4.422438
4.401236
4.399767
4.417865
4.451130
4.482601
4.503716
4.529241
4.557693
4.585577
4.610600
4.633753
4.661085
4.667894
4.676614
4.693745
4.706179
4.733516
4.790058
4.882237
4.975930
5.057600
5.137641
5.210883
5.266499
5.307126
5.344332
5.371039
5.410071
5.444587
5.464298
5.470898
5.481483
5.501861
5.522827
5.548133
5.550455
5.524592
5.507023
5.503414
5.499282
5.515764
5.546612
5.584852
5.631886
5.672146
5.725509
5.786163
5.838443
5.879369
5.928554
5.991824
6.067008
6.139161
6.197265
6.250525
6.318862
6.387790
6.454702
6.516754
6.590194
6.665977
6.771837
6.906725
7.023635
7.130105
7.223558
7.298821
7.356056
7.354403
7.336211
7.313653
7.280466
7.271949
7.288529
7.329945
7.392511
7.491345
7.597430
7.724809
7.888784
8.089322
8.276312
8.446810
8.609319
8.744937
8.871545
9.033864
9.187758
9.335539
9.461608
9.545256
9.596618
9.633205
9.685299
9.754105
9.831414
9.902626
9.968551
10.022187
10.071346
10.107504
10.119716
10.079877
10.025423
9.973973
9.910126
9.849109
9.769421
9.696621
9.622266
9.551214
9.464778
9.351077
9.241850
9.155903
9.091082
9.051275
9.002416
8.967931
8.950250
8.928360
8.865990
8.781513
8.691205
8.559651
8.419035
8.261162
8.064732
7.832858
7.605338
7.359778
7.142332
6.942534
6.740059
6.535756
6.349602
6.189492
6.025091
5.827346
5.641863
5.474479
5.307550
5.142441
4.985506
4.837399
4.687189
4.545871
4.424362
4.348234
4.268298
4.196246
4.134633
4.105357
4.068029
4.011757
3.967997
3.949057
3.958927
3.994524
4.030653
4.078578
4.146617
4.243779
4.338141
4.430785
4.545360
4.673218
4.794057
4.909568
5.013009
5.080760
5.149099
5.254857
5.375472
5.484802
5.570761
5.638131
5.683335
5.718471
5.716957
5.691681
5.654866
5.625221
5.625239
5.656096
5.684378
5.703869
5.780785
5.852376
5.936904
6.053755
6.175585
6.266109
6.344421
6.393953
6.400808
6.387211
6.384868
6.389932
6.383493
6.362998
6.318672
6.276239
6.253507
6.237313
6.226007
6.221618
6.212354
6.181202
6.133387
6.105899
6.062311
6.012661
5.980786
5.930109
5.837546
5.740491
5.641726
5.562878
5.500651
5.454612
5.438813
5.420373
5.379523
5.317593
5.268467
5.229643
5.182010
5.143147
5.106079
5.063425
5.002447
4.928753
4.874106
4.832562
4.840155
4.827091
4.784245
4.760402
4.744840
4.720622
4.715867
4.757518
4.822416
4.883058
4.961998
5.059247
5.146033
5.226475
5.319715
5.440329
5.564369
5.681955
5.812583
5.929879
6.033775
6.150162
6.255257
6.339082
6.422906
6.497139
6.561779
6.612371
6.659500
6.735376
6.813194
6.876936
6.928925
6.975443
7.011734
7.039073
7.059986
7.093834
7.145826
7.206119
7.264036
7.328280
7.386024
7.432721
7.465928
7.507045
7.531664
7.535223
7.519862
7.492236
7.442866
7.389466
7.324882
7.243147
7.150912
7.046779
6.947389
6.834237
6.743902
6.687587
6.642580
6.588451
6.545515
6.474451
6.382813
6.266794
6.141425
6.015510
5.879638
5.802893
5.720949
5.623862
5.557185
5.487881
5.378951
5.261656
5.150347
5.035387
4.904385
4.773035
4.660457
4.574124
4.499326
4.451242
4.394323
4.378009
4.369475
4.363350
4.356876
4.349143
4.358377
4.384334
4.438919
4.517694
4.612272
4.689873
4.773161
4.862656
4.949257
5.000835
5.027394
5.024284
5.003412
4.967827
4.931160
4.914354
4.914051
4.921371
4.908677
4.879109
4.859198
4.858777
4.838263
4.814909
4.791706
4.775556
4.754422
4.757574
4.768522
4.765542
4.802812
4.859919
4.907280
4.962936
5.039981
5.129745
5.219973
5.338629
5.481616
5.596913
5.726018
5.857151
5.961910
6.044828
6.114123
6.192000
6.273289
6.353348
6.414488
6.469666
6.525230
6.577498
6.611196
6.627530
6.647580
6.685161
6.719291
6.771255
6.826358
6.881313
6.950001
7.014439
7.063721
7.121054
7.190637
7.249768
7.292728
7.337334
7.377438
7.423262
7.464116
7.513400
7.579660
7.634351
7.699764
7.764714
7.821448
7.849506
7.837142
7.804082
7.737948
7.640419
7.532702
7.421076
7.318591
7.182724
7.057495
6.935436
6.810846
6.704193
6.592209
6.474268
6.392974
6.342953
6.319790
6.299442
6.287404
6.270569
6.244537
6.219442
6.164804
6.105902
6.052206
5.997104
5.952998
5.898741
5.850748
5.786027
5.724543
5.665192
5.581781
5.502799
5.433571
5.365637
5.334314
5.318722
5.321743
5.306515
5.283309
5.256930
5.235687
5.226401
5.228582
5.230747
5.243447
5.260719
5.293813
5.319318
5.352387
5.391043
5.457157
5.543343
5.681836
5.839441
6.004027
6.168682
6.340332
6.503623
6.660204
6.808628
6.933188
7.047018
7.137311
7.194964
7.246609
7.280987
7.335338
7.411039
7.496492
7.594364
7.712905
7.836970
7.980494
8.149667
8.325470
8.507085
8.691645
8.874776
9.032185
9.169334
9.288519
9.377533
9.448829
9.501565
9.538362
9.574646
9.609885
9.660123
9.714568
9.751824
9.784876
9.802356
9.797956
9.783917
9.781085
9.792698
9.813274
9.822152
9.795389
9.760188
9.748605
9.760210
9.784677
9.794716
9.796374
9.795782
9.808115
9.813372
9.817667
9.808712
9.810149
9.804904
9.782328
9.728200
9.666813
9.587237
9.475383
9.358965
9.249695
9.165736
9.104131
9.050915
8.948246
8.803566
8.666953
8.529420
8.403514
8.290644
8.195787
8.110641
8.039235
7.969453
7.917039
7.867731
7.843827
7.823395
7.798362
7.783049
7.774513
7.794619
7.832612
7.889012
7.961741
8.013617
8.028402
8.006604
7.989954
7.977672
7.966605
7.965636
7.946835
7.913958
7.866847
7.825142
7.759249
7.666129
7.542055
7.441610
7.340621
7.217346
7.076420
6.935431
6.814520
6.744933
6.689274
6.655601
6.631794
6.597169
6.582072
6.530914
6.490483
6.471998
6.461107
6.455834
6.455214
6.454710
6.464613
6.461702
6.465067
6.491313
6.534727
6.575094
6.614137
6.684216
6.745658
6.833559
6.952528
7.050150
7.159740
7.242240
7.300783
7.348321
7.441589
7.525027
7.603611
7.676329
7.745349
7.811664
7.877741
7.912341
7.940530
7.975721
8.025069
8.088739
8.159720
8.230447
8.281690
8.310304
8.377441
8.461856
8.551729
8.630599
8.655691
8.632048
8.574203
8.513379
8.495107
8.498338
8.504739
8.511893
8.492843
8.460339
8.471349
8.498104
8.524356
8.543478
8.538437
8.524381
8.505791
8.427892
8.324901
8.210463
8.080111
7.939450
7.792041
7.647952
7.518178
7.411245
7.291047
7.180519
7.094761
6.997769
6.889193
6.808223
6.720985
6.627885
6.518662
6.426695
6.375569
6.350356
6.317759
6.291324
6.265494
6.259528
6.269187
6.239596
6.187683
6.132778
6.056968
6.015928
5.998794
6.007619
6.020817
6.035260
6.058995
6.069475
6.034234
5.995696
5.941015
5.880100
5.829027
5.793672
5.782058
5.752717
5.728898
5.683179
5.640513
5.618623
5.574849
5.557496
5.571558
5.590292
5.631074
5.672606
5.701702
5.704836
5.694277
5.696020
5.734885
5.778600
5.810815
5.845183
5.863426
5.909471
5.965127
6.007928
6.071362
6.139388
6.212542
6.284027
6.342176
6.373724
6.412514
6.471820
6.548296
6.623598
6.710586
6.782057
6.838939
6.882465
6.861875
6.789118
6.716342
6.641195
6.548551
6.430574
6.325798
6.234764
6.189631
6.167314
6.132854
6.077261
5.991419
5.904511
5.828345
5.735792
5.633358
5.531258
5.454001
5.409974
5.339700
5.277038
5.220674
5.182442
5.150426
5.137319
5.131497
5.101107
5.064912
5.043601
5.007345
4.967546
4.935527
4.859897
4.804505
4.778350
4.753292
4.737110
4.723290
4.726332
4.756056
4.799841
4.839572
4.884530
4.923331
4.977240
5.012697
5.067708
5.164047
5.247304
5.330780
5.422787
5.508372
5.629369
5.758383
5.903161
6.022375
6.114214
6.181345
6.271853
6.371055
6.468480
6.601125
6.761341
6.951359
7.152369
7.316628
7.446858
7.551420
7.665406
7.794463
7.906847
7.988773
8.048887
8.106675
8.161649
8.217988
8.301893
8.373132
8.445635
8.536564
8.635965
8.709793
8.805571
8.876872
8.924274
8.946551
8.926863
8.890845
8.850016
8.794835
8.722465
8.638715
8.521955
8.393708
8.277914
8.187225
8.115770
8.026487
7.953986
7.872475
7.800286
7.723218
7.636472
7.559683
7.470495
7.405133
7.339115
7.284973
7.235057
7.163012
7.103766
7.041975
6.994588
6.909404
6.806417
6.725470
6.655672
6.609441
6.582307
6.534275
6.464998
6.412641
6.376976
6.344825
6.305195
6.269217
6.228844
6.188967
6.151674
6.105394
6.041724
5.988541
5.916120
5.854812
5.813530
5.798017
5.782212
5.758710
5.715433
5.693240
5.686858
5.676843
5.703079
5.745137
5.778050
5.798327
5.785047
5.743151
5.701044
5.671649
5.652739
5.593113
5.514819
5.424991
5.347888
5.279939
5.251598
5.245290
5.241024
5.226419
5.189457
5.146186
5.091072
5.053301
5.021927
5.006120
4.974691
4.910045
4.818036
4.762135
4.739369
4.735028
4.721077
4.705561
4.673445
4.636747
4.613690
4.596542
4.588111
4.625255
4.657611
4.690878
4.712240
4.727678
4.728514
4.754877
4.812353
4.860186
4.883607
4.883850
4.872974
4.859096
4.852413
4.877386
4.897040
4.910411
4.915225
4.912554
4.868103
4.805556
4.726261
4.675483
4.637156
4.610187
4.605895
4.626238
4.663505
4.749288
4.845810
4.965266
5.085574
5.203301
5.330235
5.498546
5.603858
5.650015
5.663262
5.691562
5.756465
5.853156
5.939080
5.989139
6.027342
6.091118
6.177550
6.270650
6.325789
6.379334
6.406654
6.413391
6.383346
6.352552
6.352161
6.371926
6.402343
6.413926
6.386454
6.366869
6.373904
6.405221
6.462322
6.527359
6.587691
6.654177
6.725568
6.806500
6.864604
6.915923
6.967462
6.999416
7.025441
7.052537
7.094059
7.134240
7.171658
7.145848
7.051831
6.913393
6.765669
6.616837
6.491989
6.385375
6.289569
6.159326
6.113339
6.112620
6.152878
6.179604
6.175159
6.158221
6.154829
6.171972
6.217092
6.269686
6.321386
6.340885
6.357945
6.357784
6.381535
6.448459
6.530640
6.612992
6.693420
6.730696
6.770286
6.801130
6.846075
6.887967
6.893527
6.878299
6.846255
6.821169
6.793085
6.747850
6.738241
6.708071
6.670648
6.621688
6.568201
6.530894
6.490716
6.432681
6.332215
6.250290
6.176545
6.116036
6.082673
6.058153
6.011566
5.958926
5.900062
5.862319
5.826939
5.790948
5.752630
5.720126
5.712482
5.704242
5.720013
5.713686
5.686590
5.644404
5.580090
5.507598
5.441111
5.399858
5.368029
5.311710
5.230227
5.138291
5.065545
5.002184
4.929680
4.873722
4.816742
4.768956
4.720360
4.670609
4.624321
4.578924
4.506073
4.423193
4.374979
4.337112
4.281754
4.244498
4.224048
4.224357
4.247175
4.229754
4.180189
4.134435
4.108832
4.083610
4.068705
4.064242
4.067803
4.068239
4.062004
4.051737
4.039789
4.048457
4.088709
4.130274
4.164729
4.190364
4.210183
4.263225
4.308136
4.375151
4.440798
4.523871
4.616812
4.698350
4.759089
4.815212
4.876282
4.984212
5.065306
5.114416
5.162759
5.249799
5.348613
5.412441
5.463843
5.502196
5.514604
5.492751
5.446496
5.403564
5.387208
5.402579
5.370037
5.351596
5.335143
5.335464
5.342472
5.351656
5.343601
5.363626
5.374505
5.386330
5.386520
5.380238
5.357734
5.316047
5.273706
5.245325
5.243466
5.265434
5.283025
5.293482
5.297040
5.335157
5.407675
5.472078
5.515553
5.540725
5.574430
5.573710
5.567612
5.548865
5.543253
5.578296
5.645642
5.725555
5.800535
5.846876
5.894724
5.939457
5.978205
5.991139
6.023338
6.055448
6.067507
6.063667
6.041017
6.034827
6.036686
6.029116
6.027152
6.005081
6.000319
5.974188
5.920843
5.870703
5.834204
5.806773
5.780038
5.729840
5.699156
5.666164
5.621590
5.608415
5.624514
5.650227
5.690644
5.741883
5.795608
5.845583
5.871518
5.872587
5.858064
5.819798
5.797430
5.773663
5.766121
5.765131
5.758765
5.775206
5.821540
5.880282
5.931541
5.958841
5.958966
5.932698
5.903851
5.874870
5.865148
5.877409
5.902968
5.935999
5.966944
5.991338
6.029614
6.079839
6.135715
6.192030
6.239951
6.267142
6.295449
6.301702
6.301974
6.307541
6.324544
6.326109
6.336218
6.333640
6.317217
6.294232
6.274503
6.257336
6.253612
6.257078
6.225198
6.212101
6.202234
6.209114
6.225721
6.248729
6.308279
6.371254
6.421092
6.456812
6.490215
6.539292
6.582486
6.626215
6.675134
6.727177
6.790926
6.864698
6.949724
7.051754
7.147247
7.233981
7.289253
7.365684
7.451518
7.531281
7.602434
7.681379
7.768080
7.857371
7.939843
7.999626
8.056419
8.104760
8.130071
8.154511
8.210255
8.292466
8.379953
8.463788
8.541648
8.618889
8.692893
8.755780
8.796301
8.845632
8.904581
8.951867
8.971340
8.961913
8.986705
9.011186
9.027731
9.037874
9.028670
9.032330
8.989028
8.934668
8.862329
8.783349
8.703419
8.635203
8.571850
8.507602
8.447982
8.391801
8.336215
8.266912
8.196753
8.141745
8.056214
7.946136
7.850767
7.758391
7.638479
7.519469
7.409913
7.309681
7.184546
7.060951
6.954156
6.882022
6.796284
6.750177
6.711544
6.668662
6.616372
6.560599
6.515109
6.436863
6.357612
6.276355
6.189694
6.106522
6.039540
5.987896
5.946841
5.896289
5.846396
5.816583
5.798752
5.768045
5.749496
5.731344
5.713158
5.690935
5.676994
5.658349
5.666880
5.680613
5.672142
5.675232
5.692250
5.697998
5.741846
5.809473
5.875862
5.937136
5.979794
6.011102
6.067808
6.119414
6.141103
6.121817
6.077450
5.987524
5.861168
5.740203
5.634965
5.512172
5.374165
5.218926
5.086267
4.935441
4.794962
4.691901
4.608101
4.546647
4.489547
4.477266
4.500113
4.521003
4.541277
4.550435
4.540429
4.515016
4.495596
4.499802
4.513316
4.507296
4.507903
4.528075
4.545663
4.558241
4.586967
4.622739
4.660345
4.723231
4.803219
4.906301
5.019811
5.131691
5.238669
5.330078
5.396700
5.429574
5.458811
5.469559
5.453295
5.411909
5.370990
5.340544
5.327114
5.323143
5.316501
5.318356
5.350822
5.377954
5.375881
5.413270
5.460577
5.506315
5.526506
5.534033
5.579566
5.636054
5.679178
5.722386
5.749232
5.762700
5.766423
5.745748
5.690257
5.619766
5.560692
5.533910
5.512341
5.481548
5.451789
5.431778
5.430143
5.421122
5.386891
5.337302
5.266735
5.182275
5.119164
5.073925
5.012272
4.963400
4.913143
4.853183
4.797868
4.739669
4.670406
4.611562
4.562135
4.510768
4.489135
4.495883
4.515880
4.532949
4.537206
4.534153
4.572388
4.645494
4.691939
4.718793
4.748430
4.767182
4.786121
4.812986
4.849055
4.871960
4.868305
4.853305
4.846551
4.841663
4.859944
4.891211
4.942230
4.989692
5.043001
5.108856
5.188134
5.258810
5.328945
5.372068
5.434372
5.469293
5.505409
5.545836
5.590760
5.623092
5.649484
5.703499
5.777685
5.836150
5.879917
5.911961
5.944339
5.966233
5.981375
5.998273
6.033205
6.085658
6.156319
6.264544
6.403582
6.509784
6.594015
6.668151
6.713281
6.723646
6.702721
6.666752
6.675822
6.683834
6.681872
6.652678
6.594888
6.530050
6.469729
6.433344
6.414359
6.416130
6.428699
6.453806
6.477618
6.481354
6.484817
6.493353
6.493621
6.483486
6.453560
6.430895
6.429390
6.447135
6.459892
6.479361
6.503844
6.557940
6.620203
6.679662
6.730122
6.779206
6.841274
6.924545
7.024721
7.099562
7.192316
7.285020
7.371219
7.452853
7.512574
7.550526
7.560734
7.523208
7.455483
7.406729
7.368820
7.337690
7.322938
7.326630
7.348993
7.397264
7.429703
7.443611
7.425463
7.383074
7.344450
7.316926
7.307405
7.296148
7.265686
7.203986
7.119885
7.015673
6.904918
6.801247
6.690959
6.586126
6.485181
6.394419
6.327589
6.262224
6.193124
6.135987
6.081653
6.021282
5.938521
5.848323
5.773926
5.697407
5.615733
5.523601
5.437227
5.369503
5.309426
5.265156
5.195004
5.137012
5.091829
5.043778
5.005959
4.968280
4.923412
4.871070
4.824007
4.794188
4.754354
4.719560
4.700336
4.686420
4.655911
4.599300
4.549253
4.508196
4.476392
4.463926
4.474233
4.470497
4.461531
4.439944
4.431138
4.442439
4.468508
4.505688
4.522477
4.533718
4.549325
4.578451
4.604603
4.610480
4.606982
4.605501
4.615473
4.618411
4.637406
4.663273
4.700703
4.753127
4.812373
4.869853
4.933574
5.002539
5.063280
5.108815
5.141621
5.169019
5.209537
5.252675
5.282391
5.304387
5.323919
5.348839
5.378243
5.435114
5.489122
5.546419
5.602653
5.677220
5.755225
5.818417
5.874127
5.924315
5.973906
6.002343
6.031091
6.065222
6.085446
6.114923
6.139368
6.162763
6.182913
6.188405
6.181412
6.156674
6.135988
6.117906
6.092981
6.066595
6.042308
6.014202
5.984031
5.942302
5.893285
5.827334
5.752907
5.681949
5.600453
5.495123
5.389530
5.304082
5.238799
5.178711
5.122062
5.096292
5.082660
5.061668
5.014573
4.960100
4.934079
4.909393
4.880934
4.852515
4.830762
4.805297
4.784588
4.754773
4.744076
4.712822
4.682995
4.649354
4.607263
4.559628
4.496010
4.427774
4.354420
4.271703
4.195098
4.141821
4.130552
4.162738
4.164001
4.154218
4.143600
4.150655
4.160127
4.173988
4.212023
4.261746
4.296472
4.330358
4.361495
4.396243
4.434298
4.473750
4.502832
4.519093
4.520696
4.520179
4.511985
4.494615
4.475627
4.469245
4.471607
4.474658
4.498153
4.546370
4.594002
4.631645
4.650307
4.684017
4.720889
4.752747
4.764640
4.783286
4.806928
4.856945
4.933776
5.027416
5.104667
5.187018
5.287473
5.394321
5.494004
5.575869
5.645080
5.698063
5.740832
5.773160
5.792287
5.794101
5.810416
5.820922
5.827313
5.822783
5.813646
5.803188
5.781172
5.771167
5.774732
5.782354
5.795672
5.808603
5.830481
5.856592
5.898156
5.944252
5.989593
6.022405
6.048845
6.066041
6.061278
6.045159
6.035853
6.031054
6.019504
5.991479
5.963032
5.939335
5.915533
5.873365
5.840729
5.821568
5.824024
5.844175
5.865389
5.858117
5.827663
5.784026
5.750323
5.697482
5.643905
5.610269
5.585321
5.572747
5.548608
5.522442
5.493844
5.463665
5.434776
5.420080
5.423590
5.429708
5.411718
5.376160
5.333184
5.298866
5.282788
5.275871
5.285516
5.301299
5.306176
5.326468
5.351929
5.386067
5.430329
5.478256
5.511573
5.550733
5.597298
5.644699
5.695786
5.733208
5.757025
5.762404
5.752175
5.735996
5.726074
5.720274
5.731699
5.756577
5.777616
5.798347
5.825147
5.854037
5.880188
5.904126
5.915039
5.920784
5.915094
5.896177
5.860787
5.815516
5.770325
5.727342
5.690342
5.648972
5.602661
5.553777
5.496098
5.437059
5.380916
5.322953
5.274766
5.234955
5.186516
5.123780
5.071420
5.023713
4.970665
4.925076
4.900635
4.864255
4.838122
4.818719
4.798345
4.775787
4.752478
4.720972
4.690458
4.695881
4.711544
4.725635
4.738769
4.743552
4.732507
4.703833
4.652493
4.595206
4.541581
4.516653
4.499030
4.476801
4.455500
4.448403
4.462924
4.481864
4.523619
4.570044
4.623091
4.684227
4.748092
4.808238
4.856502
4.884152
4.892057
4.889440
4.902843
4.922086
4.955776
5.001877
5.066680
5.142764
5.201523
5.267430
5.343170
5.406541
5.454304
5.490231
5.507648
5.508814
5.501690
5.505201
5.516659
5.533840
5.549426
5.547871
5.538965
5.523332
5.506198
5.470976
5.436362
5.397699
5.360793
5.348278
5.363815
5.379995
5.394847
5.417229
5.443184
5.458329
5.471967
5.492059
5.510575
5.520261
5.521551
5.523897
5.520035
5.524968
5.523909
5.522071
5.524954
5.523859
5.510689
5.500131
5.494073
5.494421
5.493269
5.492223
5.491224
5.496584
5.507629
5.530618
5.554799
5.561122
5.559261
5.579551
5.618305
5.678951
5.725164
5.763632
5.782124
5.785622
5.768820
5.723121
5.664308
5.612266
5.563830
5.536848
5.525723
5.525261
5.543627
5.578506
5.619698
5.641211
5.640647
5.637550
5.658968
5.690993
5.721096
5.767323
5.820132
5.875839
5.933641
5.993633
6.051046
6.120537
6.196069
6.281339
6.374366
6.489815
6.618743
6.756610
6.902118
7.042137
7.161646
7.273914
7.381624
7.479412
7.566014
7.632845
7.699055
7.773793
7.864417
7.969480
8.080310
8.192528
8.309026
8.431123
8.561858
8.692394
8.830513
8.960957
9.047067
9.092814
9.091794
9.055404
8.989196
8.900201
8.768298
8.615518
8.467413
8.306762
8.114671
7.942661
7.784939
7.648097
7.522866
7.408313
7.296694
7.186693
7.081844
6.990415
6.888150
6.776382
6.664150
6.535997
6.386383
6.230347
6.084005
5.934855
5.810275
5.713713
5.644414
5.614711
5.617841
5.631455
5.640522
5.658501
5.666671
5.667615
5.665389
5.672027
5.678728
5.694255
5.720357
5.752118
5.787257
5.834421
5.889006
5.948244
6.027337
6.130400
6.254878
6.361145
6.458390
6.549537
6.630925
6.710704
6.766975
6.793084
6.806964
6.803899
6.788210
6.762979
6.755862
6.776747
6.824516
6.867228
6.905994
6.932371
6.946592
6.955317
6.979751
6.997730
7.013857
7.042078
7.068129
7.081014
7.098603
7.117175
7.114922
7.111709
7.114182
7.125553
7.159516
7.193641
7.219824
7.219211
7.202099
7.166743
7.127735
7.079667
7.024089
6.969486
6.921539
6.866541
6.823223
6.791114
6.772953
6.765328
6.759682
6.757873
6.762627
6.783134
6.814163
6.863701
6.934997
7.025602
7.114643
7.189390
7.269376
7.344890
7.419913
7.461390
7.470015
7.456976
7.417121
7.357085
7.283348
7.196517
7.128027
7.070611
7.012446
6.959599
6.898475
6.824075
6.761918
6.715896
6.662615
6.621014
6.573616
6.502721
6.438946
6.374673
6.304129
6.269854
6.253395
6.239128
6.217412
6.204384
6.190664
6.187748
6.182526
6.170854
6.147974
6.109564
6.047245
5.963049
5.863836
5.768262
5.658787
5.543973
5.430531
5.332281
5.239428
5.129856
4.998683
4.849241
4.714149
4.604682
4.511017
4.438572
4.386996
4.359339
4.348254
4.331291
4.331322
4.354015
4.388623
4.420712
4.448268
4.457994
4.464583
4.482158
4.501608
4.525678
4.557604
4.570492
4.577609
4.588861
4.620266
4.670711
4.720289
4.769431
4.819992
4.868275
4.914804
4.975823
5.036689
5.087716
5.126039
5.157130
5.190550
5.212456
5.233469
5.254300
5.276417
5.317825
5.360361
5.403689
5.448045
5.518357
5.591745
5.654668
5.715043
5.774641
5.841688
5.918839
6.010240
6.085492
6.128881
6.132701
6.113219
6.116102
6.141332
6.161900
6.165798
6.147466
6.119028
6.086920
6.039532
5.998850
5.958044
5.914533
5.886581
5.860685
5.810890
5.773907
5.739150
5.695249
5.653649
5.615725
5.573817
5.527578
5.481416
5.447770
5.415484
5.387098
5.365538
5.330030
5.287576
5.242356
5.208586
5.188980
5.165134
5.145163
5.130648
5.103106
5.070102
5.016057
4.953040
4.880048
4.827933
4.840416
4.857536
4.874107
4.882789
4.884836
4.852831
4.842951
4.844409
4.838618
4.828361
4.812452
4.799993
4.800199
4.800962
4.816094
4.840570
4.879392
4.933486
4.972524
5.003972
5.018206
5.018889
5.017422
5.016035
5.016032
5.035857
5.072477
5.096132
5.105924
5.109589
5.096040
5.075440
5.056456
5.051252
5.035457
5.021681
5.042360
5.042869
5.043240
5.030338
5.016137
5.012865
5.012998
5.039565
5.103656
5.148035
5.175446
5.188591
5.183477
5.166358
5.130657
5.107367
5.077272
5.055204
5.035390
5.023085
5.028060
5.049791
5.067448
5.081466
5.093203
5.128219
5.170254
5.204839
5.238322
5.261155
5.275055
5.264301
5.250222
5.234784
5.220949
5.203190
5.198408
5.216385
5.234491
5.246223
5.232828
5.235949
5.264319
5.314870
5.368338
5.413684
5.442655
5.475336
5.523253
5.577401
5.633117
5.704014
5.767932
5.813763
5.850221
5.885012
5.903602
5.888976
5.850219
5.833099
5.814236
5.786957
5.778333
5.785972
5.765071
5.742300
5.728978
5.702943
5.678706
5.692707
5.708976
5.714929
5.715417
5.697259
5.689454
5.655516
5.650762
5.659207
5.659202
5.653315
5.644782
5.685641
5.725653
5.738321
5.772105
5.804226
5.826655
5.842373
5.840768
5.845325
5.886806
5.920455
5.929311
5.910780
5.887509
5.838501
5.807172
5.769470
5.732655
5.687197
5.646597
5.597958
5.543867
5.497045
5.441944
5.373145
5.339032
5.342597
5.347692
5.361880
5.359431
5.353017
5.328243
5.285042
5.254531
5.249608
5.263137
5.273159
5.281837
5.263525
5.222707
5.167863
5.127894
5.101660
5.063429
5.013313
4.958452
4.931197
4.916228
4.901458
4.844655
4.762788
4.706679
4.672936
4.626233
4.579728
4.549104
4.535428
4.536260
4.532638
4.524398
4.540610
4.563200
4.583102
4.572552
4.561447
4.545451
4.527564
4.523424
4.523737
4.531753
4.544001
4.547298
4.546317
4.544424
4.547149
4.514286
4.466001
4.470337
4.477574
4.485625
4.491607
4.513770
4.552337
4.620406
4.672933
4.706496
4.747344
4.798910
4.872429
4.983334
5.062689
5.084546
5.109666
5.142233
5.162429
5.187441
5.190250
5.196600
5.210896
5.232721
5.258619
5.286857
5.298868
5.328761
5.351404
5.369214
5.342954
5.308644
5.277780
5.276732
5.269526
5.260047
5.275578
5.325331
5.378977
5.453773
5.543995
5.626433
5.657609
5.676069
5.711095
5.718694
5.694183
5.712879
5.770703
5.808706
5.833387
5.843570
5.826478
5.783131
5.734489
5.681546
5.615963
5.543749
5.481765
5.460345
5.467341
5.500931
5.561479
5.591856
5.611151
5.678720
5.811934
5.940976
6.063102
6.163189
6.254563
6.339617
6.413006
6.512181
6.656421
6.756739
6.822118
6.860612
6.888390
6.918150
6.948878
7.005623
7.035246
6.990589
6.941244
6.872454
6.792130
6.703667
6.623653
6.555073
6.505245
6.468338
6.478437
6.492910
6.456478
6.412313
6.392821
6.358441
6.305771
6.270232
6.260514
6.285866
6.348590
6.445978
6.569559
6.696136
6.842674
6.933910
6.985109
7.033093
7.068280
7.074233
7.059463
7.090110
7.140638
7.158575
7.160650
7.118914
7.063172
6.994615
6.909631
6.836949
6.752282
6.632142
6.478331
6.401904
6.349875
6.319075
6.296655
6.275974
6.265239
6.218544
6.177222
6.147314
6.128398
6.104964
6.085825
6.076480
6.058611
6.046444
6.011720
5.964573
5.904466
5.832947
5.788355
5.782236
5.774296
5.753198
5.747131
5.761361
5.779138
5.779947
5.762720
5.725425
5.671652
5.615134
5.542746
5.535736
5.551144
5.569771
5.577239
5.610557
5.643632
5.660183
5.695254
5.758312
5.803926
5.908853
6.024813
6.144585
6.258179
6.364886
6.415076
6.415259
6.414825
6.409684
6.447756
6.491296
6.529037
6.576732
6.656099
6.761393
6.862413
6.960768
7.050754
7.130670
7.188729
7.240012
7.305639
7.366505
7.417514
7.490419
7.604155
7.733313
7.840053
7.918218
7.986817
8.032865
8.064215
8.114285
8.143702
8.160526
8.177472
8.196041
8.213585
8.252151
8.279556
8.269737
8.225658
8.161769
8.124082
8.099615
8.111261
8.151115
8.181764
8.195599
8.183836
8.161178
8.120072
8.070055
8.002758
7.914380
7.853337
7.821637
7.770782
7.685254
7.578303
7.489550
7.421694
7.377271
7.350367
7.333476
7.332132
7.361373
7.389213
7.444227
7.506374
7.588137
7.683766
7.782583
7.899148
7.985445
8.021133
8.047315
8.073564
8.115548
8.127170
8.148017
8.157532
8.145088
8.138232
8.158325
8.191908
8.227491
8.254551
8.274533
8.303549
8.346450
8.380315
8.406613
8.418702
8.418095
8.427904
8.437891
8.446665
8.437579
8.431704
8.435662
8.436522
8.425939
8.403519
8.383497
8.371697
8.378111
8.402437
8.426936
8.424104
8.387043
8.332754
8.248531
8.144523
8.036389
7.919476
7.780510
7.639742
7.518089
7.458200
7.386873
7.315148
7.247772
7.199938
7.180406
7.189871
7.174850
7.150121
7.121486
7.096578
7.030557
6.952903
6.880686
6.789760
6.707787
6.610128
6.505976
6.413816
6.326898
6.227971
6.123786
6.034683
5.963735
5.927267
5.918965
5.927282
5.950147
5.947528
5.940071
5.950365
5.951405
5.968816
5.997793
6.047108
6.097530
6.141889
6.179528
6.222291
6.269451
6.322184
6.378447
6.411755
6.438638
6.444514
6.442142
6.455202
6.468936
6.457767
6.420852
6.360886
6.329193
6.300370
6.278639
6.258417
6.235479
6.223355
6.237070
6.277830
6.343456
6.417908
6.505501
6.581523
6.668665
6.737269
6.837905
6.912951
6.966761
7.018590
7.063084
7.097733
7.136126
7.164285
7.219256
7.296964
7.395435
7.473704
7.526005
7.592936
7.666838
7.734360
7.776238
7.789303
7.777376
7.741370
7.691543
7.629763
7.548101
7.450656
7.339296
7.223625
7.112037
7.021169
6.942154
6.881012
6.835727
6.766190
6.703015
6.643735
6.596916
6.577067
6.560921
6.549449
6.520961
6.481663
6.464748
6.468873
6.470511
6.461427
6.472050
6.530780
6.600376
6.672716
6.745163
6.823420
6.870118
6.914296
6.962887
7.019542
7.074573
7.113674
7.140639
7.150994
7.116477
7.084626
7.017679
6.967222
6.911961
6.850381
6.774903
6.711321
6.684558
6.684109
6.688279
6.685441
6.669728
6.665492
6.673843
6.680914
6.694524
6.713460
6.728674
6.738524
6.743996
6.753098
6.761084
6.750955
6.747638
6.721040
6.675774
6.607114
6.539897
6.459292
6.371485
6.305975
6.247906
6.181013
6.122387
6.089930
6.050337
5.998794
5.970611
5.969527
5.986516
6.025806
6.067083
6.142645
6.251867
6.370788
6.482447
6.599414
6.746572
6.921757
7.107536
7.278108
7.499772
7.702249
7.895296
8.092851
8.279864
8.444530
8.612537
8.773571
8.959376
9.161623
9.374126
9.578304
9.760909
9.929488
10.065428
10.188730
10.303936
10.427108
10.573248
10.730397
10.904056
11.095241
11.291524
11.484504
11.644662
11.769354
11.862863
11.931843
11.977038
12.016630
12.059014
12.112933
12.173261
12.235574
12.272090
12.268246
12.230535
12.157203
12.064074
11.991866
11.938090
11.871984
11.776174
11.666961
11.567946
11.483671
11.403540
11.335115
11.271959
11.212695
11.160770
11.134625
11.121335
11.082560
11.031574
10.962973
10.866080
10.764818
10.602784
10.420033
10.199974
9.957582
9.714763
9.481171
9.277171
9.113431
8.972604
8.838682
8.685637
8.511256
8.320387
8.130758
7.951328
7.792877
7.629874
7.444275
7.248273
7.061656
6.885755
6.730653
6.572310
6.413057
6.259706
6.134218
6.054398
6.011600
5.960658
5.911684
5.874270
5.846805
5.813533
5.776743
5.735672
5.695214
5.654773
5.647090
5.663350
5.685721
5.705236
5.694145
5.638888
5.588965
5.575625
5.595937
5.645086
5.701672
5.753340
5.787569
5.838359
5.874942
5.921859
5.969738
5.997218
6.036313
6.096122
6.170031
6.265015
6.383606
6.494545
6.572607
6.633973
6.710351
6.818050
6.949756
7.119652
7.268315
7.415851
7.549600
7.703414
7.856985
7.992487
8.127045
8.231158
8.298387
8.320655
8.320805
8.327856
8.357971
8.390178
8.419409
8.420586
8.396460
8.340670
8.283045
8.247844
8.215774
8.161480
8.097803
8.044625
8.038627
8.037160
8.064590
8.114302
8.176940
8.190197
8.180236
8.154900
8.130652
8.127654
8.103877
8.036906
7.950058
7.847640
7.709253
7.531943
7.328833
7.116519
6.900984
6.688478
6.487246
6.313625
6.189174
6.060655
5.914495
5.750548
5.633390
5.495371
5.357935
5.203649
5.071274
4.964782
4.852307
4.757677
4.682535
4.649319
4.624567
4.624149
4.603052
4.571320
4.534041
4.503609
4.473750
4.440135
4.403942
4.379610
4.363002
4.361885
4.372888
4.392024
4.417864
4.448437
4.442332
4.427436
4.403273
4.444771
4.538716
4.668256
4.811849
4.953789
5.100122
5.242497
5.365004
5.452783
5.553347
5.642483
5.719614
5.788656
5.869116
5.969970
6.087174
6.233346
6.382818
6.555848
6.722888
6.897879
7.038551
7.169263
7.287656
7.411802
7.538624
7.670736
7.808061
7.939054
8.072137
8.195535
8.318471
8.423383
8.511684
8.574264
8.619348
8.643762
8.665502
8.689651
8.751833
8.840574
8.940067
9.029415
9.105762
9.168782
9.219799
9.273747
9.352160
9.454414
9.557551
9.611368
9.627571
9.612436
9.566982
9.492797
9.414645
9.329160
9.251558
9.179878
9.100445
8.993709
8.882821
8.770465
8.628953
8.477514
8.342550
8.240047
8.158284
8.039037
7.928695
7.808316
7.692954
7.584682
7.459401
7.305983
7.134097
6.979787
6.854913
6.762099
6.704970
6.628063
6.527149
6.400668
6.278625
6.179753
6.108396
6.049417
5.979648
5.915246
5.861264
5.793291
5.710224
5.622529
5.550591
5.487712
5.431913
5.383226
5.334352
5.270601
5.209310
5.165897
5.138480
5.127932
5.140819
5.169981
5.192124
5.219648
5.240811
5.242971
5.220774
5.217233
5.234649
5.254535
5.294842
5.356534
5.419247
5.469046
5.530957
5.672494
5.798670
5.949341
6.105378
6.254257
6.386102
6.499747
6.595175
6.663965
6.722762
6.767542
6.818009
6.899921
6.994475
7.086387
7.154789
7.214300
7.289640
7.383566
7.496810
7.606710
7.736631
7.912818
8.094543
8.278288
8.434614
8.585617
8.724422
8.837183
8.896509
8.917699
8.923410
8.928718
8.959732
8.992309
9.008450
9.026541
9.042076
9.067487
9.124596
9.209974
9.314099
9.411716
9.496185
9.549457
9.577216
9.563985
9.501244
9.443525
9.367384
9.254150
9.188669
9.087442
8.965948
8.838899
8.708189
8.591334
8.490732
8.397050
8.301036
8.195541
8.057218
7.886662
7.723096
7.573448
7.454249
7.336624
7.216209
7.086598
6.950517
6.817470
6.671151
6.513088
6.352907
6.187883
6.030286
5.870289
5.718482
5.582211
5.454179
5.338707
5.252186
5.173929
5.092860
5.009478
4.931950
4.855680
4.787713
4.737399
4.719138
4.732446
4.787156
4.885638
5.019052
5.179729
5.327895
5.455398
5.574253
5.684287
5.807909
5.941439
6.063129
6.201479
6.330928
6.448060
6.580914
6.737234
6.922397
7.163075
7.433885
7.726904
8.018303
8.294294
8.587407
8.922216
9.258726
9.594108
9.918178
10.239714
10.576334
10.922828
11.270387
11.604889
11.917900
12.214143
12.488200
12.763243
13.063229
13.374437
13.677309
14.003170
14.341165
14.638560
14.889222
15.122696
15.353248
15.580315
15.805811
16.022666
16.182460
16.275110
16.313932
16.323519
16.331015
16.345251
16.381676
16.451487
16.549259
16.626727
16.639649
16.590407
16.512065
16.391904
16.245127
16.090473
15.924066
15.743969
15.565289
15.359462
15.111265
14.831820
14.526805
14.226554
13.899345
13.541074
13.195339
12.861000
12.523255
12.176197
11.814657
11.454279
11.098549
10.756102
10.439555
10.141769
9.863773
9.595008
9.326198
9.065825
8.827247
8.617963
8.460647
8.355203
8.298779
8.247289
8.237642
8.269773
8.312551
8.364431
8.447453
8.575486
8.731628
8.904401
9.080077
9.272974
9.457144
9.660090
9.877310
10.131116
10.383194
10.612818
10.837788
11.066760
11.296790
11.538630
11.771924
12.004059
12.226623
12.439641
12.612814
12.733058
12.798639
12.819478
12.811567
12.823087
12.831909
12.843146
12.844265
12.830656
12.797408
12.758463
12.723475
12.683196
12.632038
12.573279
12.503202
12.429954
12.353176
12.255542
12.140599
11.987516
11.796610
11.550881
11.293446
11.073505
10.849602
10.620649
10.422624
10.242545
10.067965
9.885841
9.709012
9.537073
9.377672
9.208906
9.040622
8.844664
8.631110
8.423356
8.238055
8.071106
7.902652
7.768526
7.635203
7.475561
7.315696
7.155392
6.999750
6.821911
6.626769
6.449379
6.309567
6.215443
6.162982
6.152835
6.116275
6.101357
6.102296
6.143814
6.178930
6.214179
6.228683
6.196508
6.151161
6.110170
6.087193
6.077069
6.069685
6.043655
5.988547
5.918778
5.827064
5.753431
5.698383
5.654671
5.607746
5.549234
5.495604
5.460074
5.456988
5.473970
5.477828
5.496629
5.531486
5.579795
5.655502
5.726323
5.784722
5.824979
5.838528
5.843744
5.848260
5.830277
5.853241
5.902895
5.938469
5.945395
5.944084
5.941903
5.917068
5.883792
5.856505
5.814559
5.765720
5.724354
5.682121
5.621758
5.532735
5.459819
5.409486
5.391166
5.383654
5.397559
5.402810
5.397772
5.405926
5.445389
5.528430
5.636098
5.743008
5.838159
5.913976
5.973694
6.024001
6.072457
6.071166
6.095147
6.105215
6.112403
6.108554
6.099757
6.091015
6.061473
6.020534
5.971138
5.905569
5.879578
5.855903
5.837033
5.831925
5.809802
5.799936
5.821694
5.873693
5.934261
6.006614
6.102881
6.214793
6.338701
6.487192
6.630698
6.750661
6.839088
6.885365
6.893270
6.877274
6.849073
6.838362
6.786333
6.714905
6.624004
6.539094
6.459783
6.389164
6.331302
6.295559
6.264435
6.251501
6.272615
6.297013
6.344942
6.398564
6.427881
6.439333
6.435680
6.439654
6.405762
6.400523
6.408844
6.438472
6.463949
6.513815
6.560890
6.595808
6.567462
6.524972
6.462335
6.408128
6.374742
6.375935
6.381047
6.344835
6.268446
6.160304
6.075393
6.014993
5.974729
5.956895
5.908931
5.845213
5.810334
5.804140
5.815637
5.828788
5.832947
5.830806
5.816704
5.800805
5.831532
5.885693
5.947497
5.993105
6.047542
6.087686
6.103410
6.092359
6.072299
6.024455
5.951500
5.885598
5.827031
5.758969
5.708086
5.674634
5.666526
5.680731
5.738656
5.807188
5.871671
5.909415
5.967293
6.041936
6.153484
6.279774
6.394984
6.486826
6.564924
6.649358
6.761570
6.863502
6.972413
7.092408
7.175356
7.213326
7.214283
7.193210
7.145949
7.097458
7.064131
7.015260
6.957441
6.927259
6.914099
6.914293
6.935139
6.972762
6.996811
6.999736
6.996271
7.012265
7.017817
7.017694
6.982289
6.935877
6.901904
6.858899
6.804817
6.796057
6.815126
6.845195
6.859652
6.867481
6.847979
6.805773
6.748550
6.668710
6.559893
6.448020
6.350862
6.291020
6.258836
6.199688
6.134058
6.070834
6.033596
5.994814
5.978960
5.987712
5.974587
5.980567
6.002504
6.020723
6.082201
6.178715
6.312335
6.446477
6.577137
6.735201
6.905686
7.094703
7.262448
7.377769
7.446875
7.488417
7.507839
7.485476
7.440874
7.398424
7.346410
7.295145
7.247794
7.195498
7.185482
7.201873
7.221533
7.227194
7.219819
7.188919
7.150528
7.107689
7.083547
7.073193
7.076493
7.079240
7.070518
7.060120
7.073320
7.091401
7.111165
7.132563
7.160972
7.230592
7.284770
7.324411
7.354716
7.367913
7.358765
7.335969
7.305248
7.250687
7.202351
7.195424
7.180003
7.171853
7.173319
7.199928
7.242739
7.261889
7.281065
7.291998
7.318312
7.354195
7.394714
7.442473
7.493074
7.529921
7.548282
7.556057
7.544103
7.503227
7.432442
7.382221
7.322069
7.271019
7.254231
7.248486
7.266843
7.299040
7.320837
7.346125
7.371921
7.442387
7.541477
7.666442
7.754748
7.816690
7.862364
7.923482
7.978338
8.012369
8.022680
8.010805
8.035417
8.081701
8.127260
8.166637
8.193532
8.199004
8.184259
8.160049
8.115212
8.065162
8.029906
8.014802
7.990191
7.947856
7.898812
7.868446
7.857440
7.872831
7.916869
7.988924
8.049245
8.119228
8.174811
8.218353
8.256357
8.278158
8.278913
8.253693
8.202401
8.105651
8.013593
7.918664
7.819557
7.736920
7.662563
7.610243
7.565636
7.523619
7.490772
7.432867
7.350225
7.240983
7.175863
7.141797
7.131060
7.144809
7.141683
7.133036
7.109415
7.098935
7.088979
7.094641
7.119665
7.144250
7.168909
7.187366
7.196699
7.193274
7.185452
7.197111
7.217089
7.234517
7.268861
7.315121
7.361971
7.394860
7.393128
7.373263
7.344530
7.331632
7.331820
7.346088
7.363935
7.386327
7.401725
7.403391
7.390668
7.370074
7.350333
7.362549
7.371954
7.390699
7.423763
7.478163
7.536521
7.607895
7.663392
7.711221
7.744732
7.783323
7.816482
7.841537
7.848766
7.811063
7.782486
7.737366
7.715371
7.683055
7.632324
7.557261
7.503676
7.472551
7.449784
7.432316
7.396684
7.352111
7.325734
7.328348
7.344025
7.370145
7.413596
7.467779
7.551841
7.663820
7.802421
7.957123
8.125052
8.299251
8.478123
8.663913
8.915205
9.184046
9.469860
9.774791
10.054119
10.326458
10.608158
10.888821
11.162324
11.420624
11.686717
11.962295
12.246784
12.547875
12.847384
13.173518
13.493580
13.786353
14.052031
14.288973
14.533793
14.813385
15.103478
15.385366
15.681808
15.969466
16.248132
16.511024
16.742493
16.948085
17.136142
17.297893
17.419230
17.510773
17.552589
17.552458
17.515782
17.423356
17.316284
17.219646
17.081656
16.902282
16.670613
16.383197
16.058860
15.736063
15.431573
15.134327
14.848299
14.549126
14.228437
13.902130
13.570596
13.232052
12.928365
12.596326
12.263941
11.965713
11.705597
11.483173
11.266822
11.019343
10.766932
10.495611
10.243948
9.985435
9.729277
9.506215
9.306405
9.144789
8.980023
8.790069
8.576379
8.372003
8.147018
7.917042
7.699408
7.501367
7.300146
7.123535
6.960945
6.821236
6.697034
6.607337
6.571947
6.584893
6.623613
6.669714
6.723834
6.790164
6.856136
6.923145
6.978209
7.018586
7.052211
7.074510
7.114034
7.153045
7.210115
7.273168
7.347952
7.435820
7.539194
7.679502
7.841178
8.026588
8.223192
8.407241
8.589426
8.743960
8.865028
8.974749
9.056813
9.112192
9.163257
9.225635
9.269888
9.313123
9.356981
9.391978
9.436630
9.487263
9.518004
9.541228
9.573722
9.591333
9.614668
9.645086
9.641924
9.616402
9.601754
9.611940
9.627509
9.620185
9.583120
9.514231
9.433625
9.383678
9.344757
9.302518
9.268646
9.242254
9.223210
9.231074
9.240936
9.239804
9.254873
9.280249
9.280941
9.305670
9.321234
9.311414
9.272954
9.255454
9.271626
9.328760
9.412708
9.516466
9.624543
9.756864
9.935137
10.136923
10.312841
10.453457
10.523381
10.515635
10.507105
10.509418
10.516251
10.481905
10.477481
10.486399
10.512563
10.541734
10.554197
10.550409
10.509065
10.429489
10.337324
10.218016
10.071838
9.902630
9.760057
9.668704
9.581788
9.493417
9.404842
9.353533
9.304683
9.249455
9.160929
9.017460
8.836659
8.635494
8.437599
8.251101
8.046668
7.852488
7.676233
7.472877
7.301889
7.157915
7.035027
6.894496
6.749722
6.607056
6.479307
6.374123
6.294876
6.213018
6.136427
6.085354
6.064459
6.048659
6.034344
6.018846
6.040354
6.078945
6.145710
6.237736
6.323117
6.407589
6.504069
6.599876
6.714295
6.834349
6.963396
7.109117
7.256208
7.401524
7.523949
7.608095
7.692764
7.792210
7.918741
8.039860
8.183109
8.330741
8.477560
8.604720
8.714665
8.803631
8.870426
8.920675
8.934082
8.903127
8.892772
8.851701
8.824995
8.815290
8.769881
8.715944
8.656315
8.599675
8.545778
8.464231
8.337288
8.167700
7.984022
7.817426
7.642708
7.442721
7.228172
7.046399
6.917001
6.829125
6.773910
6.695063
6.597461
6.458616
6.325892
6.199845
6.072967
5.971648
5.863573
5.757033
5.645409
5.555408
5.489692
5.437158
5.407890
5.408605
5.420626
5.393156
5.338625
5.273866
5.193526
5.119110
5.019065
4.925352
4.860898
4.814627
4.808078
4.807915
4.827355
4.867467
4.901322
4.946534
4.995155
5.036290
5.088469
5.125382
5.156589
5.200591
5.223304
5.264620
5.311319
5.353657
5.402419
5.454005
5.518845
5.558698
5.576442
5.567688
5.564356
5.581855
5.599380
5.612475
5.598392
5.571995
5.511061
5.432247
5.353297
5.267363
5.172933
5.086869
5.025843
5.005272
4.982136
4.969022
4.961323
4.955703
4.992491
5.056086
5.120461
5.212691
5.323537
5.456088
5.613352
5.777191
5.945502
6.097758
6.223372
6.323755
6.427540
6.538802
6.638400
6.756799
6.883913
7.005914
7.131345
7.256922
7.377435
7.475419
7.561466
7.626331
7.663183
7.679594
7.685885
7.704965
7.732830
7.764535
7.821733
7.905091
7.974400
8.028670
8.071627
8.120633
8.178395
8.213314
8.204088
8.159236
8.101942
8.052961
8.001028
7.934717
7.829613
7.719727
7.600475
7.457385
7.324852
7.209563
7.078958
6.919598
6.763262
6.602578
6.455346
6.307521
6.180483
6.093843
6.014678
5.947159
5.884907
5.839392
5.784801
5.721291
5.682449
5.619451
5.554780
5.512434
5.479779
5.464051
5.466694
5.508759
5.549487
5.596323
5.636660
5.683437
5.734813
5.775223
5.839438
5.900488
5.946009
6.002008
6.076775
6.141882
6.196158
6.226780
6.234914
6.236810
6.279533
6.299871
6.303206
6.294599
6.299430
6.304486
6.324023
6.351989
6.393090
6.473261
6.564630
6.655309
6.733930
6.792853
6.837300
6.886226
6.954452
7.077734
7.179931
7.235459
7.267170
7.316560
7.378410
7.462467
7.561049
7.662545
7.745515
7.828463
7.894708
7.965468
8.037179
8.084473
8.074391
8.027256
8.012244
8.044669
8.122545
8.203070
8.262394
8.325298
8.370616
8.442200
8.531157
8.643045
8.787729
8.962393
9.154629
9.343857
9.536556
9.715096
9.871176
10.044132
10.256016
10.496183
10.744843
10.980291
11.207038
11.428432
11.650352
11.885707
12.147285
12.460282
12.837181
13.263655
13.690498
14.116234
14.529415
14.914211
15.296612
15.662587
16.007901
16.318174
16.574096
16.809595
17.001649
17.161876
17.323718
17.508972
17.673626
17.790147
17.883125
17.976426
18.052814
18.141565
18.219858
18.273393
18.322648
18.379937
18.440707
18.506031
18.566304
18.584999
18.548129
18.448259
18.290147
18.124641
17.939774
17.754858
17.549488
17.344560
17.160550
16.969520
16.762469
16.524114
16.244838
15.929607
15.612315
15.295688
14.989674
14.665838
14.319392
13.941148
13.545917
13.172065
12.804650
12.439946
12.087306
11.750845
11.429299
11.135571
10.856374
10.597741
10.355712
10.131138
9.936481
9.755391
9.555992
9.347154
9.155921
8.978949
8.811084
8.653518
8.512448
8.374389
8.272556
8.180372
8.111603
8.046306
7.984843
7.900400
7.787061
7.665052
7.580224
7.531565
7.508443
7.518412
7.547876
7.601245
7.664295
7.708372
7.749870
7.777779
7.802886
7.811237
7.799447
7.768436
7.731871
7.693746
7.675897
7.683367
7.697057
7.696506
7.673424
7.619637
7.566319
7.499544
7.408329
7.301113
7.203190
7.107833
7.021857
6.934216
6.835036
6.753100
6.683358
6.619105
6.553050
6.486085
6.427621
6.388615
6.339658
6.305632
6.291872
6.291441
6.275418
6.282583
6.285759
6.289003
6.280143
6.283321
6.289617
6.308503
6.315253
6.308741
6.337631
6.390102
6.450467
6.520483
6.584786
6.649433
6.680623
6.702339
6.689419
6.679899
6.681491
6.690729
6.729141
6.750982
6.752364
6.749704
6.724123
6.689034
6.657958
6.658430
6.681420
6.747407
6.861922
7.007734
7.165592
7.334837
7.503378
7.613255
7.702479
7.750446
7.782182
7.805206
7.811201
7.797134
7.755515
7.674064
7.602796
7.540023
7.507612
7.503562
7.493732
7.468895
7.472875
7.489755
7.510492
7.519935
7.543267
7.578435
7.630121
7.671539
7.655168
7.610392
7.571159
7.533879
7.507279
7.478093
7.454345
7.438877
7.415852
7.354402
7.296808
7.244048
7.181770
7.112603
7.044493
6.976599
6.922909
6.878173
6.849859
6.812453
6.734888
6.619757
6.492434
6.377733
6.277841
6.201451
6.164739
6.220310
6.257469
6.303550
6.333024
6.361135
6.397016
6.427545
6.449363
6.458660
6.447000
6.426442
6.379559
6.367463
6.380099
6.403058
6.420741
6.452543
6.499216
6.550626
6.598234
6.634848
6.669632
6.716095
6.778551
6.818897
6.826723
6.837470
6.842928
6.863390
6.894130
6.913219
6.958871
7.045252
7.126410
7.228920
7.344317
7.466051
7.561421
7.641436
7.723027
7.805723
7.868959
7.911488
7.961277
8.024439
8.106246
8.191213
8.274744
8.335004
8.362229
8.332933
8.287579
8.218227
8.160277
8.109670
8.072436
8.052075
8.033815
8.022156
8.031518
8.070377
8.110977
8.118831
8.111865
8.075147
8.016279
7.956879
7.902500
7.853146
7.807145
7.790982
7.770829
7.758555
7.748259
7.723324
7.705327
7.680415
7.656689
7.638282
7.623338
7.609311
7.577394
7.511619
7.456708
7.386794
7.342290
7.306050
7.297018
7.304621
7.305168
7.302103
7.305528
7.339921
7.365439
7.377054
7.380290
7.391411
7.422277
7.471782
7.525234
7.580200
7.631118
7.676848
7.719319
7.745125
7.767349
7.773268
7.777844
7.771116
7.745167
7.696231
7.644196
7.630061
7.632171
7.653876
7.664885
7.666605
7.668588
7.661908
7.652558
7.600192
7.552054
7.532041
7.531271
7.553807
7.599518
7.665548
7.750970
7.844251
7.947040
8.045851
8.152926
8.297680
8.458687
8.642639
8.820130
8.982952
9.157008
9.310356
9.428044
9.519576
9.600700
9.670524
9.741380
9.830097
9.934336
10.063408
10.191334
10.289826
10.349830
10.363937
10.345830
10.297117
10.232449
10.179633
10.154718
10.140328
10.107340
10.048268
9.974979
9.888424
9.791808
9.674314
9.527248
9.370214
9.225054
9.036808
8.811776
8.584822
8.361278
8.158161
7.951477
7.740253
7.554339
7.423402
7.323044
7.248622
7.199771
7.175334
7.173351
7.183849
7.212280
7.246270
7.311206
7.386786
7.497658
7.618112
7.741178
7.896175
8.091175
8.289476
8.480462
8.659204
8.855520
9.054370
9.261729
9.458095
9.637709
9.800349
9.958743
10.129304
10.302719
10.443121
10.569819
10.674976
10.750457
10.828298
10.930170
11.053101
11.187719
11.344821
11.532105
11.742969
11.949620
12.129676
12.276995
12.453651
12.647771
12.856132
13.042957
13.203733
13.356178
13.480663
13.601428
13.702412
13.726500
13.681390
13.569027
13.389421
13.185041
12.970527
12.746211
12.505842
12.209413
11.909475
11.587253
11.308297
11.045503
10.784131
10.510660
10.246173
9.993809
9.764209
9.519680
9.265539
9.018213
8.806940
8.642350
8.523012
8.430965
8.354984
8.263809
8.206844
8.175849
8.172118
8.193787
8.207847
8.196028
8.165491
8.096969
7.990101
7.846591
7.680488
7.511005
7.344783
7.166943
6.961265
6.771184
6.597025
6.441992
6.295273
6.150877
6.016973
5.911891
5.836613
5.780597
5.721426
5.664611
5.611331
5.555401
5.561555
5.581730
5.620351
5.671373
5.745781
5.826099
5.930477
6.060708
6.193986
6.352896
6.520931
6.698765
6.877659
7.041595
7.186395
7.294129
7.413122
7.552169
7.715525
7.898300
8.115653
8.338132
8.540897
8.731518
8.885500
9.061620
9.277785
9.497637
9.739805
10.025383
10.309253
10.596327
10.870952
11.128314
11.371815
11.618324
11.878271
12.150482
12.426574
12.705422
13.001655
13.310856
13.638266
13.977678
14.291841
14.587314
14.894604
15.201839
15.510036
15.810917
16.111009
16.374858
16.590619
16.770163
16.906592
16.961851
16.961138
16.895095
16.782513
16.652949
16.528234
16.400535
16.282546
16.174134
16.066221
15.989031
15.954613
15.890354
15.775553
15.656867
15.532128
15.410621
15.255359
15.090299
14.921870
14.736947
14.522176
14.286030
14.018750
13.723434
13.438898
13.157610
12.902119
12.673059
12.454935
12.236936
12.020074
11.794278
11.553658
11.300597
11.032736
10.744897
10.426775
10.079239
9.703317
9.300433
8.893058
8.529180
8.190439
7.882765
7.594081
7.348252
7.121875
6.909060
6.722664
6.577383
6.450062
6.357288
6.293521
6.221876
6.132590
6.043909
5.961496
5.883925
5.810272
5.723131
5.636571
5.564796
5.499567
5.438849
5.390947
5.364674
5.386465
5.386456
5.370468
5.337262
5.310286
5.295162
5.308989
5.329400
5.360985
5.401391
5.430774
5.482493
5.539135
5.570165
5.577823
5.577055
5.562062
5.535814
5.518796
5.508357
5.497928
5.484222
5.455099
5.404858
5.349847
5.256301
5.202325
5.175694
5.180134
5.187742
5.195252
5.185783
5.162220
5.117581
5.082349
5.036794
4.994223
4.950880
4.897409
4.843061
4.807921
4.806589
4.841727
4.893249
4.940920
4.999525
5.087937
5.201166
5.319163
5.437520
5.558553
5.737603
5.927703
6.118489
6.298764
6.445884
6.598162
6.776145
6.966015
7.184295
7.441405
7.682318
7.935214
8.207298
8.489094
8.764133
9.036582
9.286601
9.526706
9.770583
10.044668
10.342066
10.650160
10.959951
11.255278
11.524126
11.770678
12.037980
12.291428
12.537620
12.785922
13.018065
13.233273
13.427679
13.586877
13.726180
13.848345
13.965394
14.080845
14.192757
14.279300
14.331603
14.354157
14.367874
14.353997
14.292965
14.186301
14.036095
13.838602
13.601778
13.326112
13.018939
12.719890
12.441835
12.176233
11.931914
11.673936
11.406471
11.167084
10.941062
10.721435
10.525308
10.339268
10.158321
9.989505
9.823452
9.653542
9.500979
9.343450
9.180812
9.015513
8.858744
8.711391
8.605012
8.525098
8.465251
8.416490
8.360914
8.313113
8.256124
8.204458
8.174252
8.138357
8.114335
8.110126
8.110243
8.116423
8.128183
8.146063
8.157421
8.179436
8.223358
8.278219
8.323346
8.369775
8.416503
8.442554
8.431904
8.381079
8.286013
8.178935
8.061640
7.941327
7.816468
7.711507
7.617755
7.547154
7.469030
7.376130
7.293228
7.224404
7.163489
7.079694
6.981526
6.877811
6.767049
6.666730
6.574499
6.514073
6.472061
6.443885
6.418807
6.383362
6.357661
6.369174
6.424744
6.485581
6.536395
6.570974
6.594173
6.613955
6.619885
6.625739
6.618818
6.604949
6.587625
6.565011
6.531802
6.488460
6.430233
6.388778
6.363175
6.343632
6.332586
6.345553
6.348838
6.366934
6.386093
6.413909
6.433780
6.459658
6.483174
6.503965
6.525126
6.535481
6.564533
6.620215
6.715312
6.852518
7.010660
7.167875
7.305858
7.447259
7.568630
7.666142
7.747478
7.804273
7.828839
7.829701
7.806713
7.756921
7.683983
7.600683
7.502523
7.387832
7.265333
7.176757
7.104248
7.046027
7.007833
6.986985
6.961353
6.928822
6.883225
6.835999
6.785988
6.744730
6.714514
6.685919
6.667165
6.679020
6.700264
6.727590
6.746213
6.755587
6.762413
6.763631
6.763987
6.752632
6.758404
6.771645
6.753158
6.719455
6.665209
6.619529
6.576211
6.521684
6.447951
6.364474
6.302807
6.258272
6.236489
6.227531
6.242397
6.268037
6.301125
6.337017
6.362918
6.376068
6.404205
6.455761
6.501276
6.532844
6.554576
6.562416
6.553105
6.544179
6.560172
6.588706
6.623791
6.662547
6.699817
6.727543
6.744544
6.748318
6.731375
6.693838
6.660220
6.638137
6.614745
6.567495
6.493994
6.419402
6.336004
6.264435
6.227072
6.200303
6.186201
6.199058
6.194926
6.200432
6.227759
6.245286
6.255943
6.252834
6.238216
6.214033
6.145080
6.039625
5.921076
5.794410
5.672743
5.560144
5.470023
5.400479
5.350951
5.299931
5.273953
5.272765
5.267383
5.262285
5.301421
5.363105
5.420559
5.477877
5.524906
5.552921
5.552016
5.550829
5.548043
5.559391
5.581943
5.620583
5.656257
5.687439
5.723292
5.768910
5.821814
5.887035
5.963754
6.053173
6.131035
6.186087
6.277731
6.365180
6.420859
6.460812
6.487218
6.505032
6.532536
6.553570
6.566824
6.598755
6.645931
6.691212
6.728265
6.752275
6.801609
6.865051
6.926637
6.998874
7.057917
7.131574
7.201314
7.256692
7.291175
7.344243
7.387569
7.400896
7.399440
7.385402
7.349957
7.329206
7.353736
7.368492
7.356437
7.308924
7.235629
7.134339
7.043119
6.938237
6.797105
6.640131
6.496127
6.383346
6.284669
6.183217
6.090869
5.983611
5.877248
5.754126
5.646710
5.572101
5.488078
5.431039
5.397852
5.388315
5.391863
5.398141
5.407870
5.423416
5.422087
5.401059
5.365373
5.312215
5.270860
5.226764
5.191302
5.168379
5.154643
5.158891
5.174508
5.180926
5.174667
5.188609
5.235139
5.265909
5.280590
5.303721
5.311161
5.306170
5.297101
5.266298
5.232959
5.217599
5.230022
5.260177
5.312033
5.373621
5.418861
5.457690
5.490458
5.522598
5.552596
5.599302
5.675988
5.770179
5.864927
5.963822
6.072864
6.193206
6.269728
6.320542
6.357691
6.375933
6.367116
6.358204
6.351570
6.350223
6.356599
6.374108
6.387330
6.395145
6.417293
6.459750
6.501304
6.531427
6.539341
6.551353
6.549351
6.537011
6.561949
6.615388
6.692296
6.774493
6.904956
7.025056
7.131785
7.210463
7.265416
7.300893
7.297897
7.276887
7.235158
7.189966
7.145043
7.123828
7.109275
7.108869
7.133516
7.167079
7.213069
7.256201
7.273746
7.274793
7.276938
7.269720
7.258505
7.239050
7.217796
7.204136
7.212168
7.224251
7.250695
7.259802
7.284547
7.299091
7.288934
7.275463
7.271382
7.288522
7.354244
7.415951
7.482065
7.540868
7.595606
7.638063
7.671753
7.715197
7.766834
7.815656
7.852871
7.897633
7.946728
7.968751
7.978175
8.025371
8.077412
8.130549
8.173520
8.195740
8.222358
8.227683
8.207770
8.155082
8.067995
7.948974
7.805394
7.654462
7.496635
7.326751
7.153703
7.033769
6.943129
6.889343
6.825271
6.746285
6.657850
6.585471
6.506606
6.430428
6.354550
6.306232
6.284145
6.292888
6.307410
6.360545
6.449093
6.506850
6.531727
6.528243
6.487789
6.453769
6.421023
6.411862
6.414805
6.460791
6.517123
6.565188
6.602271
6.619021
6.613683
6.564575
6.492188
6.423814
6.319691
6.217881
6.128857
6.045082
5.993897
5.949742
5.946070
5.996354
6.082107
6.156754
6.210518
6.255782
6.301168
6.369612
6.444581
6.531451
6.629961
6.714857
6.780642
6.870232
6.996521
7.085765
7.171756
7.235809
7.273491
7.294657
7.302190
7.308691
7.294969
7.258720
7.204004
7.156823
7.133761
7.135349
7.161081
7.193448
7.241800
7.324924
7.426658
7.524797
7.625505
7.699480
7.779770
7.852286
7.905126
7.962949
8.023619
8.069125
8.113553
8.131152
8.175304
8.230713
8.268945
8.279022
8.261665
8.237401
8.198221
8.127517
8.043962
7.981448
7.952802
7.945128
7.936872
7.935532
7.926125
7.906347
7.887194
7.906448
7.954455
7.995837
8.000403
8.044790
8.131286
8.251032
8.401095
8.554450
8.726874
8.898083
9.073632
9.268439
9.468400
9.658807
9.827808
9.965700
10.076862
10.186927
10.297571
10.380806
10.459040
10.557827
10.685797
10.836304
10.977776
11.131541
11.299513
11.465633
11.655896
11.897847
12.204139
12.521063
12.843231
13.143296
13.417588
13.678806
13.906203
14.080301
14.199851
14.269251
14.275085
14.204064
14.075548
13.924401
13.757706
13.584426
13.414450
13.252843
13.109265
12.950420
12.795446
12.637758
12.447013
12.238485
12.012409
11.764337
11.508053
11.250555
10.981814
10.712902
10.413124
10.096473
9.820946
9.589717
9.373897
9.184238
9.015642
8.856880
8.667914
8.484899
8.314871
8.154297
8.010337
7.872738
7.732022
7.588609
7.431939
7.259977
7.043576
6.796542
6.515465
6.239258
5.985717
5.771836
5.588410
5.428341
5.301432
5.207106
5.118733
5.049653
4.982357
4.939060
4.916073
4.930062
4.942859
4.957345
4.982324
4.999239
5.003093
4.967628
4.945684
4.935664
4.926319
4.920578
4.924203
4.942554
4.964424
5.008199
5.070563
5.144822
5.233517
5.296134
5.338685
5.362865
5.376619
5.395940
5.421353
5.426904
5.422526
5.425379
5.429621
5.415926
5.407449
5.368966
5.322641
5.274995
5.233199
5.223506
5.230351
5.251079
5.275403
5.313004
5.336680
5.343972
5.323964
5.281939
5.220669
5.162129
5.127958
5.108335
5.111827
5.121739
5.127325
5.112566
5.100965
5.081553
5.043724
4.998434
4.965883
4.950758
4.912911
4.866743
4.830038
4.793343
4.786111
4.787374
4.814972
4.841739
4.872963
4.956762
5.064216
5.186834
5.311761
5.439797
5.568544
5.705595
5.855110
5.987082
6.085604
6.184227
6.295573
6.398842
6.467650
6.529525
6.561013
6.564586
6.571910
6.572761
6.600824
6.627658
6.664826
6.699036
6.751210
6.803137
6.851172
6.882852
6.902372
6.901491
6.879138
6.840894
6.790013
6.751266
6.714944
6.680757
6.629424
6.566334
6.507391
6.438665
6.352692
6.284866
6.248177
6.251416
6.265487
6.286088
6.305176
6.342867
6.377821
6.413270
6.498365
6.590554
6.693714
6.800222
6.912169
7.069937
7.261324
7.465144
7.678156
7.888811
8.120335
8.354506
8.604425
8.872151
9.141773
9.404218
9.680619
9.979394
10.305860
10.658700
11.008110
11.366293
11.709575
12.042327
12.376164
12.730278
13.105729
13.514366
13.948571
14.421533
14.905028
15.373475
15.823914
16.245323
16.676491
17.097828
17.524080
17.943948
18.348395
18.759433
19.152607
19.514829
19.836110
20.115867
20.357714
20.559186
20.754530
20.925785
21.087880
21.242446
21.353001
21.433387
21.528393
21.608089
21.643528
21.640357
21.604456
21.555592
21.465696
21.376169
21.256870
21.096491
20.899085
20.672623
20.410942
20.117018
19.784768
19.425673
19.038603
18.653308
18.257128
17.855486
17.472053
17.115578
16.800620
16.495448
16.183978
15.853028
15.513914
15.137840
14.744089
14.372894
14.014842
13.669382
13.303586
12.920472
12.509069
12.117265
11.741544
11.372346
11.012261
10.662191
10.331325
10.028462
9.728492
9.432180
9.152539
8.883380
8.624381
8.369347
8.097775
7.831288
7.561986
7.324376
7.123248
6.954974
6.809958
6.669299
6.549841
6.425403
6.299807
6.163108
6.014623
5.898275
5.831258
5.798300
5.771158
5.730761
5.670596
5.627307
5.587445
5.541854
5.514831
5.473846
5.413310
5.329328
5.240861
5.162964
5.108710
5.057276
5.019354
5.029170
5.034144
5.034724
5.070550
5.136830
5.219311
5.290475
5.351605
5.426157
5.527892
5.671293
5.806649
5.920325
6.038042
6.123517
6.164793
6.176898
6.171858
6.165997
6.182198
6.196666
6.220271
6.236247
6.242837
6.256460
6.268361
6.260845
6.253868
6.260640
6.286344
6.332111
6.396814
6.446346
6.489088
6.508044
6.530714
6.544353
6.551406
6.550413
6.556089
6.589631
6.637969
6.684451
6.728486
6.772183
6.812024
6.878790
6.958954
7.032816
7.105157
7.166555
7.228819
7.309131
7.416997
7.500394
7.560728
7.600987
7.598754
7.551762
7.481366
7.426566
7.436414
7.457840
7.485673
7.521782
7.545482
7.568989
7.577292
7.564560
7.561283
7.550621
7.530191
7.497098
7.479311
7.463493
7.433192
7.382655
7.322845
7.229374
7.104958
7.004406
6.924042
6.873260
6.862368
6.912394
6.955314
6.984932
6.998715
6.995044
6.970236
6.951016
6.943672
6.954096
6.981986
7.017902
7.058729
7.075538
7.060986
7.034182
7.008082
6.980455
6.946725
6.888613
6.831517
6.801398
6.801103
6.831424
6.892797
6.989260
7.070826
7.116050
7.118740
7.171008
7.248715
7.318081
7.368921
7.395188
7.398108
7.377310
7.314704
7.240076
7.189617
7.157148
7.138614
7.106054
7.079142
7.058079
7.039759
7.052359
7.101077
7.171606
7.240302
7.269733
7.259119
7.207012
7.143758
7.073081
7.000926
6.918535
6.836719
6.758641
6.661476
6.559063
6.471092
6.403116
6.355311
6.329633
6.342566
6.365611
6.397490
6.437531
6.480186
6.527729
6.573836
6.598494
6.603392
6.610039
6.609153
6.599967
6.595770
6.595933
6.590510
6.563912
6.559596
6.601850
6.673242
6.754679
6.817628
6.855237
6.871271
6.882497
6.872385
6.843815
6.793005
6.741687
6.706370
6.683150
6.646364
6.580689
6.492274
6.353819
6.264741
6.195256
6.138426
6.103802
6.090500
6.087570
6.083047
6.076932
6.091088
6.098471
6.110746
6.120456
6.117449
6.124616
6.124704
6.121986
6.101722
6.093030
6.062240
6.015665
5.954679
5.879982
5.812595
5.771217
5.746528
5.721401
5.687036
5.650452
5.610928
5.581887
5.567254
5.553967
5.543592
5.504023
5.457320
5.406217
5.376471
5.350326
5.332823
5.314017
5.315670
5.331374
5.353996
5.366171
5.377172
5.390395
5.425116
5.485921
5.552739
5.589653
5.573146
5.554074
5.550251
5.553394
5.572204
5.596416
5.619146
5.646553
5.665399
5.693579
5.714802
5.705119
5.668363
5.622636
5.601335
5.581544
5.585194
5.586296
5.574471
5.560565
5.565543
5.565258
5.581099
5.594926
5.627125
5.683098
5.752186
5.845317
5.965077
6.087853
6.190234
6.261051
6.298621
6.348310
6.400119
6.475303
6.546504
6.638847
6.748319
6.846337
6.919778
6.987032
7.035229
7.069175
7.081528
7.077222
7.065556
7.064553
7.044532
7.022117
6.984114
6.945833
6.893622
6.834238
6.785598
6.768063
6.760052
6.753412
6.741298
6.720195
6.705342
6.754247
6.844881
6.959011
7.071872
7.148368
7.189676
7.222909
7.269927
7.323974
7.353706
7.360987
7.332305
7.279921
7.195317
7.075639
6.966880
6.876811
6.796272
6.748551
6.738859
6.736278
6.725738
6.694917
6.645004
6.591200
6.565351
6.562562
6.584434
6.623970
6.682503
6.770810
6.861395
6.952119
7.022214
7.060664
7.070733
7.073128
7.097398
7.139805
7.187240
7.228014
7.262855
7.298655
7.300829
7.271720
7.229605
7.177005
7.114074
7.038255
6.963903
6.860651
6.788698
6.744061
6.710768
6.710967
6.709547
6.695024
6.683878
6.673665
6.692754
6.733469
6.805551
6.902789
6.992327
7.082962
7.166694
7.244578
7.317771
7.382601
7.442954
7.524728
7.624946
7.745991
7.891971
8.055769
8.196224
8.308516
8.372517
8.415068
8.453855
8.492047
8.559706
8.642651
8.747142
8.871260
9.005574
9.145167
9.289780
9.431832
9.568375
9.700309
9.817901
9.913515
9.985837
10.046748
10.081946
10.124590
10.150391
10.166130
10.165666
10.169383
10.165571
10.152713
10.113716
10.047075
9.982311
9.924502
9.880198
9.844955
9.797857
9.738251
9.644002
9.544822
9.450352
9.370726
9.290690
9.206989
9.110328
8.997001
8.877244
8.752857
8.654738
8.558639
8.473621
8.400760
8.350865
8.319952
8.315476
8.325231
8.336113
8.347861
8.365760
8.382777
8.426187
8.485892
8.569703
8.679513
8.778667
8.838593
8.868106
8.871561
8.851624
8.822657
8.787434
8.746150
8.701017
8.641163
8.578686
8.515561
8.452984
8.394119
8.318295
8.240423
8.181713
8.152189
8.126100
8.071083
8.000114
7.940097
7.878344
7.832170
7.782728
7.725606
7.654776
7.571923
7.493533
7.410941
7.342741
7.297502
7.272265
7.234228
7.185982
7.115884
7.040651
6.967053
6.889259
6.820298
6.776192
6.744275
6.723964
6.712403
6.711986
6.705655
6.678931
6.653213
6.623569
6.598476
6.568507
6.558122
6.552834
6.550715
6.540682
6.514903
6.467440
6.396190
6.310379
6.227683
6.185813
6.158965
6.137698
6.113884
6.078958
6.040457
6.004078
5.973752
5.966069
5.947990
5.899176
5.848854
5.812169
5.763465
5.728792
5.697467
5.679309
5.686468
5.702034
5.693329
5.680141
5.663684
5.664526
5.699650
5.752025
5.817682
5.895600
5.976457
6.065544
6.164638
6.274548
6.368053
6.450917
6.502113
6.516594
6.518999
6.515930
6.515946
6.523241
6.571350
6.619555
6.630822
6.629479
6.611726
6.605612
6.610654
6.629084
6.663419
6.711137
6.769511
6.831872
6.942689
7.066397
7.166198
7.230827
7.264071
7.260973
7.248148
7.242037
7.249082
7.253044
7.235025
7.191845
7.132199
7.080160
7.040739
6.999798
6.940270
6.882958
6.840238
6.814882
6.803955
6.767920
6.695804
6.603375
6.521672
6.432633
6.346807
6.257942
6.170918
6.107060
6.057077
6.005543
5.981562
5.975720
5.995652
6.036371
6.091862
6.145496
6.153497
6.188293
6.245640
6.307674
6.380279
6.457670
6.526979
6.581175
6.603351
6.609296
6.601750
6.591961
6.581945
6.589975
6.615913
6.650473
6.677217
6.684232
6.684520
6.679173
6.658986
6.633151
6.624993
6.639724
6.678909
6.703872
6.738734
6.792882
6.844346
6.887643
6.927247
6.932998
6.926549
6.932116
6.949377
6.972676
6.985688
7.002623
7.024136
7.032242
7.020267
6.987777
6.977368
6.988544
6.993283
7.006545
7.009837
6.975343
6.913937
6.841437
6.768558
6.662647
6.553318
6.458401
6.389041
6.357840
6.350952
6.363524
6.363209
6.325390
6.269606
6.203562
6.142656
6.090254
6.071049
6.072332
6.104891
6.164705
6.233899
6.291959
6.336631
6.364661
6.351478
6.321686
6.270830
6.203856
6.113937
6.025825
5.960396
5.913286
5.875974
5.851953
5.813309
5.764957
5.736361
5.711558
5.689528
5.637112
5.563880
5.494737
5.435854
5.381468
5.358724
5.366895
5.420781
5.520661
5.641725
5.761663
5.857909
5.936034
5.976721
5.983432
5.963822
5.933105
5.891117
5.846886
5.826637
5.824218
5.859885
5.893813
5.927436
5.945558
5.941202
5.926835
5.911310
5.913141
5.892678
5.863215
5.818840
5.799227
5.798449
5.811146
5.837701
5.868450
5.920621
5.996474
6.070971
6.139694
6.200298
6.260866
6.318423
6.382185
6.468014
6.551200
6.607631
6.638831
6.677858
6.745774
6.828830
6.918564
7.006722
7.108838
7.234463
7.359769
7.477670
7.590856
7.725679
7.857840
7.993439
8.145449
8.332573
8.505823
8.658494
8.772551
8.880140
9.010365
9.154448
9.305886
9.439760
9.554382
9.646910
9.743864
9.841566
9.952337
10.053580
10.142436
10.222600
10.290240
10.352743
10.425029
10.544597
10.665648
10.777040
10.859930
10.922054
10.977207
11.007620
10.981688
10.917587
10.808132
10.663415
10.487446
10.279882
10.087432
9.927035
9.804095
9.678018
9.550877
9.436303
9.333401
9.244155
9.142156
9.015494
8.898369
8.794624
8.696198
8.592210
8.508204
8.435577
8.372275
8.308111
8.266917
8.229906
8.182116
8.129155
8.057021
7.978024
7.904863
7.849562
7.788523
7.730507
7.683825
7.656796
7.634157
7.624495
7.605122
7.567108
7.515061
7.447154
7.364614
7.268150
7.200370
7.133534
7.075134
7.006820
6.926509
6.871817
6.824435
6.787139
6.750283
6.723932
6.720508
6.739657
6.754652
6.753091
6.743897
6.737959
6.724197
6.714272
6.738353
6.772974
6.810678
6.857102
6.924467
6.996787
7.088012
7.225644
7.370658
7.502054
7.601147
7.663250
7.687597
7.681267
7.655730
7.601453
7.538650
7.479601
7.400783
7.320737
7.257355
7.200467
7.153064
7.123140
7.133748
7.151775
7.202289
7.286135
7.382230
7.489796
7.598562
7.720708
7.844863
7.971010
8.115524
8.265435
8.389116
8.493590
8.603887
8.715495
8.839590
8.967548
9.079755
9.180660
9.281199
9.382619
9.484790
9.569670
9.663894
9.755984
9.827111
9.857056
9.873722
9.878484
9.875591
9.875724
9.851818
9.846799
9.857327
9.889370
9.937871
9.975193
9.986784
9.975518
9.934439
9.871204
9.773597
9.652574
9.552967
9.468542
9.375309
9.275603
9.166867
9.029282
8.844908
8.634841
8.401066
8.146418
7.922635
7.714604
7.519357
7.336619
7.180521
7.042569
6.895994
6.758740
6.648523
6.549807
6.454732
6.376432
6.298060
6.219805
6.149586
6.089720
6.045046
6.010065
5.977493
5.942598
5.958421
5.993493
6.037902
6.098850
6.147987
6.164353
6.160893
6.172712
6.198141
6.216553
6.231834
6.246736
6.268057
6.318269
6.393625
6.481967
6.604190
6.740877
6.878997
7.002991
7.119955
7.233818
7.369187
7.499088
7.629997
7.786796
7.962848
8.151137
8.349602
8.534032
8.706707
8.900769
9.089300
9.254566
9.399547
9.529717
9.635939
9.696467
9.746802
9.801300
9.871327
9.968135
10.105382
10.255809
10.399672
10.536893
10.677847
10.800955
10.917916
11.037868
11.141911
11.235793
11.337374
11.473107
11.659314
11.864306
12.039608
12.179148
12.309481
12.427252
12.492220
12.502434
12.482736
12.441528
12.392793
12.339147
12.274433
12.195281
12.112787
12.041906
11.980602
11.891855
11.762022
11.601160
11.420738
11.205034
10.956137
10.688200
10.407994
10.128001
9.858866
9.556835
9.261033
9.010613
8.766934
8.527455
8.327181
8.181289
8.079015
7.980964
7.883298
7.765343
7.618623
7.455860
7.291150
7.154018
7.045822
6.975163
6.949269
6.951076
6.967371
6.973463
6.988121
7.018509
7.064254
7.112544
7.212681
7.358441
7.514369
7.699336
7.910942
8.136112
8.358591
8.581352
8.796941
9.000888
9.227032
9.479301
9.740907
9.999700
10.235299
10.436767
10.615292
10.775481
10.924005
11.062683
11.166615
11.233818
11.257612
11.225316
11.148858
11.023221
10.846930
10.671770
10.498626
10.335021
10.191033
10.050995
9.898964
9.745888
9.591505
9.447529
9.306497
9.188624
9.095764
9.003854
8.893324
8.765704
8.629477
8.486387
8.359691
8.269824
8.194784
8.135979
8.086013
8.042130
7.973435
7.906723
7.866323
7.823675
7.801512
7.805631
7.844331
7.877314
7.897371
7.898319
7.875186
7.854903
7.848738
7.850879
7.859267
7.859413
7.853537
7.825942
7.792618
7.768834
7.759409
7.772058
7.793876
7.814548
7.808049
7.792849
7.763942
7.731718
7.689163
7.632313
7.571177
7.528240
7.497875
7.472482
7.463954
7.442247
7.419329
7.411636
7.412637
7.399362
7.363915
7.322974
7.260911
7.180749
7.095635
7.035669
6.977943
6.910620
6.843930
6.823919
6.827291
6.845683
6.882253
6.936777
7.001730
7.038966
7.045768
7.035714
7.009994
6.969965
6.918866
6.875729
6.848553
6.845343
6.844986
6.890528
6.982395
7.100390
7.226937
7.349661
7.467366
7.583469
7.710447
7.849794
7.948387
8.005165
8.019552
8.010839
8.000159
7.975278
7.917587
7.846306
7.792951
7.758151
7.719059
7.683020
7.645819
7.593304
7.543979
7.537048
7.542767
7.533504
7.530900
7.521219
7.491273
7.458092
7.419666
7.385907
7.351937
7.336840
7.302892
7.249165
7.169755
7.067957
6.950618
6.856408
6.790692
6.744757
6.708169
6.683299
6.658085
6.659092
6.652898
6.655908
6.640283
6.568416
6.449405
6.314861
6.191833
6.077924
5.978370
5.895906
5.813350
5.720132
5.665334
5.627494
5.606061
5.596011
5.569637
5.544640
5.529433
5.507268
5.476317
5.456409
5.500704
5.563915
5.641819
5.753892
5.859540
5.940639
6.024100
6.104626
6.197317
6.294834
6.401935
6.495172
6.598585
6.669131
6.709785
6.712717
6.764661
6.842592
6.933330
7.008748
7.051280
7.064564
7.045968
7.002172
6.981929
6.963454
6.944222
6.908148
6.886741
6.873529
6.871979
6.876942
6.885807
6.885366
6.857050
6.831155
6.783626
6.739963
6.697326
6.666688
6.634213
6.634313
6.659071
6.702020
6.759332
6.822402
6.876025
6.904511
6.898445
6.889515
6.837897
6.782932
6.746810
6.708743
6.686913
6.696451
6.723586
6.740511
6.715923
6.682683
6.637938
6.598625
6.560098
6.527370
6.515274
6.522001
6.510425
6.499079
6.495449
6.484988
6.483657
6.502204
6.517490
6.545861
6.585961
6.650316
6.673303
6.673245
6.655186
6.629334
6.614398
6.593147
6.574593
6.584205
6.614744
6.631828
6.637194
6.634051
6.631913
6.627189
6.606963
6.559824
6.494577
6.419400
6.359363
6.320417
6.297635
6.289401
6.287100
6.280892
6.293606
6.313726
6.342781
6.393123
6.449676
6.486811
6.515156
6.553157
6.616023
6.675474
6.736850
6.794726
6.840865
6.876865
6.920168
6.989251
7.107452
7.235085
7.361092
7.472390
7.567064
7.661860
7.767235
7.877736
7.989613
8.111019
8.216171
8.283226
8.337894
8.359292
8.333894
8.287999
8.220311
8.138405
8.036360
7.927008
7.820475
7.715007
7.630534
7.551017
7.482169
7.432442
7.395924
7.388882
7.389362
7.395538
7.437031
7.483207
7.503025
7.508967
7.489598
7.461057
7.423882
7.362940
7.282050
7.219694
7.137674
7.035638
6.924004
6.808772
6.699658
6.594263
6.499051
6.416407
6.329156
6.211283
6.081146
5.963711
5.876979
5.833120
5.815048
5.791420
5.745781
5.681478
5.592510
5.489914
5.383638
5.282022
5.188491
5.113072
5.058420
5.016324
4.996244
4.994863
5.023039
5.043487
5.059165
5.073293
5.078723
5.070249
5.051126
5.027174
5.014905
5.006323
5.012163
5.038567
5.088777
5.157731
5.231793
5.290802
5.350813
5.387225
5.416948
5.446348
5.462346
5.472480
5.511878
5.570947
5.644207
5.702586
5.747740
5.799417
5.851636
5.897480
5.939784
5.982501
6.026866
6.060540
6.097124
6.120673
6.153449
6.185721
6.235437
6.271429
6.288780
6.291144
6.308081
6.354495
6.426173
6.508058
6.579980
6.634080
6.667913
6.680166
6.687851
6.704471
6.724279
6.742416
6.778944
6.827016
6.862004
6.900770
6.939108
6.991161
7.045708
7.091886
7.134673
7.182512
7.225859
7.286206
7.361560
7.467753
7.586107
7.679239
7.753607
7.813480
7.855469
7.862652
7.846600
7.839704
7.834995
7.839561
7.830032
7.839221
7.849720
7.863337
7.879197
7.874208
7.841348
7.819770
7.812672
7.812026
7.796932
7.797486
7.834787
7.896173
7.957311
7.991795
8.009194
8.014657
8.027396
8.063383
8.122986
8.199015
8.257112
8.328180
8.389655
8.417281
8.413565
8.390686
8.371475
8.363078
8.303728
8.182054
8.003839
7.805339
7.608696
7.422263
7.257594
7.091053
6.938886
6.805655
6.698797
6.643003
6.620519
6.608330
6.606700
6.605312
6.582006
6.548889
6.526588
6.507403
6.541570
6.551134
6.580089
6.617598
6.671559
6.722324
6.760648
6.788172
6.797594
6.767258
6.736661
6.710038
6.682630
6.676042
6.696757
6.716173
6.725921
6.730786
6.741334
6.736395
6.726168
6.697431
6.673689
6.630196
6.579448
6.533854
6.497779
6.465575
6.433970
6.405131
6.388821
6.399143
6.431660
6.479116
6.528104
6.572789
6.617096
6.657323
6.704618
6.734462
6.787110
6.815992
6.855626
6.910270
6.987386
7.073194
7.160488
7.241496
7.313810
7.374428
7.433207
7.472692
7.509429
7.522781
7.514971
7.513512
7.527809
7.540296
7.566468
7.602520
7.648539
7.648399
7.633202
7.605614
7.569221
7.537357
7.515653
7.503114
7.484912
7.466510
7.403823
7.319777
7.226342
7.133406
7.033297
6.928599
6.817421
6.709942
6.605862
6.472572
6.332248
6.184543
6.040661
5.930774
5.836400
5.774800
5.722466
5.673316
5.604301
5.519182
5.411422
5.320377
5.230994
5.153413
5.100735
5.073199
5.053907
5.053844
5.078501
5.113317
5.171695
5.238137
5.298781
5.351238
5.401752
5.420073
5.405777
5.376980
5.342599
5.324542
5.313653
5.358940
5.404239
5.457092
5.512120
5.566852
5.608046
5.638553
5.656788
5.682688
5.725124
5.765197
5.812176
5.854100
5.885493
5.915994
5.939887
5.960985
5.993712
6.030429
6.065842
6.085836
6.149127
6.196057
6.233225
6.257956
6.291549
6.335657
6.359936
6.376665
6.383940
6.395643
6.397866
6.383759
6.351284
6.294213
6.228157
6.155101
6.078525
6.018816
5.948407
5.920482
5.908007
5.918364
5.944509
6.007968
6.092629
6.182714
6.283022
6.381787
6.492538
6.611584
6.764705
6.917018
7.053798
7.214955
7.389610
7.551319
7.700872
7.858895
8.020151
8.182671
8.335087
8.503917
8.687316
8.886269
9.115907
9.344065
9.559776
9.761785
9.934383
10.074806
10.215601
10.372020
10.508563
10.640933
10.739941
10.839412
10.934223
11.033450
11.140663
11.249612
11.369075
11.507801
11.673460
11.867842
12.077410
12.321281
12.561889
12.796349
13.024211
13.216177
13.318395
13.356668
13.335142
13.261062
13.163713
13.048157
12.945542
12.856882
12.737761
12.608543
12.473516
12.351087
12.236715
12.094635
11.964957
11.861294
11.766383
11.673065
11.585622
11.512509
11.437753
11.323365
11.172455
10.985034
10.775310
10.557761
10.333963
10.095828
9.865986
9.643034
9.415126
9.191409
8.970901
8.747164
8.534919
8.312209
8.092942
7.905229
7.735542
7.571842
7.372719
7.138255
6.884704
6.630718
6.405456
6.181590
5.971880
5.760863
5.548908
5.370166
5.221755
5.132467
5.073629
5.062732
5.079177
5.130529
5.194906
5.272859
5.350793
5.413618
5.452560
5.478027
5.504403
5.535933
5.551127
5.546550
5.541783
5.550866
5.573155
5.609385
5.667186
5.741853
5.816664
5.884514
5.937997
5.988303
6.029764
6.071058
6.079211
6.082057
6.110677
6.131084
6.142942
6.171940
6.218281
6.244046
6.255025
6.265732
6.282709
6.308460
6.338001
6.353434
6.343071
6.324160
6.297965
6.291108
6.299460
6.317594
6.347856
6.353962
6.336997
6.323714
6.323803
6.324262
6.312691
6.307975
6.311037
6.329421
6.335188
6.313993
6.264270
6.192512
6.126092
6.068935
6.028793
6.015053
6.019536
5.991274
5.958704
5.944203
5.923999
5.893411
5.859319
5.821951
5.792550
5.764435
5.767302
5.780369
5.810099
5.860239
5.937619
6.016831
6.097791
6.197151
6.267879
6.299125
6.297336
6.288743
6.266145
6.245016
6.253874
6.281020
6.313670
6.311782
6.290006
6.247112
6.196317
6.147002
6.118123
6.124996
6.128819
6.098967
6.066979
6.021936
5.983328
5.927160
5.885399
5.840524
5.797046
5.754763
5.712798
5.666234
5.590553
5.514254
5.422728
5.322369
5.224538
5.166049
5.112744
5.053601
5.000802
4.947292
4.884800
4.832375
4.781913
4.732564
4.684503
4.656842
4.675530
4.726371
4.778025
4.828650
4.850804
4.848328
4.839334
4.826728
4.809217
4.809079
4.829143
4.849712
4.897076
4.995425
5.066004
5.118328
5.152587
5.206754
5.283313
5.376028
5.486435
5.609170
5.714140
5.786884
5.838297
5.868979
5.886443
5.882915
5.860378
5.845136
5.841341
5.847358
5.869747
5.897434
5.928363
5.953250
5.988206
6.046897
6.125924
6.229893
6.329698
6.446155
6.564198
6.692546
6.775521
6.806008
6.841043
6.881055
6.908232
6.912584
6.908012
6.868093
6.860540
6.881778
6.915080
6.946272
6.962148
6.956077
6.931902
6.883163
6.833094
6.778422
6.699597
6.611799
6.568328
6.516064
6.467527
6.412869
6.316662
6.185466
6.051470
5.943832
5.843404
5.749912
5.669446
5.604432
5.576628
5.561085
5.561773
5.581952
5.621706
5.654240
5.688093
5.729470
5.743113
5.732100
5.695363
5.663278
5.657151
5.648318
5.642850
5.651551
5.672485
5.691452
5.744465
5.799592
5.846930
5.919883
6.012160
6.119312
6.223780
6.303272
6.342751
6.349955
6.329059
6.309789
6.301555
6.303274
6.312796
6.321423
6.322362
6.311581
6.286695
6.245156
6.186620
6.140830
6.095401
6.061765
6.081728
6.132528
6.190735
6.268743
6.380803
6.494280
6.620818
6.759715
6.882805
7.003297
7.078954
7.109095
7.095701
7.055907
6.996270
6.926128
6.854938
6.787504
6.727983
6.667780
6.575668
6.495150
6.427141
6.367298
6.298757
6.214750
6.127942
6.053210
6.000550
5.969566
5.947548
5.923928
5.906442
5.872001
5.846941
5.819266
5.796846
5.797672
5.790818
5.777901
5.779123
5.789932
5.792189
5.784083
5.760186
5.733842
5.712986
5.713885
5.718678
5.730840
5.732376
5.725217
5.698327
5.656017
5.608079
5.567768
5.511238
5.472553
5.465317
5.468407
5.485505
5.514475
5.542213
5.563042
5.569212
5.572855
5.577313
5.594279
5.620765
5.652006
5.673178
5.711483
5.773782
5.859721
5.952631
6.075672
6.198913
6.299328
6.369855
6.411142
6.442810
6.461490
6.460751
6.455054
6.484029
6.542954
6.625687
6.725312
6.848691
6.983852
7.098197
7.198372
7.281664
7.360132
7.437000
7.472471
7.495619
7.530923
7.571749
7.568018
7.540387
7.511370
7.494278
7.488097
7.490877
7.512605
7.559916
7.587366
7.589338
7.572187
7.543231
7.513008
7.498186
7.510437
7.544563
7.574683
7.583395
7.566888
7.544531
7.504010
7.437456
7.311300
7.138754
6.936875
6.727020
6.491435
6.298768
6.134948
5.999053
5.894802
5.816911
5.784149
5.800513
5.845374
5.884305
5.908144
5.927519
5.941640
5.927758
5.895628
5.874817
5.848302
5.824894
5.783956
5.717333
5.656515
5.597436
5.524032
5.452414
5.431183
5.444562
5.482450
5.540491
5.607643
5.657823
5.724156
5.758721
5.796569
5.833307
5.857116
5.868142
5.889765
5.918132
5.944017
5.969657
5.999053
6.050232
6.126696
6.204676
6.303116
6.427905
6.570682
6.702075
6.814652
6.911506
6.998943
7.082070
7.178051
7.281150
7.379335
7.474203
7.571478
7.679173
7.801306
7.923252
8.065296
8.233315
8.428381
8.629306
8.811063
8.957876
9.088185
9.188846
9.272015
9.388095
9.527443
9.672898
9.805175
9.908670
9.966129
9.996441
10.006883
10.000303
9.968415
9.965371
10.000377
10.059837
10.120939
10.186251
10.250718
10.303352
10.373893
10.439229
10.488173
10.498716
10.434320
10.330352
10.184981
10.028963
9.862137
9.708058
9.559916
9.413100
9.270818
9.151872
9.050984
8.953933
8.834166
8.725631
8.632074
8.530555
8.389451
8.244154
8.091381
7.942167
7.750336
7.509223
7.262786
7.023360
6.810704
6.628154
6.468813
6.328647
6.227780
6.152407
6.066841
5.974231
5.872281
5.797609
5.757118
5.733817
5.756196
5.817220
5.915155
6.058922
6.192178
6.289248
6.358172
6.414974
6.461406
6.511065
6.532292
6.527966
6.518440
6.504744
6.530077
6.623940
6.739272
6.820072
6.861744
6.875701
6.899981
6.959874
7.021572
7.063448
7.088270
7.139936
7.197641
7.259334
7.312298
7.363169
7.404450
7.438916
7.474222
7.519661
7.585061
7.686108
7.813652
7.942167
8.048339
8.134050
8.176845
8.201979
8.186449
8.123524
8.079699
8.069367
8.106835
8.168191
8.219315
8.267861
8.300412
8.295595
8.233992
8.125846
8.018033
7.930579
7.878857
7.840443
7.817986
7.801267
7.753556
7.689454
7.621743
7.546546
7.481972
7.373296
7.257854
7.180994
7.130813
7.085074
7.062525
7.018172
6.982283
6.944666
6.926015
6.920591
6.892630
6.833385
6.784879
6.744012
6.696623
6.625900
6.530962
6.401141
6.263708
6.118747
5.976131
5.844376
5.752587
5.677846
5.640361
5.635203
5.621036
5.623475
5.646114
5.664683
5.674846
5.667299
5.659591
5.657572
5.643968
5.637969
5.665608
5.731608
5.810960
5.907412
5.976488
6.010358
6.005053
5.987379
6.002698
5.997164
5.983831
5.949099
5.870315
5.798497
5.715049
5.624206
5.559121
5.511478
5.458672
5.408640
5.362024
5.324806
5.274369
5.214313
5.165828
5.097866
5.048748
5.021120
4.999943
5.002630
5.011888
5.046609
5.098910
5.154786
5.189615
5.218398
5.244790
5.268540
5.290389
5.308852
5.337241
5.338993
5.317764
5.269805
5.206922
5.140726
5.080088
5.027245
4.974617
4.930236
4.891160
4.854878
4.813026
4.754949
4.749032
4.740028
4.733999
4.736105
4.725843
4.736854
4.758278
4.801756
4.849663
4.896755
4.933053
4.951898
4.946638
4.941209
4.962272
4.996449
5.043254
5.102822
5.169257
5.254524
5.340950
5.432108
5.515909
5.603490
5.705525
5.788587
5.873716
5.948679
6.022607
6.121141
6.203083
6.275508
6.320849
6.352972
6.381920
6.406126
6.417465
6.427700
6.460899
6.524250
6.608086
6.700482
6.808499
6.921270
7.022764
7.154104
7.297526
7.429957
7.558729
7.701600
7.837076
7.966738
8.101595
8.234767
8.343310
8.445996
8.537222
8.607971
8.642941
8.646116
8.656023
8.671591
8.710052
8.753904
8.778589
8.740309
8.679667
8.600497
8.521143
8.440699
8.373148
8.290157
8.181787
8.080207
7.983132
7.888597
7.773596
7.637868
7.498082
7.350662
7.276191
7.219473
7.155930
7.084943
7.012477
6.938955
6.852832
6.756307
6.635940
6.499931
6.354586
6.211518
6.067251
5.931321
5.819735
5.696969
5.587971
5.504053
5.425667
5.375143
5.328447
5.290322
5.266217
5.229855
5.217279
5.191896
5.145430
5.115995
5.106342
5.084008
5.073089
5.082131
5.088682
5.072402
5.060392
5.088023
5.095591
5.113682
5.117357
5.115183
5.127085
5.140813
5.146783
5.145703
5.147120
5.188838
5.211371
5.225063
5.228127
5.206844
5.121431
5.045857
5.000311
4.973108
4.959048
4.970784
5.005424
5.029332
5.067088
5.105561
5.168294
5.241474
5.301242
5.330101
5.348477
5.371144
5.392357
5.415122
5.418325
5.399866
5.367928
5.333288
5.290533
5.258924
5.221822
5.189606
5.169891
5.181676
5.208800
5.243285
5.285152
5.332474
5.376906
5.418240
5.485514
5.521497
5.564097
5.605105
5.663146
5.725731
5.805662
5.916846
6.008363
6.070959
6.113584
6.140448
6.170042
6.217375
6.242365
6.265597
6.308953
6.321306
6.336038
6.397867
6.459670
6.507506
6.539347
6.582106
6.635396
6.678313
6.712579
6.766692
6.858389
6.939278
6.995817
7.050272
7.090091
7.126088
7.172496
7.191873
7.193414
7.197067
7.213923
7.233109
7.234396
7.227153
7.206548
7.180718
7.133465
7.061142
6.984320
6.893098
6.808945
6.716649
6.590565
6.506464
6.441847
6.362619
6.272806
6.167245
6.042116
5.906781
5.805931
5.682332
5.560620
5.439409
5.354015
5.295442
5.252601
5.214493
5.171145
5.131568
5.069570
4.987881
4.927596
4.886378
4.850702
4.824455
4.802954
4.770886
4.732969
4.684417
4.625590
4.603202
4.592496
4.610116
4.641760
4.679234
4.716509
4.779272
4.851451
4.913852
4.972387
5.035093
5.058389
5.080285
5.084436
5.091874
5.117945
5.153453
5.187994
5.245744
5.306762
5.351663
5.370282
5.335110
5.312592
5.322903
5.330730
5.341400
5.343142
5.368433
5.379362
5.392547
5.423844
5.436095
5.419879
5.383870
5.337207
5.317589
5.322848
5.334270
5.366725
5.413417
5.477879
5.572401
5.678794
5.776543
5.872820
6.007477
6.165666
6.372790
6.550140
6.692394
6.837269
6.978721
7.108248
7.233212
7.377847
7.539003
7.717524
7.904744
8.065459
8.181531
8.307649
8.407775
8.494365
8.580566
8.652119
8.713977
8.774985
8.826307
8.859036
8.876281
8.905471
8.948129
8.978751
8.997929
9.019941
9.030875
9.059679
9.102538
9.169525
9.234074
9.290871
9.333502
9.377795
9.398356
9.413155
9.411695
9.369998
9.311400
9.240915
9.158384
9.046627
8.913795
8.773995
8.645267
8.547906
8.456821
8.367538
8.269686
8.185490
8.146586
8.119577
8.069365
8.060482
8.053012
8.028083
8.001392
7.968693
7.973722
8.046493
8.160578
8.282778
8.404172
8.509136
8.623383
8.730128
8.828379
8.921298
8.995795
9.090130
9.195701
9.300274
9.398152
9.479215
9.534738
9.588034
9.635161
9.679239
9.772433
9.910128
10.106040
10.313654
10.545440
10.799047
11.010387
11.169410
11.279708
11.336585
11.377485
11.375744
11.332061
11.267582
11.188705
11.105787
11.018633
10.940027
10.865088
10.795102
10.731680
10.636832
10.527690
10.450406
10.422094
10.398226
10.395973
10.378581
10.313686
10.233626
10.150384
10.041930
9.927842
9.834335
9.774612
9.751259
9.741772
9.751908
9.785885
9.846656
9.954858
10.063166
10.170852
10.294791
10.429853
10.561145
10.699098
10.829018
10.926580
10.994098
11.032396
11.050788
11.019796
10.994478
10.969122
10.945873
10.953556
10.975486
10.995017
11.023045
11.051272
11.058317
11.061751
11.061137
11.065638
11.066641
11.076143
11.068560
11.044011
11.012706
10.963753
10.920448
10.884759
10.843759
10.768910
10.660647
10.519725
10.377142
10.253192
10.146168
10.025745
9.895604
9.762335
9.620865
9.463080
9.282939
9.101740
8.905832
8.684589
8.447640
8.196727
7.950155
7.725224
7.526811
7.356386
7.217874
7.085482
6.965314
6.869994
6.805192
6.736251
6.657849
6.595760
6.533704
6.466424
6.397690
6.345783
6.304044
6.283625
6.265486
6.258129
6.270229
6.280384
6.282350
6.266217
6.229601
6.170615
6.122845
6.073841
6.037443
6.025605
6.037176
6.061900
6.088957
6.125728
6.183442
6.227122
6.244524
6.233185
6.201275
6.150086
6.091471
6.030456
5.980247
5.950233
5.913524
5.877772
5.857824
5.845169
5.831735
5.800934
5.750320
5.687790
5.619631
5.552423
5.494460
5.453834
5.423289
5.419189
5.424661
5.446660
5.466544
5.489792
5.532198
5.586278
5.636988
5.667328
5.693393
5.723922
5.754602
5.772095
5.780151
5.823855
5.887326
5.951091
6.001278
6.047004
6.085341
6.127525
6.137629
6.135094
6.117655
6.082176
6.046605
6.009292
5.967879
5.929894
5.912248
5.903333
5.902529
5.919574
5.956008
5.989362
6.014334
6.053727
6.118064
6.198301
6.265165
6.329151
6.390378
6.469030
6.568582
6.678079
6.806892
6.929921
7.034363
7.127543
7.219654
7.281176
7.359457
7.436217
7.521224
7.602326
7.680988
7.781337
7.910820
8.046415
8.197866
8.360571
8.536164
8.728632
8.919320
9.119772
9.305808
9.464447
9.620932
0.000000
0.000000
0.000000
0.000000
0.000000
0.000000
0.000000
0.000000
0.000000
0.000000
0.000000
0.000000
0.000000
0.000000
0.000000
0.000000
0.000000
0.000000
0.000000
0.000000
0.000000
0.000000
0.000000
0.000000
0.000000
0.000000
0.000000
0.000000
0.000000
0.000000
0.000000
0.000000
0.000000
0.000000
0.000000
0.000000
0.000000
0.000000
0.000000
0.000000
0.000000
0.000000
0.000000
0.000000
0.000000
0.000000
0.000000
0.000000
0.000000
0.000000
