0.000000
0.000000
0.000000
0.000000
0.000000
0.000000
0.000000
0.000000
0.000000
0.000000
0.000000
0.000000
0.000000
0.000000
0.000000
0.000000
0.000000
0.000000
0.000000
0.000000
0.000000
0.000000
0.000000
0.000000
0.000000
0.000000
0.000000
0.000000
0.000000
0.000000
0.000000
0.000000
0.000000
0.000000
0.000000
0.000000
0.000000
0.000000
0.000000
0.000000
0.000000
0.000000
0.000000
0.000000
0.000000
0.000000
0.000000
0.000000
0.000000
0.000000
8.798353
8.771943
8.753287
8.740458
8.729371
8.716564
8.702387
8.685786
8.668265
8.653910
8.643467
8.646283
8.657536
8.656563
8.651438
8.659577
8.669397
8.678674
8.687293
8.691721
8.692052
8.690394
8.696988
8.706648
8.721553
8.737794
8.759228
8.777154
8.792051
8.804224
8.807662
8.806276
8.797661
8.787955
8.773555
8.756793
8.741879
8.729644
8.718807
8.701180
8.691444
8.685708
8.694060
8.715231
8.740959
8.765328
8.784426
8.803996
8.825337
8.853024
8.881910
8.908667
8.934570
8.953533
8.966489
8.976063
8.978274
8.983418
8.989756
8.984859
8.973060
8.957689
8.942387
8.938598
8.933643
8.924827
8.914648
8.911586
8.913156
8.917138
8.920351
8.932455
8.944185
8.964119
8.987086
9.001010
9.018529
9.037198
9.055661
9.068706
9.073181
9.070600
9.060048
9.048697
9.031979
9.002628
8.968427
8.940468
8.904896
8.876145
8.841832
8.809977
8.773033
8.733516
8.698652
8.668904
8.634305
8.604150
8.571649
8.534669
8.496490
8.464176
8.435297
8.409857
8.387313
8.380842
8.377264
8.368773
8.356811
8.360693
8.361202
8.354156
8.340455
8.331027
8.323581
8.316765
8.308201
8.301614
8.297616
8.298102
8.305189
8.314248
8.324775
8.332009
8.332719
8.333845
8.325687
8.309855
8.293842
8.272429
8.259530
8.242831
8.220671
8.193292
8.165889
8.137869
8.110751
8.082305
8.058177
8.027611
7.996792
7.963841
7.930343
7.897233
7.862841
7.830797
7.800506
7.770373
7.754011
7.743708
7.734841
7.721169
7.709598
7.695414
7.677033
7.669643
7.656398
7.647973
7.625713
7.596112
7.567011
7.541074
7.516145
7.488847
7.468843
7.453183
7.436068
7.416801
7.395222
7.380289
7.368509
7.358138
7.346365
7.336225
7.327674
7.321858
7.328810
7.339775
7.346943
7.363747
7.381173
7.397332
7.413650
7.433312
7.457714
7.487126
7.519411
7.554055
7.586111
7.611653
7.629572
7.648678
7.671310
7.699478
7.717191
7.733660
7.756224
7.768832
7.770147
7.769763
7.775311
7.800295
7.825626
7.869327
7.912631
7.942322
7.986323
8.028886
8.076981
8.123546
8.173878
8.230105
8.262066
8.275501
8.276802
8.266274
8.241400
8.222476
8.212376
8.206367
8.198982
8.205277
8.202815
8.199481
8.197657
8.201582
8.208143
8.223262
8.247483
8.267595
8.287314
8.306872
8.328533
8.337635
8.341790
8.342379
8.332807
8.315027
8.297751
8.281078
8.258683
8.230378
8.206328
8.190476
8.178821
8.153702
8.115391
8.071686
8.019304
7.960477
7.903266
7.827591
7.742799
7.644849
7.544414
7.439209
7.327385
7.201789
7.068895
6.933271
6.803067
6.674486
6.575009
6.480176
6.377359
6.276131
6.176641
6.088182
6.011383
5.950029
5.899253
5.852420
5.815244
5.791829
5.774512
5.769319
5.765195
5.758745
5.745974
5.734837
5.745731
5.770339
5.790884
5.806599
5.827188
5.853120
5.895032
5.940351
5.971580
5.995682
6.017387
6.037541
6.056802
6.072530
6.087122
6.095997
6.081067
6.040502
5.988642
5.930360
5.861993
5.810413
5.746142
5.682356
5.624513
5.575502
5.534913
5.510419
5.490774
5.459470
5.411470
5.378960
5.362569
5.381925
5.414702
5.455420
5.495248
5.532303
5.540464
5.556908
5.584742
5.615582
5.622297
5.622673
5.616594
5.599891
5.575888
5.559418
5.558459
5.575188
5.576746
5.589315
5.625696
5.691512
5.769119
5.854151
5.944133
6.052417
6.175370
6.302196
6.460771
6.616613
6.771360
6.924045
7.069434
7.231796
7.390516
7.553820
7.703413
7.839536
7.960233
8.062640
8.139524
8.187293
8.211353
8.213535
8.195224
8.152701
8.075895
7.995267
7.909541
7.804846
7.700648
7.601251
7.515166
7.437001
7.369643
7.314107
7.267007
7.195126
7.110985
7.032547
6.966920
6.885226
6.802652
6.721784
6.637947
6.533531
6.419970
6.301241
6.212582
6.118148
6.025926
5.927662
5.832042
5.749506
5.682390
5.619998
5.569557
5.534149
5.485748
5.477275
5.451745
5.410053
5.368426
5.330316
5.316135
5.286727
5.246093
5.201566
5.176353
5.160799
5.148983
5.144392
5.132730
5.116230
5.103916
5.092595
5.062289
5.018566
4.952586
4.888270
4.810639
4.737903
4.676909
4.642660
4.640114
4.660463
4.717966
4.804163
4.886434
4.967154
5.067615
5.186570
5.313963
5.453923
5.620612
5.796821
5.984729
6.181746
6.388614
6.592485
6.782704
6.949586
7.094202
7.211961
7.334889
7.467020
7.596676
7.716460
7.827928
7.908836
8.013987
8.136678
8.271821
8.415120
8.538492
8.657942
8.762305
8.850516
8.932211
9.001094
9.057330
9.090414
9.099275
9.092327
9.082623
9.063533
9.052927
9.040875
9.048530
9.066015
9.097677
9.147191
9.163756
9.154782
9.121530
9.082763
9.020211
8.954942
8.877558
8.790241
8.691044
8.577095
8.465525
8.344422
8.203163
8.064844
7.914619
7.745961
7.559361
7.366959
7.167938
6.967027
6.775723
6.604471
6.440411
6.279520
6.139806
6.017070
5.898814
5.774299
5.651187
5.537032
5.431388
5.328380
5.231297
5.154595
5.086550
5.028340
4.967768
4.919550
4.894444
4.883556
4.890097
4.913572
4.957029
5.006863
5.063580
5.122968
5.184964
5.240929
5.267939
5.260702
5.286640
5.334336
5.390534
5.440459
5.490382
5.542547
5.611172
5.700871
5.800189
5.906445
6.003971
6.117174
6.248053
6.372725
6.474609
6.552846
6.632269
6.714553
6.794399
6.864812
6.921766
6.983396
7.058923
7.119431
7.163904
7.202934
7.227764
7.255377
7.278661
7.297610
7.312998
7.319732
7.327932
7.336533
7.363269
7.389626
7.429611
7.468771
7.493594
7.505029
7.503199
7.494112
7.478978
7.452610
7.415743
7.369108
7.320651
7.279432
7.270874
7.296924
7.370357
7.405943
7.434721
7.434741
7.416732
7.387629
7.331651
7.250268
7.153833
7.051622
6.949559
6.817678
6.671922
6.518948
6.382409
6.233951
6.074738
5.915672
5.775311
5.656727
5.572262
5.510828
5.446031
5.376554
5.309993
5.240376
5.175159
5.119370
5.080772
5.068028
5.064186
5.050459
5.030855
5.015295
4.991054
4.995799
5.020166
5.061504
5.113474
5.185134
5.260072
5.322335
5.367770
5.406019
5.463413
5.530927
5.595153
5.638457
5.652729
5.645310
5.621457
5.658473
5.694270
5.739148
5.779732
5.807215
5.838962
5.856394
5.858430
5.852150
5.844163
5.841253
5.839230
5.834890
5.830343
5.825015
5.801424
5.754301
5.672155
5.595986
5.510882
5.451746
5.410838
5.378883
5.340559
5.297772
5.250883
5.192983
5.120517
5.036119
4.968473
4.942005
4.932292
4.932556
4.938872
4.926040
4.915750
4.904215
4.896280
4.886476
4.886689
4.890555
4.902464
4.923977
4.946422
4.969039
4.990524
5.031344
5.089337
5.128329
5.133149
5.110411
5.088190
5.095612
5.129135
5.185386
5.246455
5.319448
5.398399
5.469620
5.527633
5.565085
5.582855
5.588536
5.579607
5.552682
5.517011
5.479848
5.454905
5.414201
5.369506
5.307304
5.274331
5.255537
5.269530
5.295171
5.316524
5.323266
5.307693
5.289828
5.257418
5.218775
5.200047
5.209792
5.243851
5.307576
5.378534
5.447142
5.503569
5.544142
5.572570
5.603529
5.641870
5.668922
5.683267
5.682246
5.671407
5.680094
5.710570
5.777068
5.866209
5.954803
6.031543
6.060159
6.073401
6.074378
6.091202
6.124767
6.175267
6.240527
6.300902
6.348240
6.377686
6.385440
6.378811
6.366431
6.324484
6.246650
6.160662
6.076687
6.001587
5.945735
5.888158
5.835394
5.784498
5.750680
5.724356
5.692862
5.668897
5.644005
5.603570
5.563767
5.547245
5.536180
5.515531
5.487570
5.433451
5.375614
5.315829
5.266983
5.226187
5.174567
5.116633
5.076594
5.043876
5.024677
5.004342
4.970520
4.913546
4.852939
4.786126
4.742901
4.723059
4.729559
4.751238
4.791753
4.830271
4.865212
4.895190
4.923803
4.957322
4.988351
5.006474
5.020257
5.037937
5.049999
5.041982
5.034470
5.018696
5.005995
4.992451
4.969954
4.951395
4.962179
4.997066
5.032208
5.062049
5.099671
5.134212
5.159695
5.202276
5.248528
5.301893
5.357348
5.420256
5.475761
5.543422
5.599079
5.645245
5.688224
5.717475
5.748655
5.807362
5.855488
5.890076
5.920969
5.946801
5.978320
6.011048
6.038066
6.052667
6.046315
6.064426
6.086183
6.117498
6.156160
6.217487
6.287110
6.364119
6.443502
6.523934
6.615392
6.718638
6.813629
6.889558
6.993153
7.132284
7.269324
7.401589
7.513918
7.611356
7.670354
7.688200
7.665103
7.637964
7.616877
7.599135
7.578705
7.563577
7.542101
7.494763
7.428002
7.324510
7.205735
7.079496
6.963234
6.842294
6.736562
6.663352
6.616459
6.589279
6.575399
6.566819
6.545886
6.519137
6.486193
6.434762
6.392007
6.361038
6.329668
6.299384
6.275783
6.248461
6.221203
6.197766
6.168236
6.123946
6.063753
5.997395
5.922498
5.822328
5.710886
5.593007
5.498186
5.433989
5.358887
5.255370
5.166471
5.097228
5.050243
5.039763
5.072925
5.117323
5.165830
5.210404
5.248175
5.262659
5.273547
5.279854
5.285222
5.248241
5.224599
5.210502
5.220729
5.254276
5.298998
5.369548
5.483823
5.644472
5.825382
5.981920
6.112182
6.225478
6.369275
6.505540
6.631460
6.753738
6.870492
6.968609
7.042730
7.092385
7.141448
7.171173
7.200524
7.229007
7.248218
7.270045
7.281314
7.273407
7.258194
7.243448
7.206860
7.164111
7.112964
7.054882
7.001548
6.953690
6.902454
6.847689
6.789515
6.715375
6.617398
6.532066
6.468584
6.416096
6.396498
6.408857
6.437679
6.457963
6.475020
6.495972
6.545439
6.608520
6.659805
6.671129
6.642715
6.585442
6.486970
6.359024
6.225431
6.137232
6.063256
5.994932
5.917931
5.835695
5.750913
5.678924
5.614185
5.556462
5.501459
5.448393
5.377732
5.304860
5.240640
5.187239
5.151909
5.120572
5.097426
5.088118
5.092970
5.109065
5.106929
5.102539
5.102001
5.130603
5.187349
5.260111
5.341800
5.456665
5.560353
5.645667
5.732298
5.848203
5.965704
6.076727
6.186114
6.268129
6.329694
6.387588
6.436200
6.491722
6.489499
6.469362
6.456469
6.464999
6.485718
6.510452
6.533036
6.553064
6.562626
6.557078
6.561045
6.573241
6.586580
6.591052
6.593469
6.593862
6.596841
6.607494
6.625842
6.642430
6.654332
6.662169
6.647138
6.615216
6.589028
6.506716
6.437536
6.359167
6.265252
6.181718
6.151845
6.112873
6.068097
5.992140
5.896631
5.787760
5.663218
5.518346
5.430584
5.363728
5.315028
5.261610
5.201861
5.153558
5.122978
5.115598
5.096131
5.057081
5.017563
4.968087
4.924990
4.886750
4.848745
4.822062
4.809070
4.801926
4.801703
4.801012
4.813860
4.835663
4.863611
4.895683
4.931489
5.020155
5.082305
5.139442
5.191426
5.242657
5.269122
5.291419
5.311386
5.313758
5.296561
5.257252
5.215620
5.179895
5.148482
5.100325
5.045150
5.003409
4.953071
4.928537
4.936532
4.972334
5.039737
5.130406
5.242695
5.357942
5.466562
5.564141
5.657850
5.754350
5.861824
5.975593
6.080746
6.180033
6.267835
6.338897
6.389026
6.434719
6.480898
6.521666
6.556824
6.580989
6.593971
6.595561
6.588495
6.568116
6.527910
6.479165
6.431193
6.404278
6.404850
6.385100
6.460648
6.530139
6.593381
6.650028
6.733944
6.821380
6.907600
7.001471
7.093074
7.183030
7.251020
7.306361
7.355654
7.401798
7.451252
7.481280
7.516341
7.540007
7.544813
7.528372
7.512888
7.510974
7.509516
7.536736
7.582419
7.638213
7.687461
7.729213
7.767685
7.818172
7.877307
7.932576
7.992388
8.073741
8.170131
8.279254
8.396578
8.513567
8.651199
8.810768
8.988536
9.190982
9.389317
9.593813
9.786822
9.990339
10.185590
10.370323
10.534734
10.668260
10.735287
10.810396
10.894017
10.979661
11.063639
11.132132
11.181430
11.209717
11.222579
11.206324
11.177792
11.151700
11.119646
11.087214
11.054188
11.023406
10.964522
10.884319
10.793843
10.713499
10.656633
10.610513
10.575539
10.517148
10.416838
10.287395
10.153100
10.000289
9.825432
9.632316
9.443309
9.269666
9.113557
8.959120
8.806638
8.641806
8.462626
8.272305
8.063613
7.846898
7.628791
7.400718
7.176501
6.963706
6.770139
6.589400
6.433713
6.289464
6.165915
6.061196
5.970259
5.884548
5.807954
5.736068
5.659043
5.573751
5.505640
5.448486
5.406481
5.382564
5.357872
5.326939
5.298545
5.258142
5.217933
5.180311
5.128080
5.098488
5.098621
5.108049
5.093031
5.069482
5.055852
5.054034
5.062688
5.092604
5.109872
5.126588
5.143643
5.167166
5.222942
5.281584
5.342888
5.398151
5.438218
5.455442
5.478004
5.513054
5.560809
5.604970
5.640546
5.652865
5.663341
5.678163
5.672363
5.654617
5.629048
5.600670
5.581593
5.557064
5.531308
5.497485
5.461506
5.433429
5.422417
5.428684
5.428331
5.428598
5.442515
5.450283
5.450421
5.438915
5.443990
5.445999
5.436946
5.420659
5.413294
5.402931
5.388879
5.369767
5.355961
5.335634
5.310014
5.282043
5.258474
5.219140
5.186776
5.155334
5.120871
5.077867
5.028803
4.983996
4.934340
4.881191
4.832115
4.796297
4.773546
4.753209
4.729347
4.719999
4.715187
4.751338
4.782456
4.810978
4.846274
4.871989
4.883722
4.878155
4.854813
4.837571
4.826302
4.799210
4.762091
4.728607
4.706875
4.686605
4.665965
4.639699
4.612035
4.596477
4.590598
4.602905
4.612428
4.639470
4.690586
4.748531
4.826508
4.916192
5.018661
5.144946
5.285948
5.438594
5.593904
5.744461
5.868593
5.963975
6.032278
6.097225
6.151961
6.200199
6.238986
6.258337
6.275632
6.294541
6.318309
6.335382
6.343206
6.346297
6.361723
6.366805
6.369748
6.379278
6.382738
6.387637
6.399424
6.411981
6.419131
6.442819
6.487154
6.527450
6.567876
6.626079
6.695405
6.786394
6.869376
6.960764
7.031720
7.099176
7.167284
7.243203
7.312965
7.350043
7.353827
7.333675
7.283731
7.216534
7.166863
7.109441
7.041640
6.953784
6.881378
6.788551
6.698116
6.586606
6.496990
6.414178
6.332769
6.256458
6.203783
6.153091
6.109207
6.078030
6.047421
6.015474
5.974807
5.950080
5.937264
5.932201
5.951184
5.983594
6.021981
6.059418
6.097860
6.134018
6.161852
6.187002
6.209238
6.218090
6.232690
6.260817
6.283466
6.303820
6.345269
6.383724
6.436443
6.478710
6.563937
6.659498
6.768366
6.896233
7.046336
7.241374
7.443802
7.644525
7.844661
8.040243
8.217914
8.388781
8.569580
8.754175
8.927811
9.125416
9.289235
9.445719
9.557996
9.649495
9.726549
9.777655
9.789123
9.817259
9.841294
9.870807
9.907524
9.960923
9.994796
9.997164
9.978143
9.942597
9.892965
9.829092
9.766208
9.697421
9.597721
9.478722
9.334393
9.158782
8.985921
8.822638
8.648724
8.472101
8.308619
8.156607
7.998601
7.855249
7.702676
7.546973
7.383223
7.217613
7.059603
6.894430
6.737194
6.570577
6.424241
6.297025
6.178425
6.074163
5.992065
5.915713
5.833606
5.747221
5.651349
5.532582
5.432697
5.340033
5.276161
5.230902
5.216055
5.218248
5.220144
5.215732
5.221478
5.226984
5.219810
5.201607
5.192865
5.173668
5.146900
5.111937
5.093458
5.083853
5.076944
5.067906
5.049502
5.038731
5.026451
5.014227
5.013302
5.015705
5.029113
5.046288
5.062420
5.086828
5.118722
5.140093
5.153713
5.163227
5.170492
5.175560
5.196950
5.219364
5.244068
5.271077
5.308154
5.351583
5.410723
5.461335
5.487317
5.492667
5.480484
5.469292
5.460639
5.450819
5.440801
5.432129
5.448951
5.491195
5.526251
5.566004
5.616068
5.688878
5.775943
5.876566
5.986635
6.101324
6.216614
6.323449
6.419194
6.509685
6.583058
6.641598
6.693431
6.732086
6.763123
6.778863
6.780642
6.770148
6.745347
6.709196
6.683211
6.661445
6.644431
6.640178
6.626859
6.611900
6.600002
6.589722
6.596921
6.613085
6.618140
6.638764
6.652025
6.652769
6.637407
6.603959
6.560074
6.521833
6.488699
6.470433
6.456545
6.438848
6.406102
6.366026
6.315638
6.260597
6.188842
6.103601
6.032843
5.966481
5.902039
5.810257
5.711597
5.617015
5.539765
5.483832
5.444381
5.406982
5.365608
5.312564
5.256676
5.203378
5.148744
5.097184
5.080905
5.078023
5.090165
5.126249
5.184434
5.260828
5.357473
5.440209
5.521778
5.611904
5.703286
5.792023
5.876377
5.959385
6.019083
6.068780
6.113861
6.151032
6.189130
6.246707
6.327465
6.427846
6.540160
6.657214
6.799639
6.943460
7.079373
7.198066
7.311557
7.412574
7.505631
7.590130
7.662781
7.729812
7.784149
7.839082
7.892372
7.947786
7.984527
8.015561
8.031929
8.033776
8.034685
8.032158
8.030083
8.023878
8.010532
7.999341
7.987615
7.981069
7.981004
7.986484
8.001228
7.982249
7.933089
7.859280
7.755891
7.659830
7.547330
7.417581
7.284160
7.149850
7.037321
6.943983
6.861040
6.782438
6.704710
6.623106
6.540395
6.458130
6.365984
6.276512
6.196311
6.103156
6.016650
5.933428
5.844296
5.758755
5.677566
5.599510
5.524420
5.462883
5.398567
5.331091
5.264356
5.197747
5.140183
5.085221
5.047769
5.026864
5.021087
5.012333
4.997958
4.973426
4.932533
4.891199
4.847150
4.801149
4.758502
4.722084
4.684734
4.648131
4.626269
4.649672
4.672293
4.690314
4.708374
4.711494
4.719781
4.726757
4.737863
4.760153
4.786763
4.810327
4.828843
4.841730
4.842338
4.833890
4.809864
4.791974
4.786032
4.785405
4.793428
4.816026
4.839618
4.872498
4.915616
4.961955
4.997969
5.022212
5.041536
5.064683
5.085995
5.098612
5.117190
5.144236
5.180555
5.207610
5.218898
5.221324
5.216281
5.221070
5.233619
5.259312
5.295842
5.319518
5.329748
5.331468
5.331204
5.329637
5.340202
5.347433
5.342578
5.327265
5.343654
5.367030
5.402301
5.448943
5.489802
5.526398
5.548153
5.560991
5.580820
5.611537
5.641774
5.676486
5.715569
5.742120
5.764387
5.778998
5.786462
5.780081
5.757593
5.732188
5.710290
5.688109
5.664667
5.644422
5.630002
5.617166
5.600992
5.581366
5.552683
5.511314
5.457105
5.401523
5.340688
5.298154
5.269244
5.252064
5.236257
5.220425
5.195896
5.168696
5.152730
5.157240
5.175431
5.200907
5.229006
5.257491
5.273000
5.281018
5.271408
5.231358
5.165562
5.094023
5.023506
4.970902
4.933148
4.904002
4.885057
4.870668
4.857149
4.853237
4.857446
4.857312
4.854442
4.867440
4.889038
4.906370
4.929195
4.964722
5.002809
5.027821
5.036836
5.062254
5.101751
5.160371
5.236535
5.302470
5.365278
5.445690
5.547979
5.664263
5.773550
5.882025
5.982340
6.073309
6.159132
6.237927
6.314302
6.371756
6.412915
6.447508
6.468330
6.474696
6.469265
6.468337
6.468544
6.455411
6.435816
6.404333
6.361256
6.314972
6.267280
6.230743
6.196002
6.164424
6.127487
6.092944
6.075234
6.076965
6.075751
6.080145
6.085419
6.092560
6.111828
6.138917
6.169077
6.204883
6.252132
6.299222
6.331448
6.353955
6.362012
6.353923
6.317950
6.253018
6.167280
6.101396
6.024385
5.936349
5.842250
5.751076
5.666558
5.581515
5.509983
5.464397
5.440394
5.442826
5.463693
5.510120
5.585833
5.681834
5.792634
5.919675
6.035339
6.129418
6.207448
6.292043
6.385707
6.498500
6.637637
6.796843
6.961314
7.113181
7.238616
7.348133
7.474587
7.591410
7.690861
7.790518
7.892791
7.987201
8.065264
8.119639
8.155555
8.174662
8.185664
8.183080
8.161984
8.125362
8.078795
8.029154
7.997048
7.973205
7.926746
7.864204
7.777677
7.678728
7.612704
7.575504
7.538518
7.494582
7.446931
7.393321
7.339804
7.280544
7.209444
7.112614
6.993024
6.855746
6.698687
6.524455
6.345765
6.162192
6.006962
5.874748
5.755103
5.655004
5.557382
5.463130
5.385078
5.331004
5.292097
5.285956
5.295119
5.308256
5.330622
5.362430
5.417477
5.467119
5.508763
5.551301
5.615661
5.704807
5.803402
5.892830
5.972626
6.066101
6.169095
6.275915
6.367785
6.456247
6.521393
6.581292
6.638688
6.705828
6.765736
6.815918
6.874648
6.951155
7.032720
7.118169
7.203527
7.305131
7.400941
7.493764
7.573901
7.646824
7.698936
7.723891
7.739992
7.749844
7.749086
7.721892
7.670676
7.622693
7.579223
7.552337
7.523557
7.473254
7.406498
7.321495
7.222221
7.097890
6.986544
6.900194
6.794298
6.684672
6.568720
6.476120
6.398030
6.331254
6.270098
6.189188
6.102274
6.012718
5.926494
5.813977
5.696975
5.578705
5.475842
5.374020
5.296759
5.246096
5.198985
5.162307
5.153701
5.161814
5.173187
5.182764
5.166683
5.140004
5.105551
5.069580
5.040901
5.023535
5.004396
4.989071
4.985824
4.988682
4.994541
4.991283
4.985920
4.980176
4.967775
4.944413
4.898574
4.821347
4.768612
4.714421
4.655120
4.595369
4.551358
4.522336
4.505551
4.496530
4.511838
4.550174
4.581551
4.614937
4.646773
4.683222
4.724883
4.809217
4.898073
5.000138
5.098320
5.211088
5.321292
5.416825
5.503103
5.596897
5.697113
5.775876
5.835037
5.865147
5.873941
5.885501
5.901583
5.923770
5.975170
6.037588
6.104960
6.185548
6.277332
6.385550
6.536968
6.712288
6.899176
7.087291
7.267230
7.437079
7.584441
7.715233
7.825645
7.901351
7.961225
8.005168
8.032092
8.089699
8.183164
8.286633
8.375018
8.428390
8.436203
8.410028
8.358630
8.288482
8.205683
8.086513
7.941275
7.781578
7.611646
7.436620
7.287426
7.165011
7.061113
6.962332
6.897786
6.867997
6.874069
6.896565
6.922791
6.966371
7.003030
7.032185
7.062075
7.081120
7.108979
7.121493
7.101028
7.074611
7.041295
6.989171
6.917969
6.819606
6.702069
6.602371
6.506819
6.418414
6.339823
6.269792
6.211680
6.158545
6.122706
6.107853
6.109378
6.131434
6.158530
6.175888
6.174134
6.163300
6.138381
6.117240
6.102167
6.091499
6.082626
6.061065
6.044409
6.032642
6.050795
6.092483
6.147847
6.218257
6.276655
6.323641
6.354709
6.375828
6.391625
6.376518
6.343791
6.291664
6.237865
6.190837
6.193178
6.189809
6.176835
6.171174
6.167830
6.180303
6.196240
6.207363
6.219114
6.230508
6.240671
6.256352
6.271192
6.292755
6.319860
6.333602
6.337567
6.337418
6.346901
6.368804
6.381670
6.382696
6.375547
6.356886
6.321430
6.281942
6.237108
6.184898
6.132284
6.073713
6.011092
5.949771
5.885447
5.816003
5.742072
5.677302
5.625198
5.568388
5.516519
5.463544
5.412778
5.371945
5.341510
5.318958
5.294237
5.280367
5.256385
5.208685
5.151163
5.063297
4.950963
4.866818
4.799435
4.735884
4.681222
4.631769
4.578421
4.532375
4.496634
4.488901
4.488062
4.494377
4.516221
4.540483
4.566829
4.609383
4.647502
4.683700
4.713018
4.736389
4.783249
4.852318
4.920525
4.979729
5.043999
5.098949
5.158794
5.231676
5.326997
5.427206
5.504894
5.563105
5.612972
5.664733
5.720859
5.777042
5.831523
5.886425
5.940022
5.999196
6.068733
6.148403
6.222297
6.310704
6.413451
6.522779
6.638023
6.750435
6.884254
7.023415
7.176117
7.316425
7.448552
7.583002
7.724390
7.871393
8.021946
8.170128
8.305889
8.426321
8.537797
8.632668
8.703870
8.748678
8.785948
8.807456
8.817028
8.834364
8.843596
8.836426
8.820624
8.781812
8.732807
8.698062
8.675370
8.644898
8.609322
8.574838
8.541752
8.494888
8.440024
8.385552
8.326297
8.253226
8.171235
8.083647
7.988419
7.899030
7.798073
7.674923
7.539545
7.411207
7.292970
7.167234
7.046945
6.928084
6.802810
6.680993
6.561811
6.460310
6.367725
6.303627
6.262928
6.227880
6.200499
6.178891
6.166347
6.152530
6.152466
6.159047
6.166646
6.172202
6.176341
6.179640
6.181550
6.195614
6.217638
6.231402
6.259171
6.301064
6.344619
6.391491
6.450614
6.520107
6.600053
6.687032
6.747903
6.793194
6.841117
6.886265
6.919934
6.945659
6.971851
7.003201
7.019015
7.020836
7.008861
6.966966
6.922138
6.899623
6.873470
6.848521
6.834714
6.824359
6.826124
6.862911
6.887216
6.903588
6.910785
6.899044
6.883714
6.858456
6.821985
6.777350
6.748003
6.728197
6.717129
6.723469
6.730796
6.741606
6.767406
6.795562
6.829036
6.870142
6.906666
6.958757
7.018970
7.086895
7.150049
7.203634
7.239188
7.267493
7.281042
7.268362
7.257005
7.271215
7.315790
7.367956
7.424736
7.494621
7.563666
7.618487
7.661254
7.689144
7.715822
7.734806
7.746095
7.765403
7.780732
7.804104
7.841939
7.831175
7.757198
7.647244
7.514631
7.368933
7.246529
7.133920
7.033617
6.948083
6.885465
6.846099
6.825648
6.820429
6.815094
6.820619
6.832105
6.850160
6.885405
6.951933
7.033651
7.125811
7.203065
7.278392
7.341714
7.428714
7.509919
7.573995
7.637107
7.694001
7.750070
7.792709
7.813724
7.838911
7.870985
7.907642
7.940780
7.986183
8.034587
8.091925
8.161957
8.252958
8.337568
8.422235
8.515734
8.608820
8.691555
8.774419
8.841496
8.898058
8.947717
9.027384
9.130758
9.244701
9.343717
9.437385
9.507461
9.574699
9.616040
9.634272
9.614259
9.575981
9.527079
9.472488
9.396498
9.299924
9.175569
9.030400
8.866059
8.680314
8.491620
8.297261
8.130770
7.981503
7.849757
7.698852
7.566829
7.465027
7.393699
7.349358
7.323432
7.335171
7.363172
7.396018
7.426932
7.430575
7.454714
7.490201
7.533950
7.579668
7.615135
7.659482
7.716223
7.746869
7.743037
7.710122
7.676527
7.626263
7.588398
7.570194
7.541576
7.496279
7.452958
7.408932
7.365025
7.325088
7.289915
7.241058
7.170765
7.095225
7.026982
6.951046
6.868669
6.779353
6.694837
6.630107
6.568641
6.523608
6.491078
6.465889
6.438235
6.417597
6.401471
6.363784
6.292405
6.218407
6.129097
6.014175
5.875976
5.739459
5.604821
5.468780
5.347446
5.258063
5.191635
5.130232
5.044520
4.956633
4.876926
4.829148
4.815996
4.806714
4.805376
4.843039
4.914245
5.003354
5.101670
5.185936
5.254253
5.302222
5.335682
5.348334
5.347985
5.333257
5.311922
5.287168
5.260082
5.244510
5.225160
5.203035
5.200434
5.217299
5.235083
5.250679
5.275794
5.299901
5.335168
5.369560
5.406192
5.450042
5.495571
5.535643
5.572916
5.616340
5.667100
5.718805
5.763082
5.792175
5.810608
5.799869
5.780089
5.724372
5.660623
5.603442
5.566520
5.560270
5.577272
5.577258
5.570270
5.545454
5.518432
5.508442
5.521020
5.520053
5.523809
5.548186
5.590138
5.673447
5.764864
5.866350
5.979166
6.091314
6.193855
6.282896
6.352169
6.413586
6.477420
6.535692
6.558941
6.563565
6.565299
6.560561
6.552232
6.539379
6.504338
6.460283
6.413288
6.359379
6.298070
6.228610
6.170073
6.115348
6.064662
6.013409
5.958505
5.906568
5.866602
5.829495
5.793667
5.751764
5.687434
5.636703
5.585405
5.538519
5.500578
5.479295
5.471486
5.489388
5.501154
5.505357
5.502026
5.489686
5.475350
5.460937
5.429657
5.380467
5.316130
5.246225
5.184381
5.124383
5.063802
5.003316
4.950532
4.901277
4.861160
4.837441
4.839616
4.851242
4.874469
4.902678
4.930858
4.944971
4.943791
4.945649
4.952556
4.963472
4.970275
4.963907
4.964905
4.967707
4.972987
4.985638
5.007268
5.039461
5.088102
5.139070
5.184973
5.236874
5.283795
5.311757
5.336926
5.362184
5.398779
5.427745
5.450706
5.473311
5.491217
5.497159
5.501017
5.504761
5.508373
5.509445
5.511317
5.515859
5.530950
5.552922
5.588695
5.627761
5.666264
5.685474
5.703725
5.708641
5.716832
5.733414
5.757087
5.793533
5.832582
5.871917
5.920333
5.959307
5.987610
6.014384
6.025014
6.025991
6.017673
6.001337
5.971957
5.941884
5.891684
5.818165
5.745244
5.669008
5.592362
5.502111
5.416368
5.339936
5.271318
5.205770
5.152729
5.104226
5.048433
4.996978
4.953172
4.926336
4.897016
4.858714
4.833502
4.825703
4.825402
4.826023
4.810225
4.794191
4.776417
4.770034
4.776421
4.784417
4.792849
4.805303
4.819919
4.838247
4.850875
4.871316
4.884129
4.886018
4.876814
4.855388
4.837350
4.812448
4.792650
4.777265
4.776929
4.767912
4.757230
4.751395
4.741273
4.728180
4.721542
4.736977
4.758055
4.779641
4.810000
4.823944
4.827842
4.841255
4.869009
4.905472
4.955005
4.997686
5.019644
5.037688
5.059339
5.061413
5.064434
5.070552
5.096364
5.144318
5.205895
5.266139
5.319554
5.352246
5.378064
5.393368
5.405124
5.403728
5.397171
5.395798
5.389637
5.372939
5.353738
5.344108
5.339551
5.338165
5.341816
5.355416
5.378422
5.412806
5.448037
5.486809
5.509183
5.515063
5.500169
5.486158
5.467288
5.434729
5.395081
5.358504
5.329831
5.306590
5.287866
5.273330
5.266851
5.302280
5.351777
5.399581
5.445365
5.490583
5.555976
5.633587
5.712920
5.799499
5.882541
5.964831
6.047845
6.130781
6.207407
6.286243
6.359034
6.438423
6.516383
6.614614
6.719803
6.823488
6.910490
6.980339
7.025356
7.064409
7.120834
7.169638
7.199956
7.226640
7.236620
7.231642
7.205424
7.163305
7.113276
7.056843
6.989710
6.923496
6.861205
6.795979
6.731960
6.657683
6.587913
6.530665
6.480600
6.428659
6.383411
6.330432
6.277982
6.217793
6.164715
6.110633
6.067683
6.037197
6.024883
6.029925
6.047213
6.078262
6.118202
6.166351
6.226628
6.281500
6.339957
6.404628
6.486345
6.546120
6.596767
6.636074
6.654076
6.656548
6.658153
6.682651
6.721951
6.770782
6.829594
6.892737
6.964274
7.042770
7.104450
7.159751
7.215853
7.257437
7.288295
7.309993
7.343625
7.386439
7.434675
7.484447
7.517060
7.532366
7.530025
7.514128
7.480065
7.430339
7.388483
7.321259
7.232927
7.146344
7.066049
6.993628
6.896758
6.798994
6.691594
6.591675
6.490684
6.381711
6.283413
6.201502
6.129423
6.080692
6.045691
6.029505
5.991322
5.932531
5.864801
5.811285
5.765464
5.725940
5.694842
5.660836
5.636105
5.606351
5.594953
5.577192
5.552557
5.529673
5.512453
5.511377
5.533462
5.547255
5.574470
5.616282
5.670512
5.740727
5.820685
5.908483
5.979470
6.057581
6.151939
6.256250
6.344569
6.424932
6.498073
6.569131
6.618224
6.668160
6.712264
6.755437
6.790721
6.824725
6.878014
6.942099
6.999776
7.054544
7.101292
7.136522
7.137423
7.133294
7.115269
7.091695
7.059089
7.014190
6.989148
6.956826
6.888519
6.820972
6.770227
6.732202
6.703583
6.700051
6.706222
6.720846
6.730551
6.749606
6.767881
6.772704
6.757121
6.719746
6.666890
6.599347
6.518777
6.424653
6.319858
6.212645
6.108388
6.006667
5.907595
5.812730
5.697821
5.570123
5.458707
5.340345
5.235471
5.139087
5.058201
4.981930
4.933788
4.895635
4.872744
4.850438
4.848350
4.845312
4.833149
4.822465
4.810284
4.801418
4.792662
4.773765
4.740368
4.699272
4.657305
4.608537
4.578371
4.555003
4.553285
4.562499
4.575826
4.608558
4.616324
4.621767
4.626880
4.645238
4.681809
4.696328
4.700264
4.705737
4.725084
4.761097
4.800840
4.848446
4.876901
4.901927
4.934819
4.980210
5.040693
5.108438
5.185163
5.253946
5.346885
5.440558
5.520428
5.599782
5.645689
5.680521
5.683631
5.668194
5.635361
5.614528
5.596916
5.584231
5.575664
5.584960
5.599582
5.593795
5.602728
5.650039
5.710724
5.790415
5.876261
5.962622
6.033440
6.093864
6.150107
6.192419
6.222474
6.272820
6.306759
6.321719
6.335549
6.363584
6.385628
6.396988
6.393410
6.404761
6.401523
6.397618
6.368445
6.322973
6.262054
6.217223
6.197117
6.191605
6.174565
6.144428
6.094700
6.035964
5.972479
5.920294
5.861252
5.807872
5.751942
5.690717
5.640981
5.589502
5.545934
5.502102
5.462785
5.428062
5.390235
5.364442
5.342326
5.300650
5.261935
5.251680
5.252632
5.228624
5.186454
5.142320
5.092805
5.057239
5.048480
5.063975
5.089672
5.120094
5.172120
5.229076
5.309684
5.399438
5.515243
5.643231
5.771159
5.905811
6.046462
6.182415
6.297291
6.385098
6.460664
6.546174
6.637608
6.741522
6.881206
7.036251
7.176164
7.314889
7.457591
7.595107
7.727751
7.856835
7.972200
8.101713
8.254505
8.426302
8.615431
8.828924
9.048810
9.284014
9.509534
9.727656
9.937431
10.132010
10.317617
10.497758
10.657142
10.800902
10.970823
11.142669
11.272834
11.369746
11.443700
11.485279
11.496604
11.488020
11.466475
11.456496
11.457015
11.482541
11.501171
11.513985
11.502823
11.460045
11.386637
11.282611
11.185932
11.105422
11.037907
10.983685
10.964396
10.959235
10.945578
10.940632
10.917281
10.859340
10.774851
10.689810
10.610352
10.532973
10.447416
10.352212
10.268080
10.205607
10.116277
9.996337
9.846828
9.664085
9.455850
9.220934
8.990344
8.774300
8.579630
8.393132
8.245734
8.095941
7.935491
7.772940
7.595516
7.408817
7.244499
7.089466
6.939705
6.788881
6.657932
6.555035
6.458964
6.353794
6.225398
6.081144
5.934586
5.803085
5.694254
5.609403
5.553446
5.517461
5.478009
5.433816
5.392029
5.355944
5.306858
5.253409
5.204706
5.160974
5.134217
5.132526
5.146864
5.146365
5.142695
5.130198
5.113092
5.081589
5.038869
4.981576
4.944632
4.917211
4.899548
4.888285
4.880030
4.868031
4.853994
4.849450
4.839657
4.829817
4.815406
4.831790
4.866947
4.915698
4.942837
4.956568
4.960030
4.967455
4.984163
5.002849
5.023121
5.039930
5.056206
5.096282
5.137948
5.175500
5.201235
5.221391
5.255831
5.287702
5.325144
5.363978
5.425585
5.485147
5.544666
5.606175
5.680037
5.743390
5.779387
5.808204
5.817066
5.809411
5.794904
5.774422
5.741878
5.712464
5.690789
5.689489
5.708718
5.717774
5.727172
5.720259
5.715948
5.700422
5.665269
5.626698
5.581942
5.524189
5.475856
5.428512
5.382309
5.331363
5.285655
5.263744
5.262480
5.249921
5.218784
5.167426
5.114557
5.079977
5.047068
5.026487
5.003609
4.973633
4.950542
4.920292
4.894337
4.870007
4.816357
4.764506
4.711772
4.667939
4.604170
4.543206
4.489080
4.442325
4.422056
4.433864
4.509050
4.573165
4.652620
4.708784
4.752233
4.804736
4.876270
4.951992
5.035531
5.123555
5.213436
5.328642
5.429025
5.528376
5.621016
5.710631
5.804237
5.893479
5.973693
6.039940
6.081446
6.142664
6.202112
6.273904
6.346085
6.387520
6.414448
6.474237
6.540788
6.649677
6.763971
6.870839
6.941722
6.989182
7.059501
7.134274
7.198155
7.306407
7.402397
7.468926
7.512135
7.549172
7.584770
7.612556
7.628301
7.645920
7.662276
7.678912
7.706036
7.654578
7.519380
7.368344
7.220582
7.106907
7.031289
6.966083
6.874740
6.762329
6.644090
6.533784
6.415132
6.285259
6.181361
6.075300
5.960563
5.862927
5.771656
5.692818
5.628685
5.552555
5.464352
5.382078
5.320641
5.251731
5.194505
5.159162
5.150870
5.120688
5.105328
5.090783
5.124583
5.181854
5.313864
5.404290
5.463332
5.532697
5.604003
5.652776
5.710754
5.771570
5.846663
5.919939
6.000401
6.106397
6.230606
6.357394
6.466946
6.566376
6.663896
6.759048
6.849416
6.933248
7.026094
7.127116
7.271201
7.430263
7.579378
7.704460
7.805406
7.883786
7.934537
7.933175
7.890168
7.861339
7.838889
7.839064
7.877400
7.960039
8.076884
8.220333
8.332301
8.410709
8.444869
8.469424
8.469448
8.442615
8.406534
8.343779
8.291017
8.235184
8.144292
8.054906
7.949048
7.904521
7.878678
7.865922
7.876599
7.896614
7.940629
7.994131
8.041856
8.083874
8.134961
8.180574
8.215542
8.248364
8.293784
8.357056
8.423862
8.472398
8.499661
8.536991
8.572941
8.547582
8.476850
8.380424
8.287412
8.219112
8.175860
8.148394
8.103955
8.091467
8.095367
8.099211
8.112416
8.120786
8.124085
8.104859
8.047145
7.965777
7.922943
7.903505
7.891039
7.897509
7.901989
7.923089
7.940128
8.020429
8.076149
8.123139
8.135786
8.117968
8.069813
8.004369
7.950592
7.881901
7.800800
7.726628
7.639351
7.555757
7.490289
7.427459
7.343523
7.243465
7.156329
7.084275
7.026941
6.949686
6.867992
6.806689
6.774495
6.763693
6.761891
6.799438
6.853432
6.938874
7.038906
7.145401
7.256365
7.332012
7.396103
7.449546
7.522495
7.587573
7.660690
7.732826
7.799807
7.875032
7.982015
8.091566
8.195613
8.299323
8.407898
8.489894
8.589806
8.702550
8.815144
8.940921
9.056762
9.173481
9.313493
9.453019
9.600745
9.752748
9.927581
10.068671
10.182379
10.253995
10.307684
10.373195
10.448014
10.568666
10.753206
10.945640
11.149761
11.369238
11.602139
11.829243
12.074158
12.316158
12.542119
12.743634
12.902640
13.036326
13.151820
13.242909
13.303517
13.320498
13.290257
13.263061
13.232063
13.226191
13.211895
13.171616
13.128567
13.083477
13.021949
12.936794
12.801464
12.631409
12.451641
12.280046
12.147064
12.018234
11.910798
11.791815
11.649235
11.490254
11.343110
11.209945
11.088894
10.973653
10.848871
10.704542
10.546077
10.401535
10.275790
10.166338
10.050495
9.918817
9.765816
9.599324
9.385638
9.178483
8.954261
8.715963
8.462588
8.221648
7.975429
7.721491
7.464212
7.217449
7.017007
6.811062
6.620019
6.461083
6.328102
6.240044
6.189299
6.142909
6.097234
6.035846
5.976051
5.943239
5.890186
5.822038
5.776117
5.732449
5.723523
5.743897
5.754023
5.743783
5.732429
5.718292
5.716746
5.741037
5.790763
5.840033
5.861381
5.899020
5.962192
6.026726
6.055202
6.055874
6.046160
6.059743
6.078802
6.103846
6.125995
6.144254
6.159135
6.161404
6.176425
6.194257
6.209655
6.241297
6.268143
6.277933
6.294924
6.315332
6.326969
6.329329
6.339446
6.389819
6.421964
6.429204
6.407513
6.336507
6.254187
6.208917
6.159638
6.114630
6.062464
6.022938
6.024249
6.060787
6.125967
6.201771
6.268165
6.354476
6.461849
6.575078
6.683980
6.772761
6.854002
6.915612
6.953202
6.981019
7.007814
7.038924
7.044915
7.032903
7.050982
7.096030
7.134930
7.155386
7.147210
7.102843
7.045318
7.004013
6.995196
6.998877
6.993825
6.996297
7.023886
7.061063
7.096502
7.099262
7.081875
7.027783
6.945809
6.859463
6.771027
6.689007
6.602533
6.527637
6.434328
6.353009
6.280333
6.215090
6.197854
6.222512
6.250491
6.267155
6.295822
6.291824
6.268076
6.252184
6.236828
6.215558
6.197273
6.156988
6.091964
6.027714
5.965134
5.905606
5.834673
5.761800
5.679202
5.595278
5.504862
5.448379
5.390565
5.313233
5.272824
5.250993
5.255858
5.270789
5.279230
5.283539
5.249038
5.194540
5.157174
5.119635
5.094515
5.042804
5.034404
5.027355
5.019314
4.968498
4.896608
4.817068
4.734858
4.658847
4.598759
4.547641
4.517519
4.504808
4.515417
4.499721
4.458076
4.403253
4.359637
4.338037
4.317296
4.300169
4.270573
4.231310
4.209668
4.184244
4.158200
4.158383
4.163842
4.147291
4.130202
4.127146
4.164851
4.188913
4.195724
4.193898
4.182880
4.150033
4.125259
4.122404
4.118820
4.126106
4.136616
4.168330
4.193883
4.213993
4.258252
4.301283
4.340720
4.366389
4.386038
4.390916
4.404384
4.422212
4.413372
4.455105
4.508843
4.551486
4.594013
4.654750
4.736987
4.813878
4.856480
4.844424
4.837026
4.847796
4.840109
4.813942
4.776736
4.735368
4.702181
4.672338
4.647468
4.638090
4.646280
4.643356
4.625727
4.611770
4.585403
4.570684
4.586508
4.590163
4.568829
4.528836
4.502450
4.479938
4.487991
4.533025
4.593072
4.647096
4.679394
4.693377
4.706518
4.716903
4.726245
4.726016
4.718826
4.734954
4.763422
4.788397
4.821718
4.874863
4.938285
4.991198
5.046822
5.079723
5.101489
5.109557
5.112787
5.107405
5.124283
5.163878
5.226360
5.308573
5.385846
5.492958
5.601093
5.694974
5.774312
5.843933
5.908922
5.993615
6.082302
6.158423
6.232394
6.305489
6.380576
6.453203
6.520051
6.564678
6.592024
6.629989
6.703651
6.790834
6.852465
6.889104
6.892873
6.866351
6.816941
6.762996
6.706764
6.631544
6.544030
6.462617
6.367907
6.277441
6.207465
6.130116
6.057628
6.005458
5.950028
5.895933
5.845701
5.810943
5.791899
5.794328
5.787975
5.786278
5.765219
5.710071
5.630841
5.554296
5.501560
5.462445
5.432985
5.406082
5.396305
5.403786
5.440632
5.491874
5.544739
5.594694
5.653154
5.721314
5.778995
5.862677
5.927688
5.984275
6.032043
6.059780
6.052096
6.009872
5.948427
5.896670
5.866837
5.837035
5.822933
5.819807
5.828990
5.849821
5.870733
5.887276
5.914914
5.952304
5.989137
6.036582
6.071296
6.095283
6.121918
6.160140
6.223716
6.299921
6.393038
6.483707
6.562815
6.647004
6.742012
6.810212
6.862770
6.903634
6.924536
6.917950
6.880168
6.803887
6.692980
6.568040
6.423541
6.272311
6.122441
5.997265
5.899750
5.816393
5.741490
5.690199
5.658957
5.633519
5.610989
5.589625
5.575645
5.547940
5.516839
5.487505
5.437760
5.380674
5.312820
5.255469
5.204446
5.162783
5.123794
5.081003
5.035810
4.985926
4.952623
4.926080
4.922538
4.916254
4.925552
4.940857
4.953689
4.969289
4.992197
5.032675
5.088783
5.177569
5.301634
5.438813
5.544526
5.636558
5.707988
5.764106
5.833474
5.902923
5.967137
6.024571
6.065838
6.087835
6.087746
6.081198
6.093526
6.087724
6.095391
6.120272
6.147611
6.183123
6.224093
6.258569
6.307330
6.340132
6.348974
6.372343
6.406731
6.433178
6.456477
6.458175
6.458703
6.450646
6.455359
6.453481
6.452288
6.475978
6.496768
6.521814
6.532112
6.543908
6.531877
6.509822
6.478607
6.448356
6.412364
6.365091
6.326524
6.295658
6.255687
6.220152
6.188488
6.164542
6.219876
6.299534
6.394519
6.497008
6.576496
6.660717
6.756822
6.861846
6.971684
7.069634
7.155693
7.237159
7.318303
7.387844
7.454981
7.516470
7.573060
7.600085
7.610331
7.605040
7.574966
7.530244
7.474987
7.406787
7.365462
7.365441
7.365532
7.340828
7.276925
7.212026
7.125441
7.030020
6.929698
6.817474
6.742759
6.682248
6.636296
6.584705
6.546518
6.513251
6.463912
6.414766
6.368384
6.322888
6.268057
6.206906
6.141017
6.061988
5.971277
5.860367
5.742943
5.669236
5.645254
5.653602
5.697287
5.759754
5.839685
5.945933
6.080833
6.232105
6.416713
6.608684
6.810488
7.025645
7.256525
7.502730
7.744684
7.999675
8.234365
8.467322
8.712032
8.961011
9.216255
9.473706
9.731351
10.013565
10.299514
10.574910
10.824499
11.028321
11.227763
11.422114
11.578447
11.719111
11.861571
12.025416
12.203725
12.364591
12.536373
12.734786
12.936034
13.123839
13.292420
13.436628
13.565608
13.665312
13.736537
13.797041
13.820587
13.806841
13.755428
13.671634
13.562332
13.417549
13.262751
13.098527
12.904614
12.691785
12.457772
12.201228
11.918276
11.611544
11.288470
10.971012
10.653066
10.327296
10.018764
9.727005
9.474886
9.244374
9.001243
8.756744
8.519628
8.293025
8.079810
7.873789
7.673782
7.486861
7.316353
7.165324
7.010231
6.853180
6.718853
6.586067
6.472583
6.351693
6.227002
6.115696
6.016933
5.957092
5.936871
5.944245
5.934635
5.912176
5.875451
5.829957
5.790794
5.779381
5.804786
5.849590
5.898917
5.951784
6.004350
6.036891
6.042002
6.045535
6.058040
6.084305
6.128773
6.192361
6.266538
6.342736
6.417130
6.459973
6.477966
6.446261
6.408315
6.367943
6.349691
6.349162
6.402241
6.443879
6.465263
6.494743
6.522239
6.556630
6.601590
6.644936
6.684760
6.750921
6.824386
6.915121
7.005945
7.088499
7.171405
7.237167
7.294629
7.318937
7.298416
7.241026
7.154765
7.019343
6.906192
6.818265
6.756652
6.702267
6.649257
6.621293
6.591770
6.565002
6.552523
6.559988
6.577117
6.600333
6.634043
6.656289
6.652452
6.626764
6.583099
6.509593
6.412854
6.311862
6.210581
6.143490
6.094971
6.063604
6.065706
6.059913
6.039029
5.980617
5.888513
5.814648
5.775078
5.772099
5.792049
5.808371
5.824848
5.867893
5.905361
5.913715
5.934819
5.958265
5.978384
6.021067
6.092778
6.188303
6.279273
6.363952
6.458571
6.546242
6.638812
6.735321
6.845961
6.928356
6.974429
6.993899
7.000595
6.987482
6.981438
6.971401
6.954186
6.911254
6.835001
6.735152
6.608216
6.481248
6.350312
6.234557
6.142232
6.066358
5.998227
5.951298
5.926345
5.910826
5.906668
5.905128
5.903954
5.895699
5.867040
5.837288
5.810507
5.792129
5.748024
5.678485
5.615927
5.554392
5.487474
5.430937
5.421510
5.456572
5.527190
5.615547
5.720007
5.838158
5.973813
6.114773
6.303016
6.500122
6.690301
6.886257
7.095837
7.316721
7.523915
7.754524
8.022007
8.294906
8.571446
8.837253
9.089941
9.328775
9.551781
9.759870
9.963253
10.136451
10.313693
10.498058
10.675749
10.845177
11.007572
11.176534
11.339206
11.466870
11.579660
11.693417
11.802758
11.917219
12.041910
12.162559
12.296702
12.418468
12.511794
12.585253
12.632099
12.653768
12.653997
12.664706
12.674932
12.707791
12.723485
12.717644
12.686570
12.635741
12.566814
12.462820
12.335121
12.195808
12.026170
11.821718
11.593860
11.372172
11.153928
10.926844
10.710456
10.508627
10.310480
10.132503
9.965529
9.826117
9.705565
9.590791
9.469492
9.343468
9.195154
9.045039
8.875377
8.706940
8.560947
8.437090
8.314320
8.173657
8.025203
7.867071
7.710563
7.570188
7.451039
7.319892
7.184415
7.064710
6.935393
6.813661
6.677976
6.536971
6.406509
6.302904
6.223456
6.194188
6.160414
6.110319
6.072249
6.040673
6.008515
5.987924
5.972504
5.963415
5.959950
5.946015
5.915315
5.866271
5.825225
5.774639
5.723478
5.668141
5.614431
5.562104
5.498718
5.437508
5.378607
5.318981
5.269971
5.215628
5.183660
5.183053
5.212104
5.238967
5.260681
5.277812
5.289771
5.295150
5.299564
5.310761
5.312765
5.313962
5.342522
5.392262
5.408802
5.444802
5.478687
5.501293
5.515229
5.512998
5.526438
5.538007
5.583229
5.616677
5.646350
5.704861
5.817626
5.949288
6.100186
6.248845
6.397106
6.508518
6.594661
6.671316
6.765117
6.845437
6.908383
6.965824
7.024928
7.100325
7.170281
7.263828
7.347550
7.413602
7.432397
7.428569
7.384997
7.357179
7.346831
7.372508
7.425699
7.487264
7.520125
7.572760
7.641661
7.705694
7.771871
7.815604
7.842092
7.842048
7.827952
7.785204
7.711145
7.621824
7.546173
7.456643
7.369803
7.276674
7.182962
7.101864
7.023495
6.955025
6.912127
6.883913
6.869964
6.828613
6.762998
6.717585
6.681922
6.649910
6.604672
6.585316
6.580877
6.577715
6.564237
6.563413
6.585697
6.629533
6.699320
6.785036
6.887482
6.973784
7.054742
7.112423
7.162696
7.217641
7.281313
7.361944
7.470263
7.598836
7.710796
7.826629
7.964256
8.096574
8.195578
8.263872
8.308208
8.355302
8.392706
8.435106
8.487987
8.541593
8.571853
8.591318
8.604835
8.615031
8.634534
8.684709
8.756917
8.830089
8.918659
9.013893
9.087543
9.174940
9.288672
9.424950
9.565173
9.677242
9.746128
9.807928
9.903607
10.010297
10.112888
10.215881
10.313494
10.409739
10.490733
10.549566
10.577657
10.562101
10.498816
10.440809
10.356464
10.284849
10.253858
10.264700
10.270095
10.272303
10.246238
10.206938
10.194301
10.168971
10.106200
10.005173
9.888941
9.786895
9.684762
9.564972
9.458080
9.321393
9.169839
9.043532
8.940793
8.861104
8.775129
8.705884
8.667610
8.653707
8.638564
8.602696
8.570870
8.547105
8.499707
8.425502
8.312886
8.160713
7.982952
7.793213
7.651055
7.563741
7.456482
7.317370
7.175874
7.021625
6.888708
6.749511
6.613838
6.494870
6.407664
6.335428
6.259668
6.180110
6.107851
6.040556
5.988876
5.925946
5.877219
5.826121
5.759947
5.675334
5.595196
5.549527
5.527652
5.537243
5.546979
5.570013
5.612558
5.650066
5.705427
5.754438
5.774051
5.755770
5.745395
5.724238
5.696717
5.689889
5.691392
5.700015
5.702192
5.731520
5.757899
5.782079
5.849092
5.935252
6.003995
6.073380
6.147554
6.222546
6.280110
6.345823
6.409810
6.461645
6.469802
6.458809
6.439885
6.415717
6.394286
6.344982
6.300103
6.287298
6.304489
6.318153
6.321417
6.328266
6.334476
6.394361
6.468878
6.561382
6.676151
6.799550
6.922233
7.048567
7.173271
7.288595
7.407304
7.524488
7.643444
7.743248
7.828214
7.899772
7.961814
8.010981
8.063046
8.107277
8.107949
8.078402
8.041949
7.988864
7.949113
7.899627
7.850955
7.784569
7.716417
7.650637
7.611401
7.576781
7.528576
7.476608
7.436584
7.390986
7.352211
7.302193
7.254025
7.172245
7.074447
6.976383
6.891694
6.845784
6.819766
6.771314
6.702247
6.636792
6.571055
6.499753
6.433550
6.362932
6.283073
6.175103
6.052546
5.961907
5.892035
5.817281
5.746113
5.702933
5.685278
5.692760
5.705640
5.768094
5.814474
5.863306
5.932676
6.024967
6.114394
6.238093
6.385158
6.537994
6.670282
6.796248
6.903569
6.987644
7.055695
7.099459
7.139181
7.182338
7.251954
7.342703
7.448933
7.571782
7.692884
7.849268
7.973946
8.059033
8.120703
8.155413
8.167296
8.188560
8.195191
8.198020
8.183936
8.174073
8.189154
8.258667
8.337568
8.411765
8.455905
8.479308
8.516472
8.570350
8.647582
8.717846
8.755164
8.784362
8.818595
8.872710
8.954691
9.061876
9.196202
9.335196
9.486171
9.633683
9.777506
9.906737
10.037737
10.131736
10.205527
10.283292
10.368882
10.474190
10.575602
10.656948
10.746678
10.830074
10.905366
10.938705
10.913890
10.819368
10.702958
10.566213
10.433120
10.293148
10.225354
10.216322
10.263573
10.364536
10.519550
10.673818
10.842478
10.985682
11.111560
11.233577
11.338822
11.437619
11.517313
11.623591
11.738480
11.848378
11.943859
12.041349
12.150566
12.274053
12.392690
12.474212
12.519210
12.534242
12.512756
12.471997
12.435105
12.394738
12.318619
12.233841
12.159296
12.112382
12.062745
12.030374
11.972584
11.878271
11.783025
11.670637
11.580518
11.547859
11.557692
11.626237
11.731827
11.867866
12.017596
12.139436
12.218570
12.273622
12.305877
12.315037
12.320216
12.335457
12.372799
12.392860
12.392981
12.438115
12.447499
12.484083
12.475498
12.431544
12.369996
12.256551
12.114421
11.969018
11.837207
11.743910
11.674622
11.591473
11.510940
11.439646
11.379505
11.342937
11.309389
11.243983
11.130227
10.979376
10.788697
10.575852
10.364922
10.140889
9.900675
9.651778
9.410696
9.196708
9.019307
8.867080
8.685208
8.515066
8.318365
8.111371
7.920284
7.731151
7.566206
7.433544
7.326701
7.256409
7.198445
7.114040
7.017622
6.904265
6.802185
6.698368
6.603653
6.529368
6.458286
6.356243
6.296570
6.209366
6.164691
6.118456
6.072180
6.025621
5.991157
5.973995
5.939863
5.873862
5.756149
5.661934
5.598495
5.566518
5.556061
5.556039
5.542605
5.541626
5.550822
5.568384
5.577731
5.596049
5.618258
5.654845
5.692853
5.718490
5.716965
5.703140
5.688297
5.684900
5.689395
5.715044
5.741014
5.763289
5.818516
5.893526
5.961039
6.028289
6.112632
6.199620
6.277127
6.339304
6.383411
6.415356
6.420631
6.425021
6.434325
6.453301
6.491290
6.549301
6.650621
6.776856
6.892896
7.020669
7.141798
7.223454
7.267777
7.293023
7.318171
7.374138
7.428425
7.436353
7.418794
7.417818
7.413982
7.419980
7.438903
7.446055
7.472758
7.505363
7.522699
7.518514
7.494516
7.443736
7.412138
7.423842
7.477566
7.549403
7.630813
7.690849
7.730671
7.763488
7.803560
7.827909
7.827910
7.832915
7.842866
7.863942
7.872712
7.887241
7.950493
8.009717
8.065386
8.104476
8.132885
8.117762
8.071765
7.979770
7.853308
7.693042
7.542949
7.394263
7.259014
7.142442
7.050796
6.984175
6.907314
6.822437
6.751631
6.684997
6.609678
6.557972
6.508709
6.455721
6.400349
6.344755
6.302370
6.287174
6.285866
6.306329
6.351596
6.399149
6.457911
6.535340
6.627609
6.681371
6.710555
6.705179
6.660117
6.617892
6.555004
6.475541
6.388239
6.299063
6.202647
6.101362
6.008166
5.920068
5.829338
5.735169
5.640313
5.592051
5.575427
5.596749
5.629600
5.688146
5.747586
5.823381
5.875483
5.905744
5.918256
5.909773
5.880345
5.818695
5.737580
5.642716
5.580270
5.559552
5.563055
5.584213
5.633241
5.716188
5.813719
5.908717
5.999123
6.081937
6.164926
6.249714
6.324598
6.402075
6.491305
6.613274
6.735092
6.843735
6.955363
7.092548
7.242875
7.392395
7.531076
7.639957
7.737140
7.817438
7.889299
7.969148
8.033688
8.079637
8.101444
8.099957
8.079605
8.052999
8.033775
8.029698
8.046140
8.077346
8.134678
8.195861
8.271750
8.344546
8.428706
8.492271
8.558560
8.617389
8.674398
8.755469
8.854160
8.993541
9.119270
9.200130
9.236489
9.229215
9.200481
9.148405
9.086263
9.013537
8.938304
8.861918
8.808513
8.750256
8.700887
8.653497
8.604065
8.545543
8.487403
8.441632
8.365416
8.282242
8.198674
8.121798
8.053023
7.997737
7.948387
7.897121
7.831955
7.771255
7.732906
7.700658
7.673345
7.634138
7.599185
7.537606
7.442294
7.321349
7.195085
7.064964
6.942266
6.835898
6.741069
6.662890
6.605741
6.570239
6.566662
6.581655
6.600978
6.585139
6.537087
6.472176
6.385110
6.334376
6.305586
6.294408
6.275568
6.282749
6.322660
6.379123
6.414268
6.435010
6.427855
6.393565
6.364235
6.332334
6.286715
6.237037
6.190227
6.170512
6.173854
6.181828
6.197829
6.208241
6.208310
6.209603
6.194368
6.175994
6.154344
6.116864
6.090079
6.093319
6.094935
6.094483
6.094444
6.113964
6.115143
6.098784
6.066316
6.033981
6.018332
6.020012
6.005165
5.979592
5.938393
5.881243
5.808614
5.741021
5.702370
5.726825
5.767965
5.846924
5.929935
5.996084
6.070415
6.152975
6.246178
6.340441
6.426756
6.541999
6.677926
6.802187
6.914790
6.995309
7.058549
7.117997
7.167819
7.172550
7.141327
7.084518
7.021975
6.967291
6.941721
6.945267
6.969383
6.989312
6.994665
6.996528
7.004534
7.034648
7.027478
6.998689
6.977880
6.950367
6.894229
6.858025
6.884985
6.947372
7.029978
7.106191
7.169976
7.241689
7.330654
7.391045
7.420771
7.436013
7.433607
7.422047
7.373292
7.276450
7.153692
7.052688
6.983094
6.920702
6.857085
6.792426
6.732365
6.687493
6.656737
6.620159
6.597059
6.600371
6.597849
6.578144
6.535394
6.485115
6.423514
6.367986
6.325541
6.296323
6.290859
6.312660
6.300672
6.262267
6.214151
6.164600
6.117512
6.062804
5.993636
5.914814
5.861953
5.823150
5.788907
5.735091
5.707853
5.663272
5.597929
5.543021
5.494941
5.464479
5.440811
5.430126
5.412085
5.415645
5.420334
5.421996
5.430684
5.437255
5.433571
5.444810
5.482233
5.498577
5.518692
5.558686
5.605709
5.664924
5.735545
5.800523
5.869744
5.935619
5.972943
5.970797
5.995596
6.035850
6.063134
6.079543
6.125055
6.182152
6.231466
6.250340
6.251581
6.235888
6.243005
6.259593
6.274210
6.283379
6.283749
6.272701
6.248464
6.222931
6.205075
6.211265
6.258634
6.318862
6.368268
6.393533
6.414279
6.433132
6.416023
6.363599
6.314761
6.278881
6.267593
6.277168
6.334001
6.424712
6.542919
6.679900
6.823917
6.954027
7.066611
7.200168
7.343334
7.497511
7.662755
7.813694
7.953435
8.088061
8.203798
8.327068
8.482672
8.658964
8.825316
8.993230
9.177061
9.355829
9.540621
9.701284
9.872994
10.052652
10.202082
10.333321
10.414628
10.496695
10.582909
10.655220
10.678628
10.659208
10.635055
10.647779
10.678386
10.693821
10.690375
10.686928
10.678704
10.675853
10.644671
10.606637
10.569415
10.532697
10.476900
10.383326
10.302933
10.227345
10.161903
10.118344
10.077760
10.063513
10.061298
10.080682
10.085280
10.063830
9.978556
9.872070
9.762529
9.670008
9.581054
9.494094
9.415243
9.326302
9.214863
9.134267
9.090084
9.049504
8.992312
8.913589
8.821915
8.770851
8.702597
8.587443
8.442274
8.276947
8.137452
8.004925
7.889292
7.818910
7.778094
7.732031
7.680873
7.612175
7.543793
7.488168
7.442570
7.386069
7.336147
7.303162
7.268333
7.215805
7.143232
7.051260
6.940325
6.838716
6.797713
6.779287
6.760921
6.747806
6.727544
6.711006
6.722982
6.719740
6.732015
6.741495
6.755025
6.743730
6.698468
6.641819
6.575273
6.510535
6.450563
6.382407
6.319839
6.239050
6.153272
6.072091
6.021108
5.985225
5.973679
5.979272
5.979955
5.979019
5.998902
6.041715
6.108016
6.202676
6.319151
6.424124
6.488200
6.530728
6.538160
6.555819
6.576120
6.588257
6.601147
6.589638
6.563537
6.531000
6.501900
6.496935
6.487378
6.493838
6.522945
6.556787
6.568151
6.572316
6.554911
6.547555
6.551172
6.523871
6.459985
6.400814
6.315819
6.268752
6.292876
6.323116
6.351408
6.350137
6.335319
6.300917
6.287041
6.289258
6.324501
6.372045
6.424130
6.521905
6.604599
6.648972
6.659522
6.651032
6.624110
6.604031
6.548857
6.427472
6.272812
6.101636
5.918916
5.759199
5.638516
5.535656
5.454306
5.388046
5.314664
5.244994
5.193039
5.165870
5.161462
5.170841
5.185666
5.214604
5.233366
5.237325
5.222447
5.183592
5.180835
5.188453
5.233990
5.261340
5.270391
5.258904
5.263903
5.288021
5.312365
5.310669
5.254315
5.234898
5.237439
5.261174
5.293389
5.310038
5.293828
5.283458
5.280812
5.285493
5.286815
5.269960
5.270011
5.293494
5.323379
5.330724
5.337142
5.321704
5.305606
5.291740
5.308499
5.330210
5.367735
5.431548
5.518567
5.618533
5.737009
5.830813
5.921773
6.006009
6.086497
6.179273
6.275596
6.359069
6.438232
6.501564
6.561759
6.625066
6.688023
6.746199
6.789295
6.815595
6.833072
6.859616
6.894264
6.922015
6.949382
6.931725
6.896848
6.849845
6.809090
6.752139
6.684901
6.622314
6.571844
6.553337
6.554559
6.573996
6.574244
6.562367
6.549818
6.544069
6.539148
6.528721
6.528819
6.561335
6.605371
6.662462
6.720350
6.785006
6.845944
6.915182
6.972091
7.003727
7.035402
7.082739
7.145460
7.211190
7.261881
7.323126
7.394354
7.452389
7.512780
7.569375
7.608262
7.633736
7.660609
7.688017
7.721482
7.733116
7.723540
7.712697
7.710667
7.719337
7.714271
7.679498
7.613906
7.528882
7.417797
7.292591
7.167442
7.062328
6.969170
6.877794
6.787218
6.703626
6.635471
6.598187
6.575366
6.553295
6.524060
6.492226
6.456549
6.422277
6.371638
6.329649
6.311209
6.303768
6.316084
6.331641
6.342118
6.343489
6.348103
6.353186
6.344313
6.334442
6.340350
6.392055
6.467469
6.545949
6.618881
6.707998
6.781144
6.842502
6.887999
6.892338
6.879591
6.893952
6.931392
6.983621
7.030437
7.077483
7.103507
7.123743
7.172070
7.223488
7.261684
7.268493
7.262157
7.227667
7.175017
7.094000
6.987972
6.903360
6.851240
6.813711
6.773659
6.699422
6.625132
6.536654
6.443495
6.356680
6.283872
6.209488
6.142675
6.067803
5.988083
5.914504
5.844047
5.771291
5.724117
5.687850
5.667836
5.669433
5.687722
5.703253
5.697886
5.675318
5.672953
5.694572
5.735439
5.758940
5.773675
5.779335
5.788606
5.825252
5.874149
5.907767
5.943285
5.992687
6.063620
6.147224
6.229875
6.319406
6.400416
6.495566
6.603968
6.720380
6.853508
6.973841
7.073384
7.172156
7.251770
7.314416
7.381738
7.452640
7.534920
7.624550
7.677015
7.738483
7.801759
7.851578
7.875831
7.914825
7.970427
8.052211
8.116656
8.167616
8.199859
8.236059
8.291774
8.334701
8.374702
8.402212
8.421300
8.403251
8.359732
8.290376
8.194892
8.102852
8.025077
7.968583
7.904458
7.836623
7.775899
7.705072
7.640824
7.576035
7.484993
7.366159
7.235003
7.108168
6.965628
6.821740
6.689653
6.548861
6.403020
6.262459
6.136866
6.052275
5.982636
5.918245
5.845404
5.767350
5.658113
5.532194
5.397279
5.282531
5.197590
5.118859
5.046878
4.987618
4.936092
4.880101
4.821588
4.763237
4.736460
4.725038
4.743809
4.793197
4.830216
4.874735
4.933657
5.005575
5.080566
5.166894
5.249228
5.329681
5.402691
5.456237
5.506357
5.537250
5.539234
5.518058
5.511947
5.511547
5.515214
5.523294
5.516008
5.496122
5.478615
5.469379
5.472350
5.468200
5.463372
5.464257
5.465118
5.458648
5.440320
5.419651
5.420560
5.415375
5.412691
5.432892
5.450376
5.468356
5.470301
5.475394
5.500327
5.544859
5.595878
5.653666
5.717717
5.779927
5.838991
5.885027
5.906922
5.954493
5.976785
6.012502
6.083147
6.138284
6.175757
6.228199
6.301925
6.396260
6.520232
6.679360
6.845332
7.043651
7.240945
7.429689
7.608652
7.783377
7.917571
8.052182
8.192712
8.354759
8.551197
8.756970
8.944507
9.118143
9.276767
9.407951
9.511779
9.579150
9.605629
9.583970
9.541764
9.457831
9.372857
9.300235
9.226661
9.173308
9.185978
9.207576
9.240889
9.265144
9.274437
9.286780
9.292304
9.284562
9.248740
9.171826
9.071818
8.976895
8.872207
8.711942
8.549945
8.353585
8.132295
7.954812
7.796238
7.632935
7.451948
7.258261
7.062501
6.854469
6.668321
6.449781
6.248678
6.048450
5.855263
5.676696
5.541816
5.418741
5.312080
5.217691
5.109221
5.009200
4.925913
4.825350
4.735878
4.668143
4.638627
4.618142
4.605694
4.620365
4.651327
4.693526
4.721361
4.766381
4.791831
4.802995
4.800471
4.798637
4.788488
4.773476
4.751396
4.711733
4.687083
4.673765
4.690460
4.719161
4.737267
4.749429
4.796820
4.845070
4.897179
4.952151
5.031423
5.132005
5.240597
5.340577
5.444284
5.546223
5.664251
5.783408
5.892793
5.988931
6.068959
6.141393
6.210617
6.263931
6.325037
6.398712
6.435320
6.474745
6.518578
6.570069
6.599778
6.589522
6.535350
6.452691
6.352679
6.256337
6.167926
6.056969
5.939637
5.821681
5.711064
5.599552
5.518105
5.475147
5.448419
5.427779
5.430816
5.438209
5.483206
5.523277
5.544044
5.566600
5.560843
5.552042
5.549224
5.550984
5.528910
5.490094
5.443638
5.393650
5.332851
5.271601
5.238391
5.218852
5.197089
5.185461
5.164913
5.162880
5.175961
5.207566
5.250417
5.299498
5.361825
5.459480
5.536118
5.605431
5.691669
5.768583
5.848974
5.919527
5.995811
6.072195
6.136026
6.193806
6.225195
6.226630
6.235106
6.264995
6.299864
6.341703
6.378153
6.393520
6.389181
6.369683
6.350203
6.331172
6.307746
6.282518
6.240640
6.206156
6.177143
6.156714
6.179873
6.208031
6.241554
6.283637
6.328263
6.372698
6.439639
6.478084
6.519714
6.573336
6.632288
6.686632
6.727670
6.760666
6.792766
6.816470
6.852135
6.896912
6.939945
6.975606
6.982386
6.953432
6.950445
6.962287
6.970975
6.983512
7.006908
7.022351
7.036429
7.072396
7.120763
7.183201
7.266897
7.360743
7.438428
7.498868
7.536694
7.564654
7.565418
7.545329
7.511917
7.479321
7.428957
7.369828
7.315612
7.267097
7.222123
7.182813
7.161259
7.124350
7.084244
7.033356
6.975817
6.934827
6.907020
6.871789
6.834758
6.834837
6.834104
6.808404
6.765276
6.712495
6.688412
6.667544
6.641827
6.622551
6.594652
6.563076
6.539918
6.519367
6.510334
6.488626
6.463563
6.419955
6.375140
6.314033
6.254725
6.213842
6.185357
6.151001
6.099474
6.035026
5.965318
5.917582
5.890804
5.881146
5.895632
5.938707
6.015454
6.085560
6.138130
6.169349
6.168108
6.175139
6.179245
6.184607
6.191412
6.177418
6.125355
6.054104
5.989367
5.906603
5.846297
5.786238
5.736609
5.692429
5.650768
5.623470
5.612103
5.601577
5.582276
5.559150
5.529644
5.507035
5.481841
5.468287
5.469608
5.480476
5.507414
5.559232
5.631225
5.740490
5.870991
6.005325
6.131464
6.252667
6.342527
6.409148
6.470905
6.547427
6.637645
6.743614
6.860188
6.961755
7.064667
7.175449
7.301891
7.450999
7.622533
7.851213
8.056540
8.241281
8.403115
8.526181
8.607239
8.664731
8.706444
8.738912
8.776384
8.810920
8.857417
8.890673
8.883295
8.850111
8.787386
8.693388
8.603081
8.497183
8.392006
8.312225
8.252066
8.184068
8.133457
8.067480
7.988634
7.894336
7.798589
7.702255
7.604278
7.505188
7.391551
7.250899
7.111137
6.980961
6.852582
6.748199
6.667209
6.600603
6.556261
6.517642
6.469180
6.406996
6.332126
6.254421
6.171669
6.089846
6.016693
5.931990
5.840826
5.737041
5.676938
5.635743
5.598358
5.551881
5.490672
5.416130
5.342184
5.283795
5.238203
5.200237
5.175617
5.145733
5.127317
5.116374
5.108236
5.095626
5.076871
5.052383
5.020840
4.992996
4.983057
4.985841
4.977209
4.966581
4.960807
4.963340
4.954799
4.957731
4.967063
4.977500
4.988215
5.002401
5.030043
5.046108
5.048839
5.035981
5.005039
4.964050
4.931912
4.918253
4.926678
4.956132
5.000728
5.069519
5.132218
5.198916
5.277114
5.363310
5.463662
5.573666
5.692236
5.813198
5.950635
6.102637
6.229960
6.337952
6.445081
6.531151
6.626690
6.724754
6.836778
6.948208
7.053520
7.173652
7.301301
7.425388
7.540725
7.665515
7.789356
7.923490
8.057895
8.218959
8.371902
8.505610
8.619078
8.710145
8.781943
8.826647
8.856364
8.868114
8.865443
8.862689
8.854053
8.852887
8.853749
8.844743
8.852484
8.873063
8.907442
8.916643
8.913357
8.902496
8.873803
8.825025
8.794955
8.771231
8.727714
8.675894
8.604371
8.507541
8.379405
8.254939
8.135973
7.997403
7.892639
7.798396
7.718476
7.647379
7.524794
7.394427
7.226523
7.079595
6.926709
6.767425
6.626283
6.476875
6.338035
6.205486
6.076013
5.950658
5.810493
5.639079
5.523397
5.403063
5.285770
5.193725
5.084483
4.983612
4.887955
4.801017
4.721958
4.650614
4.599687
4.556449
4.535993
4.511080
4.484372
4.462382
4.437604
4.391854
4.366626
4.340514
4.310071
4.269012
4.235864
4.208354
4.183259
4.172620
4.169981
4.184278
4.218862
4.260259
4.297327
4.327720
4.335938
4.335017
4.322612
4.324648
4.368602
4.388065
4.399017
4.390904
4.394484
4.437947
4.461405
4.476106
4.487960
4.583147
4.672862
4.753295
4.812784
4.850503
4.848847
4.840257
4.837634
4.830350
4.831125
4.825585
4.836439
4.850991
4.844019
4.826554
4.791576
4.788773
4.782746
4.768146
4.753344
4.725915
4.707529
4.712576
4.732321
4.779558
4.833439
4.911640
4.976671
5.023233
5.055614
5.092838
5.105973
5.102472
5.095997
5.097930
5.110108
5.135946
5.180214
5.217919
5.262629
5.312193
5.339422
5.371877
5.387659
5.387571
5.368449
5.349082
5.375300
5.398695
5.386795
5.306125
5.235673
5.160288
5.138777
5.135516
5.135058
5.132361
5.118226
5.095614
5.073612
5.050009
5.013832
4.973461
4.940628
4.912298
4.897950
4.877660
4.854257
4.856482
4.857635
4.849761
4.831275
4.785370
4.703913
4.622206
4.553595
4.496128
4.463371
4.444689
4.438448
4.423833
4.419913
4.416236
4.398895
4.356541
4.303364
4.237394
4.179005
4.127180
4.059854
3.989523
3.945025
3.897139
3.885124
3.899667
3.942714
3.982660
4.022793
4.092593
4.171786
4.253467
4.334483
4.422521
4.493196
4.541233
4.571532
4.609217
4.660830
4.704057
4.740265
4.779134
4.831360
4.905060
4.971383
5.050481
5.116163
5.167191
5.210204
5.255720
5.300204
5.361055
5.434134
5.556768
5.653025
5.750922
5.875415
6.005474
6.101996
6.190470
6.297191
6.389004
6.460954
6.542535
6.619780
6.678798
6.739409
6.789715
6.810044
6.811267
6.823783
6.843862
6.847819
6.872210
6.879604
6.863422
6.818382
6.761950
6.684991
6.605733
6.529900
6.465012
6.387175
6.304728
6.244626
6.259415
6.275987
6.280673
6.266420
6.252213
6.221666
6.183319
6.118914
6.031390
5.949108
5.880458
5.846953
5.804943
5.745596
5.684558
5.647047
5.615471
5.600883
5.586218
5.635917
5.665384
5.663921
5.657013
5.679758
5.689743
5.662351
5.643914
5.612816
5.596903
5.602915
5.638973
5.672115
5.714532
5.746465
5.776846
5.798696
5.797510
5.811280
5.834554
5.884780
5.940544
6.024809
6.106429
6.220149
6.333226
6.409745
6.447731
6.445549
6.412273
6.378581
6.343091
6.318272
6.338532
6.376202
6.399213
6.406904
6.407669
6.419849
6.428940
6.432541
6.431544
6.413243
6.416497
6.435233
6.439768
6.429874
6.395924
6.326347
6.242649
6.134535
6.036720
5.948380
5.862004
5.774626
5.694106
5.653654
5.629653
5.629338
5.632761
5.632882
5.628260
5.617716
5.592517
5.572216
5.546618
5.504428
5.475963
5.442775
5.439573
5.422545
5.416811
5.417737
5.406614
5.371943
5.342147
5.318797
5.296811
5.291197
5.300196
5.328234
5.355140
5.382949
5.393262
5.403158
5.417601
5.447963
5.480485
5.519565
5.555855
5.595299
5.635304
5.677890
5.736890
5.798313
5.857528
5.923728
6.009545
6.079121
6.109332
6.101466
6.067729
6.030855
5.982271
5.926166
5.869675
5.820314
5.772302
5.719513
5.658099
5.583962
5.503747
5.437424
5.376099
5.299707
5.239096
5.183362
5.128566
5.060945
4.972602
4.897692
4.837200
4.779807
4.746135
4.735641
4.741473
4.766867
4.792847
4.798449
4.793999
4.785733
4.785458
4.834946
4.880646
4.929265
4.972391
4.998021
4.987521
4.956587
4.934069
4.896724
4.858775
4.802043
4.708715
4.603545
4.510310
4.437386
4.370106
4.340278
4.338463
4.346549
4.363446
4.381047
4.379389
4.393296
4.439647
4.505521
4.546166
4.583269
4.621237
4.643683
4.652499
4.662007
4.685498
4.707388
4.711927
4.716576
4.711981
4.712100
4.731511
4.748452
4.766949
4.790420
4.815964
4.863807
4.917137
4.991602
5.077589
5.158561
5.232990
5.315263
5.404435
5.479603
5.595429
5.736513
5.914095
6.113917
6.331121
6.541140
6.755190
6.986455
7.245130
7.507702
7.772185
8.023944
8.261386
8.497750
8.772408
9.051477
9.327743
9.587250
9.809192
10.004080
10.188465
10.314996
10.403172
10.481435
10.560705
10.636028
10.711073
10.781066
10.858962
10.939521
11.013237
11.099710
11.213618
11.333905
11.464635
11.581048
11.671160
11.757862
11.830366
11.881723
11.920148
11.944209
11.946672
11.903449
11.871417
11.865995
11.883838
11.914954
11.929125
11.903844
11.837158
11.720191
11.572967
11.426467
11.275800
11.152806
11.010722
10.848150
10.656141
10.468255
10.290682
10.120960
9.955125
9.777152
9.600910
9.451496
9.319806
9.187526
9.073781
8.976383
8.876008
8.806911
8.770983
8.732019
8.689387
8.634870
8.583502
8.536788
8.486172
8.428675
8.369531
8.298538
8.218066
8.138735
8.072399
8.006915
7.941011
7.853526
7.772406
7.711815
7.663708
7.622775
7.610105
7.636597
7.648708
7.640436
7.628853
7.599770
7.573441
7.573069
7.588319
7.613392
7.650264
7.680271
7.706246
7.741891
7.788957
7.846922
7.914255
7.994988
8.058430
8.095739
8.127222
8.133812
8.112115
8.076091
8.041442
8.010025
7.977756
7.944149
7.912564
7.875680
7.828438
7.798999
7.808673
7.809875
7.780466
7.735739
7.688377
7.639763
7.606392
7.551906
7.480766
7.387844
7.269764
7.158768
7.051648
6.969325
6.900372
6.811249
6.708887
6.629844
6.543980
6.462171
6.389894
6.332944
6.298346
6.294363
6.313762
6.323024
6.338448
6.374618
6.409991
6.449728
6.493544
6.557244
6.635430
6.720838
6.812795
6.898971
6.977239
7.056278
7.127217
7.195184
7.259127
7.307489
7.329016
7.342916
7.341588
7.339912
7.356114
7.365016
7.360790
7.327958
7.268730
7.204437
7.138152
7.046622
6.944113
6.837365
6.722376
6.657011
6.622509
6.658362
6.680658
6.699004
6.705921
6.704016
6.708372
6.721577
6.753457
6.791272
6.828957
6.837407
6.837614
6.836832
6.833365
6.844002
6.859761
6.882935
6.887698
6.878222
6.871906
6.882643
6.902172
6.881982
6.858644
6.842891
6.849105
6.878265
6.932595
6.998258
7.062112
7.120725
7.179210
7.234417
7.266285
7.254322
7.214121
7.155618
7.084943
7.012606
6.948019
6.898857
6.860236
6.843218
6.862151
6.908867
6.962822
6.989686
6.994605
6.967504
6.915062
6.836744
6.822288
6.794302
6.774525
6.753472
6.724743
6.695102
6.680988
6.698260
6.741886
6.802256
6.902705
7.006891
7.108105
7.204472
7.293850
7.384780
7.473403
7.535597
7.584684
7.602906
7.630739
7.666621
7.667588
7.643306
7.608120
7.539387
7.451724
7.366349
7.298344
7.278619
7.252046
7.230276
7.253117
7.309298
7.371635
7.419342
7.416771
7.364393
7.303657
7.210286
7.090162
6.960397
6.819560
6.664984
6.521779
6.437042
6.386924
6.361698
6.360384
6.373668
6.385777
6.424142
6.436989
6.436403
6.424128
6.411849
6.389100
6.347719
6.305446
6.276115
6.219679
6.182241
6.141960
6.089745
6.029469
5.960605
5.907655
5.890609
5.907784
5.958632
6.003065
6.062775
6.168576
6.308411
6.473020
6.658681
6.835912
7.015066
7.190265
7.359259
7.511844
7.620769
7.670849
7.709097
7.760579
7.814092
7.869680
7.943092
8.009908
8.102826
8.156441
8.160708
8.111155
8.048463
7.958030
7.859561
7.782673
7.743580
7.707065
7.653061
7.585336
7.553179
7.593923
7.669171
7.751309
7.829225
7.913659
8.022280
8.112772
8.214259
8.314945
8.364152
8.381221
8.367835
8.337269
8.314611
8.310383
8.320031
8.318788
8.305275
8.276939
8.223474
8.162074
8.093131
8.025390
7.955746
7.900441
7.820638
7.736631
7.647202
7.558197
7.475663
7.412157
7.333886
7.255680
7.204767
7.183373
7.182634
7.222119
7.256563
7.285456
7.292088
7.284465
7.282059
7.316049
7.361624
7.388794
7.412121
7.452945
7.502428
7.543829
7.600079
7.664279
7.737106
7.799394
7.877407
7.957645
8.051109
8.159646
8.251725
8.349973
8.456728
8.572978
8.679729
8.760620
8.835397
8.925570
9.028466
9.144281
9.250957
9.337803
9.370793
9.371688
9.357600
9.323373
9.293508
9.286463
9.307677
9.333194
9.360212
9.359883
9.335304
9.289050
9.237492
9.135384
9.010614
8.886320
8.763704
8.606772
8.476315
8.345519
8.218689
8.108450
8.042220
7.983569
7.922053
7.857195
7.788503
7.722839
7.655705
7.585128
7.509423
7.426423
7.355257
7.305571
7.257088
7.211182
7.159078
7.087313
7.005234
6.904943
6.797105
6.710825
6.661439
6.636880
6.612306
6.561843
6.517470
6.481302
6.461329
6.417696
6.365530
6.307149
6.265040
6.241614
6.231143
6.207416
6.167260
6.144904
6.109519
6.081649
6.057965
6.049980
6.067592
6.041452
6.002351
5.980060
5.971588
5.953871
5.955625
5.957307
5.959748
5.951963
5.934896
5.912304
5.870793
5.826946
5.787160
5.757984
5.745164
5.724179
5.698759
5.686681
5.664773
5.629548
5.586489
5.537945
5.501066
5.450377
5.399751
5.372651
5.372773
5.384160
5.400622
5.389753
5.403615
5.437621
5.450037
5.446885
5.431297
5.444842
5.443103
5.436897
5.424830
5.385105
5.329278
5.279375
5.276355
5.292417
5.325549
5.396168
5.459974
5.516714
5.587025
5.702707
5.771907
5.820372
5.903273
6.013727
6.116944
6.217754
6.267111
6.283174
6.298706
6.318889
6.359732
6.388684
6.452438
6.539592
6.613600
6.706978
6.773415
6.779283
6.736781
6.753475
6.797200
6.829478
6.880051
6.910930
6.997422
7.066980
7.097690
7.077219
7.046603
7.000880
6.916616
6.795884
6.695416
6.641512
6.642597
6.677699
6.724743
6.767705
6.790175
6.806496
6.808576
6.787724
6.750674
6.696130
6.643507
6.571960
6.469944
6.397196
6.302084
6.157139
6.039811
5.934771
5.831582
5.726121
5.634397
5.534202
5.474510
5.436421
5.402675
5.383387
5.368864
5.366295
5.350074
5.329222
5.319367
5.305235
5.282152
5.298128
5.340340
5.357133
5.309791
5.266461
5.232670
5.211789
5.140280
5.088356
5.024008
4.970425
4.940179
4.915955
4.905730
4.935352
4.969966
5.005457
5.050142
5.082464
5.121602
5.141262
5.168492
5.216172
5.265560
5.315052
5.338341
5.418685
5.485073
5.499178
5.514609
5.516804
5.489498
5.498116
5.517885
5.533871
5.601080
5.645795
5.651011
5.639417
5.620141
5.611251
5.607053
5.582759
5.569669
5.560087
5.583589
5.619817
5.643505
5.626914
5.602716
5.571752
5.580338
5.581361
5.634976
5.706857
5.773834
5.844863
5.873863
5.855616
5.859077
5.900517
5.940024
5.970177
5.982123
5.965047
5.921772
5.888080
5.894805
5.900027
5.890920
5.878531
5.838518
5.777563
5.721316
5.663074
5.617005
5.563667
5.537821
5.534290
5.523338
5.484092
5.473362
5.475331
5.468851
5.460248
5.428723
5.399664
5.380182
5.381592
5.365107
5.340530
5.295777
5.257394
5.230429
5.229650
5.257213
5.306684
5.387413
5.484707
5.567041
5.613962
5.615005
5.582584
5.555978
5.528737
5.529314
5.556268
5.607398
5.682158
5.752508
5.773220
5.823688
5.890863
5.965308
6.036571
6.102053
6.152172
6.181191
6.216983
6.261048
6.313256
6.395554
6.487263
6.576111
6.666983
6.762761
6.861898
6.970705
7.107131
7.212469
7.306140
7.372848
7.409182
7.427268
7.426323
7.416710
7.415930
7.430728
7.437689
7.436826
7.423462
7.425582
7.409945
7.357664
7.282437
7.177141
7.077196
6.983310
6.905773
6.828646
6.751122
6.669799
6.601014
6.535537
6.474197
6.406897
6.331860
6.262619
6.190343
6.137523
6.089904
6.031035
5.976452
5.920035
5.856836
5.791525
5.729763
5.687149
5.674932
5.653036
5.627142
5.582207
5.529348
5.497436
5.470207
5.433720
5.391203
5.348771
5.298613
5.293919
5.292369
5.296834
5.304816
5.301753
5.295817
5.294529
5.304846
5.293636
5.268867
5.249560
5.236217
5.243819
5.267365
5.307040
5.348268
5.393438
5.429035
5.464317
5.481534
5.488775
5.511784
5.523665
5.538395
5.540997
5.542456
5.545113
5.547560
5.528816
5.512332
5.502715
5.486579
5.460019
5.429051
5.413045
5.432207
5.456938
5.501879
5.540624
5.557901
5.588492
5.630869
5.679623
5.719976
5.758631
5.796702
5.836311
5.903714
5.951495
5.975957
5.961827
5.929612
5.885404
5.859220
5.853972
5.848289
5.817242
5.794469
5.799452
5.831045
5.885194
5.966183
6.053386
6.161291
6.286965
6.417029
6.553840
6.700434
6.857970
7.044592
7.234336
7.454754
7.673089
7.859806
8.024451
8.228197
8.434814
8.629444
8.868537
9.105915
9.311313
9.502551
9.705646
9.903504
10.089126
10.218119
10.330224
10.429460
10.497243
10.552537
10.597921
10.645224
10.706733
10.801217
10.923340
11.079120
11.250584
11.424840
11.619385
11.845718
12.058345
12.248812
12.450545
12.629243
12.786330
12.907445
12.975940
12.972513
12.927115
12.834325
12.685986
12.490896
12.283535
12.054581
11.823246
11.598242
11.364668
11.128879
10.884553
10.655322
10.438894
10.212363
10.001858
9.815928
9.633598
9.430876
9.253618
9.071480
8.857705
8.673887
8.514773
8.371700
8.232984
8.120606
8.030948
7.986371
7.923683
7.848565
7.789990
7.736988
7.679125
7.664997
7.655445
7.643657
7.651237
7.661769
7.665835
7.651802
7.624347
7.561073
7.512886
7.484781
7.456905
7.452754
7.450433
7.426470
7.383899
7.351801
7.335972
7.331183
7.332332
7.342607
7.338412
7.314696
7.312354
7.297659
7.250115
7.194690
7.144626
7.111643
7.091033
7.089718
7.091014
7.127666
7.170383
7.168285
7.147162
7.146774
7.167173
7.178969
7.189424
7.181504
7.135137
7.067490
6.997546
6.946481
6.915283
6.891569
6.853606
6.819061
6.811185
6.792760
6.763350
6.711972
6.610701
6.507204
6.411252
6.338536
6.247653
6.147395
6.039297
5.920046
5.790652
5.685666
5.617279
5.585093
5.551579
5.528445
5.499868
5.477023
5.478372
5.496858
5.544805
5.582528
5.586167
5.609468
5.646477
5.671042
5.677813
5.675206
5.664651
5.688740
5.731480
5.761930
5.781071
5.823693
5.889790
5.949272
5.988596
6.015026
6.021851
6.028032
6.045998
6.040954
6.011632
5.972918
5.946415
5.922104
5.911484
5.893845
5.855984
5.829347
5.834980
5.854122
5.878800
5.893029
5.907422
5.904503
5.886054
5.857438
5.834246
5.828963
5.855721
5.890203
5.890344
5.867738
5.848034
5.817685
5.783875
5.754588
5.721760
5.671737
5.614959
5.603565
5.638009
5.697791
5.771745
5.859125
5.967759
6.043592
6.089982
6.103193
6.108539
6.143655
6.221511
6.315864
6.434319
6.564380
6.689902
6.799488
6.865265
6.895035
6.925988
6.935139
6.977717
7.048780
7.127823
7.221129
7.314440
7.388042
7.443762
7.466323
7.484018
7.536159
7.598160
7.647469
7.659235
7.666446
7.676180
7.699709
7.724606
7.735579
7.720012
7.668483
7.624311
7.591149
7.582683
7.613636
7.634966
7.648172
7.668038
7.666626
7.642813
7.601906
7.534319
7.485263
7.444720
7.394982
7.314930
7.254027
7.216659
7.184108
7.147144
7.082371
6.981813
6.859233
6.711744
6.565854
6.432415
6.323634
6.245334
6.198691
6.148738
6.129377
6.093610
6.038077
5.970638
5.907017
5.853569
5.824509
5.785446
5.732123
5.649991
5.580303
5.511104
5.473705
5.469709
5.482443
5.540130
5.606812
5.673556
5.729639
5.761416
5.797148
5.835429
5.858943
5.871854
5.901524
5.979541
6.081887
6.166366
6.255825
6.357375
6.463726
6.610384
6.752026
6.873207
6.987629
7.096942
7.193409
7.239013
7.248542
7.227703
7.170780
7.134260
7.092481
7.051108
7.001302
6.942536
6.872476
6.796235
6.730733
6.715824
6.731760
6.723250
6.713403
6.734634
6.769235
6.805564
6.846277
6.912252
6.990185
7.059234
7.102605
7.137701
7.156641
7.135636
7.061041
6.938550
6.816688
6.709963
6.625738
6.554018
6.479504
6.410729
6.333674
6.246672
6.124585
6.004311
5.873556
5.759976
5.649937
5.550437
5.472813
5.385446
5.337166
5.328942
5.335926
5.345948
5.367884
5.405304
5.446513
5.470180
5.475530
5.486679
5.535644
5.614495
5.692762
5.770655
5.835631
5.902465
5.983082
6.054091
6.115236
6.167849
6.198801
6.212897
6.195132
6.153946
6.112006
6.076995
6.052793
6.035970
5.999808
5.977279
5.957044
5.932924
5.917882
5.919858
5.952570
6.006125
6.091128
6.181074
6.273839
6.372463
6.461029
6.561229
6.676945
6.826892
7.011757
7.232135
7.428002
7.596080
7.735971
7.838187
7.916271
7.921951
7.888382
7.829548
7.766901
7.698256
7.636249
7.586631
7.552056
7.489094
7.389191
7.258228
7.142067
7.026836
6.922373
6.798393
6.668127
6.556545
6.466510
6.381994
6.323087
6.262829
6.212407
6.161779
6.116914
6.068494
6.041163
6.038556
6.053165
6.058803
6.044943
6.045818
6.034950
6.009692
5.950246
5.847142
5.699903
5.541217
5.374275
5.214161
5.068775
4.914138
4.764479
4.601747
4.451407
4.308349
4.182926
4.069044
3.968668
3.903844
3.842462
3.823686
3.827683
3.850422
3.878567
3.914072
3.944362
3.979925
4.015903
4.068303
4.118365
4.162137
4.202309
4.228787
4.229425
4.246907
4.274062
4.306822
4.355016
4.411270
4.460780
4.531365
4.588040
4.650581
4.701735
4.739961
4.748414
4.747488
4.760090
4.793293
4.824202
4.858120
4.912505
4.943772
4.965807
4.974693
4.976685
4.967627
4.960660
4.952372
4.967283
5.011250
5.052019
5.110648
5.144540
5.206713
5.311456
5.450360
5.615692
5.807385
6.040157
6.299654
6.585678
6.850265
7.096077
7.318235
7.554555
7.769845
7.977963
8.169899
8.363907
8.559598
8.760106
8.957925
9.198639
9.454220
9.716123
9.958177
10.163335
10.363546
10.546893
10.730651
10.927218
11.108703
11.276699
11.436084
11.575925
11.736260
11.925577
12.139185
12.356905
12.561975
12.759251
12.924592
13.074772
13.191758
13.286914
13.332574
13.371860
13.391641
13.389338
13.360024
13.323871
13.282200
13.237804
13.164500
13.031818
12.849157
12.633145
12.368430
12.108543
11.835090
11.557573
11.284047
11.043670
10.837368
10.648613
10.442365
10.249843
10.031913
9.825773
9.630200
9.449732
9.320887
9.191944
9.062065
8.944034
8.838825
8.731879
8.609771
8.471302
8.315686
8.160043
8.041223
7.972458
7.921867
7.896084
7.831542
7.734710
7.615551
7.491888
7.341008
7.181718
7.053875
6.932572
6.833316
6.733061
6.634606
6.511786
6.412427
6.326779
6.259914
6.205526
6.171894
6.126785
6.089791
6.067917
6.079958
6.098971
6.079148
6.083832
6.092653
6.109851
6.113296
6.107267
6.116627
6.158082
6.204562
6.221482
6.257769
6.318837
6.359233
6.370955
6.359813
6.328226
6.273914
6.229737
6.169698
6.103593
6.024640
5.934646
5.847443
5.757008
5.660104
5.581233
5.531066
5.509367
5.522479
5.564464
5.639410
5.696505
5.737852
5.770076
5.819957
5.898310
5.973674
6.045321
6.132802
6.245267
6.348241
6.468611
6.601779
6.740981
6.878433
6.995246
7.081006
7.135515
7.146697
7.138678
7.143423
7.185553
7.256359
7.311393
7.349762
7.372311
7.363014
7.340396
7.318165
7.335298
7.342638
7.356462
7.370032
7.380120
7.361439
7.298868
7.221495
7.137741
7.059748
7.007112
6.978168
6.961269
6.966653
7.005353
7.054138
7.090874
7.134041
7.164706
7.162083
7.133216
7.094757
7.091315
7.080647
7.057131
7.009209
6.949750
6.860279
6.796484
6.767608
6.775077
6.797492
6.810614
6.816609
6.827395
6.857936
6.926953
7.026807
7.160028
7.315121
7.501749
7.699575
7.868310
8.000292
8.095053
8.186656
8.273203
8.373502
8.491662
8.596495
8.715351
8.843033
8.987627
9.147410
9.316001
9.513790
9.749134
10.007035
10.241549
10.449757
10.612181
10.753028
10.865064
10.947284
11.010831
11.074650
11.127428
11.160827
11.210529
11.251985
11.279961
11.311507
11.344958
11.394616
11.451667
11.522004
11.607477
11.731190
11.844641
11.948582
11.998213
12.010199
12.003394
11.960692
11.880761
11.762208
11.641539
11.542304
11.416740
11.285796
11.165844
11.079391
11.010040
10.954613
10.888917
10.808421
10.714733
10.614377
10.505259
10.396306
10.287072
10.162386
10.017015
9.848285
9.668846
9.481489
9.298076
9.126578
8.942519
8.782176
8.671406
8.578975
8.504249
8.421421
8.342511
8.284528
8.219107
8.125149
8.026625
7.924107
7.814959
7.718422
7.606946
7.490985
7.391528
7.283981
7.172762
7.059966
6.981641
6.908121
6.875927
6.855221
6.829693
6.806570
6.778312
6.757589
6.758309
6.717111
6.676185
6.643369
6.628539
6.580897
6.520903
6.459015
6.409114
6.391256
6.385239
6.370037
6.346556
6.339773
6.323053
6.296017
6.281278
6.255625
6.269342
6.295260
6.308720
6.332356
6.357770
6.388633
6.400892
6.437135
6.478544
6.549248
6.602976
6.683560
6.790209
6.908605
6.985185
7.057668
7.124470
7.191686
7.252777
7.306049
7.353257
7.382189
7.374035
7.331535
7.258045
7.172718
7.107900
7.086571
7.111708
7.173258
7.281023
7.402038
7.557304
7.753818
7.975684
8.210857
8.450675
8.724848
8.981506
9.222085
9.470123
9.711946
9.939044
10.187326
10.430411
10.656291
10.864981
11.090772
11.337616
11.588045
11.811240
11.975836
12.092646
12.177562
12.271013
12.397840
12.558185
12.682725
12.797989
12.906735
13.010338
13.108202
13.147911
13.167930
13.191681
13.196831
13.232052
13.290825
13.342289
13.395736
13.466493
13.564373
13.677305
13.805048
13.966093
14.157922
14.345706
14.486829
14.584239
14.631896
14.637901
14.619064
14.544965
14.419331
14.264954
14.103577
13.947797
13.773358
13.586797
13.402712
13.201958
12.977887
12.768053
12.580289
12.397680
12.216145
12.027422
11.803166
11.581867
11.381017
11.204749
11.060595
10.943403
10.815378
10.665781
10.491571
10.287407
10.065029
9.855399
9.680777
9.543919
9.455596
9.407934
9.360182
9.303913
9.228138
9.158450
9.049218
8.915768
8.757007
8.573526
8.368794
8.183395
8.000875
7.827508
7.658885
7.522168
7.408155
7.328794
7.270952
7.213084
7.166751
7.126767
7.098759
7.092419
7.092515
7.079463
7.050809
7.034063
7.020961
6.984616
6.965369
6.950396
6.920510
6.894504
6.876549
6.853241
6.838273
6.843496
6.866805
6.910039
6.955530
6.967795
6.956571
6.928667
6.905026
6.897035
6.900007
6.906469
6.894012
6.840714
6.754772
6.641753
6.514356
6.386037
6.261037
6.115512
6.001460
5.913190
5.842262
5.787315
5.740971
5.685955
5.595637
5.501315
5.408702
5.349050
5.333737
5.343635
5.347174
5.359862
5.372657
5.393248
5.405159
5.429075
5.493141
5.548722
5.609065
5.709694
5.827831
5.954730
6.065166
6.186088
6.313400
6.389362
6.458936
6.508071
6.542753
6.593016
6.669490
6.766214
6.881428
6.998459
7.098166
7.183213
7.259345
7.333716
7.399095
7.445678
7.492265
7.528551
7.540171
7.563667
7.572152
7.552149
7.516176
7.477003
7.454643
7.439900
7.434712
7.407870
7.370073
7.335145
7.324786
7.315366
7.302068
7.248676
7.180528
7.097577
7.064613
7.011654
6.950427
6.876555
6.797981
6.701359
6.595051
6.531578
6.490269
6.459739
6.442861
6.438253
6.435998
6.402908
6.366161
6.374845
6.361652
6.325067
6.295926
6.282274
6.284812
6.296212
6.311329
6.318946
6.356077
6.401894
6.447149
6.483147
6.515941
6.544429
6.571286
6.603465
6.650230
6.728354
6.842011
6.969951
7.084459
7.176027
7.232745
7.274657
7.289159
7.321711
7.360024
7.412759
7.478242
7.562780
7.668473
7.790206
7.926331
8.053788
8.162569
8.237256
8.292982
8.336153
8.365512
8.385738
8.381687
8.342936
8.297422
8.261524
8.225155
8.182335
8.196385
8.218484
8.228760
8.220700
8.213942
8.232334
8.253497
8.247164
8.201532
8.124337
8.029677
7.928342
7.800222
7.693508
7.617954
7.572689
7.524720
7.475995
7.425911
7.400085
7.399308
7.375032
7.346862
7.324464
7.291062
7.252094
7.213644
7.189992
7.184527
7.190836
7.241890
7.269144
7.278969
7.263694
7.220586
7.136103
7.032717
6.997813
7.012280
7.075206
7.147639
7.246506
7.329788
7.356575
7.331604
7.274729
7.185992
7.068395
6.950568
6.834330
6.707965
6.589254
6.521286
6.425134
6.319509
6.218379
6.131092
6.047499
5.975364
5.923636
5.883727
5.875393
5.870323
5.855000
5.822611
5.770310
5.741567
5.741084
5.754548
5.802627
5.855084
5.944695
6.011986
6.060517
6.134957
6.229755
6.318327
6.395050
6.440736
6.471177
6.483790
6.514454
6.541946
6.581135
6.629824
6.720419
6.861616
6.991911
7.087918
7.138125
7.153076
7.143242
7.121345
7.136468
7.177630
7.237660
7.301470
7.378557
7.479007
7.567048
7.645737
7.720796
7.797998
7.876284
7.934366
8.002292
8.005144
7.975192
7.950074
7.943061
7.969168
8.020118
8.103505
8.166112
8.194862
8.194617
8.164829
8.130719
8.090856
8.020697
7.901487
7.753001
7.612773
7.478611
7.366232
7.307875
7.303543
7.336510
7.381434
7.407201
7.407639
7.387278
7.370712
7.365690
7.378977
7.389684
7.406147
7.455857
7.505162
7.545868
7.576469
7.556964
7.491600
7.387285
7.297136
7.235231
7.211130
7.212378
7.225869
7.244565
7.240212
7.208922
7.173420
7.131708
7.101808
7.077134
0.000000
0.000000
0.000000
0.000000
0.000000
0.000000
0.000000
0.000000
0.000000
0.000000
0.000000
0.000000
0.000000
0.000000
0.000000
0.000000
0.000000
0.000000
0.000000
0.000000
0.000000
0.000000
0.000000
0.000000
0.000000
0.000000
0.000000
0.000000
0.000000
0.000000
0.000000
0.000000
0.000000
0.000000
0.000000
0.000000
0.000000
0.000000
0.000000
0.000000
0.000000
0.000000
0.000000
0.000000
0.000000
0.000000
0.000000
0.000000
0.000000
0.000000
