-9.139299 -34.021450 7.308827 
-9.483841 -34.234409 8.223124 
-10.323654 -34.739931 8.025232 
-9.884609 -34.809867 7.129493 
-9.724663 -35.738236 6.794011 
-8.761876 -35.888551 7.018614 
-8.753539 -36.234936 6.080559 
-8.747594 -37.234327 6.046165 
-7.792733 -36.998569 6.226883 
-7.113364 -36.264967 6.243785 
-7.637256 -36.149933 7.087766 
-7.379101 -35.289043 7.526199 
-7.106628 -34.769352 6.716458 
-7.882042 -34.388808 6.212554 
-8.744860 -34.855400 6.018034 
-9.063520 -34.901352 5.071279 
-9.907831 -35.368576 5.333655 
-10.794378 -34.956590 5.544131 
-11.401357 -35.751038 5.564837 
-11.921413 -35.705059 4.711943 
-12.882044 -35.560899 4.949444 
-13.339943 -35.217515 5.769454 
-14.307847 -34.996660 5.889393 
-14.439227 -34.030835 5.665960 
-13.694456 -34.061167 6.332591 
-14.453941 -33.551745 6.737156 
-14.112506 -33.387253 7.662555 
-13.928932 -34.302044 7.302751 
-14.185848 -35.262027 7.191273 
-14.155278 -36.176360 7.595080 
-14.331998 -36.121428 6.612353 
-13.594393 -36.601853 6.137873 
-14.119771 -37.363339 6.517501 
-15.092380 -37.583059 6.593352 
-16.091722 -37.615949 6.578006 
-16.886107 -37.744485 5.984348 
-16.169182 -38.379720 5.697129 
-16.277788 -37.849462 4.856278 
-16.699098 -38.559219 4.291706 
-17.037195 -37.888377 3.631661 
-17.505160 -38.192796 2.802000 
-17.231376 -39.022936 2.316293 
-16.703224 -39.554338 1.653974 
-16.617579 -40.032771 2.527911 
-16.184052 -39.636241 3.337119 
-15.990556 -39.538290 4.313319 
-15.464574 -40.116043 4.937453 
-14.783896 -40.628873 4.414306 
-14.263800 -39.778646 4.332969 
-13.467216 -40.355134 4.514949 
-12.617443 -40.725001 4.890560 
-13.065742 -41.617347 4.942981 
-13.604917 -41.661790 4.101961 
-14.115383 -41.473906 4.941082 
-15.085918 -41.538338 4.708896 
-15.814416 -42.205226 4.865584 
-16.445186 -41.609856 4.367926 
-16.681722 -41.011401 5.133369 
-17.169573 -41.456324 5.884398 
-17.738785 -42.019520 5.285393 
-18.012574 -41.688890 4.382219 
-18.098543 -41.334643 3.451027 
-19.018938 -41.690722 3.289535 
-18.742815 -42.449872 3.878981 
-18.704276 -42.946264 4.746224 
-19.625710 -43.296562 4.914300 
-19.486904 -43.926171 5.678712 
-18.787425 -44.252005 5.042661 
-19.142509 -44.859222 4.331885 
-20.117502 -44.769081 4.128753 
-20.789206 -45.147784 3.492044 
-21.534684 -45.695872 3.112753 
-20.985797 -45.269683 2.393667 
-20.214454 -44.661405 2.206509 
-19.605768 -44.040476 1.712597 
-18.921300 -43.615169 1.120468 
-17.997805 -43.969234 1.268098 
-17.445569 -44.801030 1.211963 
-17.085347 -44.552349 2.111072 
-17.963625 -44.247523 2.479460 
-18.239291 -45.194178 2.312569 
-18.193892 -45.110455 3.308023 
-17.570751 -44.887566 4.057700 
-17.178962 -44.748761 4.967225 
-16.899117 -43.867200 5.347405 
-15.985048 -43.545103 5.593844 
-15.699082 -44.191451 6.301275 
-15.749996 -44.834543 7.065369 
-16.123317 -45.734362 7.291107 
-17.097971 -45.510791 7.283056 
-18.078448 -45.694067 7.211810 
-18.400775 -44.972333 7.824350 
-19.026785 -44.276757 8.176892 
-19.276504 -43.499742 8.754723 
-19.352976 -42.703442 9.354771 
-19.260821 -41.767239 9.693936 
-18.287134 -41.637969 9.506259 
-18.347736 -40.662701 9.293707 
-18.466745 -39.934178 9.968312 
-18.565429 -39.902230 10.962917 
-18.941732 -39.886326 11.889278 
-18.928355 -40.476825 12.696206 
-18.731452 -41.456338 12.653983 
-18.341930 -41.838751 11.816109 
-17.644001 -42.485238 11.507972 
-16.949821 -42.417357 10.791379 
-17.560310 -42.606702 10.022320 
-17.934849 -42.628364 9.095362 
-17.510113 -43.529492 9.008366 
-18.450879 -43.755755 9.260881 
-18.666250 -43.802651 10.236287 
-19.321487 -44.533580 10.045478 
-20.124193 -44.080138 9.658111 
-20.086194 -43.955348 10.649567 
-19.526921 -43.625505 11.410104 
-20.182649 -44.312808 11.722574 
-21.139895 -44.137995 11.492096 
-21.928424 -43.525310 11.438818 
-22.655041 -42.854006 11.585033 
-22.749128 -42.617341 10.618008 
-23.534426 -42.035386 10.829276 
-23.456038 -41.246963 11.439395 
-24.043045 -41.986278 11.769297 
-0.642399 49.528690 -17.245673 
-0.380738 48.948230 -18.016775 
-0.897226 48.630342 -18.811877 
-1.265965 47.900354 -19.387334 
-0.704982 48.567036 -19.878082 
0.177881 48.533107 -20.346485 
1.050187 48.949340 -20.603065 
1.866039 48.752622 -21.146836 
2.435181 48.299966 -21.833262 
2.348105 47.843669 -20.947705 
3.231293 47.574943 -21.332108 
3.512117 46.669154 -21.649413 
4.364549 46.887605 -22.124426 
5.256995 46.485427 -22.328862 
5.764067 46.361881 -21.475859 
6.262296 47.091211 -21.006981 
6.697621 46.488855 -20.337908 
6.092885 46.654298 -19.558855 
6.978645 47.058414 -19.330555 
7.487540 47.843980 -19.682567 
7.396005 48.412236 -20.500312 
8.017072 48.993959 -21.025548 
8.056293 49.199051 -22.003504 
8.816777 48.905516 -22.582730 
8.130755 48.191307 -22.721581 
7.538936 48.736720 -23.315108 
6.552355 48.834745 -23.184532 
6.144429 48.622651 -24.072571 
6.130190 47.709928 -23.664240 
6.706720 47.091335 -24.198053 
6.925246 47.025061 -23.224475 
6.980481 46.173206 -22.703618 
7.171420 45.986778 -23.667354 
6.419249 45.369455 -23.436807 
6.215366 45.712916 -24.353576 
5.971251 44.745001 -24.294010 
5.183400 44.500375 -24.859208 
5.219681 44.975399 -25.738433 
4.504058 45.654263 -25.574032 
4.826106 46.594379 -25.462376 
4.652152 46.472215 -24.485229 
3.818794 45.923373 -24.419760 
3.464061 45.036807 -24.716685 
3.120050 44.097914 -24.704997 
3.933683 43.748936 -24.240008 
4.561983 43.544333 -23.489424 
4.539980 44.077028 -22.643402 
4.710686 44.920482 -23.152760 
4.660447 45.904098 -22.979629 
3.689260 45.675315 -23.046365 
3.362834 46.550683 -22.689747 
2.388614 46.350066 -22.792937 
2.598008 45.374792 -22.863607 
2.034591 44.682749 -23.314870 
2.469253 43.824811 -23.040990 
2.103878 43.723406 -22.115670 
2.468769 43.473401 -21.218813 
1.633710 42.992838 -21.486647 
1.128321 42.711785 -20.670809 
1.298271 43.026758 -19.737048 
1.866576 43.594599 -19.141577 
1.825885 43.152134 -18.245715 
2.075780 42.294283 -18.694764 
1.084055 42.197554 -18.610356 
0.172262 42.604741 -18.663580 
-0.072614 43.312288 -19.326463 
0.338961 43.340281 -20.237408 
-0.180548 42.605202 -20.673034 
-0.203649 42.069211 -21.516941 
0.168021 42.586412 -22.287891 
0.748889 43.115005 -22.906908 
0.109048 43.843469 -23.151742 
0.182563 44.261334 -22.246212 
0.005047 43.460735 -21.673912 
-0.555375 43.263977 -22.478408 
-1.240820 42.907408 -23.113249 
-2.031086 42.698584 -22.537164 
-1.722775 42.307471 -21.669999 
-2.066237 41.593016 -22.279580 
-1.864986 40.795607 -21.710690 
-1.053356 40.725102 -22.290591 
-0.806606 40.323878 -23.172710 
-0.756510 41.263206 -23.512055 
-0.205939 41.877485 -22.946783 
0.092163 42.508772 -23.662752 
0.970658 42.053489 -23.807541 
1.731364 42.613365 -24.135970 
2.523480 42.125752 -24.503101 
1.932964 42.425962 -25.252210 
2.843056 42.774249 -25.476776 
2.890200 43.103972 -26.419676 
2.522144 42.296557 -26.880779 
2.383971 41.896650 -25.974698 
3.093020 41.519884 -25.378631 
3.603604 42.137713 -25.976621 
4.319631 41.446032 -26.070873 
4.750972 40.547590 -25.988735 
5.727192 40.610691 -25.781340 
6.698663 40.588943 -26.017498 
7.491897 40.455220 -26.611551 
6.855540 40.942055 -27.209917 
7.097443 40.463389 -28.053932 
7.716400 40.326474 -28.827331 
7.193464 40.538099 -29.653014 
7.166545 39.544575 -29.542628 
7.127848 38.848057 -30.259123 
7.285975 39.669821 -30.806572 
7.677629 40.579642 -30.669342 
8.497444 40.260757 -31.144963 
9.391765 39.883454 -31.385448 
9.697932 39.175869 -30.748592 
10.589450 39.619079 -30.842185 
10.430360 39.941582 -29.909082 
10.545023 40.929799 -30.010468 
-19.215799 -1.264550 -0.083313 
-19.543058 -0.436227 -0.538047 
-18.887695 0.069586 -1.098985 
-18.018130 0.345909 -1.508255 
-18.266628 1.146561 -0.963091 
-17.615750 1.542968 -0.315620 
-16.796664 1.190106 -0.767933 
-16.451241 0.944778 -1.673746 
-16.025240 0.919381 -2.578113 
-15.729355 0.412630 -3.387838 
-16.061148 1.281511 -3.755204 
-16.581813 2.134399 -3.793830 
-15.836162 2.089815 -4.458673 
-15.459174 1.225638 -4.791958 
-15.225391 0.355768 -4.357594 
-14.403028 0.537011 -3.818270 
-14.014059 -0.225778 -3.301689 
-14.218330 -0.929877 -3.981776 
-13.298695 -1.278924 -3.801676 
-13.863145 -1.825205 -4.420523 
-13.937784 -2.208703 -5.341044 
-13.367026 -1.387968 -5.366138 
-13.630191 -1.700042 -6.279020 
-12.686458 -1.369622 -6.265202 
-12.383299 -1.679903 -5.364191 
-12.363523 -1.671836 -4.364419 
-12.234349 -2.648824 -4.194690 
-11.648792 -2.057350 -3.640359 
-12.403529 -2.421449 -3.094644 
-12.121804 -1.934959 -2.267626 
-12.203269 -0.955002 -2.085838 
-11.754589 -0.063949 -2.017202 
-12.109883 0.010864 -2.948958 
-12.467483 0.866951 -2.575813 
-13.071169 1.622136 -2.831272 
-13.676249 1.974397 -2.117276 
-13.974704 2.075761 -3.066302 
-14.749554 1.456590 -2.938890 
-15.399267 2.126888 -3.297462 
-15.855512 2.879318 -3.772531 
-15.164133 3.516566 -4.112986 
-14.954916 4.098545 -4.898816 
-14.582777 4.782040 -5.526786 
-14.428581 4.441535 -6.454299 
-14.625739 5.119203 -7.162745 
-13.844122 4.596788 -7.503565 
-12.932677 4.449964 -7.119232 
-12.268311 4.611272 -6.389440 
-11.978294 5.288576 -7.065568 
-11.214938 5.909217 -7.244712 
-11.106203 5.227445 -7.968151 
-10.187735 5.195373 -7.573958 
-10.370534 4.901014 -6.635909 
-9.697654 5.626283 -6.781565 
-10.255106 5.886791 -5.993287 
-9.472692 6.454645 -6.248962 
-8.642366 6.656316 -6.768469 
-7.669288 6.886080 -6.786559 
-7.109669 6.158560 -6.389644 
-6.406187 6.050447 -5.687202 
-6.676749 6.721210 -4.996642 
-5.989559 6.802142 -4.274686 
-5.136360 6.834983 -4.795237 
-5.022557 6.213579 -4.020055 
-4.259574 6.002411 -4.631008 
-4.095390 6.750454 -5.274029 
-4.491936 7.625007 -5.553147 
-5.411818 7.882943 -5.848592 
-5.659110 8.830319 -6.051876 
-5.032745 8.975980 -6.817676 
-4.101481 8.720278 -6.558130 
-3.263236 8.550419 -6.039967 
-2.782747 8.284461 -5.204265 
-2.912384 8.736102 -4.321534 
-3.227635 9.234774 -3.514104 
-2.532531 8.536314 -3.343856 
-2.530704 7.966777 -2.521893 
-1.631748 8.060812 -2.949720 
-1.279594 8.448123 -3.801763 
-0.400519 8.924666 -3.790205 
0.482230 9.141809 -4.206862 
0.922815 8.339240 -3.804660 
1.636474 8.850355 -4.283672 
2.576732 8.514771 -4.341114 
3.241233 7.999863 -4.882692 
3.789324 7.185908 -5.075237 
4.124561 6.244010 -5.054142 
4.142269 5.437304 -4.463454 
5.011211 5.572438 -3.987348 
5.844416 6.102840 -4.143689 
5.945692 6.985034 -3.683822 
6.747288 7.313479 -4.183390 
7.426620 6.705212 -4.593901 
7.404696 5.855762 -5.121115 
7.914261 6.423114 -5.767997 
8.108198 7.385670 -5.957405 
8.262005 7.093515 -5.013483 
7.606448 7.792304 -4.727236 
8.106543 8.528061 -5.183928 
7.417994 8.493217 -5.908280 
7.182770 9.042620 -5.106516 
34.078301 -11.591750 -18.544473 
33.188814 -11.753358 -18.971901 
32.987989 -10.791013 -18.788703 
33.478120 -10.800576 -19.660299 
34.452415 -10.575309 -19.658099 
34.828178 -10.786755 -18.755829 
35.141825 -11.559298 -19.307918 
34.386529 -11.538457 -19.962970 
33.794118 -12.304530 -19.713608 
33.473781 -13.190968 -20.047690 
34.470774 -13.114003 -20.038713 
34.609091 -13.926293 -20.605328 
34.505224 -14.350954 -21.504703 
33.696981 -14.163886 -22.063047 
33.164994 -15.010512 -22.048457 
32.620671 -14.186789 -21.889735 
32.940317 -13.552583 -22.593730 
33.510000 -12.990477 -21.994148 
34.440231 -12.869283 -22.340533 
35.139292 -12.767787 -21.632711 
35.641124 -13.630445 -21.695834 
35.743051 -13.665845 -20.701672 
36.681283 -13.635538 -21.046350 
37.175385 -13.051795 -20.402062 
38.007919 -12.767932 -20.877781 
38.348599 -12.244247 -20.096954 
38.501873 -11.256406 -20.122964 
38.530252 -11.158144 -19.128209 
38.914607 -11.952256 -18.657404 
38.592812 -12.892341 -18.770050 
37.774390 -12.325591 -18.675278 
37.097827 -12.855699 -19.186402 
36.437637 -13.603822 -19.119611 
35.876080 -14.189047 -19.704559 
35.885693 -15.130229 -19.366796 
36.742063 -15.286436 -18.874627 
36.458564 -16.235880 -18.739777 
37.020874 -16.423620 -19.545110 
37.740301 -15.980343 -19.010384 
37.640658 -15.971008 -18.015404 
37.644089 -14.982963 -17.861280 
38.249821 -15.143676 -17.082011 
38.167695 -14.158002 -16.934697 
38.220833 -13.342359 -17.510807 
38.697130 -13.982458 -18.113646 
39.426649 -14.116155 -17.442881 
40.125358 -13.902034 -18.125492 
40.511788 -13.183618 -18.703896 
41.160855 -12.753593 -18.076368 
40.635284 -13.072163 -17.287516 
40.092619 -12.629813 -16.573484 
39.653473 -12.827321 -15.697047 
39.877726 -13.126922 -14.769712 
40.813273 -13.276292 -15.089776 
40.613977 -14.256199 -15.081815 
41.443806 -14.130738 -14.538085 
41.756434 -13.918627 -13.612195 
42.137106 -14.014063 -12.692422 
41.623122 -14.793613 -12.334480 
40.737176 -15.251324 -12.259646 
40.094955 -15.353291 -11.499938 
39.733961 -14.471748 -11.195693 
40.329363 -14.743814 -10.439732 
41.308382 -14.782549 -10.239678 
41.301451 -14.269518 -9.381335 
41.499966 -14.446499 -8.417349 
40.679692 -14.807116 -7.973382 
39.793709 -14.368385 -8.123544 
39.161790 -15.107924 -8.355409 
38.897968 -14.479269 -9.086976 
38.315555 -14.247751 -8.307748 
38.576984 -14.448568 -7.363647 
39.082668 -15.105058 -6.803911 
38.083783 -15.116678 -6.758156 
37.175083 -15.502565 -6.917388 
37.801983 -16.271612 -6.792636 
37.887584 -16.700006 -5.893108 
38.832806 -16.776187 -6.210522 
38.750054 -17.306429 -5.366724 
39.658899 -16.972011 -5.117396 
40.540712 -17.246487 -4.733901 
40.630840 -16.813806 -5.630932 
40.854233 -17.788332 -5.611053 
41.283178 -17.988917 -6.491832 
42.254321 -17.931647 -6.723352 
42.176320 -18.018647 -5.730202 
41.794299 -17.830569 -4.825389 
41.322447 -17.624505 -3.968129 
40.534988 -17.053004 -3.737272 
40.306943 -16.362021 -3.051315 
40.677595 -15.436855 -3.133076 
40.975774 -15.672070 -2.208000 
40.799490 -16.050511 -1.299317 
40.503960 -16.318425 -0.382319 
41.263208 -15.704207 -0.167196 
41.757100 -15.179051 -0.860221 
41.295150 -14.840949 -1.680153 
42.181311 -14.587263 -2.067919 
41.209401 -72.866750 -10.183713 
41.727119 -72.042219 -9.955421 
42.203756 -72.248971 -10.809863 
42.945292 -72.101336 -10.155395 
43.230847 -71.199328 -10.479186 
43.795455 -71.399934 -9.678576 
44.678812 -71.127064 -10.059656 
44.360778 -70.919791 -10.984801 
44.716194 -70.006801 -11.185120 
45.555325 -69.978568 -11.728317 
45.646109 -70.590561 -12.513952 
45.545084 -71.533945 -12.829896 
45.475637 -71.566853 -13.826939 
45.070875 -72.347160 -13.350191 
45.036042 -72.998729 -12.592402 
44.810388 -72.680320 -11.671698 
45.131786 -71.977667 -11.036890 
45.895884 -72.562684 -10.765027 
46.611626 -72.662444 -10.073824 
47.165071 -73.454347 -9.815775 
46.640151 -73.935977 -9.113997 
46.184292 -73.051109 -9.018072 
46.204323 -73.319229 -8.054895 
47.200377 -73.374224 -7.985243 
48.190189 -73.365571 -7.843122 
48.476398 -72.437717 -7.604021 
49.259970 -73.057679 -7.644781 
49.639275 -72.140291 -7.524254 
50.328527 -72.650006 -8.039155 
50.695397 -73.518516 -7.705843 
50.145923 -73.759195 -6.905747 
50.754939 -74.343677 -6.369574 
50.489632 -73.455100 -5.995351 
50.188249 -74.107475 -5.299956 
49.722103 -73.224637 -5.357455 
48.742864 -73.386264 -5.479791 
48.235935 -72.602452 -5.121095 
47.415678 -73.126842 -4.892638 
47.186940 -73.939895 -4.357266 
46.333378 -73.492880 -4.624862 
45.721080 -73.467005 -3.834659 
45.618260 -72.472319 -3.840091 
44.791459 -72.779819 -3.369088 
43.852709 -72.697633 -3.703743 
43.229673 -73.383480 -4.079829 
42.658929 -72.613041 -3.795795 
41.703671 -72.434404 -3.560057 
42.162092 -72.377153 -2.673167 
42.374036 -73.345168 -2.807433 
42.040913 -74.286932 -2.761509 
41.641747 -74.151264 -1.854723 
41.527524 -74.899086 -1.200723 
41.168038 -74.116322 -0.692735 
40.263175 -73.725675 -0.523565 
39.758782 -74.500165 -0.905343 
39.034264 -75.189302 -0.918124 
39.207350 -75.830887 -1.665392 
39.692811 -75.938435 -2.533010 
40.406716 -75.638039 -3.165547 
40.688712 -75.207080 -2.308370 
40.232034 -74.318514 -2.264834 
40.581058 -73.818779 -3.057581 
40.115993 -73.991334 -3.925877 
40.210716 -72.996373 -3.958747 
40.621785 -72.152243 -4.302938 
40.962381 -71.246870 -4.556501 
40.486522 -71.177148 -3.679747 
40.505571 -70.226145 -3.988343 
39.826702 -69.515819 -4.174285 
38.844082 -69.346746 -4.097645 
37.988735 -69.612114 -3.652717 
38.104186 -69.557234 -2.660921 
37.232762 -69.101511 -2.479436 
37.515364 -68.471397 -3.202688 
36.731785 -68.085831 -2.715509 
36.844123 -67.308604 -2.096397 
37.458665 -66.589430 -1.772165 
38.416363 -66.373243 -1.962105 
37.895501 -65.590066 -2.301717 
38.607595 -64.965807 -1.980432 
38.617755 -64.021362 -1.651921 
37.663258 -64.282690 -1.508243 
37.765993 -64.333585 -0.514837 
37.973275 -63.986238 0.399703 
38.252569 -63.067193 0.677825 
37.791760 -62.327989 1.168979 
37.570476 -61.431455 1.552724 
38.568935 -61.486127 1.562245 
38.816425 -60.528691 1.710790 
39.103855 -59.599498 1.943134 
38.972996 -58.776639 2.496107 
38.614271 -59.165837 3.344542 
39.465183 -59.641960 3.122605 
40.127199 -60.163568 3.660806 
40.413798 -60.658669 4.481011 
-3.981299 -65.714750 1.082047 
-3.615704 -65.893293 0.168558 
-3.641544 -66.786145 -0.281052 
-3.344313 -67.027767 0.642675 
-3.097903 -66.214225 1.169393 
-2.503042 -65.463444 1.456568 
-1.988747 -65.553969 2.309391 
-1.449401 -64.834661 2.747229 
-0.854644 -65.431117 3.286213 
-0.036456 -64.892430 3.487174 
0.147189 -65.817226 3.820382 
0.562694 -66.143349 4.669499 
1.508692 -66.222430 4.355120 
1.408791 -65.399294 4.914108 
1.695360 -64.701102 5.570162 
2.543180 -64.992657 6.013102 
2.998582 -64.128115 6.225651 
2.380760 -64.396721 6.964669 
2.168136 -63.481580 7.307172 
2.417084 -63.595231 8.268997 
2.991727 -62.995537 8.825912 
3.461334 -62.701537 9.658398 
3.608485 -61.713045 9.693462 
2.810095 -61.344931 10.169976 
3.487255 -60.609132 10.162587 
3.766625 -60.399155 9.225644 
4.514706 -60.935252 8.834523 
5.445708 -61.078567 9.170226 
6.011780 -61.202010 9.985287 
5.362314 -61.722516 10.539604 
4.425219 -61.399339 10.407660 
4.995694 -60.699732 10.837903 
5.611580 -60.133026 11.385195 
5.650511 -59.267892 10.885168 
6.329973 -59.091691 10.172928 
5.842232 -58.220783 10.233162 
4.948693 -58.028739 9.827321 
4.573578 -58.207134 8.917670 
4.029573 -58.491137 8.128113 
3.989598 -58.789686 7.174556 
4.161276 -59.663025 6.718700 
4.499911 -58.869494 6.213096 
4.526541 -58.018047 6.736860 
5.069129 -57.178553 6.707732 
5.344370 -57.692761 5.895431 
5.323619 -56.778461 5.490928 
5.939566 -56.347153 4.831698 
6.664754 -55.812551 4.397759 
6.805629 -56.753533 4.090014 
7.113099 -56.080334 3.417507 
7.287933 -55.984649 2.437570 
6.587569 -55.422452 2.877372 
5.882639 -56.117121 3.020582 
6.111440 -56.101495 2.047234 
6.335680 -55.594608 1.214899 
5.576819 -54.975667 1.417489 
4.983438 -54.591862 0.709963 
4.905770 -53.823634 0.074515 
5.228490 -53.472796 -0.804555 
5.492710 -54.159236 -1.482042 
5.775817 -54.874750 -0.843380 
5.803302 -55.838998 -1.106953 
4.905168 -55.780262 -1.542734 
4.069833 -55.863382 -0.999313 
4.234922 -54.877953 -0.958367 
4.652229 -55.441887 -0.245743 
3.865053 -55.178381 0.311857 
4.095624 -56.132828 0.501246 
3.589652 -56.848820 0.982232 
3.369077 -57.823169 0.937626 
4.077627 -58.459350 1.242962 
3.989320 -58.732411 0.285028 
3.461389 -59.408692 0.798772 
2.726794 -58.745701 0.943031 
1.942933 -59.353184 1.071586 
1.102370 -59.894409 1.048563 
1.619613 -60.085071 1.882894 
2.052603 -59.598297 2.641558 
2.203550 -59.641799 3.629142 
2.955374 -59.977877 4.196427 
3.762867 -60.491651 4.486238 
4.697415 -60.337723 4.807059 
4.983638 -59.416026 5.068883 
5.579673 -58.792346 5.574616 
6.353340 -58.158844 5.585306 
5.891688 -57.953293 4.722389 
6.661549 -58.214529 4.140093 
7.474392 -57.632401 4.119743 
8.337367 -57.822608 4.587819 
8.849381 -57.812348 5.446734 
8.636129 -56.939568 5.007668 
9.020512 -56.158759 5.500199 
9.245050 -55.308493 5.976258 
9.558158 -54.626385 5.315431 
-4.657599 -52.841750 -40.061173 
-5.448513 -52.272540 -39.836552 
-4.940866 -51.992362 -39.021816 
-5.140387 -51.025794 -38.860764 
-6.130127 -51.167656 -38.843728 
-7.113338 -51.054334 -38.986745 
-7.935636 -51.000519 -39.553252 
-8.199672 -51.911616 -39.869775 
-8.139668 -52.797360 -40.330056 
-8.777965 -52.373663 -40.972752 
-9.354129 -51.842650 -40.351414 
-9.630873 -51.242385 -41.101810 
-9.496104 -51.253940 -42.092620 
-9.895412 -51.580615 -42.949262 
-10.633836 -51.509396 -43.619827 
-11.444920 -52.041938 -43.861782 
-11.857440 -51.336285 -43.285690 
-11.814506 -51.621805 -42.328279 
-11.922817 -51.583861 -41.334887 
-11.954698 -51.990665 -40.421928 
-11.545058 -51.078685 -40.444017 
-11.849276 -50.619431 -39.609429 
-12.836234 -50.757279 -39.526300 
-12.699175 -51.732517 -39.352730 
-12.605298 -52.270792 -38.515205 
-12.636427 -52.846614 -39.332188 
-13.214050 -52.691998 -40.133715 
-13.717423 -51.906798 -40.494375 
-14.228996 -52.201416 -39.687223 
-13.773195 -52.945195 -39.198309 
-13.167452 -53.451391 -38.584435 
-12.933775 -54.285442 -38.084682 
-12.505058 -54.882489 -38.762720 
-12.879838 -55.665577 -39.259021 
-13.493659 -55.845752 -40.027630 
-14.467008 -55.710012 -39.842786 
-14.665633 -55.294369 -40.730360 
-14.950614 -55.012532 -41.646523 
-15.542621 -55.567499 -42.230937 
-15.943782 -56.247651 -41.617372 
-14.970107 -56.365066 -41.812743 
-14.690543 -57.096956 -41.191307 
-15.304614 -56.989378 -40.409423 
-15.438053 -56.798732 -39.436876 
-15.875080 -56.479580 -38.595954 
-16.017257 -57.467159 -38.529074 
-16.413089 -57.174385 -39.399477 
-17.342031 -56.979654 -39.714352 
-17.024917 -57.881614 -40.007452 
-17.011779 -57.508900 -40.935305 
-17.238625 -58.047812 -41.746548 
-17.869718 -58.264184 -41.001629 
-18.590732 -58.102831 -41.675501 
-19.588720 -58.138128 -41.728178 
-20.331910 -57.768785 -41.170276 
-21.168636 -57.612147 -41.695018 
-20.495309 -57.212942 -42.317325 
-20.345217 -56.411694 -42.896528 
-19.454656 -56.365915 -42.443974 
-19.814753 -55.504168 -42.801356 
-19.939967 -55.736400 -41.836788 
-19.927439 -56.493613 -41.183741 
-19.078687 -56.014785 -40.959365 
-18.393103 -55.287087 -40.980090 
-19.287891 -55.033753 -41.347754 
-18.730054 -54.233212 -41.566735 
-19.338150 -53.584283 -42.024019 
-19.217154 -53.135893 -42.909630 
-19.551319 -53.194617 -43.850314 
-19.516448 -52.952047 -44.819821 
-19.749926 -52.633520 -45.738531 
-19.658697 -51.727641 -45.324935 
-18.987433 -52.050151 -44.657557 
-18.206344 -51.876827 -44.057676 
-18.140655 -51.588479 -45.012946 
-18.250920 -52.425867 -45.548318 
-17.998887 -53.281744 -45.096705 
-18.022401 -54.080008 -44.494857 
-18.793148 -54.646414 -44.786635 
-18.949891 -54.061113 -45.582157 
-19.892139 -54.371307 -45.455872 
-20.398266 -53.650837 -45.929958 
-21.060727 -53.753610 -45.187945 
-21.293747 -54.189929 -44.318849 
-22.247432 -54.241404 -44.615221 
-22.269259 -54.376002 -45.605881 
-22.030633 -54.834158 -46.462122 
-21.421894 -55.279311 -47.118839 
-21.147397 -54.588334 -47.787571 
-20.444115 -54.423501 -48.479109 
-19.677587 -53.945259 -48.050483 
42.464501 47.083350 -59.712973 
42.589445 46.743123 -60.644978 
42.711912 46.341521 -61.552567 
42.938458 45.504266 -62.050243 
42.089554 44.977805 -62.003325 
41.572553 44.232352 -61.582601 
41.087026 45.104984 -61.635285 
40.117340 45.058308 -61.875140 
40.194902 45.231621 -60.893332 
40.969540 45.544498 -60.343748 
41.728128 45.836001 -60.926475 
42.307599 45.610002 -60.143444 
41.617346 46.308859 -59.955958 
40.923893 45.908453 -59.356961 
40.194514 46.523908 -59.655660 
40.785000 47.215371 -59.239482 
41.051319 46.908530 -58.325741 
41.625621 47.723411 -58.404140 
41.208513 48.631580 -58.368777 
41.273774 48.354708 -57.410089 
41.099525 49.277252 -57.065778 
40.453855 49.190140 -56.307147 
40.208162 49.940909 -56.920320 
39.252457 50.189554 -57.077815 
38.438839 49.648316 -57.290151 
39.213579 49.166924 -57.700078 
38.847791 48.734034 -56.876181 
38.241935 48.636191 -57.665716 
37.901036 48.993918 -58.535094 
37.241965 49.488077 -57.968144 
36.657698 48.780220 -58.365097 
35.662382 48.873349 -58.339170 
35.797944 49.038569 -57.362274 
36.146202 48.101348 -57.344058 
35.344808 47.503938 -57.314561 
35.530971 47.083003 -56.426779 
35.747661 47.939038 -55.957471 
35.467392 48.770267 -56.437583 
34.508161 48.689219 -56.166832 
35.048804 49.381564 -55.688958 
34.971329 49.954654 -54.873135 
34.264024 50.328245 -54.273011 
33.488432 50.127265 -54.871396 
32.921948 49.508174 -55.415293 
33.870732 49.281685 -55.635546 
34.414540 48.805949 -54.944207 
34.394908 48.776447 -53.944835 
35.189504 48.854675 -53.342758 
34.330848 49.211589 -52.974896 
33.442068 49.638348 -52.807725 
33.040288 50.494301 -52.482276 
33.391197 51.416227 -52.646335 
32.408255 51.481904 -52.474545 
32.528926 52.330673 -52.989356 
32.330165 52.900598 -53.786651 
33.074762 52.581616 -54.373018 
33.603140 51.736348 -54.452635 
34.504127 51.387163 -54.195166 
34.772157 51.827519 -53.338284 
34.127468 52.589887 -53.394586 
34.684132 52.675566 -52.568279 
34.353227 53.543574 -52.198058 
33.987315 53.309626 -51.297294 
33.498467 53.569517 -50.464537 
33.342912 54.386544 -49.909316 
33.568778 53.880394 -49.076972 
32.692117 54.297057 -48.836435 
31.770659 54.665786 -48.958721 
31.818766 54.890726 -49.931905 
30.903081 55.045807 -50.302675 
31.343062 54.810525 -51.169311 
31.379038 53.816403 -51.067203 
31.652081 53.139874 -51.751130 
31.847903 53.920169 -52.345094 
31.377218 53.484081 -53.112090 
30.707291 53.252024 -53.817318 
30.420242 52.509609 -53.211989 
29.506622 52.145632 -53.030828 
29.994596 51.571615 -52.373268 
30.978551 51.726549 -52.284797 
30.803368 51.322230 -51.387114 
18.289401 -6.361450 -44.200573 
19.286768 -6.397729 -44.137784 
19.314105 -7.109513 -44.839651 
20.134241 -7.224414 -45.400164 
21.094984 -7.369488 -45.163679 
21.364601 -6.751080 -45.901837 
22.306161 -6.589603 -45.606221 
22.426411 -6.826446 -46.570298 
22.898153 -7.705114 -46.643800 
22.266420 -7.743340 -47.418043 
22.898525 -8.517817 -47.443112 
23.278267 -8.643583 -46.526608 
23.457009 -9.535641 -46.111539 
23.341425 -10.280423 -46.768761 
24.268914 -9.972831 -46.556271 
25.083543 -9.592656 -46.994275 
24.446625 -8.941998 -47.407770 
25.048703 -8.512619 -48.080923 
25.445010 -9.272272 -48.596546 
25.345055 -9.173383 -49.586612 
24.545274 -9.474767 -50.105763 
23.738541 -9.648065 -50.670697 
23.244996 -9.251992 -49.896398 
22.276080 -9.008563 -49.940486 
22.370088 -9.063402 -50.934546 
22.646738 -8.276233 -51.485754 
23.275210 -8.901753 -51.948081 
22.331758 -9.178903 -52.129978 
21.627249 -9.667674 -52.644536 
22.013092 -9.795102 -53.558257 
21.946575 -10.286725 -54.426521 
22.898291 -10.532739 -54.242905 
23.668356 -10.171768 -53.716882 
23.522864 -10.359240 -52.745447 
24.189668 -10.529913 -52.020021 
25.087320 -10.306233 -52.399743 
25.153523 -10.271903 -51.402528 
25.856850 -10.464651 -50.718292 
25.959417 -11.447038 -50.562100 
26.289346 -11.281175 -51.491420 
26.024404 -10.962557 -52.401523 
26.113462 -10.299676 -53.144933 
26.684910 -10.828352 -53.772587 
26.759720 -11.660524 -53.223138 
27.156116 -12.485423 -53.626141 
26.316487 -12.768677 -54.089596 
25.362668 -12.487961 -54.196502 
25.688908 -12.365570 -55.133833 
25.351268 -13.286078 -55.330465 
25.757587 -13.394956 -56.237686 
26.407589 -13.460621 -56.994776 
26.535239 -12.939746 -57.838811 
27.448280 -12.703372 -57.506420 
27.558959 -13.346233 -58.264364 
27.952693 -14.228667 -58.521820 
27.046630 -14.527221 -58.821680 
26.350916 -15.060468 -58.340400 
25.702381 -14.577255 -58.928540 
25.566419 -13.948865 -59.694464 
25.438262 -13.172315 -59.077580 
25.270857 -13.415323 -58.122110 
24.505471 -12.908691 -58.518985 
23.935341 -13.710578 -58.697672 
23.192232 -13.253319 -59.186245 
22.815307 -12.565714 -58.565658 
22.051621 -12.146678 -58.074545 
21.624635 -12.297376 -58.966157 
22.011927 -12.783282 -59.749675 
22.520756 -13.262033 -60.465140 
22.939229 -12.681191 -61.163354 
21.944345 -12.773343 -61.121955 
21.136356 -12.495466 -60.602399 
21.052611 -11.576242 -60.987125 
21.483995 -11.373550 -61.866228 
21.035252 -10.884016 -62.613882 
21.883758 -10.471338 -62.945145 
22.559006 -10.222197 -62.250906 
23.348751 -10.082679 -61.653546 
-4.070899 69.954950 1.715207 
-4.502256 69.483266 0.946153 
-5.225122 69.720291 1.595217 
-4.631673 69.196965 2.206731 
-3.845204 68.591927 2.082658 
-4.338346 68.393127 2.929587 
-3.388707 68.630204 3.134478 
-2.697435 68.707063 2.415983 
-2.332358 69.249144 3.172863 
-2.956397 69.912665 3.585557 
-2.299234 70.534590 4.011404 
-2.062212 69.717270 4.536580 
-2.031687 70.149633 5.437763 
-1.591194 71.046164 5.484651 
-1.083356 70.490107 6.142603 
-0.167734 70.889997 6.101061 
-0.875677 71.578201 6.259781 
-1.260618 72.423169 5.888500 
-0.994675 73.387037 5.903789 
-0.738648 74.288752 6.252155 
-0.239939 75.007062 6.737253 
0.327711 74.322275 6.280264 
0.965160 74.214855 7.043232 
0.898226 75.212612 7.043080 
1.755365 75.712955 6.920728 
1.320910 75.860643 7.809230 
1.883570 75.984329 8.626613 
2.299498 76.236252 9.500420 
1.667658 76.742501 10.087354 
1.147683 75.889474 10.042945 
0.777433 75.429169 10.849812 
1.772648 75.421219 10.752427 
1.908549 74.879029 9.923234 
2.780024 75.118579 9.495277 
3.494783 75.624248 9.012144 
3.887248 74.981490 9.670044 
4.503820 75.740481 9.460827 
5.320425 75.593560 8.902643 
6.207080 76.045543 8.804894 
6.351024 76.418035 7.888090 
7.298596 76.733505 7.938951 
7.466215 76.970522 6.982015 
8.169665 76.734657 6.311548 
7.486029 77.347239 5.914831 
7.397687 78.027549 5.187250 
7.870950 77.380395 4.589575 
8.463455 77.239392 5.382705 
9.220590 77.892611 5.375453 
9.563529 78.190850 6.266209 
9.162811 78.650738 7.058628 
10.145421 78.825056 7.122595 
10.648467 78.060511 6.719587 
11.381040 77.716498 7.306947 
11.297704 77.633463 8.300003 
11.362813 78.619096 8.144153 
10.800070 79.213346 8.718773 
10.113621 78.515014 8.515995 
9.451069 77.862698 8.147879 
9.149490 76.909881 8.182376 
8.302522 76.455108 8.457741 
8.235311 76.798819 9.394409 
8.952367 77.074939 10.034399 
8.694610 78.014656 9.809691 
9.537068 78.093646 9.276751 
9.932493 77.410835 9.891087 
9.981380 76.524572 9.430492 
9.923748 75.931575 10.233631 
9.582894 75.951999 11.173526 
8.871045 76.105743 10.488227 
8.793350 75.109190 10.517310 
9.339788 74.687291 11.240778 
9.741810 74.826238 12.145804 
10.003659 73.862592 12.092677 
9.842248 73.065705 12.674843 
9.605836 72.355152 13.337583 
10.026889 71.522342 12.978220 
10.285909 71.021074 13.803834 
10.685487 70.493730 14.553665 
10.218731 71.150357 15.146101 
10.949456 70.795953 15.729572 
11.321611 70.202425 16.443172 
11.962583 70.341757 15.688359 
22.094121 28.687350 1.435047 
22.673801 28.248970 2.121921 
22.816062 27.365171 2.567635 
23.678134 26.858904 2.544722 
24.478459 26.656803 3.109200 
25.264276 26.129863 2.785431 
25.921200 25.550732 2.302670 
26.134168 24.573673 2.303773 
27.035423 25.003904 2.355155 
27.826629 24.439792 2.118998 
27.975419 24.226554 1.153393 
28.287726 23.277401 1.113734 
28.009833 22.561118 0.473645 
27.198842 22.890638 0.957082 
27.613382 22.664786 1.838641 
27.249590 23.037653 2.692237 
26.528809 23.514575 2.189227 
25.888405 23.952265 1.558108 
26.009759 24.602216 0.807884 
26.872424 24.099900 0.866943 
27.147950 23.792641 -0.043923 
26.389705 24.340571 -0.397244 
26.388941 25.226277 -0.861490 
25.556166 25.140307 -0.314594 
25.638834 25.891765 0.339987 
24.911171 26.430279 -0.084876 
24.441728 25.552126 0.007149 
23.678902 26.148845 -0.241895 
23.278527 25.965928 0.656014 
22.723234 25.529246 1.363798 
22.173962 26.364568 1.340636 
21.938600 27.208333 1.822988 
21.804325 27.772484 2.637669 
21.685463 28.119433 3.567991 
21.074264 27.913894 4.332313 
21.949618 28.307562 4.612993 
22.291689 28.784754 5.422483 
22.596076 28.044450 6.021899 
22.688648 27.056445 5.898307 
23.232951 27.045421 5.059491 
22.881208 27.981411 5.045349 
23.739794 28.230312 5.493546 
23.919582 27.309482 5.839594 
24.424015 26.799497 5.142842 
25.394361 26.560703 5.180359 
25.852631 25.674576 5.111314 
25.493174 24.963542 4.506979 
25.473026 24.478719 5.381359 
24.546224 24.354751 5.735859 
23.998898 25.185110 5.631263 
23.284940 25.331622 4.946575 
22.676815 26.110662 5.099153 
22.568746 25.938705 6.078312 
22.571623 25.530121 6.991028 
21.758086 26.090053 7.147977 
20.983063 26.666491 6.889018 
21.122358 27.191856 7.728416 
21.498998 27.694259 6.950127 
22.352339 27.240355 7.206604 
22.616447 27.807377 7.986817 
22.962600 27.256323 8.746105 
23.679577 27.769126 9.218310 
23.404059 27.359291 10.087864 
22.454043 27.670809 10.067201 
22.675550 28.326066 9.345002 
21.956391 28.979051 9.582531 
21.000408 28.848295 9.319853 
20.116643 28.380936 9.342970 
20.401922 27.455355 9.591798 
19.507113 27.272274 9.184615 
19.486434 27.967943 8.466549 
18.870658 27.534973 7.808251 
18.353245 26.709742 8.034699 
18.387388 27.148427 8.932691 
17.631772 26.495111 8.979827 
16.682841 26.592032 8.679600 
16.395001 27.118358 7.879519 
-20.521899 -11.940650 58.485327 
-21.396565 -11.847748 58.009588 
-21.659139 -12.356992 58.829176 
-22.511387 -11.979627 58.466865 
-22.892306 -12.423772 57.655917 
-22.359982 -11.669498 57.271596 
-21.776181 -10.945944 56.903296 
-20.926122 -11.409401 57.153511 
-20.264192 -11.971766 56.657936 
-20.556342 -12.859067 56.301081 
-21.420560 -12.355989 56.307332 
-21.605594 -11.655572 55.618000 
-22.503843 -11.609722 55.180911 
-22.225780 -11.596627 54.220437 
-21.806197 -12.479346 54.008878 
-22.523498 -13.143497 54.219547 
-21.612903 -13.470897 54.471789 
-22.125201 -14.284959 54.745383 
-22.889400 -14.679848 55.255347 
-23.129690 -15.304930 55.998000 
-22.355654 -15.936391 55.951906 
-21.532223 -15.389551 55.800488 
-20.611303 -15.741051 55.968877 
-20.173400 -15.608244 55.079719 
-20.406098 -14.744136 55.526003 
-19.631749 -15.201049 55.963742 
-18.909796 -15.101098 55.279057 
-18.043318 -14.708303 54.970953 
-18.192195 -13.973017 55.632156 
-18.887160 -13.271090 55.476199 
-19.827430 -13.105233 55.178906 
-19.719630 -13.867712 54.540937 
-20.063278 -13.316097 53.780920 
-20.228260 -12.365309 53.518655 
-20.218498 -12.249482 54.511877 
-19.310101 -11.847925 54.628354 
-19.712367 -10.932429 54.635392 
-20.663267 -10.624882 54.670086 
-20.781041 -10.039152 53.868182 
-20.393197 -10.461453 53.048891 
-19.770446 -10.004728 53.684172 
-20.155221 -9.263076 54.233627 
-19.832592 -9.667059 55.089611 
-20.593132 -9.246352 55.584166 
-20.242308 -9.579701 56.459267 
-19.640288 -10.378094 56.471109 
-19.029321 -10.553624 55.699158 
-19.658306 -11.327202 55.776331 
-19.188383 -11.724088 56.564781 
-18.580055 -11.200722 57.161459 
-18.547079 -11.538476 58.102115 
-19.041668 -10.737870 58.440363 
-18.626913 -11.163077 59.244836 
-18.013171 -10.820437 59.956115 
-18.783241 -11.363951 60.290158 
-19.482323 -10.654491 60.379318 
-18.877656 -10.200574 59.724843 
-19.121733 -9.619325 58.948585 
-18.130994 -9.672953 59.073328 
-17.504947 -10.413032 58.827668 
-17.248206 -9.525625 58.444794 
-16.854599 -10.323216 57.987714 
-16.132268 -9.923238 57.423573 
-16.142185 -9.274601 58.184606 
-15.189549 -9.320198 57.883931 
-14.788353 -8.645773 57.264099 
-15.107827 -8.668354 56.316773 
-15.493002 -8.016121 55.663908 
-16.347740 -8.302639 56.096726 
-17.006398 -8.476553 55.364658 
-17.729107 -8.401948 56.051772 
-17.366987 -7.475058 56.150488 
-17.945398 -7.772960 56.909892 
-17.081363 -7.472458 57.313799 
-17.223276 -8.439915 57.523293 
-18.100842 -8.881616 57.336801 
14.408401 24.473350 38.797827 
14.904661 23.694617 38.414029 
15.393749 24.222308 37.719524 
14.979224 23.845935 36.890964 
15.427453 23.555819 36.045432 
14.433929 23.446244 36.075487 
14.708004 23.635833 35.132651 
15.047909 23.420705 34.217127 
14.162509 23.698206 33.844221 
13.227929 24.048035 33.779567 
12.852791 23.277156 33.264769 
13.046548 22.897790 34.169501 
13.851940 22.495110 34.604464 
14.755784 22.102398 34.434630 
15.213743 21.213791 34.409095 
15.714078 20.409256 34.089113 
15.483266 20.906635 33.252848 
15.750301 20.330594 32.480274 
16.308885 19.539352 32.231437 
16.558138 18.585131 32.066106 
17.239176 18.119582 32.631306 
18.102349 18.255647 33.117535 
18.078911 18.973735 33.813093 
18.236987 19.110766 34.790966 
18.690555 19.327003 35.655556 
18.194584 19.041517 36.475624 
17.700455 19.368154 37.281319 
17.385997 19.719342 36.399398 
17.548042 19.469723 35.444709 
16.843549 19.417757 34.736903 
15.966846 19.451808 34.257078 
16.192538 18.499066 34.053740 
15.352789 18.092560 33.693775 
15.809027 17.246914 33.970775 
16.101796 17.607357 34.856420 
15.885639 16.631038 34.847633 
14.933105 16.345217 34.742826 
14.946735 16.597395 35.710410 
14.679177 15.647856 35.874083 
13.830191 15.361228 35.430161 
13.023500 14.948171 35.852813 
12.728613 15.807075 35.434092 
12.498556 16.762745 35.617849 
12.757355 17.260685 34.790155 
11.999624 17.701435 34.308924 
11.491717 17.542371 33.462326 
11.699270 16.690287 33.942820 
11.884288 16.058525 33.190062 
11.543971 15.570982 32.386018 
12.223489 15.335992 31.691012 
12.906445 14.746985 32.123033 
13.021063 15.006316 31.164070 
12.507915 15.730877 30.703972 
11.626256 16.198064 30.770405 
11.157080 15.318659 30.851161 
11.059912 15.067910 29.887998 
10.523256 14.640744 29.160310 
11.499577 14.772830 28.988988 
11.243267 15.449914 28.299160 
12.166073 15.319769 27.936541 
11.467694 15.416594 27.227392 
11.954547 16.226338 26.899843 
11.300369 15.859689 26.238315 
10.771968 16.704736 26.320093 
10.699156 17.672941 26.559421 
10.212848 17.140688 27.252393 
11.146428 16.899754 27.517683 
10.465095 16.345625 27.995935 
9.468031 16.272280 28.017933 
8.721399 16.124824 28.666622 
8.035250 16.314902 27.964432 
7.165434 16.091547 27.524510 
6.234606 16.064572 27.160048 
5.726482 15.843902 26.327513 
5.669411 15.235020 27.118719 
6.297271 14.499903 27.374441 
-24.614699 40.139050 -48.050673 
-24.271030 39.834843 -48.939126 
-23.609545 39.214588 -48.517555 
-22.755638 38.834955 -48.161578 
-22.675223 39.022275 -47.182576 
-22.231274 39.633758 -46.527596 
-22.550621 39.607532 -45.580322 
-22.683403 40.503275 -45.156042 
-23.430550 40.896317 -45.692036 
-23.722072 41.680892 -45.144810 
-24.697062 41.898229 -45.191279 
-25.076552 41.000129 -45.413548 
-25.442595 41.516950 -46.187441 
-26.418690 41.300894 -46.163799 
-26.106090 40.391653 -46.438685 
-26.194842 41.059985 -47.177234 
-26.323132 40.858192 -48.148224 
-26.031632 40.220724 -48.861430 
-26.401052 39.675535 -48.108903 
-27.018289 39.177749 -47.499618 
-27.861241 39.646978 -47.762784 
-28.485363 39.098316 -48.319058 
-27.891231 38.492668 -47.789721 
-27.141222 37.913868 -47.469602 
-26.644398 37.416273 -48.180633 
-26.378021 36.462662 -48.320884 
-26.961568 35.651715 -48.363766 
-27.414178 36.536870 -48.471675 
-28.200158 36.041928 -48.101180 
-28.849582 35.777642 -48.814203 
-29.709136 35.796990 -49.324882 
-29.948114 36.360013 -50.116017 
-30.099730 35.974779 -51.026295 
-29.410815 35.256118 -51.120744 
-30.259252 35.056519 -50.630524 
-31.208283 34.795529 -50.807225 
-31.564087 34.368260 -49.976054 
-32.381014 34.565001 -50.518200 
-32.947467 35.304667 -50.154847 
-33.830692 34.965265 -50.478452 
-34.066144 34.427684 -51.288124 
-34.924995 34.896679 -51.494080 
-34.459577 34.803086 -52.374209 
-35.003891 35.513196 -52.820826 
-35.188463 36.495443 -52.787310 
-35.553386 36.573972 -51.859590 
-35.366685 36.917920 -50.939350 
-34.374050 36.925342 -50.818434 
-34.584796 37.879400 -50.605456 
-35.011690 37.905224 -51.509389 
-34.530838 38.781807 -51.489821 
-35.087940 39.220118 -50.784471 
-35.941588 39.738574 -50.834364 
-36.913733 39.843038 -51.044176 
-36.684036 39.030094 -50.509049 
-37.322966 38.273049 -50.372483 
-38.079970 38.225132 -51.024134 
-37.555340 37.378016 -51.108745 
-36.857207 36.755728 -50.754670 
-37.546738 37.005929 -50.075003 
-38.089162 36.365145 -49.531706 
-39.016753 36.113413 -49.255651 
-38.552695 36.405166 -48.419271 
-39.238228 37.110160 -48.237537 
-39.110665 38.066476 -48.500572 
-39.665462 38.125389 -47.670675 
-40.505890 38.562546 -47.990948 
-40.977358 37.973042 -48.646846 
-41.889266 38.303651 -48.403696 
-42.067238 37.862672 -49.283391 
-42.573672 37.016543 -49.117288 
-42.932118 36.767644 -48.217530 
-43.620459 36.263514 -48.739104 
-43.902925 37.144797 -48.360218 
-44.609150 37.240371 -49.061725 
-44.447709 37.435482 -50.029128 
-43.707927 37.833926 -49.486942 
-43.780005 38.721858 -49.941234 
-43.305995 38.804872 -49.064636 
-59.506899 -29.948250 41.038327 
-58.720514 -30.435567 41.417960 
-57.818484 -30.866770 41.397821 
-57.389275 -29.963900 41.422445 
-56.441867 -29.645819 41.457698 
-55.639494 -30.004481 40.980666 
-55.628983 -29.061911 40.646823 
-55.031186 -29.087234 39.845575 
-54.120458 -29.404707 40.109744 
-53.882058 -28.441004 39.989571 
-53.451725 -28.997148 39.278573 
-52.549234 -29.041905 39.706952 
-52.111376 -29.854459 39.322196 
-52.154006 -30.172110 38.374947 
-53.029876 -30.636101 38.242420 
-52.625176 -31.047726 37.425852 
-51.683429 -30.726103 37.327510 
-52.067212 -29.917416 36.881714 
-52.697644 -29.173896 37.104726 
-53.649771 -29.152341 36.799784 
-54.099200 -29.599690 37.573019 
-55.003897 -29.183770 37.480649 
-55.469595 -28.521262 38.067342 
-54.817955 -28.356264 38.807707 
-54.473494 -27.543593 39.277720 
-54.226797 -26.575689 39.229736 
-55.192733 -26.425537 39.018972 
-54.836684 -25.944307 38.217944 
-53.991847 -26.239069 37.771439 
-54.242130 -26.990921 37.161458 
-54.982980 -27.657250 37.076922 
-55.266145 -27.162972 36.255030 
-55.903684 -26.447127 35.970232 
-56.464356 -25.746456 35.528976 
-57.245019 -25.315464 35.076416 
-57.866386 -24.556740 34.880863 
-57.445614 -23.773094 35.337865 
-56.568819 -23.407292 35.025746 
-56.620259 -22.556834 35.549268 
-56.719583 -21.684205 36.027445 
-57.565127 -21.583264 35.503168 
-58.475466 -21.416564 35.124362 
-59.083580 -22.187380 34.934518 
-59.294274 -22.626491 35.807897 
-60.053766 -22.449330 35.181968 
-60.505806 -21.686985 35.645097 
-60.586281 -20.812904 36.124165 
-60.519191 -20.320041 35.256649 
-60.186276 -19.678217 34.565831 
-59.810956 -19.115580 33.829234 
-59.429477 -18.204811 33.671201 
-59.511559 -17.521549 34.396746 
-59.128421 -16.707978 34.834134 
-58.182316 -16.444583 34.645697 
-57.695566 -16.211429 33.803846 
-58.428946 -16.617704 33.258781 
-58.755806 -17.058503 32.422804 
-59.397413 -17.743105 32.768723 
-59.279276 -18.033569 31.819157 
-59.317325 -19.027670 31.920722 
-59.607449 -19.786089 32.504356 
-59.250331 -19.845211 33.436542 
-58.301413 -19.989910 33.716929 
-57.304982 -20.025381 33.640321 
-56.827766 -20.086031 32.763630 
-57.440903 -20.855694 32.585640 
15.535281 -35.251150 48.259727 
16.288296 -34.595593 48.203035 
17.029042 -33.968172 47.962956 
16.614337 -34.362334 47.142800 
17.145013 -35.069132 47.610582 
17.737745 -34.816050 48.375185 
18.603643 -35.309820 48.295118 
18.944373 -35.668253 47.425964 
18.971156 -36.660554 47.546878 
19.815220 -36.487909 48.054569 
20.469266 -37.047018 48.564099 
21.078534 -36.255731 48.512540 
21.324599 -35.342502 48.837293 
21.244756 -35.305943 49.833430 
21.446785 -34.326598 49.825203 
21.713992 -33.523601 50.357928 
22.019548 -33.306235 51.284960 
22.905743 -33.715593 51.501949 
22.917637 -34.487363 50.866159 
22.740250 -33.966686 50.031037 
23.605980 -33.487147 50.174403 
23.655050 -33.102491 51.096158 
24.535798 -33.554085 50.953518 
24.825278 -33.475994 49.999525 
24.164973 -33.003997 49.415388 
24.967303 -32.579687 48.995594 
24.200861 -32.060084 48.617996 
23.701622 -31.220260 48.831202 
24.315746 -30.487191 49.123538 
23.763805 -29.719133 49.448266 
23.090121 -30.451061 49.550396 
22.522137 -29.750627 49.118208 
21.749396 -29.786157 49.751933 
21.514530 -29.918925 50.714851 
21.573387 -30.735294 51.289374 
21.698213 -31.300153 50.473683 
22.368766 -31.974650 50.164794 
21.684084 -32.514251 49.674855 
20.809061 -32.100717 49.926499 
21.070094 -31.573502 49.117855 
21.614085 -31.472360 48.284882 
22.319747 -32.077772 48.653009 
22.810980 -31.608543 47.919174 
23.329912 -30.756213 47.854041 
23.988233 -30.146644 47.412407 
24.727771 -29.493632 47.249133 
25.188371 -28.792452 46.704897 
25.606564 -29.206777 45.896534 
25.892259 -28.947581 44.973932 
24.994501 -28.648973 44.650105 
25.250295 -29.572626 44.364737 
26.202805 -29.445251 44.088148 
26.266874 -30.278731 43.539325 
26.038351 -30.619375 44.451323 
25.112383 -30.953605 44.627032 
24.335137 -31.232543 44.063045 
23.625964 -31.620744 43.474509 
23.220398 -30.763095 43.158353 
22.460978 -30.127326 43.296477 
21.532459 -30.114756 43.667550 
21.563065 -31.054209 43.326240 
22.211505 -30.918026 44.075226 
38.686801 -27.618550 17.300527 
37.757316 -27.395138 17.007023 
37.278485 -26.517699 17.035694 
38.022426 -25.950379 17.388823 
38.878385 -26.264163 16.977882 
38.227575 -25.764917 16.405869 
38.226098 -24.773105 16.533564 
39.030044 -24.703435 17.124171 
38.933502 -24.364670 18.060076 
38.298034 -25.011838 18.481211 
37.526102 -24.442693 18.764398 
37.286214 -25.406647 18.879489 
37.784668 -26.272405 18.924282 
38.661799 -26.742859 18.827763 
38.497860 -27.543733 19.403719 
37.977998 -28.376693 19.593244 
37.259416 -27.858811 20.057397 
36.401125 -27.986898 20.554319 
35.846631 -28.421269 19.844490 
34.917327 -28.311894 19.491741 
34.110609 -28.855881 19.260909 
33.647523 -27.971045 19.312064 
33.231948 -27.114632 19.618421 
33.502656 -26.195055 19.333649 
32.506287 -26.268021 19.289777 
32.054130 -26.709782 20.064632 
31.411148 -26.677710 19.299423 
30.484938 -26.317854 19.411848 
29.762018 -26.617515 20.034415 
30.412077 -27.224990 20.490921 
30.543473 -26.925354 21.435884 
31.016624 -27.049616 22.308057 
30.173594 -27.008795 22.844372 
30.121773 -27.987279 22.644664 
30.386427 -28.850783 23.073988 
29.912766 -29.398822 23.763407 
29.394140 -28.612867 24.100011 
28.706331 -28.839754 23.410488 
28.819325 -28.067711 22.785043 
28.770937 -27.185242 23.252917 
28.310588 -27.275132 22.369742 
27.991890 -28.207588 22.199573 
27.027066 -28.467552 22.160407 
26.568299 -29.267580 21.773770 
27.488883 -29.380357 22.147675 
27.603056 -29.084626 23.096099 
27.852458 -28.214174 23.520494 
28.137350 -27.521766 24.183372 
27.583993 -26.688910 24.171213 
27.358469 -27.186343 25.008888 
27.839565 -26.567519 25.629858 
27.418267 -26.239290 26.475301 
28.175368 -26.745469 26.888316 
28.035597 -27.207345 27.764179 
27.098728 -27.551343 27.826968 
26.869195 -28.304056 28.444007 
26.834091 -29.297271 28.554871 
27.115764 -30.033456 27.939491 
26.689425 -30.849039 28.330721 
25.979191 -30.294875 28.764851 
-51.383199 29.280450 17.379327 
-50.637377 29.892308 17.115928 
-49.904017 29.917516 17.795301 
-48.991096 29.675973 17.466314 
-48.228533 29.052664 17.293155 
-48.947910 28.489354 17.699577 
-49.272924 28.742401 18.610803 
-48.734096 29.354758 19.189321 
-49.121685 28.941103 20.013132 
-48.417070 29.347839 20.594582 
-47.959420 30.059308 21.127844 
-47.012512 30.376041 21.072664 
-46.458520 30.600090 20.270857 
-46.015989 31.279467 20.856189 
-45.182480 30.912991 20.442719 
-45.023827 31.461263 21.263832 
-45.464733 32.252880 20.840814 
-46.153217 32.334770 21.561427 
-45.673878 32.410072 22.435820 
-45.180580 32.116644 23.254696 
-45.818071 32.701509 23.756231 
-46.683750 33.028332 24.135424 
-47.362578 32.699880 23.478682 
-47.450668 31.709806 23.369163 
-46.629430 31.730204 22.798942 
-45.940607 31.007083 22.850119 
-45.009876 31.180397 22.528092 
-44.148571 30.704943 22.707248 
-44.161065 29.844775 22.197390 
-44.511507 30.090690 21.293666 
-43.787471 29.623734 20.786000 
-44.014831 29.301368 19.867095 
-44.694746 28.740554 19.394650 
-44.691958 29.595415 18.875800 
-45.394954 29.619811 18.165026 
-44.459055 29.454245 17.854092 
-44.302867 28.475607 17.987780 
-43.907825 28.023684 17.187963 
-44.481263 28.491688 16.515549 
-44.503088 28.526636 15.516398 
-43.725403 28.957178 15.974479 
-43.286654 28.148684 16.366699 
-43.609933 27.490744 15.686548 
-42.772335 27.412608 15.145878 
-42.296233 28.133258 15.649853 
-42.268997 28.738097 16.445735 
-41.714347 29.499552 16.781219 
-41.335003 30.244942 16.233048 
-42.085196 30.899329 16.327856 
-42.576846 30.028947 16.301117 
-43.536752 30.024060 16.581395 
-43.732438 30.927196 16.963564 
-44.306819 30.571042 16.226515 
-44.512601 30.382358 15.266279 
-43.590202 30.733006 15.104335 
-43.219956 29.847161 14.824699 
-42.326127 29.710572 15.251797 
-55.764499 72.060650 -13.502993 
-55.755347 71.764744 -14.458166 
-56.660277 71.417341 -14.212375 
-56.556414 70.830781 -15.015593 
-56.041677 70.526600 -15.817166 
-55.180054 70.803066 -16.242812 
-54.810431 70.804752 -15.313632 
-54.886893 70.734217 -14.319057 
-55.439949 70.157762 -13.717535 
-54.648197 69.582330 -13.922493 
-53.933596 70.122690 -14.366741 
-53.610721 69.830871 -13.466412 
-54.194515 69.843378 -12.654606 
-54.674636 68.992498 -12.441328 
-55.394937 68.301560 -12.379924 
-55.350457 67.428307 -12.865157 
-55.874808 67.345355 -13.712609 
-56.436881 67.113176 -14.506440 
-57.293004 67.458555 -14.122035 
-57.402296 66.871317 -13.320034 
-57.598822 67.239803 -12.411411 
-57.052401 67.762265 -11.756845 
-57.785495 68.436025 -11.663998 
-58.394906 69.076918 -11.197228 
-59.280331 69.103213 -10.733191 
-60.078751 69.194284 -10.138017 
-60.418273 68.276682 -9.931302 
-59.946179 68.486619 -9.075117 
-59.409314 67.648128 -8.981806 
-59.757889 67.432181 -9.893870 
-59.285934 67.615922 -10.756134 
-59.435935 66.637839 -10.900545 
-58.450487 66.796796 -10.960757 
-57.991459 66.039780 -10.495762 
-57.005785 65.871129 -10.497325 
-56.610503 66.738261 -10.194283 
-55.924420 67.394108 -10.509172 
-55.202060 67.762475 -11.094409 
-55.709646 68.575169 -11.380565 
-39.263199 37.361750 45.294727 
-40.224403 37.627367 45.220332 
-40.425058 36.880211 44.586696 
-40.375495 36.475117 45.499627 
-41.234418 36.947188 45.698121 
-40.640421 37.227056 46.452337 
-41.396703 37.201436 47.106082 
-42.338745 37.271250 47.434233 
-42.454426 38.264493 47.443563 
-41.984378 38.288249 46.561242 
-42.848002 37.799699 46.436857 
-43.589325 37.621548 47.083929 
-43.701001 37.056781 47.901588 
-44.582527 37.102195 48.371534 
-44.520009 38.061090 48.648321 
-43.869122 38.613722 49.168844 
-43.070225 38.012885 49.196382 
-42.878735 37.459796 50.007199 
-43.205829 38.389419 50.176935 
-42.540174 38.212082 50.901817 
-42.359323 38.928236 51.575922 
-41.747129 38.825413 50.791928 
-41.217199 38.870175 51.638787 
-40.513582 39.340792 51.106393 
-39.660029 39.854055 51.016903 
-38.681606 39.737242 51.187323 
-37.787622 39.292896 51.245196 
-36.848017 39.126043 51.544033 
-35.944257 38.703814 51.473741 
-35.079576 38.201504 51.470406 
-34.426930 37.995885 50.741178 
-33.974172 38.422575 49.958269 
-34.313585 38.278726 49.028695 
-34.075644 37.390552 48.635590 
-33.584794 36.528537 48.509108 
-32.813786 36.992244 48.945598 
-32.921160 37.874862 49.403262 
-32.129308 38.340958 49.008642 
-31.706032 38.956693 49.673253 
-31.754757 39.241453 48.715893 
-32.195496 39.931077 48.141291 
-31.390210 39.724455 47.585574 
-31.260065 39.532784 46.612781 
-30.567021 39.057872 47.155136 
-30.107014 38.703924 46.340817 
-29.468077 38.558065 45.585513 
-28.952861 39.371782 45.316410 
-27.985259 39.119306 45.317755 
-27.013465 38.892035 45.254786 
-26.551177 38.005465 45.237956 
-26.568352 37.350766 45.993650 
-25.969417 37.057907 45.248325 
-25.185967 37.428356 44.749352 
-25.454753 37.675899 43.818505 
-25.027708 38.518213 44.147350 
-25.703124 38.634806 44.875512 
-24.775656 38.987886 44.998550 
-24.709729 38.268184 45.689696 
-23.802596 38.102949 45.302649 
-22.871203 38.186597 44.948374 
-22.007033 38.379214 45.413250 
-21.120642 38.747598 45.132885 
-20.307924 38.418928 44.651776 
-20.261423 39.278808 45.160148 
-20.052245 40.206223 45.470224 
-20.131061 40.008995 46.447408 
-20.181508 39.734917 47.407792 
-19.290984 39.809425 47.856586 
-18.493064 40.276013 48.238186 
-18.611732 40.551688 47.284288 
-18.229318 41.468842 47.396480 
-18.923781 42.184120 47.318381 
-18.716590 42.369083 46.357725 
-18.899805 41.401656 46.532413 
-18.686951 40.571121 46.017723 
-18.077327 40.515710 45.226972 
-18.833078 40.497215 44.572374 
-18.757745 40.251937 43.605852 
-19.687851 39.986097 43.352412 
-20.477669 39.541277 42.930129 
-20.770817 38.775480 43.502511 
-21.623293 39.159434 43.857286 
-20.759519 39.473640 44.251200 
-21.428604 40.214979 44.198848 
-22.378467 39.954063 44.371136 
-22.843398 40.727697 44.801635 
-23.825851 40.839810 44.652582 
-23.511954 41.143734 45.552081 
-22.900809 41.931703 45.626966 
-22.230543 42.632166 45.872109 
-22.730454 42.609410 46.737886 
-23.140742 41.710005 46.587102 
-22.228048 41.303200 46.625834 
-22.391313 40.696109 45.848155 
-22.232671 39.925240 46.465079 
-21.934328 38.970977 46.484373 
-21.866754 38.303517 47.225946 
-21.880105 39.244026 47.565451 
-22.785000 38.822452 47.506790 
-22.764908 39.615469 48.115659 
-23.584346 39.063771 48.271065 
-24.337895 39.718376 48.331534 
-24.325212 40.493877 47.700316 
-24.418701 39.636277 47.194568 
-24.657548 40.238898 46.433122 
-25.448304 40.262088 45.821430 
-25.617915 40.951293 46.525866 
