27.176519 11.357758 -22.716308 
27.809523 11.670230 -22.008023 
27.954243 11.664816 -21.018565 
28.086626 12.576659 -20.629956 
28.435849 11.898564 -19.983248 
28.952182 11.061675 -19.801541 
29.042337 10.613647 -20.691003 
29.225159 9.759283 -20.204549 
29.191640 8.833110 -20.580156 
28.381011 8.472178 -20.119062 
27.643715 9.120275 -20.309761 
27.496329 8.389325 -20.976086 
28.447057 8.163456 -21.188450 
28.738544 7.587372 -21.952101 
29.548764 7.388611 -21.400705 
29.882804 6.555029 -21.840660 
29.644422 5.885951 -22.544584 
29.004077 5.665863 -23.280464 
29.007445 5.888991 -24.255247 
28.333107 5.219864 -23.942936 
28.445337 4.577534 -24.701102 
29.028021 3.794134 -24.917351 
28.268889 3.149881 -24.824313 
27.782125 2.297294 -25.014462 
27.128384 3.021041 -25.235400 
26.515482 2.479367 -25.810675 
26.058260 2.079903 -26.605267 
26.313623 1.267799 -26.080598 
27.247332 1.616326 -26.162557 
27.725592 0.945299 -26.729117 
28.432089 1.636402 -26.881562 
28.873623 2.329283 -27.451618 
28.432790 1.796460 -28.173953 
27.854026 2.087131 -28.935886 
28.218374 2.902895 -29.385083 
27.754817 3.596409 -28.833581 
28.678418 3.552684 -28.452728 
29.304905 3.682390 -29.221292 
29.096372 3.803887 -30.191731 
29.094237 2.805388 -30.137005 
29.957003 3.233625 -29.868215 
30.599102 3.998280 -29.813339 
31.424648 3.588483 -29.425343 
31.587866 2.685097 -29.028792 
32.087309 2.251064 -28.279011 
32.265503 2.023134 -27.321778 
32.243319 3.022665 -27.300688 
32.917028 3.263698 -27.999272 
33.837761 3.503230 -27.691253 
33.251021 4.048892 -27.092931 
33.076241 3.465557 -26.299727 
34.058996 3.421566 -26.120122 
33.639386 2.550181 -25.865927 
33.602785 2.048390 -25.001712 
33.175577 2.951320 -24.954683 
32.232594 3.274517 -24.875139 
31.748570 3.949710 -24.318510 
32.112031 4.845525 -24.574263 
32.946287 4.344628 -24.343786 
33.373517 4.624170 -25.203630 
34.256189 4.154526 -25.221646 
34.729799 3.344365 -24.876202 
34.127348 2.976286 -24.167985 
33.852863 3.883945 -23.850474 
33.477182 3.943861 -22.925664 
33.099636 4.558427 -22.233012 
33.457435 5.314636 -21.685172 
34.135241 5.030919 -21.006877 
34.052761 4.224154 -21.591965 
35.046633 4.114647 -21.576889 
34.935509 4.584272 -22.452734 
34.654779 4.578625 -23.412504 
35.531903 4.964569 -23.698338 
36.473883 5.290282 -23.779481 
36.131349 5.050600 -22.871063 
37.126853 5.070975 -22.778558 
37.922098 5.512675 -23.193873 
37.786249 5.840893 -24.128656 
38.739748 5.590520 -23.960871 
39.298035 5.332444 -23.172383 
40.288994 5.199046 -23.186732 
40.434841 4.221447 -23.034983 
40.804415 4.445250 -23.936830 
40.516495 4.142127 -24.845245 
41.271050 3.843575 -25.429637 
41.847532 3.035378 -25.309281 
41.890528 2.157390 -24.832532 
41.448564 1.344055 -24.454175 
42.257680 0.875756 -24.809181 
42.775409 0.491451 -25.573554 
43.668078 0.092879 -25.363118 
44.436268 -0.507692 -25.141311 
45.182313 -1.118582 -24.876300 
44.469359 -1.630113 -25.355917 
44.142241 -0.959400 -26.021602 
44.859008 -0.938434 -26.718600 
45.447426 -1.061146 -25.919408 
45.732154 -1.861111 -25.391218 
46.548659 -1.850085 -25.968451 
46.889659 -0.929393 -26.158308 
47.837082 -0.836639 -25.852063 
47.987104 -0.064635 -25.234404 
48.856810 -0.550799 -25.319590 
48.932242 -0.134035 -24.413711 
49.720054 0.137771 -24.966407 
50.297472 -0.485218 -25.494113 
50.829051 -0.130134 -24.725127 
50.414769 0.727622 -24.420785 
51.005415 1.204248 -25.071911 
50.284772 1.772729 -25.468779 
49.528139 2.339157 -25.142184 
48.697590 1.861213 -25.428118 
48.863378 0.879693 -25.332550 
49.040636 1.005017 -24.356398 
48.916424 0.842150 -23.377599 
49.611003 0.139597 -23.532454 
49.576463 -0.806341 -23.854956 
48.965861 -1.338843 -23.268776 
49.645506 -0.837573 -22.733228 
49.326515 0.078930 -22.491842 
50.257238 0.338368 -22.234068 
51.182097 0.257647 -22.605714 
51.459360 -0.052628 -21.696399 
-51.243781 -24.108042 18.666352 
-50.712991 -24.708295 19.264648 
-50.463088 -24.554681 20.220655 
-50.330966 -25.545699 20.199951 
-51.322780 -25.477774 20.091820 
-51.260581 -26.455446 20.292544 
-51.690408 -27.273238 19.909837 
-51.177000 -27.125335 19.064534 
-51.557138 -26.218280 18.883576 
-51.724652 -25.259888 19.114712 
-52.267985 -24.454847 18.876599 
-52.162588 -24.546339 17.886387 
-52.739123 -24.921291 17.160426 
-53.192035 -25.420594 17.899052 
-53.177800 -24.583601 18.446081 
-53.413399 -25.339724 19.056631 
-53.299966 -26.249157 19.456711 
-54.041098 -26.200350 18.787128 
-54.362173 -25.257316 18.699956 
-54.962094 -24.462151 18.788317 
-55.749095 -23.903277 19.049636 
-56.068106 -24.684258 18.512700 
-55.551519 -24.905946 17.685661 
-55.779013 -25.770383 18.133988 
-56.727501 -25.459561 18.195312 
-57.329222 -25.500990 18.992943 
-56.728419 -25.808071 19.731005 
-57.586207 -26.320873 19.695891 
-58.544778 -26.577375 19.572005 
-58.568107 -27.230092 20.329248 
-58.677295 -26.938424 21.279515 
-59.234905 -27.654984 21.698576 
-60.104107 -28.122656 21.859112 
-60.586571 -28.985244 21.706900 
-59.785657 -29.353341 21.234628 
-59.833013 -28.454134 20.799675 
-60.085616 -28.782241 19.889435 
-61.009714 -28.975769 20.218966 
-60.918917 -29.953125 20.410098 
-61.827591 -30.277628 20.147403 
-62.427450 -30.936999 20.600612 
-62.251269 -30.338853 21.382392 
-61.513955 -29.665483 21.328160 
-61.257998 -30.412002 21.942322 
-61.098502 -30.904847 21.086947 
-61.632517 -31.586723 21.586820 
-61.340494 -31.452583 22.533778 
-60.384932 -31.390261 22.821907 
-60.047672 -32.152281 23.374702 
-60.412220 -32.982533 22.953056 
-59.780632 -33.659511 23.330941 
-59.714688 -34.590409 22.971664 
-59.077785 -35.283021 23.310255 
-59.889927 -35.075137 23.855424 
-59.637876 -34.263796 24.382868 
-59.141464 -34.605518 25.180867 
-58.890759 -33.639291 25.240477 
-58.863403 -33.501771 26.230598 
-58.866266 -33.781734 27.190605 
-58.488962 -34.573806 26.710746 
-59.453288 -34.451053 26.476211 
-60.361130 -34.033953 26.433183 
-61.347326 -33.868510 26.439914 
-62.176006 -34.340787 26.740321 
-62.733879 -34.936408 27.318259 
-63.279008 -35.535004 27.905216 
-64.168923 -35.082765 27.845808 
-64.349639 -35.191378 28.823328 
-63.799628 -35.241110 29.657002 
-63.159009 -35.713308 29.051497 
-63.078192 -36.603744 29.499372 
-63.157529 -36.353450 30.464286 
-62.263102 -36.799949 30.439016 
-61.828805 -36.883793 29.542157 
-60.862709 -37.078121 29.372169 
-60.935325 -37.743372 28.629089 
-60.084067 -38.268087 28.623292 
-59.325117 -38.864913 28.362920 
-58.699138 -38.123221 28.121997 
-58.679565 -37.386081 28.797453 
-59.163480 -36.890948 28.075878 
-59.212178 -35.922257 27.832432 
-58.472904 -36.452475 27.417290 
-58.465815 -36.978564 26.566890 
-57.819185 -37.716984 26.375562 
-57.303669 -37.479134 27.198769 
-57.136019 -38.420653 26.906475 
-56.947167 -38.873686 27.777736 
-56.888387 -39.665149 28.386120 
-56.012765 -39.720603 27.906318 
-55.698621 -39.384776 28.794312 
-54.882573 -38.840840 28.989760 
-54.458910 -39.652977 29.390938 
-55.076878 -40.426060 29.533966 
-54.186740 -40.877026 29.468511 
-54.106853 -41.517632 28.704808 
-53.762312 -41.118501 27.855111 
-54.688379 -41.063431 27.481790 
-54.721442 -40.346723 28.178380 
-53.852031 -39.915792 28.420088 
-53.226525 -39.898258 27.640066 
-53.072539 -39.284232 28.414184 
-52.663669 -40.167849 28.642319 
-53.227403 -40.986365 28.752938 
-52.983007 -41.721392 28.120478 
-52.953898 -42.557890 28.667674 
-52.677789 -43.071688 27.855409 
-53.559123 -43.512134 27.684359 
-53.561307 -42.528779 27.866040 
-53.513067 -42.589263 26.869037 
-52.726781 -43.198184 26.764306 
-53.178706 -43.851213 26.156591 
-52.440863 -44.322944 26.639351 
-53.144589 -44.934314 26.277418 
-10.693081 -7.647562 -6.352748 
-10.704027 -8.647341 -6.334816 
-9.871393 -8.872157 -5.828675 
-9.282692 -9.009140 -6.625335 
-9.329564 -8.338501 -7.365637 
-8.726495 -9.131571 -7.451355 
-8.607664 -9.847612 -8.139225 
-8.082767 -10.560490 -7.674156 
-7.215722 -10.771987 -8.125269 
-7.197940 -11.234445 -9.011731 
-8.183507 -11.065166 -9.011007 
-9.059640 -11.295436 -9.434525 
-9.352512 -11.628275 -10.330875 
-9.395287 -11.941234 -11.279678 
-8.784471 -12.610507 -11.702736 
-8.250337 -11.853078 -12.078237 
-8.885797 -11.985065 -12.839007 
-8.004387 -12.333056 -13.158411 
-7.296130 -11.810545 -12.683697 
-7.069961 -12.514346 -12.010264 
-7.509393 -13.412384 -12.030940 
-6.806983 -13.338051 -11.323059 
-6.849367 -12.537620 -10.725134 
-6.140911 -12.590497 -10.021363 
-6.705674 -12.010588 -9.434211 
-6.872957 -12.632488 -8.669191 
-6.950156 -13.537078 -8.249955 
-7.614167 -14.280483 -8.330194 
-7.983411 -13.377298 -8.111299 
-7.687565 -13.206604 -9.051160 
-8.566469 -13.664913 -9.183375 
-7.959974 -13.690813 -9.978041 
-7.805260 -14.592943 -9.575267 
-6.915719 -15.049669 -9.564413 
-6.714461 -14.618640 -10.444021 
-6.169580 -15.455949 -10.399096 
-5.700095 -14.908622 -11.091929 
-5.960421 -14.811737 -12.052576 
-5.101657 -15.321343 -11.999410 
-5.309035 -15.626776 -12.928768 
-5.267809 -16.570351 -13.257351 
-4.971456 -17.030050 -14.094520 
-4.384791 -16.306089 -13.731609 
-4.127830 -15.366599 -13.505046 
-3.937589 -14.715896 -12.769931 
-4.531328 -13.987253 -13.111331 
-4.710660 -13.134320 -13.601582 
-4.720366 -12.652296 -12.725478 
-4.171787 -12.162813 -13.403319 
-3.466479 -12.135999 -14.111713 
-3.743781 -13.072285 -13.896137 
-3.494383 -13.363689 -14.819654 
-3.573678 -14.347364 -14.981195 
-3.558461 -15.260591 -14.574028 
-2.886124 -16.000512 -14.595927 
-2.882068 -15.618572 -15.520105 
-3.252563 -16.100567 -16.314091 
-3.565864 -16.602722 -17.120120 
-3.313274 -17.246357 -16.397672 
-3.735543 -18.023062 -16.865023 
-3.707874 -18.842090 -16.291938 
-4.508092 -18.247251 -16.215667 
-4.906083 -18.586584 -17.067991 
-5.649876 -18.158287 -17.581151 
-4.859875 -17.548321 -17.643119 
-4.121986 -17.153324 -18.190382 
-4.665764 -16.861018 -18.977060 
-4.798894 -16.222280 -18.219241 
-5.358233 -15.493262 -17.824687 
-5.702414 -15.388572 -16.891639 
-6.651943 -15.499609 -17.185010 
-7.450414 -16.055066 -16.952822 
-7.027340 -15.804466 -16.082071 
-6.545393 -15.026319 -15.679313 
-7.481457 -14.864418 -15.991678 
-8.073032 -14.100502 -16.249498 
-7.541638 -13.538477 -15.615662 
-7.259257 -12.592772 -15.776611 
-7.710778 -12.199966 -14.975466 
-7.733964 -11.250709 -14.661820 
-7.818282 -10.669194 -13.852665 
-8.726397 -10.976930 -14.136611 
-8.807979 -10.987945 -15.133217 
-8.149038 -10.238889 -15.201853 
-8.778449 -9.610014 -14.745391 
-9.440580 -8.906405 -14.487482 
-10.381557 -8.784984 -14.171538 
-10.855946 -7.905318 -14.137734 
-9.988099 -7.666759 -14.573547 
-9.804855 -7.736516 -13.592957 
-10.535974 -7.677776 -12.913241 
-10.904597 -7.083509 -12.198424 
-11.733415 -7.104477 -12.757549 
-12.625591 -6.695601 -12.565604 
-13.346067 -7.352197 -12.342457 
-12.819392 -7.479442 -11.501969 
-12.228673 -8.119420 -11.010563 
-11.424530 -8.137017 -11.604738 
-12.015713 -8.921911 -11.790328 
-11.214277 -9.367621 -12.189130 
-10.721909 -9.610940 -11.353445 
21.298319 -24.996442 24.281052 
21.732281 -24.108704 24.127437 
20.772936 -24.001458 24.388504 
20.586142 -23.248483 25.019485 
21.019273 -22.861326 25.833431 
21.672038 -22.202252 25.459908 
21.844815 -23.149718 25.190731 
22.227677 -23.718345 25.918797 
21.472556 -23.765336 26.572696 
20.793997 -23.245677 27.091843 
20.532217 -23.922191 27.780175 
19.893094 -23.819727 28.542423 
20.585655 -23.744114 29.259808 
19.738546 -24.139734 29.614619 
18.931093 -24.354850 29.065305 
18.165426 -23.735118 28.893008 
17.472307 -23.439305 29.550335 
16.914875 -24.266378 29.478080 
16.514478 -24.478790 30.369462 
17.112827 -25.252825 30.162468 
18.075277 -25.444235 29.969976 
17.874515 -24.465444 30.010767 
17.955882 -24.226317 30.978340 
18.136393 -23.538900 31.681812 
18.050532 -22.665008 32.160289 
19.043668 -22.766210 32.101651 
19.950067 -23.099581 31.842219 
20.134356 -23.548660 30.967939 
20.729703 -23.989239 30.296037 
21.554901 -24.137304 30.841129 
21.320864 -25.085854 30.627871 
20.817467 -25.521777 31.373902 
21.062239 -26.476581 31.542532 
21.653900 -26.336680 30.748577 
21.396329 -26.878132 29.948273 
21.755249 -26.028140 29.562670 
22.567417 -26.139428 30.135382 
23.488836 -25.753559 30.181105 
23.846456 -24.946369 29.711475 
23.817444 -23.957160 29.567867 
23.885646 -22.968192 29.436366 
24.765549 -23.223405 29.837162 
24.203195 -23.551358 30.596244 
24.335955 -22.680231 31.069016 
25.272468 -22.458136 31.340343 
25.548559 -22.679988 30.405167 
25.854419 -23.471156 30.934792 
26.776018 -23.855426 30.880086 
27.390760 -23.211790 30.424207 
27.555789 -22.239221 30.588144 
27.226388 -21.766004 31.405188 
27.111803 -22.484489 32.091227 
27.966500 -22.655842 32.581259 
28.761817 -23.229322 32.384811 
27.884121 -23.693461 32.265542 
26.931167 -23.942768 32.093131 
26.621567 -24.247472 32.993855 
26.342669 -25.058954 32.480324 
26.139199 -25.074877 33.459276 
25.722652 -25.979708 33.371137 
24.859110 -26.432214 33.148576 
24.016526 -25.939634 33.366332 
24.526234 -25.117520 33.619957 
23.593046 -25.206502 33.968157 
24.312482 -25.764414 34.381856 
25.090954 -25.219057 34.692608 
25.203902 -24.314670 35.104102 
24.444843 -23.735570 35.401546 
23.896692 -24.156362 36.124362 
23.231901 -23.469385 36.417814 
22.619125 -24.018264 36.986353 
21.677410 -23.892438 37.298348 
21.809354 -23.464601 36.404174 
21.720670 -23.906114 35.511313 
21.413623 -24.857113 35.547683 
20.794487 -24.445588 34.878864 
20.309770 -24.919655 35.613922 
20.385768 -24.088458 36.164683 
20.650359 -24.811857 36.802402 
19.908627 -25.466592 36.947851 
19.252659 -25.426140 36.194147 
18.979517 -24.650264 35.625456 
19.033503 -24.133146 36.479666 
18.273837 -24.164648 37.129217 
17.505170 -24.724267 36.819414 
16.711839 -24.699227 36.211139 
17.231525 -25.444553 35.793508 
17.241877 -25.702418 34.827383 
18.003181 -26.224877 35.211379 
17.489515 -26.409024 36.049375 
17.865648 -27.208741 35.581424 
18.620607 -27.406308 36.206728 
18.762900 -27.870952 35.332738 
19.600524 -28.029453 34.809992 
19.643261 -28.117580 35.805184 
20.402991 -27.581840 35.436683 
21.023428 -27.551615 34.653009 
21.875718 -27.588057 35.174807 
78.299619 -12.651762 24.571652 
77.530720 -12.020666 24.469116 
77.186725 -11.752821 25.369075 
76.295774 -11.721939 24.916028 
75.316006 -11.829186 24.747050 
74.595232 -11.536310 25.375308 
74.213525 -10.976022 26.110411 
74.188290 -10.283076 26.830959 
73.357832 -10.788180 27.065926 
73.005469 -9.996276 26.567200 
73.198299 -9.394889 25.791861 
73.483897 -8.438907 25.724552 
74.464338 -8.439497 25.921362 
75.110423 -7.752512 26.253968 
75.424737 -6.884606 26.638605 
75.246128 -6.201866 25.930109 
76.019640 -5.968329 26.519295 
76.631537 -5.807102 27.293626 
76.995342 -5.534968 28.184462 
76.077565 -5.908121 28.320264 
76.020264 -6.830221 28.702949 
76.466499 -6.704501 27.816908 
77.416933 -6.475139 28.026832 
77.800558 -7.305810 28.430339 
77.217388 -8.079190 28.181754 
76.681824 -8.142150 29.023899 
77.441502 -7.659838 29.460092 
78.171247 -7.319326 30.052987 
78.024231 -6.550599 30.675437 
78.959242 -6.890883 30.775240 
78.851612 -5.943169 31.075663 
78.506999 -5.823143 30.144623 
78.312554 -5.648664 29.179352 
78.979804 -5.292469 28.525210 
79.395667 -5.219990 29.431744 
80.048575 -5.639902 30.062129 
79.924015 -5.295123 30.992512 
80.213951 -4.395891 31.320107 
79.785612 -3.495295 31.393945 
80.336212 -3.066474 30.677739 
81.298391 -3.136778 30.940929 
81.935055 -3.166139 31.711512 
82.803897 -3.168041 32.206597 
82.490504 -2.973155 33.136007 
81.970003 -2.468201 33.824557 
82.691990 -1.850215 33.513385 
83.384031 -2.014338 32.810432 
82.875823 -1.649614 32.030240 
82.939885 -1.825062 31.047837 
83.346916 -1.994179 30.150216 
82.629675 -1.442173 29.724946 
82.589473 -1.876200 28.824944 
81.766481 -2.427279 28.687118 
80.774604 -2.334739 28.774394 
79.822517 -2.536044 28.544165 
79.849839 -1.689498 29.075780 
80.280562 -0.787107 29.088721 
80.438856 -0.024546 29.715972 
80.728095 0.838100 29.301022 
81.417585 0.315198 29.802197 
81.500788 1.282594 30.041406 
81.162089 2.215694 29.920547 
80.675620 2.504640 29.096012 
81.228560 3.274325 29.415137 
80.764831 3.981689 29.948609 
79.877898 4.318673 30.264505 
79.193922 3.664135 29.942393 
79.073448 3.006510 29.198743 
79.019905 2.247473 28.549900 
79.869152 2.687135 28.257536 
79.648269 3.361772 27.553209 
80.279475 3.915282 27.009882 
79.651726 4.634607 26.712386 
79.361308 5.307083 26.031627 
80.289570 5.174019 25.684319 
79.872571 5.341947 24.791059 
78.952227 5.651750 25.029782 
78.419244 4.823273 24.857867 
77.877222 4.000938 25.031004 
77.182619 4.555564 25.489171 
78.013146 5.014431 25.804870 
78.263602 4.193964 26.318782 
79.129344 3.693477 26.320850 
78.896018 3.090541 25.557942 
79.175136 2.683364 26.427597 
78.378503 3.085578 26.878818 
77.469679 2.772138 26.603512 
77.876375 2.192093 27.309307 
77.518947 1.763102 26.479721 
78.431922 1.464792 26.201355 
77.679906 0.822177 26.054666 
77.332607 0.656379 26.977647 
76.384915 0.339483 26.939489 
76.118418 -0.600498 26.726382 
77.058837 -0.858571 26.947767 
74.085019 7.617558 -17.881548 
73.584393 8.000601 -17.105241 
73.610343 7.704513 -16.150433 
73.017871 6.901168 -16.210544 
72.793832 6.140215 -15.601645 
72.091966 6.835834 -15.754943 
71.337967 6.180532 -15.709504 
70.918299 5.306385 -15.953934 
70.304060 4.540588 -15.763500 
69.942328 4.990022 -14.946702 
69.064576 5.283262 -14.567809 
68.408282 4.764850 -14.019605 
68.378534 4.739348 -13.020373 
68.754958 4.556351 -12.112179 
68.159615 3.761120 -12.226957 
67.845838 3.255035 -13.030338 
67.501047 2.324467 -13.153474 
66.773562 1.761240 -13.545318 
65.987995 1.142469 -13.542803 
66.158696 0.866987 -12.596774 
66.141060 -0.106215 -12.826051 
66.065007 -0.704046 -12.028045 
66.646348 -1.189195 -11.374843 
66.036975 -1.781731 -11.901687 
65.535205 -2.594970 -12.196424 
65.412699 -2.937189 -13.128024 
65.908914 -3.530900 -12.494559 
66.835199 -3.158132 -12.549691 
67.405973 -3.000189 -13.355464 
67.004056 -3.819796 -13.763761 
66.204846 -4.371806 -14.001560 
66.578223 -4.651970 -13.117197 
65.972946 -5.246598 -12.587993 
65.742354 -6.035571 -12.018478 
65.883896 -7.025340 -12.036468 
65.342164 -7.738957 -12.480626 
64.373573 -7.506545 -12.392216 
63.987872 -6.590455 -12.282612 
63.609827 -5.701104 -12.539786 
63.520420 -4.711658 -12.425761 
63.228572 -4.472574 -13.351862 
62.865782 -3.545734 -13.255163 
63.149556 -3.359190 -14.195734 
62.972836 -3.111025 -15.148196 
63.479315 -2.405079 -15.643291 
63.597369 -1.492063 -16.033761 
63.961208 -1.626521 -16.955467 
64.143487 -1.300346 -17.883036 
65.072509 -0.932624 -17.924257 
66.047377 -0.712569 -17.889497 
66.460360 0.154988 -17.612386 
66.088535 0.081399 -16.687005 
65.090691 0.103067 -16.625051 
64.849499 0.987660 -17.024202 
65.356336 1.826445 -16.825316 
66.301214 2.149443 -16.771673 
66.421650 2.116363 -15.779503 
66.655837 1.268991 -16.256072 
65.738591 0.891482 -16.129000 
65.640965 0.644221 -15.164981 
64.774215 0.759873 -14.679832 
63.997669 0.438473 -14.137912 
64.495191 -0.138559 -13.490219 
65.292875 -0.273137 -14.078087 
66.258791 -0.095378 -13.889916 
66.604652 -0.535390 -14.718631 
66.090584 -1.339756 -14.420757 
66.033773 -1.910735 -13.601760 
65.250620 -1.348840 -13.335406 
64.385451 -1.165910 -12.868480 
63.464320 -1.191516 -12.480071 
63.129237 -1.229685 -13.421486 
62.636062 -0.635674 -12.785932 
62.119028 -0.525937 -11.937030 
61.355032 -0.767888 -12.535169 
61.000363 -1.286139 -13.313388 
61.079675 -0.330647 -13.597543 
61.136971 0.192259 -12.747080 
61.851453 0.866785 -12.561258 
61.498155 1.088966 -11.652513 
61.075967 0.182550 -11.639534 
60.409704 -0.562909 -11.619949 
59.461186 -0.431556 -11.331745 
58.673138 -0.798360 -11.826147 
57.692262 -0.935222 -11.687759 
58.134570 -0.699881 -10.822324 
58.411825 -0.630619 -9.864027 
57.784261 -0.175393 -9.232416 
57.506735 0.058067 -10.164336 
57.324498 0.831282 -9.556942 
56.925080 0.794977 -8.640893 
56.664612 1.521262 -8.004758 
56.547338 0.776320 -7.348018 
56.181351 1.466348 -6.723587 
52.163519 -39.657542 -19.269788 
51.534999 -39.326248 -19.973497 
52.173976 -38.668584 -19.574516 
52.038436 -37.893767 -20.192001 
51.257864 -37.376504 -20.542925 
50.718305 -36.586420 -20.833858 
50.603603 -36.087427 -21.692840 
49.784363 -36.655784 -21.769100 
49.774756 -37.327558 -22.509794 
50.362151 -36.959294 -23.230452 
51.286428 -36.586915 -23.314391 
51.976382 -36.539329 -24.036679 
52.753072 -36.498314 -24.665224 
52.319579 -37.076405 -25.356523 
51.380130 -37.347323 -25.146666 
50.478379 -37.727089 -25.353116 
49.763423 -37.200146 -25.812648 
49.372439 -36.283255 -25.892911 
50.111955 -35.650535 -25.663168 
49.281775 -35.210394 -25.321001 
49.506808 -34.430183 -25.904637 
49.591278 -35.049571 -26.685165 
50.171508 -35.829710 -26.919082 
50.476351 -36.480894 -27.614086 
50.571302 -37.347441 -27.124105 
51.370095 -36.796991 -26.881340 
52.235486 -36.769307 -26.381008 
52.220877 -35.830234 -26.724414 
51.993037 -36.294882 -27.580095 
51.454430 -36.073558 -28.393065 
51.300379 -36.760672 -29.103095 
52.293003 -36.660273 -29.035139 
53.199275 -36.899492 -29.383627 
53.876034 -36.195831 -29.600097 
53.919653 -35.197096 -29.575066 
53.876958 -35.501810 -28.623579 
54.056108 -36.382183 -28.184434 
54.838828 -35.762455 -28.127103 
54.920897 -36.244647 -27.254890 
54.914085 -37.116882 -26.765850 
54.577772 -37.354355 -25.854532 
54.610228 -38.253043 -26.291918 
54.719661 -38.376968 -25.305679 
55.206361 -39.118701 -24.844209 
56.114083 -39.320500 -24.476354 
56.718987 -39.697908 -25.177534 
57.631430 -39.461394 -24.843602 
57.151903 -39.126208 -24.032612 
57.535062 -38.210229 -24.151654 
58.323278 -37.892460 -24.678663 
57.894163 -37.078322 -25.069866 
58.113076 -36.250078 -24.554029 
57.467196 -36.054337 -23.816109 
57.508762 -35.351921 -23.105557 
57.605640 -34.482468 -23.589982 
56.973475 -34.459752 -24.364482 
57.839645 -34.740643 -24.777822 
58.348286 -34.106989 -24.194926 
58.485966 -34.125042 -23.204614 
58.909444 -33.783995 -22.365357 
59.139762 -32.812320 -22.418291 
58.719873 -32.606834 -23.302298 
57.721670 -32.648685 -23.259420 
56.872611 -32.503254 -23.767307 
55.902979 -32.310051 -23.617354 
55.295353 -32.706803 -24.305380 
55.290862 -33.623334 -23.905442 
55.336196 -34.528399 -24.328292 
55.821876 -33.939973 -24.974720 
55.774054 -34.445125 -25.836425 
55.827769 -33.590650 -26.353132 
55.347089 -33.506237 -27.225955 
55.071553 -34.359212 -27.669255 
55.633058 -35.099031 -28.039902 
55.309224 -34.463050 -28.740373 
54.416955 -34.011603 -28.733081 
54.188163 -33.702688 -27.809920 
53.239168 -33.778956 -28.115849 
52.693613 -33.461767 -27.340116 
52.382909 -33.236553 -26.416676 
52.244089 -32.407237 -25.875414 
51.861061 -33.056130 -25.217975 
52.455971 -33.805227 -25.509414 
52.669410 -34.781793 -25.481816 
52.828099 -34.971580 -24.512900 
52.646640 -34.129725 -24.004615 
53.602824 -34.154617 -24.296320 
54.235985 -33.523218 -24.744030 
53.760373 -33.401845 -25.615271 
53.269090 -32.710699 -25.085215 
53.699054 -32.307556 -24.277374 
-36.490181 -63.895442 40.606552 
-36.219209 -63.040796 40.163659 
-36.782257 -62.529524 40.812950 
-36.976443 -61.640505 41.227603 
-37.190837 -61.073341 40.432392 
-37.402274 -61.375668 39.502934 
-37.761025 -60.444174 39.563076 
-37.447412 -60.343864 38.618839 
-36.589754 -59.952037 38.285830 
-36.663827 -60.900830 37.978739 
-37.491335 -61.147071 37.474165 
-37.002360 -61.859713 36.971130 
-37.956655 -61.956871 36.688496 
-37.816676 -62.582322 37.456101 
-37.067271 -63.046862 36.984302 
-36.481973 -63.044395 37.795116 
-35.561972 -63.335443 37.532649 
-34.562541 -63.304272 37.545504 
-34.962557 -62.408853 37.740981 
-35.612093 -62.058586 37.066135 
-35.099671 -61.265303 36.737310 
-34.923671 -60.361521 36.347180 
-34.767199 -59.936935 37.238944 
-34.262913 -59.326758 36.627896 
-33.503071 -59.564571 37.232946 
-33.403010 -59.959201 38.146322 
-33.173064 -60.893771 38.417807 
-33.791426 -61.523139 37.947142 
-33.971209 -60.602186 37.601420 
-34.112212 -61.010144 36.699373 
-33.940769 -60.673556 35.773459 
-33.679293 -59.824798 35.313851 
-32.821976 -59.311116 35.280093 
-33.146883 -59.209261 34.339848 
-33.099809 -60.119961 33.929472 
-33.126973 -59.967431 32.941546 
-32.180238 -59.704719 32.755332 
-32.292851 -59.464643 31.791131 
-32.122404 -58.484988 31.685186 
-31.464154 -58.793988 32.371644 
-31.721283 -57.862509 32.629001 
-31.277419 -57.102413 32.154408 
-31.434020 -56.615398 31.295168 
-31.695039 -55.673170 31.085228 
-32.311917 -56.004286 31.799248 
-33.261255 -56.318402 31.789839 
-34.042480 -56.279307 31.166815 
-34.393613 -57.025826 30.601647 
-33.765298 -56.416076 30.118506 
-34.135267 -56.057924 29.261272 
-34.773705 -56.070361 28.491700 
-35.150747 -55.357569 29.083109 
-35.713897 -55.652596 28.311215 
-36.093642 -54.984136 27.671719 
-36.039878 -55.715516 26.991872 
-36.964812 -55.340718 26.928437 
-36.831005 -54.854653 26.064818 
-36.760079 -54.160051 25.348928 
-37.661940 -54.591613 25.368971 
-37.961187 -53.744078 24.930638 
-38.732260 -53.393919 24.398815 
-39.194126 -54.197989 24.773183 
-39.442526 -55.071818 24.355187 
-39.044802 -55.097020 25.272346 
-39.993219 -55.405378 25.345958 
-40.013435 -56.078688 24.606874 
-40.748380 -56.744134 24.737403 
-41.388880 -56.479936 25.458485 
-41.912787 -55.628354 25.440334 
-41.493660 -54.995026 26.090894 
-41.422301 -55.335801 27.028327 
-40.757183 -54.798181 27.546576 
-39.775173 -54.618333 27.604114 
-40.055857 -54.054677 26.827256 
-40.928301 -53.576430 26.726654 
-40.596669 -53.611763 27.669401 
-41.561024 -53.827939 27.822002 
-41.548891 -54.482521 28.577896 
-41.023526 -55.035580 29.224516 
-40.828431 -56.014696 29.281700 
-40.133195 -56.414984 28.684693 
14.893219 -40.964842 2.102152 
14.309909 -40.823894 2.902079 
13.483450 -41.386877 2.898084 
12.626386 -40.947508 2.629018 
13.339928 -40.304635 2.350502 
13.996636 -40.532132 1.631488 
14.091478 -41.131530 0.836676 
13.233689 -40.625141 0.924815 
12.407507 -40.970054 1.370302 
12.734887 -41.757178 0.847561 
12.616133 -42.090873 -0.087610 
13.549587 -41.835395 0.164172 
14.350515 -42.426162 0.261689 
13.844313 -43.013124 -0.370161 
14.836786 -43.082296 -0.471225 
15.122884 -43.475888 -1.344857 
15.881109 -42.956422 -0.950841 
16.629680 -42.299675 -0.859599 
16.922541 -42.011206 -1.771201 
17.607521 -41.398574 -2.165517 
16.853420 -41.022608 -2.704015 
17.353958 -41.586291 -3.361071 
17.849753 -42.397371 -3.671453 
18.842218 -42.274930 -3.676169 
19.359050 -43.062262 -3.340022 
18.760530 -43.426100 -2.626303 
19.216954 -44.150038 -2.109010 
19.932376 -43.465078 -2.246852 
20.357979 -43.519085 -3.150149 
20.294220 -44.357974 -2.609593 
20.742591 -44.870975 -3.341571 
21.318787 -44.821934 -2.525732 
21.334158 -43.910598 -2.114356 
21.558664 -43.998667 -1.143872 
21.045784 -44.222987 -0.315237 
21.527829 -43.887300 0.494051 
21.164140 -44.026934 1.415046 
20.511677 -43.480931 0.889524 
21.038743 -42.635244 0.973279 
21.090795 -42.612153 -0.025098 
21.943683 -42.913653 -0.451337 
22.926325 -43.096962 -0.422831 
23.568413 -42.379520 -0.693017 
24.059484 -41.842946 -0.006768 
23.579035 -42.073817 0.839321 
22.853162 -42.701987 1.119517 
23.083539 -43.591930 1.513126 
23.150360 -43.098289 2.380220 
23.434115 -42.223790 2.773584 
23.845835 -41.390000 3.141391 
23.154695 -40.678313 3.267194 
22.261859 -40.456096 3.658937 
22.039250 -40.692179 4.604829 
21.097491 -40.578189 4.288448 
20.767884 -41.424322 4.707279 
20.387510 -41.169637 3.818206 
19.816908 -40.372231 3.621847 
19.430619 -40.447604 4.541139 
18.457064 -40.282401 4.698933 
18.373487 -40.185069 5.690669 
17.915936 -40.999067 6.048517 
17.558070 -41.167102 6.967046 
17.883786 -40.234775 7.124130 
18.285698 -39.330181 7.266177 
18.416814 -38.664516 6.531535 
17.899638 -38.755727 5.680530 
18.239293 -37.816916 5.623361 
17.999223 -37.705198 4.659055 
18.988020 -37.832493 4.737005 
19.065785 -37.768162 3.742111 
18.337058 -37.890208 3.068271 
18.319262 -37.888115 2.068431 
17.335269 -37.709975 2.063403 
16.403695 -37.800001 2.415631 
15.850265 -37.583821 3.219982 
15.911451 -38.575469 3.333520 
15.139310 -38.148845 3.804467 
14.164156 -38.309656 3.956831 
-76.972281 9.834758 12.392852 
-77.191453 9.502335 11.475542 
-77.944125 8.969001 11.861598 
-78.289419 8.045291 11.695672 
-78.369207 8.456299 10.787538 
-79.200988 7.905089 10.853164 
-79.875313 8.643151 10.829706 
-80.097669 8.390448 9.888059 
-80.479462 7.611309 9.390889 
-80.544515 7.049657 10.215701 
-80.299381 6.133692 9.898026 
-79.607369 6.337085 9.205387 
-79.576426 6.299116 8.206587 
-79.259457 6.756856 7.375922 
-78.418250 6.318934 7.693092 
-78.796033 5.402636 7.560132 
-79.190797 4.491401 7.677655 
-79.157286 3.803408 8.402599 
-78.728689 3.847055 9.305040 
-78.553255 3.974821 10.281205 
-77.684368 4.025375 9.788783 
-76.719537 4.079020 9.531444 
-76.027234 3.753735 8.887312 
-75.273306 4.380308 8.689831 
-75.055326 3.501283 9.113859 
-74.461832 3.147421 9.836733 
-74.324350 4.137200 9.874620 
-73.516730 4.680610 9.645587 
-73.152837 5.132506 10.460063 
-73.141503 5.799311 9.714917 
-73.487692 5.936792 8.786880 
-72.818364 5.433713 8.240153 
-72.299603 4.903144 8.910514 
-72.810751 4.046432 8.841440 
-72.250372 3.664486 9.576350 
-72.117003 2.811790 10.081447 
-71.568173 1.981867 10.181519 
-70.576882 2.060531 10.287134 
-70.798171 1.570376 11.130211 
-71.335400 0.749328 11.323256 
-70.694794 0.440005 10.620445 
-70.409955 -0.515951 10.549624 
-71.209201 -1.065258 10.305768 
-71.675264 -0.592027 9.558213 
-71.657075 0.367271 9.840022 
-72.584746 0.288270 9.475077 
-72.991561 1.024911 8.934836 
-72.677111 1.961312 9.090639 
-72.253366 2.070642 8.191480 
-73.035388 1.607973 7.773894 
-72.609274 1.298663 6.923745 
-72.017826 0.824934 7.576256 
-71.293408 0.615218 6.919569 
-71.263514 -0.364132 7.119517 
-72.143248 -0.509674 6.666873 
-72.554000 -1.409382 6.519198 
-71.851886 -1.457800 5.808781 
-71.832287 -2.204468 5.143873 
-72.154835 -1.690541 4.348988 
-72.425533 -2.101246 3.478331 
-72.406901 -1.949787 2.490043 
-72.387062 -1.221167 1.805412 
-72.841651 -0.332173 1.860542 
-73.438655 0.072610 2.553172 
-74.272636 0.322889 3.044939 
-73.702269 -0.222446 3.659180 
-74.500940 -0.436514 4.221585 
-74.776077 -0.152418 5.140056 
-75.565569 -0.135459 4.526528 
-75.434997 -0.296758 3.548298 
-76.279328 -0.802855 3.724288 
-76.376346 -1.148528 4.657614 
-77.236270 -0.874070 5.087966 
-78.040025 -0.417714 4.706237 
-77.939177 0.573555 4.621294 
-77.327744 1.250514 5.031020 
-77.729104 1.124791 5.938271 
-78.429956 1.783845 6.211135 
-78.931379 1.135570 6.784121 
-79.806086 1.126394 7.268687 
-80.500335 1.597028 6.724148 
-80.673730 0.912344 6.016234 
-11.570481 -1.480922 31.303152 
-12.383369 -1.807383 30.820827 
-12.363264 -2.158968 29.884887 
-12.173208 -2.903887 30.524398 
-11.226350 -3.221965 30.572214 
-11.715851 -3.688020 31.309222 
-10.847779 -3.608456 31.799243 
-10.525116 -2.677742 31.971463 
-10.942383 -2.397472 31.106977 
-10.547246 -1.692005 30.518603 
-11.463772 -1.574473 30.136285 
-10.685330 -1.218552 29.619228 
-11.050778 -0.826250 28.775104 
-10.933105 -1.397300 27.962666 
-10.264398 -1.665156 28.656267 
-10.178916 -2.368784 29.361675 
-11.029835 -2.523114 28.859560 
-11.813545 -2.512060 28.238531 
-11.707505 -2.178729 27.301704 
-10.837012 -2.199820 26.809975 
-10.345710 -2.533302 26.005356 
-11.209740 -3.016169 25.862901 
-10.831635 -3.890256 26.167874 
-10.302045 -4.701880 25.921293 
-10.889108 -5.146801 26.597609 
-10.984838 -6.139611 26.669480 
-10.699520 -6.169811 25.711523 
-10.127553 -6.689225 25.076651 
-10.416442 -5.790199 24.747570 
-11.283084 -5.305647 24.866491 
-11.847584 -6.049001 24.507652 
-12.105073 -6.404763 23.609247 
-12.988716 -5.971919 23.787632 
-13.215758 -5.561746 22.904337 
-13.977574 -6.074509 23.300205 
-13.717612 -6.279904 22.356684 
-12.853473 -6.550544 21.932400 
-12.552812 -7.151081 22.673317 
-12.292356 -8.027150 22.267526 
-11.501752 -7.941050 21.661282 
-10.722184 -8.559072 21.559677 
-10.573611 -7.670680 21.994058 
-10.692023 -8.325499 22.740511 
-11.557936 -8.803927 22.594564 
-11.339690 -9.701786 22.976948 
-10.856829 -10.569864 22.861681 
-10.251810 -10.392996 22.085363 
-9.889381 -9.495476 22.336567 
-9.091084 -9.125158 22.811526 
-8.615811 -9.823685 22.276572 
-9.061164 -10.696243 22.075814 
-8.731113 -11.572220 22.427568 
-9.217815 -11.655450 21.557974 
-9.043599 -10.962689 20.858166 
-9.355474 -10.013934 20.909153 
-8.779182 -9.349650 20.433113 
-8.343537 -10.228011 20.629826 
-7.430128 -10.456695 20.966555 
-7.014181 -10.981897 21.708951 
-6.250900 -11.577143 21.960120 
-6.171027 -11.968017 21.043147 
-5.753651 -12.548446 21.742360 
-5.753420 -13.456558 21.323632 
-4.851460 -13.555380 20.903273 
-5.030306 -12.641343 20.539197 
-4.686797 -12.046114 19.812764 
-4.256616 -12.904169 19.532252 
-3.390991 -12.950461 20.030800 
-2.782013 -13.360212 19.351646 
-2.990347 -13.485303 18.381621 
-3.180442 -14.153398 17.662237 
-3.746112 -14.909997 17.334249 
-2.895920 -15.356690 17.612889 
-3.634556 -15.976771 17.348472 
-3.725445 -15.651341 16.407284 
-4.520145 -15.572309 15.805450 
-5.291868 -15.654487 15.174823 
0.227719 60.268658 -15.135588 
0.170359 61.219132 -15.441053 
1.019611 61.389728 -15.940722 
1.898039 61.410637 -16.418139 
1.622026 62.304663 -16.771032 
1.148846 63.120261 -17.104051 
0.911071 64.084507 -17.221065 
1.841666 64.283579 -16.913878 
2.567229 63.808266 -16.416248 
2.048813 63.570306 -15.594896 
2.146992 64.561215 -15.502919 
1.201929 64.794775 -15.731623 
0.230465 64.739575 -15.500948 
0.356688 63.874968 -15.014612 
0.915884 63.583882 -14.238359 
1.164673 63.836440 -13.303309 
1.974613 63.257141 -13.395018 
2.767008 63.220698 -12.786099 
3.434019 62.895189 -13.456278 
3.182005 62.083765 -13.983611 
3.394629 61.192253 -14.383607 
2.766550 61.775621 -14.898582 
2.447747 62.676762 -14.604796 
2.874013 63.580620 -14.568230 
3.168521 63.865630 -13.656071 
2.423400 64.356790 -14.107243 
2.088217 65.106925 -13.537199 
1.844852 65.613511 -12.710069 
1.575589 64.751737 -12.280136 
1.750760 63.768827 -12.223537 
2.054712 62.884927 -11.868103 
2.007799 62.237655 -12.628917 
2.433065 61.338270 -12.527651 
1.600319 60.785550 -12.495496 
2.065245 60.541387 -13.346512 
1.770349 61.462096 -13.602114 
1.608303 62.375451 -13.975642 
0.726139 62.001899 -13.688858 
0.697508 62.148133 -14.677693 
-0.248944 62.006913 -14.968012 
-0.442346 62.542755 -15.789881 
0.070289 62.924257 -16.559076 
-0.888885 63.206573 -16.575864 
-1.871581 63.040442 -16.493954 
-1.775321 62.057596 -16.651268 
-2.569284 61.754974 -16.123971 
-2.585321 62.240526 -15.249910 
-2.008864 61.518162 -14.867958 
-1.457870 61.910268 -15.604611 
-1.229207 62.651675 -14.973715 
-1.701785 63.396773 -14.503080 
-1.088377 63.474314 -13.717130 
-0.259288 64.033184 -13.733746 
-0.081945 63.417945 -12.965611 
-0.476884 62.791239 -12.293850 
-0.655707 63.673134 -11.857635 
-0.781845 64.406811 -12.525323 
-1.288563 65.197495 -12.181730 
-2.255294 65.238293 -12.434250 
-2.303715 66.224616 -12.591799 
-2.063751 66.114830 -13.556353 
-1.553868 65.445447 -14.096674 
-1.391814 64.476053 -13.912246 
-2.365152 64.313004 -14.073581 
-2.704656 63.472624 -14.496071 
-2.999505 62.785370 -13.832185 
-2.585141 62.579889 -12.945573 
-2.216918 62.605349 -12.016184 
-2.149576 62.244035 -11.086175 
-1.212460 62.584518 -11.162890 
-0.854261 61.863337 -11.755840 
-1.162739 60.940835 -11.523822 
-0.505729 61.402856 -10.928109 
0.268081 61.981730 -10.670963 
-0.399528 62.663963 -10.372878 
-0.886416 62.167410 -9.654286 
-21.063161 32.895958 22.625952 
-21.922433 33.150075 23.069885 
-22.026073 33.318071 24.050210 
-21.879429 34.298818 23.921248 
-22.831525 34.589897 24.014981 
-23.254847 35.473532 24.214953 
-22.553594 35.541977 24.924572 
-21.603217 35.415209 25.208671 
-22.048430 35.079151 26.038641 
-21.193962 35.467298 26.383932 
-20.434880 36.080655 26.165783 
-20.423063 35.236916 25.629159 
-20.567196 36.046415 25.060005 
-21.287276 36.385575 25.665361 
-20.794271 37.253410 25.727080 
-20.034988 37.343390 26.371590 
-19.164184 37.202649 25.900535 
-18.548024 37.846643 26.353989 
-17.737449 37.641178 26.902398 
-17.746282 37.043712 27.704244 
-17.216765 36.331401 27.243566 
-17.133375 35.689787 26.481084 
-16.250022 35.742302 26.015326 
-15.613829 35.811208 26.783772 
-15.792688 34.848561 26.580500 
-15.453595 34.866551 25.639919 
-14.944028 35.553906 25.122343 
-13.959618 35.385577 25.173351 
-13.027677 35.221610 25.496771 
-13.026496 34.426379 24.890466 
-12.653971 33.913921 24.116766 
-12.885979 34.335485 23.240150 
-13.684300 34.182461 23.822617 
-13.623565 33.452070 23.142293 
-14.244556 33.149092 22.419400 
-14.433955 33.569707 21.532151 
-13.478395 33.288373 21.444083 
-13.266395 32.569630 22.106249 
-13.569104 32.190787 22.980803 
-13.201703 32.054925 23.900889 
-12.384738 32.057218 23.324206 
-11.499819 32.384509 22.992848 
-11.902576 33.048630 22.362984 
-12.122004 33.320351 21.425957 
-11.238311 32.852495 21.439979 
-10.574075 33.148379 20.753507 
-10.899899 34.000192 21.163694 
-10.328013 34.670762 21.636221 
-10.342631 35.165866 20.767510 
-11.139013 35.761672 20.871392 
-11.188735 36.301648 20.031182 
-11.709439 36.349517 19.178787 
-12.614504 36.577097 18.819533 
-13.210681 36.076582 19.447273 
-13.970786 35.828904 18.846526 
-14.219082 36.581673 19.456188 
-15.015642 37.158428 19.274955 
-15.125120 37.534717 18.354943 
-14.413513 37.050705 17.845681 
-13.717472 36.639668 17.256974 
-13.847565 35.874802 16.626058 
-12.894821 35.590551 16.518911 
-12.268741 36.117161 15.943840 
-11.750177 35.264502 16.007586 
-12.354348 35.116828 15.224534 
-13.346526 35.065548 15.110717 
-13.024336 34.574376 14.301431 
-13.368297 34.481940 13.367008 
-14.161590 33.955681 13.673175 
-13.310492 33.449582 13.533545 
-12.937157 32.542911 13.729935 
-13.145547 31.796501 13.097918 
-13.017081 31.337264 12.218942 
-12.318204 30.654919 12.433363 
-11.505262 30.092809 12.281186 
-10.707658 29.489659 12.275063 
-43.149381 -44.381442 -17.247708 
-42.650294 -44.983608 -16.624565 
-41.812242 -44.454635 -16.490934 
-40.965335 -44.599758 -15.979381 
-40.547183 -45.178932 -15.279591 
-39.605709 -44.959762 -15.023484 
-39.686237 -45.842296 -14.560181 
-39.864750 -46.786006 -14.281712 
-40.303776 -46.575260 -15.155121 
-39.993355 -47.480322 -15.445810 
-39.597837 -47.958121 -14.661416 
-39.440793 -48.940878 -14.563820 
-40.377378 -48.722652 -14.838023 
-40.154063 -48.735361 -15.812686 
-40.122331 -49.626338 -15.359747 
-39.212485 -49.946071 -15.624229 
-38.862358 -49.831334 -16.553878 
-39.144827 -49.135587 -17.214293 
-38.832168 -48.799979 -18.102894 
-37.881612 -49.072374 -18.252040 
-37.314992 -49.078738 -19.075995 
-36.480235 -49.464238 -18.682841 
-37.288257 -50.048609 -18.757746 
-37.668489 -50.652403 -18.057134 
-36.850288 -50.548527 -17.491664 
-36.722726 -50.243836 -16.547793 
-37.304208 -49.665727 -15.975370 
-36.720704 -49.012467 -16.457837 
-35.951796 -48.552328 -16.901743 
-35.643105 -48.230347 -16.006735 
-35.698012 -48.647462 -15.099542 
-35.844524 -47.948902 -14.399149 
-36.602863 -48.475335 -14.014712 
-37.102142 -49.024577 -14.684826 
-37.927026 -49.551165 -14.479227 
-38.208733 -48.841626 -15.125134 
-38.195814 -48.261477 -15.939542 
-37.589035 -48.336906 -16.730826 
-37.966422 -47.425029 -16.892253 
-37.586142 -47.916509 -17.675729 
-36.945902 -48.666778 -17.510839 
-36.125958 -48.452623 -18.041715 
-35.280118 -47.919607 -18.020526 
-34.686881 -48.613629 -17.612599 
-33.985112 -48.057330 -18.057630 
-33.353130 -48.815589 -18.217763 
-32.594484 -48.804250 -17.566359 
-32.169874 -48.939212 -16.671098 
-32.023913 -49.927694 -16.631127 
-32.005381 -49.506535 -15.724330 
-32.940705 -49.460394 -16.075100 
-33.409396 -49.083850 -15.276011 
-33.624983 -48.385178 -14.593823 
-33.555393 -49.237835 -14.076007 
-33.736736 -48.610918 -13.318319 
-33.204640 -48.043356 -12.690030 
-32.591318 -47.313634 -12.387802 
-32.389889 -47.955423 -11.647847 
-33.124681 -47.315493 -11.422971 
-33.873558 -46.688473 -11.208426 
-34.256067 -45.891946 -10.740204 
-33.915826 -46.135044 -9.831833 
-34.079817 -45.233023 -9.432503 
-34.068035 -45.055068 -8.448535 
-34.587511 -45.869966 -8.191462 
-34.028406 -46.229019 -7.444146 
-33.315427 -46.602744 -8.037434 
-32.901801 -47.325819 -7.484192 
-32.777584 -48.135473 -6.910580 
-33.257201 -47.739405 -6.127575 
-33.726647 -47.506629 -5.275849 
-34.458291 -47.771037 -5.904168 
-35.165112 -47.096781 -5.690199 
-35.097562 -46.356323 -6.358899 
-35.594369 -47.173143 -6.652136 
-36.080793 -47.958104 -7.035838 
-36.005987 -47.714261 -8.002763 
-36.950979 -48.039818 -7.971100 
-37.575586 -48.066350 -8.751589 
26.958219 51.723958 -47.281348 
26.302764 52.375005 -46.898572 
25.409340 52.050557 -47.209262 
24.626053 51.787066 -47.772320 
24.766464 52.736590 -48.052834 
24.012782 52.932654 -47.425520 
24.019163 53.293758 -46.493016 
24.462056 54.011731 -47.030009 
24.336721 54.912090 -46.613302 
24.412036 55.467784 -45.785334 
24.936286 56.236820 -46.151048 
25.548665 55.588814 -45.698189 
26.078876 54.771131 -45.473978 
25.345212 54.714611 -46.151135 
26.222473 54.733982 -46.630757 
26.658370 55.595536 -46.890987 
26.760986 56.574195 -46.712951 
26.262055 56.405882 -47.563091 
25.992302 57.367269 -47.508624 
26.782066 57.240315 -48.108754 
26.241145 56.939466 -48.894180 
25.358263 56.498277 -48.733333 
25.544029 55.601040 -48.332764 
25.172760 55.741274 -47.414889 
24.647680 56.470001 -47.854490 
23.761519 56.819078 -47.549755 
23.228673 57.176467 -46.782716 
22.359363 57.072865 -47.266005 
21.853181 57.218134 -48.116108 
21.603121 58.185997 -48.142782 
22.239079 58.945274 -48.280822 
22.570805 58.148168 -47.776262 
21.797305 58.011557 -47.157363 
21.326829 58.779921 -46.723464 
20.692445 59.322151 -46.172515 
19.857403 58.828848 -45.928882 
19.648895 57.856624 -45.822565 
18.857441 57.245967 -45.796131 
17.960042 57.622845 -46.025561 
18.620388 58.133342 -46.576320 
17.658978 58.207365 -46.841296 
17.301799 58.004609 -47.753059 
17.659324 57.211142 -47.260529 
16.789130 56.809844 -46.974657 
16.473115 57.146753 -47.861577 
16.394818 57.239744 -48.854161 
17.199471 56.713472 -49.129060 
17.970930 56.709999 -48.492791 
18.503584 56.378188 -47.714214 
18.256147 55.782770 -46.949849 
18.014286 54.930120 -47.412981 
17.916467 54.368848 -48.234811 
18.725802 53.786249 -48.160273 
18.163666 52.960169 -48.200205 
17.986743 52.068078 -48.615985 
17.114284 51.607348 -48.453069 
16.714547 51.572932 -47.537085 
16.014906 52.231214 -47.259296 
16.812966 52.712159 -47.622326 
16.958271 53.106438 -48.529757 
16.519949 53.739632 -49.167676 
16.787487 54.585628 -48.706467 
16.372829 55.226447 -49.352538 
15.395546 55.338672 -49.172746 
14.465313 55.610995 -48.926767 
13.693094 55.408085 -48.324682 
30.642319 38.527058 16.635852 
29.732888 38.924794 16.514432 
29.396844 39.615595 15.874223 
29.062572 39.640906 14.932086 
28.323148 39.386956 14.308579 
27.640051 40.111415 14.400969 
27.524988 40.352716 15.364574 
27.717083 40.213164 16.335977 
28.090340 41.139121 16.393267 
27.355739 41.292784 17.054137 
27.608166 41.997339 17.717373 
27.890635 41.053468 17.888600 
26.928418 41.221416 18.102920 
27.504707 41.309892 18.915362 
26.862093 40.545584 18.969033 
26.085433 40.460034 19.593116 
26.352069 41.404344 19.400286 
25.425882 41.768008 19.499919 
25.224970 42.641655 19.943063 
24.490906 43.238541 19.619214 
23.870017 43.253853 20.402963 
23.593584 44.195202 20.596474 
22.852570 44.428921 21.225977 
22.113618 43.912860 21.659141 
21.350483 43.449671 21.208495 
21.280684 42.570280 20.737541 
21.542548 42.962972 19.855940 
21.071190 42.260357 19.322879 
21.986523 41.869342 19.226591 
22.823142 42.236705 19.632930 
23.270308 41.342532 19.655225 
23.091542 41.089675 20.606070 
23.171502 41.901384 21.184633 
23.447435 41.205279 21.847429 
24.022987 42.017517 21.942345 
23.668564 42.846127 22.375693 
22.668805 42.863424 22.389249 
22.271414 42.540920 23.248360 
22.331132 43.226473 23.973930 
22.502868 44.208533 24.051802 
21.742073 44.074293 24.686759 
22.404830 43.378651 24.963950 
22.667468 43.915031 25.766021 
21.945431 44.477943 26.168256 
22.199929 44.563623 27.131526 
21.750293 44.013897 27.835534 
21.878440 43.275015 28.497072 
21.774398 43.782744 29.352283 
21.689230 43.231399 30.182202 
21.330384 43.961301 30.763987 
21.755016 44.653624 30.180569 
20.767285 44.652682 30.024405 
19.877637 44.246089 30.232269 
19.168849 43.625745 30.568117 
18.983550 43.365834 29.620430 
19.222862 42.872138 28.784372 
19.607295 43.548095 28.155649 
19.936162 42.608195 28.063811 
20.640458 41.977399 27.738138 
20.375740 41.147016 28.228431 
19.759633 41.007654 29.003666 
18.913318 40.579754 29.320924 
35.568819 13.766858 27.785952 
35.943136 14.228604 28.590114 
35.691105 15.194933 28.641961 
36.434406 15.105388 27.979024 
37.106208 15.625059 28.506873 
37.899109 15.033519 28.360623 
37.521116 15.327137 27.482608 
37.752144 16.259735 27.759892 
38.024354 16.999405 27.144432 
38.908467 17.462498 27.082068 
39.447379 18.124216 27.603320 
38.934655 18.964385 27.426599 
39.668002 19.204096 28.062791 
38.744526 19.335755 28.423148 
38.157172 20.140003 28.332590 
37.598176 19.323273 28.189490 
36.950507 19.994166 28.550637 
37.568315 20.225266 29.302239 
38.552013 20.119573 29.447729 
39.386211 20.353716 29.947020 
39.805046 19.879468 30.721401 
39.277179 19.333253 31.371790 
38.281797 19.237951 31.360285 
38.017913 19.975341 30.738496 
37.321942 19.361959 30.365151 
36.857349 19.400194 31.249850 
36.412327 18.854444 31.959858 
36.342822 19.192782 32.898312 
35.707514 19.622716 32.256799 
35.971425 20.586783 32.226381 
36.172265 21.558069 32.353922 
36.682427 21.824113 33.171818 
37.383108 21.148239 32.943258 
36.800791 20.422684 33.309968 
37.446152 19.692430 33.534104 
37.505353 19.729168 34.531674 
37.374928 18.791065 34.852535 
37.164063 18.971484 35.813256 
37.848360 18.573033 36.423973 
38.463322 17.827195 36.167951 
38.663478 17.281394 35.354293 
38.305941 16.366162 35.540083 
38.504914 16.777519 36.429574 
38.005460 15.911411 36.409504 
37.078032 16.086362 36.078945 
36.630642 16.153903 35.187160 
36.946969 16.313038 34.251952 
36.021620 16.572282 33.975325 
36.671803 16.474436 33.221874 
37.083534 17.313310 32.865828 
38.076933 17.249370 32.770589 
37.854958 17.380101 33.736837 
38.055373 16.800055 34.526381 
38.806069 17.437384 34.352407 
39.680241 16.957071 34.280846 
39.986247 16.090413 33.886810 
40.811709 15.592556 33.620819 
41.737474 15.384487 33.305120 
42.722667 15.356115 33.474206 
42.349962 14.488635 33.803703 
-38.859881 19.498358 -34.565148 
-38.411082 18.626955 -34.367067 
-37.924473 19.303996 -34.919180 
-37.198904 19.447593 -35.592181 
-36.432306 19.293057 -36.215435 
-36.245768 19.046623 -35.264396 
-36.256985 19.684869 -34.494646 
-37.027059 19.792656 -33.865863 
-36.704661 18.855997 -33.729009 
-36.765994 17.958999 -33.291250 
-37.086505 18.289176 -32.403412 
-37.887466 18.607324 -32.910604 
-38.819775 18.696302 -33.261148 
-39.569736 18.603606 -32.606193 
-40.267560 19.252506 -32.909459 
-41.109443 19.349162 -33.440394 
-41.629989 20.200039 -33.511384 
-42.040826 20.801735 -32.826421 
-41.711261 20.056316 -32.246992 
-42.098954 19.224772 -32.644773 
-42.844194 19.513182 -33.245970 
-42.292725 19.482125 -34.079587 
-42.922516 19.312500 -34.837605 
-43.080691 18.365328 -35.116615 
-43.898619 18.042102 -35.592556 
-44.394206 17.226573 -35.891396 
-44.654388 16.425192 -36.430000 
-43.675520 16.629647 -36.433865 
-42.699630 16.485523 -36.597776 
-42.804067 17.292843 -37.178575 
-42.871050 17.552290 -36.215144 
-41.886206 17.702273 -36.302249 
-40.939121 17.552170 -36.585972 
-41.174996 18.405051 -36.120187 
-40.284973 18.662229 -36.496642 
-39.753042 18.641145 -35.650117 
-39.635468 17.904833 -36.316465 
-38.968147 17.301068 -36.752528 
-39.089609 16.368259 -37.091814 
-39.450950 15.480238 -36.807472 
-38.950366 14.644480 -36.581807 
-39.624245 14.872833 -35.879139 
-39.105133 15.727239 -35.901787 
-39.955836 16.252688 -35.916246 
-40.724714 16.403830 -36.537521 
-41.715832 16.399576 -36.404603 
-42.025507 15.979407 -37.257574 
-42.795682 15.469351 -37.640554 
-43.769872 15.243638 -37.643192 
-43.994755 16.062615 -38.171116 
-43.467144 16.848209 -37.847900 
-44.285537 17.420584 -37.796717 
-44.688002 16.540539 -37.544641 
-45.333474 15.801763 -37.738487 
-45.429417 15.687093 -36.749727 
-45.588125 16.177841 -35.893002 
-46.498415 16.524910 -35.667358 
-85.627181 11.120158 -33.839348 
-84.923974 11.458909 -33.214250 
-84.416480 10.724291 -33.664569 
-84.829046 9.876515 -33.331305 
-85.359148 9.029352 -33.367450 
-85.260440 8.539231 -34.233498 
-85.112454 7.647094 -33.806658 
-85.648593 6.839227 -33.561902 
-86.455788 6.592773 -34.098275 
-87.048435 7.335705 -33.787114 
-87.754799 7.717753 -33.191221 
-87.549182 8.648397 -32.888527 
-87.039871 9.032999 -33.658386 
-87.078185 9.711606 -34.391888 
-86.369388 10.402232 -34.248217 
-85.488711 9.960107 -34.418315 
-85.362157 10.493101 -35.254917 
-84.945484 9.637065 -35.560835 
-84.051087 9.282119 -35.832987 
-83.552111 9.242270 -34.967288 
-82.858964 9.547919 -35.620071 
-82.883626 8.686570 -36.127485 
-83.356559 8.350155 -36.941831 
-83.962474 7.564580 -36.816375 
-84.016882 7.387464 -35.833690 
-83.175820 6.953530 -35.510710 
-82.751806 7.844744 -35.349625 
-82.142303 7.354925 -35.972990 
-81.151974 7.403039 -35.842859 
-81.505360 7.044006 -34.979023 
-82.088653 6.848033 -34.190756 
-81.594929 7.676983 -33.927926 
-82.079165 7.451996 -33.082410 
-81.675460 6.550144 -32.928510 
-82.241330 6.582706 -32.104658 
-82.509665 5.699365 -32.488982 
-82.509018 5.604496 -31.493493 
-83.409882 6.036580 -31.535304 
-83.069736 5.855965 -30.612439 
-44.270681 50.139358 -13.106108 
-44.993569 50.715886 -13.486961 
-44.340346 51.186942 -14.079758 
-44.150797 50.248072 -14.367151 
-44.887370 49.954217 -14.976339 
-45.749850 49.949570 -15.482409 
-46.317306 50.319842 -16.217864 
-47.045046 50.598254 -16.844666 
-47.661127 51.106615 -16.242991 
-47.112100 51.938331 -16.160430 
-47.743797 52.124123 -16.913053 
-48.569384 51.662874 -17.238098 
-48.863210 50.757776 -17.545446 
-48.676341 50.539397 -18.503252 
-49.163965 51.411387 -18.460173 
-49.488820 52.208912 -18.968527 
-50.148722 52.843628 -19.370603 
-50.573127 53.348696 -18.619080 
-49.679898 53.624520 -18.264026 
-49.545179 54.587038 -18.499417 
-50.161269 54.482917 -19.280181 
-49.667446 55.352392 -19.267835 
-48.904471 55.352619 -19.914264 
-48.444224 56.019738 -19.328496 
-47.502647 56.146974 -19.016658 
-46.619016 56.516709 -18.729441 
-46.085604 56.536161 -17.883809 
-46.514200 57.412746 -18.102678 
-47.070393 57.958408 -18.729497 
-46.990677 58.741485 -19.346292 
-47.804381 58.710421 -18.765844 
-48.469235 59.430090 -18.565732 
-49.078391 58.750745 -18.156565 
-49.897191 58.205669 -17.976400 
-49.192372 57.647254 -18.413895 
-48.816003 57.263413 -19.257111 
-48.867831 57.171242 -20.251504 
-49.406289 57.198730 -21.093708 
-48.984654 57.624920 -21.894074 
-49.173869 58.268403 -22.635780 
-49.310300 57.880944 -23.547515 
-49.469150 56.941501 -23.243846 
-49.795039 56.006932 -23.386593 
-48.878434 56.004394 -22.986808 
-47.927446 56.000619 -23.296014 
-47.222904 56.592872 -22.905045 
-46.438405 56.996885 -22.434582 
-46.210628 57.375804 -23.331543 
-47.027240 57.520007 -23.890426 
-47.937345 57.934378 -23.888162 
-47.656506 58.879049 -23.718672 
-47.274537 58.593674 -22.839661 
-46.366403 58.717191 -23.239705 
-46.219791 58.556187 -22.263702 
-46.231133 59.469943 -21.857597 
-45.309009 59.850459 -21.927553 
-44.673716 59.543565 -22.636227 
-45.169876 59.085976 -23.374087 
-45.936738 59.354831 -23.956873 
-45.340493 60.155355 -23.896422 
-46.082962 60.265604 -24.557167 
-46.176353 60.815853 -23.727406 
-45.472421 61.506533 -23.893059 
-44.503406 61.274269 -23.977095 
-44.234069 62.227147 -24.116665 
-44.859383 62.561069 -23.411345 
-44.579008 63.230691 -24.099092 
-45.102929 64.076331 -23.997109 
-44.289019 64.100769 -24.577585 
-45.033184 64.644729 -24.965305 
-45.000366 64.889167 -25.934414 
-44.867141 65.737456 -25.421913 
-44.121110 66.136737 -25.954840 
-43.397357 65.937841 -25.294067 
-42.621862 66.341035 -24.808224 
-42.953186 66.386203 -23.865789 
-43.477203 66.836420 -23.142801 
-43.898816 67.445480 -23.814581 
-43.612762 68.391032 -23.969839 
-43.034084 68.441653 -23.155855 
-42.929684 69.412032 -22.937991 
-43.477150 70.246876 -22.880406 
-42.608839 70.515267 -22.463269 
-42.659020 71.017244 -23.326693 
-41.705025 71.040725 -23.027789 
-42.168851 71.916742 -22.895654 
-42.595586 71.569382 -22.060646 
-43.356346 70.968468 -21.815397 
-43.002782 70.562658 -20.972598 
-43.860520 70.646655 -20.465419 
-43.088795 70.182566 -20.030606 
-43.252680 69.730860 -19.153621 
-43.263139 70.594852 -18.650224 
-44.014656 70.448051 -19.293398 
-44.843063 70.971384 -19.093741 
-45.203582 71.445826 -18.290665 
-45.343366 72.043337 -17.501082 
-46.030311 71.458882 -17.069203 
-46.733909 71.840879 -17.668392 
-46.347925 72.730342 -17.913077 
-46.654425 72.936569 -16.983815 
-47.135819 72.856952 -16.110935 
-46.613760 72.010749 -16.004191 
-47.158947 71.638013 -16.755084 
-47.591179 71.255115 -17.571518 
-47.963671 70.665995 -18.288586 
-48.588456 69.977664 -18.657157 
