37.892362 22.680724 25.393247 
38.511001 23.050578 24.700070 
38.388890 23.997920 24.996096 
37.448663 24.025025 24.656628 
36.830762 23.351080 25.061591 
36.094870 23.936807 25.401277 
35.982128 24.621878 24.681577 
35.380705 24.392333 23.916332 
35.380134 23.923415 23.033091 
35.507410 23.672415 22.073508 
34.880447 22.981426 21.713715 
35.212665 22.574188 20.862957 
35.834872 23.273435 20.510946 
36.720274 23.531662 20.124446 
36.582350 23.794311 21.079430 
37.156155 23.442776 21.819140 
37.169008 22.446961 21.909628 
36.201569 22.200665 21.967942 
35.291099 22.098096 22.368596 
34.352550 21.935122 22.672841 
33.369287 22.081437 22.564286 
33.226379 21.436109 23.314704 
32.393185 21.179848 22.824686 
32.885203 21.132803 21.955372 
32.389331 20.264750 21.979757 
32.105891 19.488997 22.543555 
31.288469 18.953338 22.331682 
30.920941 18.033101 22.466175 
30.368417 18.016652 23.299510 
30.810881 18.703459 23.876157 
30.305424 18.735199 24.738425 
29.581174 18.460742 25.370988 
29.424701 18.218113 24.413570 
29.269919 19.002343 23.812716 
28.404233 19.497490 23.739120 
27.675984 20.182488 23.718321 
27.420519 20.504352 24.629990 
27.450694 20.288602 25.605973 
27.875533 19.924576 26.434825 
28.627382 19.764386 25.795246 
28.350840 19.262772 24.975546 
27.372914 19.285889 25.183211 
27.460692 18.758419 26.028238 
28.206099 18.288678 26.501221 
27.625722 17.480095 26.597943 
26.678248 17.628901 26.314836 
25.780036 17.406344 25.935779 
24.974245 17.986990 25.819372 
25.037392 18.973329 25.667226 
24.468653 19.794121 25.720483 
24.447946 20.044754 24.752623 
23.644686 19.700557 24.266513 
23.565223 20.048915 23.332526 
22.817096 20.656405 23.065576 
22.966434 21.143973 23.925795 
22.777390 21.155345 24.907697 
22.708577 21.582086 25.809450 
23.101653 22.080472 26.582174 
22.795115 22.919060 26.131836 
22.410436 22.762065 25.222235 
22.235456 23.276888 24.382986 
22.898974 23.253587 23.635188 
23.652918 23.730934 24.086529 
24.170512 22.963595 24.465061 
23.867314 22.316975 25.165028 
24.163841 21.420862 24.834797 
24.323076 20.974886 25.715563 
24.916987 21.776883 25.779358 
25.429148 22.294462 25.093936 
25.174400 21.451733 24.619689 
25.986178 21.580048 24.049995 
26.366412 22.504523 24.022258 
26.704190 22.544824 24.962621 
27.284431 22.122556 24.266194 
27.392268 21.422283 23.560510 
27.966389 21.344968 22.745399 
27.636005 21.727028 21.882337 
26.974053 21.094501 22.284492 
26.356424 21.666085 21.744282 
25.692565 22.276418 22.176467 
25.369969 22.930807 22.860358 
25.430339 22.914531 23.858402 
25.818937 23.823493 24.009331 
25.878181 24.555652 24.687884 
25.627252 25.114278 25.478435 
25.633382 26.110781 25.395107 
25.886771 26.172132 24.429690 
24.897812 26.227893 24.566987 
24.820743 26.317036 23.573954 
24.263257 25.750145 22.967453 
24.615987 24.814491 22.979009 
23.655999 24.589800 23.146150 
22.870828 25.208851 23.129344 
23.241191 25.993648 22.632428 
23.350465 25.554566 21.740651 
24.323168 25.335656 21.817637 
23.930087 24.773007 21.090373 
23.484013 23.890594 21.239926 
22.520955 23.769942 20.999170 
21.720644 23.439947 20.498566 
20.996682 23.434307 21.188383 
20.211116 23.819665 21.672518 
20.792579 23.382037 22.358363 
21.167389 23.033634 23.217509 
22.068711 23.315827 22.888897 
22.426524 22.721359 22.168774 
22.834624 22.682386 21.256669 
23.114525 21.738530 21.081194 
23.246478 21.969854 20.117308 
23.353724 21.474188 19.255441 
24.234406 21.405949 18.786674 
23.809972 20.535797 19.037057 
23.030122 20.167632 19.543306 
22.066066 20.284768 19.781790 
21.968066 20.170319 18.793207 
21.781189 20.981770 18.239471 
22.434351 21.710679 18.444580 
23.118209 22.374609 18.142032 
22.797814 23.316264 18.038913 
23.466608 24.059455 18.058414 
22.695956 24.317518 17.475750 
22.459779 25.269628 17.281564 
22.769780 26.176481 17.567075 
-11.807558 -29.461676 -39.790753 
-10.912205 -29.285100 -39.381896 
-11.160933 -28.338775 -39.175490 
-10.850013 -28.234190 -40.120155 
-10.228172 -27.765136 -39.493016 
-9.899800 -27.799913 -38.549108 
-10.091768 -27.889137 -37.571771 
-10.108097 -27.822607 -36.574120 
-10.637674 -27.035393 -36.890099 
-10.979195 -26.560433 -36.079064 
-10.945327 -25.855933 -36.787960 
-11.031265 -25.429754 -35.887412 
-11.951490 -25.064242 -35.747461 
-11.903263 -24.524784 -34.906830 
-11.948357 -23.943683 -35.719411 
-11.099974 -24.448271 -35.559295 
-10.474039 -24.704209 -36.295977 
-10.372164 -24.962908 -37.256548 
-9.665527 -25.643763 -37.063930 
-8.725716 -25.401633 -37.305027 
-8.999891 -24.771424 -38.031432 
-8.265837 -24.594652 -38.687112 
-8.785994 -23.740931 -38.711524 
-8.636887 -23.653879 -37.726542 
-8.362110 -24.112397 -36.881404 
-8.677433 -23.514597 -36.144378 
-7.678355 -23.481251 -36.117347 
-8.055280 -24.362519 -35.832224 
-7.467574 -24.712662 -35.102840 
-7.235657 -25.297172 -34.325304 
-6.720984 -24.811079 -33.619028 
-5.969459 -24.332366 -33.165107 
-5.823966 -25.284689 -32.896943 
-5.324833 -26.099298 -33.192372 
-5.973615 -26.860060 -33.210345 
-5.075259 -27.195441 -33.494027 
-4.754833 -27.088860 -32.552769 
-4.792768 -27.926263 -32.007502 
-4.909183 -28.649565 -32.688151 
-5.842674 -28.776267 -32.352680 
-6.574850 -28.095177 -32.346785 
-7.555879 -27.978081 -32.192282 
-8.537835 -28.091204 -32.040737 
-9.425917 -27.747026 -32.345455 
-9.991742 -28.317720 -31.750349 
-10.869991 -28.610604 -31.372330 
-11.602882 -28.391176 -30.728342 
-11.869751 -28.859643 -29.886131 
-11.301206 -29.540616 -29.424578 
-11.498017 -30.193814 -28.693416 
-11.976353 -30.952132 -29.136305 
-12.012424 -31.950941 -29.103449 
-12.737475 -32.023734 -29.788286 
-13.358544 -31.728758 -29.062157 
-14.164570 -31.828898 -29.645504 
-15.078882 -31.753368 -29.247599 
-15.814254 -31.101433 -29.062640 
-16.782124 -31.071502 -28.812975 
-16.970866 -30.578001 -27.963956 
-16.850187 -30.043525 -28.800480 
-16.195679 -29.596523 -29.410241 
-16.948461 -30.066985 -29.870658 
-17.751155 -30.009608 -29.277034 
-18.590372 -29.569931 -28.957037 
-19.372718 -30.029350 -28.536478 
-20.261734 -30.484269 -28.588429 
-20.864629 -30.157680 -27.860516 
-20.463437 -29.747978 -27.041255 
-19.615850 -30.014057 -26.582129 
-20.373400 -29.713254 -26.002789 
-19.645237 -29.035956 -26.107887 
-19.441624 -28.645085 -27.005529 
-20.172584 -28.475656 -27.666582 
-20.540902 -28.595457 -28.588531 
-19.625285 -28.559966 -28.989013 
-18.909689 -27.909548 -29.243726 
-18.036251 -27.436268 -29.129218 
-17.809895 -28.338681 -28.762590 
-17.047468 -28.854006 -29.153927 
-16.311236 -28.292471 -29.531606 
-15.367907 -28.006240 -29.699539 
-14.852126 -27.634725 -28.927562 
-15.275326 -26.779630 -28.628039 
-15.095714 -26.758183 -29.611543 
-14.135095 -26.521643 -29.757356 
-14.204189 -27.456122 -30.106606 
-14.427125 -28.117948 -30.822348 
-15.392617 -28.083007 -31.080426 
-16.054015 -28.833037 -31.082984 
-16.227446 -28.507593 -32.012504 
-15.619442 -29.145016 -32.485816 
-15.796424 -29.859779 -33.162418 
-15.468742 -30.799179 -33.263173 
-15.947678 -30.976118 -32.403340 
-16.842946 -30.545439 -32.289278 
-17.109388 -29.805279 -32.906669 
-18.062844 -29.510192 -32.968687 
-18.854761 -30.008408 -33.321743 
-19.101900 -30.776185 -33.912878 
-19.994337 -30.495719 -34.266281 
-20.108437 -29.570001 -33.905686 
-20.352007 -29.517182 -34.874130 
-20.795595 -28.810866 -34.322454 
-19.925648 -28.594931 -34.765810 
-19.536688 -28.762351 -35.671724 
-19.601735 -29.754595 -35.565799 
-20.233142 -30.493203 -35.329610 
-19.598203 -30.976726 -35.932153 
-18.639998 -31.033981 -36.212445 
-18.079508 -31.375917 -35.458170 
-18.608165 -30.557354 -35.233498 
-17.907746 -30.380637 -35.925006 
-17.010138 -30.101863 -36.266452 
-16.409178 -29.456625 -36.738168 
-14.294858 -2.915676 -0.894153 
-13.616995 -3.553815 -1.259229 
-13.462376 -4.539816 -1.196815 
-14.457161 -4.482581 -1.281229 
-15.345206 -4.921331 -1.143842 
-14.798742 -5.355827 -0.427887 
-14.763404 -6.066534 -1.130488 
-14.566931 -6.635741 -0.332114 
-13.601197 -6.884636 -0.405659 
-13.761150 -5.961918 -0.054935 
-13.672038 -5.863172 0.936180 
-12.969581 -6.331029 1.472522 
-13.155487 -7.311747 1.532789 
-14.094833 -7.241780 1.197032 
-14.877527 -7.529397 0.645066 
-14.512331 -8.418504 0.920966 
-13.523505 -8.473888 1.059370 
-13.662217 -9.231773 1.696842 
-14.395385 -9.022027 2.343735 
-15.355455 -9.301366 2.359064 
-15.487131 -10.086558 2.964156 
-16.283618 -9.617386 3.345583 
-16.710873 -8.824515 3.780104 
-17.507165 -8.562848 3.234714 
-18.499765 -8.538070 3.115844 
-19.324267 -8.023612 3.351488 
-20.274584 -7.745338 3.211980 
-20.170352 -6.785104 2.952969 
-20.913079 -6.170216 2.687885 
-20.344492 -6.423141 1.905109 
-19.563456 -5.822960 1.732582 
-19.478405 -6.764544 1.406722 
-19.756307 -7.710610 1.240197 
-18.932853 -7.924800 1.765598 
-18.578891 -8.664231 1.192926 
-18.819936 -9.371643 0.528497 
-19.777987 -9.256012 0.790735 
-19.557613 -9.894137 0.053014 
-19.349815 -9.942039 -0.923984 
-19.821629 -9.128876 -1.264804 
-19.295143 -8.984519 -0.426966 
-19.261866 -8.283315 -1.139149 
-19.976550 -7.869452 -1.703015 
-19.833153 -7.403144 -0.830092 
-20.574859 -8.073867 -0.831142 
-20.672645 -8.917026 -0.302444 
-21.589295 -8.967402 0.094059 
-21.132418 -8.469863 0.831432 
-21.489201 -8.686010 1.740271 
-22.451766 -8.931510 1.855153 
-23.370687 -8.579544 1.677101 
-23.808205 -9.220144 2.308140 
-23.482831 -8.544040 2.969212 
-24.180927 -9.115091 3.401142 
-24.907290 -9.428860 2.789631 
-24.801546 -10.131613 3.493162 
-24.336363 -10.283628 2.621097 
-23.869613 -11.160150 2.738803 
-24.729260 -11.149124 3.249572 
-25.464360 -11.372026 3.889841 
-26.352607 -11.286979 3.438416 
-27.100313 -11.935827 3.297237 
-27.406687 -12.760944 3.771913 
-28.406368 -12.743007 3.789687 
-28.207418 -12.688607 4.768185 
-28.930496 -13.311875 4.470366 
-28.674744 -13.696417 5.357337 
-27.886338 -13.637192 4.745039 
-26.950608 -13.968694 4.624561 
-27.426283 -14.055078 3.749193 
-28.068649 -14.611259 3.221909 
-28.813294 -14.524865 2.560063 
-29.554710 -15.195662 2.578303 
-29.928717 -16.111900 2.721928 
-29.289819 -16.700887 3.216804 
-28.983184 -17.624493 2.986744 
-28.875629 -18.200020 3.797423 
-29.298712 -18.651665 3.011918 
-29.473143 -18.153719 2.162434 
-30.428465 -18.301359 2.418487 
-30.633423 -19.139862 2.923367 
-30.358035 -19.650947 2.109148 
-29.918695 -20.545412 2.192299 
-30.815096 -20.531653 2.635329 
-31.621447 -20.787375 3.168626 
-32.090758 -21.019685 4.020553 
-32.777758 -20.443218 4.462951 
-32.722166 -19.670915 5.095769 
-33.461809 -19.534537 4.436732 
-34.405565 -19.862842 4.397483 
-35.197321 -19.394008 4.789040 
-36.181061 -19.469485 4.952010 
-36.042890 -19.252449 5.918346 
-35.805831 -20.151330 6.286879 
-36.377879 -20.519961 5.554163 
-35.651434 -20.833703 4.942735 
-35.842090 -21.394986 5.748100 
-35.118077 -21.587802 6.410389 
-34.569812 -22.353870 6.074912 
-34.837363 -21.752045 5.322434 
-34.111422 -21.412300 5.920416 
38.937482 -18.623076 8.859847 
38.753649 -19.447620 9.394949 
37.765282 -19.531110 9.267824 
37.035163 -18.952495 8.904328 
36.245731 -19.285332 9.420096 
36.231590 -20.147180 8.913125 
35.510933 -20.783114 8.637006 
36.304602 -21.048184 8.089442 
36.339622 -21.482894 7.189552 
36.923583 -22.060143 6.618786 
36.726047 -23.038604 6.678741 
37.029922 -23.769868 7.289405 
37.595845 -24.590596 7.211063 
38.096172 -24.991170 6.443461 
38.112720 -25.478989 5.570673 
38.052892 -26.311244 6.121829 
38.214999 -27.277235 5.920376 
38.161984 -27.821110 6.757866 
37.162438 -27.851139 6.760316 
37.408483 -27.151797 7.431421 
37.465030 -26.178647 7.208301 
36.603379 -25.761529 7.497384 
35.736489 -26.260006 7.502240 
34.885624 -25.800372 7.756728 
34.172962 -25.467074 7.139455 
33.737603 -26.354757 6.989520 
32.781776 -26.238203 6.719687 
32.820229 -26.207698 7.718482 
32.122785 -26.920914 7.788451 
31.395482 -27.446078 7.346601 
30.886288 -27.299113 8.194612 
30.548330 -26.827992 9.009370 
29.721839 -27.360217 9.192805 
28.836701 -27.463992 8.739196 
28.318580 -27.827368 7.964916 
29.133438 -27.483076 7.498578 
29.601364 -26.698258 7.904912 
29.421795 -25.867485 8.431762 
29.826379 -25.362518 9.194206 
29.870272 -25.835796 10.074025 
30.587730 -25.249998 10.450979 
30.308620 -24.313171 10.240142 
29.955439 -24.225290 9.308723 
30.011774 -24.374671 8.321549 
30.739966 -24.653362 7.695397 
31.445961 -25.355808 7.785628 
31.853997 -25.518260 6.887232 
32.519756 -24.791262 7.055273 
31.777217 -24.447280 6.480545 
30.925425 -24.166455 6.038293 
30.409184 -23.867758 6.840961 
31.111065 -23.290612 7.258412 
30.656829 -22.768644 7.980367 
31.432812 -22.545231 8.570228 
32.326939 -22.098078 8.594537 
31.958373 -21.195925 8.370307 
31.880266 -20.284224 7.966944 
31.955672 -19.497615 8.579774 
31.954528 -18.585381 8.170105 
31.278042 -18.359313 8.871005 
31.259667 -18.353873 9.870821 
31.585193 -18.002591 10.748679 
30.976289 -17.232959 10.556577 
31.840777 -17.244347 10.054052 
32.828988 -17.124945 9.958230 
33.187322 -16.281719 9.557522 
32.646929 -16.099494 10.378965 
33.206261 -15.549731 10.999375 
33.223116 -16.547385 11.065715 
33.715864 -17.407287 10.932412 
34.164700 -17.576381 11.809882 
34.709064 -18.331042 11.443610 
35.521393 -18.679720 10.976121 
35.939783 -18.573467 11.878152 
35.582879 -19.393722 12.325145 
34.612210 -19.602390 12.205737 
33.981185 -18.921580 12.577633 
33.319132 -18.205810 12.355466 
33.309043 -17.303306 12.786028 
33.851072 -17.772339 13.483317 
34.779085 -17.689337 13.120131 
35.363676 -18.500665 13.121021 
35.098955 -18.333338 14.070718 
34.944164 -17.379773 14.329085 
34.393276 -16.563273 14.501856 
34.546214 -16.631235 13.515960 
35.377767 -16.646868 12.960734 
35.599063 -15.672348 12.924141 
36.162937 -15.049820 12.381458 
36.516970 -14.427583 11.683260 
35.740679 -14.660561 11.097519 
36.259912 -15.285674 10.514740 
35.943975 -16.228253 10.406442 
36.395988 -16.330203 11.292609 
37.003327 -16.376531 12.085699 
37.799051 -16.523429 12.673275 
38.085417 -17.479793 12.731258 
38.110290 -18.023016 11.892038 
64.218842 -8.787176 53.792447 
63.267251 -9.019436 53.993769 
63.304765 -8.688362 53.050911 
63.706082 -7.778104 52.949053 
63.143363 -6.956948 53.044182 
62.209208 -6.982517 53.400133 
62.273503 -6.988391 52.402219 
61.541624 -7.581424 52.737875 
60.601936 -7.825279 52.498042 
60.262807 -7.135891 53.138148 
59.359071 -7.453158 52.850740 
58.517181 -7.136173 52.414002 
58.154869 -7.435861 51.531439 
58.857456 -7.102934 50.902527 
58.834940 -8.100739 50.964798 
59.716254 -8.400560 50.599568 
58.926408 -9.012492 50.558565 
58.678487 -8.241218 49.972329 
58.234221 -7.448714 49.554520 
57.839229 -8.197724 49.022575 
58.677916 -8.398688 48.516394 
58.922395 -7.429428 48.544037 
59.874206 -7.159196 48.689057 
60.340169 -6.658677 49.418687 
60.943921 -7.162678 50.036317 
61.767658 -7.722370 50.126876 
62.552409 -7.916525 50.715494 
63.257510 -7.677806 50.047777 
63.157803 -7.733900 49.054342 
64.154272 -7.719164 48.971685 
63.902525 -8.684211 48.898837 
64.736653 -8.381024 48.438067 
65.135428 -7.855496 47.686536 
65.830431 -8.245904 48.290318 
66.602076 -7.919376 48.836161 
66.963401 -8.771333 48.457196 
66.634952 -8.800905 47.513137 
66.832111 -7.871858 47.200085 
66.030170 -7.668861 46.638229 
65.279211 -7.685362 45.978087 
64.391834 -7.566390 46.423518 
64.605102 -6.907908 45.701771 
65.537399 -6.559433 45.798660 
64.875824 -6.141443 46.421238 
64.084092 -6.270565 47.018304 
64.057966 -5.297083 47.245570 
64.000709 -5.039873 48.210228 
64.212617 -6.013129 48.121517 
64.913835 -5.879016 48.821736 
64.115243 -6.425760 49.073375 
63.247085 -6.459981 48.578269 
62.676457 -5.641400 48.512617 
62.125771 -6.171327 47.867696 
61.368771 -6.161836 48.521042 
60.700565 -5.575805 48.062710 
59.713835 -5.737206 48.045000 
58.725916 -5.614590 47.950228 
59.086352 -6.536559 48.091854 
59.930573 -6.763484 47.606266 
60.287182 -7.400274 46.922652 
59.727857 -7.772594 46.182021 
58.904426 -7.437753 46.640106 
58.067976 -6.890051 46.620729 
57.194229 -6.406100 46.669276 
56.829985 -6.402339 45.737980 
57.206703 -5.960582 44.923772 
57.299316 -5.346559 45.707608 
57.770181 -5.193203 46.576382 
58.655375 -5.178452 47.041372 
58.701883 -5.408485 46.069301 
59.285753 -4.614451 45.900171 
60.252449 -4.378299 45.998822 
59.968743 -4.542129 45.054010 
60.540021 -3.727926 45.157520 
60.303849 -2.793135 44.892212 
59.789526 -2.496884 44.087410 
59.099451 -2.992292 44.615015 
58.126439 -3.078799 44.401088 
57.779587 -2.422825 43.730720 
57.178257 -1.635820 43.868655 
56.793523 -2.489298 44.220159 
56.280054 -3.197808 43.736049 
55.615683 -3.164555 44.482712 
55.073079 -2.898875 45.279577 
54.973038 -3.753279 45.789466 
54.358308 -4.469497 45.459106 
54.420458 -4.013620 44.571236 
53.444309 -3.831217 44.688970 
52.872812 -3.786490 43.869585 
52.711582 -2.944825 43.354217 
53.277438 -2.562825 44.084891 
53.418517 -1.638326 43.730775 
54.370935 -1.666841 44.034233 
54.327091 -2.087986 44.940166 
54.253843 -1.642015 45.832211 
28.098802 24.551424 65.805447 
28.516208 23.697931 65.493480 
27.690203 23.885495 64.961940 
27.390191 23.686641 64.028961 
27.152043 23.284813 63.144755 
26.456507 23.668872 62.537525 
26.558417 22.749629 62.157251 
25.921474 23.385319 61.721128 
25.377845 22.648029 62.122215 
24.879466 22.175959 62.849380 
25.730902 22.166814 63.373759 
26.256757 21.606539 62.733784 
25.851897 21.806389 61.841513 
26.277055 20.982465 61.466825 
26.528710 20.445232 60.661810 
26.803466 20.269614 59.716470 
26.578825 19.475222 60.280808 
25.673335 19.899420 60.268833 
25.825307 19.642816 61.223327 
25.038857 20.177250 61.532968 
24.824730 19.705771 62.388455 
24.074003 20.252353 62.017433 
23.329607 20.915804 62.092984 
23.220989 21.908467 62.146106 
23.351205 22.899936 62.140300 
22.420847 23.051223 61.806315 
22.494815 23.532073 60.932637 
22.902171 24.201233 61.554156 
23.724451 23.683691 61.317501 
24.373032 23.219081 60.714608 
24.694265 22.303215 60.473777 
23.987390 22.568012 59.817873 
24.132568 21.652072 59.443737 
23.864215 22.138629 58.612323 
23.473490 22.949542 58.176715 
23.557632 23.836870 58.630110 
23.957572 23.746694 59.542205 
23.473881 24.310605 60.211569 
23.932436 24.922257 59.566891 
24.464526 25.360758 58.842601 
23.478112 25.472776 58.722437 
22.580500 25.103520 58.963149 
22.075273 24.407110 59.472814 
22.435852 24.689079 60.361901 
22.945602 25.457374 60.749043 
23.601030 26.039392 61.230363 
24.103240 25.973615 62.092604 
24.874543 25.715374 62.674328 
24.531183 26.650903 62.757326 
24.622820 27.624870 62.964672 
23.736793 27.349552 62.591634 
23.361863 28.062206 61.998715 
22.831167 27.508698 61.356850 
21.866017 27.254717 61.419929 
22.065393 26.624429 62.170253 
22.770226 26.565602 62.877183 
22.429138 26.969489 63.726026 
22.588779 27.813132 64.238647 
21.712795 27.481589 64.588975 
21.151689 28.146905 65.081432 
21.101856 29.144747 65.124206 
21.136139 28.625754 65.978297 
20.178399 28.618133 65.690763 
19.236269 28.921527 65.833391 
18.818736 29.811411 66.017164 
18.666706 30.798997 65.977655 
19.225219 31.625386 66.049379 
19.402948 32.606497 65.973000 
19.483118 32.925031 65.028485 
18.737344 32.389922 64.631648 
19.363771 31.680218 64.953998 
18.774474 31.014059 64.496876 
18.162100 30.259019 64.731211 
18.526809 29.358161 64.495747 
19.083828 28.528236 64.526630 
19.327891 28.269466 63.592033 
19.360255 27.324047 63.916278 
19.912525 27.664719 64.677159 
20.532144 28.291537 64.204749 
20.786087 27.834013 63.352584 
21.731620 27.555170 63.184613 
21.825701 28.517256 63.440622 
21.297978 29.078071 62.802660 
20.799170 29.514052 62.053587 
19.971022 28.991309 62.255853 
18.991144 29.113889 62.098333 
19.471349 29.713267 62.738762 
18.745398 29.347938 63.321454 
18.614887 30.339024 63.294699 
19.452876 30.037516 63.749527 
20.026416 29.222099 63.671130 
20.979139 29.525269 63.691329 
21.761965 29.201289 64.222573 
22.009712 30.013701 64.750406 
-4.345758 -29.238476 61.872447 
-5.138363 -29.252308 61.262868 
-5.304501 -29.253667 62.248970 
-4.638012 -29.017501 62.956088 
-4.453884 -29.780869 63.575253 
-5.269485 -30.186798 63.162922 
-4.521752 -30.620168 62.659845 
-3.900854 -30.169266 62.018617 
-3.651073 -30.147021 61.050570 
-3.818999 -29.671140 60.187241 
-4.566815 -30.231446 60.543371 
-5.151255 -30.934809 60.947983 
-5.322782 -31.904205 61.123620 
-6.064737 -31.701251 61.762614 
-6.575827 -32.469109 62.148853 
-6.654735 -33.254077 62.763345 
-7.156100 -34.073435 62.485343 
-6.937875 -34.812486 61.848020 
-7.161154 -34.050681 61.239909 
-7.169185 -34.727836 60.504111 
-7.826697 -33.992912 60.338083 
-7.881135 -33.015265 60.541166 
-7.374460 -32.312705 60.041477 
-8.225880 -32.472364 59.541886 
-8.185450 -31.682137 58.930408 
-7.952286 -31.563435 57.965242 
-7.214918 -30.891356 57.897434 
-6.248147 -30.638852 57.937385 
-5.978015 -30.555349 58.896580 
-5.682765 -30.309034 59.819703 
-5.946964 -29.562774 60.430683 
-5.563463 -28.760123 59.973871 
-6.468744 -28.820063 59.553308 
-7.393924 -29.022004 59.231965 
-7.356890 -29.996758 59.011776 
-6.916606 -30.762930 59.479891 
-6.465953 -31.377426 60.127430 
-6.122696 -31.543551 59.202997 
-5.167588 -31.679157 58.939595 
-5.347261 -32.567091 59.363024 
-4.936598 -32.624251 58.453030 
-5.922946 -32.744782 58.340827 
-5.448610 -33.516873 58.763770 
-4.960712 -34.147215 59.367611 
-5.242068 -34.930937 58.813880 
-4.488040 -35.586351 58.770585 
-5.402018 -35.897155 59.031440 
-5.431801 -35.755652 60.020930 
-5.251090 -35.985422 60.977250 
-4.722026 -35.288661 61.461621 
-5.656480 -35.085834 61.754296 
-5.649069 -34.649368 62.653986 
-5.153492 -33.799084 62.476729 
-5.069971 -33.249457 63.307954 
-4.910740 -32.816782 64.195331 
-4.742988 -32.443692 65.107834 
-5.325891 -32.606029 65.903995 
-4.620111 -32.488252 66.602567 
-4.061191 -31.669006 66.730804 
-3.997339 -32.267459 67.529414 
-4.840467 -32.742765 67.780850 
-4.737437 -32.706340 68.774861 
-5.004066 -32.655734 69.737331 
-4.077380 -32.299767 69.857915 
-3.420443 -32.717059 70.485849 
-3.622089 -33.079401 71.395820 
-2.710820 -32.750175 71.643204 
-2.122794 -32.482743 70.879853 
-1.568661 -33.229849 71.246963 
-1.204399 -33.921456 70.623270 
-1.021485 -34.312737 71.525180 
-1.033361 -34.635859 72.471463 
-0.237296 -35.143489 72.800995 
-0.683146 -34.562152 73.481631 
-1.669442 -34.448389 73.362144 
-2.544627 -34.708945 73.769775 
-2.393980 -35.697281 73.747453 
-2.896919 -36.315189 73.143100 
-2.545775 -37.011017 73.769615 
-1.902478 -37.526094 74.336064 
-1.268423 -36.805218 74.615908 
-0.472520 -36.202036 74.563860 
0.381474 -35.729273 74.346627 
0.212994 -35.835020 73.366610 
0.899359 -35.111829 73.289817 
0.881549 -34.820952 72.333222 
0.947174 -33.963422 71.822992 
1.652390 -34.625376 71.569048 
2.118043 -35.292344 70.987395 
1.501805 -34.673245 70.500604 
1.361458 -33.684186 70.455158 
18.744542 -71.136076 -25.518453 
17.745358 -71.115105 -25.483929 
18.199264 -70.416554 -26.037098 
18.561120 -70.288148 -26.960446 
18.264425 -71.202297 -27.236677 
18.944544 -71.341391 -26.516892 
19.810857 -71.750494 -26.230297 
19.321983 -72.571256 -26.525852 
19.422469 -73.175286 -25.735251 
18.809113 -73.959501 -25.829073 
17.842770 -74.216254 -25.845148 
17.102890 -74.161383 -26.515645 
17.000672 -73.280925 -26.052673 
16.480215 -73.780190 -25.359954 
15.787817 -74.500429 -25.402859 
16.256966 -74.758006 -24.558138 
15.566768 -75.060075 -23.900581 
15.541231 -75.901557 -24.440262 
14.549441 -75.993754 -24.351649 
14.921141 -75.671266 -25.222189 
15.042720 -75.805192 -26.205694 
15.156182 -76.798693 -26.214792 
14.235792 -77.189554 -26.204331 
13.547650 -77.185420 -26.929896 
13.205559 -77.615581 -27.765321 
12.705689 -78.084609 -28.493430 
11.842577 -78.158622 -27.993870 
12.419125 -78.771154 -27.453131 
12.631246 -78.293218 -26.600734 
12.588386 -78.714231 -25.694692 
13.491835 -78.358162 -25.455954 
12.923011 -77.745899 -24.906797 
13.555767 -76.985577 -24.760065 
13.002767 -76.157787 -24.854696 
12.651538 -75.622148 -25.622634 
11.765047 -75.266686 -25.918912 
11.377005 -75.823648 -25.184599 
11.093373 -76.207587 -24.305882 
11.385657 -75.656931 -23.523994 
12.300199 -75.616343 -23.926443 
12.094508 -74.754504 -24.390044 
11.157694 -74.504557 -24.145289 
10.573444 -74.736867 -23.367674 
10.954929 -73.815789 -23.445676 
10.580660 -73.364698 -24.255886 
10.318262 -72.428648 -24.490316 
9.535712 -72.789450 -24.997698 
9.972838 -72.682124 -25.890672 
10.803228 -72.335907 -25.454110 
11.015519 -72.722876 -26.351432 
10.891078 -72.357651 -27.273996 
11.726754 -71.810733 -27.324257 
11.738499 -70.862995 -27.643090 
12.108577 -69.934190 -27.662149 
12.467616 -69.007899 -27.547798 
12.490724 -68.045960 -27.820082 
11.559809 -67.721039 -27.986889 
11.504406 -68.695507 -28.204470 
10.766778 -68.770501 -28.875501 
10.585172 -69.535992 -28.258214 
9.760775 -69.827855 -28.743174 
9.680651 -69.982975 -27.758533 
8.943611 -69.388050 -28.079216 
8.199759 -69.874912 -27.621340 
7.740045 -69.337784 -28.328557 
8.310564 -68.581892 -28.007409 
8.351347 -68.234727 -28.944325 
7.393271 -68.029513 -29.144267 
6.796949 -67.226792 -29.150528 
6.570439 -66.723701 -29.984550 
7.541764 -66.486025 -29.990725 
8.200574 -65.795799 -29.691463 
7.515126 -65.411786 -30.310086 
7.529277 -64.473696 -30.656189 
7.429356 -63.532946 -30.332143 
6.589835 -63.707094 -29.817481 
5.970449 -64.490616 -29.767941 
6.042638 -64.924483 -30.666021 
5.825954 -65.839252 -31.006969 
5.362802 -65.113661 -31.515898 
4.973739 -64.552630 -32.246566 
13.391942 -47.553076 17.455847 
14.004520 -46.981439 16.909972 
13.506655 -46.424706 17.574937 
14.351805 -45.973692 17.861828 
13.858877 -45.207936 18.274915 
14.632310 -45.566248 18.797805 
14.344514 -45.625401 19.753668 
14.923759 -45.762252 20.557252 
15.723284 -46.234697 20.928138 
15.658634 -46.115130 19.937419 
16.601514 -45.788743 19.870716 
17.193847 -44.984509 19.919192 
17.805649 -44.281429 20.281650 
18.561736 -43.708255 19.965732 
19.253879 -44.108523 19.365130 
19.710311 -44.745199 18.743588 
19.082406 -44.716611 17.965823 
18.988237 -45.627531 18.367517 
18.142514 -45.126448 18.551009 
17.443324 -44.709008 17.970598 
17.109795 -45.051373 18.848974 
16.712041 -45.895436 18.489322 
17.615260 -46.316302 18.405262 
18.243865 -46.676183 19.094711 
18.705701 -47.085974 18.308086 
19.698807 -47.201352 18.328778 
20.343957 -46.475326 18.090729 
21.279096 -46.685485 17.805514 
21.261102 -45.973974 17.103070 
21.800196 -45.649219 17.880188 
21.967375 -45.099587 18.698696 
22.437357 -44.264357 18.984193 
21.829535 -44.238742 18.190533 
20.926178 -44.148455 18.609813 
20.694401 -43.398141 19.228931 
21.635141 -43.721115 19.332348 
22.468010 -43.219266 19.565750 
22.113169 -42.330358 19.276045 
21.807795 -42.123085 20.205445 
21.297986 -41.314988 19.910362 
20.990682 -41.047869 20.823714 
20.190901 -41.628549 20.975903 
20.352560 -41.198317 21.864029 
20.834140 -40.405024 22.236544 
20.881092 -40.096224 21.286577 
19.884095 -40.070021 21.359442 
20.250164 -40.423061 20.498422 
20.611860 -40.555432 19.575571 
19.782887 -40.200854 19.143046 
19.716202 -40.565493 18.214288 
19.435941 -41.140359 18.983042 
18.592062 -40.807606 18.562157 
18.143328 -41.446451 19.187069 
17.682536 -41.283583 20.059505 
17.648352 -40.323720 20.337885 
17.446548 -40.737390 21.225664 
16.518611 -40.445748 21.457780 
15.950252 -41.233066 21.218827 
15.391207 -40.503493 20.824883 
15.173166 -39.567931 21.102699 
14.578501 -39.542051 21.906256 
14.608291 -38.559377 22.089186 
15.137417 -37.741341 21.863701 
16.096504 -37.721362 22.146106 
15.883917 -38.673343 22.366421 
16.376414 -38.763814 21.500822 
17.230313 -39.201611 21.782231 
17.318392 -38.896492 20.833998 
18.199452 -38.449159 20.987704 
17.716781 -37.621946 21.275363 
18.353432 -37.490540 22.035237 
19.224241 -37.000342 21.997866 
18.959077 -36.192291 22.523928 
18.001376 -36.392380 22.730747 
17.006881 -36.287939 22.739191 
16.918661 -35.332652 22.456979 
16.314436 -35.342633 23.253730 
16.754646 -34.695171 23.875829 
-38.224658 -1.477776 -70.691253 
-37.712910 -2.334123 -70.622089 
-37.378754 -3.269931 -70.509824 
-38.289827 -3.275869 -70.922027 
-39.171727 -3.268153 -70.450654 
-38.861768 -3.193193 -69.502864 
-38.307148 -3.960967 -69.823675 
-37.804782 -3.996290 -68.959742 
-38.193228 -4.797586 -68.504732 
-37.462173 -5.438905 -68.271773 
-37.891038 -6.100599 -67.656764 
-37.216915 -6.779925 -67.366809 
-36.665204 -6.098817 -66.885450 
-35.684620 -5.971265 -66.736503 
-35.151685 -5.733136 -65.924546 
-35.082079 -4.805390 -65.557881 
-35.279724 -5.553086 -64.923935 
-35.156871 -6.140856 -64.124289 
-35.730389 -6.853309 -63.719953 
-36.064588 -6.962556 -64.656103 
-36.551168 -7.681570 -65.152348 
-36.491347 -7.176624 -66.013424 
-35.494146 -7.103031 -66.000234 
-35.060137 -6.869949 -65.129999 
-34.168388 -7.258886 -64.898673 
-34.823982 -7.963203 -64.626400 
-35.687078 -8.231353 -65.054375 
-36.355529 -8.973377 -65.105096 
-36.964444 -9.101079 -64.322208 
-37.284356 -9.145625 -63.375808 
-37.042551 -10.085623 -63.616504 
-36.301378 -10.107447 -62.945545 
-35.301852 -10.076642 -62.946177 
-35.109557 -10.919582 -63.448645 
-35.186866 -11.656445 -62.777037 
-35.420232 -12.509094 -63.244509 
-36.280646 -12.599766 -63.745974 
-37.137098 -12.351300 -64.198471 
-37.416689 -12.312223 -63.239148 
-37.380470 -12.046639 -62.275741 
-38.046187 -11.325794 -62.082858 
-38.957446 -11.736784 -62.056513 
-39.383850 -11.207243 -61.323188 
-40.373205 -11.077420 -61.388936 
-41.287226 -10.750560 -61.629202 
-41.155705 -10.449760 -60.684628 
-42.126504 -10.662420 -60.573608 
-42.951562 -10.691624 -60.009315 
-42.625965 -11.600866 -59.749959 
-42.392221 -11.357938 -58.808498 
-41.459604 -11.023007 -58.674160 
-41.578588 -12.000456 -58.848621 
-42.050496 -12.809858 -59.198150 
-43.023380 -12.740579 -58.977476 
-42.801374 -13.652516 -59.322562 
-42.640568 -14.330509 -60.039825 
-42.401022 -15.300742 -60.004256 
-42.345043 -16.260944 -60.277896 
-42.520324 -16.258145 -61.262410 
-43.496253 -16.419294 -61.115462 
-43.278030 -16.521445 -62.086000 
-43.723968 -16.125920 -62.888932 
-43.660675 -15.129616 -62.947001 
-42.968086 -14.831452 -63.603827 
-42.870885 -14.130395 -62.897378 
-42.664262 -13.166120 -63.063153 
-42.580852 -13.373575 -62.088471 
-41.581708 -13.404447 -62.060933 
-41.099334 -13.905317 -61.342292 
-41.416658 -13.936444 -60.394486 
-40.744591 -13.607530 -59.731054 
-40.939513 -13.040318 -58.930882 
-40.105029 -12.636869 -59.306202 
-39.948405 -11.798484 -58.784112 
-39.536783 -10.949399 -59.115205 
-39.969264 -10.056601 -59.241183 
-39.770552 -10.120091 -58.263184 
-39.738111 -9.153442 -58.009142 
-39.655167 -8.348081 -58.596095 
-40.511340 -8.080452 -58.154119 
-41.444635 -7.974643 -57.810951 
-41.736836 -8.349938 -58.690594 
18.992142 -7.689476 -30.663353 
19.977752 -7.522267 -30.688136 
19.881998 -6.840749 -31.413646 
19.899817 -5.946891 -30.965651 
19.146041 -5.372641 -31.285119 
20.015347 -5.370148 -31.779388 
20.813535 -4.849932 -31.475627 
21.274718 -4.478190 -30.669949 
20.681711 -5.209308 -30.332594 
20.998580 -5.187100 -29.384385 
20.192473 -5.774873 -29.453044 
20.959518 -6.393424 -29.623446 
21.768818 -6.793274 -30.053741 
22.602182 -6.407360 -29.658044 
23.419170 -5.830706 -29.657922 
23.700295 -5.704294 -28.706613 
24.367631 -5.506517 -27.988598 
23.598556 -5.991663 -27.572478 
22.951088 -5.669020 -26.882052 
22.856433 -5.340284 -25.942386 
22.200617 -4.636344 -26.215103 
21.301791 -4.569419 -26.648270 
21.542147 -5.478374 -26.988903 
21.094580 -6.309323 -27.319369 
21.439564 -6.996235 -27.959008 
21.154527 -6.114335 -28.334516 
21.887972 -5.480084 -28.579025 
21.927795 -4.796006 -27.850705 
22.822146 -5.217523 -28.000569 
22.881677 -4.555528 -28.747710 
22.382336 -4.404875 -29.600917 
22.318551 -4.390571 -30.598778 
23.125117 -3.976553 -31.020726 
22.473640 -3.948653 -31.778882 
22.103473 -3.526204 -32.606235 
21.562634 -3.461728 -31.767584 
20.825179 -3.159823 -31.163419 
20.243100 -2.439437 -30.786290 
19.496244 -2.047630 -31.323592 
19.151968 -2.116914 -32.259900 
18.960642 -3.035139 -31.913120 
19.785466 -3.560746 -32.121454 
20.082864 -2.684670 -32.500987 
20.671556 -2.080697 -33.038256 
21.487628 -2.529803 -33.402030 
21.697748 -2.178349 -32.489709 
22.548808 -2.075134 -31.974885 
23.008652 -1.371325 -32.516362 
23.212071 -1.866988 -33.360719 
22.692233 -1.584839 -34.167045 
22.976324 -0.830223 -33.575567 
22.234664 -0.292449 -33.174643 
22.080246 -0.624246 -34.105269 
22.252390 0.000284 -34.867062 
22.495795 0.702913 -35.535693 
22.460941 1.674147 -35.300129 
21.580081 1.416479 -35.697235 
21.326272 2.383732 -35.695855 
20.556998 2.300221 -35.062418 
21.188134 1.749107 -34.516579 
21.316807 2.455484 -33.820537 
21.907119 3.262296 -33.844752 
21.626502 3.160339 -32.890362 
22.083131 2.727513 -32.113091 
22.697972 2.518864 -31.352540 
22.209165 1.650010 -31.431038 
21.656203 0.821000 -31.514557 
21.015370 1.096235 -30.797914 
20.976733 2.024218 -31.168527 
20.229277 2.391527 -31.722055 
20.552437 3.095558 -32.354437 
19.618674 2.823117 -32.586517 
19.304028 1.881911 -32.463517 
18.643808 1.349582 -31.933672 
19.113135 1.314767 -31.051335 
19.064216 2.215787 -31.482345 
18.475778 2.600911 -30.771415 
-2.590858 65.682124 -6.371553 
-2.724484 66.035064 -7.297607 
-3.299497 66.851231 -7.240757 
-3.957072 66.247125 -7.690923 
-3.584387 65.353877 -7.942346 
-3.425739 64.741969 -7.167492 
-3.328223 65.001011 -6.206561 
-3.097901 64.957312 -5.234428 
-2.679271 64.309733 -5.871131 
-2.330389 64.001970 -4.985940 
-1.994377 63.127821 -4.635284 
-1.843975 63.215450 -3.650550 
-1.197876 62.805303 -3.006862 
-1.485390 63.542227 -2.395078 
-2.119946 63.061323 -1.790041 
-3.069394 63.349882 -1.666424 
-4.035229 63.464570 -1.898825 
-4.163915 64.432073 -2.116489 
-3.864362 64.799357 -1.235937 
-4.380150 65.650291 -1.335309 
-3.888730 65.694631 -2.205103 
-3.019176 65.645779 -2.696518 
-2.083031 65.994895 -2.654669 
-1.086122 66.031879 -2.585354 
-0.445816 66.475708 -3.212269 
0.531924 66.282621 -3.294383 
0.623410 67.245164 -3.549611 
-0.070920 67.920051 -3.299744 
-0.839421 67.441904 -3.724929 
-0.874495 67.915071 -4.605204 
-1.727358 67.440697 -4.823365 
-1.127814 66.649914 -4.946691 
-1.260714 66.517215 -3.964485 
-0.952323 65.584657 -3.776788 
0.007904 65.377827 -3.589208 
0.687602 64.976595 -4.203230 
0.414823 64.017486 -4.278733 
0.875225 63.520425 -5.014234 
0.729293 62.558420 -5.244991 
0.733993 61.643515 -4.841349 
1.488411 61.056884 -5.135828 
1.586476 60.134513 -4.762177 
2.557875 59.964648 -4.928098 
2.388699 59.520308 -5.807838 
3.313489 59.159929 -5.685817 
3.301360 58.755431 -6.600276 
3.282409 58.197942 -7.430244 
3.190073 57.241385 -7.706780 
3.626978 56.443628 -8.122349 
2.992740 55.763258 -7.755144 
2.558739 56.178056 -8.554885 
2.250806 56.042557 -9.496595 
1.831269 55.295657 -10.012473 
1.123904 54.755512 -9.556537 
1.910072 54.244752 -9.904478 
2.740753 53.847851 -10.294914 
3.363964 54.285999 -10.942707 
2.992087 53.857262 -11.766049 
3.367404 54.779022 -11.863492 
3.327451 55.732238 -11.563856 
2.506057 55.167866 -11.481416 
1.821721 54.843922 -12.134672 
1.370851 54.096418 -11.646866 
0.428379 53.818231 -11.461508 
0.131564 53.176957 -12.169088 
-0.499777 52.733310 -12.805159 
-1.295878 52.636373 -12.207810 
-1.745443 53.524769 -12.300778 
-1.115969 53.503943 -11.524035 
-1.446314 53.511414 -10.580205 
-2.362872 53.125616 -10.685472 
-2.591685 53.992903 -10.243366 
-3.281169 54.716800 -10.267561 
-3.645784 54.391022 -9.395251 
-4.088832 53.583539 -9.784711 
-4.085606 53.223704 -10.717721 
8.982842 27.683024 -36.146953 
9.693225 27.604776 -35.447501 
9.655189 26.653788 -35.140619 
9.600880 26.851322 -34.161829 
10.487454 26.403444 -34.277556 
10.060749 25.499655 -34.310548 
10.953980 25.454879 -34.757912 
11.883545 25.594941 -34.416899 
11.802221 26.435947 -33.882020 
12.601301 27.028851 -33.782341 
13.161294 27.768452 -34.155703 
12.837455 28.710166 -34.064587 
12.351255 29.394454 -34.608058 
11.545650 29.931797 -34.358531 
11.275913 30.422212 -33.529837 
10.907039 29.614914 -33.069184 
11.599015 29.167763 -32.502417 
11.884006 28.397273 -33.072615 
12.614758 28.618394 -32.426776 
13.454438 28.911639 -31.969672 
12.711318 28.855807 -31.302848 
12.686316 29.236565 -30.378511 
13.024266 29.885412 -29.696758 
13.389866 30.442077 -30.442721 
13.085844 31.394434 -30.418493 
13.470815 31.969656 -29.696747 
13.313282 32.310113 -28.769778 
12.989820 31.461576 -28.351023 
12.057642 31.204737 -28.606127 
11.506188 32.004797 -28.369901 
10.634435 31.882610 -28.844367 
10.726515 32.495112 -29.629455 
10.850775 33.028685 -28.792879 
11.368982 33.878490 -28.696477 
12.068775 34.137375 -29.362261 
11.562120 34.710209 -30.006591 
11.204265 35.461884 -29.452583 
11.494420 36.303281 -29.908500 
11.061648 36.969502 -30.515838 
10.832081 36.885294 -31.485481 
10.220919 36.225762 -31.047875 
10.589046 35.327375 -30.808329 
10.602531 35.283648 -31.807282 
9.858660 35.111230 -32.452982 
9.254352 35.898668 -32.331516 
8.650595 36.289296 -33.026415 
8.290054 35.479131 -32.564199 
7.956905 34.850823 -33.267221 
6.969499 34.744997 -33.149617 
6.638111 35.335451 -32.413718 
5.924310 35.845437 -31.933717 
5.111591 35.307628 -32.157877 
5.771021 34.712690 -32.617443 
6.362104 33.955116 -32.894395 
7.235128 33.477496 -32.992926 
7.255859 33.820537 -33.932018 
6.701408 33.139438 -34.410232 
6.397220 32.238118 -34.718600 
6.298802 31.278379 -34.981687 
5.517122 31.649509 -35.482925 
4.569348 31.917649 -35.310225 
4.265099 32.792526 -35.687083 
4.357888 33.008067 -36.659159 
5.197782 33.023259 -37.201697 
5.928635 33.644312 -36.918593 
6.102597 32.714810 -36.593379 
6.305663 31.738376 -36.666456 
5.606648 31.030568 -36.564546 
5.035293 31.832402 -36.389575 
5.235535 32.690515 -35.916768 
4.871048 33.618344 -35.996022 
5.068126 34.281501 -35.273954 
5.384373 33.664580 -34.553262 
4.913503 32.951690 -34.033580 
5.750456 32.761277 -33.520499 
5.227987 31.991873 -33.887983 
-41.099958 -46.520776 -13.089253 
-41.595206 -45.991371 -12.400443 
-42.374227 -46.210606 -11.813023 
-43.256791 -46.034666 -11.376989 
-43.645958 -45.231021 -10.926763 
-42.908833 -44.619478 -10.639254 
-42.675180 -44.357421 -9.702914 
-42.619919 -45.328083 -9.936926 
-41.930589 -44.923347 -9.336083 
-42.268732 -44.577198 -8.460960 
-42.697917 -44.702311 -7.566451 
-43.502473 -45.220086 -7.857307 
-42.859737 -45.958883 -8.059961 
-43.422792 -45.705127 -8.846458 
-44.374851 -45.643699 -8.546775 
-44.309293 -45.419812 -9.519182 
-44.976051 -46.091186 -9.842741 
-45.037841 -46.839821 -9.182644 
-44.115856 -47.226477 -9.203643 
-43.635150 -46.650271 -9.864634 
-43.702067 -47.603886 -10.158133 
-44.151310 -48.027632 -10.944657 
-44.095720 -48.955735 -10.576508 
-43.652214 -48.586291 -9.759922 
-43.124937 -48.943069 -8.988762 
-42.585924 -49.078604 -8.157440 
-43.200284 -49.523404 -7.505738 
-42.723627 -50.284091 -7.065109 
-43.424530 -50.528962 -6.395202 
-43.548528 -49.796261 -5.726043 
-44.215191 -50.535292 -5.629126 
-44.171384 -51.525531 -5.496805 
-44.033645 -51.172835 -4.571260 
-43.314676 -50.481146 -4.503069 
-42.743606 -49.677936 -4.672578 
-42.564156 -49.745531 -3.691136 
-41.744521 -50.216447 -3.364889 
-41.379299 -50.717605 -4.149397 
-40.573060 -50.675299 -4.739472 
-40.083366 -49.862072 -5.053893 
-40.964820 -49.391298 -5.016328 
-41.208418 -48.433369 -4.864568 
-40.561128 -48.704375 -4.152127 
-40.386251 -49.685434 -4.068807 
-39.843580 -50.379133 -3.595215 
-39.482429 -51.287306 -3.806856 
-39.490188 -51.312758 -4.806502 
-38.983718 -52.149247 -5.015726 
-38.985205 -52.002112 -6.004841 
-39.329709 -52.207420 -6.920901 
-40.053894 -51.518788 -6.957549 
-40.070009 -51.027546 -6.086675 
-40.338943 -50.172839 -6.530690 
-40.672719 -49.996056 -7.456618 
-39.750105 -49.788994 -7.782055 
-39.263725 -49.002642 -8.162954 
-38.651014 -48.229940 -8.328838 
-38.472181 -48.658570 -7.443233 
-37.568211 -48.945614 -7.760161 
-37.264518 -49.083374 -6.817403 
-37.856159 -48.341270 -6.502375 
-37.406776 -48.792319 -5.731265 
-37.293310 -49.753829 -5.481017 
-36.503823 -49.921674 -4.890646 
-36.065332 -49.037349 -5.050948 
-36.072903 -48.171018 -5.550360 
-35.481988 -48.008459 -6.340547 
-34.738253 -48.548157 -6.734987 
-34.547328 -48.520936 -7.716215 
-34.653979 -48.094920 -8.614622 
-34.514412 -47.331992 -7.983384 
-33.678989 -46.964769 -8.392305 
-33.980473 -46.012874 -8.447118 
-34.633675 -46.479289 -9.043595 
-34.015811 -46.317969 -9.813153 
-33.091864 -45.937635 -9.772310 
-33.758088 -45.281163 -10.126130 
-33.656602 -44.574009 -9.426392 
-32.657918 -44.523772 -9.436717 
-18.523058 61.270884 26.301447 
-18.262792 60.928276 25.398739 
-17.653605 60.416773 24.792723 
-18.011792 59.617906 24.309492 
-17.322596 58.924141 24.518535 
-16.745605 58.898929 25.334896 
-17.354242 59.461549 25.894378 
-18.348403 59.398372 25.806900 
-18.868442 58.650945 25.393485 
-19.626371 58.086869 25.065823 
-19.626651 59.023721 24.716099 
-20.578377 59.271748 24.535261 
-21.412573 59.074790 25.050356 
-22.326292 58.672884 25.110260 
-22.611129 59.120032 24.262364 
-22.571893 58.588875 23.416000 
-22.628638 58.797098 22.439567 
-22.170978 58.880402 21.554350 
-23.147226 59.085946 21.622831 
-22.840093 59.869634 21.082921 
-23.122515 60.626187 21.672723 
-23.860056 60.459397 21.018341 
-23.276178 60.952104 20.373108 
-22.453869 61.399715 20.021748 
-22.685409 61.171830 19.075990 
-22.413699 60.532194 18.356934 
-22.119490 61.375546 17.907269 
-21.915328 61.359549 16.928463 
-21.518927 60.803720 16.197764 
-21.931559 59.919827 15.977611 
-21.843661 59.036895 15.516412 
-21.410396 59.684994 14.890114 
-21.099214 60.606386 15.122928 
-20.330180 61.237753 15.023116 
-20.431868 62.074689 15.560887 
-20.297684 62.417072 14.630958 
-20.490491 62.171242 13.681014 
-19.583582 62.557847 13.848499 
-19.036049 63.246466 13.373092 
-18.980289 64.113558 12.878073 
-19.422912 64.727220 12.224236 
-18.768426 65.472830 12.098883 
-17.920655 65.464480 11.568586 
-18.676758 65.524738 10.916914 
-19.165534 66.222567 10.393337 
-19.579090 66.921885 10.976370 
-19.460111 66.229168 11.687698 
-19.234676 66.280743 12.660591 
-18.979555 66.570079 13.583195 
-18.144979 66.792575 13.079233 
-17.986631 66.999686 14.044651 
-17.178535 66.413218 14.099755 
-17.316505 65.561235 14.604819 
-17.165582 65.445200 13.623107 
-17.084209 65.938651 12.757148 
-16.430066 66.560981 12.327262 
-16.299740 66.244920 11.387517 
-16.541142 66.475431 10.444867 
-16.603202 65.982767 9.576863 
-17.253981 65.681480 8.879932 
-16.768840 64.893967 9.260014 
-16.089365 65.325075 8.666331 
-15.370872 65.522826 7.999501 
-15.374090 66.226139 8.710374 
-15.998960 66.718668 8.104608 
-15.903607 67.706401 8.228262 
41.542542 42.505924 10.721647 
40.578933 42.697657 10.907914 
40.563396 42.234067 10.022000 
40.160006 43.137425 9.876327 
39.968754 44.058030 9.535873 
39.570851 44.962506 9.382262 
39.023866 44.624546 8.616370 
39.311582 44.568479 7.660297 
39.289903 43.573497 7.562619 
40.062849 43.293713 6.993166 
40.258100 42.329645 7.173302 
40.817807 42.021215 6.404147 
41.101270 42.910037 6.044084 
41.583499 42.720950 5.188689 
42.075351 43.403640 4.648304 
42.181652 44.390855 4.767074 
42.373370 44.972405 5.557671 
41.505738 45.095831 6.039315 
41.716551 45.198686 7.011415 
41.799892 44.477756 7.699393 
41.334580 44.906675 8.473675 
40.726716 45.592364 8.874090 
41.017853 46.124171 8.078841 
40.763319 46.538131 7.204856 
40.843002 47.523148 7.051913 
41.468243 47.600659 7.828486 
42.029056 48.374192 8.123673 
41.459072 49.181951 8.274150 
40.596077 48.872539 8.673531 
39.813659 49.194292 8.140336 
39.412751 49.752440 8.866796 
38.601614 49.820954 9.447625 
38.701803 49.084274 10.116403 
37.987654 48.522875 9.698286 
37.530023 48.229666 10.537691 
36.887619 47.631001 11.016145 
36.525330 47.922224 10.130743 
37.316830 47.490512 9.698132 
37.399470 46.618663 10.180884 
38.338042 46.678641 10.520716 
38.750162 46.928036 9.644384 
39.339476 46.140553 9.824886 
38.572710 45.506101 9.727210 
37.650185 45.192583 9.502145 
36.746852 45.490483 9.810762 
36.524687 45.244279 8.867350 
37.155652 45.830868 8.359614 
37.007749 45.400699 7.469064 
36.947015 46.389586 7.333364 
37.398654 46.184114 6.465146 
36.473195 45.808895 6.412831 
36.156531 45.779449 5.464750 
35.676276 45.464218 4.646225 
35.765514 44.493482 4.869179 
36.558171 43.964355 4.566327 
36.992039 44.549355 3.881102 
36.588527 45.404135 4.207491 
36.086198 44.876356 3.522572 
35.159288 44.536709 3.682189 
34.776768 45.460007 3.716817 
34.035576 45.419697 3.046735 
34.199304 44.443070 3.185995 
-3.303658 7.336724 31.270647 
-2.878829 7.075340 30.403930 
-2.541575 6.147866 30.565335 
-1.794815 5.567897 30.890889 
-0.855367 5.570660 31.233569 
-0.653007 6.540226 31.095754 
0.195848 6.787215 30.628377 
0.690076 7.646720 30.498034 
1.019739 7.911883 31.404131 
1.953726 7.996200 31.056917 
2.885976 8.322754 31.212711 
2.890110 9.184968 30.706183 
1.915935 9.275912 30.912850 
1.211880 9.824524 31.363773 
1.390551 9.035513 31.951599 
1.816993 9.712783 32.551142 
2.661194 10.037585 32.977556 
2.687638 10.680405 33.743116 
2.680645 11.651081 33.983404 
2.506430 11.666838 32.998823 
2.852059 11.008267 32.330373 
2.786042 11.323804 31.383759 
3.678977 11.519881 31.789001 
3.973701 12.473179 31.855031 
4.577468 12.402182 31.061038 
4.679264 11.717821 31.783040 
4.797779 11.351482 32.705943 
5.766664 11.302568 32.463313 
6.214473 10.414699 32.357700 
5.752184 10.421129 31.470995 
6.249914 9.693405 30.999103 
6.030810 10.401424 30.327760 
6.606022 10.613387 29.537695 
5.926864 11.345584 29.589001 
6.183596 12.206247 29.149288 
5.611761 11.585718 28.612679 
5.849492 10.978653 27.854420 
6.454135 10.183858 27.802370 
7.442450 10.336108 27.809584 
7.695429 9.975440 28.707315 
7.224211 9.494861 29.446908 
7.458913 9.694623 30.398228 
8.092794 10.350397 29.988159 
8.806051 9.754987 29.618360 
8.709382 8.972081 29.003777 
8.149730 8.175569 28.774958 
8.316328 7.361335 28.218839 
8.658966 7.073081 27.324686 
8.935942 6.118091 27.430884 
7.940771 6.041971 27.368916 
7.509533 6.405403 26.543112 
7.745749 5.473116 26.269173 
7.461350 5.239266 25.339425 
6.643475 5.782003 25.148329 
6.203719 5.531815 26.010896 
6.846570 5.160101 26.680651 
7.487918 4.817816 27.367320 
7.684934 3.868320 27.123102 
7.643870 3.149223 26.429407 
6.944354 2.591094 26.875693 
-51.423158 18.709224 -13.577953 
-50.987861 19.372103 -14.187139 
-50.288947 20.086023 -14.230005 
-49.784322 19.224374 -14.176026 
-49.045264 18.774902 -13.674261 
-48.198770 19.085631 -14.106576 
-47.367908 19.641603 -14.082829 
-47.799952 19.795148 -14.971514 
-47.047262 19.925631 -15.616830 
-46.251305 19.540182 -16.083607 
-45.595331 20.288638 -15.986077 
-44.971493 20.062495 -16.734199 
-45.528767 19.232262 -16.746821 
-45.725060 19.224253 -17.727333 
-45.100087 19.935929 -18.048153 
-45.426477 20.813599 -18.399103 
-45.513313 21.739607 -18.031723 
-46.504093 21.860280 -18.093310 
-46.743322 21.565845 -17.168065 
-45.873417 22.058689 -17.148845 
-45.077659 22.547932 -16.791898 
-45.285945 21.851170 -16.105502 
-45.028446 21.616303 -15.168202 
-44.269321 21.025814 -15.442160 
-43.281728 20.895987 -15.530503 
-42.705843 20.569535 -14.780979 
-42.017712 21.077042 -14.262412 
-41.061911 20.793345 -14.339621 
-40.165786 20.481448 -14.655342 
-40.369230 19.504805 -14.586216 
-40.890494 19.200772 -13.788815 
-41.062055 20.113291 -13.417499 
-40.730750 21.006436 -13.113313 
-40.937583 21.882927 -12.678590 
-41.738110 21.635130 -13.224258 
-42.537951 21.120389 -12.915559 
-42.992733 20.626592 -12.174385 
-43.945545 20.880634 -12.340555 
-43.691261 21.617427 -12.967034 
-44.581609 22.016659 -13.185882 
-43.947350 22.380640 -13.867962 
-43.382532 21.951614 -14.572885 
-43.161021 22.926480 -14.596755 
-43.132938 23.914605 -14.747815 
-44.014311 23.704019 -15.170703 
-44.098992 23.512721 -16.148576 
-44.501382 24.377065 -16.450226 
-45.050951 24.608107 -17.253092 
-45.871388 24.048205 -17.137368 
-46.017065 23.834970 -16.171288 
-46.839431 23.638915 -15.637175 
-47.303997 23.569101 -16.519957 
-47.998338 23.614564 -15.801748 
-48.165589 24.600051 -15.772700 
-47.168953 24.670717 -15.814207 
-46.248750 24.889248 -16.138969 
-45.736764 25.302531 -16.892008 
-81.417158 -11.287876 -54.362953 
-81.579753 -10.756672 -55.194449 
-81.825712 -10.021624 -55.826278 
-80.923462 -9.808186 -56.200962 
-80.122787 -10.253399 -55.800081 
-79.725865 -10.348582 -56.712984 
-79.381171 -11.052470 -56.091914 
-80.230378 -11.469335 -55.767766 
-79.588508 -12.194475 -55.518418 
-80.205718 -12.271828 -54.735431 
-80.142884 -12.604922 -53.794633 
-79.695952 -12.549489 -52.901785 
-80.365349 -11.897881 -52.544973 
-80.996564 -11.605721 -51.826495 
-81.959426 -11.735437 -51.589702 
-82.024513 -10.792164 -51.264123 
-82.251335 -9.846414 -51.496735 
-82.703175 -10.333425 -52.244171 
-83.357830 -9.825057 -51.684718 
-83.711655 -10.679635 -51.304583 
-84.288647 -10.579600 -50.493983 
-84.125778 -9.763099 -49.940089 
-84.047273 -9.741337 -48.943413 
-84.055136 -10.734839 -49.056954 
-84.974644 -10.669344 -49.444532 
-85.210207 -9.712193 -49.612970 
-85.695504 -8.905445 -49.950081 
-85.976066 -8.261454 -50.661812 
-85.588147 -7.699508 -49.931240 
-86.518395 -7.380925 -49.749186 
-87.356711 -6.926128 -50.049828 
-87.775549 -7.832756 -50.100822 
-87.346463 -8.575405 -49.586664 
-87.011122 -9.075303 -50.385193 
-87.700910 -8.508750 -50.835983 
-88.277136 -8.820435 -50.080459 
-89.188576 -8.949363 -50.471170 
-88.915084 -8.050334 -50.129190 
-89.569316 -8.402079 -49.459671 
-38.082758 40.214024 -41.476053 
-38.787861 39.524701 -41.642381 
-38.436905 39.760487 -42.548601 
-37.588034 39.421624 -42.954298 
-36.890071 38.801802 -43.313002 
-36.052014 38.763634 -42.768756 
-35.859045 37.782592 -42.786657 
-35.055371 38.231241 -43.177582 
-34.491311 38.740968 -43.827210 
-34.942955 38.644705 -44.714200 
-35.152126 37.993929 -45.444089 
-34.259926 38.133851 -45.873510 
-33.458364 37.536717 -45.843033 
-34.263210 37.072420 -45.473370 
-33.711459 36.405621 -45.974319 
-33.878379 35.715836 -45.269810 
-34.795902 35.869045 -45.636795 
-34.387629 35.146696 -46.194939 
-34.296708 35.864196 -46.885538 
-33.804179 36.493210 -47.487000 
-34.211944 36.147214 -48.331993 
-35.125442 35.906931 -48.003685 
-36.119523 35.911849 -47.895155 
-36.230965 34.920308 -47.828621 
-37.146848 35.278937 -48.009023 
-37.678999 35.050638 -48.824311 
-37.922472 34.681431 -49.721199 
-37.927590 35.668693 -49.880222 
-38.725287 35.678762 -49.277247 
-39.251731 36.121849 -48.551624 
-39.367105 37.099612 -48.376499 
-39.359182 37.287468 -47.394334 
-38.759670 36.535547 -47.668560 
-38.352653 37.208745 -48.285926 
-37.514645 36.966499 -47.796990 
-36.752398 37.613139 -47.825915 
-36.677737 37.158239 -48.713322 
-35.916499 36.949890 -49.327413 
-35.938527 36.042754 -48.907153 
-35.397537 35.202928 -48.952118 
-34.884082 34.633580 -48.310085 
-35.646329 34.234000 -48.819315 
-35.826877 34.484231 -49.770518 
-36.233702 33.829419 -50.407475 
-37.024652 33.234033 -50.548592 
-37.873770 33.476659 -51.017773 
-37.251577 34.016865 -51.584388 
-37.413614 33.291175 -52.253057 
-37.113330 33.296782 -53.206890 
-37.850800 33.811353 -53.644330 
-38.234335 33.102356 -53.052532 
-37.949910 32.510820 -53.806978 
-38.431395 32.793313 -54.636659 
-39.424792 32.891885 -54.577966 
-39.265560 33.726158 -54.050107 
-39.058325 34.173464 -53.180067 
-38.780441 34.590987 -52.314934 
-39.264759 34.380262 -51.465798 
-39.084821 33.398411 -51.405882 
-39.834190 32.736770 -51.379840 
-39.921436 31.950116 -51.991038 
-40.268049 31.202602 -52.557679 
-41.225718 30.936990 -52.446688 
-41.576176 30.173966 -52.989803 
-41.872678 29.389662 -52.444869 
-41.633844 29.409655 -51.474014 
-40.866905 29.043797 -50.946803 
-40.128433 28.769163 -50.330982 
-39.823736 28.309735 -49.496665 
-40.210021 27.562497 -50.037423 
-41.168073 27.820948 -50.161278 
-41.237637 26.915413 -50.579808 
-41.575612 27.443446 -51.358881 
-40.883437 26.743126 -51.533369 
-40.605977 25.899917 -51.993819 
-39.842964 26.305051 -52.497483 
-39.400152 27.057324 -52.009627 
-38.867761 26.968017 -51.167852 
-38.531796 27.899908 -51.304628 
-38.925603 27.806547 -50.390189 
-38.913585 28.741666 -50.744318 
-39.244479 29.570961 -51.194628 
-39.557679 30.513200 -51.075923 
-40.188009 30.852689 -50.377760 
-40.189432 29.857880 -50.479505 
-39.662796 29.943756 -49.633763 
-39.768358 29.362979 -48.826574 
-40.681580 29.751432 -48.703569 
-41.276704 29.550796 -49.481754 
-42.150588 30.034110 -49.429475 
-41.462374 30.513415 -48.884839 
-41.008019 30.688068 -48.011307 
-41.033208 30.212399 -47.132043 
-40.897979 30.675949 -46.256353 
-40.944644 31.527130 -46.779148 
-40.026147 31.206314 -46.547975 
-39.742172 30.554508 -47.251187 
-39.664422 30.337875 -48.224339 
-39.066669 31.126166 -48.370245 
-39.037545 31.164810 -49.369073 
-38.394793 31.328219 -50.117517 
-37.475261 31.688048 -50.275581 
-37.187773 30.818655 -49.873704 
-36.352110 31.032916 -50.379430 
-36.467432 31.813787 -50.993386 
-37.133527 31.641843 -51.719163 
-37.098349 32.313938 -52.458791 
