26.409523 11.342660 30.586215 
27.107642 11.196812 31.287185 
27.780286 11.754026 30.800293 
28.390858 10.979156 30.963939 
29.258419 10.507168 31.120668 
29.059407 10.015106 31.968175 
28.390938 10.266751 32.668049 
27.664219 10.285502 33.354727 
27.586011 11.231109 33.038959 
27.186883 10.489582 32.499668 
26.343025 10.008111 32.262836 
25.467913 9.843312 31.807841 
25.113870 9.401677 30.983455 
24.595648 8.546763 31.007287 
24.611955 8.949220 31.922581 
23.823294 9.517405 31.687677 
23.577827 10.481721 31.786876 
24.305993 10.303004 32.448567 
24.226282 9.714297 33.252974 
24.489001 10.669670 33.388034 
25.079498 11.462845 33.536987 
25.502576 12.342084 33.755947 
25.940282 12.096579 32.890996 
26.373062 12.829284 32.365787 
25.420099 13.112262 32.257231 
24.688057 13.033342 31.580558 
24.627697 12.478141 32.410081 
23.714284 12.825343 32.622514 
23.919826 12.000246 33.148790 
23.618336 12.329291 34.043683 
23.515001 12.621663 34.994388 
22.697811 13.093121 34.662834 
22.274608 12.642003 33.877091 
22.112603 11.951068 34.581621 
21.160781 11.746062 34.353571 
20.382969 11.776385 34.981337 
20.946684 12.533540 35.311402 
21.069534 13.492889 35.057320 
21.084596 13.630034 36.047757 
20.135121 13.498497 35.762808 
19.565860 12.873073 36.296462 
19.545650 13.146865 37.258038 
18.897784 13.506578 37.929511 
18.705933 13.724967 38.886328 
18.531188 14.189404 39.754523 
17.747409 14.363575 39.158406 
17.515798 15.307460 38.922953 
18.415535 15.179690 38.505643 
19.040206 15.742628 37.964453 
18.246248 16.349468 37.927359 
17.548146 16.427507 38.639091 
18.139104 16.524260 39.439970 
18.517346 15.880419 40.105103 
18.535477 16.700789 40.676649 
18.180285 17.388658 40.043659 
19.106019 17.270569 39.684394 
19.116029 17.033212 38.713023 
19.253488 17.994271 38.952753 
19.488655 17.816364 37.997219 
19.453439 16.845551 37.759983 
19.963403 16.906922 36.901979 
19.207492 16.254636 36.846108 
18.815385 16.606334 35.996072 
19.037240 17.429673 35.473680 
18.527731 18.221762 35.137534 
17.651286 17.760970 35.277230 
17.612827 18.653206 34.827302 
17.891751 19.519500 35.241714 
18.027194 18.858949 35.980177 
18.623577 18.708633 36.768677 
18.938586 17.770778 36.914271 
18.145966 17.480313 37.450352 
17.472267 17.042572 36.854942 
17.453885 17.929842 36.394058 
17.616965 18.757513 36.931054 
17.668017 19.441602 37.658664 
18.636930 19.455441 37.905681 
18.013133 19.442576 38.687161 
17.302084 20.035471 39.065163 
17.448940 20.903815 39.538885 
17.661099 20.169210 40.183358 
18.371308 19.479617 40.325009 
18.409461 20.004091 41.175580 
18.874936 19.240861 41.623702 
19.179695 18.288607 41.641949 
19.444989 18.154074 40.687213 
19.815469 18.292049 39.768678 
20.759604 18.404241 40.078552 
21.557708 18.558221 40.661064 
22.397278 18.223434 40.233232 
21.852776 17.608785 39.662509 
21.722210 18.371853 39.029517 
22.085602 17.670990 38.415727 
23.017549 17.327612 38.532199 
23.061791 16.406859 38.144570 
23.084392 15.430612 37.929092 
22.351515 15.127217 38.538061 
21.477310 15.602250 38.638601 
21.169420 15.731163 39.581249 
20.862417 16.085694 40.464457 
20.218799 16.553238 39.858521 
20.283962 17.026967 38.980264 
21.097275 17.407646 38.540259 
20.653405 18.279303 38.332429 
20.029329 19.036850 38.523877 
20.975063 19.257039 38.284912 
21.743233 19.733620 38.712446 
21.707740 20.462334 38.028548 
20.908303 21.038840 37.859606 
20.391580 20.186639 37.777436 
20.570470 20.046966 36.803531 
19.689278 20.471289 37.011982 
19.431571 20.518675 37.977042 
18.594090 20.460224 37.433709 
18.708538 21.419098 37.173974 
17.714430 21.317386 37.136491 
17.122877 20.539210 36.925524 
16.209667 20.556002 37.332667 
15.644581 21.322057 37.638998 
16.169758 21.817777 38.330700 
16.925694 22.062036 38.938069 
16.893314 22.955392 39.386251 
17.159046 23.337388 40.271387 
-35.374977 -30.104640 -27.708745 
-34.725954 -30.635209 -27.163523 
-35.036877 -30.350372 -26.256774 
-35.255140 -31.304867 -26.460000 
-34.366934 -31.441853 -26.021450 
-34.254373 -30.818681 -25.247509 
-34.804527 -31.627669 -25.040462 
-35.468654 -32.250856 -24.627457 
-35.002251 -32.697386 -23.863861 
-35.409359 -32.997380 -23.001151 
-36.009115 -32.371764 -22.502255 
-36.474043 -32.752505 -23.301553 
-37.175398 -32.112180 -23.614738 
-37.114149 -32.041978 -24.610388 
-37.092342 -32.878224 -25.158309 
-37.466387 -33.779021 -24.937731 
-38.451605 -33.608377 -24.922685 
-38.944965 -34.476905 -24.875191 
-39.653907 -35.177853 -24.797266 
-40.533207 -34.823865 -24.478640 
-40.314498 -35.558151 -23.835997 
-39.814235 -35.618141 -22.972204 
-40.233154 -36.366645 -22.458154 
-40.926430 -35.662644 -22.612270 
-40.886769 -34.663618 -22.592951 
-40.487047 -34.620295 -21.677338 
-41.382499 -34.516039 -21.244560 
-40.758660 -34.604912 -20.468076 
-39.842846 -34.961712 -20.652409 
-39.564501 -34.005424 -20.742059 
-39.686296 -33.085600 -20.369112 
-40.187885 -32.837477 -19.540352 
-41.092780 -32.503988 -19.804831 
-41.133437 -32.578458 -20.801225 
-40.542201 -32.449610 -21.597364 
-40.483885 -31.480049 -21.835170 
-40.348876 -31.480232 -20.844326 
-39.898393 -30.595234 -20.961986 
-39.372587 -31.163231 -20.328814 
-39.458030 -30.189702 -20.116822 
-40.096111 -30.154071 -19.347677 
-40.782242 -29.876118 -18.675392 
-40.013841 -29.358520 -18.299025 
-39.044039 -29.188641 -18.124022 
-38.098428 -29.272176 -18.438413 
-37.967035 -28.354048 -18.812280 
-38.738742 -28.148140 -19.414004 
-38.081167 -27.728335 -20.039591 
-37.276525 -27.185798 -20.280848 
-36.565069 -27.321525 -19.591349 
-35.844173 -27.054348 -18.951876 
-35.515019 -26.516905 -18.175466 
-35.660123 -26.161382 -17.252130 
-34.825322 -26.055870 -16.711783 
-34.560031 -26.262353 -17.653581 
-33.738572 -25.715755 -17.816173 
-34.028090 -26.244547 -18.614019 
-34.305115 -27.205228 -18.595325 
-33.453196 -27.353734 -19.097501 
-33.141604 -27.883135 -18.308422 
-32.146037 -27.910563 -18.218449 
-31.505675 -28.512602 -18.695404 
-31.019024 -27.897241 -19.315486 
-30.062380 -28.068819 -19.550846 
-29.111039 -28.355134 -19.436943 
-29.413203 -28.375868 -20.389973 
-30.397486 -28.270950 -20.532027 
-30.243248 -29.248379 -20.387657 
-30.185264 -29.844971 -19.587209 
-31.162303 -30.024281 -19.702282 
-31.911699 -29.363099 -19.737561 
-32.373261 -30.240092 -19.871143 
-32.305788 -31.207905 -19.628686 
-31.721310 -32.017581 -19.575690 
-32.120489 -32.462156 -20.377568 
-33.069345 -32.201466 -20.199484 
-33.035442 -33.195607 -20.302114 
-33.557991 -33.296422 -21.148742 
-32.824602 -33.976108 -21.135787 
-33.471775 -34.579436 -20.669781 
-32.906662 -34.154684 -19.962509 
-32.939404 -33.457367 -19.246495 
-32.030298 -33.852855 -19.115665 
-31.294586 -33.495907 -18.540064 
-32.063366 -33.596972 -17.908586 
-31.993343 -32.606031 -18.023188 
-32.992562 -32.639090 -18.044838 
-33.792558 -33.140384 -18.374551 
-34.580835 -32.615291 -18.053775 
-35.350114 -32.314913 -17.489876 
-36.302835 -32.334797 -17.793071 
-36.785089 -31.458829 -17.782469 
-37.090425 -31.884508 -18.634271 
-36.699609 -31.631846 -19.519384 
-37.419146 -31.427449 -20.183078 
-37.271661 -31.559507 -21.163286 
-38.074163 -31.528319 -21.759120 
-38.287365 -30.555111 -21.673025 
-37.481097 -30.357678 -22.230656 
-37.590131 -31.187652 -22.777698 
-36.854270 -30.925055 -23.401839 
-36.048983 -30.626303 -23.913953 
-35.105165 -30.369108 -23.706449 
-34.147478 -30.085826 -23.655599 
-34.539932 -30.040817 -22.736929 
-35.261092 -29.373981 -22.924698 
-35.185992 -28.891793 -23.797541 
-35.698054 -29.212279 -24.594460 
-36.541818 -29.492693 -25.052097 
-36.818142 -29.003850 -25.879550 
-36.412625 -28.320728 -25.272178 
-36.389008 -27.392589 -25.643662 
-35.929228 -26.861955 -26.355722 
-35.051558 -26.596912 -26.755030 
-1.836777 -19.204240 4.021655 
-2.525298 -18.520905 3.778774 
-2.124191 -17.636330 4.016770 
-2.285355 -16.834176 4.591726 
-2.544046 -16.116635 5.238421 
-1.750754 -15.581859 5.529458 
-0.828354 -15.441239 5.889185 
-1.130017 -14.489714 5.829193 
-0.322396 -14.437153 5.241839 
0.107431 -15.077760 5.878135 
0.626962 -15.650316 6.512380 
-0.089498 -16.203185 6.937846 
0.271108 -15.757494 7.757189 
0.459594 -16.730921 7.627143 
1.442303 -16.663877 7.454549 
2.385090 -16.385034 7.271799 
2.607935 -15.447772 7.003694 
2.146413 -15.488597 6.117506 
2.462256 -14.686591 5.610525 
2.966081 -13.974114 5.122123 
3.522659 -14.737537 4.794393 
4.410527 -14.603186 4.354346 
4.463864 -15.488138 3.891730 
3.642238 -16.053893 3.961392 
3.257308 -15.248025 3.511495 
2.509131 -15.394898 2.864456 
2.548466 -15.385469 1.865275 
2.386149 -14.545631 1.347273 
2.824102 -14.741917 0.469965 
3.816583 -14.792193 0.358372 
3.638181 -15.543511 -0.276996 
2.959994 -16.079237 0.226055 
3.526430 -16.549364 -0.450799 
4.144022 -16.295039 0.293445 
5.031042 -15.841554 0.380312 
5.310295 -15.594627 1.308237 
6.086192 -15.734366 0.693048 
6.474384 -15.808969 1.611602 
5.941785 -16.645991 1.737037 
6.483282 -17.074184 1.013551 
7.268606 -16.997546 1.627875 
7.358308 -16.706931 2.580501 
8.036740 -17.392983 2.843299 
7.306612 -17.634778 3.482398 
6.767657 -18.394030 3.117619 
7.041220 -19.237547 2.655403 
6.483528 -19.858543 3.206170 
6.107331 -20.779056 3.311679 
6.871755 -20.741020 3.955269 
7.672706 -21.339742 3.958241 
7.134678 -21.226142 4.793478 
7.621148 -21.888316 5.363454 
6.668474 -22.175763 5.264524 
6.058611 -22.160404 6.056881 
5.115662 -22.458886 6.204379 
4.932712 -22.746659 5.264317 
4.522793 -23.621984 5.007858 
3.709291 -23.476964 4.444666 
3.627019 -24.437502 4.178961 
4.161016 -24.029141 3.438630 
4.921230 -23.410953 3.638427 
4.293754 -22.703674 3.312806 
3.559299 -23.136774 2.790310 
3.099823 -23.190600 1.903753 
2.293312 -22.772413 2.321675 
1.415626 -22.536712 2.738943 
1.371909 -23.530013 2.631974 
1.009579 -24.435198 2.409810 
0.893434 -25.203038 1.779785 
1.325228 -25.952665 2.281396 
1.213727 -25.923862 3.274743 
0.456362 -25.423661 3.694501 
0.131190 -25.882358 2.867542 
-0.174441 -25.462181 2.013118 
-0.556473 -24.765502 2.620316 
0.005782 -23.941019 2.556308 
-0.079873 -23.424988 1.704031 
-0.466148 -22.788348 2.371475 
-0.277822 -22.691292 3.348774 
-0.822531 -23.491857 3.098999 
-1.696739 -23.758609 2.693286 
-2.452362 -24.255977 3.119501 
-2.592556 -24.938309 3.836975 
-3.041154 -25.432026 4.581961 
-2.481793 -25.968898 5.213534 
-1.753056 -26.650469 5.279888 
-1.333532 -27.449703 4.849509 
-1.595291 -27.450767 3.884377 
-1.039768 -27.910768 3.191706 
-0.521030 -27.427112 3.896680 
0.448129 -27.244486 3.731211 
1.225204 -27.494587 4.308795 
1.767189 -27.678897 5.128723 
1.767976 -28.599797 4.738925 
1.797706 -29.466215 4.240492 
1.187297 -28.921524 3.665415 
1.381473 -28.199123 3.001764 
1.575017 -27.236453 3.190990 
2.266279 -27.111016 3.902624 
2.800098 -27.910461 4.178170 
2.861328 -28.879849 3.940395 
-31.131477 32.630360 4.768855 
-31.703367 31.951166 4.308814 
-31.165578 31.173338 4.634032 
-31.777865 31.312383 5.412345 
-32.750387 31.146242 5.249261 
-32.190742 30.370665 5.541284 
-31.476281 29.804826 5.952832 
-31.343326 29.899088 6.939461 
-30.843610 30.715013 7.230240 
-29.934451 31.100647 7.387450 
-29.233532 30.496397 7.766389 
-29.376796 29.646587 7.259144 
-30.364816 29.772629 7.348191 
-30.756679 29.687394 8.264257 
-30.554548 29.358234 9.186644 
-31.515353 29.172456 8.980878 
-32.432132 29.570482 8.947841 
-32.540400 28.719520 9.461788 
-32.900075 29.058036 10.331294 
-33.758481 29.170444 10.831797 
-33.948784 29.793373 10.073018 
-33.375190 30.044769 9.293409 
-33.517959 31.019334 9.466152 
-33.604856 31.086053 8.472172 
-34.407902 30.859606 9.023387 
-34.786145 31.764314 8.827338 
-35.389220 32.558885 8.756928 
-35.711844 32.205737 9.635108 
-34.993462 32.784683 10.020786 
-34.191122 33.264414 10.375906 
-33.863047 34.044432 10.908765 
-33.258413 34.207778 11.688340 
-33.052625 34.918451 11.015588 
-33.497290 35.810735 11.093696 
-33.204214 36.078615 10.175902 
-32.290421 35.964300 10.565664 
-32.405433 36.956248 10.512637 
-31.436845 36.975397 10.264703 
-31.012512 36.116866 9.976839 
-30.487552 36.040511 10.824534 
-30.597829 36.721721 11.548269 
-29.687519 36.868784 11.935188 
-28.769503 37.128960 11.635929 
-28.697786 37.864760 10.962539 
-29.350156 38.610045 10.824825 
-29.225848 38.697149 9.836412 
-29.723908 38.861512 8.984990 
-30.203357 39.515932 8.400299 
-31.006692 40.046132 8.671482 
-31.521812 39.412308 9.248473 
-32.232865 40.115391 9.257333 
-32.526533 41.020637 8.950267 
-33.095924 41.839197 8.874423 
-33.414183 41.262584 8.121941 
-32.835917 42.041942 7.880674 
-33.502632 42.060265 7.135586 
-34.309669 42.363713 6.629019 
-34.217357 43.128769 7.266332 
-33.943768 43.252316 6.312453 
-34.071577 42.572522 5.590273 
-33.275709 42.553929 4.985087 
-33.277946 43.436603 4.515108 
-32.408018 42.953181 4.612715 
-32.157843 42.102447 4.150477 
-31.634911 41.589473 3.469742 
-32.489825 41.147616 3.741558 
-31.768802 40.587060 3.334247 
-32.627309 40.638360 2.824018 
-33.493799 40.367290 3.243204 
-33.534241 40.454534 4.238570 
-34.097367 40.372617 5.060870 
-34.433279 39.893515 4.249930 
-34.608952 40.875889 4.313815 
-35.391772 41.254804 3.820239 
-35.397122 42.206117 3.512060 
-34.706318 42.678065 4.059832 
-34.203351 42.305336 3.280026 
-33.966163 43.114656 2.742678 
-33.266526 43.821785 2.845033 
-32.556383 43.264664 3.275512 
-32.016865 42.586173 2.776945 
-32.879367 42.191956 2.459640 
-32.714371 41.577658 1.688009 
-32.839502 42.012657 0.796315 
-32.477008 41.119828 0.529004 
-31.995955 41.012084 -0.341041 
-31.099365 41.150681 0.079575 
-30.315842 40.727840 -0.375725 
-30.638988 41.007241 -1.279889 
-30.868301 41.795982 -1.850242 
-30.280827 42.578495 -2.056513 
-30.687345 42.794780 -1.168839 
-29.769528 43.134491 -0.963397 
-29.705709 43.894182 -0.316251 
-29.877571 44.750247 0.171208 
-29.393581 45.611818 0.324334 
-29.283519 46.217732 -0.463546 
-30.256876 46.423462 -0.362300 
-7.763577 66.427060 30.892815 
-7.616990 65.839343 31.688492 
-7.434799 65.901175 32.669809 
-7.079780 65.069783 33.097299 
-7.899285 65.358117 33.592551 
-7.730584 66.195848 34.111922 
-8.272434 66.936679 33.714974 
-7.969614 67.786950 33.284464 
-8.058534 68.339307 34.113315 
-8.741487 68.616985 34.788942 
-8.697118 67.886790 35.470738 
-8.419596 68.217022 36.372918 
-8.336202 69.151530 36.718954 
-7.818853 69.870274 36.254457 
-7.092064 70.438174 36.640810 
-6.600349 70.962644 35.945722 
-6.281213 70.949311 34.998107 
-7.237976 70.671159 34.913049 
-7.685236 71.367163 35.474776 
-8.395315 71.480847 34.779892 
-9.253655 71.950548 34.573412 
-8.686017 72.682308 34.950657 
-8.628788 73.370469 34.227359 
-7.943237 73.946377 33.781995 
-7.597095 73.115651 34.217977 
-7.231181 73.581712 35.023517 
-6.445196 72.974490 35.139743 
-6.395239 72.520283 36.029237 
-6.587929 72.411600 37.004460 
-7.190949 72.828736 37.684433 
-7.965560 72.533373 38.243664 
-8.625247 73.026696 37.676703 
-8.428710 72.889153 36.705901 
-8.910221 72.041175 36.927442 
-8.724236 72.059862 35.945067 
-9.499072 72.563413 35.562882 
-10.455857 72.281271 35.492457 
-11.009232 72.151210 36.315172 
-11.409453 71.290028 36.628524 
-11.284481 70.387378 37.040353 
-10.857798 69.935489 37.823767 
-10.035224 70.300222 37.387486 
-9.105353 70.462484 37.057318 
-8.962739 70.737551 36.106530 
-9.785695 71.287423 36.249298 
-10.656124 70.927579 35.913342 
-10.683200 70.948492 34.913927 
-11.046174 70.735432 34.006814 
-10.062808 70.601268 33.884375 
-9.955021 69.677503 33.516896 
-10.254009 70.188316 32.710871 
-11.090468 70.720880 32.840151 
-10.633290 71.575057 32.592421 
-11.147514 72.396207 32.344860 
-11.056722 71.999771 31.431298 
-10.069809 72.074960 31.288645 
-9.117912 71.773670 31.344465 
-8.292457 72.316262 31.500086 
-9.099549 72.837122 31.222043 
-8.815669 73.424585 31.979869 
-8.812998 73.820991 31.061798 
-9.357505 74.496041 31.559613 
-9.977765 74.455916 30.776243 
-10.882261 74.228742 31.137183 
-11.857289 74.335192 31.332091 
-11.472112 75.133485 31.795089 
-10.887243 75.857250 32.161276 
-10.437908 75.594432 33.015105 
-10.299112 76.580642 32.924968 
-11.188539 76.961470 32.672205 
-11.693994 77.596796 32.088359 
-11.695175 78.402105 31.495505 
-11.954241 78.570617 32.446551 
-12.899491 78.350487 32.205626 
-13.135902 78.988809 32.938194 
-14.131088 79.010213 32.842560 
-13.711902 78.259148 33.352643 
-12.991541 78.609969 33.950977 
-13.136578 77.669290 34.257714 
-13.258350 77.098509 33.445691 
-12.898415 76.214640 33.744391 
-13.598166 75.921250 34.395751 
-13.725366 76.182379 35.352638 
-14.002763 75.247366 35.131728 
-13.059786 74.920298 35.069922 
-13.466692 74.749995 35.967376 
-12.662155 74.254103 36.294198 
-11.979001 74.947897 36.066271 
-11.615742 74.021234 35.969624 
-12.422305 73.662663 35.499641 
-12.977869 72.850085 35.323385 
-12.538219 72.005094 35.627849 
-11.746574 71.408411 35.496445 
-12.117545 71.332611 34.570899 
-12.328043 71.885425 33.764619 
30.099923 48.329260 42.501555 
29.316540 48.131856 41.912197 
29.082223 47.821025 40.991067 
28.097925 47.984964 41.056500 
27.195394 48.406333 41.145296 
27.024595 47.423520 41.075259 
26.079284 47.112811 40.976024 
25.783156 46.806539 41.880737 
26.310097 45.999784 41.613379 
27.138343 45.684901 42.076907 
28.120124 45.772618 42.245463 
28.738711 46.420457 41.800879 
28.218487 46.859324 41.068238 
28.569576 46.022906 40.647356 
29.194195 46.786197 40.812394 
29.616323 46.944351 39.919760 
29.726475 47.663844 39.234051 
30.653446 47.340427 39.043980 
30.852409 46.715218 39.798651 
30.853147 46.288717 40.703138 
31.245765 46.237342 41.621403 
30.588957 45.872638 42.281398 
30.351751 44.988982 42.684989 
30.209825 44.366340 41.915461 
30.150165 44.787781 41.010570 
30.127209 43.961025 40.448480 
29.925139 42.985727 40.537715 
30.503459 43.415978 41.230845 
31.267370 43.091467 40.673052 
31.132436 42.551373 41.503770 
32.006374 42.749605 41.947545 
32.484226 42.307805 42.706802 
31.964001 42.015719 43.509330 
32.942568 42.117535 43.688323 
33.107538 41.904338 44.651304 
32.165157 42.206018 44.795899 
32.172269 41.208858 44.870876 
31.822046 40.467453 45.443293 
31.081472 41.077491 45.725079 
31.266840 41.864634 45.136823 
30.413234 42.323051 44.889415 
29.662704 42.015129 44.304702 
29.792114 41.551533 43.428157 
29.386717 42.221092 42.805786 
29.165008 42.920052 42.125860 
28.337214 43.013123 42.679119 
27.741130 42.220148 42.553128 
27.467682 41.950475 41.629818 
27.430812 42.906240 41.338008 
27.814626 43.635687 40.771797 
27.464150 43.390487 39.867892 
27.559843 42.906102 38.998287 
28.261257 42.383511 39.482969 
28.792250 42.542105 40.315372 
28.419629 42.321463 41.216743 
27.709965 42.017314 40.581236 
27.548451 41.519884 39.728900 
26.960912 40.915181 39.191188 
26.982674 39.918700 39.272126 
26.123623 39.521481 38.949249 
25.497438 39.256467 38.215997 
24.597007 39.508607 38.570468 
25.086326 39.875314 39.361728 
24.754467 39.225765 40.045801 
24.001024 38.731551 39.612125 
23.388719 38.961224 40.368652 
23.927141 39.657085 40.843919 
23.550575 39.288015 41.693617 
22.919307 38.816617 42.309477 
22.763271 38.297125 41.469369 
23.437882 37.621464 41.766660 
22.518735 37.317555 41.516046 
23.169804 37.210844 40.764567 
23.684601 36.567997 40.197352 
24.489120 37.027940 39.821586 
25.119749 37.743844 40.121237 
25.131323 37.941932 39.141121 
24.297917 38.062070 38.601676 
23.967823 38.068486 37.657749 
23.672846 37.753941 36.755502 
23.498660 36.818920 37.064363 
23.546807 36.181922 37.833723 
23.012114 37.003712 38.030613 
22.968670 37.030140 39.029320 
22.590477 37.260044 39.926044 
22.013358 36.702819 40.523065 
21.792327 36.207568 39.682903 
21.873380 36.539216 38.742988 
21.251756 37.315146 38.850300 
20.557609 38.029874 38.764721 
20.491584 38.755506 38.079813 
21.443412 38.600052 38.344118 
21.045927 37.815947 37.867478 
20.617843 37.934835 36.971593 
-15.725357 20.596460 63.151355 
-16.241620 20.754028 62.309545 
-17.212945 20.981997 62.377063 
-17.000053 21.880289 62.761443 
-16.685922 22.539806 63.444347 
-16.936329 23.333104 62.889392 
-16.351890 23.451335 63.692170 
-17.074956 23.123499 64.300199 
-16.704565 22.201490 64.412942 
-16.046258 21.506657 64.123394 
-16.639878 20.734019 63.898348 
-17.530437 20.406647 64.214152 
-18.415541 20.788336 63.947874 
-19.409143 20.840719 64.047922 
-19.085841 20.654651 63.120100 
-18.930760 21.284892 62.359346 
-19.588636 20.690564 61.896773 
-18.816640 20.907552 61.299330 
-18.185316 21.413164 60.711293 
-17.329357 20.908856 60.597240 
-17.194175 21.868205 60.349501 
-17.445525 22.823965 60.196703 
-17.338441 23.392418 61.012420 
-18.172032 23.679622 61.484267 
-18.285812 24.667752 61.587488 
-17.786289 25.404955 62.042470 
-18.376519 25.591771 62.827791 
-17.790158 25.136168 63.497572 
-17.559863 24.165334 63.430903 
-18.332650 24.136208 62.796906 
-18.880661 23.329262 62.576627 
-18.639073 23.011212 63.493404 
-18.664338 23.786443 64.124577 
-18.826970 23.497155 65.067902 
-18.898407 24.457353 65.337932 
-18.356770 24.803474 64.571883 
-18.410776 25.780426 64.365370 
-19.156783 25.620620 65.011849 
-19.408746 26.428418 64.478953 
-20.373652 26.567468 64.256193 
-20.590182 26.784786 65.207974 
-20.674372 27.459997 65.940778 
-19.676980 27.523235 65.975573 
-19.707441 26.525124 66.028932 
-19.074828 25.861513 66.428207 
-18.724015 25.503460 67.293498 
-19.024489 26.169079 67.976628 
-18.279602 26.544578 67.425135 
-17.700274 26.272916 66.656643 
-17.133020 26.997536 67.047986 
-16.679358 27.852957 66.798096 
-17.645681 27.882122 67.053769 
-17.989703 27.375756 66.263046 
-18.466867 26.687795 65.716215 
-18.153608 27.143784 64.883183 
-17.280383 26.824382 65.251234 
-16.496736 26.661473 64.651769 
-15.524682 26.478640 64.504514 
-16.105064 25.666519 64.564648 
-15.603867 24.822500 64.755523 
-16.424995 24.439497 65.178673 
-15.779657 23.698925 64.991346 
-15.777597 22.704815 64.882984 
-14.976842 22.892408 64.314126 
-14.141698 22.660098 63.815561 
-13.182242 22.428431 63.655019 
-12.722930 21.541712 63.707581 
-13.047893 21.811356 64.614053 
-13.125780 22.023967 65.588081 
-13.632730 22.767428 65.151884 
-13.816069 22.553623 66.111402 
-14.070768 21.681291 65.694071 
-14.661594 20.874536 65.702577 
-15.199219 20.612035 66.503858 
-15.539709 21.539237 66.659945 
-14.589163 21.832883 66.761110 
-14.995970 21.744617 67.670350 
-15.729764 22.423922 67.660815 
-15.997786 22.437546 68.624131 
-15.721051 21.476845 68.645831 
-16.248149 20.739421 68.223487 
-16.594164 20.529757 67.308985 
-16.271021 19.608851 67.091014 
-16.795991 20.112913 66.405209 
-17.525902 20.303719 65.748838 
-17.325765 21.166979 66.212225 
-17.867695 21.493335 65.437756 
-18.411383 22.013390 66.096502 
-17.894155 22.530620 65.414632 
-17.510315 22.494125 66.337311 
-18.137970 22.456466 67.114891 
-69.726077 12.924660 -18.589145 
-70.024906 13.828281 -18.896015 
-70.620549 13.406460 -19.579591 
-70.880975 13.578282 -20.529673 
-70.502935 13.305974 -21.414509 
-70.394924 13.117337 -22.390598 
-71.331932 13.027641 -22.053003 
-71.279291 13.684333 -22.805322 
-72.158777 13.800128 -23.266945 
-72.620948 14.682774 -23.181304 
-73.064588 13.993302 -23.753852 
-73.625638 13.653014 -24.508456 
-73.445269 13.565874 -25.488188 
-72.929238 12.710165 -25.449781 
-72.104432 12.978729 -25.947343 
-71.215618 12.884320 -26.395782 
-71.078653 12.111317 -25.776342 
-70.673148 11.927973 -24.880825 
-70.016803 11.674764 -25.591527 
-69.883170 11.507263 -26.568300 
-69.516763 12.353380 -26.181218 
-68.629303 12.106401 -25.792095 
-68.107370 11.449138 -25.248412 
-67.512047 11.745255 -24.501482 
-66.689813 11.318239 -24.125199 
-66.735959 10.836586 -23.250053 
-66.767957 9.973480 -22.746045 
-65.800705 10.127387 -22.544212 
-65.224751 10.281365 -23.347062 
-64.821346 10.486023 -24.238903 
-65.288061 9.603905 -24.175289 
-66.142492 9.770349 -24.667471 
-66.914932 10.377802 -24.852778 
-67.015458 10.533797 -25.835408 
-67.810134 10.776646 -26.391748 
-68.290883 9.977487 -26.752616 
-68.312911 10.015131 -27.751664 
-69.172456 10.521084 -27.823720 
-69.359371 10.207280 -26.892811 
-69.667281 9.839607 -26.015311 
-69.318867 8.916164 -26.176122 
-68.859798 8.888349 -25.288157 
-69.051027 7.971608 -25.638895 
-68.843005 7.130852 -26.138751 
-67.951752 7.545576 -26.322251 
-67.697239 7.717876 -27.273847 
-66.758281 7.384767 -27.359855 
-66.144892 6.770253 -27.855966 
-66.971451 6.338742 -28.217350 
-66.159516 6.154778 -28.771352 
-65.357919 6.123895 -29.368419 
-64.468902 6.487906 -29.090668 
-64.056553 6.228835 -28.217255 
-65.038097 6.049058 -28.282466 
-64.542631 5.181343 -28.322265 
-63.673103 5.150112 -28.815161 
-63.986369 5.420590 -29.725494 
-63.530984 4.549508 -29.909457 
-64.054520 4.119247 -29.174076 
-64.725806 4.520757 -29.797105 
-64.565356 3.597903 -30.147243 
-65.386865 3.112897 -29.847421 
-66.149141 2.490291 -30.024329 
-65.999809 2.331644 -31.000306 
-66.749336 2.874385 -31.379306 
-66.767112 2.202517 -32.119764 
-65.978717 2.744820 -32.410178 
-66.591085 3.391799 -32.864517 
-67.002078 3.971511 -33.568092 
-67.601744 4.130662 -32.783827 
-67.287521 4.939638 -32.287014 
-66.340912 4.656161 -32.440544 
-66.509443 5.231753 -33.240726 
-66.737819 5.600525 -34.141754 
-67.710152 5.366994 -34.136051 
-68.684489 5.161952 -34.043179 
-69.281287 4.378995 -33.867648 
-70.004088 4.163777 -33.210960 
-70.234081 5.059655 -33.591098 
-70.365657 5.908354 -33.078850 
-69.678892 5.768574 -32.365537 
-40.158677 4.845740 31.860375 
-40.618867 5.730835 31.929885 
-41.574686 5.923952 31.708265 
-42.250066 6.651290 31.830087 
-42.001208 6.782167 30.870430 
-41.253046 7.133930 31.433027 
-41.098346 7.173879 32.420181 
-41.343589 8.143192 32.437164 
-41.002998 8.301903 31.510445 
-41.910821 8.456469 31.120616 
-42.874755 8.630162 30.918964 
-42.643721 7.657506 30.942711 
-43.509443 7.891581 31.385130 
-43.833752 7.829977 32.329073 
-44.522607 8.553036 32.277451 
-45.264242 8.930020 32.832303 
-46.053722 8.319518 32.768990 
-46.673866 9.103021 32.808303 
-46.285194 8.833850 33.689485 
-46.698936 9.015044 34.581665 
-46.446955 8.448492 35.366218 
-45.592448 8.357786 34.854758 
-45.447684 8.691515 35.786244 
-45.436379 9.325166 36.559781 
-46.096578 9.982752 36.922711 
-45.593766 10.328983 37.714736 
-45.060705 10.536646 38.534933 
-45.565912 10.582357 39.396719 
-46.460671 10.815901 39.777331 
-45.838293 10.710555 40.552927 
-45.769123 11.643972 40.904989 
-45.833184 11.456692 41.885204 
-45.715578 11.453938 42.878261 
-46.680617 11.512820 42.622853 
-47.159053 10.935639 43.284639 
-48.063479 10.896266 43.709450 
-48.155096 11.065120 42.728076 
-48.620501 10.842653 41.871392 
-48.691030 9.845446 41.895941 
-49.234278 10.028310 41.076525 
-49.511027 10.382478 40.183231 
-49.107991 10.805902 39.371890 
-49.505825 9.895335 39.259664 
-50.035036 9.517479 40.019375 
-50.671119 9.625805 39.255395 
-51.070460 10.345039 38.686864 
-51.183606 11.283943 39.011914 
-51.869006 10.658250 39.384385 
-51.727217 9.929031 40.053815 
-51.507255 9.087480 40.547180 
-52.062426 8.794663 39.768692 
-52.969715 8.470315 40.036321 
-53.491729 8.197371 39.228234 
-53.036453 7.333872 39.011224 
-52.541306 6.465413 39.035878 
-52.512318 6.730982 39.999534 
-51.843191 7.211503 40.566428 
-50.886057 7.393505 40.341103 
-50.555590 6.493077 40.623982 
-49.806093 6.628999 39.976078 
-49.323330 7.232562 39.341530 
-49.263575 6.278797 39.046978 
-48.485643 6.764630 38.648495 
-48.589126 7.756380 38.572838 
-49.356488 8.378715 38.418391 
-49.515282 7.723293 37.680010 
-49.866977 8.517172 37.183959 
-49.262345 8.773628 36.429870 
-48.649459 8.539812 35.675084 
-47.767510 8.889619 35.990997 
-48.249651 8.841801 36.865784 
-48.488747 7.913839 36.579919 
-48.605920 7.106142 36.002082 
-49.436722 6.664061 36.340214 
-49.258398 5.686208 36.449780 
-48.987043 4.815951 36.038663 
-49.757884 4.193407 36.173732 
-49.407305 3.468544 35.580715 
-24.071597 -34.568340 -56.534145 
-24.351322 -34.490278 -57.491046 
-24.071252 -35.448431 -57.550237 
-23.983248 -35.220327 -58.519889 
-24.162726 -34.314037 -58.902543 
-24.994844 -34.220100 -58.355958 
-25.645751 -34.883161 -58.725649 
-26.468318 -34.978260 -58.164989 
-26.667539 -35.070371 -59.140605 
-27.583176 -34.942030 -59.521575 
-27.986275 -35.853246 -59.436751 
-27.264697 -36.533881 -59.310015 
-27.237591 -37.516960 -59.128847 
-27.744430 -38.296529 -58.760898 
-28.433450 -37.585233 -58.899855 
-29.094297 -36.842424 -59.007170 
-28.660906 -36.853332 -59.908310 
-28.669412 -35.927160 -60.285317 
-28.140564 -36.456911 -60.948404 
-27.706786 -36.974125 -61.686189 
-27.701245 -37.812198 -61.140660 
-26.892868 -37.770387 -61.727838 
-26.735015 -37.940921 -62.700463 
-26.259904 -37.330041 -63.333784 
-25.413372 -37.061871 -62.873926 
-24.940845 -36.934724 -62.001830 
-24.530624 -36.197970 -62.539334 
-23.668561 -35.692207 -62.506893 
-23.563660 -34.901171 -61.904183 
-23.319566 -35.680070 -61.326486 
-22.776201 -35.809734 -60.497064 
-22.200274 -35.057946 -60.818191 
-21.584594 -35.310177 -60.071655 
-20.750931 -35.834734 -60.244416 
-19.927517 -35.857561 -59.677434 
-20.195440 -36.651509 -59.131664 
-19.891158 -36.392218 -58.215050 
-19.279086 -36.002885 -57.526728 
-19.874035 -36.650178 -57.050233 
-20.197627 -35.704544 -57.082866 
-20.726707 -36.376036 -57.601684 
-21.193837 -35.552513 -57.923550 
-21.915643 -36.228418 -58.072371 
-21.410186 -35.936441 -58.884320 
-22.181024 -36.165054 -59.478916 
-22.248489 -37.041418 -59.002016 
-22.936313 -37.563668 -59.506153 
-22.038251 -37.748022 -59.905527 
-21.038805 -37.750362 -59.872335 
-20.611001 -37.438975 -60.720876 
-20.513385 -38.153558 -61.413583 
-21.072070 -37.445774 -61.845918 
-20.141297 -37.104428 -61.976853 
-19.439812 -37.672857 -61.546961 
-18.447117 -37.707415 -61.431363 
-18.321885 -36.718260 -61.354631 
-18.044579 -35.905543 -61.867070 
-18.973109 -36.048756 -62.209593 
-19.475833 -36.250544 -61.369027 
-19.590705 -35.273470 -61.189778 
-20.044611 -35.613316 -62.013474 
-20.808720 -35.150659 -61.563935 
-21.156013 -34.429619 -60.964360 
-20.488214 -33.707402 -60.784230 
-20.767953 -33.447796 -61.708541 
-20.200452 -32.848883 -62.273559 
-20.723200 -32.237013 -62.867149 
-20.472196 -32.528497 -63.790206 
-19.871284 -32.896446 -64.499796 
-19.458899 -33.741545 -64.159581 
-19.686386 -33.398464 -63.248239 
-20.017068 -34.193151 -62.739198 
-20.415865 -34.019605 -63.639666 
-21.007917 -34.584888 -63.065272 
-20.906518 -33.632954 -62.776240 
-21.534037 -32.867093 -62.916512 
-22.376610 -32.511919 -62.511639 
-21.921644 -32.577892 -61.623577 
-21.470325 -32.653953 -60.734462 
-20.508567 -32.513679 -60.499205 
-20.829604 -31.994485 -61.291274 
-19.951545 -31.517681 -61.250418 
-14.090557 1.275340 -24.057245 
-13.985404 0.374173 -24.477770 
-13.562466 -0.412748 -24.927078 
-14.005190 -0.872275 -24.157124 
-14.772520 -0.786562 -23.521625 
-15.656972 -0.339492 -23.655316 
-15.239498 0.199474 -22.923721 
-15.903836 0.338507 -22.189334 
-16.687651 -0.276701 -22.104758 
-17.473120 0.132654 -21.640573 
-17.766666 -0.582882 -22.274481 
-18.311728 0.192956 -22.592260 
-18.431432 1.076189 -22.138862 
-19.126607 1.751588 -22.384968 
-18.430686 2.025976 -23.048599 
-17.570621 2.535068 -23.081979 
-16.739514 2.088386 -23.413243 
-16.447063 2.923629 -23.878906 
-17.367797 2.630618 -24.136578 
-17.281443 3.562931 -24.487770 
-17.860449 4.103461 -25.098162 
-16.947193 4.510553 -25.113664 
-16.516188 3.614403 -25.219255 
-15.812091 3.721705 -25.921205 
-16.329675 2.876992 -26.057468 
-16.351038 2.374253 -26.921642 
-15.882171 3.257325 -26.940313 
-14.927195 3.179022 -27.226475 
-13.992851 3.102506 -26.878412 
-13.558300 2.223275 -27.073649 
-13.546723 2.432167 -28.051520 
-13.592486 3.408586 -27.840543 
-13.203577 4.090220 -27.220765 
-12.730502 4.911291 -27.540206 
-12.203402 4.416747 -28.231287 
-11.792228 3.651740 -27.735605 
-11.105262 2.991278 -27.432509 
-11.251998 2.536668 -26.553988 
-10.932701 1.590806 -26.612256 
-10.171869 1.822843 -27.218304 
-9.968916 2.351545 -26.394117 
-10.339393 1.660198 -25.773805 
-10.704857 0.729703 -25.798606 
-10.756933 0.197207 -26.643436 
-11.386336 -0.000550 -27.394930 
-11.109260 -0.958651 -27.322331 
-10.965015 -1.673889 -26.638498 
-10.607803 -2.152587 -27.440525 
-11.238042 -1.873799 -28.165146 
-12.010418 -1.787761 -28.794458 
-11.366420 -1.098168 -29.125710 
-10.694110 -1.001693 -29.859666 
-10.210567 -0.657889 -29.054691 
-10.314416 -1.608858 -28.763359 
-9.715624 -2.213807 -29.288226 
-10.177089 -2.807416 -29.947528 
-10.050154 -3.749578 -29.637338 
-10.734886 -4.196315 -29.061518 
-11.122470 -3.476935 -29.637946 
-11.156332 -2.597701 -29.162761 
-11.501579 -3.358703 -28.613508 
-12.366364 -2.949918 -28.321889 
-12.968106 -3.038252 -29.115680 
-13.652460 -2.369671 -28.824716 
-14.355579 -3.080569 -28.808961 
-13.848234 -3.941997 -28.832259 
-14.661823 -4.333971 -28.402807 
-15.158713 -4.172569 -29.255479 
-14.400071 -4.576897 -29.766342 
-14.265705 -4.590571 -30.757180 
-14.661513 -4.969592 -31.593648 
-14.593358 -3.975759 -31.681119 
-15.554443 -3.734173 -31.547130 
-15.788217 -4.501777 -32.143899 
-16.709156 -4.703001 -32.477636 
-17.397216 -4.026488 -32.215142 
-18.017911 -3.246009 -32.140380 
62.073723 4.029300 -20.920145 
61.817844 3.474357 -21.711703 
62.269119 2.715356 -21.242377 
63.268008 2.668339 -21.239454 
64.222320 2.480243 -21.471636 
64.745953 2.070284 -22.218458 
63.848335 1.983117 -22.650527 
63.642286 2.114884 -23.620156 
64.612515 1.972723 -23.816232 
64.767635 1.721810 -24.771732 
65.374746 0.960866 -24.542868 
65.620312 0.132153 -24.039944 
64.843435 -0.471810 -24.217965 
64.853499 -1.298110 -23.654825 
65.707182 -1.049396 -23.197259 
65.550143 -1.355959 -22.258452 
66.246308 -1.980574 -22.612302 
66.906972 -1.995519 -21.861769 
66.767817 -2.843007 -21.349518 
66.040421 -3.032730 -22.008988 
65.455054 -2.994438 -21.199125 
65.500987 -3.765013 -20.563433 
66.291065 -4.354138 -20.393999 
66.310894 -3.979325 -19.467111 
66.245995 -4.947593 -19.225769 
65.603002 -4.978340 -18.460514 
66.218822 -5.659890 -18.065223 
65.840889 -6.578208 -18.182952 
66.806449 -6.411404 -18.382630 
67.264299 -6.942474 -17.669653 
67.857617 -7.242747 -16.922786 
68.269670 -8.024278 -17.391209 
67.540089 -8.648973 -17.669539 
66.751212 -8.756973 -17.064552 
66.826494 -8.899635 -16.077648 
66.999680 -7.951652 -15.810561 
66.300947 -7.982303 -15.095835 
66.513093 -8.699284 -14.431807 
67.120975 -9.404385 -14.796927 
67.758456 -9.718204 -14.093269 
68.522956 -9.206669 -14.485535 
68.795866 -9.278023 -15.444925 
68.863876 -9.159687 -16.435567 
69.719331 -8.867207 -16.008187 
69.442081 -7.919639 -15.849297 
70.118869 -7.403055 -16.373795 
70.817249 -6.865454 -16.846289 
71.802217 -6.707793 -16.916859 
71.914054 -7.661323 -16.637089 
72.318597 -7.704000 -17.550611 
72.844740 -7.024164 -18.061490 
72.751539 -6.029244 -18.099542 
73.746126 -5.958559 -18.023371 
73.979016 -6.548583 -18.796439 
74.798133 -6.235419 -18.315840 
75.770138 -6.430736 -18.185232 
75.525615 -5.491237 -17.945334 
75.631788 -4.957904 -18.784550 
76.039155 -4.077698 -19.028042 
76.653527 -3.292022 -19.100567 
77.479701 -3.501907 -18.577704 
78.140045 -4.252421 -18.603659 
78.839518 -3.693306 -19.048775 
79.616264 -3.133245 -19.336869 
79.388716 -2.212353 -19.653381 
78.890403 -2.831809 -20.259977 
78.745472 -3.374972 -21.087001 
79.186101 -2.609412 -21.555792 
80.164246 -2.727728 -21.726773 
80.094177 -1.757187 -21.957297 
80.064495 -2.264109 -22.818777 
79.991329 -3.221839 -23.096987 
79.226704 -3.857845 -22.992846 
78.336501 -3.741382 -23.433272 
77.731130 -4.367497 -23.924703 
78.492728 -4.335434 -24.571960 
13.200623 10.600660 -46.537645 
13.415208 11.517710 -46.201532 
13.369008 10.939230 -45.387144 
13.031888 10.935840 -44.445689 
12.634047 11.846567 -44.556592 
12.066432 12.668687 -44.512642 
11.913227 12.456866 -43.547416 
12.388512 11.905075 -42.862120 
12.771132 10.995539 -43.024433 
13.400466 10.266988 -43.294899 
14.065025 10.179955 -44.037050 
14.718099 10.414610 -43.317028 
15.041354 9.568407 -43.740639 
15.859633 9.267569 -43.250827 
15.182194 8.716656 -42.763415 
14.882807 9.574582 -42.345885 
14.048062 9.068091 -42.129859 
13.332112 9.044245 -42.827603 
12.481493 9.214324 -43.325118 
12.496361 8.460087 -42.668685 
12.410633 7.685657 -42.041860 
11.516993 7.823244 -41.614687 
12.001888 6.994363 -41.335702 
11.881019 6.018754 -41.152458 
12.693406 5.870159 -41.716327 
13.020280 5.629796 -40.802336 
13.550524 4.823800 -40.539254 
13.441396 4.556413 -39.581865 
13.208807 3.943435 -38.826775 
12.794803 3.307376 -39.477950 
13.456276 2.818885 -40.047010 
12.767068 2.135658 -39.805779 
11.914255 1.683354 -40.066800 
11.565264 2.350431 -40.724990 
10.842543 2.048238 -40.103416 
10.477320 2.655740 -39.398042 
10.976032 3.508685 -39.552220 
11.802453 3.074549 -39.910764 
12.107888 3.583615 -40.715477 
11.627282 4.163928 -41.372938 
12.316514 4.085890 -42.093264 
11.921780 4.773773 -42.702363 
11.212469 5.162938 -42.114632 
10.876261 4.338894 -42.570610 
10.457069 4.182236 -41.676330 
10.804886 3.355728 -42.118944 
11.114266 2.991196 -42.997238 
11.701064 2.231931 -42.715842 
12.599923 2.185034 -43.151565 
13.123291 2.853714 -43.679724 
13.466227 3.287242 -44.513060 
14.108627 2.688328 -44.034914 
14.170332 2.636728 -45.031674 
14.883604 2.534437 -45.725057 
15.450193 2.079820 -45.037816 
15.711667 2.727318 -44.322009 
15.321509 3.194499 -43.528587 
15.735775 3.543373 -42.687951 
16.311274 4.176601 -43.205467 
17.049869 4.815062 -42.989030 
17.361490 4.686893 -42.047507 
17.854250 4.600515 -41.181639 
18.488917 4.189007 -40.527531 
17.976063 3.353314 -40.331066 
17.291134 3.386777 -41.058906 
17.548007 3.465735 -42.022120 
17.767812 3.524919 -42.995867 
17.785152 4.032155 -43.857500 
17.965939 4.729347 -44.551214 
18.259376 5.679376 -44.657699 
18.209392 6.215131 -45.500591 
17.485221 5.558811 -45.712299 
17.733673 4.590862 -45.675605 
17.045590 3.897019 -45.888029 
16.112381 4.162724 -46.129942 
16.703099 4.938697 -46.351117 
-40.572877 -50.400040 -0.514245 
-40.945694 -50.257148 -1.431081 
-40.997642 -51.255260 -1.463863 
-41.008381 -51.685425 -0.561177 
-40.936129 -52.682810 -0.562902 
-40.201081 -53.357241 -0.493281 
-39.268300 -53.033570 -0.651889 
-38.898134 -53.896632 -0.308231 
-38.011576 -53.603189 0.049410 
-37.700886 -54.435350 -0.409915 
-38.236853 -55.276974 -0.476325 
-37.372344 -55.304715 0.025527 
-37.105037 -55.646937 -0.875267 
-37.537320 -55.042999 -1.544886 
-37.028960 -55.742671 -2.046912 
-36.853281 -56.557490 -2.599367 
-37.845015 -56.656109 -2.681461 
-37.697415 -55.779650 -3.139756 
-38.122319 -54.883345 -3.012889 
-37.925065 -54.324203 -2.207625 
-37.439932 -53.641987 -2.754642 
-37.838716 -53.513145 -3.662591 
-37.756664 -54.093059 -4.473126 
-38.351028 -54.776580 -4.896836 
-38.818516 -55.653087 -4.781984 
-39.351390 -55.309939 -4.008489 
-40.035053 -54.629869 -3.743705 
-39.810496 -54.108446 -2.920485 
-39.354889 -53.570898 -3.630038 
-39.113391 -53.235592 -4.540669 
-39.989259 -53.700411 -4.411052 
-40.046284 -54.456516 -5.063012 
-39.913006 -55.384129 -5.411971 
-39.765798 -56.137534 -6.052838 
-38.852863 -56.377596 -5.722809 
-39.310679 -57.215913 -6.018831 
-38.610188 -57.344832 -5.316910 
-38.672228 -58.338001 -5.415731 
-39.024748 -57.970463 -4.555123 
-39.829266 -58.519569 -4.781471 
-40.288392 -58.875777 -5.595300 
-39.863919 -57.970704 -5.621085 
-40.561416 -57.863776 -6.329650 
-41.422966 -58.344308 -6.165878 
-42.391655 -58.388465 -6.410198 
-42.007557 -59.104932 -5.827837 
-41.356575 -58.743615 -5.160250 
-40.764945 -58.350900 -4.456155 
-40.594051 -57.429294 -4.107676 
-41.140917 -56.610082 -3.934965 
-41.916964 -57.237425 -3.870226 
-41.302258 -57.950982 -3.534112 
-42.055348 -58.071679 -2.887359 
-42.486948 -58.777452 -3.449148 
-41.703609 -59.398224 -3.417173 
-41.623033 -59.658079 -2.454893 
-41.026914 -58.895361 -2.705701 
-40.292656 -58.302452 -2.375060 
-41.022548 -58.156811 -1.707192 
-41.354038 -57.841740 -0.817898 
-41.131153 -58.582844 -0.184584 
-40.436378 -59.295758 -0.279679 
-40.636521 -59.870620 -1.073075 
-41.580731 -59.733864 -0.773467 
-41.735191 -60.170459 0.112832 
-41.146248 -59.435532 0.449028 
-42.058055 -59.050954 0.592926 
-42.455869 -58.732137 1.453216 
-43.342529 -58.269715 1.452424 
-44.131144 -58.811659 1.742911 
-44.228738 -57.938610 2.220679 
-44.200018 -57.658473 1.261148 
-44.938665 -57.741859 0.592233 
-45.359365 -58.454722 1.153337 
-46.063152 -58.504234 1.862021 
-47.056595 -58.463770 1.968947 
-47.744990 -58.773883 2.624647 
-48.703337 -58.489333 2.649176 
-49.423404 -59.107598 2.964220 
67.149123 -11.691840 24.871335 
66.850991 -12.128914 24.022758 
66.494226 -12.467894 24.893282 
65.540513 -12.766398 24.929708 
64.999060 -11.974280 25.211447 
65.119898 -11.531933 26.100113 
66.066797 -11.523249 26.421526 
67.026903 -11.647886 26.171199 
67.783525 -12.117666 25.716416 
68.493139 -12.546542 25.157386 
69.260796 -13.091260 24.819768 
69.243713 -12.783472 23.868466 
69.783713 -12.360930 23.140552 
69.367835 -11.523510 23.495197 
70.218185 -11.458071 24.017331 
70.960841 -10.974617 23.553938 
71.941873 -11.134285 23.663861 
72.153853 -10.297979 23.158235 
72.279120 -9.323079 22.974174 
72.809551 -8.509448 23.212180 
72.632947 -7.544386 23.018616 
72.058540 -7.075195 22.347858 
71.522851 -6.605623 21.646046 
70.974256 -6.349759 20.850071 
71.337027 -5.912840 20.026967 
72.136802 -6.422596 20.343998 
72.010838 -7.326069 19.934279 
72.408849 -7.670064 19.083836 
72.695065 -8.417450 19.683414 
72.012530 -9.130954 19.841713 
71.596418 -10.032256 19.721278 
71.074931 -10.062396 18.868551 
70.990104 -10.815652 18.216316 
71.086445 -11.788551 18.426519 
70.944831 -11.979060 19.397936 
71.136767 -11.991252 20.379268 
70.288126 -11.594829 20.729493 
70.194912 -12.529847 21.071623 
71.110500 -12.877555 21.273611 
70.721630 -13.098105 20.379106 
71.487130 -13.659811 20.692948 
70.949040 -14.332581 21.200728 
71.222754 -15.290300 21.289349 
72.040531 -15.527526 20.764979 
72.726627 -16.056339 20.265349 
72.434553 -15.302539 19.676726 
72.761795 -14.815022 20.486195 
72.831352 -13.904390 20.893517 
72.387923 -13.165757 21.401249 
71.672394 -13.757977 21.771782 
71.561522 -13.768750 22.765558 
70.686610 -13.425544 22.423890 
70.345914 -13.576201 23.351914 
70.943334 -12.908310 23.795775 
70.847377 -13.508648 24.589744 
71.627344 -13.190331 25.128564 
71.352761 -13.702873 25.942139 
71.991947 -13.236047 26.553298 
71.365290 -12.808893 27.205097 
70.690449 -12.600340 27.912977 
70.396407 -11.679882 27.655494 
69.552242 -11.144316 27.679058 
69.844100 -10.769058 28.558831 
68.988730 -10.279796 28.388639 
68.256521 -10.827684 27.984056 
68.607693 -11.067738 27.079040 
41.428423 37.836560 -5.509945 
41.021330 36.924032 -5.549561 
40.575761 36.147594 -5.103903 
40.682367 35.253050 -4.669822 
39.906692 35.319475 -5.297450 
39.545048 36.141141 -5.737994 
38.965214 36.182413 -4.924305 
38.081929 36.636228 -4.806583 
37.547239 36.949985 -5.591225 
37.015475 36.209286 -5.180624 
36.601089 35.659655 -5.906014 
36.413938 34.678970 -5.962863 
37.314731 34.449646 -6.331622 
37.302281 34.401371 -5.332865 
37.525722 35.344370 -5.579497 
37.941668 35.902916 -6.297143 
38.749322 35.358797 -6.524364 
39.156915 36.219140 -6.830432 
39.728469 37.011068 -7.045320 
38.954050 37.577637 -6.763763 
39.574870 38.355788 -6.668565 
39.067431 38.373311 -7.530074 
38.213422 38.853716 -7.729774 
38.378700 39.679659 -8.268755 
37.627130 39.961364 -7.672277 
37.938848 40.760312 -7.157968 
38.060545 40.888912 -6.173767 
38.849617 41.301001 -6.629342 
39.603597 41.433091 -5.985863 
39.877406 41.458721 -6.947305 
39.975727 41.188364 -7.905032 
39.154189 41.142610 -8.473348 
39.952363 40.754613 -8.934192 
40.378498 39.979811 -8.467190 
40.398900 39.178176 -7.869726 
41.195265 38.574944 -7.825962 
40.373540 38.246537 -8.291704 
41.247790 38.129900 -8.762960 
42.235623 38.281290 -8.727368 
41.664152 39.101832 -8.715890 
42.185238 39.403912 -9.514149 
42.034238 38.616319 -10.111558 
41.056319 38.812919 -10.040683 
41.332903 37.958202 -10.479955 
41.501832 37.412988 -9.658854 
42.139060 36.725391 -9.310788 
42.173710 35.753697 -9.077098 
42.065628 36.010347 -10.037540 
42.664681 35.806768 -10.811937 
42.413374 34.862607 -11.025021 
41.993635 35.364067 -11.781564 
41.520776 35.855182 -12.513145 
41.094076 35.951721 -13.412371 
41.260467 36.372807 -14.303999 
41.685811 37.112968 -14.824810 
41.344562 37.854218 -14.246799 
42.104270 38.366971 -14.646709 
41.224602 38.837886 -14.580202 
40.569457 39.588107 -14.669385 
41.431803 39.989155 -14.978447 
42.249778 39.555646 -15.356584 
42.947547 39.805163 -14.685123 
6.688923 41.717560 5.033955 
5.779716 41.509223 4.673486 
5.449797 42.202128 5.314607 
5.558727 41.271230 5.663268 
5.449665 40.306085 5.425360 
5.906881 39.738116 4.740988 
6.749718 39.347172 5.110838 
7.676102 39.027686 4.911488 
7.952198 39.691330 4.216256 
7.593304 40.594503 4.451784 
8.531048 40.902516 4.291269 
9.020832 41.306134 3.518479 
8.330865 41.163783 2.808773 
8.968150 41.914542 2.634910 
8.182617 42.339911 2.185468 
7.510475 42.745435 2.804964 
6.966354 42.139668 2.224466 
6.421261 42.843328 2.680245 
6.315733 42.462798 3.598973 
6.693925 42.759616 4.475825 
6.178837 43.544540 4.131473 
6.924281 44.209448 4.084465 
6.516686 43.956436 3.207053 
6.849616 44.666923 2.587080 
5.856048 44.555099 2.604940 
5.487033 45.338406 3.105198 
5.520829 45.566852 4.078168 
4.532618 45.650825 3.950150 
4.504161 46.102379 4.841941 
3.913273 46.907595 4.792167 
2.946323 46.682460 4.672490 
2.927870 47.262325 3.857986 
2.179691 46.599091 3.839332 
2.923895 45.946732 3.695848 
2.539703 45.588035 4.546573 
2.552322 45.402462 5.529122 
1.885644 46.064394 5.871739 
1.413909 46.504388 5.107625 
1.802450 47.298110 4.639606 
0.807644 47.284368 4.538751 
0.864669 47.744994 3.652990 
0.423701 47.165186 2.967885 
-0.071893 46.316641 2.782527 
-0.253337 45.360790 3.013668 
0.340011 45.461382 2.215033 
-0.260705 46.128493 1.774462 
0.036989 45.412087 1.143478 
1.036509 45.405129 1.173661 
1.970959 45.641192 1.440263 
1.972442 45.850286 2.418157 
2.383429 46.609952 1.914176 
3.010441 46.353215 2.649663 
3.297020 45.395870 2.686592 
2.961766 44.582093 3.161324 
2.496468 43.792205 3.560793 
3.267423 43.155320 3.563158 
3.512117 42.294062 4.008535 
3.455460 41.531462 4.652919 
2.755407 40.820710 4.721897 
2.052551 41.470657 4.432823 
25.280623 -56.529040 -18.477945 
24.873433 -56.541908 -19.391198 
25.759843 -56.771712 -19.793028 
26.649570 -56.550714 -20.192460 
26.651789 -56.881563 -19.248779 
26.461411 -57.729299 -19.743854 
25.994099 -58.524738 -19.357983 
26.406173 -57.873697 -18.720535 
27.348553 -58.088683 -18.464216 
27.985149 -57.389792 -18.138184 
28.885601 -57.601190 -18.518311 
28.736191 -56.862846 -19.175977 
28.487695 -55.994263 -18.747243 
28.668600 -55.297350 -19.441206 
27.974258 -54.828535 -18.895219 
28.032215 -54.303073 -18.046379 
28.755308 -54.789622 -17.556066 
28.717355 -54.115965 -16.817997 
28.592845 -54.715325 -16.027260 
28.083925 -55.568064 -15.909629 
27.965942 -55.127924 -16.799773 
28.550000 -55.907033 -17.027515 
29.245106 -56.185105 -17.690465 
29.839148 -56.937930 -17.406972 
29.134308 -57.645418 -17.355389 
29.777192 -57.913120 -16.637730 
29.278321 -58.084901 -15.788249 
29.407670 -59.055900 -15.989318 
28.603282 -58.776830 -15.464838 
29.254561 -59.425969 -15.071833 
29.286775 -60.332846 -14.651670 
28.611107 -60.645164 -15.319449 
29.158014 -60.286806 -16.076068 
29.819505 -61.032656 -15.997728 
30.089990 -60.164461 -15.581705 
30.843455 -60.400648 -16.195306 
30.692346 -59.414574 -16.125846 
30.698632 -58.803600 -16.917471 
31.078199 -58.313614 -17.702228 
31.535305 -57.686671 -18.333098 
31.237600 -57.131591 -17.556402 
31.948258 -56.731855 -18.135346 
32.772576 -57.088094 -18.575339 
32.188675 -57.118346 -19.386599 
31.391090 -57.714471 -19.478757 
31.923497 -57.863438 -20.312035 
31.042042 -58.319947 -20.433017 
30.166358 -58.652274 -20.783354 
30.377798 -59.122896 -19.926728 
30.024942 -59.758223 -19.239813 
29.353144 -59.457621 -18.562815 
28.642602 -59.288817 -17.879709 
28.365083 -58.713391 -17.110379 
27.850639 -59.033896 -16.315003 
27.795328 -60.027078 -16.212389 
27.087956 -60.072706 -15.507022 
26.661954 -60.242945 -16.395583 
-11.442717 -85.535340 -47.569445 
-12.167723 -86.001062 -47.062030 
-12.536504 -85.877866 -47.983346 
-13.298352 -85.249919 -47.824372 
-13.709633 -86.157747 -47.906209 
-13.485702 -85.807762 -48.815806 
-14.276699 -86.356355 -49.086672 
-14.706364 -86.773020 -48.285562 
-14.983686 -87.718641 -48.115581 
-14.108505 -87.638306 -48.592661 
-13.948548 -87.557633 -47.608839 
-13.752749 -86.749113 -47.053899 
-14.068857 -86.351775 -46.192390 
-14.822371 -85.727104 -45.987446 
-15.179807 -86.351751 -46.681748 
-15.070002 -87.332890 -46.522661 
-15.566478 -88.200928 -46.518031 
-16.522190 -88.092195 -46.244548 
-16.970390 -88.985634 -46.214844 
-17.372382 -89.848038 -46.522516 
-17.537871 -89.247909 -47.305113 
-18.177440 -89.811620 -47.827780 
-18.745174 -89.694551 -48.642625 
-19.137295 -88.785109 -48.781029 
-18.255488 -88.473171 -48.427318 
-17.324955 -88.613661 -48.089130 
-16.487375 -88.330934 -47.621664 
-16.028258 -89.213958 -47.719028 
-15.759409 -90.125460 -48.030290 
-16.583451 -90.088705 -48.595623 
-17.195236 -89.510140 -49.135051 
-17.179499 -90.248969 -49.808761 
-17.277633 -91.143033 -50.245819 
-17.845770 -91.058874 -51.064438 
-17.344681 -91.403861 -51.858096 
-16.984138 -91.058334 -52.724480 
-17.053084 -90.699473 -53.655321 
-16.463802 -90.101894 -54.199054 
-16.834430 -89.252933 -54.575752 
45.672923 -36.799440 -41.995345 
45.943892 -37.725584 -41.732983 
46.575967 -38.022774 -41.017330 
46.732831 -37.039954 -41.114578 
47.316986 -36.425003 -40.584862 
47.769425 -37.208064 -41.011611 
48.023836 -38.169255 -41.118319 
48.229497 -37.953714 -40.163727 
49.096341 -37.842630 -39.677681 
48.565637 -38.349956 -38.998730 
49.366533 -38.784218 -38.586443 
49.462773 -38.752923 -37.591577 
48.486259 -38.627492 -37.766760 
48.450597 -38.063860 -36.941504 
47.452974 -38.126015 -36.911728 
46.595819 -38.192506 -36.400979 
46.584620 -39.098138 -35.977062 
46.553198 -40.094170 -36.060325 
46.720444 -40.911945 -36.611027 
46.931645 -41.880048 -36.745827 
47.525792 -42.639476 -36.480764 
46.750766 -43.211354 -36.749634 
46.131996 -43.382787 -37.516273 
45.797602 -42.865471 -36.728514 
45.076562 -42.248414 -36.413327 
44.129064 -42.565998 -36.376090 
44.623081 -43.305445 -35.918745 
43.889498 -43.706299 -35.369954 
43.435662 -43.364106 -34.547192 
44.265542 -43.804328 -34.204403 
44.842631 -44.167439 -33.472885 
45.684088 -44.528334 -33.875010 
45.822708 -43.549911 -33.721798 
46.097608 -42.767030 -33.163652 
45.803537 -42.389191 -32.285722 
45.233617 -43.065033 -31.818358 
45.683722 -43.439840 -31.007849 
45.810690 -44.395877 -31.272183 
46.416655 -45.086803 -30.877941 
47.290651 -44.662782 -31.115296 
47.675274 -44.687027 -30.192541 
47.759415 -45.632880 -29.879038 
46.949521 -45.867048 -29.341230 
46.777271 -45.077770 -28.751849 
47.763630 -45.242376 -28.752861 
48.513437 -44.600494 -28.592307 
48.708004 -45.214275 -27.827181 
48.520069 -45.957261 -27.184801 
47.598320 -46.004282 -26.799874 
46.926536 -46.739480 -26.709377 
46.314139 -46.758830 -27.499691 
45.510264 -46.189714 -27.326799 
45.346858 -47.088085 -26.919087 
44.733483 -47.325170 -27.672454 
43.820069 -47.731143 -27.701816 
44.097164 -48.338003 -28.446758 
43.912211 -47.417377 -28.790618 
43.365700 -46.624838 -29.061184 
44.190874 -46.740379 -29.614119 
44.928498 -47.305197 -29.984108 
45.092396 -48.291521 -29.966747 
45.485523 -48.043734 -29.081279 
45.355287 -47.053063 -29.041160 
45.178214 -46.076055 -29.159903 
45.003501 -45.107506 -29.337069 
45.056996 -44.596855 -28.478947 
45.967489 -44.727590 -28.086633 
46.206963 -44.449737 -27.156337 
46.161678 -43.985203 -26.271941 
46.598072 -44.074109 -25.376588 
46.076341 -43.436076 -24.810275 
45.573888 -44.122043 -24.283976 
45.534274 -44.256198 -23.293808 
46.236883 -44.082107 -22.603857 
47.116102 -44.113306 -22.128463 
46.932572 -43.182405 -22.444281 
47.720761 -42.569114 -22.392977 
47.624001 -42.069331 -21.532248 
47.584541 -42.311310 -20.562769 
48.579971 -42.251047 -20.488696 
48.400620 -42.086842 -19.518712 
48.723907 -41.199177 -19.846640 
48.073185 -40.764326 -20.469106 
48.749572 -40.606482 -21.188540 
49.193122 -39.738040 -21.410062 
49.542184 -38.805114 -21.498408 
48.983820 -38.320231 -20.825268 
48.089269 -38.079692 -21.201988 
47.251027 -38.164760 -21.740610 
46.731382 -39.003899 -21.579939 
46.921511 -38.948747 -20.599730 
46.454363 -38.916990 -19.716122 
45.584627 -38.687216 -19.279358 
45.271048 -39.273564 -18.532456 
45.750499 -38.764361 -17.817726 
44.897077 -38.412119 -17.433544 
44.129316 -38.146499 -16.850458 
43.556045 -38.912123 -17.142315 
43.004197 -38.090990 -16.996702 
43.063615 -38.404646 -17.944378 
42.091433 -38.185134 -17.862663 
41.807946 -38.877018 -18.526690 
42.299288 -39.302743 -17.766860 
42.460436 -39.352875 -16.781204 
42.324354 -40.292031 -17.096591 
42.986285 -40.657722 -17.750897 
43.447508 -39.870234 -18.159719 
