38.498986 20.512197 -15.483902 
38.240377 20.895830 -14.597365 
38.171627 21.793031 -15.033602 
39.053052 21.320713 -15.031103 
39.554743 22.088288 -14.632186 
40.475223 21.770993 -14.404064 
41.439337 21.623753 -14.183149 
41.619907 20.654476 -14.016129 
40.985413 20.546702 -14.781507 
40.523731 20.857944 -15.612156 
39.898787 20.483433 -14.927185 
39.021585 20.190812 -14.546539 
39.249374 19.766185 -15.422783 
39.207867 19.634885 -16.413257 
38.575327 18.946143 -16.058959 
38.329336 18.416899 -15.246931 
39.255076 18.591853 -14.911676 
39.330062 17.648615 -15.235219 
39.889184 16.891775 -14.896731 
39.918494 16.169136 -15.587336 
40.479984 15.392739 -15.873581 
40.322143 14.481810 -16.254758 
39.810451 14.239144 -15.430570 
40.173146 13.374676 -15.082508 
39.396472 12.806887 -14.809757 
39.617290 11.970317 -14.308368 
39.788626 11.571922 -13.407299 
39.647818 10.675004 -13.826479 
40.632314 10.766365 -13.676744 
41.580182 10.476704 -13.809573 
41.897053 9.563148 -13.554603 
40.964423 9.202614 -13.539904 
40.264063 9.414412 -14.221547 
39.772825 9.364552 -13.351950 
39.934292 9.740379 -12.439436 
39.319973 9.843243 -11.657111 
40.160002 9.348873 -11.433618 
39.940312 8.374685 -11.485519 
39.350822 7.720860 -11.959876 
39.592470 8.428394 -12.623956 
39.045170 8.497301 -13.458050 
38.230330 8.752203 -12.937415 
38.843789 8.974352 -12.179577 
38.320902 9.327474 -11.403759 
38.168123 10.198968 -11.869760 
38.774586 10.990200 -11.791314 
38.380116 11.745793 -11.268367 
37.448414 11.460762 -11.043223 
36.733782 11.412824 -10.345367 
36.443284 11.765774 -11.234769 
35.828387 11.958026 -10.469955 
35.920865 12.952446 -10.419200 
36.402795 13.067230 -11.287859 
36.376872 13.314760 -12.256392 
36.786000 13.396780 -13.165175 
37.331596 14.165284 -13.499431 
37.600192 13.851975 -14.410306 
36.653063 13.593739 -14.600727 
35.862576 14.180760 -14.775476 
36.439972 14.648358 -14.106173 
37.001212 15.248547 -14.676070 
36.643256 16.140219 -14.398962 
36.735806 15.509686 -13.628337 
36.619809 15.099948 -12.723539 
35.854585 15.259419 -12.099839 
35.287686 16.076370 -11.993936 
34.839565 16.500685 -12.780794 
34.404797 17.400679 -12.749364 
34.970567 18.225015 -12.730009 
35.696412 17.542228 -12.646639 
35.810942 18.341558 -12.056762 
35.804196 19.338853 -11.983568 
35.463797 19.528446 -11.062599 
36.301567 20.058970 -10.933424 
36.121283 21.034940 -11.055814 
35.243707 21.338662 -10.684850 
35.055875 21.034965 -9.750780 
35.069382 20.199382 -9.201582 
34.874103 19.696099 -8.359815 
34.518526 19.981980 -7.469963 
33.728618 20.420835 -7.041649 
32.927328 20.286810 -7.624719 
32.555804 19.695500 -8.340486 
33.255716 20.290601 -8.735426 
33.436281 21.246586 -8.504149 
33.306356 21.632246 -7.590701 
34.233250 21.546460 -7.225314 
34.104791 22.417892 -7.698710 
34.141193 23.340021 -7.313543 
34.610501 23.003749 -6.497043 
33.930927 23.500106 -5.956850 
33.078788 23.991219 -5.776107 
32.320015 23.344858 -5.695602 
32.534725 23.664631 -4.772756 
31.792556 23.582547 -4.107589 
31.023976 23.542466 -3.469092 
30.555211 23.619221 -4.349074 
29.697805 23.169139 -4.598638 
29.318797 22.297313 -4.288361 
29.347501 22.212477 -5.284342 
30.217686 21.753003 -5.462281 
30.395872 20.782138 -5.622504 
31.271291 20.389779 -5.904810 
30.690305 20.239087 -6.704653 
30.470242 20.305484 -7.677876 
29.910028 20.278027 -8.505769 
30.329589 19.430676 -8.180248 
31.013378 19.245961 -8.886161 
30.204725 19.394824 -9.455301 
30.323317 19.466417 -10.445660 
30.772167 18.822037 -11.064779 
31.646865 18.393052 -11.290334 
31.646794 17.393142 -11.303698 
31.417729 16.529273 -11.752318 
31.626344 15.608201 -11.423523 
32.562350 15.376038 -11.158960 
33.261986 15.462207 -11.868245 
33.141165 16.441940 -12.028016 
33.355041 16.214842 -11.077920 
34.013604 16.961610 -10.985008 
34.411950 16.269039 -10.383621 
34.592705 15.420072 -10.880191 
35.479657 14.979207 -10.742518 
-30.098514 -32.117003 31.193678 
-29.960429 -32.934758 30.634922 
-30.513704 -33.609887 31.122864 
-30.594873 -34.021591 30.215168 
-31.430107 -34.571048 30.237100 
-31.545977 -35.267699 30.945090 
-32.518075 -35.414469 31.128074 
-32.425374 -35.957790 31.962466 
-33.197291 -35.959037 32.598187 
-32.739614 -35.090101 32.409821 
-31.863234 -34.612219 32.349930 
-32.693857 -34.095133 32.556536 
-32.512152 -33.258306 32.040102 
-31.577815 -33.424676 31.724926 
-31.791974 -33.259498 30.762194 
-32.347618 -32.814892 30.059638 
-32.298937 -31.871226 29.732342 
-32.086710 -31.796488 30.706700 
-32.597829 -32.375567 31.341857 
-33.441477 -32.587399 30.848517 
-34.419562 -32.708335 30.679037 
-34.734184 -32.427439 31.585740 
-35.449830 -32.049753 30.998199 
-36.381133 -31.753705 30.786000 
-37.107797 -32.186190 30.252224 
-37.701348 -32.985813 30.161114 
-38.332957 -33.666901 30.531503 
-38.884361 -32.899751 30.203731 
-38.240938 -32.271471 30.641078 
-39.093014 -32.146179 31.149280 
-39.055643 -33.143686 31.209137 
-39.905657 -33.635987 31.021748 
-40.197269 -33.515789 30.072794 
-40.982166 -33.630772 29.463929 
-40.725442 -34.589903 29.582930 
-40.307767 -35.487176 29.439929 
-40.510919 -35.409239 28.463889 
-40.859067 -34.789797 27.760267 
-41.631232 -34.170371 27.901946 
-42.444541 -34.733333 27.754968 
-42.777588 -34.060267 28.415318 
-42.747095 -33.742576 29.363022 
-42.680964 -34.188171 30.255811 
-41.796073 -34.397060 30.672142 
-41.132816 -35.145217 30.690844 
-41.314219 -35.784216 31.438355 
-40.709414 -35.288546 32.061670 
-39.838340 -35.743775 31.877291 
-39.597051 -36.636447 32.257971 
-39.694635 -36.610441 31.263083 
-39.981717 -35.921827 30.597205 
-39.053633 -36.184816 30.333586 
-38.621371 -36.356065 29.448248 
-38.145863 -35.721420 30.057442 
-37.318893 -36.250054 29.865951 
-37.605404 -36.412202 28.921695 
-38.029046 -36.606978 28.037054 
-37.066149 -36.370263 27.907454 
-36.548833 -37.191626 27.667149 
-36.110109 -37.264235 28.562833 
-36.462484 -37.246073 29.498515 
-36.678153 -38.220050 29.428829 
-37.171425 -38.621451 28.657104 
-37.941097 -38.622882 29.295542 
-37.913142 -37.737995 29.760509 
-37.924119 -38.224588 30.634069 
-37.828700 -39.213190 30.750525 
-37.863784 -39.837442 29.970090 
-37.079015 -39.225341 29.872785 
-36.960988 -40.074120 29.357379 
-36.986526 -40.837135 28.711502 
-37.660958 -40.667472 27.992923 
-38.062131 -41.157867 27.219247 
-37.125894 -41.482485 27.084773 
-37.455081 -42.326007 27.509163 
-37.077544 -43.027304 26.904476 
-36.420197 -43.687441 27.267951 
-36.072909 -44.396931 26.654749 
-36.070219 -43.526971 26.161634 
-35.234926 -43.710170 26.680020 
-34.238786 -43.685184 26.764159 
-34.284502 -44.539239 27.282329 
-34.376037 -43.888692 28.036259 
-35.357055 -43.958089 28.217333 
-36.084831 -43.285298 28.350351 
-35.935047 -42.504535 27.743743 
-36.001026 -42.211200 28.697473 
-35.490221 -42.050968 29.542106 
-35.187065 -42.998536 29.441049 
-34.282970 -42.766348 29.082300 
-33.716659 -43.318395 29.694293 
-33.093777 -43.307857 28.912048 
-32.529502 -43.130324 28.105775 
-32.805025 -44.057557 27.852145 
-32.863316 -44.960534 28.277861 
-32.478619 -44.982445 27.355079 
-32.767969 -44.956227 26.398214 
-32.379520 -45.875185 26.466205 
-31.712461 -45.641234 27.173524 
-32.242786 -46.472915 27.338031 
-32.426387 -46.946443 28.199462 
-33.148560 -46.447696 28.678750 
-33.570905 -46.584288 27.782665 
-33.150928 -46.602963 26.875322 
-33.680953 -47.440904 26.745211 
-32.777543 -47.542127 27.161870 
-32.835606 -47.892534 28.096666 
-32.686408 -48.875448 28.204466 
-31.829108 -48.377729 28.072891 
-31.825110 -48.532681 27.084977 
-32.009387 -49.342079 26.527378 
-32.429630 -48.530165 26.122171 
-33.226806 -49.069110 26.394290 
-33.769733 -48.381040 25.912844 
-15.391094 7.656097 -8.331022 
-14.767051 7.893235 -9.075559 
-15.206684 7.218399 -9.668281 
-14.645712 7.939840 -10.074276 
-15.529975 8.390478 -10.196772 
-15.910654 8.474179 -11.117683 
-16.618237 9.179269 -11.164324 
-17.351378 8.863394 -11.766592 
-17.028431 9.789997 -11.959234 
-17.873457 10.052726 -12.424965 
-17.752450 10.698578 -13.178777 
-18.665754 11.097406 -13.096240 
-18.585326 10.592019 -13.955376 
-18.546264 10.155034 -14.853996 
-18.040317 9.681653 -15.575056 
-18.378074 10.093865 -16.421225 
-18.634111 9.209293 -16.811067 
-19.495079 9.626571 -17.101950 
-20.001416 9.489439 -16.250587 
-20.699534 9.343525 -16.951544 
-20.392279 10.293453 -16.894700 
-20.164157 11.178380 -17.300736 
-20.023391 11.423564 -16.341533 
-20.106561 10.639694 -15.726204 
-21.035288 11.003174 -15.799327 
-22.030464 11.078416 -15.862293 
-21.907228 10.088702 -15.934950 
-22.004683 9.606400 -15.064382 
-22.046613 8.682904 -14.683072 
-22.435292 8.938342 -13.797814 
-22.374187 7.944674 -13.703529 
-21.930382 8.147084 -12.830564 
-21.214951 8.483307 -12.218099 
-22.068554 8.785515 -11.793798 
-23.062746 8.740582 -11.696007 
-24.059670 8.793725 -11.753616 
-24.032561 9.351862 -10.924310 
-24.771281 8.678154 -10.904102 
-25.436093 7.972494 -11.149194 
-25.778417 8.778291 -11.632418 
-25.549775 9.627325 -12.108720 
-25.334692 10.332341 -12.784511 
-25.891400 9.714309 -13.339590 
-25.629507 10.412710 -14.005659 
-25.155752 10.307929 -14.880060 
-24.711478 10.971393 -14.278034 
-24.337101 11.014398 -15.204313 
-25.133823 11.246858 -15.762162 
-25.866787 11.321695 -15.086024 
-26.333825 11.117877 -14.225598 
-26.731054 10.209300 -14.354814 
-27.667463 10.553120 -14.284629 
-28.333709 11.286622 -14.419132 
-28.052431 11.732792 -15.268729 
-28.458008 10.823335 -15.360353 
-28.112021 9.891574 -15.250285 
-27.367483 10.364904 -15.721053 
-27.978089 10.242086 -16.503406 
-28.784816 10.666007 -16.915088 
-29.005131 10.737575 -17.887888 
-29.350408 9.998041 -18.465706 
-29.146904 9.136976 -18.931703 
-29.685010 8.492242 -19.474621 
-30.665391 8.636601 -19.608833 
-30.601118 9.212852 -20.423575 
-30.633000 9.859741 -21.185492 
-30.833064 10.742832 -21.609903 
-31.043705 11.372294 -20.861966 
-31.180287 11.143096 -19.898216 
-30.404185 11.766170 -19.995405 
-29.928963 12.439002 -20.562380 
-30.121583 13.412417 -20.686322 
-30.226069 13.720626 -21.631885 
-30.987223 14.152286 -22.115945 
-31.863764 13.675574 -22.049462 
-31.351344 12.847274 -22.276056 
-31.170024 12.921676 -21.295451 
-31.993528 12.945407 -20.728637 
-31.327426 13.632517 -20.438483 
-31.274603 14.625469 -20.332384 
-30.984924 14.799972 -21.273465 
-30.432323 15.614692 -21.097785 
-30.405391 16.583375 -21.344624 
-30.602523 17.554015 -21.206799 
-30.682876 17.513227 -22.202730 
-31.321853 16.882179 -21.762859 
-32.027570 16.774432 -22.463112 
-32.099700 15.841928 -22.109228 
-31.136572 15.721613 -22.349870 
-31.587015 15.237024 -23.099719 
-31.592455 14.391649 -23.633865 
-32.009309 15.126201 -24.169277 
-31.079294 15.470780 -24.297098 
-31.188802 16.197698 -24.975035 
-32.062889 16.401986 -25.415759 
-31.665789 17.307569 -25.266658 
-32.320579 18.063209 -25.250555 
-33.062986 17.609363 -25.743358 
-34.035550 17.475778 -25.933817 
-33.971540 17.231237 -24.966293 
-33.257475 17.040001 -24.292839 
30.157086 7.131497 33.117178 
29.157964 7.121083 33.076603 
29.495654 7.815830 33.711655 
29.668571 8.799179 33.767560 
29.751300 8.587886 32.793644 
30.164353 9.086435 32.031519 
30.416399 9.965036 32.437145 
29.467471 9.724312 32.641076 
28.651787 9.237040 32.952887 
28.249924 8.687468 32.220442 
27.503828 8.042176 32.384574 
28.173321 7.787117 31.686918 
28.858694 7.836517 30.960403 
28.862513 8.751471 31.363942 
28.063441 9.147876 30.911893 
28.495163 9.824165 30.315027 
29.431229 10.112457 30.516693 
28.923965 10.435030 31.315836 
29.854845 10.179263 31.576690 
30.679705 10.686267 31.326583 
31.587131 10.640695 30.908849 
32.475756 11.055212 30.712584 
33.028372 11.808720 30.356436 
33.537637 12.579707 29.974038 
33.323372 11.944459 29.232047 
33.601113 12.259204 28.324416 
34.503624 11.935635 28.040202 
35.297666 12.532766 27.926476 
35.292138 13.118160 27.115746 
34.388602 12.735075 26.923733 
34.412099 13.732863 26.985927 
33.594267 13.301281 27.366567 
32.939989 12.648051 26.985502 
32.331116 12.924484 27.729046 
32.189678 13.790503 27.249456 
32.311828 13.822768 28.241443 
32.715841 14.645159 28.642000 
32.738248 14.835761 27.660588 
32.314352 15.593809 28.156244 
33.077633 16.096010 27.749801 
32.531100 16.539823 28.459965 
32.973558 17.426001 28.597511 
32.429127 17.054045 29.349338 
32.250790 16.563690 30.202420 
33.127349 16.213587 29.872159 
33.862709 16.776315 29.494558 
34.857386 16.848920 29.567683 
35.298429 16.769999 30.461692 
35.364952 15.832560 30.119954 
35.250939 15.489105 29.187731 
34.335047 15.088177 29.207705 
33.649511 14.371434 29.079958 
33.912726 13.788135 29.848385 
34.770023 13.275173 29.804659 
34.145184 12.821883 29.168967 
34.693276 13.324805 28.500638 
35.326542 14.065341 28.725541 
35.962985 13.301551 28.833081 
36.047323 12.942009 29.762391 
36.097770 12.712236 30.734327 
35.560574 12.607972 31.571315 
34.916322 12.669411 32.333656 
34.306182 13.399964 32.027028 
33.343247 13.619746 31.870655 
33.216035 14.051888 32.763443 
33.360012 15.036690 32.666311 
33.292304 14.750866 33.622198 
34.220412 15.041784 33.389857 
35.055455 15.558269 33.200261 
34.959354 15.096629 34.082108 
35.504780 14.412261 34.565999 
36.107635 15.147895 34.874882 
37.005410 15.226050 34.441416 
37.184380 15.949697 33.774855 
37.426407 15.985730 32.805255 
36.880375 16.599825 32.235399 
35.923745 16.430127 31.998622 
35.524636 15.541632 31.772154 
35.042334 15.117580 31.005626 
34.264910 15.682387 30.728850 
34.476537 16.219708 31.545245 
34.066462 17.102618 31.316533 
33.184666 17.574195 31.309399 
32.998628 16.752936 31.848771 
32.036044 16.979894 31.996827 
31.308720 17.095040 31.320261 
32.169162 17.553663 31.098214 
31.660228 17.991665 30.357173 
31.368399 18.264107 31.274021 
30.654637 18.960642 31.200650 
30.160955 18.460056 30.489529 
29.819605 18.274486 31.410965 
29.116807 17.683588 31.014840 
28.920047 18.395408 30.340601 
28.579854 18.818301 31.180500 
29.123930 19.641812 31.019840 
28.929670 20.315232 30.306561 
28.200304 19.675700 30.549510 
72.598586 33.054897 18.641678 
71.612761 33.055631 18.809457 
71.543821 33.265177 19.784822 
72.448628 33.027832 20.138365 
72.434791 33.843034 19.559354 
72.622958 34.061629 20.516855 
72.727910 33.403795 21.262670 
72.073769 34.145367 21.411569 
71.300469 33.551977 21.188198 
71.411849 33.131035 22.088421 
70.741040 32.441468 22.361392 
70.587529 32.356366 23.345868 
70.374939 32.439100 24.319501 
69.529708 32.142691 23.874836 
69.095120 31.626128 24.612600 
69.166887 30.796102 25.165689 
69.168337 29.799188 25.244171 
70.055572 29.408400 24.999023 
70.353890 30.362424 25.028086 
70.113351 31.171741 24.492225 
69.581823 31.139181 23.645811 
70.211726 30.485702 23.226063 
70.648310 30.680096 22.347653 
70.934182 31.463739 22.899179 
71.212231 31.259801 23.837847 
71.497443 30.643612 23.103705 
72.233737 30.786614 22.442326 
73.223955 30.810259 22.579836 
74.075432 30.428676 22.220140 
73.236390 29.996934 21.889070 
72.830987 29.093630 21.748749 
73.817466 29.084917 21.912402 
74.574715 28.548999 22.285720 
75.167023 28.347111 23.065728 
74.219512 28.036488 23.141457 
73.923600 27.341982 22.485638 
73.095099 26.970251 22.904447 
73.036907 27.746721 23.531908 
72.515419 28.299847 22.882214 
72.407691 29.287344 22.767134 
71.748698 28.709664 22.285455 
71.266595 27.921896 22.668856 
70.620618 28.389110 23.272533 
70.609472 29.334404 22.946503 
69.638495 29.191278 22.754878 
68.918562 29.879707 22.666781 
68.784119 29.783297 23.653002 
67.950363 30.061733 23.176215 
67.994007 30.164406 22.182457 
67.598240 29.424745 21.638149 
67.280430 29.648683 20.716820 
67.686036 30.562630 20.730330 
66.960384 31.089426 21.172952 
67.350858 31.511316 21.991206 
67.424721 32.269191 21.343001 
66.738550 32.970927 21.534663 
67.502401 33.545091 21.239931 
67.018337 33.240823 20.419503 
67.935875 32.952828 20.145308 
68.618742 32.579144 19.517572 
69.065453 33.159594 18.836743 
69.433443 33.947588 19.330350 
69.858412 34.633267 19.921320 
69.639230 35.423937 20.492985 
69.668813 36.415505 20.619150 
68.948787 36.594904 19.948793 
68.599100 37.487940 20.231998 
69.242334 38.202496 20.507061 
68.810462 38.932085 21.037332 
68.047658 38.688530 20.438323 
68.641058 38.719747 19.634020 
67.706884 38.707190 19.277425 
66.753889 38.516925 19.041629 
65.827506 38.148012 19.117254 
65.251093 37.566683 19.691540 
64.361634 37.718059 19.260324 
63.543363 38.211939 19.554460 
63.180909 37.463220 18.999439 
63.242511 36.512832 18.694534 
63.030216 35.687283 18.171658 
63.477160 35.484569 19.042949 
64.013916 35.878591 19.789032 
64.289877 35.914280 20.749538 
64.871005 35.218810 21.172163 
65.372628 35.531350 21.978818 
65.330890 36.275704 22.645298 
66.188988 36.741872 22.429997 
66.322793 35.908520 22.966300 
67.241208 35.953767 22.573278 
67.905781 36.622309 22.907035 
67.910589 36.835153 23.884110 
68.584017 37.017803 24.600444 
68.507875 36.271428 25.261599 
69.266628 35.662409 25.492661 
69.886777 36.328437 25.907176 
48.060386 61.726697 -25.649422 
48.758349 62.098150 -25.037155 
49.124954 61.870261 -25.939190 
49.594480 61.426897 -25.175663 
49.902929 60.565481 -25.579174 
50.865490 60.372954 -25.388360 
51.610984 60.426005 -24.723962 
51.533507 60.089704 -23.785399 
51.277522 59.440337 -24.501495 
51.668033 58.591206 -24.857132 
50.944740 57.908336 -24.754485 
50.068590 57.867723 -24.274160 
49.306633 58.354336 -24.701511 
48.343838 58.368965 -24.431671 
48.253145 57.858912 -25.287019 
48.156140 56.871696 -25.413488 
48.369648 55.938890 -25.703813 
48.661189 55.806070 -24.756521 
47.755299 55.544459 -24.423470 
47.866490 55.510520 -23.430251 
47.583487 55.203288 -22.521671 
48.310850 54.582707 -22.814626 
48.395360 53.731641 -23.332838 
49.226844 53.480689 -23.828477 
49.319662 54.087085 -23.038750 
50.137312 54.136227 -22.465135 
50.331001 53.227340 -22.834472 
49.353291 53.028849 -22.766030 
49.736576 52.671358 -21.914389 
50.230854 53.057627 -21.135617 
50.857003 53.829861 -21.243283 
51.762612 53.498905 -21.508497 
51.912534 53.939787 -20.623541 
52.797058 54.182542 -21.021897 
53.270895 54.427107 -21.867867 
54.227372 54.222132 -22.075561 
54.340296 53.454500 -22.706425 
55.254282 53.088218 -22.531877 
54.660077 52.284810 -22.570049 
54.984264 51.400200 -22.234836 
55.641495 52.146248 -22.127778 
56.210093 52.347958 -21.330276 
56.214666 52.768379 -20.422958 
55.826054 53.573947 -19.975699 
55.612608 54.104234 -19.155189 
55.569922 53.277761 -18.593833 
55.985832 52.373372 -18.498444 
56.806386 52.920096 -18.331755 
57.111704 53.560872 -19.036160 
57.142820 54.492010 -18.672823 
56.528419 54.957222 -18.035572 
55.809176 54.632702 -17.421262 
55.181927 54.596732 -16.643275 
55.611543 55.187010 -15.959899 
55.131040 55.581401 -15.176590 
55.550191 55.264306 -14.325847 
55.381803 54.288357 -14.464296 
55.762995 53.834961 -13.658614 
55.569982 53.083303 -14.289294 
55.064599 52.862451 -13.455140 
54.666002 53.668763 -13.892155 
53.890935 53.642404 -14.523484 
53.448493 53.393453 -13.661935 
52.785932 53.885350 -14.226780 
53.313341 54.428748 -13.573665 
53.730485 54.415558 -12.664920 
54.322183 55.119090 -13.058539 
55.294813 55.110245 -13.290729 
55.544312 56.039634 -13.018727 
55.108023 56.259820 -12.146276 
54.656746 57.149268 -12.218609 
54.797820 57.813555 -12.952653 
55.790368 57.923234 -12.899557 
56.413291 57.530395 -13.576052 
56.405106 58.530260 -13.561818 
56.832955 59.315916 -14.008684 
57.717764 59.138761 -13.577722 
58.385476 59.221466 -14.317533 
58.607141 58.503193 -14.977039 
58.199183 57.595451 -14.879198 
58.611444 56.792428 -15.309541 
59.251430 56.491067 -14.602717 
59.131666 56.005845 -13.736567 
59.504422 55.209953 -13.259483 
59.740585 54.954107 -14.196911 
59.207507 54.149515 -13.935263 
58.577316 53.664995 -14.541976 
58.563523 53.107607 -15.372114 
58.714881 54.085787 -15.514434 
58.514290 55.062081 -15.595757 
57.789562 55.072930 -16.284707 
58.298998 55.775229 -16.781951 
58.656109 56.592747 -16.330137 
59.507477 57.111386 -16.408787 
6.471186 67.092697 7.738278 
5.607198 67.217097 8.226183 
5.216646 68.050217 8.617819 
4.756750 67.864523 7.749479 
3.974621 67.762915 8.364255 
3.402124 68.564343 8.191165 
3.557767 68.893785 9.122424 
4.536064 69.100990 9.121470 
4.996956 68.342951 9.582942 
5.745652 68.903567 9.229157 
6.638056 68.930093 9.679613 
6.421510 67.955132 9.730193 
7.302192 67.598389 9.418531 
8.019108 66.943150 9.180426 
8.881002 66.807985 9.669168 
9.175406 65.980371 10.147060 
8.763116 65.114281 10.429736 
8.585860 65.083626 11.413423 
8.240166 66.017815 11.325182 
8.151185 66.769402 10.671577 
8.766512 67.265856 11.283874 
9.401515 67.883164 11.748311 
9.709438 67.842938 10.797751 
10.042187 67.293659 10.031219 
9.972040 67.173980 9.040888 
10.437356 66.552373 8.410741 
10.349452 65.865095 9.131797 
10.809720 64.980095 9.202000 
11.576264 64.372174 8.995015 
12.236706 63.630598 9.112835 
12.255637 62.669199 9.387341 
12.109433 62.329324 10.316377 
12.307723 61.374740 10.538750 
12.703511 60.862363 9.776633 
13.286550 60.356527 10.412397 
13.195174 59.491674 9.918757 
13.821045 58.776036 9.608681 
14.280841 57.973092 9.229381 
13.313385 57.757000 9.097720 
12.850818 58.564793 9.463101 
12.915875 58.682403 10.454028 
12.933265 57.703851 10.248764 
12.191266 57.444715 10.867057 
13.008245 57.863004 11.264020 
13.131521 57.171312 11.975614 
12.272194 56.959360 12.441052 
11.919063 57.885535 12.573332 
11.050885 57.394562 12.501130 
11.025912 58.372010 12.291432 
11.727430 59.081376 12.359789 
12.671076 59.155153 12.682417 
13.044075 58.888881 11.793614 
12.237597 58.996460 11.212220 
12.056014 59.662024 10.488305 
11.453137 58.911038 10.218937 
10.871935 59.680863 10.482707 
10.154549 59.227060 9.954105 
9.638936 59.887623 10.499815 
9.636417 60.635132 9.835569 
9.492750 61.027061 10.744278 
8.896861 61.191873 11.530251 
8.505356 61.592123 10.701683 
8.312443 60.657592 10.402622 
8.404786 60.165414 9.537040 
7.529310 59.935891 9.962317 
7.135267 60.095341 9.057162 
7.701408 60.904461 8.899652 
7.782066 60.301387 8.106055 
7.214903 61.110468 7.952062 
6.740162 60.700642 7.173176 
6.393197 59.764917 7.109674 
6.184698 58.861471 6.735088 
6.113562 57.871862 6.610133 
5.977783 57.772448 5.624395 
6.943224 57.561055 5.471956 
7.382555 57.132939 6.261706 
7.763161 56.973929 7.172670 
8.558950 57.493083 7.484438 
9.018046 58.092005 6.828296 
8.948541 58.588729 5.963175 
8.613281 58.094849 5.160876 
7.925355 57.809033 4.493743 
8.388853 58.586592 4.068807 
8.629293 59.126697 4.875327 
9.515595 58.954305 4.445502 
9.884738 59.150805 3.537140 
9.177650 59.226747 2.834104 
8.368163 59.744108 2.556491 
7.872205 59.849099 1.694515 
8.230585 59.282146 0.952809 
8.578977 58.371845 1.176362 
-6.209614 -18.210603 88.670378 
-7.165179 -17.915947 88.679016 
-7.775782 -17.944902 87.887609 
-7.805811 -16.955781 87.743596 
-6.842169 -16.897107 87.482919 
-6.737322 -16.312597 88.287502 
-7.695671 -16.257680 88.567769 
-7.696274 -15.595926 89.317490 
-7.887177 -15.042364 88.506858 
-8.386404 -14.187078 88.645638 
-8.571379 -13.604816 87.853960 
-8.599712 -14.394789 87.241473 
-8.203907 -15.115858 86.672792 
-8.756374 -15.499286 87.412903 
-9.649638 -15.142012 87.140077 
-10.072641 -14.340831 87.563371 
-10.143707 -15.149929 88.146732 
-9.626704 -15.251674 88.996647 
-8.920351 -15.915032 88.749622 
-9.685353 -16.415121 89.155432 
-9.359174 -16.910713 89.960414 
-9.251679 -17.664438 89.312075 
-8.468641 -18.071886 88.842142 
-8.030811 -17.331541 89.352233 
-7.106089 -16.968796 89.467582 
-6.491091 -17.363949 90.149955 
-6.704993 -16.478401 90.562327 
-6.761376 -15.591934 90.102982 
-6.828630 -14.951285 90.867865 
-7.765203 -14.687803 91.098966 
-8.400260 -13.979925 90.789756 
-8.769673 -13.824267 89.873620 
-7.948997 -13.270134 89.734235 
-7.405728 -12.608540 90.251102 
-8.079495 -11.874357 90.167355 
-7.568516 -11.619330 89.346464 
-7.719114 -12.263936 88.596929 
-6.969011 -12.585240 89.174950 
-6.293219 -13.075261 89.725572 
-6.600427 -13.789960 90.353925 
-6.084746 -14.072136 91.162907 
-6.215896 -13.903150 92.139760 
-6.250547 -14.874141 91.903170 
-5.503331 -14.773503 92.560086 
-5.036322 -14.210775 93.242171 
-5.430146 -13.326228 93.492127 
-5.107452 -12.466431 93.887877 
-4.989898 -12.235107 92.922128 
-5.245614 -12.725111 92.088758 
-4.610637 -13.118226 91.423728 
-3.690937 -13.068900 91.813240 
-4.158936 -13.255109 92.677129 
-4.002948 -13.930126 93.398252 
-4.228104 -14.729094 93.955885 
-3.287530 -14.612216 93.637044 
-2.687955 -13.858138 93.905142 
-2.654703 -12.944967 93.498924 
-2.561921 -12.044345 93.923509 
-3.110620 -11.251420 93.658558 
-2.623707 -11.079891 92.802116 
-3.398381 -11.527325 92.355258 
-4.103349 -11.743188 91.679666 
-4.638351 -11.502577 90.869803 
-5.454470 -10.987181 90.608426 
-6.016219 -11.635928 91.121813 
-6.647089 -12.406772 91.210140 
-6.964165 -13.162216 91.783523 
-7.825146 -12.713687 91.543660 
-8.397562 -11.940721 91.817271 
-8.338286 -11.733511 92.793770 
-8.538799 -12.207529 93.651150 
-8.884261 -12.778828 92.906654 
-8.497845 -13.626436 93.270308 
-7.673929 -13.076591 93.407539 
-7.317925 -12.318762 92.860769 
-7.128558 -11.474954 93.362892 
-6.507840 -11.425743 92.580403 
-6.447570 -10.716496 93.282781 
-6.432295 -10.262416 92.391951 
-5.699617 -10.355010 91.717704 
-5.456611 -9.871668 90.876675 
-1.912414 32.202997 44.827578 
-2.728878 31.674347 45.059776 
-3.487044 32.025437 45.609249 
-3.183886 31.753021 46.522422 
-2.751325 32.596526 46.204005 
-1.789958 32.636942 46.476290 
-1.036595 32.538662 47.126510 
-0.058444 32.432831 47.305453 
0.545102 32.150040 48.050948 
0.825359 31.599409 48.837243 
-0.107885 31.425690 48.522796 
-0.903205 31.624024 47.949970 
-1.871666 31.385879 48.023246 
-2.035433 30.402550 47.944221 
-2.651473 30.470227 48.729023 
-2.572046 30.981331 49.584864 
-3.337905 30.502889 50.014460 
-3.846790 30.933300 49.268952 
-4.074312 29.964138 49.363597 
-4.676574 30.044887 48.569394 
-5.025634 29.124005 48.742984 
-4.271917 29.219951 48.092826 
-3.798090 29.293989 47.215326 
-4.067304 28.331177 47.192555 
-3.552328 27.762422 46.551214 
-3.257076 27.361039 47.418231 
-3.525997 26.406937 47.286431 
-3.411089 25.831283 48.096010 
-4.219895 25.362211 48.450699 
-3.706644 24.714708 47.887393 
-4.046594 23.870893 48.302617 
-4.219095 23.740531 47.326272 
-4.430745 22.769251 47.434984 
-3.776510 23.011956 46.718695 
-4.335037 22.265814 46.356315 
-4.229572 22.895778 45.586885 
-3.238192 22.911696 45.716932 
-3.453929 23.331054 44.835118 
-3.060673 22.520680 44.400787 
-2.444715 21.945657 44.939251 
-2.957771 21.231004 44.463810 
-3.270028 21.533356 45.364409 
-3.741024 20.688310 45.617509 
-4.619682 20.289296 45.879707 
-5.089628 21.162439 46.009213 
-6.076552 21.068818 45.878001 
-6.406050 21.918196 46.290297 
-6.573894 22.509377 47.079178 
-7.504193 22.613443 47.430910 
-8.182002 23.347924 47.464261 
-7.934627 23.498606 48.421392 
-7.200856 22.823024 48.493290 
-6.314345 22.985799 48.926421 
-5.708013 23.662393 48.508591 
-6.459489 24.317829 48.433175 
-5.985798 25.159815 48.174956 
-6.074383 26.076576 48.564444 
-6.056274 27.069365 48.445943 
-6.382098 28.002370 48.293165 
-6.297072 28.317357 47.347886 
-5.477403 28.090777 46.821765 
-5.101917 27.655826 46.003334 
-5.076083 26.791123 45.501716 
-4.234630 26.481804 45.944749 
-4.736663 25.624614 46.059586 
-5.270901 24.857603 45.704222 
-5.213909 24.165025 44.985134 
-5.003407 23.767990 45.878472 
-5.464701 23.318813 46.643618 
-6.062733 23.654547 45.915854 
-6.295147 24.044261 46.806981 
-6.199010 24.814217 46.176169 
-6.656854 25.108103 45.337116 
-6.576240 25.133237 44.340688 
-7.341713 24.985045 43.714516 
-6.745345 24.989750 42.911819 
-7.464375 25.683229 42.866162 
-8.347836 25.252335 43.050086 
-44.868914 -57.635383 6.294278 
-44.026674 -57.697511 6.829790 
-43.853789 -56.773327 7.170371 
-43.858100 -55.822368 6.861085 
-43.137002 -55.529679 6.233111 
-42.912306 -54.984320 7.040635 
-43.566218 -55.098822 7.788491 
-42.888296 -55.813467 7.960844 
-42.079931 -55.473573 8.441486 
-42.518001 -54.616499 8.712627 
-42.559410 -53.619365 8.775946 
-43.430487 -54.110294 8.790600 
-43.532386 -53.963310 9.774476 
-42.943703 -54.751935 9.952027 
-43.018934 -54.819095 10.946929 
-43.965054 -55.084572 10.761514 
-44.915986 -54.816012 10.607875 
-44.702346 -55.685425 10.162366 
-43.773850 -56.054474 10.203583 
-44.226702 -56.944156 10.261823 
-44.712419 -56.534614 9.489584 
-45.319446 -57.218708 9.085190 
-45.385714 -58.188601 8.850847 
-45.919982 -57.850803 9.625734 
-46.573236 -58.219826 10.286856 
-47.168697 -57.421812 10.379594 
-47.896518 -58.019116 10.716498 
-48.066534 -58.907555 10.290152 
-47.656488 -58.777773 9.387368 
-46.841612 -59.347313 9.495081 
-46.139975 -59.642159 8.846413 
-46.357185 -59.715242 7.873028 
-47.226816 -59.434156 8.278901 
-47.715098 -60.008356 7.621729 
-48.393133 -59.285434 7.754596 
-47.951061 -58.512050 7.300230 
-47.260306 -59.199236 7.075214 
-47.044886 -58.310889 6.669711 
-47.154986 -58.690352 5.751079 
-46.258855 -59.123635 5.847078 
-45.528580 -58.484425 5.606018 
-46.159748 -57.822024 5.202467 
-46.924346 -58.187948 4.671912 
-47.182578 -57.224941 4.748935 
-48.035029 -57.346727 4.240511 
-48.064483 -58.311347 4.502502 
-48.851530 -58.602499 5.046366 
-48.612136 -59.131031 5.860825 
-48.346890 -59.703809 5.085215 
-47.973314 -59.983763 5.969560 
-48.881584 -60.082305 6.376176 
-49.718172 -60.273958 6.889390 
-49.551348 -60.754239 7.750493 
-50.060090 -61.461251 8.241731 
-49.378861 -62.137950 8.521024 
-49.368933 -62.995803 9.034824 
-49.238179 -63.182908 8.061224 
-49.433359 -64.023776 7.556402 
-48.937510 -64.217338 8.402965 
-49.475036 -64.765705 9.043557 
-50.415203 -64.799621 8.704536 
-51.038228 -65.544907 8.467076 
-51.129902 -66.526467 8.634817 
-51.423968 -67.334114 8.123709 
-51.487212 -68.315051 7.939962 
-51.108120 -68.658125 7.080549 
-50.873502 -68.085573 6.294968 
-50.225040 -68.799763 6.031472 
-50.212281 -69.463418 5.283541 
-50.171871 -68.910013 4.451610 
-49.731657 -68.268105 3.823783 
-49.146473 -67.978285 3.066443 
-49.620662 -67.884538 2.191025 
-49.002582 -67.668859 1.435076 
-48.990456 -66.674146 1.333099 
-49.593689 -66.602005 2.127396 
-49.304641 -65.820391 2.680144 
-49.583252 -64.903265 2.395089 
-50.454864 -64.640155 2.808690 
-50.419672 -64.932133 3.764467 
-50.878819 -65.375880 4.534059 
-50.207372 -65.352758 5.274750 
6.512886 -33.458403 9.208978 
6.280611 -33.208076 10.148864 
6.260988 -34.055840 10.678874 
7.030104 -34.539689 11.096429 
6.441222 -35.204551 11.555969 
6.476234 -34.926978 12.516035 
7.179737 -35.019589 13.220667 
7.043345 -35.805794 12.617942 
6.552969 -36.373309 13.279348 
7.341938 -36.131458 13.844181 
7.964793 -36.273549 13.074856 
8.206396 -35.500432 13.661302 
9.154501 -35.268167 13.444161 
9.069979 -35.926629 14.192014 
9.053692 -36.644259 14.888248 
9.867509 -36.933096 14.383991 
10.196026 -36.904262 13.439933 
10.767677 -36.084395 13.407791 
11.633311 -35.604696 13.551196 
11.271490 -36.174427 14.289092 
10.914331 -35.639899 15.055067 
11.303691 -34.771442 15.361957 
10.895732 -34.053617 14.797781 
10.377727 -33.198519 14.775892 
10.431593 -32.304908 15.221491 
10.682822 -31.340276 15.141681 
11.409554 -31.798662 15.653288 
11.642889 -31.653755 16.614827 
10.707603 -31.308603 16.536655 
11.173637 -31.161129 17.409045 
11.345389 -31.863655 18.099667 
11.742273 -31.993123 19.008358 
12.185017 -31.137948 18.738817 
12.845254 -31.884918 18.817075 
13.148028 -31.162074 19.438223 
12.407470 -31.325488 20.090044 
12.185487 -31.414582 21.061016 
12.370191 -30.862481 21.874077 
11.925519 -31.728455 22.102891 
11.572016 -32.555233 22.540469 
11.266833 -33.007938 21.702661 
11.513460 -33.184074 20.749691 
11.572284 -33.120330 19.753460 
10.914812 -32.373366 19.852330 
10.302145 -33.006856 19.379751 
9.398532 -32.603371 19.523566 
9.334193 -33.490342 19.980887 
9.928582 -34.142086 19.509791 
9.686265 -34.572279 20.379398 
10.303349 -34.623540 21.164624 
11.121997 -34.162342 21.506839 
10.609078 -33.788540 22.279617 
11.503236 -34.126621 22.573184 
12.103291 -33.418267 22.944894 
12.394481 -33.614067 23.881308 
12.962344 -34.419243 23.710360 
13.906256 -34.267607 24.003679 
13.758652 -33.303463 23.783138 
14.555115 -33.506391 23.213518 
15.364205 -34.086152 23.309697 
15.610280 -33.543530 22.506572 
15.526543 -33.530013 21.510176 
16.295494 -33.046291 21.928180 
16.773187 -33.141502 21.054828 
17.103226 -32.335848 21.546760 
17.016927 -31.654263 22.273392 
17.726507 -31.735865 22.973277 
17.790836 -30.745985 23.099764 
17.511332 -29.855464 23.458722 
17.228926 -30.644313 24.004584 
17.861882 -31.286492 24.436987 
17.666997 -32.205528 24.779613 
18.343234 -32.914153 24.980994 
18.253047 -33.712588 24.385706 
18.438329 -32.882192 23.860242 
18.989017 -32.795179 23.030078 
18.125193 -33.050306 22.595662 
10.698786 -11.066203 -69.599222 
9.865603 -10.783209 -70.074322 
9.528802 -11.626228 -70.493707 
9.137901 -12.477060 -70.142591 
10.012918 -12.866515 -69.855064 
10.074930 -13.261509 -68.938476 
9.209572 -13.465459 -68.480699 
8.389766 -13.756377 -68.973938 
7.453151 -13.679795 -68.632050 
7.805684 -14.557744 -68.308126 
7.816546 -15.093080 -69.152696 
7.302784 -14.384653 -69.636618 
6.434894 -14.881395 -69.640525 
7.040957 -15.296721 -70.318900 
6.968936 -16.133274 -70.862030 
7.793719 -16.652934 -70.639122 
6.930051 -17.139332 -70.506854 
7.519284 -17.864477 -70.150527 
6.866999 -17.999356 -69.404651 
6.593261 -17.075539 -69.137013 
5.714588 -17.523603 -68.972170 
6.015800 -17.366920 -68.031574 
6.874380 -17.873299 -67.951450 
6.921010 -17.783353 -66.956596 
6.968075 -18.754234 -66.721702 
6.098201 -18.832798 -67.208680 
6.655696 -18.954402 -68.029906 
6.348248 -19.794737 -68.476350 
6.960515 -20.371286 -67.935313 
6.560306 -20.404597 -67.019495 
5.822757 -20.991677 -67.353198 
6.114102 -21.945720 -67.423335 
5.468829 -22.174915 -66.694575 
6.006172 -21.515668 -66.168593 
6.345827 -20.818852 -65.536864 
5.823268 -19.996608 -65.311372 
6.627301 -19.688132 -64.803068 
7.247241 -20.469994 -64.736991 
7.982318 -20.092066 -64.174113 
8.699930 -20.156210 -64.867596 
9.530783 -20.603195 -64.536105 
8.868524 -20.891031 -63.844322 
9.173523 -20.760754 -62.900922 
9.570975 -21.464636 -62.312210 
10.176886 -21.543242 -61.520572 
9.361710 -22.110149 -61.401815 
8.476588 -21.818789 -61.764677 
7.488166 -21.897679 -61.894278 
7.700430 -22.009509 -62.865071 
7.922053 -21.034668 -62.888911 
7.815269 -20.517978 -62.039424 
8.204955 -20.479240 -61.119291 
9.097268 -20.087160 -60.895569 
9.327923 -19.120737 -60.782323 
10.107526 -18.574288 -61.088286 
10.379785 -19.522631 -61.251134 
11.326305 -19.433118 -60.941154 
12.115052 -18.820282 -60.989219 
13.104331 -18.761472 -61.122895 
14.033243 -18.487522 -60.873749 
14.112868 -17.555608 -61.227578 
14.205967 -16.690148 -61.719831 
13.246617 -16.971444 -61.742636 
12.599781 -16.222345 -61.599618 
11.673987 -16.543388 -61.400027 
11.314583 -16.610082 -60.469231 
10.864561 -17.189386 -61.148853 
11.231376 -17.994554 -61.614849 
11.641014 -17.568920 -62.421715 
12.156683 -16.712305 -62.438898 
11.218461 -16.696357 -62.784564 
10.363365 -16.303331 -62.446421 
9.984668 -16.943022 -61.777553 
9.314768 -17.344810 -61.153213 
8.690302 -18.047469 -61.494260 
7.916282 -17.862112 -62.099682 
12.168086 -40.406303 -16.805742 
12.556914 -40.353095 -15.885969 
12.669809 -40.747968 -14.974196 
12.643320 -41.675362 -14.601048 
11.941620 -41.297554 -13.996996 
12.620269 -41.672998 -13.365746 
12.712987 -41.553309 -12.377273 
13.181143 -41.352941 -11.516644 
14.147047 -41.541287 -11.339007 
14.995374 -41.588740 -10.811666 
15.877979 -41.800582 -11.231346 
15.358305 -42.622788 -11.463544 
14.399727 -42.756187 -11.211886 
13.725190 -43.390140 -11.590178 
14.347573 -44.097910 -11.255959 
13.727023 -44.785041 -11.633806 
12.992506 -44.502144 -11.016997 
12.920263 -45.392875 -10.568243 
12.668316 -45.515292 -11.528210 
12.065122 -46.312436 -11.501412 
12.892263 -46.682625 -11.924258 
12.703047 -47.318071 -12.672860 
13.293543 -47.948431 -12.168915 
13.843147 -48.197511 -11.371485 
14.342703 -48.477353 -12.191322 
13.546761 -49.082664 -12.182797 
14.244167 -49.799338 -12.181237 
14.488196 -50.765967 -12.103267 
14.600747 -50.914861 -11.120840 
14.409017 -50.313764 -10.345004 
15.290149 -50.126398 -10.779171 
16.088688 -49.948486 -11.354221 
17.025675 -50.275429 -11.477361 
17.238925 -51.159211 -11.060883 
16.385074 -51.177694 -11.581073 
16.325280 -51.342449 -10.596553 
15.363979 -51.523827 -10.389181 
15.457407 -52.294177 -9.758442 
14.727482 -52.964944 -9.889903 
14.307534 -53.872210 -9.912509 
14.928792 -53.964179 -9.134318 
15.569127 -53.905430 -8.368472 
16.275756 -53.776625 -9.064234 
17.019490 -54.115556 -8.488052 
17.970578 -53.812945 -8.425932 
18.530675 -53.991055 -9.234986 
19.340727 -54.101694 -9.810811 
19.363816 -54.267924 -10.796628 
19.603775 -55.090342 -10.280830 
19.347558 -55.726467 -11.008634 
18.424184 -55.801574 -10.632153 
18.077958 -55.068795 -11.217954 
17.195774 -55.363269 -10.850478 
17.245071 -55.422159 -11.847524 
17.485232 -54.520363 -12.206810 
18.236113 -54.348395 -12.844465 
18.395092 -53.929823 -13.738626 
18.116724 -53.818049 -14.692575 
18.613739 -54.457181 -15.279505 
19.088364 -55.280030 -15.591996 
18.894714 -56.222371 -15.864930 
17.981896 -56.621859 -15.949614 
18.081771 -55.643847 -15.766536 
18.493003 -55.076654 -16.480104 
19.284404 -54.576372 -16.831391 
19.388842 -55.088553 -17.683895 
19.134417 -56.054909 -17.646151 
19.226347 -56.032037 -18.641654 
18.678351 -56.700423 -19.144605 
18.045933 -57.096147 -18.478684 
17.201311 -56.868466 -18.963219 
17.809070 -56.074623 -18.984247 
17.619001 -55.593931 -18.128204 
17.110784 -54.794313 -18.448087 
17.247848 -54.299621 -17.589895 
16.447625 -54.838956 -17.327670 
-55.159014 4.383697 28.697778 
-55.876901 4.648920 28.054121 
-56.860123 4.527893 27.917636 
-57.013419 4.096708 28.806782 
-57.646425 4.507051 29.463229 
-57.176295 5.340771 29.173593 
-56.191536 5.168352 29.196420 
-55.601846 4.624111 29.793135 
-55.393811 3.777853 30.283612 
-55.646559 4.546706 30.870965 
-56.604893 4.485043 31.149883 
-56.070656 3.711545 31.490896 
-55.612702 2.935065 31.923745 
-56.320354 2.592058 31.306027 
-56.753797 1.690881 31.303467 
-56.652651 1.494541 30.328162 
-57.590735 1.148942 30.304521 
-58.517131 1.203216 29.931900 
-59.026733 1.989663 29.582891 
-59.993493 2.232368 29.663321 
-60.449838 1.611018 30.300247 
-61.396656 1.823226 30.542120 
-61.841988 2.476003 31.154951 
-62.153541 3.290904 31.643696 
-61.517879 3.824619 32.201442 
-62.255150 4.496081 32.126818 
-62.183081 4.457850 33.123484 
-61.318329 4.938470 32.977857 
-61.123275 5.730832 32.399829 
-62.040607 5.914954 32.752817 
-61.734263 6.630759 33.380333 
-61.058429 6.572209 34.115058 
-60.196409 6.245182 33.727792 
-59.735127 5.410707 33.426344 
-59.521494 4.437307 33.509126 
-58.890667 4.503635 32.736043 
-58.220207 4.799896 33.416273 
-57.822004 4.707749 32.503616 
-57.771103 5.615553 32.087321 
-58.104350 6.161273 31.318467 
-58.555840 6.262642 30.431968 
-59.074177 5.724661 29.767210 
-60.049855 5.842317 29.952170 
-59.862406 5.716215 28.978024 
-59.808369 4.720744 28.899815 
-59.400562 3.811738 28.985847 
-60.139910 3.899486 29.653428 
-59.497093 3.276257 30.098818 
-58.507309 3.366981 29.988831 
-57.881421 3.204991 29.225927 
-57.663522 2.249075 29.422763 
-58.158247 1.982336 28.595661 
-57.833284 1.148501 28.149433 
-58.513007 0.803724 28.796817 
-59.251348 0.730141 28.126416 
-59.689761 0.597083 27.237546 
-59.317413 0.765084 26.324785 
-58.479855 1.305110 26.407662 
-58.499388 0.958501 27.345468 
-58.155726 0.049559 27.109413 
-58.153507 -0.078548 26.117655 
-57.643024 -0.781623 26.612723 
-57.118197 -1.456933 26.094541 
-56.356026 -1.906412 25.628639 
-55.810328 -2.721659 25.822512 
-55.643379 -3.333207 25.049119 
-56.066204 -4.196859 25.323573 
-55.427107 -4.635451 25.955389 
-56.053581 -5.410315 26.039747 
-56.408634 -6.338870 26.148023 
-56.191991 -7.314615 26.116600 
-55.741254 -7.615670 26.956958 
-56.707166 -7.826168 26.806273 
-56.537720 -7.018495 27.371031 
-55.924507 -6.916400 28.154324 
-56.259154 -5.993060 27.966029 
-55.955325 -6.095951 28.913184 
-55.446315 -6.509129 29.668295 
-55.164447 -7.420566 29.368575 
-1.953334 24.517897 -72.055522 
-2.778230 24.063478 -72.391751 
-2.344491 23.673914 -73.204223 
-1.838237 23.664175 -74.066552 
-1.932898 24.029804 -74.992487 
-1.785180 23.558966 -75.862252 
-2.782945 23.504413 -75.823652 
-3.576429 23.344660 -75.236403 
-2.984655 23.717316 -74.521609 
-2.479874 22.862484 -74.401367 
-2.663314 22.057466 -73.837190 
-2.508302 21.069881 -73.811736 
-2.114236 20.801790 -72.932624 
-1.158466 20.967342 -73.175722 
-0.698017 20.780241 -72.307978 
-0.819779 20.101681 -71.583595 
-1.377563 19.925614 -70.772498 
-2.362121 19.808555 -70.642340 
-3.356842 19.763635 -70.550078 
-3.897740 20.114951 -69.785875 
-4.649275 19.972841 -69.141670 
-4.031715 19.772745 -68.381025 
-3.231856 19.177781 -68.301995 
-3.390673 18.220091 -68.061981 
-2.981994 17.340260 -68.304630 
-2.265192 16.979978 -67.707645 
-1.537433 16.553497 -67.170540 
-1.566232 17.285146 -66.489467 
-1.284366 17.676788 -67.365348 
-1.806318 18.507978 -67.173801 
-2.657761 18.288074 -66.697684 
-2.015942 18.774334 -66.104709 
-2.491841 19.651757 -66.165126 
-1.533039 19.787340 -66.414755 
-1.883090 20.718690 -66.314498 
-2.410559 21.134763 -67.055214 
-2.269563 20.980202 -68.033085 
-2.391585 19.993504 -68.140494 
-1.616060 19.404229 -68.367025 
-2.174420 18.596120 -68.179426 
-2.017503 18.088839 -69.026801 
-2.971413 18.388886 -69.032148 
-3.474781 18.923360 -69.711088 
-3.969660 18.664932 -70.540732 
-4.942807 18.469941 -70.418413 
-5.519450 19.023805 -69.817815 
-6.280667 19.046622 -70.465911 
-7.001087 19.720897 -70.303592 
-7.287640 19.226937 -69.482684 
-8.077926 19.756754 -69.790486 
-8.641827 19.285909 -69.112017 
-7.942899 19.902732 -68.750038 
-7.075378 20.245724 -68.389812 
-6.665973 21.037944 -67.937290 
-6.236930 20.816173 -68.812927 
-5.943108 21.772016 -68.807201 
-5.688021 22.721233 -68.991372 
-6.655835 22.676936 -69.239109 
-7.173009 22.466616 -68.409473 
-7.804329 21.692862 -68.357126 
-8.734301 21.646905 -68.721871 
-8.406697 22.576054 -68.550530 
-8.244163 22.597064 -67.564051 
-8.260988 23.596922 -67.564926 
-9.108617 24.102669 -67.725377 
-9.544221 23.962012 -68.614458 
51.973786 -3.895503 -31.546322 
51.091875 -3.892000 -31.074919 
50.330250 -4.395020 -30.666385 
49.704699 -3.615310 -30.639210 
48.796459 -3.517871 -31.046158 
48.598568 -4.094333 -31.838958 
49.126193 -4.933858 -31.968606 
48.521398 -5.449952 -32.575129 
47.727399 -5.580554 -31.981405 
47.912629 -6.559821 -32.063426 
48.721797 -6.605406 -31.477620 
48.959407 -7.239954 -30.742168 
49.399975 -7.389321 -29.856962 
48.545265 -7.028226 -29.484025 
49.265650 -7.244614 -28.825069 
49.543208 -6.580485 -28.130883 
48.830246 -6.342348 -28.790411 
47.848198 -6.214119 -28.652068 
46.914768 -6.549386 -28.524381 
47.048903 -7.031549 -29.390132 
47.203742 -8.019090 -29.418227 
46.648082 -8.850002 -29.389464 
45.832193 -9.018526 -29.942569 
45.639950 -9.875960 -30.419904 
45.756500 -9.030094 -30.940411 
45.104467 -8.493808 -31.476368 
45.498199 -7.578200 -31.394894 
45.450856 -7.864074 -30.437797 
44.479764 -7.820909 -30.672570 
43.716660 -8.421024 -30.912433 
43.886872 -8.978445 -30.099839 
44.591579 -9.338904 -30.710950 
45.071331 -9.888327 -31.395035 
45.459312 -9.283347 -32.090354 
46.176268 -9.978944 -32.136385 
46.286673 -10.583428 -32.925314 
47.229589 -10.787522 -33.188481 
47.238941 -11.528597 -33.859837 
47.025916 -12.412315 -33.443107 
47.057273 -12.867410 -32.553217 
47.729999 -13.594621 -32.689610 
48.486856 -14.083064 -32.255338 
48.870600 -14.864250 -31.762907 
47.997100 -15.174594 -31.387829 
48.621802 -15.954390 -31.347016 
48.762045 -16.922352 -31.555298 
48.114992 -17.179387 -32.273112 
47.330479 -16.622128 -32.001082 
46.889858 -15.794853 -31.652556 
45.932536 -15.505883 -31.658063 
45.120318 -15.665913 -32.219039 
44.163517 -15.375172 -32.220316 
43.927553 -16.155158 -32.799921 
43.560993 -15.912379 -33.698082 
44.499384 -16.083249 -33.998460 
44.982772 -16.775119 -33.462128 
44.007871 -16.939055 -33.612774 
43.193792 -17.087160 -33.051223 
42.658095 -17.906493 -33.255484 
42.650363 -18.436985 -34.103139 
43.190040 -19.238237 -33.844791 
44.116254 -18.912315 -33.655314 
2.206386 36.187997 -13.697822 
2.159584 35.373824 -13.119089 
3.095067 35.716231 -13.031745 
3.413400 36.630001 -12.779381 
4.055331 35.877882 -12.630246 
3.870269 35.247787 -11.876102 
4.126873 34.823391 -11.007746 
4.590077 35.618722 -10.616732 
5.264723 35.264893 -9.968922 
4.565026 35.477365 -9.286809 
5.210506 36.241017 -9.272949 
4.606085 36.485098 -8.514595 
4.889283 35.624444 -8.091424 
4.210952 34.938679 -7.827618 
3.757965 35.795391 -8.074291 
3.891942 36.596111 -7.490427 
4.163482 37.558097 -7.461277 
4.610039 38.071462 -8.194110 
3.877654 38.236412 -8.854719 
3.937314 39.068746 -8.303665 
3.230827 39.393312 -7.674750 
3.439880 38.863213 -6.852988 
4.031138 39.374552 -6.229332 
3.236256 39.862536 -6.589935 
3.412032 40.842189 -6.493073 
3.105932 41.610264 -7.055535 
2.754568 42.471262 -7.423267 
3.496732 42.631833 -6.772567 
3.944134 42.903996 -7.624482 
4.310022 43.346793 -6.805912 
4.192406 44.175517 -6.258753 
4.955816 44.424758 -5.662864 
5.289050 44.011365 -4.815480 
5.511360 44.984560 -4.874379 
5.690295 45.725175 -5.522046 
5.806788 46.365394 -4.762738 
5.465477 45.924705 -3.932497 
5.130143 46.822340 -3.646485 
5.499971 46.785831 -2.718102 
5.063863 47.657798 -2.495650 
4.496793 46.836263 -2.554919 
4.865963 46.599614 -1.656191 
5.100173 45.674802 -1.955971 
4.996205 44.686473 -2.067310 
5.517773 45.005354 -1.275931 
6.182070 44.666540 -0.609662 
7.056820 44.699228 -0.126190 
7.292622 45.670690 -0.100517 
7.720309 46.164308 -0.857766 
7.842747 46.677357 -0.008184 
7.335283 46.390666 0.804398 
7.345833 47.084294 1.524654 
7.566669 48.031585 1.292553 
7.718274 49.001083 1.099966 
8.564216 49.228833 1.582161 
8.638878 48.234176 1.653455 
8.475804 47.817103 0.759331 
8.516051 48.745767 0.390598 
8.673488 49.733237 0.379823 
8.033969 50.390279 0.778962 
-49.950014 -15.682303 -35.740022 
-50.656823 -14.975545 -35.709775 
-51.417387 -15.617450 -35.612309 
-51.839553 -16.523414 -35.643995 
-52.185087 -15.932306 -36.372827 
-51.811487 -15.006432 -36.316440 
-51.089066 -14.333289 -36.474513 
-50.879629 -13.804384 -35.652081 
-51.835376 -13.695319 -35.378855 
-52.476814 -14.458690 -35.455154 
-52.728443 -15.416460 -35.316019 
-53.437608 -15.578329 -34.629810 
-52.784357 -15.046944 -34.090465 
-52.348038 -15.324330 -33.234496 
-53.211308 -15.317384 -32.729801 
-53.555928 -14.607328 -32.115750 
-52.820825 -14.263569 -32.700091 
-52.041777 -13.705276 -32.414795 
-52.678548 -12.937008 -32.349317 
-52.344407 -13.049649 -33.285084 
-51.377247 -13.297321 -33.342193 
-51.152459 -13.247981 -34.315350 
-50.741707 -12.467786 -33.843569 
-49.756576 -12.389712 -33.996609 
-49.680888 -12.908672 -34.848050 
-50.334221 -13.663247 -34.786622 
-49.860240 -14.441424 -34.374574 
-50.344424 -14.098832 -33.569467 
-51.245664 -14.442049 -33.833980 
-51.262821 -14.972150 -32.986220 
-51.355205 -15.743222 -33.616230 
-51.281071 -16.643306 -33.186866 
-51.845128 -17.387391 -33.544885 
-52.804705 -17.280208 -33.805124 
-52.899857 -16.942913 -34.741702 
-53.301923 -16.932288 -35.657251 
-53.787247 -16.104826 -35.939680 
-54.569260 -16.554665 -35.508286 
-54.913365 -16.072801 -34.702433 
-54.900376 -15.546414 -35.552579 
-54.708722 -14.928616 -34.789955 
-55.150030 -14.886858 -33.893571 
-55.258754 -15.139013 -32.932012 
-55.567837 -16.023177 -33.282330 
-55.797446 -15.677037 -34.191982 
-56.713754 -15.279993 -34.244299 
-57.595349 -14.821890 -34.358016 
-57.624855 -14.628428 -35.338680 
-58.428894 -14.187133 -34.940208 
-59.349184 -13.910275 -34.663773 
-60.209005 -13.455157 -34.432309 
-60.565507 -14.024046 -35.173438 
-61.240410 -14.535949 -34.641966 
-60.307735 -14.895056 -34.676036 
-60.097150 -14.906656 -33.698529 
-59.188728 -15.193318 -33.394233 
-59.195773 -15.926919 -34.073777 
-86.962314 -22.054003 -8.983342 
-87.852328 -21.801990 -8.603388 
-88.370389 -21.547358 -9.419951 
-89.202049 -21.429890 -8.877232 
-89.255085 -21.380226 -7.879875 
-90.043891 -21.070865 -7.348763 
-90.555132 -21.545128 -8.065497 
-90.283393 -22.027790 -8.898080 
-89.846743 -22.787280 -9.380275 
-89.310261 -23.213386 -10.108712 
-88.753996 -24.042923 -10.059341 
-88.529953 -24.522230 -10.907910 
-87.986619 -24.063258 -11.610856 
-88.885170 -23.632222 -11.693407 
-88.940013 -24.299182 -12.436479 
-89.609446 -24.994986 -12.176253 
-89.872132 -24.786894 -13.118428 
-89.196749 -25.486256 -13.352418 
-88.809248 -24.842241 -14.012029 
-88.352860 -25.628055 -14.429409 
-87.631397 -24.947516 -14.557311 
-87.369756 -25.119235 -15.507077 
-87.473231 -25.098262 -16.501488 
-88.223489 -25.226001 -17.150177 
-88.685103 -25.509885 -16.309747 
-89.468223 -25.938856 -16.759977 
-88.703861 -26.265507 -17.315899 
-89.249715 -27.103215 -17.332846 
-88.975639 -27.798057 -16.667957 
-88.227017 -28.278200 -17.125153 
-87.312788 -28.347037 -16.725846 
-87.076915 -27.738136 -15.968480 
-86.199796 -28.119253 -15.676226 
-85.314999 -28.545842 -15.488725 
-84.987124 -28.917026 -16.357471 
-84.035198 -28.729964 -16.114892 
-83.559206 -28.567040 -15.250666 
-83.858428 -27.612858 -15.252544 
-84.494384 -26.857275 -15.409563 
-28.649614 -30.601503 -45.807322 
-28.491032 -31.547827 -46.088965 
-28.485132 -31.825282 -45.128244 
-27.908991 -32.256271 -44.433758 
-27.998914 -32.725982 -45.311986 
-27.705633 -33.511615 -44.767223 
-27.791332 -34.416346 -45.184497 
-27.237318 -35.225441 -45.380538 
-26.426097 -35.634966 -45.797924 
-26.657169 -36.605435 -45.867165 
-26.270366 -36.396514 -44.968981 
-26.835618 -35.856335 -44.345525 
-26.367628 -35.148979 -43.815777 
-26.809136 -34.341069 -43.425453 
-27.648357 -33.954987 -43.042507 
-27.931759 -33.030232 -42.788517 
-28.605083 -33.743000 -42.592058 
-28.765480 -34.405266 -43.323958 
-29.722368 -34.666832 -43.450245 
-30.516611 -34.446324 -42.884070 
-30.783621 -35.327081 -42.492952 
-30.764322 -36.126289 -41.892207 
-29.797489 -35.882243 -41.967540 
-29.142498 -35.194898 -42.281456 
-28.674735 -35.736804 -41.583218 
-28.521872 -36.326148 -42.376507 
-27.626158 -36.758077 -42.270993 
-26.836596 -36.682989 -41.661934 
-26.060309 -37.256444 -41.400158 
-25.311619 -36.748409 -41.826028 
-24.881773 -36.306921 -41.038424 
-24.484803 -35.389090 -41.037093 
-25.278137 -34.971877 -40.593748 
-26.146596 -35.102069 -40.115387 
-26.194383 -36.066956 -39.857105 
-26.269299 -37.039002 -39.634586 
-27.231923 -37.010234 -39.903894 
-27.918558 -36.824629 -39.200983 
-28.304357 -37.707366 -38.932774 
-28.591958 -36.944997 -38.353050 
-28.123191 -36.068414 -38.461946 
-28.582860 -35.548508 -39.181948 
-27.833187 -35.035821 -38.763447 
-27.923466 -34.267529 -38.129746 
-28.818460 -33.846319 -37.982883 
-28.189921 -33.941005 -37.210889 
-28.242010 -33.025027 -37.608723 
-28.935297 -32.494536 -37.120940 
-28.783939 -32.160473 -38.051259 
-28.784912 -32.161601 -39.051258 
-28.037600 -31.954524 -39.682641 
-27.181644 -32.018002 -40.195777 
-27.398918 -31.447828 -40.988049 
-28.192496 -30.846787 -41.082838 
-28.876636 -30.792710 -40.355496 
-29.572951 -30.804223 -39.637851 
-30.512141 -31.140840 -39.705747 
-30.322925 -32.005911 -40.170342 
-31.094958 -32.060007 -40.803618 
-31.268330 -32.868457 -40.241167 
-31.794530 -33.616951 -39.837595 
-30.958787 -34.158121 -39.744487 
-31.305980 -34.490489 -38.867567 
-30.954985 -34.997081 -38.080061 
-31.543191 -34.264247 -37.738057 
-31.335831 -34.794979 -36.916276 
-31.828335 -35.073412 -36.091707 
-32.474445 -34.700871 -36.757856 
-32.834160 -35.173084 -37.562605 
-33.456562 -35.952661 -37.492791 
-33.716648 -35.191936 -38.087478 
-33.327658 -35.642185 -38.891196 
-33.837054 -36.381913 -39.330874 
-34.440115 -36.170624 -38.561670 
-35.138955 -36.334339 -37.865380 
-35.282168 -37.314828 -37.730732 
-34.925209 -38.248742 -37.750371 
-34.485500 -38.873227 -38.395873 
-33.968717 -38.374625 -39.091812 
-34.431683 -38.950357 -39.765752 
-33.649323 -38.815225 -40.373743 
-34.092090 -39.519178 -40.929087 
-34.415614 -40.235714 -40.311100 
-35.316845 -40.514253 -39.979136 
-35.580484 -39.963752 -40.771249 
-36.226890 -40.342144 -41.433804 
-36.896890 -39.725012 -41.021193 
-37.811979 -39.321761 -41.020098 
-37.687814 -38.346431 -40.837575 
-36.853241 -38.625875 -41.312337 
-36.037230 -38.088773 -41.525992 
-35.432170 -38.875590 -41.647737 
-35.240016 -39.107921 -42.601204 
-35.989930 -39.765118 -42.525558 
-35.519359 -40.090076 -43.345903 
-35.069691 -40.584992 -42.602359 
-35.647223 -41.101845 -41.970442 
-36.071588 -41.894797 -41.533244 
-36.441076 -42.823977 -41.523065 
-35.629020 -43.252808 -41.127252 
-35.419239 -42.656193 -41.901877 
-35.886622 -42.673412 -42.785764 
-36.792922 -42.657371 -43.208095 
-36.554190 -43.418030 -42.604434 
-37.062368 -44.130489 -42.120536 
-36.288488 -44.761881 -42.070994 
-36.307524 -45.424646 -42.819580 
