Snapshot 0 0.000000
1.356191 0.595977 -2.061010 
0.787829 -0.225237 -2.111724 
0.325512 -0.826605 -2.763353 
0.089975 -0.872323 -1.792564 
-0.353686 -0.297544 -1.104964 
0.244380 0.006049 -0.363244 
1.221451 0.034842 -0.152287 
1.624019 -0.547859 0.553687 
1.199677 -1.453360 0.553422 
0.879128 -1.486931 1.500059 
0.383143 -0.803103 2.035202 
-0.471573 -1.214899 1.719155 
-0.513150 -0.266256 1.405552 
-1.369635 0.199170 1.628738 
-1.189033 1.059604 1.152253 
-0.446255 1.712336 1.003184 
-0.003649 1.509245 0.129769 
-0.919790 1.125313 0.014518 
-1.036878 0.596250 -0.825948 
-1.807655 1.155331 -0.520444 
Snapshot 10000 476.196674
0.371695 -0.465504 -0.471810 
0.533101 -2.862013 -0.929001 
0.509327 -1.658640 -1.275995 
-0.060318 -1.467792 0.143662 
-0.637428 -0.237438 0.429365 
-0.287755 0.084454 -0.824574 
-1.223485 -0.880712 -0.831653 
-0.231466 -3.085810 -0.180593 
-0.815731 -1.777378 -0.475066 
1.569365 -3.010168 -1.265455 
0.873922 -2.056692 -0.388799 
1.618506 -0.654988 -1.513937 
1.481917 -1.712754 -0.599066 
-0.093486 -2.893204 -1.692837 
1.032471 -0.204287 -1.928599 
1.084973 -0.345526 -0.284354 
0.011969 -0.775086 -1.061516 
1.003221 -1.919018 -2.314566 
1.355915 -3.327419 -2.302760 
1.913012 -1.809382 -1.878146 
