Snapshot 0 0.000000
-1.071910 2.874073 -2.103271 
-1.721933 2.175337 -2.402000 
-2.472857 1.570804 -2.136195 
-1.983287 1.513863 -1.266092 
-1.964311 2.114050 -0.466458 
-2.187885 2.254308 0.498085 
-1.274282 2.018710 0.829482 
-0.523539 1.943153 1.485741 
-0.349136 1.289522 0.749296 
0.259350 0.963438 1.472770 
0.485431 -0.008794 1.533209 
0.785223 -0.553013 0.749659 
0.731966 -1.507306 0.455571 
1.233041 -2.227910 0.934795 
0.323394 -2.640291 0.884958 
0.609994 -3.173593 0.089062 
1.115941 -2.568074 -0.525237 
1.936100 -2.613374 0.045103 
2.698006 -2.063282 -0.296800 
3.370693 -1.361623 -0.531677 
Snapshot 10000 472.139548
-0.174222 -1.694935 -0.248574 
2.089366 -1.181605 0.601119 
0.819065 -1.600953 0.502137 
0.708173 -0.766633 -0.341297 
-0.867241 -0.420627 -0.254515 
-0.794928 -1.716014 -0.809746 
0.040166 -0.534381 -0.970286 
1.745344 0.052075 0.790592 
0.660994 -0.306385 0.442936 
1.965994 -2.162973 0.435522 
0.714646 -1.279109 1.118391 
-0.188797 -2.781587 1.165120 
0.735317 -2.380723 -0.081762 
1.807518 -0.998659 1.596710 
0.205157 -3.254106 -0.119757 
-0.904108 -2.073033 0.540040 
-0.275134 -1.138524 0.613371 
1.458979 -2.547722 1.102110 
2.288971 -2.322074 1.759645 
0.708534 -2.890296 1.450413 
