Snapshot 0 0.000000
-0.805512 0.445618 -0.559551 
-1.651502 0.885900 -0.258797 
-1.153634 1.302773 -1.019287 
-0.243279 1.047078 -1.344669 
0.190695 1.798705 -0.847956 
-0.339566 2.190448 -0.096051 
-0.353289 1.265119 0.282865 
-0.042835 0.317543 0.358487 
0.749439 0.806238 0.723836 
1.629933 0.476325 1.064259 
1.107921 -0.091715 1.700524 
0.317375 -0.554329 2.101805 
0.473165 -1.529096 2.261676 
0.209810 -2.123449 1.501815 
0.184694 -1.320724 0.905995 
0.523769 -1.013743 0.016731 
0.686958 -0.898311 -0.963088 
-0.083809 -0.791527 -1.591193 
-0.489096 -1.558677 -2.088409 
-0.911240 -0.654175 -2.148992 
Snapshot 10000 470.318098
2.737073 -0.365811 -1.295321 
2.465256 1.766904 -0.600713 
2.342058 0.413996 -0.872184 
3.569739 0.762889 -1.410239 
4.109541 -0.005035 -2.430479 
2.995973 -0.832260 -2.118921 
2.575993 0.312066 -2.437105 
3.091335 2.346036 -1.450921 
2.953120 1.129692 -2.083307 
2.063350 1.676039 0.433827 
3.268006 1.118069 -0.398989 
2.910331 -0.846181 -0.041635 
3.197229 0.411899 0.164057 
1.784857 1.699084 -1.134626 
1.979926 -1.147642 -0.821131 
3.775179 -0.559004 -0.752895 
3.698152 0.072659 -1.212953 
1.653658 0.318592 -0.304469 
1.135111 1.496764 0.295867 
2.004686 -0.028716 0.545255 
