Snapshot 0 0.000000
0.268153 2.157382 -2.747648 
0.817819 1.850285 -1.970758 
1.640805 1.416882 -1.603529 
0.830484 1.446441 -1.018288 
0.915883 1.905956 -0.134233 
-0.049668 1.683626 0.000971 
-0.253434 1.124062 -0.802377 
0.352036 0.384025 -1.095209 
0.390707 -0.024973 -0.183494 
1.165732 -0.603949 0.069728 
1.247104 -0.381391 1.041246 
0.285131 -0.330748 0.772839 
0.153090 -0.695969 1.694348 
-0.462438 -1.451162 1.919758 
-1.179027 -0.857615 2.286094 
-0.934963 -0.776992 1.319692 
-1.226208 -1.718115 1.148038 
-0.905022 -1.221262 0.341827 
-1.106655 -1.998444 -0.254271 
-1.949530 -1.908040 -0.784733 
Snapshot 10000 472.777114
-1.572366 -0.835975 -0.637548 
-1.238824 -0.382217 -2.570524 
-1.780116 -0.847330 -1.473337 
-0.485522 -0.943697 -1.109480 
-0.129688 -1.261139 0.080117 
-1.344337 -1.330249 0.474995 
-1.024835 -0.018600 -0.230247 
0.101713 -0.020296 -2.472338 
-0.559543 -0.020384 -1.207546 
-2.326939 -0.769329 -2.988407 
-1.084465 -1.126046 -2.174034 
-2.428447 -2.203994 -1.474461 
-1.611162 -1.924193 -2.156773 
-1.455594 0.537247 -2.460265 
-2.964340 -1.326320 -0.283802 
-1.547189 -2.253626 -0.805961 
-0.855165 -1.544282 -0.816445 
-2.632178 -0.515733 -1.735295 
-2.918782 0.001001 -2.696277 
-2.992416 -1.446041 -1.995079 
