12.544 34.6394 -21.8935
-47.8087 -17.7628 29.6809
-32.4826 7.83648 -14.55
20.32 10.352 13.0252
54.2337 28.1896 -5.77364
28.569 42.4466 -53.2915
22.0398 -15.2543 -48.2308
-4.04308 -50.9917 47.0262
16.9001 -26.4029 -2.79384
-83.1913 1.79104 38.3191
-30.9878 11.8755 23.1332
-43.4574 71.4638 -39.6488
-34.0926 47.9594 12.5732
-51.2726 -45.3645 0.69432
-31.0662 42.5772 -70.7853
3.42492 66.9679 -10.2305
-5.43616 13.4713 -45.082
-75.2274 12.4442 -25.2946
-109.543 -13.775 6.97808
-77.1631 39.0369 -20.1592
