-70.8181 -18.8577 8.03872
-86.0848 57.8413 -25.5454
-85.8047 14.8346 -3.6488
-37.8863 25.3773 13.0588
-25.5478 -12.057 48.1681
-58.1013 -39.9335 29.0016
-60.5882 0.82196 54.865
-43.2992 93.6563 5.28404
-63.284 48.2061 32.2648
-102.72 64.1878 -58.5249
-51.5589 33.9189 -29.4718
-79.7198 -34.5606 -52.3685
-60.469 15.2592 -56.0376
-111.004 69.0408 -2.62176
-110.528 -56.7568 -22.253
-44.0235 -33.8942 -24.935
-26.7434 -3.66416 -7.52748
-123.052 8.59712 -26.5107
-142.411 50.3925 -51.0818
-114.581 -1.87028 -62.0394
