19 71 1
19 302 1
20 21 1
20 35 1
20 62 1
21 24 1
21 35 1
21 62 1
21 73 1
21 312 1
22 23 1
22 25 1
22 30 1
22 50 1
22 52 1
22 260 1
22 266 1
22 272 1
22 278 1
22 288 1
23 25 1
23 29 1
23 258 1
23 261 1
23 267 1
23 268 1
24 25 1
24 49 1
24 53 1
24 261 2
24 267 2
24 268 1
25 26 1
25 27 3
25 28 2
26 27 1
26 28 1
26 29 1
26 273 1
26 288 1
27 35 1
27 237 1
27 259 1
28 30 1
28 31 1
28 244 1
29 258 1
29 266 1
29 269 3
29 270 2
30 31 5
30 270 1
30 278 4
30 330 2
30 331 2
30 437 1
31 33 1
32 33 5
32 34 1
32 183 1
32 446 1
33 182 2
34 35 1
34 36 3
34 62 1
34 66 1
34 181 1
34 311 2
34 325 1
35 72 1
36 37 1
36 41 1
36 62 2
36 325 1
36 586 1
37 38 2
37 39 1
37 42 1
37 319 1
37 325 2
37 409 1
37 504 1
37 587 2
38 267 1
38 325 1
38 426 1
38 586 1
38 587 2
39 40 1
39 42 1
39 426 1
39 502 1
40 41 1
40 42 1
40 43 1
40 44 1
40 319 1
40 412 2
40 413 2
40 414 1
40 428 2
40 429 3
41 321 1
41 323 1
41 425 2
41 426 1
41 428 1
41 430 2
41 433 1
42 43 1
42 425 1
42 428 1
42 429 1
43 44 2
43 45 4
43 48 1
43 413 1
43 414 2
43 429 2
43 430 1
43 431 1
43 504 1
44 45 2
44 46 1
44 412 2
44 430 1
45 413 1
45 414 1
45 428 3
45 516 1
46 49 3
46 426 2
46 428 1
47 316 1
47 322 1
47 323 1
47 324 1
47 423 1
48 56 3
48 58 1
48 81 1
48 317 1
49 55 1
49 59 1
49 60 1
49 314 2
49 320 1
49 427 1
50 51 1
50 53 2
52 54 1
52 314 1
53 312 1
53 314 1
54 55 2
54 60 1
54 74 1
55 56 2
55 59 2
55 61 1
55 313 2
55 321 1
56 57 1
56 58 1
56 59 1
56 61 1
56 80 1
57 60 2
57 61 5
57 313 1
58 80 1
58 146 2
58 147 1
58 149 1
58 422 1
59 60 3
59 146 2
59 427 1
60 75 1
60 150 1
61 144 1
61 311 1
62 73 1
62 77 2
62 152 1
62 236 1
62 311 1
62 312 1
62 314 1
63 64 1
63 68 1
63 70 1
63 71 1
63 73 1
63 243 1
63 246 1
63 297 1
64 65 3
64 69 2
64 70 1
64 71 1
64 243 2
64 249 2
65 66 1
65 68 1
65 253 2
66 67 1
66 68 1
66 310 1
67 69 2
67 87 1
67 305 1
67 309 2
68 69 2
68 71 1
68 85 1
68 257 1
68 306 2
69 305 1
69 309 2
70 297 1
70 302 1
71 72 1
71 73 1
71 144 1
71 302 1
71 303 1
71 310 1
72 180 3
72 181 1
72 306 1
72 310 1
73 74 1
73 310 1
74 75 2
74 78 1
74 79 1
74 313 2
75 76 3
75 79 1
75 81 1
75 141 3
75 145 1
75 152 1
75 311 1
75 312 1
76 78 1
76 152 1
76 320 1
77 78 1
77 81 1
77 141 2
77 152 1
77 312 2
78 79 2
78 81 3
78 82 2
78 313 2
79 81 1
80 311 1
81 82 1
81 138 1
81 141 1
81 299 1
82 138 1
83 84 2
83 85 2
83 135 1
84 85 1
84 87 1
84 91 1
84 134 1
84 135 2
84 307 2
85 86 1
85 87 5
85 309 1
86 91 1
86 136 2
87 91 2
88 89 1
88 92 1
88 96 2
88 111 3
88 240 1
89 94 1
89 110 1
89 111 1
90 91 2
90 94 3
90 107 2
91 92 1
92 250 2
93 95 1
93 96 1
93 97 1
94 95 1
94 99 1
94 101 1
94 112 1
95 98 1
95 241 1
96 98 1
98 99 1
100 101 2
102 106 1
102 107 1
102 108 1
102 109 1
103 104 1
103 105 1
103 107 2
104 105 2
104 107 2
105 106 2
105 110 1
106 107 4
106 110 1
107 108 1
108 109 1
108 110 1
109 110 4
110 111 1
111 113 4
111 117 1
111 162 2
112 114 2
112 126 1
112 163 1
113 114 2
113 163 1
114 115 3
114 116 1
114 119 1
115 116 2
115 163 2
115 164 1
115 177 2
116 117 3
116 118 1
116 162 3
117 118 1
117 163 1
118 120 1
118 125 1
118 162 1
119 125 1
119 162 1
120 124 2
120 160 1
120 161 1
120 162 1
121 161 3
122 123 1
122 125 1
122 126 1
123 124 1
123 125 1
125 130 1
125 131 1
125 161 1
125 162 1
126 127 1
126 161 2
127 128 1
127 160 1
128 129 4
128 155 1
128 158 1
129 130 3
129 132 2
129 157 1
130 131 2
130 132 2
131 133 1
131 156 1
131 305 1
131 309 1
134 136 1
134 309 2
136 308 3
137 138 2
137 301 1
138 143 1
138 299 2
138 308 1
139 304 2
141 142 1
141 151 2
141 313 1
142 151 2
142 311 2
143 144 1
144 155 1
144 305 1
145 148 1
145 151 2
146 418 1
146 420 1
147 148 2
147 316 1
147 325 1
147 421 2
147 422 1
148 149 1
148 150 1
148 420 1
148 422 2
149 315 1
149 418 2
149 420 2
150 418 1
150 419 1
150 420 2
151 152 1
152 153 1
153 154 5
154 155 2
155 156 3
155 157 2
157 158 3
157 159 1
158 159 3
158 162 1
159 160 2
161 162 1
161 309 1
162 163 1
162 309 1
163 165 1
163 241 1
164 165 2
164 171 1
165 166 2
166 167 2
166 172 2
167 170 1
167 217 1
168 171 1
168 211 1
169 171 1
169 213 2
169 216 1
170 171 1
170 173 1
170 216 1
170 217 1
170 219 1
171 172 1
171 173 1
171 217 1
171 242 2
172 173 2
172 176 1
172 240 1
173 174 3
173 219 1
174 175 2
175 176 1
176 177 2
177 178 2
178 179 1
179 180 2
180 181 2
180 184 1
181 182 2
181 184 1
182 183 1
182 184 3
182 444 1
182 446 1
183 185 1
183 234 1
183 243 1
183 244 1
183 443 1
183 446 1
184 185 7
184 186 2
184 187 1
184 223 2
184 243 3
184 445 1
185 186 2
185 222 1
185 223 2
186 187 4
186 220 2
186 445 2
187 188 3
187 193 1
187 221 1
187 222 2
188 189 3
188 190 1
188 193 1
188 217 2
188 442 1
189 192 1
190 191 2
190 222 2
191 192 3
192 193 3
194 196 2
195 198 1
195 199 2
196 197 1
196 198 1
197 198 2
198 200 1
198 203 2
199 200 3
199 201 1
200 201 3
200 202 2
201 202 2
202 203 7
203 204 1
204 205 1
204 207 1
205 207 1
206 207 5
206 210 1
206 216 1
208 209 2
209 214 1
209 216 1
210 212 3
210 215 1
211 215 1
211 217 1
212 213 1
212 214 1
213 214 1
215 216 4
217 218 1
218 219 4
219 220 1
219 236 1
219 238 1
220 221 2
220 226 1
220 238 1
221 222 1
221 225 2
222 223 2
222 224 1
222 225 1
222 234 1
223 224 2
223 225 1
223 235 1
223 238 1
223 244 1
224 226 1
224 235 3
224 236 2
225 226 4
225 274 1
226 232 1
226 233 1
226 234 1
227 230 2
227 277 2
227 291 1
228 230 1
228 267 2
228 289 1
228 290 1
228 292 1
229 231 2
229 275 1
230 232 3
230 289 2
231 232 3
233 234 1
234 237 1
234 243 1
235 236 1
236 239 1
237 238 1
238 239 1
240 241 3
240 242 1
241 243 4
241 244 1
242 243 2
243 244 2
243 253 1
244 245 2
244 294 1
244 445 1
244 455 1
245 247 2
245 294 2
245 295 1
246 248 1
246 249 3
246 251 1
246 302 1
247 251 2
248 257 2
248 295 1
249 254 3
249 257 1
249 296 1
250 256 1
251 256 1
251 257 1
251 290 1
252 257 1
253 254 3
254 255 1
257 258 1
258 260 1
258 261 1
258 294 1
259 260 2
259 266 2
259 267 2
259 268 1
259 327 1
260 326 1
260 330 1
261 262 1
261 263 2
261 267 2
261 268 1
262 263 1
262 264 1
262 267 1
262 268 1
262 272 1
262 318 3
262 320 1
262 433 2
263 267 1
263 268 1
263 270 1
263 272 1
263 318 1
263 320 2
263 326 1
263 433 1
264 266 1
264 335 1
264 340 3
265 325 1
265 328 1
265 339 1
265 432 1
266 326 1
267 268 1
267 328 1
268 318 1
268 319 1
268 320 1
268 326 1
269 272 1
269 278 1
270 271 1
270 272 1
270 279 1
270 281 1
270 282 1
271 282 1
271 332 1
271 336 1
272 283 2
272 330 1
273 288 1
273 289 2
274 287 1
274 288 1
275 276 1
275 277 1
275 289 1
276 278 1
277 278 1
277 281 1
278 282 1
278 331 1
279 280 2
279 281 2
279 282 1
279 284 1
279 331 2
279 336 1
279 357 1
280 284 3
280 357 1
281 283 2
281 284 1
281 331 1
282 334 2
283 284 2
283 286 1
283 288 1
283 331 1
284 285 1
285 287 1
286 287 1
286 288 1
286 329 1
287 288 1
288 292 2
289 292 1
290 291 2
292 295 1
293 294 1
293 295 1
293 298 2
294 295 1
296 297 3
296 298 1
296 301 1
297 300 1
297 303 1
298 300 1
298 302 2
298 303 1
298 304 1
299 300 1
299 301 3
300 301 3
300 303 1
300 313 1
301 304 2
301 313 1
301 314 2
302 303 1
302 310 1
305 308 2
306 308 1
308 309 4
311 312 1
311 313 1
312 313 4
312 314 2
315 317 1
315 319 1
316 317 1
316 322 1
316 420 1
316 427 1
317 319 1
317 321 1
317 324 1
317 427 1
318 319 1
318 320 2
318 327 1
319 321 1
319 326 1
319 327 1
319 428 1
320 321 1
321 322 1
321 324 1
321 426 1
321 428 1
322 323 1
322 324 1
322 423 3
322 427 2
323 413 2
323 417 1
323 424 1
323 425 1
323 426 1
323 429 1
324 325 1
324 330 1
324 426 2
324 432 1
324 502 1
325 326 1
325 327 1
325 328 1
325 329 1
325 432 4
326 327 4
326 328 4
326 329 1
326 433 2
327 328 1
328 329 1
329 331 3
329 332 1
329 336 1
330 331 1
330 332 1
330 333 1
330 335 1
331 332 2
331 435 6
332 333 1
332 335 1
332 352 1
332 437 1
333 334 1
333 352 2
333 355 1
334 342 1
334 497 1
335 337 1
335 341 1
337 343 1
338 339 2
338 341 1
338 342 1
338 430 2
338 434 1
338 502 1
339 501 2
339 503 1
340 382 1
340 430 3
340 431 3
341 342 3
341 343 1
342 343 3
342 346 1
342 347 1
342 349 1
342 497 1
344 346 1
344 348 1
344 487 1
344 492 1
345 346 1
345 350 3
345 351 1
345 354 1
345 361 1
345 364 1
345 367 1
345 368 1
345 371 1
345 372 1
346 347 1
346 348 1
346 350 1
346 373 2
346 488 1
346 498 1
348 349 3
348 435 1
348 498 1
349 352 1
350 352 1
350 356 1
350 357 1
351 364 1
352 355 2
352 356 1
352 361 2
352 498 2
353 354 1
353 360 2
353 361 2
353 362 4
353 364 1
353 365 1
354 355 2
354 357 1
354 360 2
354 361 1
354 362 2
355 356 4
355 360 1
356 357 1
356 498 1
357 358 2
357 360 1
358 359 1
361 364 2
361 369 1
362 363 3
362 364 1
362 365 1
364 367 1
364 369 2
365 366 1
365 370 1
365 372 1
365 489 2
365 490 1
365 492 1
367 368 1
367 489 1
369 370 3
369 372 1
370 474 1
370 475 1
371 474 3
371 475 2
372 373 1
372 374 1
372 436 1
372 473 2
372 479 1
372 489 1
373 436 1
373 474 1
373 486 3
373 567 1
374 375 3
374 377 1
374 435 1
374 568 2
374 571 1
374 806 1
375 376 4
375 377 2
375 571 2
376 378 1
376 435 1
376 568 1
376 569 1
376 582 1
376 807 1
377 378 4
377 379 1
377 408 1
377 568 1
377 806 1
378 379 1
378 384 2
378 431 1
378 504 1
378 518 1
378 522 1
378 807 1
378 808 2
379 380 2
379 381 2
379 383 2
379 389 1
379 390 1
380 381 1
380 389 4
380 522 1
380 523 2
381 383 1
381 390 1
381 521 1
381 579 1
382 383 2
382 384 1
382 497 1
382 518 1
382 519 1
382 521 3
383 384 1
383 385 1
383 503 1
383 518 2
383 521 2
383 535 1
383 540 1
384 385 2
384 386 2
384 399 2
384 408 1
384 410 2
384 431 1
384 518 1
384 520 2
384 521 1
385 391 1
385 393 1
385 410 1
385 411 1
385 412 1
385 589 1
385 811 1
386 388 1
386 399 1
386 410 1
387 388 1
387 410 1
387 412 2
387 598 1
388 391 2
388 688 1
388 691 2
389 390 2
389 391 1
389 392 3
389 393 1
389 410 1
389 519 1
389 522 1
389 541 3
389 597 1
389 615 1
390 392 2
390 393 2
390 534 3
390 535 1
390 592 1
390 597 1
390 598 1
390 691 1
391 392 1
391 512 1
391 518 1
392 535 1
393 410 1
393 535 1
393 594 1
393 595 1
393 596 1
393 597 1
393 599 1
393 811 1
394 395 2
394 591 1
394 592 1
394 601 2
395 397 1
395 399 1
395 528 1
395 530 1
395 597 2
395 686 1
396 397 2
396 401 2
396 404 1
396 601 2
396 686 1
396 691 4
397 528 1
397 691 1
397 692 3
397 703 1
397 704 1
398 400 2
398 405 3
398 528 2
398 591 1
398 596 1
398 686 1
398 688 3
399 400 4
399 410 1
399 527 2
399 534 1
399 597 1
399 686 1
399 687 2
399 688 1
400 527 1
400 528 1
400 593 1
400 596 2
400 688 1
401 402 1
401 403 2
401 405 1
401 530 1
401 599 1
401 600 1
401 601 1
401 614 1
401 686 1
401 691 1
401 693 1
401 705 1
401 709 1
402 403 3
402 704 1
402 705 5
402 708 3
402 709 1
403 404 4
403 692 1
403 704 1
403 705 1
403 708 2
403 709 2
404 600 1
404 692 2
404 709 2
405 409 1
405 534 2
405 594 1
406 408 1
406 410 2
406 412 1
406 511 1
406 517 2
406 520 3
407 408 2
407 411 1
407 511 1
407 517 2
407 688 1
408 409 4
408 411 1
408 503 1
408 517 1
409 431 1
409 807 1
409 808 1
410 412 1
410 540 1
410 590 1
410 597 1
411 412 1
411 508 1
411 517 3
412 429 1
412 504 3
412 511 1
412 517 1
413 426 1
413 505 2
413 506 1
414 425 3
414 429 1
414 509 6
415 416 2
415 417 1
415 424 2
415 425 1
415 509 2
416 417 3
416 424 3
416 507 1
416 508 2
417 418 2
417 424 1
417 507 1
418 420 2
418 421 1
420 421 1
420 422 2
421 422 1
421 423 4
422 423 1
423 509 1
424 428 1
424 505 1
425 426 1
425 427 1
425 428 1
427 428 1
428 429 1
431 432 1
431 502 3
431 504 2
431 578 1
432 434 1
433 434 4
435 438 1
436 437 1
436 474 1
436 568 1
437 438 2
437 439 2
437 572 1
438 439 1
438 471 1
438 572 1
439 440 1
439 441 1
439 568 1
439 569 2
439 571 1
440 569 1
440 570 2
440 573 2
440 574 1
441 442 1
441 443 1
441 447 1
441 455 1
442 444 1
442 455 1
442 456 1
443 444 6
443 446 1
443 447 1
443 457 1
444 445 2
444 446 3
444 448 1
445 456 1
446 447 6
447 451 1
447 452 1
447 454 1
447 578 2
448 449 3
448 451 1
448 454 1
449 456 1
449 582 1
450 451 4
450 453 3
451 455 1
451 570 1
451 574 1
451 576 2
452 453 2
452 455 1
452 574 3
452 581 1
453 454 1
453 455 1
453 571 1
454 578 2
454 579 2
454 580 1
454 583 1
455 456 3
455 457 1
455 571 1
455 577 1
456 457 4
456 458 1
456 462 1
456 579 1
457 459 1
458 459 1
458 574 1
458 577 1
459 460 3
459 461 4
459 462 1
460 461 2
460 462 2
461 462 2
461 570 1
461 575 1
462 470 1
462 569 1
463 464 1
465 471 1
466 470 1
466 472 1
467 469 2
467 472 1
467 473 1
467 474 1
468 469 1
468 472 1
468 573 1
469 470 1
469 471 1
471 570 1
472 473 2
472 474 6
472 475 1
472 569 1
472 573 1
472 574 1
473 474 3
473 475 1
474 475 2
475 477 1
475 479 1
476 477 1
476 480 1
476 482 1
476 485 1
476 490 2
476 491 1
476 494 2
476 565 1
477 481 1
478 481 2
478 482 2
478 555 1
479 480 1
479 481 1
479 491 1
480 481 2
481 482 1
481 483 1
481 555 1
482 483 2
482 560 1
483 484 2
483 485 1
483 494 1
483 532 1
484 500 1
484 549 1
484 565 1
485 491 1
485 493 1
485 494 1
485 565 1
486 487 6
486 492 3
486 495 2
486 538 1
487 493 1
487 494 1
487 495 4
487 538 1
487 565 1
488 489 2
488 490 4
489 490 2
489 491 1
489 492 1
490 491 1
491 494 1
491 549 1
491 553 1
491 565 1
492 494 1
492 495 1
492 538 1
493 538 1
493 539 1
494 538 2
495 496 1
495 537 2
496 498 3
496 536 1
497 498 1
497 499 2
497 500 2
497 501 1
497 536 2
497 537 1
499 500 2
500 501 3
500 503 1
501 502 3
501 503 4
501 537 1
502 503 1
502 504 1
502 506 1
503 504 1
503 512 1
503 522 1
503 536 1
503 537 1
504 513 2
504 520 1
505 509 2
505 510 4
505 511 1
505 513 1
506 507 3
506 509 2
506 514 3
506 689 1
506 690 1
506 694 1
507 508 1
507 511 1
507 514 1
507 694 1
507 698 1
508 509 1
508 514 2
508 516 2
508 706 1
510 511 4
510 512 3
510 514 1
510 516 2
511 515 1
511 517 2
512 513 1
512 515 1
513 517 1
513 519 3
513 520 3
515 516 3
515 690 1
515 693 1
518 519 1
518 520 1
520 521 2
520 523 1
521 535 1
522 523 1
522 535 1
522 540 1
522 547 1
523 540 1
523 542 1
523 547 1
523 548 1
523 549 2
523 551 1
524 551 1
524 617 1
525 526 2
525 533 2
525 546 1
525 633 1
525 634 1
526 617 1
526 633 1
526 673 1
526 724 1
526 799 2
526 813 1
527 528 1
527 529 1
527 531 1
527 595 1
527 596 3
527 649 1
527 650 1
527 710 1
527 807 1
527 809 2
527 811 2
527 813 2
528 529 2
528 686 2
528 701 1
529 530 4
529 650 1
529 653 1
529 686 2
529 687 1
529 701 1
530 531 1
530 597 1
530 600 2
530 648 3
530 686 2
531 543 2
531 598 1
531 599 1
531 600 1
531 602 1
531 614 2
531 649 1
531 682 2
531 713 1
531 806 1
531 809 1
532 591 1
532 601 1
532 614 2
532 638 1
533 591 1
533 594 2
533 595 1
533 615 2
534 543 2
534 592 2
534 593 1
534 597 1
534 598 3
534 686 1
535 538 1
535 540 1
535 541 1
535 547 1
535 615 1
536 537 3
536 540 1
537 539 1
538 539 2
539 549 1
540 541 2
540 547 1
540 550 1
541 542 1
541 546 4
541 594 1
541 615 2
542 543 2
542 546 3
542 589 1
542 810 1
543 544 1
543 545 1
543 546 1
543 547 1
543 617 1
543 618 2
543 627 1
543 802 1
543 815 1
544 545 7
544 552 1
544 553 2
544 616 1
544 617 2
544 623 1
545 552 1
545 556 1
545 558 1
545 623 1
546 547 2
546 551 2
546 800 2
546 815 1
547 548 1
547 802 1
547 803 1
547 813 1
547 815 1
548 549 1
548 552 1
548 553 1
548 556 1
548 558 2
548 559 1
548 561 1
549 551 1
549 553 1
549 559 1
551 552 2
552 553 1
552 557 3
552 561 1
552 565 1
553 554 1
553 561 3
553 564 1
554 556 2
556 557 2
556 559 3
556 561 1
557 558 1
557 559 2
558 560 2
558 561 2
558 562 1
558 565 1
559 560 2
560 561 5
560 562 1
561 563 1
562 564 1
562 801 1
563 564 2
565 566 2
566 567 3
567 568 1
567 588 1
567 803 1
567 804 1
567 806 1
568 569 1
570 571 1
570 572 1
570 574 3
571 572 2
572 573 2
572 576 1
572 588 1
573 574 1
574 584 1
575 576 1
576 577 3
576 583 1
576 584 3
578 579 1
578 581 4
580 581 2
580 583 1
581 582 2
581 585 1
582 586 1
583 585 1
584 585 1
585 586 5
586 587 2
587 589 1
588 805 1
588 806 1
588 807 1
588 808 1
588 811 1
589 590 2
589 596 1
589 803 1
589 807 2
589 811 2
590 591 3
590 592 1
590 596 2
590 802 1
591 592 1
591 594 1
591 595 1
591 596 1
591 614 1
591 809 1
591 813 2
592 594 1
592 597 1
592 598 1
592 613 1
593 598 2
594 614 3
594 812 1
595 596 1
595 601 1
596 812 1
597 598 1
597 599 3
597 600 2
597 601 1
597 614 1
597 688 1
597 712 1
599 600 1
599 608 3
599 713 1
600 604 1
600 607 1
600 686 1
600 712 4
601 686 1
602 613 3
603 604 1
603 605 1
603 608 4
603 613 1
604 606 1
604 613 1
604 679 1
604 682 1
604 713 2
604 715 1
605 606 1
605 679 2
605 711 1
606 607 1
606 679 5
606 682 4
606 683 1
606 685 1
606 713 1
607 608 2
607 712 1
608 618 1
608 638 1
608 712 2
608 715 1
610 613 2
610 618 2
610 630 2
610 636 1
611 612 1
611 613 1
611 618 2
611 628 1
611 631 2
611 634 2
612 613 2
612 614 2
612 618 1
612 624 1
612 638 2
612 716 1
613 633 1
613 716 1
614 615 1
614 712 3
616 617 1
616 618 2
616 624 2
618 620 2
618 627 1
618 634 2
618 635 1
619 620 1
619 622 1
619 630 1
619 635 1
620 621 2
620 718 1
621 631 2
621 642 2
621 714 2
621 716 1
623 624 2
623 626 2
623 627 1
624 626 1
625 626 1
625 631 1
626 627 1
626 634 1
626 816 1
627 815 1
627 816 1
629 826 1
630 631 1
630 850 1
631 632 2
631 636 1
633 634 1
633 637 2
633 639 1
633 809 1
633 810 1
633 813 4
633 815 1
634 645 1
634 799 1
634 800 2
634 816 1
635 636 1
635 637 1
635 639 3
635 643 2
635 644 1
635 719 1
635 843 2
636 637 1
636 639 1
636 716 1
637 638 7
637 639 2
637 649 1
637 683 1
637 713 2
637 809 1
638 639 1
638 642 1
638 646 2
638 798 1
638 814 2
639 640 3
639 641 3
639 642 1
639 644 4
639 677 1
639 814 1
640 641 4
640 649 1
640 670 1
640 671 1
640 720 1
640 842 1
640 843 1
640 844 1
641 642 1
641 671 1
641 676 1
641 717 1
641 721 1
642 643 2
642 714 4
642 718 2
642 843 1
642 844 1
643 718 2
643 842 1
643 843 1
643 845 1
644 645 2
644 670 1
644 721 1
644 724 1
644 725 1
644 731 1
644 737 1
644 828 2
644 829 1
644 833 1
644 840 1
644 845 1
644 851 1
645 646 1
645 649 1
645 798 1
645 834 1
645 840 1
647 648 2
647 650 1
647 724 1
647 795 2
647 796 2
647 797 1
647 807 1
648 649 4
648 653 2
648 725 1
648 808 1
649 650 3
649 654 1
649 722 2
649 723 3
650 651 3
650 652 2
650 654 1
650 730 1
651 652 2
652 666 1
653 654 1
653 809 1
654 655 1
654 666 1
654 730 3
655 726 2
655 730 1
656 657 1
656 660 1
656 738 1
656 739 1
656 864 1
656 866 1
656 867 1
656 875 1
656 934 1
657 661 4
657 662 1
658 659 1
658 660 4
658 661 3
658 921 2
658 925 2
658 927 1
658 934 1
659 660 1
659 662 1
659 921 1
659 925 1
660 661 1
660 863 1
660 870 3
660 871 1
660 921 1
661 663 1
661 864 1
661 865 1
661 866 1
661 870 2
661 871 2
661 926 2
661 936 1
662 663 1
662 726 2
662 727 2
663 726 1
663 728 1
663 921 1
664 667 1
664 726 1
664 727 1
665 666 2
665 668 1
666 667 3
666 668 2
666 729 2
668 730 1
668 733 1
669 670 2
669 672 2
669 720 1
669 738 1
669 837 2
669 842 1
670 671 2
670 677 1
670 684 1
670 720 3
670 721 3
670 723 2
670 731 2
670 838 1
670 839 1
671 672 2
671 673 1
671 674 1
671 676 1
671 677 1
671 717 1
671 719 1
671 840 1
671 844 1
672 674 3
672 677 3
672 717 2
672 719 2
672 844 1
673 674 2
673 730 1
673 733 2
673 734 1
673 837 1
674 675 1
674 677 1
674 731 1
674 836 3
675 720 1
675 731 1
675 734 2
675 838 1
675 840 1
675 841 1
676 720 1
676 721 2
676 838 1
676 840 1
676 841 1
676 843 1
676 844 1
677 678 2
677 684 2
678 679 2
678 681 1
678 682 1
678 683 4
678 685 1
678 723 1
679 680 4
679 682 1
679 686 1
679 711 1
680 685 1
682 683 1
682 684 1
682 685 1
682 712 1
682 713 4
682 723 1
683 685 1
683 713 2
684 723 1
685 711 1
685 713 1
685 723 3
686 689 1
686 691 2
686 693 1
687 688 1
687 693 1
687 703 1
688 693 1
689 690 1
689 700 1
689 706 2
690 693 1
690 706 2
691 692 2
692 707 1
692 708 1
694 695 1
694 698 3
695 697 1
695 698 1
695 699 1
695 707 1
696 699 1
699 700 1
700 702 1
701 702 1
701 707 1
701 710 2
702 703 3
702 706 1
702 707 2
702 710 1
704 708 2
704 709 1
704 711 1
705 706 2
705 707 4
705 709 1
706 708 1
707 708 2
707 710 4
708 709 2
709 711 1
712 713 1
714 716 1
715 717 1
715 719 3
718 719 1
718 844 1
719 842 1
719 844 1
720 721 4
720 838 2
721 838 2
721 839 2
722 723 1
722 733 1
724 725 2
724 732 1
724 737 1
724 793 1
725 734 2
725 737 1
726 727 3
726 738 1
727 729 5
727 730 1
727 734 1
727 738 1
727 837 1
728 736 1
728 737 2
728 863 1
729 734 1
729 865 1
730 731 1
730 740 1
731 732 1
731 737 1
731 795 1
731 833 1
732 733 2
734 736 1
734 737 1
734 738 2
734 837 1
735 736 2
735 863 1
735 869 1
736 737 3
736 829 1
736 833 1
736 834 1
736 864 1
737 738 2
738 837 1
739 740 2
739 742 1
739 743 2
739 795 1
740 741 2
740 793 1
740 856 1
741 742 6
741 743 1
741 791 1
742 743 3
742 791 1
742 915 1
742 920 1
743 744 4
744 745 10
744 759 1
744 1055 2
746 747 2
746 758 1
746 759 2
746 954 1
746 955 1
747 953 1
747 954 2
747 956 1
747 1060 1
747 1061 1
748 749 2
748 1060 1
749 751 1
749 752 1
749 753 1
749 754 2
749 760 1
749 761 1
749 1060 1
750 752 1
750 753 3
750 754 2
751 752 3
751 753 2
753 757 1
754 755 3
754 761 2
754 1056 1
755 757 2
755 1057 1
756 757 2
756 758 2
756 760 2
756 1045 1
756 1054 1
756 1056 1
757 758 2
757 760 2
757 1054 2
758 759 2
758 760 2
759 761 4
759 1055 1
760 1055 1
761 762 4
761 1055 3
762 763 5
762 789 1
762 823 1
762 825 1
762 956 2
763 764 6
763 826 1
763 959 3
763 966 1
763 968 2
763 1002 1
764 765 1
764 766 1
764 768 1
764 769 1
764 791 1
764 847 1
764 959 1
764 969 1
765 766 4
765 769 2
765 775 1
765 776 2
765 778 2
765 847 3
765 848 1
765 960 1
765 1018 1
766 767 1
766 768 2
766 775 1
766 781 1
766 847 2
766 1017 1
767 769 1
767 771 1
767 777 3
767 788 1
767 1007 1
768 769 3
768 775 1
768 780 1
768 884 1
769 780 1
769 1013 2
769 1016 2
770 775 1
770 780 3
770 849 1
770 860 1
771 859 1
772 848 2
772 849 1
772 859 2
772 860 1
772 861 1
772 877 1
773 776 2
773 834 1
773 848 1
773 857 1
773 861 1
773 872 1
773 873 1
773 874 2
774 776 1
774 779 2
774 788 1
775 776 1
775 777 1
775 781 1
775 783 1
775 960 1
776 777 1
776 781 1
777 779 1
777 781 2
777 784 1
777 885 1
778 881 1
778 885 1
778 1013 1
778 1017 1
779 781 1
779 783 1
779 884 1
779 1013 2
780 877 1
781 788 1
781 826 1
781 885 1
782 784 1
782 786 1
782 788 3
782 1020 2
783 784 2
783 789 1
783 876 2
783 881 1
783 885 1
783 1016 1
783 1017 3
784 785 1
784 788 1
785 786 1
785 788 1
785 789 1
785 791 1
785 875 1
785 890 2
786 787 2
786 889 1
787 788 1
787 790 1
788 789 2
788 791 1
788 826 1
788 873 1
788 874 2
788 875 1
789 790 4
789 835 1
789 866 1
789 871 3
789 873 1
789 887 1
790 791 2
790 826 2
790 875 1
791 792 4
791 830 1
791 876 2
792 793 7
792 794 2
792 797 1
792 829 1
792 830 1
793 794 3
793 829 1
794 795 4
794 796 1
795 796 1
795 797 3
795 798 2
795 804 1
795 806 2
795 828 1
796 797 1
796 798 2
796 817 1
797 798 1
798 815 3
799 800 2
800 801 1
800 802 2
800 803 3
800 815 1
801 802 4
801 816 1
802 803 1
802 815 1
803 815 2
804 805 5
804 806 2
805 806 3
806 808 1
807 808 2
807 813 1
809 810 1
809 812 3
809 813 1
810 811 3
810 812 2
810 813 1
811 812 1
812 813 2
812 814 2
813 814 1
815 816 2
816 817 2
817 818 1
817 847 1
819 820 8
819 821 3
819 822 1
820 821 3
820 955 2
821 955 2
821 957 1
823 824 1
823 955 1
824 873 1
825 826 2
826 873 2
827 831 2
827 832 1
827 834 1
827 835 2
827 852 1
827 853 1
828 829 6
828 830 2
828 834 1
828 843 1
828 854 1
829 830 2
829 831 1
829 854 1
829 855 1
829 873 1
830 831 1
830 832 1
830 854 1
830 855 1
830 856 2
831 832 1
831 833 1
831 835 1
831 836 1
831 838 1
831 851 2
831 858 1
832 834 1
832 835 2
832 836 2
832 855 1
832 856 1
832 868 1
833 835 1
833 836 2
833 840 1
833 863 1
834 835 4
834 836 1
834 838 1
834 873 1
834 874 1
835 851 1
835 853 1
835 856 1
835 868 2
836 837 1
836 851 2
836 855 1
836 869 1
837 838 1
837 849 1
837 869 1
838 839 1
838 840 3
838 841 2
839 840 2
839 841 1
839 842 1
839 843 1
840 843 1
840 844 1
841 844 1
841 858 2
842 845 3
842 853 1
843 845 4
843 852 2
844 845 1
845 846 1
845 852 4
845 861 2
846 847 1
846 848 1
846 849 3
846 858 1
847 848 4
847 849 1
847 859 1
847 861 1
848 849 3
849 859 2
849 861 1
850 851 2
850 853 1
850 854 1
850 855 1
850 857 1
850 858 1
850 859 1
851 852 3
851 858 1
852 858 1
853 854 1
853 858 1
853 862 1
855 856 6
855 862 1
855 868 1
855 873 1
856 862 1
857 858 3
857 861 1
857 862 2
858 859 2
858 861 5
859 860 2
859 861 2
861 862 1
862 864 7
862 867 1
862 868 1
863 865 2
863 866 1
863 867 1
863 869 1
864 865 5
864 867 1
865 866 2
865 868 3
865 869 2
865 871 1
865 873 1
866 921 1
867 868 1
867 869 1
867 871 2
867 872 1
867 873 1
868 869 1
868 873 2
868 888 1
869 871 1
869 873 2
870 872 2
870 874 2
870 875 1
870 882 1
870 921 1
871 872 3
872 873 2
872 874 3
872 936 1
873 874 7
874 921 1
875 876 1
875 922 1
875 936 2
876 879 1
876 882 2
876 939 1
877 879 2
877 886 1
877 887 1
878 887 1
878 888 3
878 890 2
878 891 1
878 938 2
878 939 2
879 883 1
879 888 2
879 938 1
879 1020 1
880 881 3
880 883 2
880 884 1
880 942 1
880 1005 1
880 1017 1
881 883 3
881 887 1
881 1017 1
881 1018 1
882 883 1
882 884 1
882 885 1
883 885 4
883 1017 3
883 1018 1
883 1020 1
884 885 1
884 894 1
884 1013 2
884 1015 1
884 1016 2
885 887 3
885 889 1
886 887 2
887 888 2
888 889 2
888 890 4
888 891 1
888 897 1
888 937 1
889 890 4
889 891 2
889 936 1
889 938 1
890 892 1
890 937 1
891 892 4
891 912 1
891 930 1
891 933 3
891 937 1
891 939 1
892 896 1
892 899 1
892 930 2
893 894 3
893 896 1
893 930 1
893 944 1
894 895 1
894 897 1
894 898 1
894 899 1
894 900 1
894 901 1
895 896 1
895 898 3
896 897 1
896 898 2
896 899 1
898 899 3
898 900 1
899 901 1
899 903 1
899 939 1
900 901 1
900 902 1
900 942 1
900 943 2
900 1021 1
900 1023 1
901 902 1
901 903 1
901 941 1
901 1023 1
902 903 4
902 904 2
902 941 1
903 905 1
903 906 1
903 907 1
903 916 1
903 918 1
903 929 1
903 930 1
903 940 1
904 905 3
904 909 1
904 912 1
904 914 2
904 918 1
905 906 3
905 907 1
905 908 1
905 1025 1
906 907 1
906 918 1
907 908 1
907 912 1
907 913 1
908 909 1
908 912 1
908 917 1
909 910 1
909 912 1
909 913 1
909 914 1
909 915 2
910 911 1
910 1026 1
911 915 3
912 913 2
912 914 4
912 917 2
913 914 1
913 915 2
913 918 1
914 915 4
914 916 2
914 917 1
914 920 1
915 917 1
916 917 4
916 918 1
916 919 3
916 1020 1
917 918 1
917 919 1
917 920 4
918 919 1
918 920 1
918 938 1
919 920 3
919 938 2
919 940 2
920 923 2
920 925 1
920 926 1
920 928 1
921 922 1
921 923 1
921 925 3
921 928 2
921 934 1
921 936 1
922 926 1
922 930 1
922 932 3
922 937 2
923 925 2
923 933 1
923 936 2
924 925 1
924 937 1
925 926 2
925 927 1
925 928 3
925 934 1
926 927 2
926 929 1
926 932 1
926 933 1
926 934 3
926 935 1
927 928 1
927 929 1
928 929 1
928 930 1
928 932 3
928 935 1
929 930 6
929 931 2
929 932 3
930 931 2
930 932 2
930 933 1
932 933 2
933 935 1
934 935 3
935 936 1
935 937 1
936 937 2
936 938 1
937 943 1
938 939 2
938 940 2
938 941 2
939 940 1
939 941 2
941 942 1
942 1019 2
942 1020 1
942 1021 2
942 1064 1
943 949 1
943 992 1
943 1018 2
944 945 1
946 947 3
946 1002 1
947 949 1
947 970 1
947 971 2
947 990 1
947 992 1
947 996 1
947 997 3
948 949 1
948 950 1
948 970 1
948 971 1
948 972 1
948 990 1
948 992 1
949 972 1
949 990 2
949 992 1
950 951 3
950 992 1
951 952 3
951 972 1
951 1058 1
952 953 2
952 954 1
952 1021 1
952 1055 1
952 1059 1
952 1061 1
952 1062 1
953 954 1
953 1056 1
953 1058 3
953 1059 3
953 1060 1
954 955 3
954 956 1
954 966 1
954 967 1
954 968 1
954 1061 1
954 1064 1
955 966 1
955 967 2
955 969 2
955 1063 1
955 1088 1
956 957 1
956 958 2
956 968 2
957 958 2
957 959 3
957 960 1
957 965 1
957 966 1
958 960 2
958 961 1
958 964 2
959 965 3
960 961 4
960 1006 1
962 963 2
962 1007 1
963 965 1
963 1007 1
963 1010 1
963 1078 1
963 1086 1
963 1088 1
964 965 3
964 1085 1
964 1088 1
964 1089 1
964 1093 2
964 1094 1
965 966 5
965 1077 1
965 1087 1
965 1088 2
966 967 4
966 968 1
966 1063 1
967 968 2
967 969 1
967 971 1
967 1003 1
967 1063 2
967 1077 1
967 1078 1
967 1133 5
968 969 2
968 970 1
968 1133 1
969 970 1
969 1002 1
969 1003 1
969 1004 1
970 971 1
970 991 1
970 999 1
970 1001 1
970 1002 1
970 1009 1
970 1015 1
970 1065 2
971 972 1
971 991 2
971 992 2
972 973 3
972 988 1
972 989 2
972 990 1
973 974 3
973 975 1
973 977 2
973 978 2
973 986 1
973 987 1
973 989 1
973 990 1
974 975 1
974 977 2
974 979 1
974 984 1
974 986 2
974 987 3
975 981 1
975 987 1
976 977 1
976 978 1
976 981 1
977 978 1
977 979 1
977 982 1
977 986 1
978 979 2
978 980 2
978 981 2
978 986 2
979 981 2
979 982 2
979 983 1
979 984 1
980 981 5
980 982 1
980 983 1
981 983 1
981 984 1
982 983 2
982 985 1
982 986 4
983 984 1
983 985 1
984 985 3
986 987 2
987 988 1
988 989 1
988 990 1
989 990 4
990 991 3
991 1014 1
991 1019 1
991 1064 3
992 994 1
992 1012 1
992 1014 1
992 1064 1
992 1065 1
992 1066 1
993 994 2
993 996 2
993 998 2
993 999 1
993 1000 1
994 998 1
994 999 3
994 1000 1
994 1001 4
994 1014 1
994 1015 2
994 1017 1
994 1078 1
995 996 1
995 1002 1
995 1009 1
995 1078 2
996 998 1
996 1001 1
996 1002 1
996 1011 2
996 1012 1
997 999 1
997 1000 1
997 1002 2
997 1068 2
998 999 2
998 1068 1
998 1069 1
999 1000 1
999 1001 2
999 1014 1
1000 1001 2
1000 1002 1
1000 1014 1
1000 1068 2
1000 1069 1
1001 1002 1
1001 1003 1
1001 1012 1
1001 1079 1
1002 1003 4
1002 1004 1
1003 1005 1
1003 1009 1
1003 1015 1
1004 1009 1
1004 1015 1
1005 1006 1
1005 1008 2
1005 1016 1
1005 1087 1
1006 1088 2
1007 1008 2
1007 1009 2
1007 1010 5
1007 1015 1
1008 1009 1
1008 1010 2
1009 1010 2
1009 1011 1
1009 1015 1
1010 1011 1
1012 1013 1
1012 1015 1
1012 1016 2
1013 1014 1
1013 1015 1
1014 1015 2
1015 1016 1
1016 1017 1
1016 1018 1
1017 1020 2
1018 1019 9
1018 1020 3
1019 1020 1
1021 1022 3
1023 1024 2
1023 1025 2
1024 1025 1
1024 1026 2
1024 1027 1
1025 1026 1
1025 1051 2
1025 1054 1
1025 1055 1
1026 1027 1
1026 1046 1
1027 1029 1
1028 1029 3
1028 1053 1
1029 1030 5
1029 1039 1
1030 1036 2
1030 1038 1
1030 1042 1
1031 1032 1
1031 1033 2
1031 1034 2
1031 1036 1
1032 1033 1
1032 1034 1
1032 1035 2
1033 1034 1
1033 1035 1
1033 1036 1
1033 1038 1
1034 1038 1
1035 1037 1
1035 1038 1
1036 1037 1
1036 1038 1
1036 1039 2
1037 1038 2
1038 1039 2
1039 1040 3
1039 1042 2
1040 1042 2
1040 1043 1
1041 1042 2
1041 1043 3
1042 1043 3
1042 1044 1
1043 1044 2
1043 1045 1
1044 1045 4
1044 1054 2
1045 1049 1
1045 1054 1
1045 1055 1
1046 1047 3
1046 1048 1
1046 1049 1
1046 1050 1
1047 1049 1
1047 1050 2
1048 1049 2
1048 1050 1
1049 1050 2
1049 1056 1
1050 1051 3
1051 1052 1
1051 1053 1
1051 1054 1
1053 1056 1
1054 1055 4
1055 1056 4
1056 1057 3
1056 1058 1
1057 1058 3
1058 1059 3
1058 1060 2
1059 1060 1
1059 1061 3
1059 1079 1
1060 1061 1
1060 1062 1
1061 1062 5
1061 1064 1
1061 1065 1
1062 1063 3
1062 1079 1
1063 1064 4
1063 1065 1
1063 1079 1
1064 1079 1
1065 1066 5
1065 1067 1
1065 1074 1
1065 1079 1
1066 1067 1
1066 1073 1
1067 1069 2
1067 1070 2
1067 1074 1
1068 1069 1
1068 1070 1
1068 1071 2
1069 1071 2
1069 1074 1
1070 1071 1
1071 1072 2
1071 1073 1
1071 1075 1
1071 1077 2
1071 1094 1
1072 1075 1
1072 1086 1
1072 1094 1
1073 1074 2
1073 1076 1
1073 1077 1
1074 1075 1
1074 1076 1
1075 1076 1
1075 1077 1
1075 1078 2
1076 1077 1
1076 1078 2
1076 1079 1
1077 1078 1
1077 1079 4
1077 1084 1
1077 1085 1
1078 1079 3
1079 1080 1
1079 1085 1
1080 1081 4
1080 1089 1
1081 1083 1
1081 1084 1
1082 1083 2
1082 1084 2
1082 1094 1
1082 1107 2
1082 1108 1
1083 1084 4
1084 1085 1
1084 1094 1
1084 1107 1
1086 1087 1
1086 1091 1
1086 1092 1
1087 1088 3
1087 1089 1
1087 1090 1
1087 1091 1
1088 1089 1
1088 1091 1
1089 1090 3
1090 1091 1
1090 1092 1
1090 1113 1
1091 1092 2
1091 1093 1
1091 1094 1
1092 1093 2
1093 1106 1
1094 1111 1
1095 1096 1
1095 1098 1
1095 1105 1
1096 1097 1
1098 1102 1
1099 1101 1
1099 1103 1
1104 1105 1
1104 1106 1
1104 1109 1
1104 1111 1
1105 1107 1
1105 1108 1
1105 1109 1
1106 1107 1
1106 1109 1
1106 1112 2
1106 1130 1
1107 1108 2
1107 1111 1
1107 1112 1
1107 1131 3
1109 1111 1
1109 1133 1
1109 1134 2
1109 1135 5
1110 1113 1
1111 1112 3
1111 1113 1
1112 1113 1
1112 1116 3
1113 1114 2
1113 1116 3
1114 1115 3
1115 1116 1
1116 1117 2
1116 1122 1
1116 1126 2
1117 1119 1
1117 1122 1
1118 1119 4
1118 1120 1
1118 1121 1
1119 1120 4
1119 1123 1
1120 1121 2
1120 1123 2
1121 1122 2
1121 1123 1
1121 1124 1
1121 1126 1
1122 1123 6
1122 1124 1
1122 1125 1
1123 1126 1
1124 1125 4
1124 1126 3
1124 1128 1
1124 1129 1
1125 1127 1
1125 1128 1
1126 1128 1
1126 1129 1
1127 1128 5
1127 1129 1
1127 1130 4
1127 1131 1
1128 1129 1
1128 1130 1
1129 1130 2
1130 1131 1
1131 1132 1
1132 1133 6
1132 1134 1
1133 1134 4
1134 1135 2
1135 1136 1
1136 1137 2
