37 50 1
39 139 2
40 134 2
42 46 1
42 64 1
42 128 1
43 44 3
43 45 1
43 46 1
43 51 1
43 79 1
44 46 1
44 48 1
44 51 1
44 135 1
45 46 3
45 131 1
46 47 1
46 48 1
46 50 1
46 128 1
47 48 3
47 52 1
47 125 1
48 49 3
48 50 1
48 51 1
48 83 2
48 183 1
49 50 1
50 51 1
50 52 1
50 53 1
50 58 1
51 52 1
51 61 1
51 71 1
51 80 2
51 81 1
52 54 2
52 58 1
53 54 1
53 60 2
53 80 1
53 130 1
53 181 1
54 55 3
54 57 2
54 60 1
54 90 1
54 208 1
54 209 1
55 56 2
55 57 3
55 61 1
55 85 2
55 435 1
56 60 3
56 62 1
58 59 1
58 82 1
58 83 1
59 60 3
59 89 1
59 435 1
60 62 1
60 69 1
61 62 2
61 63 1
61 64 1
62 63 2
63 64 1
63 66 1
64 65 1
64 66 3
65 66 8
67 68 2
67 69 1
67 70 1
68 69 1
69 70 3
69 71 1
70 71 1
70 79 1
71 73 2
71 76 1
71 79 1
72 73 1
72 82 1
73 75 1
74 75 5
74 77 1
74 78 1
75 78 2
76 77 2
76 78 1
78 79 1
80 81 1
81 82 1
81 87 1
81 366 1
82 86 1
83 85 1
83 124 1
85 86 1
85 87 1
85 89 1
85 367 1
86 88 1
86 89 1
86 92 2
86 93 1
86 150 1
87 88 1
87 92 1
87 113 1
88 89 1
88 159 1
88 356 1
89 149 1
89 158 2
89 356 1
90 91 1
90 92 1
90 93 1
90 94 1
90 96 2
90 109 1
90 410 1
91 92 2
91 109 1
91 110 2
91 123 2
92 149 1
92 359 1
92 410 1
93 94 1
93 150 1
93 158 1
93 159 1
93 348 1
93 415 2
94 95 1
94 157 1
94 351 1
94 355 1
95 107 1
95 109 1
95 419 1
97 98 1
97 99 1
97 158 1
97 350 1
98 100 1
100 102 1
100 107 1
100 118 1
101 107 1
101 117 1
102 107 1
103 107 1
104 106 1
105 106 1
106 119 1
107 108 2
107 119 1
108 115 1
108 359 1
108 423 1
109 110 1
109 113 1
110 111 1
110 112 2
110 113 2
110 149 1
111 112 3
111 113 1
111 114 1
111 148 1
111 149 1
111 150 1
111 408 1
112 113 1
112 114 1
113 114 2
113 115 1
114 115 1
114 148 2
115 409 1
116 117 1
116 118 1
117 118 1
118 119 1
118 148 2
121 145 2
121 189 1
122 142 2
122 146 1
123 125 1
123 126 1
124 125 1
124 127 1
124 183 1
125 126 2
127 135 1
128 130 1
128 132 1
129 130 3
129 131 1
130 131 2
135 182 1
136 137 2
136 187 1
137 187 1
138 140 1
138 141 2
138 143 2
138 145 2
139 140 1
139 141 1
139 187 1
141 142 2
141 186 1
142 143 1
143 144 1
144 189 1
145 146 1
145 147 1
146 147 1
147 149 1
149 152 1
149 153 2
149 159 1
150 152 1
150 159 2
151 154 1
153 154 1
155 156 1
155 157 1
155 168 1
155 349 1
156 158 1
156 169 1
157 159 1
157 415 1
158 159 2
158 170 1
158 183 1
158 408 1
159 209 2
159 217 1
159 412 1
160 218 4
161 162 1
161 166 1
161 170 2
161 416 1
162 166 2
162 167 1
164 171 1
164 215 1
164 218 1
164 414 2
165 252 3
165 266 2
165 413 1
165 424 1
166 167 1
166 170 1
166 414 1
166 415 1
166 424 2
167 168 1
167 418 1
168 349 1
169 170 1
169 420 1
170 171 2
170 415 2
171 215 1
171 218 1
171 219 1
172 178 1
173 177 1
173 178 1
173 204 1
174 180 1
174 193 1
174 196 1
174 199 1
174 200 1
175 193 2
175 198 1
175 200 1
175 201 1
176 177 2
176 195 1
178 238 1
180 191 1
180 192 2
181 182 1
181 184 2
182 183 1
182 185 3
182 186 1
182 187 1
183 184 3
183 186 3
183 187 1
183 232 1
184 185 1
184 186 2
184 187 1
185 186 2
187 189 1
194 197 1
195 197 2
196 199 1
198 201 1
198 204 2
199 205 1
200 203 1
200 207 2
201 202 1
201 206 2
202 203 2
202 208 1
203 207 2
204 205 1
204 235 1
206 211 1
207 209 2
207 211 1
209 235 1
210 218 1
210 237 1
210 411 1
211 212 1
211 233 1
211 235 1
212 219 1
212 232 1
212 233 1
212 251 1
213 214 1
213 215 1
215 216 1
216 217 3
217 218 1
217 253 1
218 412 1
219 237 1
220 240 1
221 222 1
221 228 1
222 227 1
222 229 2
222 230 1
222 243 1
223 228 1
223 231 1
223 244 1
224 227 1
224 234 2
224 241 1
226 227 1
226 231 1
226 234 1
226 239 1
226 240 2
227 231 1
230 231 2
230 239 2
231 233 1
231 238 1
231 245 2
232 233 1
232 234 2
232 235 1
232 236 1
232 238 1
232 240 1
234 236 2
236 237 1
237 240 1
237 251 3
238 260 1
239 249 1
240 241 2
242 245 1
243 244 2
245 246 1
245 247 2
246 247 1
246 257 1
247 258 1
248 258 1
249 250 2
249 253 1
249 256 1
249 258 1
250 251 1
250 254 2
250 255 1
252 253 1
252 411 1
253 411 1
253 412 2
254 260 2
254 263 2
255 260 1
256 258 1
259 260 1
259 265 1
260 261 2
260 263 1
261 267 3
262 263 1
262 264 1
262 266 1
262 267 1
263 417 1
264 265 1
264 271 1
264 393 2
265 271 1
265 391 1
266 411 1
266 425 1
267 268 1
267 418 2
268 269 2
269 274 1
270 271 1
270 411 2
270 412 2
270 413 1
270 434 2
270 437 1
271 275 1
271 287 1
271 403 1
271 410 2
272 274 1
272 278 1
272 279 1
272 347 1
273 275 1
273 278 3
273 279 1
273 347 1
273 418 1
274 275 3
274 278 1
274 279 1
275 276 2
275 278 2
275 279 1
275 394 1
275 423 2
276 278 1
276 284 1
276 393 1
276 498 2
277 278 3
277 279 1
277 281 2
277 293 1
277 317 1
277 497 1
278 279 1
278 280 1
278 412 1
279 394 2
279 395 1
280 281 1
280 337 3
280 338 2
280 339 1
280 346 1
281 336 1
281 337 1
283 285 2
284 285 1
284 316 1
284 323 1
284 613 1
285 497 1
286 287 2
286 288 2
286 290 1
286 352 2
286 354 4
286 499 1
287 288 1
287 290 2
287 291 2
288 289 1
288 290 1
288 292 1
288 311 1
290 291 1
290 309 1
290 486 1
291 292 1
291 314 2
291 315 1
291 602 1
292 293 2
292 304 1
292 305 3
292 307 1
292 308 1
292 311 1
293 297 2
293 305 1
293 309 1
293 312 1
294 295 1
294 301 1
294 314 1
295 296 1
295 297 1
295 311 1
295 599 1
295 600 1
297 298 2
297 303 2
297 311 1
298 299 1
298 301 2
298 310 1
299 302 1
300 301 1
301 302 1
301 311 2
302 303 1
303 306 1
303 311 1
304 308 1
304 311 1
304 505 1
305 307 1
305 310 1
306 310 1
307 508 1
308 310 1
308 505 1
308 598 1
309 314 1
309 505 1
309 618 1
312 313 1
312 321 1
313 321 1
313 602 1
313 612 2
315 323 3
315 610 1
315 611 2
317 320 1
317 325 1
317 497 1
318 320 2
318 338 1
318 342 1
319 321 1
320 324 1
322 325 1
322 613 2
323 335 1
323 494 1
323 612 1
323 613 1
324 326 1
324 338 1
326 327 1
326 331 1
326 334 1
327 328 1
327 330 2
327 334 1
327 344 1
329 334 1
329 340 1
329 341 1
330 346 1
331 332 3
331 333 2
331 344 1
332 335 2
332 338 1
332 341 1
333 334 1
335 339 1
335 340 1
335 346 1
336 347 2
336 422 1
336 423 1
337 422 1
337 423 1
339 340 1
339 344 1
339 423 1
341 342 2
344 346 1
344 347 2
347 349 1
348 350 1
349 350 2
350 351 1
350 420 1
351 352 1
352 357 1
352 358 1
353 354 1
353 358 1
353 359 1
353 372 1
354 355 1
354 356 1
354 358 1
355 356 2
355 357 1
355 358 2
356 358 1
356 498 2
357 358 3
357 359 2
357 360 1
357 373 1
357 375 1
357 405 1
357 407 1
357 408 1
358 359 3
358 362 1
358 375 1
358 406 1
359 361 1
359 362 2
359 409 1
360 361 1
360 362 2
360 373 5
360 406 1
361 362 2
361 373 1
362 363 1
362 372 1
363 366 1
364 365 1
364 366 1
364 367 1
364 369 1
364 373 2
364 553 2
365 554 1
366 367 1
366 369 1
366 370 1
367 368 1
367 370 1
368 369 2
369 370 3
369 372 2
369 373 1
370 372 1
370 373 1
370 374 1
372 373 3
372 374 2
372 377 1
372 407 1
372 480 1
372 553 1
372 554 1
373 374 2
373 375 1
373 408 1
374 404 1
374 547 1
375 380 1
375 402 1
375 480 1
376 377 1
376 385 1
376 480 1
376 544 1
376 545 1
377 378 1
377 379 1
377 401 2
377 409 1
378 379 1
378 398 1
378 401 1
378 404 1
379 385 2
379 386 1
379 493 2
380 381 2
380 538 1
380 647 1
380 648 1
381 396 1
382 386 1
382 394 1
383 384 1
383 385 1
383 395 1
383 400 1
384 385 2
385 538 1
386 398 1
386 399 2
387 389 3
387 392 1
387 455 1
388 389 1
388 452 1
388 454 1
389 396 3
389 397 2
389 405 1
390 391 1
390 392 1
390 395 1
390 396 3
390 397 1
390 399 1
390 427 1
390 436 1
391 393 1
391 394 1
391 395 1
392 393 2
392 426 1
393 426 2
394 396 1
394 498 1
395 396 4
396 648 1
397 399 1
397 401 1
397 427 1
397 648 1
399 400 1
400 430 1
401 403 1
401 404 3
402 403 2
402 404 1
403 430 1
404 405 3
406 407 2
408 409 1
408 411 1
408 412 2
408 413 1
409 413 1
409 423 1
410 411 1
410 415 1
411 412 2
411 413 3
412 413 2
412 415 2
414 416 1
414 424 1
414 425 1
415 417 1
415 426 1
416 421 2
416 424 2
417 418 1
417 421 1
418 422 2
421 424 1
422 423 1
427 428 4
427 429 2
428 429 1
428 432 1
428 437 1
429 432 2
429 433 1
429 437 1
431 432 1
431 433 1
432 433 2
433 441 1
434 435 2
434 436 7
435 436 1
435 438 1
435 442 1
436 437 2
436 444 1
437 440 1
437 449 1
438 448 1
438 461 1
440 441 1
440 442 1
440 443 1
441 442 1
441 450 1
441 651 1
443 444 2
443 448 1
445 446 2
447 449 1
448 449 1
448 450 2
451 452 1
451 461 1
452 453 4
452 454 1
452 455 1
452 456 1
452 461 1
453 454 1
453 459 3
453 681 2
453 686 1
454 455 1
454 461 1
454 686 1
455 459 1
455 460 1
455 461 1
455 680 1
456 457 1
456 681 2
456 686 1
457 458 1
457 459 2
457 650 1
457 680 1
457 687 1
458 667 1
458 685 1
459 686 1
459 687 1
461 462 1
461 466 1
461 474 1
461 553 1
462 466 1
462 483 1
462 669 1
463 467 1
464 465 3
464 466 1
465 467 1
466 670 1
468 469 1
468 471 1
469 470 1
471 477 1
472 473 1
473 474 2
473 476 2
474 476 1
474 477 1
475 476 2
475 477 2
475 478 1
475 479 1
475 551 1
475 555 1
476 550 1
477 479 1
477 549 1
477 551 2
478 480 1
478 484 1
478 554 1
478 556 1
479 480 2
479 483 1
479 550 1
479 555 1
480 481 2
480 484 1
480 526 1
480 533 1
480 552 1
481 482 2
481 483 1
482 483 1
482 484 1
483 484 1
485 545 4
485 546 4
485 547 1
485 652 1
485 667 1
486 487 2
486 496 1
486 546 1
486 547 1
487 536 1
487 611 1
487 614 2
488 612 1
489 490 3
489 495 1
490 500 1
491 612 1
494 497 1
495 501 2
496 514 1
497 498 1
498 507 1
501 616 1
502 503 1
502 510 1
502 618 2
502 624 1
503 506 1
503 510 2
503 515 1
503 517 2
503 520 1
503 522 1
504 505 2
504 598 1
504 620 2
505 507 1
505 513 1
505 514 2
505 598 1
505 600 1
505 606 1
506 598 1
507 508 1
507 511 1
507 517 1
508 509 1
508 511 1
508 517 1
509 511 1
509 512 2
509 515 1
510 518 1
511 512 1
511 513 2
511 514 1
511 534 1
511 535 1
512 513 1
512 519 1
512 523 1
512 535 2
512 542 2
512 544 1
513 514 1
513 598 1
514 598 1
515 624 1
515 628 1
515 661 1
516 517 2
516 520 1
516 546 1
516 622 1
516 623 2
516 760 1
516 763 1
517 518 2
517 520 1
517 529 1
517 623 1
517 624 1
517 763 1
518 519 2
518 520 1
518 522 1
518 621 1
519 526 1
519 548 1
520 523 1
520 525 1
520 546 1
521 525 2
521 526 2
521 593 1
522 523 3
522 524 1
522 525 2
522 530 1
523 530 1
523 549 1
523 763 1
524 528 1
524 532 1
524 556 1
524 595 1
525 526 2
525 533 1
526 551 1
526 594 1
526 597 2
527 531 1
527 556 2
527 560 1
528 530 1
528 549 1
528 556 1
529 530 3
529 533 1
529 695 1
529 696 1
529 697 3
530 531 2
533 697 1
535 540 2
535 655 1
535 661 1
536 543 1
537 540 1
539 652 1
540 651 1
540 656 1
540 657 2
541 542 2
541 655 1
542 544 1
542 620 1
542 655 1
542 660 1
543 652 1
543 658 1
544 545 1
544 546 1
545 653 1
546 547 1
546 552 1
546 553 1
546 555 1
546 662 2
547 548 1
547 553 2
547 555 1
548 555 3
549 550 1
550 551 1
550 552 1
550 553 1
550 667 2
552 553 1
552 554 2
552 555 2
554 555 1
555 556 1
557 558 1
557 559 1
557 560 2
557 561 1
557 562 1
558 560 3
558 595 1
559 560 1
559 591 1
560 562 1
561 562 1
561 563 1
562 563 3
562 591 1
562 593 1
562 595 1
563 564 2
564 567 1
564 569 1
564 570 1
565 566 2
565 570 1
566 568 1
566 593 1
567 568 1
568 571 1
568 575 1
569 570 1
569 576 1
570 576 1
570 578 2
571 572 4
571 573 1
572 573 1
572 574 2
572 577 1
573 574 1
573 579 1
574 575 2
574 576 1
575 577 2
575 579 1
575 588 1
576 581 1
577 578 1
578 579 1
578 580 1
579 580 1
580 581 2
580 582 1
581 585 1
582 584 1
582 586 1
583 584 2
584 585 1
584 586 1
585 586 1
585 587 1
585 588 1
586 587 3
588 589 2
588 590 1
589 591 1
590 591 3
590 595 1
591 596 2
593 595 2
594 595 1
594 596 2
595 596 1
596 597 1
598 601 1
598 604 1
598 616 2
599 603 1
599 606 1
599 607 1
599 610 1
600 601 1
601 604 1
601 605 1
602 605 1
602 608 2
602 612 1
602 616 1
604 605 1
604 606 1
604 610 2
606 607 1
607 608 1
608 616 1
608 617 1
609 610 1
609 618 1
609 657 1
609 658 2
611 612 1
612 614 1
612 615 2
616 625 2
617 619 1
618 619 2
619 621 2
620 621 1
621 622 1
621 625 1
621 627 1
623 760 1
623 761 1
623 762 1
625 626 1
625 762 1
626 627 1
626 628 1
626 631 1
627 628 1
627 631 1
627 659 1
628 630 2
629 633 1
629 638 1
629 644 1
629 645 2
630 631 1
631 633 1
631 637 1
631 762 1
632 633 1
633 635 1
633 637 1
633 642 2
633 651 2
633 762 1
633 763 1
634 641 1
634 665 1
634 765 1
635 639 1
635 641 2
635 666 1
636 762 2
637 644 1
637 645 1
638 639 2
638 640 1
638 641 2
638 665 1
639 641 1
639 642 1
641 650 2
643 645 1
643 650 1
643 651 2
643 653 1
644 651 1
645 649 1
646 651 1
646 652 1
647 651 1
647 652 1
650 653 1
651 653 1
652 653 3
653 654 1
653 659 1
654 655 1
655 657 1
655 659 2
656 657 1
657 660 1
659 660 1
662 665 1
662 667 1
663 664 2
663 667 3
663 671 1
663 763 2
664 667 1
664 675 1
664 693 3
664 710 1
666 667 1
667 670 2
667 671 1
668 671 2
668 695 1
669 674 2
669 675 2
670 671 2
670 673 1
670 674 1
670 675 1
672 673 2
672 674 1
672 678 1
672 679 1
674 693 1
675 678 1
675 688 1
676 677 1
676 681 1
676 685 1
677 678 1
677 679 1
677 680 1
677 681 1
677 685 1
678 679 1
678 680 1
678 681 1
678 685 1
678 686 1
678 688 1
679 682 1
679 685 2
681 684 1
681 685 3
682 683 1
682 693 3
684 688 1
685 686 1
686 688 1
688 693 2
690 694 1
691 703 1
692 698 1
693 694 1
693 702 1
693 703 1
694 695 1
695 696 1
695 765 1
698 699 1
700 702 1
700 766 1
701 703 1
703 709 1
704 706 1
704 707 1
705 707 2
705 713 1
705 757 1
706 717 1
706 757 1
707 708 3
707 713 1
707 714 1
707 715 1
707 757 3
708 709 1
708 713 2
709 710 1
709 711 1
709 715 1
709 740 1
710 711 1
710 716 1
710 719 2
710 734 1
711 712 3
711 757 1
712 720 2
712 723 2
712 726 1
712 729 2
712 732 1
712 734 1
714 716 1
714 764 2
715 731 1
715 734 1
715 735 1
716 717 1
717 730 1
720 729 1
721 739 1
721 754 1
722 723 1
722 731 1
722 740 1
724 729 2
724 749 1
725 728 1
725 749 1
725 750 1
726 728 1
726 729 1
726 750 2
727 729 1
727 733 2
727 739 1
727 750 2
728 754 1
729 750 1
731 740 1
732 733 1
732 739 1
732 740 1
733 734 1
733 750 1
734 735 2
734 740 3
735 740 1
737 738 1
740 754 1
741 742 1
741 747 1
741 751 2
742 753 1
742 754 1
743 744 2
745 749 1
747 748 1
747 749 1
747 750 1
748 753 1
748 756 1
749 750 2
750 753 1
751 753 1
752 754 1
752 760 1
754 755 1
754 758 1
756 758 3
758 759 1
759 760 1
761 762 1
761 763 1
763 764 1
764 766 1
