1150 273 1
1166 275 1
1190 821 1
1193 830 1
1217 822 2
1228 906 1
1232 901 1
1232 908 1
1278 908 1
1279 900 1
1280 910 1
1291 810 1
1308 794 1
1311 909 1
1312 811 1
1312 812 1
1312 908 1
1316 810 1
1319 809 1
1327 797 1
1327 800 1
1330 778 1
1331 775 1
1334 809 1
1338 809 1
1343 803 1
1343 808 1
1355 809 1
1363 1592 1
1364 1585 1
1364 1628 1
1364 1629 1
1367 1616 1
1369 1595 1
1369 1624 1
1370 1611 1
1372 723 1
1372 1077 1
1372 1078 1
1373 1076 1
1375 758 1
1375 1075 1
1376 759 1
1376 765 1
1377 634 1
1377 658 1
1377 685 1
1378 765 1
1382 679 1
1382 718 1
1392 797 1
1414 709 1
1414 713 1
1415 785 1
1416 776 2
1417 776 1
1419 681 1
1421 815 1
1425 814 1
1429 813 1
1430 671 1
1431 671 1
1432 671 1
1433 670 2
1434 682 1
1436 847 1
1438 790 1
1438 818 2
1441 667 1
1441 669 1
1442 667 1
1443 645 2
1458 630 1
1462 853 1
1463 635 1
1465 631 1
1467 451 1
1467 635 2
1468 634 1
1468 685 1
1474 454 1
1474 628 1
1484 889 1
1486 822 1
1489 827 1
1490 824 1
1490 844 1
1491 827 1
1494 693 1
1496 827 2
1500 888 1
1503 838 1
1544 823 1
1903 1636 1
1908 723 1
1909 719 1
1910 748 1
1910 1643 1
1914 721 1
1915 800 1
1916 800 2
1917 799 1
1925 798 2
1974 1635 1
1975 1640 1
1976 1627 1
1979 1641 1
