2 3 14
2 15 9
2 16 1
2 17 4
2 19 1
3 4 10
3 13 1
3 14 1
3 15 3
3 17 4
3 18 6
3 19 2
4 5 2
4 6 1
4 7 2
4 10 3
4 11 1
4 13 5
4 14 8
4 18 7
5 6 4
5 7 2
5 17 6
5 18 8
5 20 9
5 21 2
5 26 2
5 27 2
6 7 2
6 9 1
6 10 3
6 12 1
6 13 9
6 19 4
6 20 7
6 26 3
6 30 1
6 32 8
6 33 5
6 34 1
7 8 1
7 9 4
7 19 1
7 20 4
7 21 1
7 24 2
7 27 1
7 29 2
8 9 7
8 11 3
8 14 3
8 28 6
9 10 11
9 11 12
9 12 1
9 13 1
9 14 2
9 27 2
9 28 3
9 29 7
10 11 10
10 12 1
10 13 1
10 14 4
10 28 3
11 12 1
11 27 1
12 13 10
12 28 1
12 29 1
13 14 2
13 18 4
13 19 5
13 20 1
13 28 1
13 29 1
13 33 2
14 15 1
14 17 1
14 18 1
15 16 15
15 17 3
16 17 7
17 18 13
17 19 1
17 20 1
18 19 13
18 20 2
19 20 4
19 30 2
19 44 4
20 21 2
20 23 1
20 24 1
20 26 6
21 22 10
21 23 2
21 29 6
22 23 3
22 26 1
22 29 1
23 24 12
23 26 1
23 29 1
23 58 2
24 25 4
24 26 1
24 35 2
24 46 1
24 47 2
24 57 1
24 58 11
24 59 3
25 26 3
25 46 2
25 47 6
25 48 1
25 59 1
26 27 5
26 47 2
27 28 13
28 29 4
29 30 6
29 32 5
29 36 1
29 37 1
29 57 1
30 31 10
30 32 10
30 33 8
30 34 6
30 43 2
30 44 4
30 45 1
30 57 7
30 58 1
31 32 7
31 33 1
31 34 14
31 35 3
31 36 1
31 38 2
31 39 4
31 43 1
31 44 4
31 56 1
31 57 1
31 58 7
32 33 13
32 34 4
32 35 2
32 36 2
32 37 2
32 38 3
32 39 1
32 57 2
33 34 12
34 35 13
34 36 1
34 57 1
34 58 1
35 36 10
35 37 4
35 38 6
35 39 3
35 56 5
35 57 1
35 58 11
36 37 14
36 38 3
36 57 1
36 58 1
37 38 1
37 57 2
38 39 8
38 41 2
38 43 8
38 55 1
38 56 3
38 60 2
39 40 6
39 43 7
39 44 1
39 45 6
39 56 4
39 65 4
40 41 3
40 42 4
40 43 11
40 44 2
40 45 13
40 46 1
40 55 1
40 60 2
41 42 8
41 43 3
41 45 2
41 46 3
41 54 5
41 60 8
41 61 3
42 43 6
42 52 6
42 53 2
42 55 2
42 61 1
43 44 8
43 45 2
43 54 6
43 55 6
43 60 2
43 61 4
44 45 6
46 47 3
46 59 1
46 60 1
47 48 10
47 49 4
47 59 1
47 62 1
48 49 7
48 54 1
48 59 1
48 62 3
48 67 1
49 50 2
49 53 1
49 59 1
49 61 1
50 51 14
50 52 4
50 53 1
50 54 1
50 59 1
50 61 4
50 62 1
50 66 2
50 67 1
50 68 2
50 69 2
50 71 12
50 80 3
50 81 4
51 52 1
51 62 1
51 66 3
51 67 1
51 68 6
51 69 2
51 71 2
51 80 1
52 53 21
52 61 6
52 68 4
52 69 4
52 70 3
53 54 16
53 55 2
53 61 8
53 67 1
53 68 1
53 69 2
54 55 10
54 60 3
54 61 9
55 56 8
55 59 1
55 60 12
55 66 4
56 57 2
56 58 10
56 65 9
56 66 8
57 58 9
57 59 2
57 65 5
57 66 3
58 60 1
58 65 4
59 60 23
59 61 7
59 62 5
59 64 2
59 65 6
59 66 2
60 61 3
60 66 6
61 62 4
61 66 3
61 67 2
62 63 5
62 64 6
62 66 2
63 64 3
63 80 4
64 65 5
65 66 9
66 67 5
67 68 13
67 69 9
67 70 9
67 71 9
67 72 3
67 73 6
68 69 8
68 70 16
68 71 5
68 72 2
68 73 6
68 74 1
69 70 9
69 71 6
69 72 6
69 80 2
70 71 1
70 72 9
70 73 12
70 74 1
70 79 2
71 72 8
71 73 13
71 74 5
71 79 3
71 80 2
72 73 8
72 74 2
72 79 11
72 80 1
73 74 17
73 75 2
73 79 3
73 80 5
74 75 6
74 78 1
75 76 9
75 78 3
76 77 6
77 78 12
77 80 1
78 80 1
79 80 5
