3280 1674 1
3287 1704 1
3405 2409 1
3410 2408 1
11873 14462 1
11874 14531 1
13342 8018 1
13346 7996 1
13359 8076 1
13379 8039 1
13380 8062 1
13386 8055 1
13447 4692 1
13491 4622 1
13571 4578 2
13572 7966 1
13608 7987 1
13619 8012 1
13628 8021 1
13645 9917 1
13647 9918 1
13654 9865 1
13658 9930 1
13659 9866 1
13667 9925 1
13676 9929 1
13698 10049 1
13699 9932 1
13701 9935 1
13707 9927 1
13717 9835 1
14001 13893 1
14008 13805 1
14009 13463 1
14012 13901 1
14013 13916 1
14014 13902 1
14015 13902 1
14035 13467 1
14058 13991 1
14060 10735 1
14082 13886 1
14098 10752 1
