10 15 1
10 16 6
11 16 1
13 16 6
14 16 2
23 2 2
23 3 1
23 5 2
23 15 3
23 17 2
24 2 5
24 3 2
24 4 2
24 5 1
24 15 1
25 4 2
25 5 2
26 4 1
26 20 2
31 5 6
31 17 5
31 18 10
31 19 6
31 45 7
32 18 1
32 19 2
32 45 6
33 39 4
33 43 1
33 44 2
33 45 5
36 15 2
36 16 2
36 17 4
42 5 2
42 6 5
43 6 1
43 46 2
44 39 2
44 40 3
44 45 2
44 46 6
45 39 2
45 40 1
45 45 8
46 40 1
46 42 10
46 55 2
47 40 1
57 53 4
59 42 4
66 46 6
67 43 2
67 46 2
67 47 2
67 59 6
67 61 6
68 42 6
68 43 2
68 61 2
69 52 3
69 53 8
69 61 1
69 69 4
69 80 4
70 53 1
73 71 1
73 79 3
74 69 1
74 70 1
74 71 6
74 79 2
75 70 1
75 71 1
75 72 9
75 79 1
93 40 6
93 41 6
93 43 4
93 46 2
93 61 2
