2649 1169 1
2650 1168 1
2662 965 1
2673 1160 1
2689 2228 1
2691 2217 1
2698 2114 1
2704 2114 1
2996 2258 1
2997 2259 1
3013 2244 1
3013 2259 1
3018 2268 1
3142 2264 1
3145 2276 1
3150 2293 1
3170 5331 1
3178 2031 1
3181 5338 1
3212 5281 1
3240 5320 1
3243 2038 1
3250 1998 2
3251 1994 1
3257 2019 1
3257 2031 1
3262 2038 1
3265 2032 1
3273 2046 2
3274 2046 1
3275 2048 1
3286 2053 1
3298 2061 1
3300 466 1
3314 1994 1
3331 1945 1
3335 1950 1
3339 481 1
3340 437 1
3341 437 2
3342 1950 1
3344 417 1
3348 1752 1
3352 485 1
3364 2107 1
3367 1785 1
3367 1963 1
3371 428 1
3384 448 1
3389 2083 1
3432 395 1
3439 433 1
3455 467 1
3456 2077 1
3519 2244 1
7340 4621 1
7423 4536 1
12025 7492 1
12051 7481 1
15656 11557 1
15668 11558 1
15737 7575 1
15773 7547 1
