176 7174 1
182 8116 1
182 8144 1
183 8142 1
185 8216 1
185 8219 2
187 8219 1
193 8218 1
221 7507 1
239 7512 1
240 7218 2
243 7517 1
245 7207 1
245 7264 1
254 7264 1
256 7441 1
458 8171 1
464 8171 1
478 8184 1
479 8189 1
483 8167 1
519 8185 1
525 8187 1
529 8189 1
531 8195 1
539 8294 1
541 8257 1
542 8257 1
543 8293 1
547 8204 1
547 8206 1
558 8293 1
1771 6511 1
1776 6508 1
1808 6522 1
1809 6520 1
1810 6530 1
1814 6553 1
1819 6511 1
1822 6577 1
1827 6508 1
1829 6498 1
1830 6504 1
1832 6508 1
1833 6520 1
1880 6496 1
1901 6577 1
1903 6515 1
1923 6486 1
1925 6579 1
1928 6420 1
1929 6415 1
1929 8142 2
1930 6412 1
1930 6415 2
1931 6417 1
1931 8146 2
1933 8157 1
1934 6387 1
1935 6415 1
1936 6391 1
1936 6392 1
1936 6415 2
2008 8148 1
2014 8141 1
2027 8170 2
2030 8138 1
2867 6528 1
2874 6542 1
2876 6540 1
2877 6596 1
2880 6595 1
2884 6542 1
2885 6531 1
2892 6539 2
2892 6544 1
2913 6715 1
2915 6568 1
2919 6790 1
2922 6592 1
2923 6531 1
2923 6568 1
2923 6571 1
2929 6612 1
2931 6612 1
2941 6528 1
2942 6522 1
2942 6524 1
2943 6506 1
2944 6520 1
2946 6513 1
2947 6527 1
2948 6556 1
2949 6496 1
