81 26 1
85 34 2
85 36 2
86 25 1
86 30 1
87 27 1
87 33 1
89 25 1
93 36 2
221 36 2
223 62 2
228 127 3
229 57 2
229 127 1
230 100 1
230 148 3
231 148 2
231 220 1
231 224 2
232 151 1
232 219 1
234 100 1
238 357 2
273 176 1
277 357 1
279 176 4
279 357 2
280 357 1
281 356 1
281 357 1
283 174 1
285 98 1
285 99 1
286 97 3
286 98 1
286 99 2
286 100 1
287 98 1
287 99 1
288 95 1
289 94 1
289 95 1
291 94 2
292 67 1
292 94 1
292 95 1
293 67 1
309 388 2
310 386 1
310 388 1
321 385 4
321 386 2
373 97 1
373 101 1
373 168 1
373 170 1
373 171 5
373 173 1
374 235 1
376 236 1
377 170 3
378 84 1
379 84 1
380 170 1
384 306 1
385 304 4
390 304 2
390 305 1
408 174 1
408 379 1
408 380 3
408 381 2
408 382 1
409 174 1
409 375 1
409 382 2
410 173 1
410 174 1
410 180 4
410 375 1
410 376 1
411 172 2
411 173 4
411 180 2
411 376 1
411 382 2
412 172 2
412 173 2
412 381 4
413 381 3
421 385 1
421 386 3
423 381 1
423 382 2
423 384 2
423 387 1
424 381 1
429 385 1
477 180 1
478 178 1
479 309 1
479 382 2
480 303 1
480 304 2
480 305 2
480 306 3
480 307 3
481 302 2
481 304 1
481 306 1
491 239 2
498 301 1
503 302 4
503 303 3
503 306 2
504 301 2
504 302 2
504 303 2
505 301 1
505 303 1
519 69 2
522 75 1
522 80 1
522 83 1
523 80 1
523 83 1
525 83 1
544 301 2
545 301 2
546 263 2
552 371 1
553 370 1
556 366 2
556 369 1
557 366 4
558 368 1
559 252 1
559 253 4
559 254 1
561 370 2
562 248 1
564 195 2
564 247 1
565 107 3
565 191 1
565 195 1
566 108 1
566 179 1
566 272 1
566 370 2
566 371 1
566 375 3
566 376 1
567 191 1
567 272 1
567 371 2
567 372 1
567 375 4
567 376 1
568 181 1
568 182 2
568 183 2
568 185 1
568 188 1
568 190 1
568 322 2
568 376 1
