6 36 1
7 35 1
7 36 8
8 14 3
8 15 1
8 35 3
8 36 8
8 55 1
9 36 1
9 55 7
9 78 1
10 55 3
11 55 1
11 76 1
25 224 2
25 225 4
26 223 1
26 224 4
27 217 1
27 227 1
27 228 2
27 231 1
27 232 6
28 217 1
28 226 2
28 229 1
28 231 3
29 216 6
29 229 2
29 230 3
29 231 2
34 233 2
39 78 2
39 172 1
39 173 1
40 172 1
40 173 1
41 106 2
42 55 1
42 56 3
42 76 1
42 77 4
42 78 2
42 106 1
43 76 1
43 78 4
43 106 1
46 54 2
47 54 1
48 54 8
50 54 3
51 54 2
51 176 2
56 223 1
56 225 3
57 223 4
57 224 7
58 224 3
60 169 3
60 170 2
60 171 1
60 172 2
61 172 1
62 171 8
62 172 1
64 218 1
64 222 1
64 224 8
64 225 1
64 226 2
65 215 1
65 223 1
65 224 1
65 225 1
65 226 4
65 227 1
65 229 4
66 211 4
66 212 2
67 212 2
67 213 6
67 214 1
68 209 1
68 210 2
68 211 3
68 212 1
68 213 10
68 215 4
69 213 2
69 214 5
69 215 5
70 213 1
70 214 1
70 215 1
71 213 1
71 214 2
71 215 1
71 216 3
71 230 3
71 231 1
72 216 3
72 230 1
72 231 1
73 201 2
73 202 2
73 208 2
73 209 2
73 220 5
73 221 2
74 201 2
74 202 2
74 206 1
74 207 2
74 208 1
74 209 3
74 220 1
75 208 2
75 209 1
75 216 4
75 217 1
75 221 3
75 231 6
75 232 1
76 216 1
76 224 1
76 226 1
76 231 2
76 232 1
77 224 1
77 225 1
83 233 1
85 232 1
88 233 1
89 232 7
90 232 3
91 231 1
91 232 8
93 183 1
93 210 1
93 211 1
93 212 4
93 213 3
94 183 5
95 182 3
95 184 3
95 205 1
95 206 1
96 209 1
96 213 3
96 214 1
97 212 1
97 213 1
97 214 1
98 216 1
98 221 3
98 228 3
98 229 1
99 209 2
99 210 3
99 213 2
99 221 1
100 209 1
100 210 2
100 216 1
100 221 4
100 228 1
101 200 2
101 210 6
101 216 1
101 228 2
101 229 9
101 230 2
102 223 5
103 224 1
105 225 2
105 232 2
107 232 1
107 233 1
108 232 1
108 233 2
110 232 1
117 229 1
117 232 9
119 232 4
120 214 2
120 215 3
121 212 1
121 215 2
122 213 1
122 214 1
122 215 2
122 216 1
123 215 2
123 216 1
123 230 2
124 229 1
124 231 3
125 215 2
157 233 2
159 233 10
180 210 2
181 214 1
181 215 1
234 233 2
235 233 14
