21 77 1
23 120 2
26 77 2
31 76 1
32 49 2
32 106 1
32 107 1
38 75 1
38 76 1
38 77 1
38 81 1
39 78 1
39 81 1
39 241 1
39 261 1
40 75 1
40 81 4
41 255 1
41 264 1
46 82 1
46 84 2
46 255 2
47 257 1
47 260 2
47 261 2
47 356 1
48 243 1
49 356 1
52 354 1
52 356 1
53 354 3
53 357 1
54 356 3
54 357 1
84 874 1
87 875 1
88 877 1
89 874 1
89 876 3
89 877 2
89 878 1
90 876 3
90 878 4
90 879 2
91 622 1
91 630 2
91 631 1
91 875 1
92 661 1
92 662 1
92 877 1
92 878 1
120 468 1
128 469 1
130 147 2
130 148 1
130 240 2
130 429 2
131 644 1
132 133 1
132 148 1
133 644 1
138 134 2
138 135 2
139 132 1
139 133 1
139 134 3
158 623 1
158 624 4
159 619 1
159 623 1
159 624 1
268 628 1
272 626 1
321 833 2
379 838 1
379 839 1
380 839 2
380 841 1
380 851 1
381 839 2
384 849 1
384 851 1
384 854 1
385 851 1
386 627 1
387 627 1
387 631 1
389 625 1
393 626 1
398 633 1
400 627 1
402 632 1
420 839 1
421 816 1
421 948 1
422 815 1
422 816 2
422 948 1
424 829 1
424 838 1
426 826 2
426 839 1
427 831 1
427 832 1
427 838 2
430 833 1
430 834 1
431 834 1
432 838 1
434 833 2
434 834 1
485 618 1
485 680 2
485 706 1
486 619 1
487 706 1
488 674 1
489 600 1
489 608 2
489 615 2
490 600 1
490 602 2
490 603 1
490 604 1
490 673 1
490 682 1
492 683 1
494 674 1
496 701 1
497 674 1
497 676 1
497 701 2
497 704 2
497 707 1
498 675 3
499 675 1
499 676 1
499 679 1
499 683 1
499 700 1
499 701 1
499 705 2
499 709 1
500 701 2
500 702 1
500 704 2
501 703 2
532 833 1
534 832 1
535 833 2
