2 3 15
2 4 3
3 4 5
4 5 4
5 6 2
5 13 3
5 16 2
5 17 1
6 7 3
6 8 1
6 10 4
6 11 1
6 12 1
6 13 5
6 16 1
6 17 2
7 8 8
7 9 6
7 11 2
8 9 7
8 12 2
8 13 2
10 13 2
11 12 17
11 13 1
12 13 3
13 14 3
13 17 1
14 15 5
15 16 1
17 18 4
18 19 5
18 25 1
19 20 12
19 25 4
19 26 1
20 21 5
21 22 7
22 23 14
22 24 2
23 24 20
24 25 11
25 26 4
26 27 2
27 28 7
27 35 3
28 29 15
28 32 1
28 33 2
29 30 8
30 31 2
31 33 1
32 33 12
33 34 10
34 35 11
34 37 2
34 62 2
35 36 4
35 37 7
36 37 3
36 58 3
37 38 5
37 57 1
37 58 2
38 39 10
38 50 6
38 62 3
38 63 1
39 40 2
39 50 6
39 51 1
39 53 1
39 56 1
39 57 3
39 59 3
39 60 5
40 41 11
40 42 1
40 44 3
40 45 13
40 47 2
40 48 1
40 49 2
40 50 1
40 53 1
40 59 1
40 60 1
40 63 5
40 64 3
40 69 2
41 42 9
41 44 3
41 47 1
41 48 3
41 49 2
41 65 1
41 68 1
41 69 7
42 43 14
42 44 3
42 47 2
42 48 6
42 49 5
42 63 4
42 64 10
43 44 19
43 49 18
43 63 1
43 64 1
44 45 4
44 46 7
44 47 4
44 48 4
44 54 1
44 61 2
44 64 1
44 65 5
45 46 1
45 47 7
45 48 7
45 63 1
45 64 4
45 67 1
46 47 6
46 48 1
46 52 6
46 53 3
46 54 15
46 66 1
46 67 5
46 70 1
46 72 7
47 48 9
47 54 13
47 55 1
47 66 2
47 67 3
47 69 1
47 70 6
47 72 7
47 73 4
48 49 3
48 64 1
48 65 3
48 68 2
48 69 6
48 70 5
48 73 2
49 50 5
49 59 5
49 60 2
49 61 5
49 63 5
49 64 3
50 51 4
50 59 16
50 60 8
50 61 1
51 52 9
51 56 4
52 53 16
52 54 2
52 55 7
52 56 1
52 66 1
52 67 1
53 55 2
53 56 6
53 57 2
53 67 1
54 55 5
54 56 1
54 58 3
54 64 1
54 66 2
54 67 8
54 68 4
54 72 3
54 73 4
55 58 3
55 65 1
55 67 8
55 71 1
55 72 2
56 57 12
56 67 3
57 58 5
57 67 4
58 60 1
58 61 1
58 64 2
58 65 3
58 67 12
59 60 17
59 61 3
59 63 4
59 64 1
60 61 10
60 63 8
61 62 16
61 63 11
61 64 4
62 63 3
63 64 13
63 65 1
64 65 2
64 67 3
65 66 2
65 67 4
65 68 4
65 70 2
66 67 8
66 68 11
66 69 1
67 68 1
68 69 4
68 70 1
68 73 1
69 70 5
69 73 14
69 74 1
70 71 8
70 72 3
70 73 20
71 72 13
71 73 2
72 73 3
73 74 5
