12 142 1
12 143 2
14 143 1
16 143 2
22 40 2
45 41 3
45 42 1
46 41 4
46 42 4
47 38 2
73 170 3
74 170 3
74 171 4
89 143 1
90 142 1
90 143 1
91 142 2
91 143 2
91 147 9
92 96 6
92 143 3
92 144 2
92 147 6
92 148 1
93 54 1
93 55 1
93 96 8
93 110 2
93 116 1
93 145 2
93 147 2
93 153 2
93 156 3
94 116 1
94 152 8
94 153 1
94 154 1
95 115 1
96 115 1
102 108 1
102 114 3
103 116 5
103 154 1
104 108 1
104 116 2
105 52 2
105 142 1
105 143 1
105 147 1
105 153 1
106 147 1
114 170 1
115 169 1
116 152 2
116 153 4
117 115 1
117 116 1
117 152 2
119 107 7
119 108 7
122 108 2
122 109 4
122 115 2
122 116 5
123 108 2
123 110 2
123 111 1
123 113 6
123 114 2
123 122 1
124 114 1
125 114 4
125 124 1
126 114 1
126 135 5
127 135 1
131 135 2
132 114 1
132 115 1
133 135 2
134 133 2
134 134 7
134 136 2
134 167 2
135 133 1
135 134 1
135 136 2
135 166 1
135 167 4
136 134 1
136 166 1
136 167 2
147 134 1
147 135 3
147 167 1
148 135 2
148 138 11
148 167 1
148 174 2
148 175 2
149 138 1
153 136 10
153 137 3
153 166 5
153 167 4
153 176 3
154 136 1
154 166 1
154 177 7
164 115 3
165 115 1
165 139 1
165 140 2
165 150 8
165 151 8
166 138 1
166 168 1
166 169 4
167 150 1
167 168 5
168 151 1
168 152 1
169 152 3
191 138 2
