172 169 2
174 155 2
175 155 2
182 155 2
182 281 1
182 282 1
197 165 1
199 166 1
206 153 1
206 154 1
206 167 1
207 165 1
208 150 1
208 151 1
209 47 1
209 52 1
209 57 1
209 150 1
209 151 1
210 53 2
212 40 1
212 41 1
212 42 1
212 44 2
212 45 1
213 40 1
214 40 1
214 41 1
214 42 1
215 42 1
224 246 1
225 245 1
235 41 2
236 40 1
236 41 1
237 53 6
240 59 1
240 117 1
240 122 1
240 145 3
242 145 1
242 146 1
243 59 1
243 60 2
243 115 1
243 116 2
243 117 3
243 118 1
243 122 1
243 147 1
244 141 1
245 143 1
245 144 3
245 145 1
246 67 1
246 68 1
247 68 2
247 69 3
247 143 3
247 144 2
247 145 1
248 142 2
248 145 1
248 221 1
248 222 1
249 69 1
249 141 1
249 145 1
250 69 2
250 142 1
255 143 1
255 145 2
256 141 1
256 222 1
257 132 1
257 221 3
258 135 1
330 223 1
331 222 1
