79 146 2
79 173 1
79 191 1
79 194 1
79 240 2
79 260 3
79 264 1
79 270 2
80 173 2
80 243 1
80 264 2
80 265 1
80 270 3
81 173 4
81 243 1
82 242 2
82 265 1
82 267 1
83 244 2
83 263 1
86 174 1
86 261 2
87 173 2
87 261 1
168 361 4
168 362 3
169 358 1
169 418 1
169 419 1
170 419 1
177 418 4
178 417 3
179 417 1
179 418 1
180 417 1
180 418 1
180 419 1
181 419 1
181 564 1
182 563 3
182 564 1
182 565 3
182 566 3
183 563 2
184 566 1
250 361 2
252 361 1
255 361 1
268 361 3
270 359 1
270 431 1
271 360 3
273 361 4
274 361 1
275 440 1
370 675 1
371 688 2
372 670 1
372 687 1
372 688 1
420 677 1
421 677 1
421 678 2
422 676 3
422 677 2
423 675 2
424 675 1
