8 24 1
10 24 1
14 25 5
15 24 1
16 12 1
16 13 1
17 12 2
18 12 4
19 9 1
21 10 5
21 14 4
21 15 1
22 10 1
22 12 2
22 14 3
38 33 1
38 35 2
38 36 1
38 37 2
38 38 3
41 28 2
41 36 4
42 16 5
43 11 2
43 12 2
43 14 1
43 15 1
44 11 1
44 15 11
44 16 2
45 10 5
45 11 6
45 12 1
45 16 1
46 10 1
46 11 4
46 13 2
46 17 1
47 13 4
52 15 2
53 11 1
53 12 3
53 15 2
55 11 1
55 14 1
63 16 2
64 27 1
65 27 1
66 28 2
66 35 2
66 36 2
68 26 1
68 27 1
70 24 5
71 24 5
72 23 1
72 24 1
78 23 1
79 22 1
79 120 2
79 121 1
79 122 1
80 120 2
80 122 2
81 29 6
81 37 3
81 120 1
81 122 3
82 29 1
82 121 2
82 122 3
83 24 2
83 37 1
83 121 1
84 29 1
84 37 1
84 38 1
85 36 1
85 37 1
87 24 7
88 24 1
89 24 1
90 23 2
90 24 2
90 25 1
90 40 2
91 23 2
91 40 2
92 39 2
92 40 2
94 59 1
94 60 7
94 64 5
94 81 5
94 82 1
95 59 3
95 64 1
96 60 4
96 61 7
96 63 1
96 64 7
97 59 2
97 60 4
97 63 1
98 60 6
98 61 3
98 99 3
99 61 1
99 99 1
99 100 4
105 81 4
109 114 1
109 119 1
109 120 1
111 114 1
112 113 1
112 117 1
113 113 1
114 22 2
114 23 1
114 113 1
114 117 1
114 118 1
115 22 1
115 113 1
116 113 1
116 114 4
116 115 1
116 117 3
117 59 3
117 60 1
118 56 1
118 59 2
118 81 2
118 82 2
119 56 1
121 59 2
122 59 2
168 63 2
168 64 1
169 60 2
169 61 4
169 62 6
169 63 1
169 78 2
169 98 1
169 99 1
169 100 1
169 103 2
169 104 3
169 105 2
169 108 1
170 98 2
170 100 1
170 104 2
170 105 3
170 109 1
171 101 6
171 102 2
171 103 2
184 100 1
185 100 1
186 102 1
187 99 1
187 100 2
187 101 2
