35 124 1
38 192 2
42 124 2
50 123 1
51 79 2
52 170 1
52 171 1
61 121 1
61 123 1
61 124 1
61 130 1
62 417 1
63 126 1
63 129 1
63 387 1
64 121 1
64 130 3
64 131 1
66 408 1
66 423 1
73 132 1
74 134 2
74 408 2
75 412 1
75 416 1
75 417 1
75 570 1
76 418 2
77 389 1
79 570 1
84 566 1
84 569 1
85 566 3
85 571 1
86 570 1
86 572 1
87 569 2
134 1398 1
140 1400 1
142 1402 1
142 1403 2
143 1399 1
143 1402 2
143 1404 1
143 1406 1
144 1402 2
144 1405 2
144 1406 4
145 1009 1
145 1402 1
146 995 1
146 1009 1
146 1011 1
147 1060 1
147 1400 1
147 1405 1
148 1059 1
148 1404 1
192 749 1
205 750 1
208 236 3
208 384 2
208 686 2
210 1031 1
211 237 1
212 214 1
213 1031 1
221 216 1
222 212 1
222 215 5
222 216 1
223 211 1
253 999 2
254 991 1
254 997 2
254 998 2
255 999 1
430 1004 1
435 1001 1
514 1332 2
607 1342 1
607 1343 1
608 1343 1
608 1362 1
609 1342 1
609 1343 2
609 1346 1
615 1359 1
615 1362 1
615 1367 1
616 1361 1
618 1003 1
619 1003 1
619 1010 1
622 1000 1
629 1002 1
637 1012 1
640 1003 1
644 1011 1
672 1342 1
674 1517 1
675 1305 1
675 1306 3
675 1517 1
678 1341 1
679 1327 1
681 1322 2
682 1342 1
683 1331 1
683 1341 1
684 1331 1
684 1341 1
688 1334 2
690 1335 1
692 1341 1
694 1334 3
776 989 1
776 1088 2
776 1130 1
778 991 1
779 1130 1
782 1079 1
783 961 1
783 972 2
783 984 2
784 961 1
784 963 2
784 964 1
784 967 1
784 1078 1
784 1092 1
788 1093 1
791 1078 1
793 1121 1
795 1078 1
796 1082 1
796 1122 2
796 1127 2
796 1131 1
797 1080 1
797 1081 2
798 1093 1
798 1121 1
798 1122 1
799 1080 1
799 1082 1
799 1087 1
799 1128 2
799 1135 1
800 1123 2
800 1126 2
801 1124 1
801 1125 2
851 1333 1
854 1332 1
856 1333 1
856 1334 1
