804 990 1
805 990 1
806 966 1
806 990 1
807 966 2
807 1000 1
813 966 1
820 973 2
820 976 1
820 978 1
848 979 2
850 983 1
851 978 1
857 1068 1
858 1068 1
956 1083 1
957 1082 1
957 1083 1
964 1088 1
965 1082 1
977 1076 2
985 1082 1
987 1073 1
987 1075 1
987 1077 1
987 1078 1
989 1076 1
989 1186 1
997 1079 1
999 1073 1
999 1074 2
999 1077 2
999 1186 1
1000 1071 1
1000 1073 1
1001 1069 1
1001 1071 2
1002 1076 1
1007 1063 1
1013 736 1
1013 901 1
1014 902 1
1021 1065 1
1022 1055 1
1022 1059 1
1023 1058 3
1023 1060 1
1025 1065 2
1026 1060 1
1026 1061 1
1026 1063 2
1026 1064 3
1027 745 1
1027 1060 1
1028 1060 1
1028 1067 2
1112 744 1
1113 744 2
1114 732 1
1114 744 1
1114 745 2
1117 743 1
1122 903 1
1123 903 1
1170 733 1
1170 736 1
1171 552 1
1171 733 1
1171 735 1
1171 736 1
1172 733 1
1172 734 1
1172 735 2
1172 736 1
1173 734 2
1173 736 2
1173 737 1
1173 739 2
1173 740 1
1173 743 1
1179 552 1
1179 734 1
1214 894 1
1216 838 1
1216 898 1
1216 903 1
1217 899 2
1217 900 1
1217 905 2
1218 905 1
1219 904 1
1219 905 2
1220 896 1
1225 853 1
1225 896 1
1226 878 1
1226 895 1
1227 553 1
1227 555 1
1228 895 1
1229 553 2
1229 894 1
1230 893 1
1230 894 1
