-4.577004 35.255135 23.919910 
-5.571020 35.346009 23.859302 
-5.277079 35.688295 24.751736 
-4.583023 36.306808 24.383323 
-4.465470 36.296021 23.390315 
-4.951386 36.546037 22.552832 
-5.425663 37.153971 21.916062 
-5.850795 37.997139 21.586924 
-5.814292 38.921365 21.206828 
-6.424098 39.314909 21.894767 
-6.793721 38.394000 21.771049 
-6.973768 37.487887 21.388240 
-7.546533 36.813894 21.854794 
-7.156019 35.904194 21.996019 
-6.848020 35.219008 21.335976 
-5.869112 35.286225 21.143052 
-5.848232 34.983672 22.095956 
-6.375580 34.599788 22.853938 
-5.879265 33.876271 22.374153 
-6.635460 34.055678 21.744882 
-6.814409 33.464385 22.531235 
-7.317721 32.601746 22.581539 
-7.455972 32.468317 21.600171 
-8.074292 31.749506 21.917961 
-8.168331 30.759430 22.022396 
-7.764460 31.244552 22.797990 
-7.919508 31.614524 23.714003 
-7.096863 31.360055 24.222434 
-6.387391 30.762979 24.596800 
-6.507399 29.985302 23.979697 
-7.477503 29.795570 24.131025 
-8.124382 29.402788 23.477366 
-7.989473 29.594155 22.505163 
-7.148436 30.048875 22.212102 
-7.182223 29.354302 21.493474 
-7.980818 29.389545 20.892638 
-8.347331 28.489751 20.655915 
-9.252302 28.878970 20.484054 
-9.176968 29.261406 19.563148 
-8.752593 30.166691 19.544026 
-9.310428 30.980116 19.708833 
-8.863295 31.564351 20.386138 
-8.816354 30.822521 21.055080 
-8.850686 29.973581 21.582453 
-9.559257 29.288300 21.414173 
-10.337730 28.711356 21.661389 
-11.218777 28.240711 21.613962 
-11.109352 27.810475 22.510022 
-10.767350 26.968701 22.927695 
-11.054284 26.468094 22.110956 
-11.195745 25.693137 21.494977 
-11.794292 25.196313 22.123393 
-10.995694 25.578352 22.588460 
-11.524412 25.526014 23.435643 
-12.173104 24.813761 23.167514 
-12.657282 24.040952 22.757223 
-13.584918 24.088984 22.386839 
-14.569101 24.046793 22.558897 
-15.232320 24.527142 21.984958 
-14.820183 23.956980 21.274284 
-14.905036 24.908204 20.977682 
-14.709421 24.494032 20.088752 
-15.068009 23.617283 19.768242 
-15.663424 22.833149 19.593273 
-15.803905 21.853877 19.447357 
-16.250417 21.683643 20.325792 
-16.256815 20.895849 19.709886 
-16.876619 21.652177 19.500577 
-17.859872 21.747769 19.345412 
-18.365295 21.389450 20.130367 
-19.011079 21.917685 19.579068 
-19.567243 22.074013 20.395305 
-19.574719 22.761601 21.121368 
-19.651478 22.898772 22.108936 
-18.909359 22.254892 22.295152 
-18.123093 22.544307 21.749235 
-18.099171 21.923193 20.965879 
-17.374110 21.280848 20.717524 
-16.520671 20.777657 20.853319 
-16.759307 19.844289 21.121417 
-16.752747 19.231537 21.911665 
-16.267004 19.242057 22.785703 
-15.308493 19.016388 22.611545 
-14.434843 18.910580 23.086456 
-13.490238 19.187286 22.909950 
-12.972916 19.931284 23.332851 
-12.131617 19.514233 22.988927 
-11.384916 19.082620 23.495038 
-11.201248 18.117256 23.680342 
-12.061752 18.218973 24.179529 
-12.995848 18.107356 23.840406 
-12.981888 18.847889 24.512280 
-12.499158 19.709557 24.355756 
-11.673824 19.172399 24.529782 
-10.722596 18.891698 24.657735 
-10.197832 18.147745 24.244026 
-10.595817 17.236699 24.136303 
-10.284500 17.302501 25.084328 
-11.161031 17.766990 24.958062 
-11.719561 16.945960 24.839935 
-11.942521 16.436920 25.671299 
-12.709524 16.124013 26.231474 
-13.517839 16.328096 25.679227 
-13.672282 16.661854 26.609148 
-14.160587 17.509598 26.402052 
-14.185991 18.331149 26.971621 
-14.079934 18.980387 27.724776 
-13.571425 19.828343 27.575149 
-12.621482 19.516726 27.597611 
-12.720961 18.814649 26.892493 
-13.139455 18.864520 25.985644 
-12.653137 17.997545 25.876793 
-11.750641 17.570013 25.928927 
-11.692258 18.566891 25.982092 
-10.765737 18.830809 25.713940 
-11.029112 19.791763 25.629085 
-10.241602 20.328464 25.326134 
-10.914847 20.549958 24.620668 
-11.910744 20.550530 24.711158 
-11.450463 21.352796 24.331012 
-10.749619 22.009175 24.610269 
-9.861429 21.942938 25.064947 
-8.872112 22.018167 24.940082 
17.961256 -30.036865 -35.065590 
18.577285 -30.537930 -34.457771 
18.531187 -31.512892 -34.675311 
17.825935 -31.171099 -35.296436 
18.755251 -31.054910 -35.646967 
19.416621 -30.386386 -35.306873 
20.260164 -30.703371 -34.873335 
21.160078 -30.463228 -35.237323 
21.774538 -31.235266 -35.074854 
22.394102 -30.549683 -35.457105 
21.875354 -30.430900 -36.303740 
22.848769 -30.234724 -36.421968 
23.142983 -30.044830 -37.358653 
23.138247 -30.524051 -38.236334 
22.987094 -31.512526 -38.227917 
23.699084 -31.543990 -38.929402 
24.636437 -31.892244 -38.919988 
24.116155 -32.508992 -39.510689 
23.411051 -32.698224 -40.194077 
23.171377 -33.115131 -39.317296 
23.043908 -34.045139 -39.662023 
22.258035 -33.592428 -40.083276 
21.261473 -33.554981 -40.009364 
20.965270 -33.903119 -40.898782 
21.027918 -33.138088 -41.539721 
20.032148 -33.220261 -41.580838 
19.270262 -32.657288 -41.260540 
18.692265 -32.439974 -40.473969 
17.806302 -32.024714 -40.680435 
17.691903 -31.534242 -41.544351 
17.706295 -30.590830 -41.213040 
18.612209 -30.169978 -41.166109 
18.490956 -30.629415 -42.046004 
17.608432 -30.177292 -42.175369 
16.823499 -30.531400 -42.683786 
16.393549 -29.721898 -42.283975 
15.639240 -29.106370 -42.055625 
15.799628 -28.918243 -43.024585 
16.683753 -28.511595 -42.794452 
16.402372 -27.598216 -43.088668 
15.655353 -27.903211 -42.497957 
14.902737 -28.144480 -43.110623 
15.016909 -28.134007 -44.104028 
15.168472 -29.071041 -44.418665 
15.177879 -30.043523 -44.651453 
15.711119 -30.379057 -45.428031 
15.919910 -30.155631 -46.380127 
16.442814 -29.374009 -46.720184 
16.439320 -28.727311 -47.482923 
15.541051 -28.874981 -47.896815 
15.281605 -29.707574 -47.407452 
15.215728 -30.703264 -47.472735 
15.568576 -30.992771 -48.362501 
15.904932 -30.961234 -49.303708 
16.706051 -31.444834 -49.656327 
17.425573 -31.704399 -50.300465 
17.637288 -32.519061 -49.760555 
18.516605 -32.497225 -49.284818 
18.857287 -33.236879 -48.704432 
18.963088 -32.570799 -47.966095 
18.907719 -31.572540 -47.986429 
18.178388 -31.618826 -47.303834 
17.552125 -31.589657 -48.082900 
16.718655 -31.818780 -47.580078 
16.247892 -32.686818 -47.737847 
15.978543 -33.014714 -48.643350 
15.429746 -33.421627 -49.373586 
15.970278 -32.758847 -49.891803 
16.198400 -32.268024 -50.732668 
16.672254 -33.141192 -50.618478 
17.177623 -34.001962 -50.679108 
16.869096 -34.000849 -49.727893 
16.324097 -34.798278 -49.986896 
16.666466 -35.606590 -49.507922 
16.566442 -36.014697 -50.415360 
17.123737 -35.659106 -51.165678 
17.549012 -36.090426 -51.961356 
18.090388 -36.924288 -52.068999 
17.858961 -37.754138 -52.576728 
17.566857 -38.490211 -51.966096 
17.981315 -38.145483 -51.123845 
18.324510 -37.642457 -50.330635 
18.255722 -36.648431 -50.415373 
17.381773 -36.993127 -50.072740 
17.379949 -37.207324 -49.095951 
17.923876 -36.773243 -48.377815 
17.809645 -36.175325 -49.171191 
18.798612 -36.175839 -49.023053 
19.488938 -35.632884 -49.501227 
18.709156 -35.034170 -49.318245 
19.091129 -34.242436 -49.794957 
19.180941 -33.506024 -50.465502 
18.782773 -32.596478 -50.584617 
18.130075 -33.259114 -50.951904 
18.360477 -32.931279 -51.868113 
18.760975 -33.825888 -52.066290 
19.162064 -33.969912 -52.970937 
19.400108 -34.539534 -53.757617 
18.885401 -33.698854 -53.925946 
18.272988 -33.331711 -53.225835 
17.809944 -33.878612 -53.923324 
17.945065 -34.028010 -54.902825 
18.333050 -33.112455 -54.796860 
18.699442 -33.327174 -55.702207 
18.704113 -34.320502 -55.817438 
17.720259 -34.335787 -55.995758 
17.004396 -33.871123 -55.474578 
16.580219 -33.312761 -56.187533 
15.827229 -32.654768 -56.180358 
15.090283 -32.621307 -56.855480 
15.992636 -32.278009 -57.116064 
15.864358 -32.238775 -58.107026 
16.255297 -31.417495 -57.691495 
17.164885 -31.240653 -58.067494 
-12.883544 -10.436965 -5.428270 
-12.510699 -10.272298 -6.341436 
-11.934753 -9.642609 -6.862759 
-12.061052 -9.228018 -7.763960 
-11.923359 -8.573881 -7.020223 
-12.799319 -8.092266 -6.993004 
-13.294164 -7.952757 -7.850714 
-12.846435 -7.560213 -8.654111 
-13.369153 -6.708891 -8.609198 
-12.507198 -6.726034 -9.115894 
-11.603335 -7.060069 -8.848589 
-12.079585 -6.479606 -8.188098 
-12.881265 -5.966520 -7.881420 
-12.626200 -5.459679 -7.057979 
-12.152855 -4.730398 -6.563921 
-11.832966 -5.596941 -6.180811 
-12.809197 -5.731506 -6.010913 
-12.839016 -4.821689 -5.596977 
-13.176572 -3.934013 -5.283786 
-13.538634 -3.018453 -5.458888 
-14.513118 -2.795818 -5.487428 
-15.057279 -3.634071 -5.522344 
-15.421624 -4.562647 -5.593056 
-15.148446 -5.137925 -4.822064 
-14.279984 -5.633102 -4.798100 
-14.076104 -4.693487 -5.072976 
-14.221708 -4.460827 -6.034573 
-13.625652 -4.931169 -6.685339 
-14.006484 -4.635706 -7.561505 
-14.963452 -4.819960 -7.337309 
-14.792336 -5.401645 -6.542097 
-15.480979 -6.122158 -6.460652 
-16.322121 -6.132429 -7.001369 
-16.587917 -5.581707 -6.210131 
-16.354997 -6.299360 -5.553836 
-15.559783 -6.885653 -5.399252 
-14.630297 -7.146160 -5.660386 
-13.822232 -7.640524 -5.980752 
-14.465420 -8.401782 -5.898319 
-14.166442 -9.326645 -6.133353 
-14.768301 -10.074335 -5.852771 
-14.980934 -9.926912 -6.818718 
-15.349623 -9.462801 -7.624117 
-14.818198 -10.127418 -8.149352 
-15.330995 -10.608155 -8.860640 
-15.125956 -11.535098 -8.546418 
-14.448207 -12.095523 -9.022423 
-14.306218 -11.173004 -9.381308 
-14.742942 -11.865527 -9.955489 
-14.482261 -11.859421 -10.920895 
-15.031109 -11.027250 -10.841788 
-14.904533 -10.465992 -10.023883 
-15.649801 -11.132753 -10.026331 
-16.229383 -10.426361 -9.620013 
-15.638750 -9.627509 -9.506050 
-14.900103 -9.115041 -9.943974 
-14.670905 -8.141811 -9.961036 
-14.182756 -7.308837 -10.221544 
-14.363692 -6.701968 -10.995477 
-14.684158 -5.777932 -11.203948 
-14.401990 -6.040993 -12.126542 
-14.450883 -6.996347 -12.417933 
-13.693169 -7.390462 -12.938071 
-13.762960 -8.172335 -13.557590 
-13.909925 -8.974275 -12.978544 
-13.109068 -9.536704 -13.184217 
-13.039641 -9.787829 -14.149679 
-12.280715 -9.509351 -14.738305 
-11.593395 -9.925010 -14.142637 
-12.036553 -10.472290 -13.432640 
-12.193165 -9.861856 -12.656211 
-11.767677 -9.121924 -13.177229 
-10.832804 -8.814290 -13.000101 
-10.491764 -9.486045 -13.657700 
-10.088589 -9.184448 -14.521696 
-9.478440 -9.183142 -15.313981 
-9.457955 -8.302896 -14.839906 
-8.517922 -8.608618 -14.688672 
-8.185947 -9.356074 -15.264087 
-8.330977 -8.603370 -15.906273 
-7.472837 -8.434828 -15.421311 
-6.792705 -7.749219 -15.680851 
-6.015825 -8.024252 -15.114446 
-5.115525 -7.726770 -14.796696 
-4.383179 -8.352769 -15.064642 
-4.469797 -9.094984 -15.729183 
-3.768861 -9.538509 -16.287729 
-3.536747 -10.364857 -15.774629 
-3.018852 -10.546778 -14.938753 
-3.149782 -10.427123 -13.954609 
-3.581429 -9.947417 -13.190695 
-4.383818 -9.636908 -13.700358 
-4.631637 -10.597612 -13.825392 
-4.655070 -11.233561 -13.054017 
-5.622096 -11.416725 -12.877069 
-6.327892 -11.981401 -13.304847 
-6.644752 -11.952031 -12.356830 
-7.216456 -11.349232 -11.800245 
-7.816914 -12.031061 -12.218047 
-8.481161 -12.171840 -12.952184 
-8.534381 -11.182100 -13.084788 
14.907956 35.623135 -16.639490 
13.945109 35.700673 -16.380816 
14.275166 36.266733 -17.136222 
14.549877 36.279923 -18.097658 
15.272916 36.762084 -18.592365 
15.535039 36.154155 -17.842890 
15.199263 35.654278 -18.641249 
14.330495 35.432717 -19.084140 
14.789389 35.677737 -19.938178 
14.178251 36.392482 -19.598106 
14.234035 37.205034 -19.017893 
14.505754 37.279833 -18.058428 
13.607858 36.873526 -17.889029 
13.061608 36.130032 -18.274812 
12.681234 35.863938 -17.389087 
12.798280 35.437794 -16.492035 
12.764273 34.455672 -16.677185 
12.736197 34.003977 -17.568915 
13.569314 33.487506 -17.370992 
13.898478 34.073959 -16.630908 
14.246447 33.637271 -15.801317 
13.833034 34.368184 -15.258311 
13.835646 33.698020 -14.516102 
14.082378 34.207423 -13.691704 
14.683145 33.433538 -13.892158 
15.638291 33.413375 -13.596710 
15.796778 33.331438 -14.580666 
16.469546 33.608411 -15.266718 
16.504764 32.664515 -14.938360 
16.585339 32.355600 -13.990689 
17.496065 32.450686 -13.588773 
17.612793 31.513153 -13.916501 
16.807545 30.921575 -13.956642 
17.353030 30.084935 -13.906840 
17.277325 30.356717 -12.947464 
17.193369 29.952728 -12.036561 
16.452909 29.307674 -11.847822 
15.575559 29.581300 -12.242013 
15.125020 29.043330 -12.954475 
15.676137 28.247265 -13.204577 
15.833812 27.799231 -14.084579 
15.042502 27.331924 -14.478854 
15.064838 26.362954 -14.725022 
14.206106 26.700974 -14.339896 
13.353381 26.916433 -14.815752 
12.776962 27.303731 -14.096211 
12.600842 26.612609 -13.395260 
11.613561 26.635641 -13.237948 
11.708849 25.696085 -13.566817 
11.799180 25.130362 -12.747184 
12.003494 24.823851 -11.817503 
11.471701 25.374240 -11.173866 
11.369906 26.144961 -11.802855 
11.939289 26.636074 -11.143605 
11.696703 27.601344 -11.046622 
10.798031 27.842297 -11.413132 
11.408153 28.572414 -11.105430 
10.973378 29.441596 -11.340998 
11.866243 29.488945 -10.893170 
11.701984 29.487270 -9.906754 
12.112770 28.653173 -9.538601 
11.150972 28.778486 -9.295206 
11.043621 29.234231 -8.411592 
10.693572 29.746811 -9.195638 
10.138765 29.447815 -9.972033 
10.042245 28.520160 -9.611282 
9.542131 28.054660 -8.881079 
8.586556 27.773931 -8.791261 
7.823969 27.197923 -9.085667 
7.646171 26.929728 -10.032482 
7.020860 27.560486 -9.572992 
6.505049 26.760093 -9.878459 
6.887475 26.529959 -10.773327 
6.293753 25.808793 -10.416376 
5.560649 25.896550 -9.741944 
5.238354 26.372653 -8.923744 
5.610446 26.354370 -7.995728 
5.230341 27.206108 -8.356370 
6.159451 27.550042 -8.220487 
6.279748 27.585812 -7.228393 
5.296515 27.765095 -7.261715 
5.476896 28.276612 -8.101842 
6.112596 28.703539 -7.458711 
6.204510 28.827162 -6.470647 
5.370027 28.484738 -6.038924 
5.988766 28.991860 -5.438933 
5.399874 28.429727 -4.858233 
4.654607 27.797925 -5.071313 
3.968430 28.384039 -4.640463 
3.313013 28.136674 -5.354073 
2.642795 28.036645 -6.089465 
1.941529 27.451779 -5.681839 
1.802305 26.805976 -4.931137 
0.950555 27.272777 -4.693191 
0.875261 28.057387 -4.077791 
-0.075879 28.258523 -3.843532 
-0.079172 27.333238 -3.464273 
-0.718630 27.217000 -2.704284 
-4.547004 78.345135 4.769370 
-4.684141 79.334290 4.821950 
-5.361113 79.962022 5.206219 
-5.224181 80.812095 5.714770 
-5.252419 79.966391 6.247675 
-5.616309 79.088397 6.558658 
-6.049466 79.922916 6.899176 
-6.773639 79.706595 6.244364 
-7.347548 79.156958 5.637299 
-6.885007 78.517066 5.023626 
-7.016745 77.565058 5.299896 
-7.367177 77.590735 6.236132 
-8.181109 77.094277 5.934397 
-7.894979 76.191658 5.612823 
-8.367838 76.094117 6.488546 
-9.215925 75.655286 6.785488 
-10.089782 75.572109 6.306471 
-9.529705 76.009405 5.602848 
-9.198250 75.431766 4.856878 
-8.429555 75.222732 4.252384 
-8.849897 75.508124 3.391069 
-9.208809 76.162597 2.725601 
-8.852070 76.570705 3.565949 
-7.946282 76.985607 3.651994 
-8.024493 77.280540 4.604306 
-8.827688 77.869473 4.693945 
-9.405988 78.677321 4.580146 
-10.174492 78.038572 4.617580 
-11.040431 78.388419 4.975009 
-10.886649 79.245279 5.467089 
-9.889977 79.165065 5.481596 
-10.056965 78.284946 5.926012 
-9.831794 77.651908 6.666661 
-10.533990 78.239975 7.068031 
-10.132701 78.879357 7.723896 
-9.714535 79.453434 7.019926 
-10.369014 80.120100 7.376598 
-10.603088 81.083797 7.248152 
-9.722440 80.817825 6.856084 
-9.401284 81.168102 7.735951 
-9.477264 82.163035 7.670121 
-10.290805 82.628970 8.018053 
-10.095892 81.899580 8.673796 
-11.024260 81.543119 8.779003 
-11.914610 81.131301 8.584880 
-11.927243 82.118030 8.422995 
-12.808202 82.301624 8.859120 
-13.721498 82.630728 8.619160 
-13.622496 83.304611 9.351335 
-13.916321 82.504932 9.874957 
-14.433412 81.741535 10.262050 
-15.074774 82.115032 9.591859 
-16.029050 82.297652 9.828517 
-16.493376 82.156922 10.702929 
-16.105919 81.356189 11.159769 
-16.348422 80.555287 10.612276 
-15.472277 80.123388 10.826363 
-16.307925 79.630372 11.068497 
-15.656792 78.965786 11.435036 
-14.660365 79.027909 11.492271 
-13.919522 79.570687 11.887926 
-14.140291 79.850088 10.953476 
-13.577300 80.672076 10.867601 
-13.244951 80.464364 11.787601 
-12.854144 79.733438 11.228121 
-11.857808 79.807860 11.185972 
-11.992497 79.555681 12.144234 
-11.395939 78.776663 12.337233 
-11.007279 77.905091 12.636072 
-11.516093 77.125102 13.000386 
-11.738056 77.436164 12.076279 
-11.347505 76.558849 11.797370 
-11.298587 76.643884 10.802194 
-11.925449 77.396792 11.002627 
-12.886727 77.431667 11.275992 
-13.407462 78.264540 11.088489 
-12.850755 78.421366 10.272718 
-13.785765 78.651296 10.002738 
-13.441642 79.284856 9.309787 
-12.627903 79.649925 8.857511 
-12.789521 80.620021 8.676422 
-13.545754 80.590242 9.330046 
-12.748513 81.029355 9.744275 
-11.977505 80.506277 9.381045 
-11.762792 81.457554 9.602340 
-11.132529 81.831196 10.282898 
-11.534069 82.500918 9.658207 
-12.148239 83.286973 9.728296 
-12.451427 84.057779 10.288595 
-12.771229 84.932355 9.924120 
-11.971703 85.128066 10.491971 
-11.826144 85.101794 11.480972 
-11.381033 85.927841 11.135251 
-10.628088 85.277309 11.234658 
-10.886442 85.717870 12.094402 
-30.080244 55.408135 38.999110 
-30.054453 54.629193 39.625676 
-29.684569 54.371844 40.518401 
-28.939874 54.394862 41.185408 
-28.035045 54.292921 41.598800 
-28.154683 53.606111 40.881877 
-27.391309 53.383403 40.275526 
-26.770052 54.165753 40.231165 
-26.428505 53.268523 39.951301 
-25.783350 53.556236 40.659111 
-26.209593 54.250382 41.239179 
-25.366488 54.102256 41.756124 
-25.736915 53.181170 41.876059 
-25.694261 52.182199 41.891439 
-24.740576 52.095128 42.179370 
-25.340585 52.087432 42.979326 
-25.683961 52.464500 43.839508 
-25.080817 53.260783 43.885893 
-25.534167 53.216356 44.776118 
-25.442022 53.590179 45.699029 
-26.091048 54.345928 45.611811 
-26.800572 54.406778 44.909762 
-27.357744 54.236288 45.722468 
-26.799157 53.866753 46.465048 
-26.375451 53.346990 47.206883 
-26.700546 54.272565 47.400855 
-25.794178 54.588475 47.681384 
-25.593089 54.566119 46.702066 
-25.515104 55.270094 45.996136 
-25.280615 56.039010 46.590933 
-25.488077 56.379190 47.508123 
-24.669523 56.482826 48.073125 
-24.871841 55.681697 48.636383 
-24.858233 55.218481 49.522524 
-25.509987 55.663031 50.137009 
-25.825398 54.852577 50.630648 
-24.963198 54.602639 51.071263 
-24.513387 54.414449 51.944335 
-23.890965 54.048170 52.636021 
-23.032223 54.461705 52.333446 
-23.220558 55.162534 53.021464 
-23.974437 55.083167 53.673666 
-24.193093 55.149364 54.647220 
-23.929824 54.221898 54.912730 
-24.614749 54.357487 55.628616 
-25.405811 53.745766 55.633117 
-26.227733 53.853874 55.073870 
-25.949300 53.838865 54.113532 
-25.109238 53.873763 53.572165 
-25.416198 54.763419 53.234100 
-26.203975 54.951210 52.647465 
-26.697491 54.324072 53.250076 
-26.530399 53.453273 52.787703 
-27.475223 53.418125 52.462014 
-26.979070 54.006198 51.823262 
-27.692780 54.014856 51.122873 
-28.425322 53.394762 50.842044 
-27.694460 52.718495 50.749830 
-27.035399 53.308530 50.283464 
-26.329158 52.615229 50.140085 
-26.614202 51.751333 49.724834 
-26.417594 51.667335 48.747957 
-27.410044 51.579300 48.833359 
-27.500442 52.527325 49.138443 
-27.110457 53.260419 48.581231 
-26.317605 53.869704 48.593760 
-25.571844 53.760242 49.250918 
-24.863598 53.499735 48.594775 
-23.891689 53.489219 48.829896 
-24.271992 53.649402 49.740781 
-23.851026 53.817060 50.632229 
-22.911684 54.124491 50.784293 
-22.915229 54.429745 49.832029 
-22.681228 54.599421 48.874713 
-21.861809 54.631699 49.446998 
-22.063682 55.250055 50.206527 
-21.708286 54.431554 50.657914 
-21.415570 53.679459 51.248397 
-20.766399 54.067508 50.594183 
-20.457675 54.955742 50.934374 
-21.085552 55.725105 50.816685 
-21.182533 56.714130 50.928153 
-21.717257 57.535158 50.728193 
-22.373042 56.915700 51.159723 
-22.681703 56.377776 51.944175 
-22.737819 57.284920 52.361236 
-21.973397 57.410872 52.993530 
-21.598772 56.501851 53.176110 
-22.158214 56.148721 53.925993 
-22.228536 55.178361 54.157200 
-21.696354 54.583126 54.759261 
-21.949195 54.317404 55.689564 
-21.763952 55.028971 56.367323 
-22.572748 55.616845 56.351438 
-53.306244 50.384135 -12.433950 
-53.246287 49.837334 -11.598837 
-53.059919 48.882742 -11.366414 
-52.155842 49.193305 -11.072825 
-51.800774 49.417293 -11.980435 
-51.057622 49.659380 -11.356640 
-50.828403 49.383900 -10.423061 
-50.044639 49.999394 -10.340112 
-50.431880 50.750631 -10.874609 
-50.627736 51.338161 -10.089467 
-50.163745 50.772682 -9.407598 
-50.714183 51.529705 -9.055554 
-51.592068 51.155736 -9.354660 
-52.534394 50.822379 -9.384568 
-53.202015 51.468398 -9.754623 
-52.809889 52.052528 -9.043970 
-52.931358 52.387481 -8.109597 
-53.044269 53.347645 -8.365210 
-52.066251 53.556071 -8.371432 
-52.446823 54.191811 -7.699868 
-52.532138 55.147295 -7.417429 
-51.541015 55.262932 -7.351822 
-50.696669 54.857689 -7.702332 
-49.999843 54.811165 -6.986603 
-49.144112 55.092654 -6.552449 
-48.254581 55.106067 -6.095771 
-47.765478 55.946165 -5.861224 
-46.777191 56.008100 -6.000699 
-45.911161 55.803439 -6.456887 
-46.467401 56.572513 -6.771725 
-45.615056 56.918794 -6.379812 
-44.637770 56.984234 -6.581382 
-44.460495 56.001431 -6.633080 
-44.111952 55.073978 -6.497622 
-43.233206 55.397816 -6.147000 
-42.490007 56.066281 -6.175467 
-42.346779 56.344273 -5.225622 
-41.934822 55.764183 -4.522922 
-40.967645 55.911803 -4.729750 
-40.912384 55.861426 -3.732549 
-40.201446 55.619900 -3.072071 
-39.425470 55.863011 -3.654101 
-39.702240 55.245949 -4.390737 
-38.729327 55.015201 -4.404730 
-38.626889 54.042511 -4.196453 
-39.562896 53.778313 -3.963879 
-39.281740 52.890691 -3.599081 
-39.515611 52.316053 -4.383361 
-39.659351 51.794342 -5.224287 
-40.297791 51.562440 -5.958192 
-40.677404 50.734493 -5.545398 
-41.614627 50.967045 -5.805272 
-41.584461 51.689527 -6.496003 
-40.965215 51.010154 -6.889687 
-40.368585 50.380707 -7.387511 
-41.282473 49.975317 -7.365904 
-40.942180 49.711487 -8.268453 
-41.764931 50.233130 -8.494216 
-41.688006 50.916698 -9.220038 
-41.097586 51.413248 -9.856311 
-41.612383 51.175013 -10.679857 
-41.131234 50.364921 -10.344824 
-42.036350 50.199382 -9.953211 
-42.918965 50.634838 -10.130326 
-43.396686 49.824038 -9.792114 
-42.795480 49.906299 -8.997265 
-43.112699 50.805227 -8.695104 
-43.886843 50.195315 -8.864541 
-44.611939 50.561570 -8.281366 
-45.539297 50.805249 -8.565315 
-45.088230 50.960716 -9.444160 
-44.605088 51.707764 -9.900771 
-44.001776 51.389658 -10.632088 
-44.576108 50.574456 -10.706837 
-45.344895 49.969308 -10.913629 
-45.316220 48.983804 -10.746418 
-44.553693 48.672304 -11.313445 
-44.222463 49.435739 -11.867929 
-44.266954 49.645038 -12.844768 
-43.447739 50.214624 -12.777992 
-42.580759 50.120348 -13.267336 
-42.758783 49.248205 -12.811622 
-41.761182 49.304304 -12.852192 
-41.815176 49.579414 -13.812087 
-42.103609 48.623343 -13.759795 
-42.936812 48.076230 -13.679551 
-42.951467 48.050749 -14.679119 
-43.839250 48.132548 -14.226185 
-44.582628 47.653657 -14.693148 
-44.875107 47.723054 -13.739398 
-45.609491 47.124912 -13.418608 
48.537756 9.602135 -70.758190 
48.029338 10.131061 -71.437711 
47.486868 10.942411 -71.655510 
46.820360 11.658651 -71.448705 
45.955180 11.181047 -71.601541 
45.615232 10.413533 -72.145009 
46.551496 10.631088 -72.420835 
47.490260 10.409215 -72.684451 
48.483323 10.478454 -72.589407 
49.400454 10.106123 -72.447142 
49.575020 9.128200 -72.562011 
50.259428 8.402450 -72.492207 
49.682077 8.474119 -71.678863 
50.135268 8.299758 -70.804668 
49.227633 8.029700 -70.483315 
48.469341 7.611911 -70.983759 
47.954732 7.171408 -70.248140 
47.513515 6.291107 -70.422494 
47.397962 5.460759 -70.967626 
48.314318 5.673641 -70.628550 
49.277801 5.468664 -70.800842 
49.104523 5.251987 -71.761585 
49.091847 4.370113 -71.290269 
50.003991 4.778546 -71.255976 
50.193762 4.599097 -70.290686 
49.430816 5.009542 -69.791237 
49.546469 4.063148 -69.489636 
50.379219 4.244968 -68.966694 
50.146572 4.136843 -68.000162 
49.512788 3.415402 -67.721160 
49.001358 2.921993 -67.017607 
48.198956 2.331256 -66.932870 
48.431537 2.147714 -67.887972 
48.842567 2.396182 -68.765079 
48.051525 1.970885 -69.204823 
47.285362 2.431419 -68.756602 
47.441809 2.410126 -67.769145 
46.644294 3.005832 -67.673718 
45.979149 2.430844 -68.150132 
46.289048 1.555623 -67.778714 
47.028654 1.199486 -68.349810 
47.672618 0.597718 -67.877385 
47.884606 0.366464 -66.927868 
48.049656 -0.502230 -66.460825 
48.889702 -1.040288 -66.391421 
48.664354 -1.999822 -66.222560 
48.517628 -1.673988 -65.288588 
48.638249 -1.933869 -64.330511 
47.956691 -1.229727 -64.131357 
48.174454 -0.481788 -64.758387 
49.173936 -0.469463 -64.728657 
50.072014 -0.720162 -65.090051 
51.061494 -0.863994 -65.074518 
51.285055 -1.601802 -64.437604 
51.534105 -1.509571 -63.473515 
52.091539 -1.651814 -62.655570 
52.263649 -1.357919 -61.715355 
51.891482 -0.657322 -62.324170 
51.460497 0.117603 -61.861847 
50.904693 -0.517969 -61.326003 
50.460243 -1.371749 -61.597158 
49.865756 -1.398091 -60.793484 
50.587680 -1.135732 -60.153177 
51.560885 -1.152611 -59.923855 
52.509456 -0.977588 -60.187634 
52.387295 -0.435105 -59.356497 
52.322216 0.488121 -59.735204 
52.681237 1.385470 -59.478556 
52.467939 1.205248 -58.518335 
53.391001 1.148694 -58.137865 
53.284015 0.251092 -58.565492 
53.519957 -0.238780 -59.404751 
53.472772 -1.234559 -59.483476 
54.460691 -1.325681 -59.608831 
55.429587 -1.479278 -59.414800 
55.460405 -1.712630 -60.386704 
56.425896 -1.663748 -60.130895 
57.273491 -1.136681 -60.192399 
57.616014 -0.304768 -59.755823 
56.720153 0.098290 -59.568804 
56.491179 0.539800 -60.436352 
-5.483484 32.852135 -45.250190 
-4.638313 33.247468 -45.609909 
-4.378931 32.524899 -44.969117 
-4.531056 31.733911 -44.376500 
-4.967475 31.300446 -43.588054 
-3.972804 31.332091 -43.489928 
-3.365672 31.783820 -44.143633 
-3.470962 31.560068 -45.112575 
-3.786325 31.819544 -46.025383 
-3.181068 31.658793 -46.805013 
-2.771531 31.672333 -47.717207 
-3.395629 30.963231 -48.045349 
-4.134617 30.491305 -48.526163 
-4.305715 30.067699 -47.636621 
-5.021703 29.487294 -47.248688 
-5.146697 28.673257 -47.815893 
-6.073491 28.717937 -47.442990 
-5.517774 28.393648 -46.677474 
-4.528582 28.349757 -46.537570 
-4.665674 29.154111 -45.959452 
-4.036383 29.053010 -45.188886 
-4.285283 28.942435 -44.226690 
-4.747748 28.131060 -44.584176 
-5.153845 27.892933 -45.466435 
-4.253904 27.488459 -45.303626 
-4.134471 26.508716 -45.142878 
-3.646207 25.636070 -45.133597 
-3.162537 24.761836 -45.091418 
-2.353359 24.724070 -44.505070 
-1.774841 25.453793 -44.869516 
-1.010501 24.964267 -44.449815 
-0.968221 24.606489 -43.516966 
-0.061648 24.572762 -43.096267 
0.762722 24.070965 -43.358209 
1.701075 23.762182 -43.202819 
2.222541 22.990711 -42.838257 
2.949189 22.400477 -42.486678 
2.664110 21.823723 -43.252240 
2.472882 21.160817 -43.976110 
2.079928 20.698793 -44.771170 
2.184668 21.680630 -44.929366 
3.077863 22.100877 -45.089352 
3.496760 21.728027 -45.917306 
3.143887 22.237348 -46.702209 
3.339470 22.999458 -46.085010 
2.430219 22.795821 -45.721975 
1.786945 23.015468 -44.988522 
1.285429 22.978141 -44.124179 
2.142685 22.481522 -43.988235 
1.427678 21.789167 -44.085238 
0.749727 21.363632 -44.684657 
0.530008 20.557107 -44.135803 
0.089076 19.666191 -44.244652 
-0.400351 19.560330 -45.110247 
0.280455 19.882137 -45.768231 
-0.243694 19.566140 -46.559062 
-0.679491 19.135117 -47.349188 
-1.505073 18.587309 -47.213832 
-1.942892 18.091450 -47.963791 
-1.671462 17.198429 -48.322732 
-1.503010 16.342018 -48.810773 
-1.672525 15.368873 -48.655037 
-1.764155 14.378365 -48.552581 
-2.124803 14.564810 -49.466458 
-1.594762 15.243205 -49.975217 
-1.032906 15.996390 -49.633118 
-0.103459 15.685954 -49.433725 
0.426538 16.424415 -49.850592 
0.199259 17.326024 -49.482562 
0.246508 18.237549 -49.891082 
1.218959 18.137133 -49.680712 
1.314906 17.159793 -49.869395 
1.989239 17.274536 -49.139937 
2.102523 17.852810 -48.331998 
3.021367 17.478084 -48.208280 
3.431781 17.054281 -49.015715 
3.207997 16.343305 -48.349056 
3.025943 15.362229 -48.414971 
42.244956 -61.332965 -21.624190 
41.358138 -61.517630 -22.047807 
40.724802 -62.189542 -22.431762 
41.353205 -62.859725 -22.036838 
41.801728 -63.743066 -21.900693 
42.393888 -64.538088 -21.769217 
42.716943 -65.477868 -21.657640 
43.667787 -65.651794 -21.401427 
44.178178 -66.053274 -20.640957 
44.550867 -66.130211 -19.716195 
45.195517 -66.549893 -19.077218 
45.511452 -67.101666 -18.305381 
44.717376 -67.171824 -17.701624 
44.388884 -67.894668 -17.093686 
44.937035 -68.710532 -17.277797 
44.680578 -68.664354 -16.312345 
44.379428 -68.962012 -15.406416 
44.519587 -69.948903 -15.326398 
45.151419 -70.610829 -15.729686 
45.172589 -70.703592 -14.734223 
44.385483 -70.533632 -14.141282 
44.547006 -71.484352 -14.405935 
45.065910 -72.315869 -14.604224 
44.337096 -72.215034 -15.281470 
43.402525 -72.449630 -15.013997 
42.838245 -72.083499 -15.753954 
42.549670 -71.765985 -16.657231 
43.498348 -72.054014 -16.526656 
44.474945 -72.264958 -16.568625 
44.211715 -72.390264 -17.525186 
43.653792 -73.216306 -17.605038 
42.891074 -72.791149 -18.092381 
42.824281 -73.514430 -18.779697 
43.746518 -73.825509 -19.009280 
43.548418 -72.924146 -19.394378 
44.104060 -72.161200 -19.063961 
44.491238 -71.565850 -19.767986 
44.938088 -71.400076 -18.888871 
44.547183 -70.630090 -19.393166 
44.417726 -70.676976 -20.383642 
45.294217 -70.200367 -20.315770 
45.181457 -69.396919 -19.731170 
44.882917 -68.617890 -20.282521 
44.366690 -68.328908 -21.088746 
44.458472 -68.307515 -22.084296 
44.070832 -69.024745 -22.663361 
43.348882 -69.510382 -22.170466 
42.405590 -69.342246 -21.884232 
41.950363 -70.114014 -21.440223 
42.519426 -70.719791 -21.996282 
41.769679 -71.155278 -22.494511 
41.818219 -70.158526 -22.558772 
40.934088 -70.592363 -22.732259 
40.398131 -70.854215 -21.929648 
40.435314 -70.939199 -20.933960 
40.437636 -70.648179 -19.977246 
40.234736 -71.526518 -19.544404 
39.625758 -72.257564 -19.236639 
40.501373 -72.608523 -18.904785 
41.100909 -73.403671 -18.813706 
41.560169 -74.224066 -18.473071 
41.810444 -74.939500 -19.125388 
42.471887 -74.953503 -18.375523 
42.528480 -75.855246 -17.946969 
42.948025 -76.323522 -18.724593 
42.014085 -76.593356 -18.959001 
41.094917 -76.948672 -18.789063 
41.169801 -76.325375 -18.010672 
40.715074 -76.411556 -17.124220 
39.991719 -75.796022 -16.811372 
39.859218 -76.137616 -15.880912 
39.707327 -75.179727 -15.637237 
40.648318 -74.870224 -15.500329 
40.444207 -75.106818 -14.550402 
40.057455 -74.691716 -13.726926 
39.373173 -74.447407 -13.039851 
40.075866 -73.849502 -12.654193 
40.014622 -72.987036 -12.151797 
40.766867 -72.950652 -12.809675 
41.310306 -72.240661 -13.257543 
40.586145 -72.706010 -13.766504 
39.930672 -71.999493 -13.499690 
39.816256 -7.751765 -10.758710 
40.376242 -8.521588 -10.452462 
39.430350 -8.681980 -10.734531 
38.840297 -9.465624 -10.540266 
38.899843 -9.651932 -11.520951 
39.284431 -10.569144 -11.416962 
39.596016 -11.234804 -12.095057 
40.491556 -11.607324 -11.851674 
41.473285 -11.651097 -11.666493 
41.842434 -10.723451 -11.723083 
42.395988 -9.939255 -11.442702 
43.026480 -9.175332 -11.580188 
43.156964 -8.195438 -11.429254 
42.826076 -8.193886 -12.372922 
43.429964 -8.897171 -12.748035 
42.952787 -9.033293 -13.616236 
43.816638 -9.389319 -13.972615 
44.500572 -9.642846 -14.656690 
44.502872 -10.304182 -13.906603 
44.224136 -9.903570 -13.033782 
43.804032 -10.122976 -12.153229 
43.149331 -10.808243 -11.834205 
42.527582 -10.787116 -12.617137 
43.425900 -11.205126 -12.752385 
42.738673 -11.862887 -12.444051 
42.606498 -11.963619 -11.457956 
42.074052 -12.753816 -11.154492 
42.144602 -13.723236 -11.389541 
41.586206 -13.172667 -12.010079 
40.833945 -12.741742 -12.508482 
40.324092 -13.358858 -11.909135 
39.512050 -13.267345 -11.332756 
39.276208 -14.239064 -11.320904 
39.691698 -13.873800 -10.487867 
40.196498 -14.713163 -10.286259 
40.473419 -14.683499 -9.325824 
40.652498 -15.625759 -9.042845 
41.333106 -15.133134 -9.585148 
42.184025 -14.877776 -10.044200 
42.346927 -14.420625 -9.169856 
42.705617 -14.890989 -8.363568 
42.023132 -15.546657 -8.686546 
41.922305 -16.475341 -8.329643 
41.792973 -17.417139 -8.019337 
42.406610 -17.544211 -8.798634 
43.263657 -18.036304 -8.645944 
43.142455 -17.604706 -9.539831 
43.469353 -18.178033 -10.291119 
43.818635 -18.531165 -11.159048 
42.843069 -18.559343 -11.376937 
42.545719 -19.407704 -11.814964 
42.250365 -20.361915 -11.767558 
41.563163 -20.721686 -11.136434 
41.860276 -20.907164 -10.199779 
42.097686 -20.638861 -9.266157 
42.111512 -19.639968 -9.221204 
41.460581 -20.011312 -8.559093 
41.890923 -20.833042 -8.185507 
42.565969 -21.029191 -7.474283 
42.069838 -20.326218 -6.964691 
41.126729 -20.325836 -6.632209 
41.521327 -19.910612 -5.812525 
42.316087 -20.515118 -5.866631 
43.015285 -20.645154 -5.163628 
42.697758 -20.181799 -4.336296 
42.731098 -19.677588 -3.473359 
42.053895 -20.043593 -2.835051 
41.495891 -20.122364 -2.008960 
40.713569 -20.255244 -1.400425 
39.745100 -20.073705 -1.571043 
39.457111 -20.218828 -2.517617 
38.693325 -20.577320 -1.980853 
38.068719 -19.814552 -1.813368 
37.070800 -19.798304 -1.750975 
37.561362 -20.567423 -1.341337 
36.946785 -21.275999 -0.994617 
36.161068 -21.517012 -1.564320 
-0.106964 -20.293565 64.148110 
0.402260 -20.288904 63.287488 
0.475529 -21.257774 63.523967 
-0.300648 -21.012584 62.943079 
-0.623376 -20.408038 62.214813 
-1.339520 -20.802225 61.638833 
-1.676986 -20.155935 60.954417 
-2.339092 -19.426890 61.127941 
-1.835453 -18.765486 61.683722 
-1.629056 -19.048117 62.620483 
-2.568299 -19.374089 62.728024 
-3.330622 -19.806510 63.209557 
-4.016895 -19.482604 63.860798 
-4.216122 -18.598662 64.283827 
-5.134456 -18.578916 63.888512 
-4.873242 -18.841258 62.959564 
-4.721036 -17.861678 62.828202 
-4.280816 -16.996547 63.068523 
-3.395317 -16.982704 62.604088 
-2.542439 -16.678676 62.179627 
-2.529218 -16.906337 63.153277 
-2.456074 -16.219830 63.876712 
-1.660989 -16.808215 63.729596 
-0.875263 -17.166300 64.233986 
0.107394 -17.277368 64.382474 
-0.356584 -18.007323 63.880588 
0.271703 -18.750575 63.650735 
-0.489379 -18.551736 63.033307 
0.432186 -18.288410 62.748041 
0.226832 -19.094986 62.193725 
0.528221 -18.280644 61.697729 
0.523619 -17.612424 60.953780 
-0.441598 -17.723496 60.717095 
0.168318 -18.448231 60.396528 
0.604814 -19.347694 60.417420 
1.281966 -20.051581 60.202923 
1.316122 -20.537593 61.076208 
1.313013 -19.665434 61.565420 
1.818443 -19.075103 60.936095 
2.283766 -18.491910 60.270241 
3.268222 -18.631915 60.376284 
2.861385 -19.369348 60.915427 
2.712406 -18.969462 61.819804 
2.331431 -18.305291 62.463026 
2.580771 -17.409775 62.094407 
1.680844 -17.311931 61.669487 
2.194691 -18.115347 61.368682 
3.188109 -18.032819 61.289243 
3.314295 -17.041368 61.322440 
2.644665 -16.355224 61.606698 
2.801490 -15.485871 62.075347 
2.429854 -14.947465 62.831657 
3.140967 -14.249426 62.915675 
3.927573 -13.653339 63.076705 
3.849199 -13.554088 62.084734 
4.707132 -13.601558 61.573171 
3.955978 -13.252404 61.012941 
2.968259 -13.212713 60.861822 
3.364724 -12.414436 61.315221 
3.600270 -11.823397 60.543734 
3.110324 -11.643937 59.690653 
2.734842 -10.964359 59.060426 
1.832461 -10.533517 59.051301 
1.939927 -11.461450 58.694382 
1.401141 -12.297578 58.797340 
1.713661 -12.218037 57.850765 
2.622339 -12.023946 58.220404 
3.503608 -11.956769 57.752588 
3.682013 -12.162766 58.714741 
3.440992 -13.090372 59.000145 
4.126810 -13.632029 59.486212 
4.967362 -13.886805 59.964293 
5.768815 -13.465970 59.539357 
6.141424 -14.377469 59.713521 
6.404055 -14.467339 58.752819 
5.570019 -14.934516 58.459341 
25.860856 -21.519165 22.508910 
26.612029 -21.081660 22.014613 
27.181677 -21.299254 21.222051 
28.142238 -21.083318 21.397249 
28.518807 -20.347904 21.960599 
29.026497 -19.837276 22.654508 
29.982956 -19.550452 22.708519 
30.495075 -20.029752 21.995775 
29.989296 -20.793179 22.397480 
30.588421 -20.686783 23.191035 
30.927342 -19.773242 22.966148 
31.866202 -20.061867 23.153868 
32.125254 -19.598273 22.306535 
32.541129 -19.139927 21.521062 
32.198823 -18.400095 22.100265 
32.848754 -18.067806 21.416764 
33.392765 -18.340252 20.623148 
33.928347 -19.157318 20.836580 
34.823183 -18.736887 20.986604 
34.761032 -18.600402 21.975294 
35.046084 -17.864936 22.589977 
35.189709 -18.763526 23.004594 
34.342727 -19.291590 23.065989 
34.594537 -19.695875 22.186702 
34.102505 -20.482935 21.814623 
34.940331 -20.861384 22.208101 
34.994084 -20.484771 21.283291 
34.727066 -20.207019 20.360493 
35.158479 -20.383384 19.475746 
35.746778 -20.909764 18.861882 
36.132550 -21.816334 18.690676 
35.928875 -21.967178 17.723328 
35.674263 -22.676045 18.381112 
35.063306 -22.626702 19.171236 
34.778674 -21.991603 19.889313 
33.872619 -22.219444 19.532728 
33.132979 -22.701455 19.063049 
32.307093 -22.479577 18.544704 
31.656336 -21.872080 18.089224 
31.304791 -22.431916 18.839557 
30.717745 -21.852456 19.404892 
30.305508 -22.459978 20.083845 
30.262695 -23.409464 19.772969 
30.386617 -24.240630 20.315008 
30.068646 -23.881979 21.192655 
29.447684 -23.847653 21.975743 
28.997530 -23.572664 22.825298 
28.205929 -23.042249 23.128659 
27.758979 -23.539352 22.384936 
27.064606 -23.054194 21.853458 
26.488558 -23.871607 21.855661 
25.617754 -24.104300 22.288736 
25.098606 -23.481846 21.703044 
24.232258 -22.983350 21.672322 
23.867862 -23.772515 22.166724 
24.226835 -23.116501 22.830639 
25.118171 -22.939393 23.247957 
25.078124 -22.159178 22.623729 
25.336427 -21.929700 23.562143 
25.850037 -21.071855 23.544610 
25.333423 -20.396633 23.018125 
24.377693 -20.147836 22.861026 
24.479636 -21.108167 23.120586 
23.981411 -21.447827 22.322837 
23.465176 -20.724019 21.865012 
23.271483 -19.743288 21.890498 
22.621604 -19.076164 21.526350 
22.145027 -19.829167 21.980070 
21.653897 -20.231951 21.207699 
21.119851 -21.034983 21.472151 
21.098991 -21.286741 22.439716 
21.306535 -21.979532 23.130344 
21.162041 -21.951381 24.119450 
20.245890 -22.350827 24.086142 
19.757892 -22.947941 24.722784 
20.078103 -23.890857 24.814297 
-8.071644 -35.029465 -60.731890 
-8.222143 -35.300477 -61.682628 
-7.409426 -35.717074 -61.275271 
-7.374825 -34.740422 -61.487294 
-7.185636 -33.987175 -60.857352 
-7.306309 -33.679508 -59.913541 
-8.288401 -33.788947 -60.066900 
-8.604215 -32.876416 -60.326803 
-9.067227 -32.333349 -59.626304 
-9.114110 -33.327511 -59.529122 
-8.723599 -32.945307 -58.691613 
-8.480126 -31.993354 -58.877371 
-9.201359 -32.122481 -58.196820 
-9.815298 -31.693247 -57.534373 
-9.419262 -32.475240 -57.053080 
-8.611171 -31.901677 -56.918860 
-8.021286 -31.463392 -56.240670 
-7.050695 -31.471849 -56.000082 
-6.938408 -31.219800 -55.038904 
-6.343197 -30.801664 -55.725116 
-5.933712 -30.025549 -56.204665 
-6.842281 -30.350703 -56.466921 
-6.450630 -30.313593 -57.386286 
-5.559111 -30.034872 -57.743368 
-5.441178 -29.072928 -57.496881 
-5.173716 -28.128224 -57.307151 
-5.449920 -28.116347 -58.268177 
-5.287402 -27.401206 -58.948001 
-5.389617 -27.091934 -58.002537 
-5.229823 -26.176849 -57.632284 
-5.941402 -25.482724 -57.523450 
-5.737655 -25.503514 -56.544647 
-5.904824 -26.066476 -55.735247 
-6.464286 -26.600223 -56.369374 
-7.023470 -27.316581 -56.786680 
-7.170663 -28.234408 -56.417996 
-7.771599 -27.949781 -57.164898 
-7.815956 -27.249921 -57.877799 
-8.018923 -26.489048 -57.261458 
-8.996864 -26.567048 -57.455230 
-9.293883 -27.074356 -58.264192 
-10.082916 -27.082251 -58.878492 
-10.627909 -26.294065 -58.592580 
-11.529193 -26.116058 -58.987551 
-11.684352 -25.240793 -58.529472 
-10.931651 -24.582431 -58.528788 
-10.144129 -24.035930 -58.813652 
-10.653482 -23.852016 -59.654328 
-10.392681 -22.920140 -59.906497 
-9.414856 -23.128041 -59.931712 
-8.725642 -23.222893 -59.213389 
-8.667763 -22.320820 -59.641075 
-8.756017 -21.404095 -59.251428 
-8.215590 -21.849719 -58.537734 
-9.185844 -21.998562 -58.346806 
-8.686124 -21.712040 -57.529380 
-8.652212 -21.083210 -56.752577 
-7.867692 -21.448633 -56.251585 
-7.541637 -20.524556 -56.451010 
-8.067599 -19.674491 -56.423551 
-8.827162 -20.182967 -56.017944 
-9.407739 -19.957483 -56.800304 
-10.184710 -19.530563 -56.337643 
-10.201487 -18.659940 -56.829308 
-9.308548 -18.825718 -56.410765 
-8.963711 -18.289411 -55.640400 
-9.761247 -17.701595 -55.776075 
-10.279831 -16.974958 -55.325443 
-10.919009 -17.181907 -54.584751 
-11.248264 -17.273988 -53.645011 
-12.051815 -17.231888 -53.051265 
-11.535288 -18.033342 -52.749818 
-11.261931 -17.896718 -51.797658 
-10.784570 -18.256940 -50.996180 
-11.268456 -19.054208 -51.357038 
-10.483857 -19.540536 -50.972473 
-10.616131 -20.531585 -50.990537 
-10.602457 -21.153419 -51.773566 
-11.226773 -21.652153 -51.172322 
-35.302344 -4.557765 59.784010 
-36.034079 -3.924566 60.036244 
-35.123962 -3.521952 59.938321 
-34.214463 -3.900495 59.766520 
-34.277812 -4.850511 59.460812 
-34.452780 -5.032467 58.493198 
-35.221444 -5.672008 58.481235 
-35.519371 -6.477461 57.968902 
-35.780350 -5.854902 57.231128 
-36.770026 -5.718863 57.186022 
-36.900495 -6.708882 57.239317 
-36.646630 -6.524363 58.188794 
-36.216284 -7.333098 57.787857 
-36.835299 -8.099276 57.615255 
-37.723479 -7.908223 57.197361 
-37.404249 -8.409327 56.393006 
-37.342778 -7.447887 56.124950 
-38.279118 -7.409056 56.473890 
-38.778679 -6.925028 57.192330 
-38.621312 -6.216181 57.879914 
-37.986816 -6.970236 58.049665 
-38.283332 -7.629129 58.740996 
-38.823430 -8.298208 59.251513 
-38.519285 -8.008140 60.158902 
-38.144589 -7.081829 60.119507 
-38.143131 -7.142832 61.117643 
-38.270471 -6.203742 60.798434 
-37.924950 -5.416347 60.287920 
-38.451236 -4.623606 60.595470 
-38.980609 -3.944503 61.103979 
-39.066189 -3.885573 62.098566 
-38.366563 -4.550515 62.360053 
-37.406522 -4.402783 62.122361 
-37.709449 -4.119111 61.212545 
-37.866924 -3.303125 61.768754 
-38.519295 -2.565943 61.592754 
-37.785957 -2.244354 62.191750 
-38.643452 -2.545501 62.608899 
-38.383969 -2.946035 63.487671 
-39.065553 -2.930955 64.219255 
-39.631886 -3.650708 64.620780 
-38.830564 -3.424073 65.174422 
-38.266292 -2.630423 65.401835 
-37.720571 -3.334273 65.856569 
-38.415268 -3.806738 66.398945 
-38.703759 -3.543918 67.319651 
-37.948710 -3.546652 67.975314 
-38.107174 -3.721504 68.947073 
-38.323049 -4.574890 69.421551 
-38.159668 -5.299166 68.751676 
-37.250054 -5.302033 68.336231 
-36.895588 -4.739106 69.082869 
-36.203093 -4.337755 69.682342 
-36.548331 -3.400219 69.725200 
-35.629730 -3.085056 69.963623 
-34.718560 -3.443360 69.760183 
-34.998785 -4.242870 70.291462 
-34.609008 -4.485016 71.179965 
-33.775299 -4.168604 71.632528 
-33.470761 -3.341607 71.159948 
-33.345568 -3.899405 70.339467 
-32.822177 -3.088772 70.076912 
-32.771844 -3.684307 69.275161 
-32.151373 -4.390198 68.933498 
-31.265062 -3.934154 68.853029 
-31.868076 -3.823877 68.062957 
26.464156 27.183135 48.557210 
26.988250 27.775320 47.945129 
26.739622 28.671213 47.576945 
26.282335 29.239208 46.892642 
25.589016 29.600126 47.516378 
25.409295 30.571172 47.358997 
25.966689 31.372893 47.143230 
26.161510 31.823620 46.272087 
26.717302 32.593946 46.584646 
26.058906 33.008021 45.956110 
25.279336 32.680855 45.422038 
25.925645 32.016123 45.047318 
26.892905 31.824792 45.214058 
27.642212 32.433763 44.953878 
28.128582 32.406733 44.080543 
28.758448 31.961453 43.444152 
29.052341 32.444733 42.619490 
29.602470 33.032702 43.212491 
30.053157 33.924629 43.249192 
29.772202 34.825625 43.579755 
29.593114 35.744077 43.932419 
29.371632 36.713632 43.827971 
29.177627 37.444169 43.173236 
29.206700 36.579705 42.671382 
30.107764 36.937467 42.426250 
30.430161 37.284834 43.306816 
30.715330 36.396024 43.665559 
30.171985 35.774529 43.101182 
29.766946 35.137881 42.444964 
29.338869 35.847577 41.885427 
29.171572 34.888967 41.655040 
29.727913 34.770798 40.832531 
29.874827 35.234383 39.958743 
29.135517 34.893452 39.378065 
29.112815 34.141473 38.719269 
29.560333 33.247203 38.716356 
29.505787 32.972760 39.676411 
28.796027 32.766386 40.349946 
27.924301 33.071343 39.966416 
26.930973 33.030262 39.858656 
26.956834 33.483011 38.967393 
27.461947 34.342948 38.894120 
26.651033 34.863203 38.626250 
26.704790 35.722901 38.118284 
25.855199 35.909638 38.611563 
26.353520 35.870598 39.477675 
26.972555 36.625284 39.695035 
27.559283 36.450269 40.485680 
28.123484 35.685255 40.796215 
28.359970 35.782264 39.829435 
27.959664 36.638313 39.502425 
27.856505 37.622859 39.360907 
27.561030 37.889088 40.278412 
28.459467 37.451026 40.308622 
28.673771 37.843011 41.203285 
29.490311 38.061424 40.668909 
30.383113 38.127033 41.114556 
31.066431 38.394200 40.435073 
30.400838 37.728516 40.097655 
30.164458 37.726228 39.125997 
29.198929 37.546593 38.937622 
28.601336 38.335840 38.796297 
-24.463944 14.187635 17.589110 
-24.458668 14.064471 16.596738 
-24.508769 13.725619 15.657233 
-23.712642 14.101296 15.182840 
-23.173130 14.586020 14.494386 
-23.904891 15.125676 14.910675 
-23.962760 16.098322 14.685709 
-23.951808 15.864389 15.657900 
-24.572798 16.186783 16.372346 
-24.771029 16.697839 15.535969 
-25.262916 17.425410 15.057757 
-26.116150 17.108050 14.643904 
-26.384676 17.847960 15.260691 
-25.684967 18.145741 15.910101 
-25.450487 19.114956 15.985207 
-26.373157 18.959829 15.632198 
-26.726315 19.858546 15.892170 
-26.659833 20.757924 15.460082 
-26.170381 21.567494 15.784169 
-25.172782 21.558756 15.715458 
-24.849382 20.767688 16.234711 
-25.733685 20.364926 16.470911 
-25.762412 19.846371 17.325472 
-26.430777 20.378909 17.844790 
-26.729153 19.470284 18.136976 
-26.794445 18.521828 18.447086 
-26.639216 17.623307 18.036520 
-26.625864 16.816801 18.627594 
-25.674790 16.508083 18.615248 
-25.609076 17.144531 17.846733 
-25.209439 17.732987 18.549592 
-25.738000 17.951680 19.369833 
-26.283214 18.784698 19.463765 
-25.996257 18.342923 20.313759 
-25.063016 18.573327 20.589395 
-25.594997 17.987488 21.200778 
-25.792166 18.527809 22.018811 
-25.740067 17.735157 22.626254 
-25.964608 16.763861 22.547732 
-25.951405 16.109942 23.304181 
-24.966643 16.095634 23.477496 
-24.489891 16.398063 24.302872 
-24.469018 16.010131 25.224323 
-24.835884 16.838356 25.647941 
-25.652372 17.328025 25.342045 
-26.352141 17.436405 26.048145 
-25.702292 17.544278 26.800514 
-25.813359 18.088829 27.631855 
-26.563344 18.076258 28.293191 
-26.246164 17.551079 29.082864 
-26.388352 18.192993 29.836342 
-27.311713 18.556644 29.713211 
-27.865871 18.543101 30.545512 
-28.376909 18.424129 29.694227 
-28.177612 17.447272 29.771881 
-28.674518 16.890753 30.437742 
-29.509848 16.456650 30.775053 
-29.520848 15.600203 31.291171 
-30.372249 15.914428 30.871195 
-31.241817 16.405040 30.815061 
-25.945444 -53.521165 6.020310 
-26.437838 -54.015170 6.736904 
-26.503741 -54.889142 6.255417 
-26.614210 -55.767539 5.790427 
-25.749013 -55.627361 5.308987 
-24.943474 -55.038009 5.247573 
-24.267111 -54.328892 5.048359 
-23.791540 -54.737969 4.269585 
-22.852270 -54.404425 4.350332 
-22.223944 -55.167044 4.504017 
-21.273129 -54.866170 4.577672 
-20.886266 -54.316329 5.317951 
-21.166142 -54.553624 6.248198 
-20.291468 -54.376550 6.699408 
-20.009707 -53.436563 6.891852 
-19.105373 -53.041742 7.054017 
-19.170476 -53.714677 7.790849 
-18.935646 -54.490136 7.204745 
-18.489399 -55.097572 7.861925 
-19.004710 -54.894969 8.694635 
-19.330104 -54.249029 9.385201 
-19.033033 -53.356609 9.045589 
-19.555962 -52.591771 8.669334 
-20.069222 -51.742846 8.795394 
-21.006536 -51.714185 8.448088 
-21.745042 -51.507574 7.806277 
-22.636032 -51.650637 7.375383 
-22.340487 -50.723063 7.146777 
-23.309968 -50.571717 7.339653 
-24.076860 -50.586740 7.981253 
-24.491885 -50.927267 8.824933 
-23.798156 -50.209295 8.881996 
-23.782207 -49.768052 9.779242 
-23.689714 -49.706223 10.773034 
-23.888981 -49.838616 11.743995 
-24.659231 -49.200883 11.747283 
-25.432340 -48.694815 11.364925 
-26.014653 -47.935468 11.655276 
-26.086359 -47.117120 12.225508 
-26.035518 -46.823780 13.180164 
-26.098435 -45.830188 13.274054 
-26.189876 -45.590052 12.307631 
-25.758532 -44.704897 12.482111 
-25.907593 -44.768921 13.468864 
-26.884571 -44.746700 13.256685 
-27.705721 -45.050883 12.773792 
-27.340521 -45.981776 12.782053 
-27.469185 -46.358314 11.864631 
-27.809838 -45.890563 11.049054 
-28.614084 -45.393420 11.374685 
-28.671204 -45.140893 12.340588 
-29.043392 -45.742947 13.046992 
-28.843904 -46.361653 13.806865 
-29.159921 -45.676534 14.463178 
-28.560887 -44.982539 14.063767 
-28.139357 -44.318935 14.681781 
-27.791291 -43.581191 15.260214 
-1.371324 -93.029465 -33.199490 
-1.546711 -94.003755 -33.340908 
-2.091885 -94.488455 -34.024904 
-1.269207 -94.661471 -34.566446 
-0.753407 -95.515688 -34.501145 
-1.362539 -96.090867 -35.047155 
-1.727445 -96.802328 -34.446600 
-1.968646 -97.052964 -33.509048 
-2.041820 -96.717155 -32.569964 
-1.417489 -96.072542 -32.128735 
-0.445355 -95.839318 -32.105000 
-0.697724 -96.182596 -33.009693 
-0.769366 -97.124003 -32.680115 
-0.132593 -97.693338 -33.200094 
-0.125200 -98.319821 -33.979494 
-0.670711 -97.500332 -34.155153 
-1.214187 -98.332186 -34.267639 
-1.384351 -98.538010 -33.303958 
-1.101025 -99.452861 -33.591665 
-1.123723 -99.322858 -32.600411 
-0.459357 -98.615703 -32.358441 
-0.971809 -99.059335 -31.623197 
-1.333107 -98.169406 -31.901568 
-2.076221 -97.769069 -32.437768 
-2.761116 -97.663692 -31.716786 
-2.061053 -97.130432 -31.241870 
-2.752367 -96.473227 -31.542150 
-2.015487 -95.908683 -31.170266 
-2.315573 -95.009390 -31.488418 
-1.490934 -95.072052 -30.926241 
-0.858631 -94.818320 -31.658233 
-0.814870 -93.950454 -32.153101 
0.146011 -94.010760 -32.423415 
1.043819 -94.324713 -32.732243 
1.551038 -94.962008 -33.312402 
0.888395 -95.223309 -34.014275 
1.683517 -95.619563 -34.473365 
1.413547 -95.406816 -35.412437 
1.870991 -95.544800 -36.290905 
0.576916 -50.616065 23.303810 
0.029496 -51.376596 22.954635 
-0.918572 -51.223236 23.233289 
-1.904165 -51.104642 23.112701 
-2.119219 -51.701900 23.885380 
-2.227597 -50.750287 24.172932 
-2.819597 -50.630856 24.969972 
-3.694067 -50.925965 25.354956 
-3.693224 -51.027055 24.360079 
-4.217561 -50.832107 23.531184 
-3.945977 -50.315319 22.719290 
-4.160010 -49.715377 23.490172 
-4.355096 -49.333372 22.586837 
-3.760939 -48.536704 22.697737 
-2.962763 -48.331258 22.131426 
-3.417570 -47.501421 22.454723 
-4.176294 -47.402453 23.098573 
-4.936963 -47.259441 22.465381 
-5.375229 -46.545047 23.010876 
-5.939517 -46.446779 22.191167 
-6.178795 -45.943663 21.360733 
-6.998642 -46.131489 21.901634 
-7.341043 -47.063237 22.022489 
-8.263036 -47.263213 22.354060 
-9.251473 -47.186735 22.223129 
-8.814372 -48.082135 22.138267 
-9.209672 -48.916277 22.522905 
-9.977067 -48.769672 21.898717 
-9.987001 -49.718371 21.582692 
-9.822463 -48.996501 20.910508 
-10.074082 -48.368884 20.173769 
-10.950027 -48.317759 20.653464 
-11.714413 -48.944790 20.803614 
-11.777449 -49.853984 20.392039 
-12.668334 -50.286947 20.529392 
-12.904852 -51.199856 20.196741 
-12.051366 -51.678707 20.402318 
-12.187051 -52.432305 19.759139 
-12.557156 -52.137300 18.878234 
-12.473291 -52.212921 17.884630 
-13.370129 -52.647918 17.964995 
-13.129044 -53.614772 17.880905 
-13.659113 -54.378003 18.250371 
-14.554667 -54.000982 18.014068 
-15.194255 -53.316958 17.663300 
-15.781715 -54.122568 17.740007 
-16.502708 -54.208155 17.052370 
-17.466689 -54.022114 16.862295 
-18.128258 -53.433535 17.326946 
-17.526696 -53.004056 18.000496 
-17.624479 -52.557812 17.110943 
-18.353036 -51.945247 16.804398 
-19.107562 -52.500906 16.455208 
-19.895722 -53.043272 16.746142 
-19.704872 -52.452457 17.530052 
-20.196802 -51.660851 17.892495 
-20.690273 -50.832473 17.627399 
-20.549610 -49.912957 17.260379 
-20.147813 -49.743834 16.360404 
-19.808021 -48.820974 16.541706 
-19.731009 -48.009688 17.121262 
-19.041431 -47.918410 17.839698 
-18.948514 -47.540847 18.761008 
-19.763268 -48.110526 18.868904 
-20.380650 -47.783115 19.584195 
-20.783367 -48.668421 19.816687 
-21.555481 -48.150923 20.185518 
-21.155163 -47.771164 21.019502 
-21.063330 -48.323762 21.847875 
-21.578077 -49.132008 21.561913 
-22.411763 -48.663009 21.853476 
-22.126295 -47.789484 21.459189 
-22.718857 -47.021882 21.703437 
-22.647599 -46.048448 21.921035 
-23.566723 -46.402907 21.749076 
-24.170926 -45.621647 21.592318 
-24.169055 -45.382452 20.621348 
-23.724366 -45.770269 19.813976 
-24.487786 -46.094660 19.255441 
-24.038739 -46.917201 19.604416 
-24.957746 -47.133360 19.934115 
-25.023708 -47.995475 19.431714 
-24.042800 -47.957407 19.241003 
-24.297709 -48.923539 19.200886 
-24.736724 -48.688495 18.333694 
-24.814067 -48.363068 17.391296 
-24.662091 -48.986871 16.624632 
-23.917500 -48.581720 16.094125 
-23.239755 -49.315183 16.042218 
-22.778211 -49.586893 16.886701 
-23.034446 -49.887028 17.805539 
-23.606822 -49.616053 18.579462 
-22.749802 -49.227189 18.917546 
-23.165209 -48.495326 19.457744 
-22.886026 -48.709236 20.393852 
-22.166049 -49.302045 20.754697 
-22.451356 -50.190300 20.394692 
-21.777734 -50.236765 21.132306 
-21.128265 -50.890992 20.744781 
-21.096557 -50.348192 19.905518 
-21.152462 -50.051133 18.952296 
-21.910731 -50.607883 19.291498 
-21.967285 -50.982018 18.365849 
-22.252910 -51.033429 17.408888 
-21.655137 -51.384589 16.688225 
-21.360327 -50.750883 15.973031 
-21.353376 -49.752171 16.023300 
