28.016625 -11.587557 11.312830 
28.618885 -12.049089 11.964190 
29.416505 -11.931063 11.372690 
30.308430 -12.228565 11.032158 
31.231127 -11.866197 11.163759 
32.171861 -11.533075 11.227397 
31.460412 -10.832817 11.168412 
31.053089 -10.486158 10.323477 
31.817352 -10.919898 9.846222 
31.783570 -10.495883 8.941197 
32.242615 -11.361153 8.739739 
31.752094 -12.224357 8.859187 
31.885824 -13.115959 8.426566 
31.206538 -13.741915 8.809644 
31.056046 -14.708871 8.603853 
30.543279 -14.593318 7.753138 
30.938288 -13.676383 7.696593 
30.864019 -12.806518 8.184261 
30.308163 -11.975901 8.217410 
29.942580 -11.201101 7.701626 
30.722244 -10.588448 7.572081 
30.172919 -10.751716 6.752578 
29.710945 -10.824067 5.868640 
28.826334 -11.203613 5.597700 
28.782201 -10.210773 5.708704 
27.906964 -10.686739 5.794819 
27.908158 -9.697969 5.645380 
27.199346 -9.054214 5.356995 
26.942630 -8.105996 5.169971 
26.868150 -7.701148 4.258625 
25.887074 -7.836972 4.120632 
26.140885 -8.699792 4.557806 
25.834141 -9.024219 3.663013 
26.317188 -8.640207 2.876120 
25.846238 -7.784116 3.088990 
26.068374 -7.171586 2.330398 
26.271242 -6.875032 3.263619 
25.344586 -6.527299 3.120822 
24.774059 -7.321689 2.912391 
24.684839 -7.598741 3.869094 
23.930181 -8.043682 4.351296 
24.215084 -7.264878 4.910129 
24.414297 -6.364558 4.523170 
25.382635 -6.312126 4.767245 
25.843419 -5.904953 3.978646 
26.565495 -5.706463 4.641374 
27.117006 -4.891813 4.820764 
26.575179 -4.308334 4.215805 
27.253420 -4.574806 3.530982 
27.290497 -3.612757 3.260636 
27.999981 -3.637712 2.556357 
27.316507 -3.364067 1.879613 
27.172699 -2.399257 1.659477 
26.693274 -1.648748 1.204628 
26.874803 -0.665521 1.186969 
27.783050 -0.832181 1.570782 
28.058259 -1.789079 1.663551 
28.627331 -1.793685 2.485825 
28.512479 -1.209158 3.289030 
27.957720 -0.585573 2.738227 
27.079257 -0.235111 2.413451 
26.557825 0.556992 2.730755 
26.008138 1.329772 2.413493 
25.087808 1.156145 2.763986 
24.596184 0.911128 3.599614 
25.037619 0.150861 4.076195 
25.894300 0.619438 4.291911 
25.635367 -0.026363 5.010168 
26.478401 0.342447 5.401669 
26.102437 1.093979 5.943749 
25.159533 1.424858 5.905670 
24.737873 0.924413 5.149523 
24.034202 1.618430 4.997250 
23.859089 2.413746 4.416898 
24.662648 3.004862 4.486708 
25.566324 2.738240 4.821794 
26.562626 2.824061 4.817685 
26.329447 1.940650 5.224149 
26.733204 2.207629 6.099193 
26.833552 1.536305 6.833533 
26.947321 1.449908 7.823276 
26.065137 1.137305 8.175458 
26.137104 1.486015 9.109922 
25.785469 2.209642 8.516022 
25.275989 3.049745 8.329859 
24.482364 2.449244 8.232098 
24.710779 1.509125 7.979109 
25.028192 1.218384 8.881727 
24.875613 1.360253 9.859783 
23.997356 1.068211 9.481134 
23.396406 1.494580 10.157202 
23.556886 1.159022 11.085451 
23.881591 2.055615 11.386597 
23.365843 2.864613 11.104592 
23.564219 3.281939 11.991433 
22.994555 3.974890 12.433362 
22.866107 3.474721 13.289710 
22.091912 3.059631 12.811879 
21.419697 3.335926 12.125011 
21.192864 2.625110 11.459213 
21.246974 2.058492 10.637011 
20.651881 2.069342 9.833427 
19.832972 1.498390 9.891757 
19.905759 1.216736 10.848508 
20.034405 0.518738 10.144059 
20.992035 0.230790 10.149546 
20.510186 -0.643666 10.093429 
20.520904 -0.176534 9.209306 
21.341976 -0.722526 9.375839 
21.262017 -0.190184 8.533095 
21.705321 -0.132735 7.638566 
21.712416 0.834003 7.382893 
22.468628 1.105570 6.787582 
23.087418 0.325129 6.877086 
24.052405 0.201676 7.108511 
23.866763 0.903682 6.420962 
23.614001 1.658637 7.026069 
24.283231 2.292806 6.638821 
24.153034 3.283182 6.685747 
23.415414 3.884951 6.992001 
23.430600 4.822829 7.338635 
23.598582 5.334729 6.496174 
23.627016 6.049538 7.194916 
-41.176015 31.284283 -16.648870 
-40.366802 31.869156 -16.704531 
-40.076518 31.622424 -17.629117 
-39.225043 32.064499 -17.347053 
-39.523494 32.761994 -16.695572 
-39.071144 33.196083 -15.916504 
-39.140410 32.204101 -15.810800 
-38.454176 31.528374 -16.080011 
-38.002145 32.227235 -16.634323 
-37.410622 31.607643 -17.150275 
-36.669387 30.937887 -17.194970 
-36.383133 30.131584 -17.712593 
-36.635531 29.850301 -16.786756 
-36.324660 28.900463 -16.752582 
-35.397272 28.695064 -16.439913 
-35.716273 29.362133 -15.766669 
-35.540271 28.554514 -15.203841 
-34.580275 28.425990 -14.955067 
-34.212750 28.154043 -15.844432 
-34.546667 27.563748 -16.579314 
-35.072626 26.931080 -17.147731 
-35.496450 26.310035 -17.807031 
-36.152405 25.559706 -17.889060 
-35.440566 25.386787 -17.208337 
-35.128864 24.458150 -17.007149 
-34.590819 24.720883 -16.206225 
-33.775246 24.318579 -15.790302 
-32.957032 24.200723 -15.227597 
-33.298453 24.376293 -14.304230 
-32.659860 23.625556 -14.135136 
-33.542978 23.306697 -13.790995 
-33.716073 22.496718 -14.351326 
-33.805648 22.272777 -13.380849 
-34.044889 22.569452 -12.456323 
-34.770542 23.243245 -12.595713 
-34.233631 23.878049 -13.151367 
-34.312336 24.512428 -13.920371 
-34.769803 24.902827 -14.719316 
-35.645103 25.093894 -14.275082 
-35.705233 24.101025 -14.172147 
-35.878828 23.273076 -14.705407 
-34.945823 23.091697 -15.016216 
-35.538629 23.304602 -15.792909 
-34.694390 23.286850 -16.328583 
-34.557832 23.511951 -17.293301 
-35.052039 23.282767 -18.131892 
-34.324797 22.844029 -18.659744 
-34.759406 22.004259 -18.985170 
-35.149369 21.149445 -19.327546 
-36.041096 21.499490 -19.040681 
-36.471742 21.101994 -19.850952 
-36.564583 20.274574 -20.404809 
-36.053980 19.937193 -19.613949 
-35.314125 19.538021 -19.072399 
-34.701286 19.980853 -18.417931 
-34.825325 18.991814 -18.337824 
-34.209647 18.210345 -18.236604 
-33.653014 18.176359 -17.406541 
-34.045155 17.257420 -17.364378 
-34.862758 17.181752 -16.793589 
-35.214288 17.866900 -16.155625 
-35.428599 18.699743 -16.665963 
-35.853435 19.427003 -17.205042 
-36.679484 19.652419 -16.688486 
-37.116148 19.075160 -17.378484 
-36.845660 19.491766 -18.246399 
-37.359726 18.659824 -18.455227 
-37.760188 19.134253 -19.239157 
-37.806753 19.311916 -20.222146 
-38.416779 18.583600 -20.534275 
-38.740140 17.668889 -20.291910 
-38.840052 16.908119 -19.650625 
-38.680446 16.470759 -20.535634 
-38.107659 16.327142 -21.342660 
-38.491252 15.405294 -21.397916 
-38.009376 14.957182 -20.644928 
-37.372954 14.305962 -20.231552 
-36.875823 15.134644 -19.974360 
-36.331491 14.356056 -20.286617 
-35.440485 13.935565 -20.457777 
-35.316538 13.708275 -21.423684 
-34.818217 14.496861 -21.063397 
-34.380288 14.568323 -20.167232 
-34.520322 15.129916 -19.351754 
-33.596527 14.823576 -19.581446 
-33.470740 14.432884 -18.669560 
-32.988217 13.618125 -18.348095 
-32.062642 13.301841 -18.140065 
-32.020537 13.233281 -17.143307 
-32.382910 12.313073 -17.291305 
-33.211153 11.851250 -16.973921 
-32.487430 11.181894 -17.141816 
-32.371794 10.218988 -16.898011 
-31.890209 10.789183 -16.232463 
-31.122205 10.945945 -15.611500 
-30.506042 10.624250 -14.892574 
-29.858662 10.270612 -14.217415 
-29.005929 10.630169 -13.838516 
-29.621773 11.287392 -14.273020 
-30.124752 11.960025 -13.730271 
-30.817134 12.639720 -13.972391 
-30.886024 11.817105 -14.536801 
-30.371089 12.519151 -15.028708 
-29.488953 12.984958 -14.958984 
-29.400658 13.096001 -15.948870 
-29.412555 12.143590 -16.253456 
-30.229334 11.720219 -16.645411 
-31.218246 11.578410 -16.689476 
-31.278785 11.044993 -17.533160 
-31.148515 10.087485 -17.790469 
-32.063745 9.737573 -17.990256 
-32.307170 8.790132 -17.782650 
-31.362607 8.493101 -17.922559 
-30.735355 9.225610 -18.187104 
-24.719575 -7.177657 8.766230 
-24.485739 -8.095790 9.086156 
-24.790508 -8.392146 9.991302 
-25.193594 -8.469778 10.903166 
-25.500873 -7.659598 11.402354 
-25.513812 -6.710514 11.717109 
-26.241758 -6.156972 11.312528 
-26.233625 -6.692256 10.467895 
-25.847438 -7.481709 9.990795 
-26.540605 -8.024937 9.517062 
-27.534782 -7.921059 9.488424 
-27.299896 -8.877198 9.313420 
-27.513734 -9.637429 8.699970 
-27.289226 -9.943791 7.774909 
-26.448718 -9.749175 7.269269 
-25.916879 -9.728259 6.422682 
-26.015512 -9.096827 5.653549 
-25.130153 -8.652951 5.515300 
-25.293758 -7.916195 6.171367 
-24.736658 -7.510747 5.446625 
-24.100855 -6.796798 5.739938 
-23.607674 -7.543983 6.185458 
-23.047600 -6.758653 5.921687 
-23.248491 -6.459522 6.854512 
-23.238631 -7.091920 7.629094 
-23.848245 -7.812838 7.958709 
-24.161240 -8.674455 7.559146 
-24.579645 -9.412116 7.029246 
-23.613628 -9.566664 7.236436 
-23.207566 -10.359490 7.690901 
-23.261191 -9.824111 8.533809 
-22.769451 -9.262449 9.199187 
-23.595725 -9.249449 9.762306 
-22.867069 -8.838201 10.309969 
-22.378444 -9.358039 11.010694 
-21.620488 -8.907130 11.482057 
-21.798532 -8.450848 12.353898 
-22.683695 -8.675246 11.946304 
-23.358961 -8.087666 11.500473 
-22.496752 -7.796421 11.086019 
-22.808036 -7.591844 10.157983 
-23.224881 -6.857663 10.693911 
-23.352347 -5.866426 10.659256 
-23.930013 -5.053214 10.588625 
-23.738433 -4.378402 11.301313 
-22.776193 -4.208391 11.513896 
-21.962878 -3.699643 11.231597 
-22.129154 -3.969767 10.283238 
-23.061734 -3.914063 9.926599 
-22.508064 -3.248865 9.425639 
-22.830963 -3.386973 8.489336 
-23.220640 -4.023197 7.823475 
-22.795908 -4.543500 7.082606 
-22.502127 -5.496899 7.151336 
-22.933205 -5.415330 6.252715 
-23.387294 -4.634893 5.822924 
-24.189775 -4.812279 5.253223 
-25.128786 -4.471541 5.206791 
-24.860714 -4.256862 4.267615 
-24.932548 -3.294615 4.530140 
-25.731185 -3.052665 3.979105 
-25.756066 -4.010053 3.691375 
-25.780969 -4.241370 2.718816 
-25.947707 -3.260907 2.823172 
-25.582100 -2.333357 2.900510 
-24.764156 -2.839622 3.173756 
-24.908276 -3.350858 2.326486 
-24.476815 -3.912187 1.620262 
-25.383661 -4.162796 1.281404 
-25.088003 -4.980514 0.787517 
-25.050897 -4.451593 -0.060342 
-24.510368 -3.613597 0.014433 
-23.685132 -4.140003 -0.190221 
-22.733181 -3.939856 0.041576 
-22.807300 -3.003569 -0.301751 
-22.658856 -2.838898 0.673363 
-23.071440 -1.934657 0.563261 
-22.775886 -1.036272 0.888149 
-22.127240 -1.566738 1.433918 
-21.688712 -1.133964 0.646264 
-21.648424 -1.329588 -0.333587 
-22.057993 -0.510220 -0.734697 
-21.700213 0.064821 -1.470442 
-21.702790 1.052623 -1.314750 
-21.415193 0.685810 -0.430027 
-20.934622 1.495073 -0.092171 
-20.223266 1.059546 0.459453 
-20.131280 0.950698 -0.530340 
-20.395177 0.255599 -1.199067 
-20.629132 -0.257795 -2.024714 
-20.115024 -0.991702 -2.468643 
-20.517502 -0.521109 -3.253853 
-19.779054 0.025257 -2.858658 
-19.671118 0.980184 -2.582134 
-18.776834 1.239966 -2.217760 
-19.192742 1.463042 -1.336138 
-18.389046 1.109350 -0.857624 
-19.001654 0.674583 -0.197558 
-19.435990 0.017844 0.418922 
-20.088352 -0.006091 1.176451 
-20.048480 -0.288409 2.134943 
-6.959975 25.187243 38.668430 
-6.754102 24.812115 39.572252 
-7.579123 24.436338 39.150195 
-8.477197 24.120339 38.844243 
-8.663340 24.888549 39.456781 
-8.960004 24.801297 40.407769 
-7.972783 24.941936 40.332831 
-7.791525 25.922743 40.404691 
-7.348740 26.554204 39.768138 
-6.433622 26.923586 39.606535 
-6.376037 26.360606 40.430998 
-5.795452 25.644796 40.043008 
-6.259902 25.921530 39.201755 
-5.399642 26.343766 38.915977 
-5.544237 27.330730 38.845305 
-6.010283 28.103835 39.275549 
-6.188139 28.427219 38.346146 
-5.802701 28.669645 37.455827 
-6.192674 29.550163 37.186364 
-6.218977 30.549468 37.212779 
-6.478449 30.933428 36.326637 
-6.597921 30.578422 35.399438 
-5.757831 31.120798 35.390631 
-5.194515 31.927242 35.210848 
-4.616339 32.597847 35.675609 
-5.091999 33.374719 35.263035 
-5.166821 33.889026 34.408699 
-5.627907 34.599973 33.877705 
-5.487660 34.962861 32.956487 
-5.668305 35.802706 32.444600 
-5.951766 36.081783 31.527122 
-6.789622 36.595950 31.343736 
-6.154807 37.132307 30.787561 
-6.308491 38.088720 31.035866 
-5.752289 38.778702 31.499076 
-6.175014 39.145136 30.670204 
-6.170108 40.111227 30.412047 
-5.220823 40.025779 30.714631 
-4.368263 40.496002 30.486525 
-4.117104 41.347724 30.946402 
-4.668219 42.066658 30.522838 
-4.123846 42.349260 31.312644 
-3.267525 42.206237 30.816399 
-2.419899 42.688530 31.037585 
-2.032014 43.100388 31.862156 
-2.827827 43.616741 31.545833 
-2.388261 44.238310 32.194242 
-1.808278 44.688766 31.515487 
-2.006222 44.880077 30.554124 
-1.620801 45.419703 29.805622 
-1.552610 46.398340 29.999579 
-1.533950 47.397868 30.023978 
-0.862541 47.723396 30.689742 
-1.466706 46.985798 30.991297 
-2.205699 47.434825 31.493556 
-2.670467 46.950353 32.234688 
-2.895431 46.329149 32.985353 
-2.905992 47.117994 33.599854 
-2.895763 48.053924 33.247816 
-3.645137 48.171005 33.899529 
-4.239986 48.535990 34.615727 
-4.187156 48.847981 35.564342 
-4.900887 49.519419 35.364943 
-4.573461 50.372536 34.958762 
-4.329108 51.042033 35.660236 
-3.673359 51.470212 35.038418 
-3.972783 51.494203 34.084599 
-4.818975 50.962056 34.056713 
-5.737070 50.649812 33.812572 
-5.229695 49.831615 33.542158 
-5.298955 48.873710 33.263553 
-5.359726 48.693747 32.281758 
-5.183721 49.581680 31.856790 
-5.157102 50.255404 31.118286 
-5.775820 49.990682 30.378617 
-5.203910 50.737290 30.038770 
-4.909077 50.303914 29.187149 
-5.708818 49.756177 28.941387 
-5.590962 49.104568 29.690731 
-5.226170 48.624250 30.488366 
-4.550762 48.508589 31.216684 
-4.638155 47.594902 31.613596 
-5.181208 47.276089 32.390417 
-5.732933 46.978255 31.611383 
-6.181549 47.849268 31.411183 
-6.286049 48.734631 31.864185 
-7.158730 48.295357 31.650957 
-7.420629 49.259758 31.614367 
-7.652902 50.002730 32.242094 
-8.136922 50.527707 32.942183 
-9.011402 50.071387 33.106670 
-8.955215 50.546670 33.984707 
-7.971538 50.376671 34.043700 
-7.376156 50.735198 34.762711 
-7.048539 51.532433 35.269745 
-6.700444 50.747297 35.781988 
-7.623074 50.634318 36.150756 
-7.592208 49.727561 36.571277 
52.605025 7.287743 52.652030 
52.696280 7.407960 53.640574 
52.057792 6.747161 54.035134 
52.102807 6.427204 54.981496 
52.418519 7.374733 55.031649 
51.459351 7.309236 55.306798 
50.813390 8.068808 55.382863 
50.103667 8.752748 55.551736 
49.329180 8.958610 54.953580 
49.922145 8.517473 54.279940 
49.121361 7.933480 54.412970 
49.121802 7.330695 53.615066 
48.954251 6.887501 52.734438 
48.331676 6.255463 53.195878 
48.118756 6.265276 52.218858 
49.011408 6.078899 51.808449 
48.820233 6.981082 51.421775 
47.911755 6.607252 51.234910 
48.063801 6.929162 50.300428 
48.006185 7.717963 50.912371 
48.446879 8.605202 50.776008 
47.612654 8.915597 50.320243 
47.411562 7.953342 50.136865 
46.732305 8.585215 49.763572 
47.030325 9.229912 49.059620 
46.157527 9.379897 48.595154 
46.205091 8.426858 48.894241 
45.320766 8.118220 48.543939 
45.220091 7.170267 48.241862 
45.853721 7.217715 47.469682 
46.764374 7.557181 47.234154 
46.782283 8.316780 47.884300 
45.960939 8.685687 47.449212 
45.356574 8.183490 46.830712 
44.493741 8.098650 46.332394 
43.921792 8.766874 45.856630 
43.309239 7.983763 45.749310 
42.891715 7.349597 45.098537 
42.668868 8.223346 44.666217 
41.824365 8.441340 44.177039 
40.860979 8.626424 43.983051 
40.289007 8.073978 43.376709 
40.646367 7.411803 44.035358 
40.960734 7.165085 43.118677 
40.898746 7.112412 42.121991 
41.245423 7.972528 42.496176 
41.598180 8.634165 43.157841 
42.061439 8.935065 42.324264 
41.543747 9.762622 42.541395 
41.297317 10.597939 43.032839 
41.673813 11.495739 42.804352 
42.264711 11.914320 42.114693 
41.742954 11.421029 41.418679 
41.413463 10.854317 40.663515 
40.765543 10.453156 41.311026 
39.914904 10.838390 40.953241 
39.576079 11.228505 40.097083 
39.381148 10.250793 40.019106 
38.708035 9.861627 40.647970 
38.582905 9.420391 39.759345 
39.271607 9.596030 39.055896 
39.559930 8.755268 39.514143 
39.848449 9.053374 40.424027 
40.607876 9.254701 41.042686 
40.532607 8.288432 41.288976 
39.718614 8.094056 40.741589 
39.071352 7.336092 40.660701 
38.561185 7.660627 41.457198 
37.771902 7.799504 42.055316 
37.283145 7.945880 42.915369 
36.920266 7.024065 43.051660 
37.241838 6.742994 42.147453 
37.519056 5.783600 42.095371 
38.468343 5.662942 41.805032 
39.033395 6.060256 41.081943 
39.750444 6.455360 41.656168 
40.267626 5.988043 40.939134 
40.508190 5.201221 41.507500 
40.962963 5.003081 42.375786 
40.706034 4.829483 43.326497 
39.861466 4.423786 43.675946 
40.151507 4.647689 44.606400 
40.778858 4.648648 45.385136 
40.213433 4.330166 46.145967 
40.471685 4.534879 47.090106 
39.731887 4.906453 47.651026 
39.767777 3.924684 47.837685 
39.430539 2.983975 47.874252 
39.190969 2.387507 47.108202 
38.814985 1.474366 46.950690 
39.184170 0.597139 46.643810 
40.064146 0.248024 46.321693 
40.647457 0.605472 45.592324 
41.251663 -0.178598 45.734342 
41.111137 -0.520800 46.663401 
61.526425 -6.002157 26.227430 
61.273996 -5.776468 27.168357 
61.202686 -5.017970 27.816118 
61.232939 -4.030623 27.971781 
60.244672 -4.012536 27.820122 
59.750404 -3.515270 28.533162 
59.233244 -4.245197 28.086227 
58.470443 -4.696294 27.622927 
58.535627 -3.770405 27.250796 
57.615513 -3.556370 26.922804 
58.062542 -2.853089 27.475579 
57.520865 -2.147640 27.932666 
57.309311 -1.970740 28.893890 
58.151398 -2.456239 28.658984 
58.671138 -3.003702 29.314846 
58.238871 -2.599195 30.120773 
59.208507 -2.543749 30.358957 
59.413080 -2.717178 31.322322 
59.397792 -1.738123 31.525340 
59.870517 -1.013120 31.024438 
59.467524 -0.308606 30.440267 
60.259871 0.299587 30.392435 
59.785327 1.166708 30.241075 
60.677141 1.337984 29.822349 
61.112173 0.988000 28.992736 
60.753815 0.134967 29.372098 
61.138598 -0.626355 29.893951 
61.756348 -0.222531 30.568719 
61.406569 -0.032706 31.486118 
62.328786 0.341374 31.388244 
62.274355 -0.508370 31.912622 
62.528846 -1.178728 31.215589 
63.450758 -1.216913 31.601103 
63.296094 -1.436699 32.564313 
63.158057 -1.317119 33.547495 
62.959304 -0.711678 34.318168 
62.868770 -0.554777 35.301624 
63.482302 -1.339802 35.387144 
64.475381 -1.447539 35.433903 
65.281849 -1.875079 35.842338 
65.292281 -2.707398 35.288138 
66.201187 -3.116356 35.206639 
67.121386 -3.130383 34.815440 
67.641507 -3.920059 34.490038 
67.915025 -4.554466 35.213029 
67.623354 -4.432594 36.161752 
67.027087 -5.234626 36.126963 
66.917529 -5.851228 36.906578 
66.365807 -6.616616 37.237914 
66.520804 -7.295377 36.520099 
66.224674 -6.441180 36.092719 
65.462107 -5.794413 36.079186 
64.954402 -6.365399 35.434043 
64.633249 -7.051824 34.781600 
65.500356 -7.300445 34.349960 
66.092249 -6.598799 33.953278 
65.281890 -6.138642 34.316011 
64.775013 -5.371802 33.922272 
64.472636 -5.296896 34.872512 
63.683549 -5.148645 34.276389 
63.631318 -4.434163 34.974090 
63.773043 -3.444772 35.006018 
62.858391 -3.066402 35.148314 
62.924314 -3.517692 36.038253 
62.439549 -2.777018 36.503446 
62.882262 -1.894154 36.660151 
62.967227 -0.944786 36.357693 
63.927434 -0.913638 36.635241 
64.771784 -0.378249 36.656044 
65.062935 -0.897816 37.459338 
65.976837 -1.108230 37.806484 
66.735019 -1.633640 37.420343 
67.632500 -1.227992 37.593482 
67.964118 -0.309638 37.809481 
67.132384 0.084836 38.200133 
66.876317 -0.087639 37.248986 
65.949005 0.286628 37.244769 
65.624869 1.231645 37.201428 
65.971959 1.440847 38.115629 
66.414443 2.337609 38.110501 
65.686734 2.596027 38.745844 
65.279261 3.062105 37.960518 
64.498597 2.454762 37.813218 
64.263277 3.425436 37.862365 
64.566950 3.599026 38.799195 
65.104386 3.678586 39.638738 
64.917111 4.596858 39.289877 
64.256163 4.656708 38.541836 
64.907503 5.243597 38.060881 
65.007474 5.960134 37.370533 
65.247462 6.183081 36.425705 
65.340394 5.250369 36.077263 
64.843935 4.554731 35.558017 
64.558975 4.872455 34.653667 
11.898825 3.582343 71.621910 
11.356035 2.811009 71.954209 
11.861630 3.322237 72.649206 
12.716518 3.540963 73.119658 
13.357921 3.199091 72.432835 
13.068379 3.664632 71.596511 
13.881352 4.245571 71.636317 
14.573733 3.727279 71.134339 
14.764588 2.879298 70.639866 
13.823985 3.014895 70.328610 
13.955101 4.003793 70.398526 
13.180154 4.394374 70.895420 
13.202515 5.393193 70.852267 
14.102497 5.229339 70.448306 
13.538905 4.910180 69.686400 
14.003857 5.002837 68.805926 
14.480976 5.609581 69.441708 
15.169317 4.898604 69.297836 
15.621557 4.366594 70.013688 
15.345168 4.913077 70.804234 
16.313459 5.000435 71.038288 
16.055005 4.478772 71.851349 
15.991183 3.682331 71.250009 
16.982857 3.790054 71.179449 
17.320582 2.852026 71.101698 
16.961762 1.996666 71.475337 
17.272750 1.381988 70.750453 
17.213934 0.672106 70.048592 
18.036233 1.214312 69.875858 
17.901683 1.464130 68.916959 
18.569409 1.593366 68.183857 
18.004874 2.368233 67.899462 
17.392461 2.399738 68.689373 
16.909808 2.506240 67.820061 
15.915623 2.407108 67.862132 
15.970438 1.434958 68.089988 
15.106426 1.536210 68.583173 
15.249262 2.307599 69.203300 
15.808808 3.135119 69.157265 
16.112713 2.655928 69.980684 
17.078095 2.455392 70.147486 
18.047890 2.380901 69.915218 
18.793397 2.024255 69.352170 
19.082247 2.679384 68.654050 
19.925784 2.172600 68.476245 
20.774022 2.698888 68.535515 
21.362164 1.910099 68.356903 
22.176733 1.583060 68.835988 
22.616327 2.013945 69.624084 
23.498665 2.011993 70.094696 
23.024383 1.165821 70.337697 
22.737127 0.217134 70.469898 
23.109304 0.163446 69.543291 
23.795451 -0.557862 69.448854 
23.063504 -0.839295 70.069377 
22.989386 -1.765949 69.700840 
22.950655 -2.335197 70.522093 
23.180633 -1.734414 71.287711 
23.875731 -1.457109 70.624431 
24.315693 -2.159547 71.183907 
24.872031 -2.967433 70.989462 
25.797879 -2.978613 70.611729 
25.448561 -3.789166 70.141642 
25.025750 -4.675103 70.332289 
24.312440 -3.974523 70.312865 
23.661092 -4.063756 69.559351 
24.032665 -4.171503 68.637221 
24.427243 -3.270304 68.816518 
25.270994 -2.806882 68.545733 
24.778497 -1.949428 68.396669 
24.761753 -0.949691 68.381025 
25.490015 -0.265001 68.409899 
25.776546 -0.636820 67.526921 
25.548300 -0.325158 66.604549 
24.909924 -0.126922 65.860789 
25.003573 0.478053 65.070070 
25.738531 -0.048129 64.642320 
26.231056 0.251089 65.459563 
25.739218 0.883074 66.058471 
26.103877 0.652026 66.960491 
25.522480 0.567120 67.769669 
25.044418 0.717880 66.904379 
24.387773 -0.036289 66.911259 
23.722230 -0.721234 67.207741 
23.568319 -0.508207 66.242893 
24.022308 -0.905593 65.445410 
23.026908 -0.816937 65.409112 
23.117099 0.165394 65.245125 
22.154142 0.048259 65.002241 
21.423114 -0.581293 64.739063 
21.720430 -0.004150 63.978465 
2.595525 74.704943 -5.767470 
3.493495 74.963315 -5.411248 
3.441945 74.823608 -4.422398 
3.278375 73.881181 -4.714076 
3.821593 73.893885 -3.874580 
3.097946 74.343003 -3.350530 
2.132055 74.084549 -3.366537 
2.417331 74.691219 -2.624533 
2.368388 75.639332 -2.310388 
1.606819 75.087356 -1.970777 
0.846490 75.390840 -1.396498 
0.326775 74.573510 -1.645234 
-0.520675 74.051461 -1.741629 
-0.828953 73.241761 -1.242280 
-1.546970 72.850141 -0.666879 
-2.326425 72.966146 -0.051256 
-2.632095 73.428960 0.780831 
-2.206884 74.298713 0.530379 
-1.757298 75.051944 1.010499 
-1.971272 75.869674 0.476147 
-1.066398 75.769769 0.062357 
-0.811282 75.720776 1.028026 
0.114208 76.097252 1.069683 
0.845868 75.534142 1.453845 
0.466656 75.524412 2.379104 
0.119479 74.655299 2.731396 
-0.787317 74.247301 2.837507 
-0.255543 73.476961 2.485666 
-0.807658 72.933051 3.117593 
0.165859 72.706275 3.088650 
0.096578 73.299200 3.890922 
-0.761887 72.846168 4.131341 
-0.418626 72.638764 5.047395 
-0.864110 72.585221 5.941083 
-0.955138 73.273651 6.660651 
-1.766816 73.791815 6.391046 
-2.085210 73.958234 5.457810 
-2.851915 73.866706 4.822369 
-2.267755 73.087213 4.596212 
-3.046021 72.556580 4.931968 
-3.937074 72.298387 5.305277 
-4.707220 72.848997 5.627307 
-4.878454 73.710561 5.149408 
-4.822444 73.995208 6.106403 
-5.511332 74.716394 6.033437 
-5.161174 75.637034 5.860779 
-5.249367 75.234114 4.949803 
-5.374170 74.715853 4.103736 
-5.295037 73.793480 3.725626 
-5.004247 74.537981 3.124661 
-4.203272 73.957134 2.979557 
-4.534085 73.317919 2.285319 
-4.535578 72.680715 3.056013 
-3.629788 72.698498 2.632659 
-3.427488 72.483603 1.677204 
-2.564099 72.983947 1.742136 
-2.138886 72.127865 1.448336 
-2.766951 71.354692 1.536292 
-3.202608 71.124101 0.666217 
-2.281327 70.740216 0.728449 
-1.541306 70.211617 1.144324 
-0.767489 69.838510 0.632467 
0.141298 69.698217 0.239499 
0.663043 68.881431 -0.006759 
1.450411 68.813465 -0.619485 
2.152283 68.279163 -1.090544 
2.430919 69.238103 -1.037683 
2.371436 68.916295 -0.092749 
1.979893 68.034818 0.171246 
2.011512 67.192714 -0.367142 
2.724538 66.626041 0.045745 
3.420582 66.133071 -0.476274 
4.398577 66.175277 -0.271959 
5.031937 66.837854 -0.671768 
4.288554 67.177383 -1.248051 
3.624876 66.625008 -1.752445 
3.170218 66.332430 -2.593685 
3.037008 66.623205 -3.541158 
3.123105 67.619392 -3.555303 
3.168764 68.113036 -2.686839 
2.233708 67.895440 -2.406976 
4.960425 51.289643 22.741430 
4.055510 51.558453 23.071383 
3.286720 51.044413 22.690955 
3.948015 51.074529 21.941434 
3.218632 51.052036 21.257697 
2.654648 51.352354 20.488457 
2.266609 50.629698 19.916449 
3.154270 50.171599 19.869526 
3.890321 50.832695 19.723990 
4.215722 51.160315 18.836984 
3.623370 51.446658 18.083905 
3.981541 51.806618 17.222428 
4.873196 51.919585 17.660822 
5.571775 51.241154 17.433404 
6.071304 50.744474 16.723629 
6.982645 51.148724 16.645918 
7.677505 50.776376 16.030672 
7.946601 50.448271 15.125169 
7.661102 49.489933 15.116286 
8.385369 48.825464 15.300455 
8.385098 47.968144 15.815239 
8.275808 47.559298 16.721275 
8.988894 47.060112 16.229014 
9.413910 47.250116 17.114034 
9.834530 47.688180 16.319567 
10.070761 48.654092 16.213691 
10.021594 48.486482 17.198318 
9.947742 48.716686 18.168654 
9.463663 49.334794 18.788017 
8.638875 49.436306 18.231761 
8.511718 49.407571 17.240295 
7.781894 49.992011 16.885631 
6.906441 49.661128 16.533356 
6.599367 50.356591 15.883713 
6.324788 49.520995 15.407912 
5.696477 49.562861 14.631077 
5.371757 48.687773 14.989931 
5.524379 48.444701 15.947857 
6.136857 47.905047 16.525477 
5.752639 47.362000 15.778834 
5.743291 46.362496 15.808925 
4.819357 46.192531 15.466202 
4.580468 45.851938 14.556847 
4.131953 45.326335 13.833952 
3.706990 46.189585 14.106359 
3.597779 47.148794 14.367112 
2.937991 47.145343 15.118555 
1.952619 47.283785 15.019174 
1.585798 47.448139 15.934832 
1.886266 47.358271 16.884381 
2.139234 46.461041 17.246300 
2.908986 46.730948 17.824774 
2.962075 47.538046 18.412800 
2.227805 47.702842 19.071352 
2.134986 48.045945 18.136651 
1.630443 48.909320 18.141188 
0.864717 49.020545 18.774665 
0.597559 49.088054 17.813380 
0.890854 48.412978 17.136437 
0.463768 47.543856 17.385886 
-0.073563 48.317592 17.721458 
-0.692151 47.993395 17.005745 
-0.486042 48.613340 16.248654 
-1.422982 48.753391 15.928452 
-1.629228 49.152857 15.035205 
-1.421448 50.079819 15.347565 
-1.640070 50.740822 14.629735 
-2.191931 49.930940 14.430887 
-2.912307 50.496448 14.029317 
-2.935112 50.508861 15.028980 
-3.206113 49.564421 15.214965 
-2.675540 48.992705 15.840772 
-3.541809 48.909676 16.333403 
-4.332528 49.465438 16.590099 
-5.306908 49.403352 16.806263 
-5.891052 49.330871 17.614671 
-6.829852 49.347410 17.270603 
-6.300877 49.993992 16.720952 
-61.688375 3.187543 -35.356370 
-61.224731 2.319668 -35.534769 
-60.673798 3.153990 -35.554246 
-59.975902 3.797977 -35.867650 
-59.086795 4.239876 -35.748427 
-59.138025 4.868421 -34.972343 
-59.982138 5.310044 -35.276385 
-60.771353 4.931732 -34.792629 
-60.861931 5.927018 -34.827292 
-61.461160 6.156874 -35.594163 
-60.564382 6.518361 -35.849342 
-59.835582 6.096571 -36.388734 
-59.063674 5.470210 -36.279969 
-58.502498 5.010205 -36.968066 
-58.804868 4.883854 -37.912846 
-59.237600 5.779670 -37.811568 
-59.990494 5.142969 -37.644946 
-60.248229 6.101490 -37.523247 
-60.805322 6.877998 -37.817668 
-61.292788 7.674578 -38.175210 
-62.099748 7.878025 -38.729670 
-62.747069 8.431640 -38.205757 
-63.414494 9.029640 -38.649537 
-63.757020 9.967700 -38.597392 
-63.753370 10.778100 -39.183257 
-64.483792 11.029832 -39.818171 
-63.921177 11.814406 -40.078762 
-63.836765 12.675867 -40.579521 
-64.738279 12.517182 -40.176916 
-64.600615 13.479048 -39.940561 
-64.883308 14.313384 -40.413814 
-64.357003 14.098103 -41.236406 
-63.770396 14.288913 -40.449334 
-63.157789 14.911613 -40.936117 
-63.555697 15.448328 -40.192070 
-63.128938 15.934832 -40.954428 
-63.738440 16.665739 -40.647373 
-63.982997 17.450186 -40.077432 
-63.931120 18.434610 -39.909447 
-63.116486 18.902397 -39.566596 
-63.113832 19.435466 -38.720528 
-63.138777 18.600243 -38.171183 
-62.209892 18.785198 -37.850302 
-62.865203 18.649645 -37.107206 
-63.194032 17.737543 -37.352037 
-63.968850 18.013422 -36.783225 
-64.186704 17.843670 -37.744331 
-64.438499 16.970138 -37.327748 
-65.143363 17.045878 -38.033035 
-64.789885 16.115671 -38.131870 
-64.033684 15.544625 -38.451349 
-63.107866 15.591907 -38.826349 
-62.789478 16.237106 -39.520862 
-61.926083 15.877248 -39.874486 
-61.969144 15.422966 -40.764303 
-61.517745 15.315450 -41.650124 
-61.289816 15.591133 -42.583959 
-61.495522 16.560838 -42.715705 
-61.538823 16.116915 -43.610723 
-62.183105 16.878568 -43.541542 
-61.448589 17.349941 -44.029697 
-62.247021 17.619654 -44.567991 
-61.657284 18.256633 -45.064446 
-62.063252 19.014113 -44.553159 
-62.947372 18.627870 -44.816117 
-63.589991 18.597580 -45.581704 
-63.425340 17.637947 -45.353678 
-63.991192 16.949854 -45.807922 
-63.952479 16.185632 -45.164133 
-63.104449 16.198849 -45.693916 
-62.264379 15.700345 -45.479962 
-61.377275 16.092921 -45.237204 
-61.427938 15.387731 -44.529998 
-62.396580 15.587590 -44.382388 
-62.475187 14.590752 -44.394033 
-61.957816 14.033045 -43.744965 
-61.271793 14.714784 -43.490791 
-60.631283 14.090713 -43.043261 
-60.715948 14.243032 -42.058563 
-61.329306 13.710934 -41.474898 
-61.926964 12.936072 -41.680796 
-60.987555 12.762101 -41.976169 
2.434925 5.541743 -15.042970 
2.546010 6.498224 -14.773146 
3.203125 7.190005 -14.473750 
3.520070 7.949379 -13.905509 
2.767655 8.286097 -13.339389 
3.287491 9.090104 -13.628081 
4.014449 9.734775 -13.864579 
3.851322 9.771575 -12.878660 
3.595173 9.853518 -11.915502 
4.476729 9.604890 -11.514201 
4.707780 10.158636 -10.714213 
4.675097 9.641906 -9.858689 
5.206397 9.271260 -10.620490 
5.939799 9.894134 -10.892795 
5.842801 9.404475 -11.759297 
5.667999 8.496179 -12.139352 
5.196802 9.131115 -12.751585 
6.040529 8.783508 -13.160601 
6.073364 9.273581 -14.031664 
6.514336 8.635441 -14.662791 
7.014346 9.279720 -15.241493 
6.047310 9.524124 -15.170023 
5.426059 9.071542 -15.809724 
6.230380 9.197288 -16.390461 
6.444800 8.626653 -17.183179 
6.839717 8.876293 -18.067328 
6.691407 8.877920 -19.056268 
6.754081 9.441041 -19.880261 
6.044528 8.944020 -20.379765 
6.478617 8.044721 -20.432955 
5.756575 7.497002 -20.855635 
5.560989 7.224394 -19.913599 
4.575910 7.307949 -20.064060 
4.569406 6.324603 -20.245687 
5.227273 5.637152 -20.553292 
4.565768 4.888174 -20.591276 
3.612070 5.184683 -20.641703 
2.956541 4.681843 -21.205115 
3.696322 4.507470 -21.854976 
4.451653 5.162000 -21.822327 
4.569730 4.358000 -22.405115 
4.205427 3.444356 -22.585496 
3.964563 2.789912 -23.302216 
3.464771 2.217933 -22.651795 
3.898622 1.573973 -23.281946 
3.368630 0.906740 -23.805308 
2.925162 0.132173 -23.354329 
3.518717 -0.654693 -23.523253 
3.080215 -0.975236 -22.683629 
3.381550 -1.843350 -22.289199 
3.455361 -1.747306 -23.281836 
2.784413 -1.558163 -23.998812 
2.324466 -1.659384 -23.116654 
1.713202 -1.043878 -22.619152 
0.770647 -0.710983 -22.646912 
0.071017 -0.322169 -23.246362 
-0.209707 0.636262 -23.297399 
0.025877 1.598016 -23.437144 
0.778702 1.052840 -23.805977 
0.681653 1.749651 -24.516636 
0.229169 0.980188 -24.967396 
-0.706963 1.281561 -25.148593 
-0.980028 1.056597 -24.213272 
-1.274056 1.662266 -23.473872 
-1.824460 2.481185 -23.636434 
-1.915642 2.007865 -22.760275 
-1.797124 1.018219 -22.841232 
-1.542882 0.189284 -22.343008 
-2.506029 -0.017169 -22.515417 
-2.893060 0.442101 -23.314966 
-3.333372 -0.425640 -23.084420 
-3.887171 -0.618569 -23.894410 
-3.422025 -0.129232 -24.632101 
-4.366108 -0.074139 -24.957172 
-3.793744 -0.738526 -25.437786 
-4.332079 -1.375601 -25.989449 
-3.408375 -1.532147 -26.339113 
6.902025 -63.367657 -2.421970 
6.923566 -64.356631 -2.568481 
7.317076 -63.854651 -3.338654 
7.817645 -63.003991 -3.499302 
8.325915 -62.675818 -2.703083 
7.604368 -62.739554 -2.013657 
8.498790 -62.423496 -1.697243 
8.214861 -63.084927 -1.003057 
8.115123 -62.141794 -0.685957 
7.236441 -62.610831 -0.596945 
6.795034 -61.767378 -0.290761 
6.482902 -61.002178 -0.853827 
7.373645 -60.587925 -0.666819 
8.166715 -60.593816 -1.275921 
8.683384 -61.227664 -1.851499 
8.890229 -61.365946 -2.820051 
8.657101 -62.028169 -3.532170 
9.526932 -62.297076 -3.945792 
10.362776 -62.845378 -3.918790 
10.089721 -63.335914 -3.091254 
11.025111 -63.655792 -2.940512 
10.496329 -63.410824 -2.127874 
9.751621 -63.846777 -1.622548 
10.186396 -64.177059 -0.784762 
10.991672 -64.167617 -0.191936 
10.947195 -63.499877 0.551128 
10.501514 -63.187429 1.390023 
10.033465 -64.066215 1.483105 
9.812055 -64.017357 2.457061 
8.999722 -63.554682 2.812091 
8.769634 -62.922536 3.551991 
8.694756 -61.925358 3.546649 
9.235887 -61.905581 4.387355 
9.522875 -61.104368 3.862288 
8.846977 -60.828729 4.545797 
8.844788 -61.128223 5.499893 
9.709995 -61.562406 5.249090 
10.370931 -62.249363 5.551172 
10.771115 -61.864263 6.382767 
9.884189 -61.413061 6.481661 
9.942177 -62.379726 6.731056 
9.006336 -62.651933 6.954895 
9.286838 -63.313659 6.259599 
10.223461 -63.348359 6.608214 
11.109359 -63.550133 6.190515 
10.311459 -63.611723 5.590879 
9.566797 -64.270883 5.486059 
9.155953 -65.162974 5.674155 
9.139264 -65.919583 5.020500 
9.614005 -66.367622 4.262950 
9.625153 -67.280104 4.671917 
10.517660 -66.829487 4.652511 
11.272217 -67.139887 5.230694 
11.596072 -66.995008 6.165642 
12.101656 -67.721020 5.699498 
12.939496 -68.159436 5.374204 
13.570802 -68.188032 6.149211 
13.284639 -67.639765 6.935031 
12.963150 -67.639358 7.881945 
13.865374 -67.429724 8.258834 
14.357827 -66.791133 8.850182 
14.830127 -66.825150 7.969401 
15.545813 -67.072131 7.316106 
15.066708 -66.321772 6.860673 
15.361070 -65.822650 7.675675 
14.705277 -65.145613 8.009676 
14.126720 -65.849073 7.596864 
13.719824 -65.469322 6.766066 
12.915443 -65.014028 7.147745 
12.872465 -65.084410 8.144338 
13.544155 -65.282694 8.858141 
13.812053 -65.525656 9.790451 
13.078771 -65.474354 10.468437 
12.983374 -66.262576 9.860484 
13.385149 -66.992898 9.308028 
13.802153 -67.163615 10.200756 
-29.301255 -33.726857 5.027430 
-29.339106 -34.301906 5.844673 
-30.196612 -34.061980 5.389569 
-30.753475 -33.296043 5.068253 
-31.305257 -32.472831 5.201892 
-30.622526 -32.334723 5.919391 
-31.289758 -32.511265 6.643016 
-31.087368 -31.839194 7.355307 
-31.538025 -31.729812 8.241277 
-30.594127 -31.400248 8.262384 
-31.085530 -31.233359 9.117178 
-31.452757 -30.666366 9.854513 
-32.024697 -30.568347 9.040095 
-32.276111 -31.375851 9.573694 
-32.186256 -32.322922 9.265503 
-32.074854 -32.905418 10.070667 
-31.737440 -33.440157 9.295938 
-32.125246 -34.290314 8.939792 
-32.681680 -34.653101 9.687298 
-32.882495 -33.677658 9.596833 
-33.555005 -32.949307 9.465553 
-34.075554 -33.203840 8.650543 
-33.377124 -33.914915 8.569499 
-33.739175 -33.641494 7.678343 
-33.518347 -33.160133 6.830094 
-33.395822 -32.238740 6.461281 
-34.089440 -31.786780 7.022195 
-33.601167 -31.031200 6.585516 
-33.474692 -30.719163 7.527130 
-33.847834 -30.245509 8.324888 
-34.188118 -29.352222 8.618566 
-34.958557 -29.985797 8.547815 
-35.394127 -30.038173 7.649185 
-36.252464 -29.544206 7.787942 
-35.898632 -28.703248 7.378561 
-36.079059 -29.224486 6.544441 
-36.508080 -28.352196 6.309813 
-35.550563 -28.071196 6.374618 
-35.370676 -27.144438 6.044830 
-35.483741 -26.304174 5.514573 
-35.232986 -26.776022 4.669303 
-35.488791 -27.639866 5.103280 
-35.057959 -28.069830 4.309860 
-35.950700 -28.404463 4.611576 
-36.444570 -28.974091 3.954601 
-36.219918 -29.596970 4.703969 
-36.508853 -30.230740 5.421502 
-35.910485 -30.679111 4.757485 
-35.427429 -30.949928 3.924829 
-35.655045 -31.393219 3.057832 
-34.910908 -32.025372 2.841866 
-34.744931 -31.096192 2.511598 
-35.526768 -31.325077 1.931647 
-35.810397 -31.802848 1.100208 
-35.862831 -32.784495 1.283561 
-36.572350 -33.479113 1.164863 
-37.255770 -34.148020 1.457270 
-37.806229 -34.186450 2.291247 
-38.267855 -34.709104 1.574494 
-38.070781 -35.056426 0.657690 
-37.343261 -35.623915 1.043268 
-37.607768 -35.764046 0.089119 
-38.230588 -35.618968 -0.679677 
-38.798144 -35.906079 -1.451329 
-39.759500 -36.073497 -1.669884 
-39.248425 -35.572644 -2.368418 
-39.915916 -34.883886 -2.085453 
-40.048379 -34.079260 -2.664271 
-39.049076 -34.056610 -2.693958 
-38.133598 -33.820392 -2.368228 
-38.302270 -33.265847 -1.553348 
-38.885562 -32.454768 -1.597189 
-39.866337 -32.269052 -1.657110 
-40.155174 -32.882961 -0.922475 
-40.262413 -33.697901 -0.352938 
-39.342594 -33.538593 0.005607 
-8.980075 44.817843 -43.166370 
-9.963799 44.684608 -43.045809 
-9.886457 43.728325 -43.327841 
-10.260304 43.426763 -44.204938 
-10.762446 43.937357 -44.902897 
-11.189240 43.888566 -45.805929 
-11.051067 43.435371 -46.686567 
-10.828568 42.465192 -46.590414 
-11.228509 42.206340 -47.469643 
-11.787930 42.871292 -47.964504 
-12.482065 42.285549 -47.546076 
-13.122784 41.712178 -47.035464 
-13.486680 40.830603 -46.734788 
-13.068092 41.371240 -46.005065 
-13.918646 41.515019 -45.499214 
-13.244593 41.202526 -44.829886 
-12.304735 40.953797 -44.595789 
-12.601805 41.337741 -43.721526 
-13.393078 41.801913 -43.323492 
-12.779730 42.240260 -42.666487 
-12.124721 41.491474 -42.767891 
-11.995912 41.907598 -41.867753 
-12.344253 41.391633 -41.085168 
-12.393822 40.607500 -40.466557 
-12.434489 41.171610 -39.641860 
-11.731791 41.368931 -38.958281 
-10.770369 41.608774 -39.092974 
-9.914570 41.474539 -38.593386 
-10.477260 40.662305 -38.439580 
-11.450440 40.455191 -38.339457 
-12.358922 40.805976 -38.112277 
-12.789722 40.144130 -38.725767 
-13.415094 39.520851 -39.195272 
-12.679231 39.893193 -39.760841 
-11.800801 39.502306 -39.485943 
-10.956476 39.900278 -39.844736 
-10.869638 40.307214 -40.754055 
-11.084713 40.944242 -40.013828 
-11.044300 41.941951 -40.068077 
-10.996382 42.796623 -40.585030 
-10.298631 43.512045 -40.548789 
-9.830841 42.761699 -41.015858 
-10.359847 41.917808 -41.105298 
-9.534638 41.449238 -40.789908 
-8.800283 41.587621 -41.454417 
-7.804093 41.504939 -41.426696 
-8.132958 42.407520 -41.704536 
-7.253782 42.863366 -41.565772 
-7.206802 43.187294 -42.510686 
-7.182979 44.176633 -42.654358 
-6.814790 45.085691 -42.459293 
-6.032998 45.688143 -42.298509 
-6.028983 45.825766 -43.288986 
-6.765689 46.156032 -43.879061 
-6.274358 46.892739 -44.343666 
-6.231104 47.408989 -43.488321 
-5.608129 47.631888 -42.738509 
-4.829497 47.930097 -43.290600 
-5.341921 48.723964 -42.963190 
-4.992143 48.523866 -42.047977 
-5.897985 48.468948 -41.627936 
-5.917675 47.479562 -41.771908 
-5.667764 46.621323 -41.323612 
-4.921763 46.131261 -41.774525 
-5.245936 45.195006 -41.909949 
-4.566780 45.519416 -42.568361 
-3.960931 44.956294 -43.130357 
-3.975860 44.039640 -42.730954 
-3.889318 43.155192 -43.189498 
-3.056741 42.636025 -43.382578 
-2.635824 43.070968 -42.586554 
-2.209885 43.876102 -42.173839 
-2.970685 44.516241 -42.067041 
-2.882631 43.894763 -41.288573 
-2.169533 44.594491 -41.331838 
-1.600275 44.861459 -42.109446 
-0.979056 44.749964 -41.333781 
-0.062338 44.369773 -41.210967 
-0.065185 43.863955 -42.073603 
41.701925 -42.928257 -36.045370 
41.686792 -43.923953 -35.953942 
42.278860 -44.687666 -35.696649 
43.262147 -44.834144 -35.804770 
43.478663 -45.387881 -36.608820 
44.415439 -45.707800 -36.750604 
44.906242 -45.646371 -35.881502 
45.666628 -46.295509 -35.902333 
46.474639 -46.440915 -36.473275 
45.982978 -47.220710 -36.860817 
45.786913 -48.153474 -36.558309 
44.800033 -48.314526 -36.546888 
44.656963 -47.547789 -35.921072 
44.382073 -46.847786 -36.580186 
44.715061 -46.917809 -37.520514 
43.949873 -46.274172 -37.535280 
43.024801 -45.999813 -37.272658 
42.192533 -45.475265 -37.452042 
41.222254 -45.657227 -37.611570 
41.172013 -45.429392 -36.639168 
40.937306 -46.025216 -35.871114 
41.702302 -46.565929 -36.220985 
42.165489 -46.989103 -35.442279 
41.925406 -47.874691 -35.839890 
41.667960 -48.730998 -36.287618 
41.651360 -48.658287 -37.284833 
41.903660 -47.764536 -36.913952 
42.689287 -47.149777 -36.844227 
43.543987 -47.663575 -36.770065 
43.559512 -47.943709 -35.810230 
43.814916 -48.841993 -36.167798 
43.533923 -48.994222 -35.220239 
44.282209 -49.357199 -34.664977 
43.728332 -50.056198 -34.212627 
42.756045 -50.286094 -34.255125 
42.421614 -50.210055 -35.194473 
42.226575 -49.661819 -36.007736 
41.729000 -49.814730 -36.861572 
42.585088 -50.222988 -37.178491 
42.366792 -50.887593 -36.463896 
43.115044 -51.544177 -36.558858 
42.493418 -52.215303 -36.154913 
42.723455 -53.000809 -35.580401 
42.996613 -52.140975 -35.149042 
43.842638 -51.656721 -35.372069 
44.477761 -52.423573 -35.464569 
44.947299 -51.725878 -36.005637 
45.256158 -52.385561 -36.690783 
45.706129 -52.890604 -37.427300 
45.032103 -53.299188 -38.042726 
44.196074 -53.406249 -37.504588 
43.706278 -54.131878 -37.987870 
43.428132 -55.091911 -37.956686 
44.104868 -55.063094 -37.221025 
44.824218 -55.744869 -37.354138 
45.431130 -56.489741 -37.076968 
45.546118 -57.385213 -37.506978 
46.395227 -57.458277 -36.983838 
46.967599 -57.224970 -37.769942 
46.954554 -56.259232 -37.510753 
46.403493 -56.081436 -36.695449 
45.535471 -55.627027 -36.495327 
44.665955 -55.325774 -36.103932 
45.139765 -55.391499 -35.225762 
45.992938 -55.905064 -35.317120 
46.100570 -55.420192 -34.449183 
33.159525 -46.400257 24.007530 
32.775607 -47.231610 23.605710 
32.563438 -48.062601 24.119945 
33.119310 -48.804503 24.494894 
32.884642 -48.817538 23.522906 
32.354912 -49.607882 23.215103 
33.305874 -49.917184 23.216746 
34.090156 -49.552417 23.718589 
35.089876 -49.559894 23.696130 
36.064636 -49.671675 23.502877 
37.009323 -49.344233 23.484197 
36.420114 -48.645200 23.078999 
36.528878 -48.406676 22.113972 
37.033024 -47.561360 22.290826 
37.517326 -48.264053 21.769602 
37.998326 -47.430471 22.041228 
37.949064 -47.416231 21.042543 
37.419616 -47.492375 20.197625 
36.827672 -47.398648 19.397115 
36.745530 -48.391909 19.478871 
35.982664 -48.132144 20.070949 
35.902464 -48.984936 20.587005 
35.287509 -49.769410 20.506813 
34.758100 -48.923687 20.573728 
33.980348 -49.354533 20.116046 
34.234087 -50.265507 20.441227 
34.745295 -50.909000 19.871505 
34.149507 -50.633075 19.117248 
33.581125 -51.018720 18.390461 
32.868882 -51.512546 17.891616 
32.111398 -51.767946 18.492438 
32.577044 -51.250677 19.210495 
31.748843 -51.183379 19.766871 
31.988329 -51.585809 20.650441 
32.867008 -51.877572 20.272556 
33.738753 -51.387614 20.274022 
33.774711 -51.770480 19.350918 
34.576470 -52.131955 18.874978 
35.152454 -52.752920 18.343334 
35.166107 -53.752821 18.339972 
35.674272 -53.307077 17.603033 
36.431200 -53.861877 17.948367 
36.251742 -54.644077 17.351744 
36.794244 -54.802728 18.176681 
36.212865 -55.051672 18.951294 
36.915781 -54.379140 19.182834 
36.836730 -53.391206 19.049657 
35.924717 -52.990072 19.135239 
35.110650 -53.069345 19.710574 
34.606575 -53.931370 19.763686 
34.036180 -54.531524 20.324458 
34.969870 -54.885080 20.381215 
34.844977 -55.877079 20.399642 
34.569538 -55.478581 21.274475 
34.694035 -55.520967 22.265790 
33.733469 -55.655912 22.022679 
33.702363 -54.936604 22.716674 
33.436197 -54.598805 21.813874 
32.455971 -54.524484 21.630478 
32.688038 -53.933265 22.402880 
32.310965 -53.380516 23.146039 
31.956498 -52.678694 22.528139 
-5.554875 -21.395957 46.431930 
-6.470127 -21.645765 46.115845 
-6.664995 -22.624214 46.047554 
-7.490412 -22.070313 46.156550 
-8.033308 -22.227750 46.981460 
-8.227663 -21.356621 46.530505 
-7.674690 -20.560349 46.285208 
-8.161529 -19.731353 46.009975 
-7.489382 -19.279969 45.423058 
-7.088832 -19.074835 44.530041 
-6.931088 -18.606385 43.660747 
-7.147483 -17.642537 43.505276 
-8.044601 -17.479200 43.915764 
-8.449053 -17.800710 43.059581 
-7.839077 -18.287119 42.434013 
-8.043104 -19.263033 42.356780 
-7.465187 -19.157251 41.547569 
-8.154237 -18.531684 41.181679 
-8.817865 -18.731695 40.460850 
-8.578801 -18.940985 39.512670 
-9.277177 -19.482262 39.044385 
-8.631263 -19.007651 38.446439 
-9.075560 -19.218736 37.575783 
-9.656281 -19.186787 36.762307 
-9.588800 -18.190246 36.713810 
-9.333558 -18.053035 37.670901 
-8.464707 -17.815297 38.105156 
-8.480482 -17.961353 37.116006 
-7.860646 -17.231284 37.403761 
-7.436344 -17.390695 38.295140 
-7.170508 -18.296311 38.625581 
-6.323242 -18.335854 39.155277 
-5.885568 -18.555154 40.027257 
-6.490044 -18.827749 40.775790 
-6.493732 -19.421466 41.580455 
-6.193182 -18.537085 41.937583 
-6.400367 -17.689010 42.425273 
-6.912574 -17.362576 41.630865 
-7.570651 -17.174555 42.359963 
-8.336843 -17.406651 41.760729 
-8.050320 -16.471734 41.551360 
-8.712818 -16.595814 42.290076 
-8.875824 -16.417342 43.260425 
-9.775644 -16.713124 42.939742 
-10.302138 -16.027377 43.442290 
-10.762609 -16.612466 44.109850 
-10.970748 -17.569253 44.312918 
-11.374739 -17.997603 45.121192 
-10.610868 -18.635119 45.020823 
-10.285716 -17.811626 45.485726 
-9.640241 -17.918917 46.241935 
-8.844136 -18.356127 45.823529 
-7.908188 -18.433972 46.166955 
-8.050103 -17.469291 46.388879 
-7.431622 -16.882699 45.866012 
-7.389476 -17.789262 45.446053 
-6.484108 -18.011239 45.084067 
-5.765258 -17.509467 45.565189 
-5.531225 -16.620072 45.172499 
-5.371538 -16.732114 46.153288 
-3.300575 -13.170157 -54.798370 
-2.426069 -13.612247 -54.997858 
-2.137595 -13.498226 -55.948533 
-2.180795 -12.786086 -56.649240 
-3.008807 -13.346632 -56.635648 
-3.884618 -13.811721 -56.506625 
-3.209541 -14.547412 -56.451581 
-4.023571 -14.639438 -55.878094 
-4.852750 -14.501061 -55.336510 
-4.402356 -13.668858 -55.659904 
-3.835250 -14.139960 -54.984290 
-4.021061 -15.121785 -54.945628 
-3.408543 -15.474446 -54.238201 
-2.636884 -15.916944 -53.781322 
-3.422097 -16.205743 -53.233566 
-3.633148 -17.154793 -53.467574 
-4.447574 -17.719051 -53.332207 
-3.966500 -18.345467 -52.718879 
-3.571164 -18.698123 -53.567020 
-4.430895 -19.154128 -53.336975 
-4.875266 -19.303033 -54.220356 
-5.374646 -20.137004 -53.985593 
-6.245147 -19.708101 -54.226985 
-6.407527 -19.275542 -55.113848 
-6.484447 -18.711732 -54.291533 
-5.770532 -18.513085 -54.962997 
-5.599627 -17.531021 -54.883361 
-5.058982 -16.711346 -54.694056 
-5.827742 -16.118136 -54.455080 
-5.947407 -15.140923 -54.279765 
-5.327601 -14.360458 -54.197819 
-4.979838 -14.246002 -53.267249 
-4.272366 -13.544389 -53.352233 
-3.573295 -13.396431 -52.652655 
-2.712194 -13.076089 -53.047479 
-2.441239 -13.482646 -52.174957 
-2.943836 -14.146229 -51.620832 
-3.925924 -14.042431 -51.778086 
-4.833610 -13.683369 -51.560876 
-4.734889 -14.286275 -50.769195 
-4.264181 -15.116340 -51.068237 
-4.393960 -16.009318 -50.637251 
-4.536688 -15.473743 -49.804912 
-5.023728 -15.363147 -48.938564 
-5.795433 -15.045105 -48.387817 
-5.973253 -16.029164 -48.385073 
-5.926051 -16.388363 -49.317140 
-6.043731 -15.425914 -49.561771 
-6.508911 -14.574244 -49.803152 
-6.203382 -14.662453 -50.751241 
-7.140767 -14.956403 -50.938065 
-8.124142 -14.775362 -50.923993 
-8.145591 -15.563709 -51.538850 
-8.173212 -14.973900 -52.345920 
-7.175019 -15.033855 -52.349934 
-6.821985 -14.100708 -52.417785 
-6.815087 -13.593618 -53.279650 
-48.031575 3.595043 -83.087370 
-48.343467 2.650432 -83.189516 
-49.266264 2.868792 -82.872082 
-49.242011 3.179569 -83.822255 
-48.500752 3.590928 -84.352651 
-49.245742 3.964397 -84.905381 
-48.947947 4.028092 -85.857884 
-49.103295 3.774055 -86.812522 
-48.458793 3.136554 -87.234672 
-48.998332 2.603107 -86.583264 
-49.918654 2.964033 -86.734061 
-49.908663 3.603447 -85.965263 
-50.374555 2.781584 -85.637412 
-49.654047 2.669474 -84.953088 
-50.416220 2.520705 -84.323040 
-50.710042 1.627456 -84.663299 
-51.462673 1.862891 -84.048387 
-52.271484 1.529751 -84.532994 
-51.767188 1.560728 -85.395969 
-51.442982 2.096571 -86.175560 
-50.608832 1.673055 -85.822252 
-49.688015 1.710827 -85.434090 
-49.252982 1.584585 -86.325611 
-49.645519 0.745450 -86.702130 
-50.397909 0.335803 -86.186283 
-51.287251 0.787162 -86.259403 
-52.261728 1.011539 -86.266417 
-53.124352 1.482137 -86.451939 
-53.314316 2.387314 -86.071718 
-53.125362 2.062101 -85.145147 
-53.261808 1.073539 -85.080895 
-53.967322 1.221158 -85.774047 
-54.651971 1.204351 -86.502726 
-55.621146 1.369082 -86.685927 
-55.419411 0.438174 -86.990415 
-55.453971 -0.346406 -86.371351 
-55.399787 0.010768 -85.438887 
-55.467923 0.999666 -85.570939 
-55.688840 1.818570 -85.041229 
-21.942675 -46.252757 -50.610370 
-22.675033 -46.772118 -51.050729 
-22.870240 -45.805578 -51.217144 
-23.620962 -46.443509 -51.388785 
-24.177952 -45.923167 -50.741478 
-24.949866 -46.501350 -51.005776 
-24.621826 -45.918629 -51.749299 
-24.726169 -44.954503 -51.505220 
-24.320112 -44.297666 -50.869859 
-24.977066 -44.752983 -50.268945 
-25.928191 -44.981368 -50.061095 
-26.191529 -44.108976 -49.649287 
-26.363092 -43.817915 -50.590483 
-26.420250 -44.506598 -51.313290 
-27.000328 -43.823716 -51.757342 
-26.514539 -43.873096 -52.630022 
-26.232192 -43.319464 -53.413458 
-26.288703 -42.590638 -54.095820 
-25.790056 -41.766667 -54.364936 
-26.556175 -41.391589 -54.886835 
-27.494957 -41.154295 -54.637078 
-28.442608 -40.865402 -54.501064 
-28.753554 -41.714712 -54.927662 
-29.224391 -42.571501 -54.717365 
-29.753629 -42.200684 -55.480518 
-30.269515 -42.693513 -54.779818 
-30.655338 -43.168997 -53.989213 
-30.512492 -42.237375 -53.655035 
-31.298029 -42.213289 -53.036689 
-30.758429 -41.938168 -52.240987 
-30.337046 -42.799331 -52.525302 
-30.419475 -43.604158 -53.113060 
-30.527241 -44.384415 -53.729164 
-29.939770 -44.737636 -54.457253 
-29.338262 -45.531199 -54.365350 
-29.404511 -46.481787 -54.668654 
-29.906293 -46.544055 -55.531404 
-30.259570 -45.618133 -55.665063 
-30.881630 -45.030467 -56.182449 
-31.491729 -45.371375 -56.897685 
-32.156849 -45.033022 -57.563366 
-33.156421 -45.018594 -57.588814 
-33.280250 -45.933216 -57.973696 
-33.916230 -45.841410 -57.207471 
-33.344055 -46.592976 -56.879196 
-32.357589 -46.453199 -56.964921 
-32.341646 -47.336762 -56.496879 
-31.913502 -47.157901 -55.611045 
-31.591037 -47.632853 -54.792243 
-31.612995 -46.641484 -54.662993 
-32.265719 -45.940942 -54.374560 
-32.660255 -45.053781 -54.613909 
-33.656283 -44.971624 -54.648227 
-33.814865 -44.433794 -53.820223 
-34.358914 -44.617404 -53.001505 
-34.566576 -45.553473 -53.285497 
-33.863968 -46.209667 -53.010268 
-33.912887 -46.508304 -53.963380 
-34.302846 -46.574008 -54.881865 
-33.926232 -46.624159 -55.806877 
-34.755408 -47.111313 -56.081008 
-35.222199 -46.788443 -55.257684 
-35.672415 -45.937374 -54.987525 
-35.681620 -45.818324 -53.994679 
-35.162429 -44.977481 -54.147726 
-36.052075 -44.521631 -54.174770 
-35.736919 -43.839744 -53.514689 
-36.684169 -43.663001 -53.247335 
-37.362805 -44.386583 -53.121307 
-36.481125 -44.461602 -52.655460 
-36.326037 -43.664891 -52.071338 
-36.254793 -43.071535 -51.269557 
-35.256172 -43.121037 -51.252078 
-35.384736 -44.060708 -50.935075 
-35.105498 -44.814038 -51.530491 
-35.868029 -45.423638 -51.313849 
-36.469372 -45.883379 -50.660378 
-35.549133 -46.003641 -50.287955 
-34.887813 -46.624799 -49.867458 
-34.582184 -45.713286 -50.142657 
-33.905738 -46.423367 -49.947193 
-33.450456 -46.590378 -50.821736 
-33.670254 -47.364711 -50.228358 
-33.924989 -47.835755 -49.383830 
-34.480443 -47.943831 -48.559336 
-33.572747 -47.904469 -48.141557 
-33.264425 -48.705985 -48.653914 
-32.413034 -49.197402 -48.470495 
-32.065247 -48.327924 -48.119707 
-31.520570 -48.937803 -47.544056 
-30.636085 -48.615408 -47.881322 
-30.654809 -47.794833 -48.452554 
-30.031074 -47.158179 -47.999094 
-29.933146 -46.267600 -47.554932 
-29.063355 -46.456851 -47.099248 
-29.103788 -46.125729 -46.156527 
-29.707773 -46.922364 -46.132556 
-28.882894 -47.487095 -46.107004 
-28.756749 -48.405795 -45.732735 
-27.778700 -48.291583 -45.907019 
-26.970627 -47.992900 -45.399273 
-25.981785 -48.083187 -45.280789 
-26.388262 -48.817937 -44.737725 
-26.911274 -48.796937 -43.885658 
-26.183234 -48.115732 -43.808735 
-25.622616 -48.749521 -43.275800 
-25.291065 -49.067567 -44.164012 
