17.376566 22.738989 -17.671436 
16.491924 22.760610 -18.137206 
16.880578 22.371145 -18.972230 
17.247963 21.530404 -19.369952 
16.854055 20.701184 -18.973429 
16.037416 20.950077 -19.494153 
16.447396 20.521231 -20.299143 
15.723520 20.120484 -20.860752 
16.216169 19.568109 -21.533194 
15.541848 18.904128 -21.856336 
15.061031 19.650663 -22.316227 
15.577523 20.383242 -21.872871 
15.192370 20.943441 -21.139499 
15.343061 21.902782 -20.900840 
14.578132 21.742094 -21.524590 
13.996217 22.412791 -21.064657 
13.279184 22.460138 -21.760086 
13.195773 23.409700 -21.457803 
14.051530 23.546090 -20.958727 
14.564094 24.222519 -21.487613 
15.308289 23.580404 -21.671634 
15.951129 24.325313 -21.850151 
15.994898 25.295645 -21.612369 
15.449038 25.859105 -22.232490 
15.836416 26.640484 -21.743220 
16.151407 26.758124 -20.801444 
16.818803 27.234633 -20.229150 
15.906337 27.049686 -19.864185 
15.820098 26.239278 -19.284701 
16.569831 26.812773 -18.954544 
15.938565 26.878798 -18.181793 
15.257031 27.528226 -18.519070 
14.489404 27.229919 -19.086310 
13.714174 27.376782 -19.700679 
14.172018 26.800667 -20.377783 
14.616407 26.006217 -20.791748 
13.655335 25.846260 -21.017035 
12.873565 25.225942 -21.080611 
12.187350 25.778239 -20.607242 
12.318081 25.211237 -19.793966 
13.080538 25.858037 -19.811516 
13.634287 25.073848 -19.531500 
13.694958 24.089215 -19.367737 
14.501211 24.652116 -19.185808 
14.794030 25.412777 -19.765163 
15.315792 24.779969 -20.337281 
15.585590 24.015052 -19.752378 
15.833554 23.807783 -20.698715 
16.627627 23.214508 -20.566524 
17.461971 23.493427 -20.091051 
18.113213 24.241663 -19.964460 
17.636104 24.850823 -20.597936 
17.274662 25.724881 -20.922561 
18.237410 25.694063 -21.191201 
17.638495 26.185543 -21.823457 
16.920956 26.774931 -22.194617 
16.093477 27.144032 -22.617752 
15.402930 26.541487 -23.017859 
16.034996 26.041888 -23.610222 
16.650709 26.823420 -23.710742 
15.951329 26.896008 -24.421796 
16.580234 27.336778 -25.062265 
15.643013 27.684859 -25.040882 
15.250315 28.596694 -24.921116 
15.577910 29.541501 -24.925844 
15.337459 30.379141 -25.416295 
14.475981 30.079102 -25.825968 
14.101163 30.119006 -26.752207 
14.299190 31.050055 -27.058692 
14.630967 31.168132 -26.122753 
13.665465 31.423918 -26.073962 
12.861529 31.201523 -25.522395 
13.622656 31.590261 -25.003197 
13.262621 32.302040 -24.400084 
14.023081 32.947498 -24.471389 
14.986734 33.210613 -24.517687 
15.060445 33.656775 -25.409598 
14.850057 34.584928 -25.716633 
15.818062 34.545918 -25.468753 
16.382638 33.749665 -25.251420 
16.753677 34.013885 -26.141654 
17.437502 34.258163 -25.454113 
17.962718 33.946643 -26.246012 
17.665298 34.194385 -27.168056 
17.085521 33.420731 -26.912482 
16.465465 33.255454 -27.679434 
15.678100 33.688481 -27.240636 
14.945853 33.348108 -27.830517 
14.748504 32.780009 -27.031569 
14.190680 32.494691 -26.252194 
14.863305 32.544836 -25.513911 
15.418149 32.372984 -26.327923 
16.061005 31.735489 -26.752583 
16.224188 30.823074 -26.377255 
16.319732 29.942933 -26.842253 
16.511413 28.961886 -26.813893 
16.939353 29.245456 -25.955724 
16.670026 28.286195 -26.041052 
17.527164 28.039895 -26.493436 
17.647444 27.095915 -26.186136 
16.677969 27.018762 -26.418873 
15.986112 27.252842 -27.101910 
15.333384 26.733807 -27.653770 
14.552326 27.356165 -27.704944 
14.744778 28.289448 -28.008168 
14.958891 28.241056 -27.032559 
13.965667 28.264635 -27.146356 
13.179697 27.681564 -26.940734 
12.573070 27.049471 -26.458590 
12.380800 26.364414 -25.755931 
12.929315 25.535858 -25.643562 
13.255699 24.765018 -25.096498 
13.931059 24.133006 -25.476562 
14.413463 24.528811 -24.695137 
15.121139 25.228216 -24.795280 
14.989677 25.229080 -25.786601 
14.757542 25.273416 -26.758274 
14.109565 25.863416 -26.276583 
14.105952 25.796212 -25.278850 
14.636342 26.386316 -24.670193 
14.636154 27.284356 -24.230279 
14.504767 27.501635 -23.263053 
13.790052 28.197312 -23.190836 
-18.541834 -58.415911 8.038464 
-17.823523 -57.722624 7.980309 
-16.844707 -57.759840 7.778975 
-17.145644 -57.935303 8.716338 
-16.259731 -58.392499 8.638035 
-15.850475 -57.511237 8.401631 
-15.579763 -57.878616 9.291434 
-16.359378 -58.327417 9.728214 
-16.966082 -57.819470 10.339688 
-17.148276 -58.187288 11.251563 
-16.392271 -58.730496 11.616776 
-15.775205 -58.872679 10.842816 
-14.858808 -59.266432 10.770872 
-15.122858 -58.588160 10.085142 
-14.150782 -58.819132 10.043679 
-14.679702 -59.617162 9.754902 
-14.338883 -60.116804 8.958535 
-14.341953 -59.132747 8.780710 
-13.419248 -58.781641 8.939898 
-12.927062 -58.273712 9.646835 
-12.861038 -58.466331 10.625885 
-12.608349 -59.428952 10.528376 
-12.291228 -60.215950 9.999161 
-12.220797 -60.378745 9.015018 
-11.528809 -59.806730 9.455418 
-11.333905 -59.261119 10.270477 
-10.831126 -58.821278 9.526331 
-9.997172 -59.327481 9.306603 
-9.830452 -58.499793 8.770751 
-9.095641 -58.083401 8.235336 
-8.539298 -57.412429 7.745153 
-7.654309 -57.327444 7.287362 
-7.022745 -57.919116 7.788413 
-6.994341 -58.596782 7.053592 
-6.931840 -59.556475 6.779580 
-7.769633 -59.069613 6.532458 
-7.860950 -59.188994 7.521098 
-8.486223 -59.620112 8.171614 
-8.410252 -60.588672 7.934717 
-7.540008 -60.799236 7.489364 
-8.099667 -61.609132 7.665011 
-9.067956 -61.832668 7.553441 
-9.171594 -60.989839 7.025332 
-8.779930 -60.437176 6.289694 
-9.121913 -59.713299 5.690486 
-9.356956 -59.237277 6.537928 
-9.720765 -59.840677 7.247542 
-9.525154 -60.102722 8.192566 
-10.360047 -60.612865 7.985905 
-10.669840 -60.829331 7.060070 
-11.649998 -60.794162 7.255146 
-12.265936 -61.423311 6.781023 
-12.788249 -62.241884 6.542011 
-13.500923 -61.835837 5.969978 
-12.869844 -61.231760 5.483326 
-12.802154 -60.332536 5.051105 
-13.722733 -59.996690 5.250452 
-13.306622 -59.490662 6.005957 
-13.647990 -59.966833 6.816346 
-13.292374 -60.498028 7.585352 
-13.378791 -60.855442 8.515291 
-13.960947 -61.665920 8.580251 
-14.446576 -62.188983 7.879844 
-14.419642 -63.148339 7.598936 
-15.291707 -63.625193 7.708997 
-15.713528 -62.718572 7.698645 
-16.486664 -62.592032 7.077157 
-17.123723 -62.906815 6.373547 
-17.916472 -62.945402 5.765221 
-17.911355 -63.883997 5.420238 
-17.458730 -64.221799 4.594998 
-18.017866 -64.539349 3.829146 
-17.761278 -63.755505 3.263682 
-17.010570 -64.209759 2.784003 
-17.234137 -64.684929 1.932985 
-17.935250 -64.186709 1.422869 
-18.413055 -64.000233 0.564424 
-18.873804 -63.657835 1.383249 
-19.203141 -62.806089 0.975739 
-20.187024 -62.889824 1.133733 
-20.560669 -63.624317 0.567243 
-20.158631 -64.230581 -0.118912 
-19.770165 -64.925984 0.485662 
-19.250354 -64.736018 1.318554 
-19.906195 -64.009300 1.522888 
-20.655083 -64.636056 1.738159 
-21.357659 -64.171066 2.276836 
-22.154767 -64.556146 1.811721 
-23.037726 -64.950447 2.066498 
-22.696984 -65.067243 2.999372 
-22.225558 -65.578807 2.280999 
-21.495686 -65.582242 1.597424 
-20.713038 -66.037412 2.022019 
-20.333581 -65.829932 1.120373 
-19.965974 -66.241442 0.286392 
-19.439610 -66.541518 -0.509155 
-18.905973 -66.311453 -1.322974 
-18.791804 -66.626159 -2.265272 
-18.038282 -66.202830 -2.768260 
-17.472812 -65.811540 -2.042220 
-17.124742 -66.686514 -2.378772 
-16.212212 -66.688846 -2.787775 
-15.701458 -67.311725 -2.195195 
-15.161374 -66.498925 -2.413518 
-15.139199 -67.161756 -3.161958 
-15.591961 -66.497187 -3.756395 
-15.287264 -65.547613 -3.682450 
-15.660003 -65.851471 -4.559226 
-15.427238 -65.749603 -5.526409 
-16.153392 -66.277387 -5.967028 
-16.687754 -65.867779 -5.227651 
-17.237770 -65.944680 -4.396045 
-17.524861 -66.468801 -3.594249 
-16.833465 -67.176115 -3.447014 
8.955066 -5.883271 -2.352936 
8.714510 -5.651342 -1.410417 
7.877521 -5.152889 -1.184599 
7.919930 -4.390068 -1.829817 
7.875689 -4.714744 -2.774607 
7.393731 -4.218613 -3.496805 
7.628268 -3.251653 -3.396896 
6.982021 -3.045496 -2.662141 
6.381465 -2.812050 -1.897396 
6.240920 -2.331686 -1.031661 
5.683090 -2.496707 -0.218278 
6.467032 -2.039164 0.201351 
5.842394 -1.386064 -0.226771 
6.304335 -0.614809 -0.664693 
6.255661 0.283671 -1.101001 
5.783578 -0.086750 -1.900955 
5.231696 0.534461 -1.344607 
4.308713 0.358531 -1.686882 
4.400921 -0.474087 -2.233000 
3.423308 -0.669277 -2.311575 
3.638507 -1.023172 -3.221766 
3.274349 -0.327498 -3.840981 
3.126635 0.241638 -4.649847 
2.516325 1.026079 -4.760187 
2.988918 1.774796 -5.225029 
2.408569 2.561594 -5.435134 
2.184207 3.466479 -5.073407 
2.966374 3.540219 -5.692097 
3.945903 3.646102 -5.520887 
4.191599 4.458033 -6.050416 
4.283755 3.761604 -6.762099 
4.993747 3.070982 -6.624428 
5.256671 3.297429 -5.686562 
5.525803 3.133677 -4.737482 
6.303526 3.561116 -5.198397 
7.147969 4.055621 -4.992530 
8.120319 4.197893 -4.807344 
8.130881 4.884127 -5.534647 
9.036472 4.849282 -5.957366 
9.463299 5.531529 -5.363769 
9.149060 4.687748 -4.928698 
9.322066 3.726931 -4.712133 
10.005865 4.242056 -5.228917 
10.471968 4.946280 -4.693363 
10.818023 4.066847 -4.366493 
10.453551 4.159857 -3.439935 
10.313762 3.852839 -2.498554 
9.374193 4.087294 -2.748034 
8.591850 3.829393 -3.314980 
7.715953 3.899717 -2.837634 
8.359494 3.216132 -2.493298 
8.916826 2.738564 -1.814100 
9.856042 2.581019 -2.119147 
10.840005 2.582623 -2.297513 
10.711000 2.100512 -3.164073 
10.515381 2.852056 -3.794084 
9.660963 2.358985 -3.957950 
9.850575 1.389216 -4.111555 
9.711112 1.960314 -4.920503 
9.568668 2.694000 -5.584893 
10.105717 1.972270 -6.021567 
10.645957 2.806542 -6.131704 
10.908713 2.138572 -5.435446 
11.467558 1.361894 -5.726071 
10.742066 0.985970 -6.302562 
9.792279 1.164500 -6.559529 
9.871209 0.207443 -6.280579 
9.306787 0.251493 -7.104889 
9.366225 1.072827 -7.672232 
9.812898 0.725339 -8.496693 
9.249195 1.154402 -9.202485 
8.380162 1.640590 -9.294153 
7.849443 0.875921 -8.928615 
7.963816 0.118311 -9.571224 
7.909797 0.636210 -10.424958 
7.680617 1.603335 -10.314753 
7.200605 2.130627 -11.015860 
7.371350 3.092848 -10.803785 
7.130989 3.613120 -11.623263 
6.538094 3.423060 -12.405793 
6.788648 2.484151 -12.641746 
6.369250 1.614726 -12.380587 
6.189076 1.012779 -13.158531 
5.241345 1.018527 -12.839510 
4.566819 1.131092 -12.109891 
3.840533 0.957149 -12.774911 
3.044102 0.355418 -12.714765 
2.951961 -0.497973 -12.201703 
2.930918 0.033133 -11.354659 
3.154085 0.977849 -11.594886 
3.163650 1.594569 -12.382010 
3.270267 2.293610 -13.089099 
3.652783 2.980345 -13.707223 
4.446005 2.839655 -14.299679 
4.248657 2.146948 -14.993372 
3.504401 2.700620 -15.366910 
3.028941 2.963297 -14.527304 
2.560632 3.797402 -14.235832 
1.906328 4.521480 -14.454001 
2.287893 5.155379 -15.126741 
3.089110 4.895601 -14.587698 
-31.119334 11.182689 -8.260236 
-31.713344 11.060592 -7.465098 
-32.182312 10.346852 -7.985334 
-32.011443 9.421413 -7.647154 
-31.541764 9.181150 -8.496669 
-30.801090 8.623934 -8.872053 
-30.012515 9.169881 -9.155057 
-29.722698 9.149387 -10.111919 
-29.076147 8.789367 -9.439344 
-28.796473 8.834303 -10.398387 
-28.861173 9.826785 -10.294495 
-29.357961 10.613860 -9.928825 
-28.401978 10.904924 -9.891704 
-27.488820 10.676982 -10.229616 
-26.545836 10.347309 -10.275409 
-26.141013 10.877361 -9.530316 
-25.961780 11.475118 -10.311700 
-26.343566 12.164878 -10.926900 
-25.621534 12.507376 -10.325764 
-24.950434 13.246089 -10.388449 
-24.855672 12.952569 -11.339693 
-25.438453 12.947146 -12.152304 
-26.378784 13.116105 -11.856956 
-25.892754 13.833265 -11.357500 
-25.716099 14.389880 -12.169272 
-25.640295 14.062720 -13.111196 
-26.078208 14.069060 -14.010191 
-26.815668 14.653063 -13.670937 
-27.324094 14.049031 -14.284654 
-27.462639 14.920179 -14.755723 
-27.798069 15.695744 -15.290500 
-27.311783 16.378278 -14.744906 
-26.587799 16.222213 -15.416837 
-26.191779 16.718663 -16.189304 
-26.732571 16.149674 -16.808816 
-27.095774 15.270249 -16.501090 
-26.686835 14.461252 -16.078842 
-26.256628 14.342652 -15.183937 
-26.045979 15.206141 -15.642210 
-25.222390 14.731102 -15.332309 
-25.000761 14.252214 -16.181748 
-24.160986 14.186757 -15.642774 
-23.191349 13.942331 -15.635038 
-22.267968 14.123010 -15.973744 
-21.884041 13.429095 -15.364579 
-21.797440 12.591753 -15.904355 
-21.689794 11.605668 -16.031043 
-22.555568 11.623321 -15.530918 
-22.462815 12.017882 -14.616742 
-21.985815 11.766753 -13.774480 
-21.613013 11.774796 -12.846604 
-22.285726 11.268622 -12.306933 
-23.123454 11.088415 -12.822430 
-23.052961 10.185838 -12.397713 
-23.004298 10.441582 -11.432194 
-22.932500 10.230182 -10.457435 
-23.484771 10.277124 -9.625093 
-23.868377 9.652447 -8.944927 
-24.505430 9.125981 -9.507951 
-25.024397 9.252343 -10.353354 
-24.805654 10.183325 -10.061080 
-25.435442 10.228166 -10.836551 
-25.021953 10.100526 -11.738069 
-25.625682 10.681012 -12.284464 
-26.549805 10.473156 -11.963850 
-26.614023 9.559701 -12.365690 
-26.839626 10.161534 -13.131785 
-27.692981 10.670386 -13.245163 
-28.405350 10.076241 -12.871639 
-28.596769 9.143802 -12.565181 
-27.624101 8.983043 -12.732728 
-27.514726 8.077421 -12.322990 
-27.778809 7.541289 -13.124752 
-27.309951 7.877665 -13.941467 
-26.918083 8.651202 -13.443392 
-26.119841 8.069496 -13.287095 
-25.775433 8.263659 -12.368573 
-26.409801 7.605544 -11.963034 
-27.014588 8.002061 -11.272377 
-27.632626 8.639104 -10.811719 
-27.682005 9.457206 -10.238770 
-27.597701 8.650307 -9.654128 
-27.008589 8.316953 -8.918042 
-27.166849 7.363306 -8.662090 
-26.848098 6.517150 -9.089195 
-26.071461 6.823972 -8.539018 
-25.625702 6.609915 -7.669835 
-26.225328 6.792564 -6.890677 
-25.374851 7.317343 -6.854659 
-25.243433 8.141022 -6.303041 
-25.653475 8.244431 -7.209227 
-26.392249 7.757005 -7.674661 
-25.590434 7.794952 -8.271028 
-24.751449 8.337768 -8.309176 
-23.754602 8.331096 -8.388239 
-23.094461 7.939893 -9.029468 
-22.763937 8.878700 -9.126399 
-23.027025 8.452754 -9.992052 
-38.606534 52.135989 -27.071436 
-38.704554 53.096337 -27.332441 
-38.011182 53.157012 -26.614420 
-37.268476 53.288255 -25.957791 
-37.138515 53.785960 -26.815345 
-37.655326 54.428042 -27.381594 
-36.949693 54.817964 -26.789950 
-36.312287 54.480742 -26.097134 
-35.455539 53.992995 -26.264720 
-35.636757 54.645047 -27.000918 
-36.093658 55.284189 -27.619578 
-36.533225 54.880039 -28.421727 
-36.122753 54.222967 -27.789454 
-36.110051 53.539645 -28.519461 
-37.000199 53.120629 -28.698521 
-37.300560 54.028825 -28.407038 
-38.291908 53.919857 -28.333852 
-38.281187 53.771048 -29.322660 
-37.467950 54.352026 -29.355972 
-37.985120 54.890317 -28.690556 
-38.811387 55.410691 -28.906179 
-38.806535 55.342696 -29.903852 
-38.756658 56.320078 -29.698335 
-39.039312 56.900113 -30.462315 
-39.880358 56.464330 -30.782838 
-40.771852 56.127672 -31.085988 
-40.548624 55.326478 -30.530779 
-40.113398 55.983595 -29.915332 
-40.836938 56.658065 -30.062231 
-40.832479 57.002332 -29.123369 
-40.441290 57.657473 -29.769714 
-41.270761 58.212611 -29.708076 
-41.131511 59.065706 -29.205246 
-40.628294 58.929037 -30.058531 
-40.073366 59.189432 -29.268437 
-39.415092 58.437807 -29.226780 
-39.299963 57.838804 -30.019207 
-39.082819 58.749780 -30.369878 
-38.299625 59.365540 -30.283580 
-37.790614 60.067977 -30.781063 
-36.976780 60.151641 -31.356106 
-36.744863 60.231315 -32.325573 
-36.388779 61.141011 -32.539250 
-35.428523 61.288768 -32.776051 
-34.474776 61.251763 -32.477727 
-34.018168 60.370202 -32.597563 
-33.751270 59.774361 -31.840108 
-34.027851 60.070987 -30.926042 
-34.401992 59.190566 -31.217381 
-35.067662 59.822224 -31.614737 
-34.912757 59.311247 -32.460259 
-35.881447 59.109279 -32.315870 
-35.739176 59.207620 -33.300800 
-36.701228 59.265927 -33.034237 
-36.639468 58.295686 -33.268373 
-36.011301 57.709406 -32.756825 
-35.951175 56.992049 -32.062719 
-36.118563 56.741377 -31.109228 
-35.207994 57.139640 -30.998553 
-34.524493 56.585642 -30.523250 
-35.029523 55.724799 -30.585652 
-35.322567 54.828987 -30.919785 
-35.437962 54.069774 -30.279254 
-35.752563 54.956277 -29.939933 
-35.083309 55.383284 -29.331850 
-35.220863 56.335178 -29.058032 
-34.701842 57.036055 -28.568758 
-34.358874 57.415193 -27.709324 
-34.774995 57.445508 -26.800520 
-34.902417 56.644839 -26.215121 
-35.704502 56.615402 -25.618636 
-36.278096 56.185952 -24.921096 
-37.255432 56.274131 -24.728645 
-37.651309 56.803666 -23.978396 
-38.370163 56.195033 -23.642518 
-38.155464 55.917337 -22.706147 
-38.581677 56.778681 -22.429689 
-39.408546 56.234553 -22.287520 
-40.061973 55.732574 -22.854133 
-39.457952 55.043341 -22.453987 
-38.713615 54.880847 -21.806254 
-38.483262 54.029402 -22.277400 
-37.854921 53.588717 -21.636321 
-37.956230 53.172715 -20.732618 
-37.874549 54.167443 -20.670625 
-36.923986 54.110024 -20.975802 
-36.157291 53.910871 -20.365460 
-35.936947 54.507602 -19.593864 
-34.947948 54.511345 -19.445990 
-34.698199 54.175786 -20.354299 
-34.955983 55.120359 -20.557594 
-34.227284 55.779817 -20.372900 
-35.040755 56.339622 -20.215157 
-34.667958 56.306765 -21.142488 
-34.659806 57.276011 -20.896531 
8.072866 69.791889 -11.356336 
7.370851 70.048300 -10.691935 
6.571560 69.457558 -10.802201 
6.905770 69.663143 -11.722005 
6.531561 69.107052 -12.464117 
5.592467 69.301333 -12.180642 
5.587042 68.301553 -12.160394 
5.424683 68.549315 -11.205275 
4.864287 67.886727 -10.708350 
3.902695 68.042901 -10.482630 
4.219531 68.605567 -9.719071 
5.208377 68.672294 -9.852233 
5.932780 68.906940 -9.204019 
5.118741 69.486708 -9.169244 
5.243991 69.725400 -10.132229 
5.157057 70.719915 -10.074068 
4.310335 70.451529 -10.533450 
3.442380 70.729570 -10.121932 
3.131194 71.222226 -9.309248 
2.393784 71.564623 -8.727020 
2.003455 70.655942 -8.875149 
2.609687 69.916439 -9.167754 
3.006903 69.089353 -8.770076 
3.941404 68.933407 -8.450094 
4.055702 69.040664 -7.462454 
5.050531 68.979114 -7.543241 
5.490805 68.441972 -8.262712 
5.644835 67.767946 -8.985182 
5.987169 67.210125 -9.741253 
5.437088 66.529569 -9.257254 
5.621386 66.123017 -8.362408 
6.526070 66.544485 -8.424945 
7.370950 66.979977 -8.114261 
8.106227 66.923466 -7.438854 
7.915881 67.870346 -7.179649 
7.194702 68.456666 -7.548606 
6.263481 68.170301 -7.323168 
6.559672 69.010514 -6.868952 
5.885751 69.610250 -7.300400 
5.482394 69.706469 -6.390430 
4.561240 69.386519 -6.612027 
4.465144 69.833978 -5.722901 
3.796890 69.495165 -5.060600 
3.824735 69.959853 -4.175564 
3.235756 70.745487 -4.364992 
3.718110 70.847045 -3.494923 
3.914563 70.232696 -2.730736 
4.748908 69.732709 -2.962857 
4.682440 68.736456 -3.018187 
4.476009 68.926922 -2.058443 
4.259356 69.697633 -1.459221 
3.864166 68.826678 -1.167224 
2.935310 69.109352 -1.406642 
2.100869 69.305709 -1.921570 
2.158934 70.297941 -1.811554 
1.354801 70.839921 -1.567363 
1.259991 71.462846 -0.790848 
0.465546 70.858592 -0.851961 
1.008031 70.109302 -0.472125 
1.769873 69.580483 -0.846221 
1.881446 68.587448 -0.884068 
0.934096 68.517350 -0.571633 
1.080419 68.790454 0.379158 
1.159755 68.512073 1.336346 
2.150276 68.381599 1.293382 
3.021867 68.155443 1.728333 
2.705251 67.521340 2.433788 
3.683441 67.321799 2.491471 
4.370933 67.231984 1.770855 
4.548629 68.023186 2.356024 
5.351022 68.446478 1.935322 
6.006319 69.183207 2.102102 
6.052500 68.671157 2.959815 
5.773390 69.491512 3.458931 
5.951079 70.256332 2.839676 
6.181186 70.552192 1.912574 
6.523488 71.300587 2.480670 
5.866909 71.851361 1.965352 
6.116611 72.313775 1.114575 
6.548825 73.196745 1.297754 
7.300796 73.192799 0.638570 
7.379829 73.477175 -0.316879 
7.623140 72.818588 -1.028962 
7.304085 71.897420 -1.251795 
7.739972 71.069154 -1.603899 
8.680354 71.083107 -1.943735 
9.322067 70.340758 -2.136406 
8.634419 69.648774 -1.916636 
8.811971 68.727240 -2.261964 
8.296544 69.237936 -2.950096 
7.555365 68.570172 -3.018982 
6.685106 68.633525 -3.507486 
7.325718 67.912697 -3.772105 
7.257264 66.958687 -3.480252 
-9.730534 27.525689 -59.389736 
-9.424964 28.477749 -59.375290 
-9.080675 28.878923 -60.224128 
-8.396881 28.314969 -59.761114 
-8.042709 28.957409 -59.081532 
-8.423217 29.655559 -59.687998 
-8.393255 30.209764 -58.856157 
-7.416109 30.031672 -58.972207 
-7.472990 31.008113 -59.180361 
-8.452081 31.185309 -59.080445 
-8.644227 32.144545 -59.287681 
-8.671984 31.602085 -60.127304 
-9.402298 32.277716 -60.026492 
-9.263137 32.250250 -61.016381 
-8.761665 32.115920 -61.871063 
-8.332114 32.940597 -61.503102 
-8.847098 33.549405 -62.106546 
-9.840948 33.631082 -62.031780 
-10.347691 33.022390 -61.421282 
-9.930742 32.362131 -62.045951 
-10.824075 32.563110 -62.447899 
-10.999601 33.494865 -62.765740 
-11.813060 33.262453 -62.232572 
-12.088223 32.775825 -63.061715 
-12.459966 33.105833 -63.929415 
-11.913735 32.702709 -64.663665 
-12.446098 32.073537 -64.097332 
-12.258577 31.123182 -63.849017 
-11.947599 30.307273 -64.336445 
-11.307088 30.629484 -63.639361 
-10.468607 30.085925 -63.600717 
-11.209088 29.570576 -63.169319 
-11.650261 29.307705 -62.311260 
-10.796725 29.397494 -61.798021 
-11.062834 28.484701 -61.488190 
-11.910418 28.067595 -61.160128 
-11.808197 27.152718 -61.550705 
-11.782786 26.237434 -61.952712 
-11.236769 25.573230 -62.463298 
-10.473159 25.015661 -62.137697 
-10.493547 24.857119 -61.150556 
-11.292617 25.165875 -60.634651 
-11.509737 24.734775 -59.758859 
-11.470040 25.709311 -59.538166 
-10.828381 25.614865 -58.777013 
-11.427579 24.848541 -58.545261 
-11.420734 24.076761 -57.909409 
-11.487223 24.966099 -57.457018 
-10.978667 25.322226 -56.673090 
-11.628181 24.793007 -56.127142 
-11.830651 23.815373 -56.184041 
-11.780897 23.278033 -55.342145 
-10.790330 23.342448 -55.221200 
-9.921828 23.516841 -54.757205 
-10.385306 23.059371 -53.998319 
-10.535539 24.018828 -53.759840 
-9.963266 24.270350 -52.979301 
-9.376927 25.028682 -52.694451 
-8.456857 25.407574 -52.794016 
-8.471927 24.824915 -53.606593 
-9.160312 25.458811 -53.959156 
-9.613346 26.208183 -54.442066 
-10.230228 26.274939 -55.226285 
-10.010383 26.467610 -56.182604 
-9.839090 27.449730 -56.104500 
-9.737674 28.407314 -56.374218 
-9.139291 28.835785 -55.697202 
-9.155571 29.486549 -56.456307 
-10.006125 29.327272 -55.955120 
-10.740015 29.045986 -55.336830 
-10.575266 29.329706 -54.392181 
-10.708300 29.801480 -53.520556 
-10.484330 30.771391 -53.425107 
-11.472603 30.731120 -53.277813 
-11.805731 31.392709 -52.606006 
-11.736559 31.821044 -51.705037 
-11.013997 32.018415 -52.367570 
-10.483087 31.856023 -51.535847 
-9.495857 32.015178 -51.542652 
-9.598218 32.419687 -50.633864 
-8.937261 33.065272 -51.016429 
-9.837110 33.343159 -51.352659 
-9.834077 33.557344 -52.329448 
-10.782445 33.811439 -52.519276 
-11.085010 34.477515 -51.837516 
-11.266682 35.440263 -51.637235 
-11.439079 35.259373 -52.605510 
-10.660386 34.887484 -53.110818 
-10.663064 34.399457 -53.983643 
-10.323912 33.462672 -53.897560 
-9.689279 34.129300 -54.288519 
-65.012134 -43.812211 -31.691956 
-64.704814 -43.166183 -32.390671 
-63.766293 -43.340308 -32.688763 
-63.093984 -42.665855 -32.993910 
-62.864969 -43.119841 -32.132836 
-62.335461 -42.276486 -32.041326 
-61.775529 -41.495250 -32.317274 
-61.966640 -40.895337 -33.094179 
-61.835647 -41.365801 -33.966821 
-61.394255 -40.892199 -34.728973 
-60.890171 -40.888093 -35.592617 
-60.276484 -41.144077 -36.339518 
-59.413423 -40.820511 -36.727374 
-58.967237 -40.094242 -36.204448 
-59.257652 -40.766693 -35.523662 
-59.344882 -40.995834 -34.554185 
-58.466081 -41.449789 -34.407104 
-57.940758 -41.461748 -33.556285 
-58.266548 -41.084610 -32.689320 
-57.295620 -40.850831 -32.637890 
-57.098073 -41.151335 -31.704791 
-56.928355 -40.168773 -31.628842 
-56.634353 -40.543948 -30.749748 
-55.766732 -40.791108 -31.181194 
-54.986935 -40.524684 -30.614682 
-54.032510 -40.241583 -30.709161 
-53.427282 -40.940822 -31.089640 
-53.785743 -41.765278 -30.651715 
-54.432274 -41.350206 -30.011628 
-55.228490 -41.345343 -29.406635 
-55.980414 -40.751411 -29.692737 
-56.614030 -41.523152 -29.747015 
-57.158129 -41.187475 -28.978069 
-58.024045 -41.465033 -28.561955 
-58.304480 -41.523100 -29.520070 
-59.142291 -41.429028 -30.057865 
-58.827305 -40.544636 -29.713431 
-59.525190 -40.996905 -29.158085 
-60.276578 -41.504802 -29.579340 
-61.104510 -41.953486 -29.242870 
-61.369106 -42.617528 -28.543558 
-61.919518 -41.812873 -28.320904 
-62.566990 -42.397980 -28.809197 
-62.059111 -42.942676 -29.476552 
-62.874692 -43.072669 -30.040403 
-62.918797 -43.552173 -30.916834 
-62.850236 -44.478226 -31.287948 
-61.968645 -44.922058 -31.448606 
-62.585640 -44.874232 -32.234119 
-62.116901 -44.352690 -32.947054 
-62.384291 -44.865274 -33.762995 
-63.369265 -44.937817 -33.606263 
-63.755063 -45.838794 -33.407772 
-63.193359 -46.422699 -33.993899 
-63.022946 -45.778257 -34.739321 
-63.097014 -45.384451 -35.655525 
-63.998034 -45.585688 -36.039799 
-63.813397 -46.381643 -36.616311 
-64.091964 -47.288450 -36.299924 
-64.033163 -47.547815 -35.335936 
-64.279038 -48.060142 -34.513095 
-63.892157 -48.159623 -33.596347 
-63.303512 -48.856846 -34.005465 
-62.360720 -48.859368 -33.672094 
-62.118322 -48.246775 -34.424405 
-61.395093 -47.695903 -34.840915 
-61.150989 -48.197094 -34.010722 
-60.642861 -49.030637 -33.793899 
-60.141479 -48.186786 -33.985034 
-59.603004 -47.444542 -33.586139 
-58.626135 -47.385325 -33.791617 
-58.875766 -48.090590 -33.128077 
-58.820054 -49.088737 -33.103607 
-59.016243 -50.068147 -33.056019 
-58.201798 -50.588764 -32.799819 
-58.348541 -50.311816 -31.850205 
-59.246156 -50.730536 -31.987900 
-58.973027 -51.602543 -31.581691 
-58.121020 -51.872822 -32.030057 
-57.397972 -52.562099 -31.984244 
-56.766185 -53.102860 -31.428886 
-30.935134 -9.924271 -43.090936 
-31.292531 -9.278564 -43.765718 
-32.149735 -8.767891 -43.832168 
-32.286741 -7.786744 -43.968475 
-32.266977 -7.801099 -42.968773 
-31.684266 -8.598061 -42.809717 
-32.064207 -8.168966 -41.990252 
-31.332912 -7.488774 -41.939795 
-30.333065 -7.471552 -41.936628 
-29.534625 -7.424660 -41.336383 
-29.558922 -6.749041 -40.599533 
-29.159541 -6.278867 -39.812493 
-28.929037 -5.428699 -39.339119 
-28.859591 -4.488138 -39.006670 
-29.364831 -3.848037 -39.585464 
-29.568231 -4.746962 -39.973488 
-29.900975 -5.339118 -40.707403 
-30.425814 -5.271150 -39.858919 
-31.311159 -4.807109 -39.887723 
-32.307976 -4.727705 -39.880499 
-32.258586 -5.455676 -39.196673 
-31.566518 -6.134673 -38.951717 
-32.062971 -6.667165 -39.637272 
-32.398419 -6.840653 -38.711326 
-32.144248 -7.107963 -37.781841 
-32.381022 -8.026931 -38.097173 
-31.543451 -8.188292 -37.575217 
-31.081711 -8.448978 -38.423061 
-31.304196 -9.356259 -38.779911 
-32.219101 -9.759823 -38.789115 
-32.034800 -10.531510 -38.180401 
-32.719086 -11.138977 -37.776994 
-31.998059 -11.115263 -37.084492 
-32.357363 -11.762266 -36.411968 
-33.333608 -11.634572 -36.236929 
-33.050428 -12.587250 -36.347444 
-33.788892 -13.261378 -36.332559 
-34.724239 -13.213472 -35.982087 
-34.964366 -12.642560 -36.767198 
-35.060058 -11.973976 -36.029744 
-35.504314 -11.468735 -36.769588 
-35.023141 -10.638272 -36.488866 
-35.860141 -10.247701 -36.105609 
-35.931815 -10.168297 -37.099872 
-36.667466 -9.505457 -36.960363 
-35.841852 -9.022976 -36.667834 
-35.618653 -8.323392 -35.989038 
-35.233797 -8.027950 -35.114624 
-35.647254 -8.806331 -34.642208 
-34.918934 -9.485136 -34.735873 
-34.552833 -10.077914 -35.453218 
-35.498594 -10.209442 -35.156172 
-35.953987 -10.197924 -34.265956 
-36.908173 -10.446578 -34.432390 
-37.698006 -10.748495 -33.898528 
-38.088103 -11.636695 -34.141275 
-38.388904 -12.387745 -34.729018 
-39.211044 -12.629291 -35.244519 
-38.644442 -12.688687 -36.066367 
-39.249088 -11.892623 -36.040174 
-38.947084 -11.256001 -35.330594 
-38.502764 -10.707524 -36.038939 
-37.732826 -10.187073 -35.669718 
-38.170758 -9.411893 -35.214402 
-38.588519 -8.905948 -34.459753 
-37.609989 -8.754549 -34.319906 
-37.332649 -8.362343 -35.196979 
-37.100026 -7.923233 -36.064774 
-37.218928 -7.307064 -36.843362 
-36.225862 -7.381889 -36.934027 
-36.559292 -6.881734 -37.733194 
-35.596391 -6.905391 -38.002009 
-35.108953 -6.382100 -38.700988 
-34.140258 -6.258418 -38.916240 
-33.988303 -6.160408 -39.899755 
-34.648282 -5.590922 -40.389768 
-35.625694 -5.410950 -40.500572 
-36.235912 -4.971466 -39.841415 
4.780386 -52.577511 49.318164 
5.651532 -52.132017 49.111669 
5.821079 -53.107955 49.248781 
5.703672 -54.020440 49.640683 
4.971221 -54.591955 50.010662 
4.396140 -53.813422 50.261997 
4.043799 -54.207597 51.110809 
3.456111 -53.456518 51.411646 
2.725137 -52.917865 51.830610 
2.068652 -52.374764 51.307096 
2.605792 -52.739130 50.546361 
3.411395 -53.272618 50.288689 
3.649979 -53.781055 49.461302 
3.573667 -54.693845 49.862539 
4.243529 -54.836276 49.133843 
4.344731 -55.734009 48.705085 
3.433432 -56.106817 48.879865 
2.612744 -55.536134 48.908013 
1.901349 -55.414190 49.600145 
1.955921 -54.785476 48.824426 
2.367189 -54.927542 47.924050 
2.510020 -54.821862 46.939961 
3.107251 -54.240560 47.492594 
3.461871 -54.605961 46.631939 
3.285290 -54.741902 45.657085 
2.797145 -54.815192 44.787405 
1.842814 -54.707327 45.066004 
1.051700 -54.243585 44.667154 
0.714471 -54.901432 43.993719 
1.630779 -55.288296 43.890197 
2.251136 -54.517712 43.744056 
1.908009 -53.811873 43.124334 
2.527941 -53.307357 43.725289 
2.814242 -52.597894 44.369257 
2.132177 -52.887914 45.040581 
1.452272 -52.156962 44.981954 
1.102201 -53.078125 44.811929 
0.397114 -53.278772 44.131787 
-0.150719 -52.986239 43.348012 
0.533832 -52.379913 42.943341 
1.272937 -51.844022 43.351442 
1.523374 -51.354513 42.516181 
1.262190 -51.636603 41.593029 
0.287340 -51.825060 41.711986 
-0.173486 -51.270848 42.405159 
-0.849516 -51.559757 43.083034 
-0.070160 -51.829054 43.648792 
0.133783 -51.716027 44.621228 
0.443482 -51.724836 45.572022 
0.001332 -51.564037 46.454432 
0.161273 -52.506054 46.749427 
0.267440 -52.231469 47.705111 
0.478666 -52.429636 48.662249 
1.039414 -52.896249 49.346232 
1.057758 -53.468884 50.165838 
0.765370 -53.541789 51.119355 
1.719434 -53.816843 51.238133 
1.819482 -54.786679 51.015853 
2.818617 -54.771461 50.977166 
2.908374 -54.870195 51.968223 
2.005420 -54.581299 52.286364 
1.172836 -55.121806 52.407432 
0.456882 -54.465943 52.646710 
0.329067 -53.614776 53.155804 
-0.000196 -52.753056 52.769765 
-0.254509 -51.951616 53.311076 
-0.128391 -52.520919 54.123472 
0.714778 -52.616028 53.594301 
1.498780 -52.415695 54.181844 
1.325079 -52.470112 55.165138 
1.627625 -53.386872 54.904337 
1.565548 -53.511753 53.914109 
2.195017 -53.971579 53.287746 
2.480432 -53.969270 54.246148 
3.304708 -53.528791 54.601883 
2.592199 -52.963236 54.186578 
2.648270 -53.020424 53.189790 
2.255338 -52.104139 53.267423 
1.670798 -52.532302 52.578228 
0.775256 -52.088572 52.611524 
1.109171 -51.250745 53.043434 
1.259526 -51.225472 54.031744 
-17.831834 -21.302151 19.323564 
-17.727255 -22.292028 19.227616 
-18.666885 -22.159332 19.543034 
-18.828764 -23.103184 19.255046 
-19.545886 -22.527130 18.862749 
-20.224623 -23.183650 18.533663 
-20.312980 -23.452139 19.492885 
-19.814030 -24.300536 19.316046 
-19.182896 -25.067614 19.431202 
-19.955352 -25.696416 19.520194 
-19.687686 -26.287871 18.759579 
-19.965033 -26.491199 17.820570 
-19.542682 -27.304680 17.420737 
-18.722412 -26.985817 16.945886 
-18.165875 -27.789366 17.157014 
-18.878951 -28.093861 16.525505 
-19.679619 -27.843737 15.981107 
-19.924124 -28.795551 16.166219 
-20.151705 -29.736935 16.415225 
-21.025306 -29.253438 16.470462 
-20.869172 -28.541329 17.154950 
-20.233508 -28.049417 17.749889 
-20.512245 -27.971038 18.707053 
-20.334662 -27.966316 19.691148 
-20.175496 -28.941728 19.538706 
-20.740771 -29.574967 20.067357 
-21.379908 -29.836396 20.790654 
-21.881882 -30.523787 20.265758 
-21.715962 -30.138997 19.357789 
-21.338312 -29.677681 18.554939 
-21.404516 -30.573888 18.116270 
-20.433835 -30.509076 17.884800 
-20.718252 -31.342856 18.357999 
-19.981211 -31.631354 18.969178 
-20.893795 -31.881844 19.292358 
-21.402120 -31.957054 20.150232 
-20.979108 -31.870565 21.052219 
-21.247075 -32.826853 21.169300 
-20.286842 -32.782492 20.893644 
-19.371517 -32.729503 20.494430 
-19.324477 -33.723001 20.598108 
-18.327147 -33.789914 20.568831 
-18.107996 -33.084828 21.243239 
-18.054108 -32.239628 20.711513 
-18.288788 -31.630813 19.953708 
-17.631749 -31.070023 20.457507 
-18.402124 -30.434857 20.401948 
-18.351935 -30.785706 21.337034 
-17.509851 -31.051699 21.806228 
-18.343173 -31.567243 22.005699 
-19.312112 -31.572085 21.758447 
-18.935407 -31.757502 20.850860 
-19.903513 -31.529375 20.747283 
-19.461374 -30.650124 20.924569 
-20.287887 -30.116081 21.102545 
-20.757105 -29.395648 21.613240 
-20.974958 -28.513397 22.030582 
-20.271565 -28.946724 22.594024 
-21.131088 -29.440937 22.724303 
-21.370484 -29.739992 23.648021 
-21.764968 -29.987049 24.533089 
-22.191625 -30.583740 23.853439 
-22.820627 -31.172127 23.345348 
-22.630979 -31.868142 24.037877 
-23.190858 -32.554226 24.502447 
-23.372566 -33.199844 25.244174 
-23.424230 -32.328055 25.731324 
-24.327359 -32.710595 25.926314 
-24.640137 -33.657905 25.857220 
-24.781456 -34.629691 25.668381 
-24.760365 -35.378969 25.006460 
-23.965244 -35.046901 24.499001 
-24.726318 -34.985160 23.853282 
-25.055659 -35.733719 23.277787 
-25.645687 -36.050669 24.020357 
-25.263345 -36.974680 24.016052 
-25.580641 -37.732415 23.445823 
30.977366 32.146889 40.844264 
30.704650 33.075905 40.594153 
30.180541 33.360379 41.396888 
29.692515 33.593502 42.238009 
30.183358 34.445700 42.056817 
31.060105 34.076222 42.364713 
31.568726 33.222376 42.254024 
31.103756 32.337093 42.262829 
30.195310 32.272686 41.849819 
29.715201 31.419301 42.052872 
29.211619 31.423419 42.916810 
28.665032 31.706229 43.705011 
27.755913 31.294013 43.645172 
27.143288 30.655518 44.111021 
27.935859 30.493165 44.698790 
27.790506 29.517337 44.861987 
27.413013 29.713091 45.767073 
27.045861 30.538712 46.195499 
26.960470 29.793856 46.857237 
27.476063 30.185166 47.619498 
27.904877 30.617361 46.826197 
28.190096 31.428370 46.315399 
29.105941 31.654254 46.647368 
29.117189 32.394758 45.975409 
30.082090 32.651286 46.031616 
30.023838 32.339303 46.979916 
29.808533 31.699010 47.717255 
29.768071 31.128608 48.537623 
28.832004 30.874868 48.781333 
28.285952 31.701795 48.647101 
27.562620 32.169031 48.138689 
27.611819 32.775323 47.344970 
27.788390 33.735821 47.129876 
27.277506 33.993207 46.309663 
27.852356 34.387698 45.592777 
27.838190 34.898598 46.452300 
28.019708 34.997381 47.430714 
28.896443 35.472933 47.502736 
29.884786 35.321027 47.512824 
29.684825 35.459757 46.542891 
29.599690 34.944527 45.690078 
30.504208 35.321192 45.890001 
30.618064 35.940815 45.113402 
31.551961 35.610538 45.250341 
32.017525 36.494299 45.203256 
32.680069 35.861340 44.802757 
33.664334 36.037350 44.818307 
33.566840 35.167617 45.302104 
32.956955 34.448378 44.969334 
32.245552 34.672838 45.635309 
32.693968 35.294850 46.277201 
33.012029 36.197663 46.566623 
32.255899 36.850813 46.607392 
32.569530 36.441191 47.464040 
32.453133 35.459467 47.313478 
31.682305 34.830948 47.417350 
31.945216 35.356001 48.226793 
32.628350 35.959639 48.637826 
31.794559 36.351791 49.026425 
32.082732 36.885082 49.821760 
31.411063 37.580957 50.075961 
31.855528 37.271458 50.916592 
32.585404 36.600280 50.786974 
32.945121 35.850447 50.231678 
32.812098 34.861351 50.168473 
32.643859 35.300415 51.051037 
32.691040 34.415386 51.514177 
33.226659 34.749692 52.289646 
34.064889 34.923146 51.772651 
33.635682 34.443643 51.007237 
34.120680 35.253055 50.676136 
34.751370 34.495131 50.509459 
34.834382 33.895135 49.713775 
34.897014 34.634263 49.043129 
33.952675 34.561240 49.363895 
33.444889 34.013880 48.698651 
-3.261774 -10.434951 42.826564 
-2.330976 -10.712043 42.588162 
-1.390015 -10.764780 42.922542 
-0.830605 -9.997609 43.236404 
-0.574265 -10.090120 44.198554 
0.072318 -10.815166 44.435701 
0.501294 -9.958834 44.148168 
1.484796 -9.855775 44.296841 
1.436594 -10.780839 44.673582 
0.997211 -11.629260 44.968748 
1.423463 -11.552429 45.870084 
0.709904 -12.204658 46.125879 
0.133310 -11.388311 46.159293 
-0.168954 -10.612500 45.605438 
-0.793477 -10.696463 46.381918 
0.000270 -10.145780 46.640211 
0.579989 -9.357582 46.433646 
0.421963 -9.182826 45.461798 
0.725516 -8.353495 44.992687 
0.898194 -7.392622 45.209264 
1.361723 -7.681592 44.371626 
1.395621 -6.690055 44.246305 
1.731351 -7.265496 43.500548 
0.851765 -7.691023 43.287812 
1.234204 -7.138222 42.547439 
2.055565 -7.584812 42.192581 
1.896167 -7.565565 41.205554 
2.885784 -7.614854 41.070544 
2.405895 -6.950009 40.498104 
3.246371 -6.413211 40.571919 
3.324145 -5.863260 39.740351 
4.323712 -5.892683 39.739248 
4.123196 -6.711883 39.201935 
4.243378 -6.666591 38.210217 
4.610871 -7.594880 38.153392 
3.941032 -7.839863 37.452464 
4.158693 -8.152105 36.527733 
4.786872 -7.380609 36.426821 
4.379160 -7.400322 35.513923 
5.124241 -7.103548 34.916614 
4.532604 -6.298641 34.962339 
3.629375 -6.659519 35.194601 
2.726858 -6.832238 35.589101 
2.999183 -6.364073 36.429731 
3.909003 -5.957047 36.348751 
3.833768 -5.324324 35.578037 
2.984514 -5.348704 36.105459 
2.354563 -4.755962 35.603643 
1.888523 -4.594311 34.733771 
1.993262 -5.582824 34.624806 
2.765262 -5.093937 34.218596 
3.285657 -4.330302 33.836431 
3.986318 -4.506293 33.144982 
4.732877 -3.903272 33.426079 
4.566512 -4.484248 34.222816 
4.687494 -5.476544 34.196122 
4.797646 -5.469422 33.202232 
4.809106 -4.958762 32.342526 
5.674226 -5.457541 32.289752 
5.826124 -6.437812 32.163276 
5.642574 -7.367724 31.844569 
5.722370 -7.846931 30.970503 
5.084784 -8.566386 31.245947 
4.370535 -9.258700 31.348653 
4.160501 -10.185883 31.658843 
4.715496 -10.241381 30.828843 
4.375755 -9.653397 30.094778 
3.939510 -9.743986 29.199521 
3.451185 -8.871362 29.191435 
3.127518 -8.157366 29.812281 
4.036729 -7.765942 29.670427 
4.694407 -8.519094 29.685317 
5.540268 -8.188443 29.266759 
5.484997 -7.376846 29.848356 
5.316029 -6.658252 30.522946 
4.492544 -6.120074 30.702495 
4.421986 -63.602911 -21.172876 
4.752456 -62.660690 -21.227730 
4.745508 -62.052772 -22.021700 
3.976853 -62.692410 -22.015909 
3.036340 -62.704663 -21.676374 
2.143923 -62.693656 -22.127452 
1.484190 -61.942663 -22.099846 
1.274508 -61.099028 -21.605566 
0.278477 -61.062544 -21.524384 
-0.273252 -61.892840 -21.603153 
-1.089750 -61.752334 -21.043164 
-0.393752 -61.353263 -20.446232 
-0.047814 -62.244883 -20.154098 
0.698484 -61.872412 -20.705737 
0.684360 -62.860135 -20.550160 
1.295520 -63.074258 -19.788166 
0.480454 -62.647703 -19.396097 
0.504075 -61.786178 -18.888931 
0.688414 -61.002280 -19.481825 
0.720420 -60.709707 -20.437533 
0.999482 -59.831016 -20.824865 
1.911502 -59.666159 -20.449309 
1.956631 -60.309348 -21.213685 
1.581006 -59.528558 -21.712956 
2.333819 -59.544942 -22.370987 
2.498027 -58.880229 -23.099816 
2.417108 -59.810942 -23.456503 
2.894950 -60.417623 -22.821204 
3.373024 -61.281565 -22.662935 
4.212009 -60.749704 -22.777941 
5.184242 -60.952299 -22.895067 
5.203481 -61.420085 -23.778699 
4.422865 -61.389364 -24.402955 
3.949875 -61.828107 -25.167013 
4.334178 -60.933746 -25.395990 
3.749856 -61.224037 -26.153815 
3.401212 -61.904604 -26.798235 
2.672499 -61.940753 -26.114371 
1.786760 -62.085153 -26.555522 
1.804883 -61.764505 -27.502547 
1.226714 -62.384008 -28.033525 
0.345072 -62.107380 -28.415864 
-0.653370 -62.151470 -28.450080 
-0.773991 -62.732157 -27.644939 
-0.667035 -63.412581 -28.369911 
-0.183174 -63.704148 -27.544765 
0.348005 -63.068133 -28.104527 
0.499819 -63.400824 -29.035263 
0.726060 -62.828710 -29.823615 
1.715300 -62.777223 -29.960560 
1.261585 -62.000017 -30.396558 
0.308366 -61.812059 -30.159822 
-0.686808 -61.809583 -30.061729 
-0.558093 -61.232826 -29.255018 
-0.764168 -60.883789 -28.340848 
-1.494466 -61.490872 -28.654081 
-1.350447 -61.918215 -27.761536 
-1.970078 -62.398058 -27.140402 
-1.527891 -62.791287 -26.334274 
-2.043002 -62.098721 -25.829285 
-2.320269 -62.602148 -25.010943 
-2.882290 -62.774656 -24.202009 
-2.742372 -62.052947 -23.524101 
-3.192560 -61.800209 -22.667682 
-3.530594 -60.957858 -22.247945 
-3.761393 -60.021865 -21.982148 
-3.183345 -59.605931 -22.684187 
-2.804585 -59.431305 -23.593058 
-2.028402 -59.658204 -24.181325 
-1.281200 -58.993620 -24.177055 
-0.292226 -59.077667 -24.298988 
-0.745001 -58.578459 -25.037761 
0.002875 -57.919466 -25.117819 
-0.581373 -57.528868 -25.829217 
0.054971 -57.286306 -26.561494 
-0.463155 -57.329617 -27.415700 
-0.086116 -58.255813 -27.414098 
-0.017247 -58.770759 -26.559646 
0.980786 -58.722525 -26.599693 
56.471366 44.245689 9.280464 
55.851304 43.704859 8.712110 
55.226574 44.089449 8.032549 
54.722142 44.847564 8.445842 
54.045273 44.862918 7.709899 
53.707388 45.062988 6.790222 
53.011689 45.591238 6.303442 
53.014736 46.226132 5.530849 
52.056299 46.107748 5.790433 
52.021175 47.033508 6.166910 
52.325116 46.335888 6.815713 
51.664868 45.757442 7.294746 
51.145313 46.010939 8.110713 
50.798480 45.095067 8.312914 
50.776527 44.095357 8.322853 
50.603502 43.110694 8.300455 
51.602646 43.107782 8.259203 
51.749977 43.851892 7.607593 
52.596686 44.332581 7.835675 
53.223566 43.984428 7.138673 
53.580871 43.741438 8.040498 
52.901532 43.995490 8.728943 
53.637151 43.975709 9.406049 
53.941504 43.063794 9.130766 
54.408125 42.884451 9.996850 
55.351094 42.628589 9.783907 
55.916297 42.846784 10.579480 
56.593687 43.330404 10.025174 
56.913945 42.522494 9.530485 
57.694337 43.026101 9.159853 
58.360049 42.661364 9.810848 
58.945845 43.371112 9.419568 
59.582171 42.932287 10.054014 
59.960568 42.090459 9.669124 
60.830153 41.941263 10.139827 
61.361706 42.765771 9.945820 
62.026381 43.510277 10.008402 
62.876826 42.995434 10.116477 
63.462053 42.273332 9.747587 
63.252650 42.671896 8.854672 
63.115059 43.503414 8.316484 
62.697569 44.394586 8.138961 
62.887852 44.788350 7.239660 
61.954717 45.069998 7.463118 
62.543482 45.809840 7.137555 
63.447187 46.200731 7.312261 
63.658068 46.862237 8.031940 
62.739559 46.841487 7.637084 
62.160559 47.383084 8.246536 
62.026275 47.730350 9.174638 
62.946461 48.106988 9.067863 
62.946518 48.542265 8.167567 
62.730345 49.420987 7.741988 
62.055174 48.901075 7.218694 
61.485468 48.093993 7.063603 
61.064289 47.879004 7.944732 
61.015522 48.870083 8.068765 
60.185546 48.971591 8.617250 
59.586047 49.763160 8.735656 
59.728106 49.795566 7.746329 
59.707651 50.770484 7.967950 
59.578321 50.877406 8.953770 
59.900855 51.779836 9.239413 
58.917030 51.898403 9.373691 
58.638084 51.434405 8.532920 
58.285252 52.367782 8.598628 
-11.660134 48.675589 35.152864 
-12.118037 49.464892 34.743808 
-12.249051 50.279217 35.309237 
-12.176805 51.115881 35.852168 
-11.563108 50.901073 36.611927 
-11.202786 51.612128 37.215723 
-11.743190 52.329415 36.775881 
-12.153090 52.994818 37.399758 
-12.437229 53.420159 36.540485 
-11.452816 53.347262 36.700533 
-11.544568 54.246195 36.272163 
-12.128482 54.694064 36.949258 
-12.571405 54.265611 37.736816 
-12.633860 54.046968 38.710620 
-12.426082 54.378005 39.631078 
-11.678951 55.042681 39.632464 
-10.781532 55.476341 39.551361 
-10.408042 55.769047 38.671117 
-9.552338 56.099088 38.272566 
-9.782346 57.040415 38.025587 
-8.821021 57.237595 37.833300 
-8.171242 56.484548 37.729820 
-7.778972 56.017264 36.937501 
-8.534618 55.494599 37.332242 
-9.148720 55.774626 36.594364 
-8.472196 55.271097 36.056989 
-7.482091 55.392261 36.127788 
-7.798760 54.460084 35.952384 
-7.559703 54.567467 34.987334 
-8.519907 54.846760 34.985538 
-8.858482 54.594858 34.078944 
-9.674657 54.933326 33.610652 
-9.256227 54.458875 32.836176 
-9.134391 55.306890 32.320397 
-9.922894 55.649430 31.809585 
-10.293970 56.578032 31.810198 
-10.146719 56.470425 30.826969 
-10.570900 56.526996 29.923160 
-10.735499 56.007701 29.084566 
-9.811986 56.370198 29.209941 
-9.525424 55.926482 30.059058 
-9.745557 55.211237 30.722356 
-8.895294 54.876870 31.128867 
-8.782303 54.355366 30.283133 
-8.122198 53.659554 30.566166 
-8.611276 53.518020 31.426846 
-8.212766 53.003586 32.186153 
-8.015954 52.049977 31.958348 
-7.945346 51.063759 31.808720 
-8.208060 50.924065 32.763427 
-8.842935 50.424109 32.174380 
-8.594713 50.068520 31.273301 
-7.596240 50.038017 31.227254 
-7.964381 50.280449 30.329646 
-7.177915 49.886361 29.854076 
-7.476925 49.510877 28.976805 
-6.842102 48.762280 28.785492 
-6.831465 48.091744 28.043691 
-7.053778 47.158628 27.761073 
-6.658540 46.496668 27.124209 
-6.647155 47.354363 26.610177 
-7.386610 47.330201 25.937405 
-31.501334 38.256189 10.269564 
-31.442593 38.891309 9.499387 
-30.443384 38.888158 9.539036 
-29.647043 38.477145 9.982780 
-29.693441 39.473323 9.908770 
-29.634537 39.816615 8.971390 
-28.924251 39.118295 8.882828 
-28.409204 39.942070 8.645929 
-28.705520 40.312415 9.526293 
-27.843258 39.866406 9.766253 
-27.461331 40.704250 10.156316 
-27.268107 40.961323 9.209438 
-27.788981 41.655635 8.712829 
-28.555384 41.042938 8.519883 
-28.468900 41.142353 7.528602 
-29.157755 40.459191 7.771024 
-29.904324 41.037764 7.442560 
-30.098104 42.005917 7.601081 
-29.141156 41.902018 7.330052 
-28.941440 42.866784 7.501342 
-29.293581 43.775243 7.726506 
-29.138931 43.696149 8.711304 
-28.192385 43.822657 8.414578 
-27.240646 43.536349 8.304038 
-26.270025 43.301414 8.356017 
-25.536876 43.920717 8.075025 
-25.378048 43.453302 8.944678 
-25.195605 43.411868 9.927021 
-25.163899 43.962983 10.760847 
-25.525850 43.063413 11.005318 
-25.779107 42.368777 11.678624 
-26.522281 42.757475 12.223240 
-26.260281 43.698294 12.438216 
-26.474188 44.657624 12.254014 
-25.558351 44.747804 12.645308 
-26.071923 45.519071 13.021327 
-26.977057 45.821976 12.723028 
-27.763577 45.448827 12.230945 
-28.427538 46.196471 12.244477 
-29.405103 46.302668 12.426379 
-29.547511 45.317121 12.518131 
-29.198342 45.052294 11.619272 
-29.179783 44.143882 11.201608 
-28.897528 43.189185 11.107342 
-28.135883 43.404344 10.496111 
-28.668551 42.683187 10.053168 
-29.481373 42.223768 10.411295 
-30.266092 42.671444 9.982574 
-31.098316 42.589122 9.434279 
-31.399538 43.332424 8.836980 
-31.616477 43.286299 7.861885 
-31.259022 44.204862 7.693157 
-32.235280 44.091985 7.878038 
-32.298737 44.665538 8.694744 
-32.548037 45.602878 8.938141 
-32.722227 45.421643 9.906031 
-33.701569 45.613825 9.843142 
-34.145950 45.667107 8.948890 
-34.236192 46.662915 8.963792 
-35.062642 47.146055 9.252854 
49.648466 -24.379471 0.516164 
50.202323 -23.579512 0.747047 
51.162832 -23.839317 0.846668 
51.090937 -24.685669 0.318919 
50.464421 -25.043708 -0.373386 
49.974562 -25.911219 -0.459775 
50.716169 -26.567184 -0.319312 
50.267839 -27.427822 -0.560771 
50.073629 -27.599901 0.404978 
50.331774 -28.549121 0.225135 
49.922773 -28.971705 1.033925 
49.408619 -29.803724 1.242225 
48.444209 -30.065925 1.276352 
48.293289 -29.312469 1.916295 
47.503694 -29.519374 1.338602 
46.728787 -29.968288 1.783569 
46.327745 -30.515548 1.048945 
46.770591 -29.809776 0.495977 
47.382500 -29.384030 -0.170586 
47.453549 -30.289486 -0.589036 
48.355921 -30.288403 -1.019994 
47.646409 -30.204539 -1.719680 
48.096568 -29.491997 -2.257863 
48.872347 -29.892196 -2.745723 
49.819227 -30.211814 -2.781275 
49.701756 -31.180450 -3.000234 
49.094035 -30.827683 -2.288736 
49.223656 -31.471206 -1.534364 
48.655440 -32.244418 -1.815921 
47.864625 -31.815495 -1.379301 
47.704304 -32.731870 -1.012486 
47.680394 -33.731377 -0.992137 
47.675639 -34.087534 -0.057723 
47.378922 -33.427014 0.631967 
47.420284 -33.785387 1.564628 
47.599127 -34.736988 1.814569 
46.621780 -34.610821 1.644641 
45.967203 -35.328807 1.407946 
46.822359 -35.828230 1.269075 
47.085122 -36.746357 0.972431 
46.285213 -36.663329 1.566780 
45.440099 -37.185745 1.453361 
45.715164 -37.726064 0.658129 
45.536744 -38.535761 0.099061 
45.749558 -38.148604 -0.798057 
44.785696 -38.039161 -1.040942 
44.980682 -39.017089 -0.965861 
44.885011 -39.693542 -1.696107 
44.325732 -40.478747 -1.430287 
43.747473 -40.330591 -0.627999 
44.492765 -40.559437 -0.001764 
44.282414 -41.528270 -0.132583 
44.361032 -41.542179 -1.129391 
44.786541 -42.354158 -0.729850 
45.786012 -42.325891 -0.713793 
45.397240 -42.568847 0.174930 
44.886325 -43.358707 0.514175 
43.737666 -80.937611 7.904264 
43.239425 -80.238264 8.416778 
43.162880 -81.087708 8.938875 
43.234506 -81.987325 9.369641 
42.730858 -81.656936 10.167877 
41.961597 -81.061100 9.937190 
41.762623 -80.713970 9.020723 
42.276837 -80.555321 8.177863 
42.033358 -79.802882 7.565854 
41.414354 -80.498882 7.201961 
41.210236 -81.165495 7.918873 
41.062159 -81.955355 8.514014 
40.919021 -82.761298 9.088443 
40.609995 -82.943493 10.021882 
39.989499 -83.124977 10.784802 
39.721137 -82.501364 11.519029 
40.314632 -82.855932 12.241557 
40.961318 -82.106027 12.102138 
40.417467 -81.695068 12.833807 
40.950212 -81.002437 12.347550 
40.961184 -81.039514 11.348298 
41.957504 -80.985780 11.415074 
42.532673 -81.735335 11.742714 
43.081784 -82.570225 11.780613 
43.194884 -82.772377 12.753415 
43.072678 -83.602769 12.209803 
43.723757 -83.749007 12.954592 
43.253109 -84.215989 13.703202 
43.597636 -85.105180 14.004268 
43.097070 -85.802470 13.491217 
43.261334 -86.766438 13.700460 
43.516011 -87.732471 13.744267 
44.228209 -88.381594 14.011501 
43.809620 -88.774762 14.830159 
44.741941 -89.132111 14.774664 
44.097930 -89.843024 15.057248 
43.416655 -90.105901 14.374050 
43.000873 -90.517093 13.562849 
42.976922 -90.739144 12.588109 
52.149166 -19.501671 40.547564 
51.850137 -20.427648 40.778101 
51.779975 -21.398385 41.007768 
52.204089 -21.693611 40.151632 
52.755542 -20.917808 40.458275 
53.402483 -20.641891 39.747404 
53.516046 -20.422273 38.778451 
54.201212 -20.567354 38.064658 
55.002862 -21.163342 38.018235 
55.575808 -20.355643 37.879114 
56.030475 -20.772065 37.091796 
56.623406 -21.179187 36.397040 
56.684421 -21.637237 35.510211 
55.872977 -21.904580 36.029910 
56.379785 -22.760490 35.927127 
57.269942 -23.211257 35.993683 
58.131488 -23.411134 36.460360 
58.804230 -22.674372 36.392540 
59.561412 -22.706789 35.740141 
58.658913 -22.608153 35.320896 
58.144395 -21.870787 34.883217 
58.455974 -20.934454 34.721359 
58.356033 -20.340106 35.519333 
57.716501 -19.571437 35.507178 
56.963932 -19.055003 35.915754 
57.220987 -19.063622 36.882112 
56.372732 -18.611169 36.606884 
55.612305 -18.226979 37.130476 
54.809841 -17.794413 37.541496 
54.026093 -18.330764 37.228343 
54.010830 -18.354937 38.227934 
53.852924 -18.347308 39.215359 
53.778857 -17.792479 40.044019 
54.263353 -17.196343 40.684242 
54.375086 -17.021847 41.662540 
54.089926 -17.808623 42.209959 
54.029029 -18.495512 41.485753 
53.735746 -19.440870 41.628175 
53.231600 -19.658743 42.463859 
52.966368 -18.852950 41.934378 
52.442216 -19.696636 41.818364 
53.021627 -20.506316 41.725081 
52.380372 -21.189184 42.075058 
51.850327 -22.031448 42.173263 
52.556793 -22.020523 41.465600 
53.327907 -21.760140 40.884580 
54.076967 -21.108164 41.002212 
54.935540 -21.245953 40.508383 
55.087340 -20.380564 40.985938 
55.675410 -19.710499 40.532962 
56.152543 -20.549105 40.270123 
55.622745 -21.233215 39.768816 
54.959541 -20.488506 39.843441 
54.638734 -19.551432 39.705693 
55.309700 -18.868210 39.417577 
56.113799 -18.477775 38.969262 
56.419804 -18.958450 39.791036 
57.008715 -19.224273 40.554267 
57.467749 -18.426590 40.163128 
58.350388 -17.976307 40.028244 
57.548545 -17.381390 39.972373 
58.237866 -16.659197 40.029579 
59.108531 -17.144583 40.109223 
59.439593 -18.086225 40.170111 
59.925804 -17.524011 39.501146 
59.753019 -17.995744 38.636500 
60.566387 -17.652302 38.166947 
60.417528 -16.669677 38.277802 
59.440067 -16.527121 38.122085 
58.687964 -16.176927 38.680391 
59.492060 -16.441018 39.213014 
60.430944 -16.462973 39.556546 
60.560523 -15.518276 39.857806 
59.877676 -15.174082 39.213406 
60.004370 -15.501192 38.276951 
59.198102 -14.950074 38.491896 
58.464981 -14.644351 37.884388 
58.324374 -13.683909 37.644010 
57.664039 -13.933954 38.352131 
58.579530 -13.995159 38.749787 
58.489956 -14.483896 39.617608 
59.106572 -15.003864 40.208724 
59.809483 -14.390013 40.568034 
60.275632 -13.962676 39.793380 
60.908529 -14.164845 40.540755 
61.598094 -14.335196 41.244659 
61.903466 -14.011254 42.140098 
62.607941 -13.779540 42.810935 
63.191393 -14.035555 43.581675 
62.273774 -14.432815 43.568985 
62.466064 -15.360627 43.249313 
62.685543 -15.388752 42.274101 
63.484676 -15.986686 42.336237 
64.038929 -15.899891 43.164047 
64.362300 -16.823563 42.958473 
65.024791 -17.515037 42.670429 
64.923736 -18.273744 43.313976 
65.637774 -18.405265 44.001619 
65.899947 -18.266223 43.046667 
66.779665 -17.791032 43.029634 
66.502957 -16.938509 42.586197 
65.920033 -16.129096 42.515124 
66.623505 -15.785904 41.892753 
65.691389 -15.440598 41.783564 
65.459620 -14.519367 41.471127 
64.801304 -14.244592 42.171925 
63.824871 -14.443663 42.088557 
