23.178312 -18.233017 -23.319646 
23.595464 -19.043787 -22.908992 
23.526417 -19.960900 -23.301595 
22.649337 -20.394120 -23.094112 
21.953451 -20.744792 -22.467397 
22.451084 -21.156898 -21.704160 
22.238306 -21.868737 -21.034825 
22.689075 -22.126301 -20.180150 
22.181945 -22.684787 -19.523711 
22.772483 -22.040543 -19.037692 
23.708866 -21.923067 -18.706955 
24.383201 -22.211815 -19.386586 
24.100306 -23.161526 -19.520823 
23.470038 -23.736893 -20.042086 
23.159689 -23.795454 -20.990903 
23.090705 -24.041084 -21.957809 
22.355780 -24.429134 -22.513958 
21.740183 -23.773680 -22.951474 
20.921737 -24.319720 -22.772623 
20.148214 -24.481967 -23.385270 
19.172094 -24.432089 -23.173838 
19.583223 -23.740837 -22.579578 
19.316909 -23.160098 -21.810281 
20.297298 -23.058410 -21.979090 
20.081531 -23.082144 -21.002934 
20.709465 -22.355616 -20.723907 
21.029848 -22.296356 -21.669340 
21.402306 -22.961073 -22.316971 
21.143247 -23.425530 -21.470113 
22.015146 -23.765644 -21.117812 
21.944261 -24.617936 -20.599571 
22.932569 -24.708825 -20.477157 
23.001662 -24.675651 -19.480099 
23.704981 -25.373103 -19.342615 
23.896233 -26.347972 -19.228364 
23.768710 -26.332479 -18.236650 
23.467101 -27.247189 -18.505604 
24.109438 -28.001892 -18.639116 
25.095424 -27.989588 -18.472740 
25.108841 -28.869046 -17.996953 
25.765160 -29.359668 -18.570134 
25.741748 -29.128070 -19.542663 
26.071922 -28.864130 -20.448931 
25.463192 -28.132938 -20.756837 
24.613370 -28.502086 -20.380629 
23.796860 -28.872587 -20.823392 
24.437938 -29.589151 -20.548519 
25.220385 -29.290982 -21.095211 
25.112943 -29.174252 -22.082546 
25.215896 -30.128190 -22.364332 
25.642072 -29.596879 -23.096509 
26.032718 -28.680217 -23.012100 
25.416060 -28.662162 -23.799124 
24.918377 -27.884525 -24.183300 
24.713679 -27.042148 -24.681797 
25.260435 -26.423795 -24.117263 
25.391743 -26.059378 -23.195331 
24.416492 -26.078808 -23.415573 
23.445557 -26.056640 -23.653891 
23.513495 -26.020206 -22.656867 
22.784764 -25.417113 -22.332475 
22.350138 -25.797663 -21.516213 
21.470684 -26.271668 -21.472858 
21.402910 -26.281328 -22.470512 
21.078198 -27.078861 -21.962079 
21.440635 -27.438585 -22.821868 
21.993380 -28.271698 -22.841757 
21.361480 -28.415823 -22.080225 
21.565994 -28.138652 -21.141423 
20.679947 -27.710370 -20.963947 
19.799522 -27.539571 -21.406303 
19.251012 -27.781032 -22.206823 
19.491361 -28.636925 -22.664732 
19.691737 -29.311396 -23.375322 
19.799595 -28.511309 -23.965430 
20.547328 -27.976295 -23.572169 
19.969332 -27.160800 -23.542350 
19.141760 -27.015866 -24.084677 
18.570471 -26.383916 -23.560971 
18.370197 -27.052934 -22.845216 
18.423209 -26.087581 -22.589713 
19.256768 -25.535993 -22.559203 
19.746160 -24.897037 -21.965713 
19.139567 -25.355374 -21.316119 
19.532003 -26.183648 -21.716066 
20.507122 -26.046087 -21.889903 
20.910089 -25.230723 -21.474212 
20.452376 -25.208979 -20.585378 
20.868517 -25.206826 -19.676080 
21.465472 -25.575445 -18.963504 
20.502234 -25.705798 -18.728598 
20.660464 -25.409585 -17.786673 
20.583761 -24.519814 -18.236589 
20.125572 -23.941921 -18.911943 
19.455319 -24.332943 -19.542707 
19.000209 -24.827772 -20.282990 
18.069796 -25.183757 -20.195773 
17.355621 -25.712503 -19.737098 
17.869452 -26.272611 -20.386911 
17.923262 -26.599169 -19.443267 
17.810504 -25.979490 -18.666554 
16.935242 -26.242899 -18.260928 
15.985612 -26.555698 -18.279875 
15.551182 -25.878506 -18.873746 
16.156766 -26.135442 -19.626906 
16.613848 -26.158997 -20.516019 
16.108082 -27.020118 -20.567698 
15.651627 -27.471972 -21.334169 
15.511590 -28.455946 -21.223787 
15.126765 -29.350124 -20.994972 
14.245003 -29.448073 -21.456385 
13.950600 -30.028688 -20.697298 
13.575995 -30.781850 -20.156541 
12.847002 -30.478960 -20.770404 
12.075783 -29.851249 -20.876233 
12.597783 -29.029490 -20.647697 
12.579217 -29.041251 -21.647456 
12.532930 -28.927029 -22.639832 
12.047919 -29.005303 -23.510830 
11.152467 -29.070610 -23.070489 
10.872870 -28.594006 -22.237018 
10.317218 -28.099433 -21.568700 
10.145398 -29.047017 -21.299324 
-32.162248 15.413083 39.346754 
-32.960959 15.471358 38.747868 
-32.997829 16.404952 39.104299 
-32.950584 15.981249 40.008867 
-32.564672 16.659327 40.634393 
-32.071132 17.047674 41.412600 
-32.601370 17.476173 42.144198 
-32.389276 18.342958 42.595528 
-33.304866 18.725717 42.718780 
-33.729655 19.304275 43.415074 
-33.084418 18.689823 43.869076 
-33.114492 18.475841 44.845451 
-33.504455 17.764386 45.430053 
-34.193202 17.422821 46.069554 
-34.398618 16.994057 46.949307 
-34.304148 16.077175 47.337126 
-33.762167 15.253881 47.168470 
-34.724338 15.020678 47.309342 
-35.157887 15.475776 46.531575 
-35.627245 16.340342 46.352047 
-36.159810 17.072265 45.927004 
-36.314712 16.983114 44.943105 
-36.093477 16.597488 44.047366 
-35.777392 17.113202 43.251043 
-35.447750 18.042498 43.084477 
-35.095108 18.930198 42.788449 
-35.976947 19.174577 42.385165 
-35.478518 18.897292 41.563775 
-35.656886 19.727270 41.035266 
-35.754832 18.955136 40.407400 
-35.375050 18.567505 39.567454 
-35.614011 18.937149 38.669533 
-36.205050 18.136801 38.770112 
-35.285958 17.832157 38.520192 
-34.580409 17.140883 38.364172 
-34.611784 17.229541 37.368604 
-34.222709 18.150235 37.337869 
-33.492497 18.384911 36.696216 
-33.811124 17.593125 36.175111 
-34.183744 16.994082 35.466377 
-34.932633 17.236360 36.083196 
-35.245481 16.904066 35.193417 
-35.605192 16.171315 35.771070 
-36.290968 16.823832 35.448685 
-36.475137 17.341733 34.613305 
-35.807433 16.794422 34.108703 
-36.542304 16.117456 34.149733 
-36.487472 15.120678 34.091191 
-36.456440 14.173960 34.411754 
-35.920698 14.528417 35.178135 
-34.952518 14.315197 35.309149 
-34.547151 14.888005 36.021587 
-33.676701 14.980690 35.538135 
-34.036326 15.889206 35.325370 
-33.175011 15.813296 35.827739 
-32.337808 15.287044 35.976568 
-32.150860 15.610877 36.904028 
-31.655633 16.306222 37.424841 
-31.022346 16.035369 36.699867 
-31.314646 16.670085 35.984538 
-31.144698 17.507901 36.503366 
-31.317479 17.758752 37.455847 
-31.607862 17.532322 38.385582 
-31.891404 17.998940 39.223360 
-30.981419 18.413552 39.228387 
-31.020480 18.534571 38.236505 
-31.907775 18.577247 37.777281 
-32.736713 18.815787 38.283206 
-32.845670 17.986715 38.831629 
-33.307159 17.196482 38.428441 
-33.780291 16.395181 38.062295 
-33.762367 15.723907 37.321302 
-34.259006 15.447750 38.144156 
-33.752747 14.800751 38.714326 
-33.551416 13.824337 38.792312 
-34.036517 12.967734 38.616501 
-34.977868 13.284217 38.733537 
-35.552284 12.744089 38.118470 
-36.452263 12.832139 37.691520 
-36.241840 12.385286 36.822012 
-37.226715 12.412007 36.993208 
-38.032361 11.922687 37.327124 
-38.385575 11.389791 36.558188 
-37.772646 11.440640 35.769689 
-38.099909 12.327462 35.443430 
-38.796662 13.004175 35.681329 
-38.323242 13.575807 36.351487 
-39.160667 13.612679 36.896793 
-39.375376 12.686202 36.587695 
-40.179391 12.945118 37.122973 
-40.614107 13.811846 37.367524 
-40.316956 14.406384 36.620379 
-40.715732 15.241373 36.999552 
-41.615912 15.675987 36.971508 
-41.420518 16.466444 36.390991 
-40.750535 16.122467 35.733114 
-40.193392 15.296494 35.647318 
-39.423806 15.364498 36.282231 
-39.387869 15.975960 37.072689 
-39.237387 16.846887 37.540492 
-38.835514 17.337736 38.313516 
-37.908077 17.402413 37.945172 
-37.457756 17.156088 37.086956 
-37.630573 16.893783 36.137572 
-37.441247 16.174726 35.468907 
-37.705260 15.210209 35.471098 
-37.807458 14.500041 36.167672 
-37.477143 14.390505 37.105166 
-36.805392 14.058682 37.767468 
-35.826460 14.261315 37.742327 
-35.353691 14.618219 36.936654 
-34.376478 14.433383 37.041013 
-33.707222 14.168317 36.346869 
-33.925631 13.905725 35.407006 
7.917752 -8.540817 13.824554 
7.256823 -7.790660 13.845431 
7.550928 -7.440440 14.734727 
7.551006 -6.479467 14.458082 
6.596973 -6.198653 14.353373 
6.043832 -6.426812 13.552138 
5.697191 -6.915965 12.751782 
6.153720 -6.107062 12.381300 
5.335991 -5.938720 12.931736 
5.226665 -4.946056 12.880112 
5.948448 -5.149340 13.541705 
6.730485 -5.517763 13.039030 
6.574404 -5.162260 12.117479 
7.209966 -4.611443 11.576496 
8.201949 -4.490801 11.614104 
8.585212 -4.977343 10.829001 
7.925897 -4.257409 10.612209 
8.799191 -3.821559 10.394511 
9.313584 -4.408364 9.769163 
9.578827 -5.364109 9.896433 
9.263572 -5.592367 8.975285 
9.907636 -4.941743 8.572955 
8.958138 -4.630030 8.537043 
8.293820 -4.894084 9.236297 
7.822100 -4.053980 9.504075 
7.067552 -4.399601 10.061931 
6.827107 -3.501583 9.693487 
5.966061 -3.498963 10.202008 
5.204618 -2.853981 10.266838 
4.615643 -2.390288 10.928727 
5.320905 -1.719333 10.699761 
4.668320 -1.514761 11.429339 
4.031290 -1.359806 12.184442 
4.294331 -0.652556 12.840649 
3.545415 -1.078879 13.347970 
3.943324 -0.234976 13.707828 
3.556510 0.398503 13.037695 
2.763177 0.554837 13.626069 
3.034921 0.030706 14.433189 
3.403380 -0.867635 14.672398 
3.506095 -0.340139 15.515724 
4.285175 -0.966912 15.501916 
4.550001 -1.285588 14.591799 
5.311080 -1.323396 15.239355 
5.254155 -0.391778 14.880400 
5.804801 0.121905 14.222434 
4.858428 0.144774 13.900168 
4.235048 0.922214 13.983739 
3.404403 1.373971 14.309231 
3.295680 1.670409 13.360387 
3.528906 2.642819 13.355599 
3.878757 2.845348 12.440949 
4.449973 2.490874 11.700638 
4.604004 1.698690 12.291162 
4.472328 2.236279 13.124024 
5.364076 2.028970 13.526279 
5.254497 1.275422 14.174474 
6.113026 1.706772 14.451719 
6.842211 1.697184 15.135969 
6.804941 2.638896 15.470319 
5.856682 2.583423 15.157706 
5.951962 3.019408 14.262811 
5.617484 3.235067 13.345415 
5.744661 3.522202 12.396005 
6.238937 4.142943 11.787423 
5.579310 4.840719 12.066710 
4.938924 4.170132 12.441167 
4.062174 4.646346 12.508478 
4.508065 5.027849 13.318192 
5.110019 5.468474 13.984151 
5.996662 5.925360 13.912612 
6.772063 5.504245 13.442064 
6.876027 6.475724 13.228943 
6.415527 7.154736 12.657207 
7.015995 7.381175 11.890288 
6.412643 7.678363 11.150257 
5.555228 7.930384 11.598949 
6.257372 8.511018 12.011089 
6.137693 9.289907 12.626725 
6.994680 9.345901 12.114438 
7.833464 9.315051 11.570848 
7.062688 8.761186 11.255986 
7.550234 8.979167 10.410537 
6.905794 8.570412 9.764306 
7.589836 7.844564 9.691987 
8.556198 7.888942 9.945318 
8.739682 8.778992 10.362623 
9.527350 8.745864 10.977833 
9.629443 8.692104 11.971154 
8.695995 8.487646 11.676414 
8.128590 7.687824 11.872210 
7.977920 8.300990 12.647662 
8.713746 8.913948 12.935483 
9.336886 9.682906 12.792653 
9.205036 10.650479 12.577204 
8.212251 10.655362 12.697011 
7.277580 11.010719 12.686443 
6.522226 10.552156 13.154588 
6.358089 11.482777 12.827474 
6.391069 11.134536 11.890649 
7.122728 10.673420 11.388607 
-27.541448 -10.622617 -19.232646 
-27.951384 -11.118337 -19.998292 
-28.063337 -10.832083 -20.949883 
-27.539835 -10.509226 -21.738369 
-27.211797 -10.125900 -20.874973 
-27.632022 -9.555787 -20.169011 
-27.093874 -8.855500 -20.638047 
-27.849621 -8.487172 -21.179509 
-28.448203 -7.686111 -21.180746 
-28.508025 -7.648480 -20.183246 
-27.771698 -6.991662 -20.020730 
-26.945379 -6.571492 -20.395771 
-26.582489 -7.369437 -19.914528 
-25.982729 -6.919872 -20.576479 
-25.616435 -7.214682 -19.693917 
-24.864079 -7.225787 -19.035255 
-24.142364 -6.537616 -18.960768 
-23.378739 -6.051609 -19.385825 
-23.108567 -6.963193 -19.075953 
-22.728991 -7.880183 -19.198642 
-22.624637 -8.636083 -18.552325 
-23.058857 -9.248055 -19.213342 
-23.281019 -8.646935 -19.981000 
-23.526803 -8.245734 -20.863399 
-23.052324 -8.050291 -21.721694 
-23.007034 -8.863763 -22.301532 
-23.507237 -9.540867 -21.761785 
-24.038315 -10.376099 -21.619156 
-24.815633 -9.769014 -21.454157 
-25.550973 -10.442038 -21.533614 
-25.054348 -10.810415 -20.747699 
-25.037599 -10.421747 -19.826473 
-25.207027 -9.824247 -19.042708 
-24.801923 -10.657218 -18.665811 
-23.938372 -10.781848 -18.177194 
-22.957335 -10.916714 -18.316394 
-22.827915 -11.417665 -17.460649 
-23.077107 -10.669291 -16.845962 
-22.562252 -9.952380 -17.316028 
-21.933535 -9.237807 -17.009270 
-21.098885 -8.981637 -17.496851 
-21.762468 -8.355099 -17.905641 
-21.448045 -9.121576 -18.465687 
-20.665263 -8.683593 -18.907755 
-20.563536 -8.548341 -19.893330 
-19.634859 -8.701842 -19.555697 
-19.442738 -7.821412 -19.989210 
-18.690029 -8.015799 -19.360209 
-18.907451 -7.044383 -19.264926 
-18.569453 -6.842333 -18.345723 
-18.537188 -6.640316 -17.366873 
-18.675540 -5.675529 -17.143164 
-19.325023 -6.046739 -17.806772 
-20.056768 -5.932588 -18.478723 
-20.007075 -5.051099 -18.948305 
-20.285221 -4.421554 -18.222834 
-20.441072 -5.107414 -17.511984 
-20.181251 -4.744380 -16.617166 
-19.285881 -4.476135 -16.261699 
-19.902744 -3.719549 -16.044773 
-20.223797 -4.312724 -15.306486 
-20.022901 -3.508909 -14.746556 
-20.234149 -2.562827 -14.992126 
-21.086142 -2.065075 -15.154452 
-21.857798 -2.057065 -15.790442 
-21.109625 -2.002028 -16.451658 
-20.190811 -1.838635 -16.092376 
-19.683114 -1.808822 -16.953396 
-19.078051 -1.127171 -17.364797 
-18.377422 -1.498467 -17.974108 
-19.096681 -0.912290 -18.347021 
-18.639310 -0.325556 -19.015268 
-17.829401 -0.426132 -18.437399 
-17.141743 -0.095565 -17.790984 
-16.203662 0.014282 -17.462446 
-16.360699 0.026500 -16.474928 
-15.917524 -0.746333 -16.020697 
-15.784689 -0.481027 -15.065727 
-16.202636 0.211715 -14.477995 
-15.497837 0.914280 -14.379703 
-15.757109 1.594466 -15.065359 
-16.609215 1.828772 -14.597367 
-17.595874 1.880066 -14.751877 
-17.726075 2.263619 -15.666172 
-17.987586 2.096928 -16.616869 
-17.870811 1.164400 -16.958564 
-17.836775 1.698991 -17.802989 
-17.872449 1.781262 -18.798960 
-17.754992 2.611548 -18.254140 
-16.834369 2.229394 -18.334211 
-15.970435 2.314716 -18.830536 
-15.081439 2.669518 -18.541051 
-14.869151 2.045833 -17.788754 
-14.937382 1.489539 -18.616933 
-14.121132 2.056142 -18.729607 
-13.302134 1.489166 -18.817813 
-13.593481 1.273950 -19.749906 
-14.418741 0.861969 -20.136193 
-26.144748 -35.019317 -68.983446 
-25.954031 -34.711192 -69.915479 
-25.137919 -34.376296 -69.444517 
-24.937047 -35.135167 -70.064005 
-25.414743 -34.777795 -70.866558 
-26.264446 -34.376398 -71.208444 
-27.203223 -34.655011 -71.005777 
-27.438209 -33.690287 -70.887079 
-27.866896 -33.558009 -69.993362 
-28.534285 -33.429918 -69.259752 
-29.182692 -33.915397 -68.673340 
-29.696160 -34.767163 -68.777486 
-30.280447 -35.435581 -68.317242 
-30.800043 -36.042319 -68.918815 
-31.635216 -36.592304 -68.919803 
-32.125892 -36.208484 -68.137550 
-32.663311 -36.356374 -68.967797 
-33.489850 -36.917304 -68.920978 
-33.883392 -36.220970 -69.521180 
-34.632412 -36.775677 -69.883491 
-35.412217 -36.236512 -70.201619 
-35.922310 -36.719634 -70.913236 
-36.368331 -37.502747 -70.479878 
-37.005905 -37.930289 -69.839013 
-36.632414 -37.806382 -68.919692 
-36.395707 -38.604341 -68.365407 
-36.731510 -39.523627 -68.570711 
-37.529995 -39.678624 -69.152430 
-37.829416 -40.632607 -69.168627 
-38.024191 -41.135968 -68.326789 
-37.043858 -41.184521 -68.518075 
-36.054312 -41.306930 -68.594318 
-36.110327 -42.263637 -68.879932 
-36.630782 -42.235394 -69.733355 
-35.641118 -42.254292 -69.875513 
-34.936796 -42.712613 -69.333413 
-34.634054 -43.665127 -69.300777 
-34.138294 -44.170251 -70.007228 
-33.750852 -44.968705 -69.546403 
-33.439244 -45.856905 -69.884043 
-34.403511 -45.894743 -70.146260 
-34.467803 -45.292084 -70.941665 
-35.396864 -45.584976 -71.167627 
-35.664425 -46.528344 -71.363759 
-35.542034 -46.276490 -72.323754 
-35.112777 -45.832442 -73.110240 
-34.976397 -46.200467 -74.030000 
-34.966879 -47.195295 -74.131126 
-34.903885 -47.115389 -75.125936 
-34.174208 -46.740308 -74.554197 
-33.282417 -46.360215 -74.799630 
-33.502959 -46.293753 -75.772740 
-33.529820 -47.096020 -76.369101 
-32.783864 -46.967428 -77.022564 
-33.120963 -47.434542 -77.839980 
-33.196453 -47.076932 -78.770795 
-32.877663 -46.139126 -78.633349 
-33.722517 -45.605020 -78.664215 
-33.983006 -44.871450 -79.291925 
-34.241963 -43.985223 -78.907814 
-35.086330 -43.476561 -79.076062 
-34.395537 -42.870049 -78.682426 
-34.158285 -41.898848 -78.704348 
-33.921647 -41.927195 -77.733163 
-34.776504 -42.230813 -77.312407 
-34.892050 -43.215540 -77.182173 
-35.123697 -43.642721 -76.308185 
-35.059555 -44.593268 -76.004298 
-35.443713 -44.445322 -75.092961 
-34.477187 -44.189201 -75.077806 
-34.557176 -43.382598 -74.492150 
-34.631772 -42.711767 -73.754301 
-34.932341 -42.274391 -74.601863 
-35.578856 -41.663805 -74.144476 
-36.539048 -41.433750 -74.302927 
-36.406248 -40.783344 -75.050814 
-36.414837 -41.454470 -75.792108 
-37.157922 -41.011002 -76.293268 
-37.717954 -41.286457 -75.511931 
-38.450403 -41.276808 -74.831177 
-39.190726 -40.782332 -75.286607 
-39.540890 -41.718962 -75.297096 
-40.392877 -41.523582 -74.811354 
-40.979447 -42.332108 -74.858498 
-41.865699 -41.938616 -74.614119 
-42.721527 -42.007910 -74.101521 
-42.495828 -41.218513 -73.530633 
-42.106471 -40.506258 -72.946600 
-41.478866 -39.980852 -73.521110 
-40.991977 -40.804908 -73.810714 
-40.230517 -40.162815 -73.721860 
-39.274918 -40.374103 -73.927259 
-39.101369 -39.394141 -73.829508 
-38.310038 -39.344151 -73.220167 
-37.485062 -39.896119 -73.098734 
26.724952 -48.303717 -49.151646 
26.812262 -48.967247 -48.408608 
27.032328 -49.288955 -49.329517 
26.381490 -49.464295 -50.068209 
25.928354 -48.931579 -49.353449 
25.395603 -48.250645 -49.855948 
25.693330 -47.854212 -48.987501 
24.918092 -47.251850 -48.797330 
24.006286 -47.180556 -49.201716 
24.062943 -46.360012 -48.632947 
23.828829 -45.397650 -48.494924 
22.922604 -44.976246 -48.460645 
22.466086 -44.734168 -47.604497 
22.783708 -43.863937 -47.981079 
23.086630 -43.652532 -48.910351 
23.242482 -42.868820 -48.309097 
23.613265 -42.655259 -47.405265 
24.360185 -42.433743 -48.032195 
24.422230 -42.826419 -48.949777 
25.114424 -43.544225 -49.024762 
25.003487 -43.631646 -48.034786 
24.071466 -43.988776 -47.973194 
24.052809 -44.838606 -47.446467 
23.894882 -45.783298 -47.159038 
22.975371 -46.032638 -46.855180 
22.100327 -46.023812 -47.339141 
21.797564 -46.532179 -46.532979 
21.435295 -47.424599 -46.801956 
21.364060 -47.674783 -45.836382 
20.757112 -48.328327 -46.288592 
20.512201 -48.910141 -45.513021 
21.008819 -49.435185 -44.821863 
20.485901 -49.946808 -44.140101 
20.264959 -50.635617 -44.830555 
19.540896 -50.499133 -45.506650 
19.720184 -51.478058 -45.604436 
20.067193 -52.161182 -46.247030 
20.429430 -52.896332 -45.674021 
20.225723 -53.291760 -44.778398 
20.494941 -54.254653 -44.759493 
21.307598 -54.830446 -44.669767 
21.465728 -55.816582 -44.619457 
21.249478 -56.335032 -45.446770 
22.038472 -56.679589 -45.955464 
21.510303 -57.439148 -45.575848 
20.723242 -57.159856 -45.025820 
20.313101 -57.686655 -44.281328 
19.980974 -57.496129 -43.357537 
19.115902 -57.989041 -43.264322 
18.434614 -58.506529 -42.746584 
18.092487 -59.113947 -42.029651 
17.305409 -58.581551 -42.341202 
17.399290 -59.492220 -42.743531 
17.336180 -60.243428 -43.400572 
16.992661 -59.432166 -43.873698 
16.570609 -59.097317 -44.716163 
15.707109 -58.650558 -44.482127 
16.271439 -58.058165 -45.057107 
16.596495 -57.918553 -44.121775 
16.541072 -57.462560 -43.233519 
16.700981 -56.877092 -44.028287 
16.872309 -56.278573 -43.245713 
16.983663 -55.405420 -43.720270 
17.131710 -54.898494 -44.569451 
17.159028 -54.284374 -45.358191 
16.610542 -53.542133 -45.743210 
16.743277 -53.411100 -46.725662 
16.015808 -54.006620 -47.066460 
15.941936 -54.981583 -46.856721 
15.784791 -54.699153 -47.803050 
16.724730 -54.860287 -47.502132 
17.601629 -54.447365 -47.748188 
18.008872 -54.719829 -46.876456 
18.727236 -55.213653 -46.386466 
19.370617 -54.594339 -45.936454 
20.253715 -54.841389 -46.335333 
20.509290 -55.719732 -46.739309 
19.681680 -56.081742 -47.168274 
18.754696 -56.446315 -47.256520 
18.599897 -57.282113 -46.729757 
17.941674 -57.786471 -46.170860 
18.217262 -58.686664 -45.833660 
17.415227 -58.646848 -45.237713 
16.593684 -58.775754 -45.793096 
16.260046 -59.569388 -46.301850 
16.644640 -59.771286 -47.202585 
16.379435 -60.299373 -48.009301 
15.765418 -60.598678 -47.278959 
15.468671 -61.087359 -48.099405 
16.037497 -61.162926 -48.918384 
15.326879 -60.584958 -49.319601 
14.392057 -60.910630 -49.178020 
14.784889 -61.796736 -49.423988 
15.288697 -62.635137 -49.215995 
-11.390648 -61.615317 -23.885946 
-12.271458 -62.001830 -23.612485 
-13.231090 -62.250260 -23.480621 
-13.864223 -61.957674 -22.764007 
-13.489549 -61.095444 -23.104859 
-13.887924 -60.311073 -23.580316 
-14.813762 -60.688879 -23.570970 
-15.491560 -61.423061 -23.531401 
-15.623035 -62.371309 -23.242367 
-16.378566 -62.923621 -22.890054 
-15.881681 -62.905722 -22.022422 
-15.187079 -62.467412 -21.451973 
-14.233707 -62.174142 -21.523205 
-13.267038 -62.364487 -21.694436 
-12.601260 -61.650990 -21.476117 
-11.833558 -61.975234 -22.028837 
-11.622943 -62.947979 -22.125833 
-12.350941 -63.621364 -21.997106 
-12.771194 -64.082505 -22.778602 
-12.444755 -65.017662 -22.641052 
-12.422934 -65.178895 -21.654377 
-12.447828 -66.154968 -21.438364 
-11.625043 -66.583460 -21.811753 
-12.262473 -66.523404 -22.579917 
-12.113257 -66.717258 -23.549533 
-12.873830 -66.186013 -23.922772 
-12.391984 -65.761723 -24.689455 
-12.342159 -66.756404 -24.779601 
-11.525576 -66.262355 -24.481093 
-11.115645 -65.437189 -24.092432 
-10.534704 -64.832491 -23.547594 
-11.049831 -65.527253 -23.045647 
-10.592135 -66.411548 -22.953251 
-10.761349 -67.240576 -22.420261 
-10.646263 -68.174122 -22.759744 
-11.123100 -68.958626 -23.156202 
-11.325939 -68.906481 -24.134025 
-11.660023 -68.382056 -24.917202 
-10.916233 -68.345637 -25.584622 
-9.955112 -68.075894 -25.643654 
-9.882303 -67.187924 -25.189552 
-9.803693 -66.196931 -25.081143 
-9.065092 -65.750983 -24.575574 
-8.993074 -66.575109 -24.013764 
-8.010317 -66.415190 -23.920956 
-7.448956 -65.601198 -24.070261 
-7.026436 -66.475936 -24.307557 
-6.359319 -65.935231 -23.795116 
-5.726234 -65.357867 -24.310726 
-5.602838 -64.541370 -23.746717 
-6.424605 -64.884238 -23.291589 
-7.056197 -64.109388 -23.318049 
-6.980464 -64.619167 -24.175015 
-7.930810 -64.655398 -24.484096 
-8.469491 -64.029046 -25.047571 
-9.341241 -64.502424 -24.921219 
-10.160122 -64.118421 -25.347807 
-10.690882 -64.699263 -24.730623 
-11.592289 -64.421852 -24.398195 
-11.641008 -63.505716 -24.000300 
-11.136790 -62.688257 -24.278736 
-10.761136 -62.677926 -25.205439 
-10.361954 -63.207850 -25.953659 
-10.220562 -63.215240 -26.943585 
-10.419496 -62.584599 -27.693729 
-10.058953 -62.521661 -28.624346 
-10.548410 -61.909374 -29.245262 
-10.553794 -61.096509 -28.662835 
-10.132908 -61.337969 -27.788448 
-10.007775 -60.814641 -26.945555 
-9.252459 -61.135168 -26.373925 
-8.490536 -60.532609 -26.611400 
-9.373211 -60.066452 -26.671252 
-9.861499 -59.744684 -27.482449 
-9.558641 -58.847140 -27.802905 
-9.060088 -59.040889 -26.957976 
-9.860302 -58.538854 -26.629925 
-9.666824 -58.222725 -25.701146 
-9.296114 -57.294552 -25.668452 
-8.686124 -56.615231 -26.076416 
-8.132872 -56.213967 -25.346415 
-7.565605 -56.879768 -24.861733 
-7.153788 -57.780311 -25.001120 
-6.832412 -58.585143 -25.500081 
-7.397546 -59.408091 -25.441945 
-7.101523 -59.051316 -24.555897 
-7.696176 -58.963972 -23.756674 
-6.932139 -58.799010 -23.132948 
-6.430097 -58.452301 -22.340643 
-6.886996 -57.575546 -22.490789 
-6.970476 -56.790759 -21.876672 
-77.166848 -3.275717 25.274754 
-76.648646 -3.145830 24.429416 
-76.628048 -4.051441 24.853027 
-77.150777 -4.241699 24.022030 
-76.639848 -5.007431 24.412679 
-75.751751 -5.294328 24.053551 
-75.826232 -5.055600 25.021777 
-75.148816 -5.689614 25.394784 
-74.401338 -5.059847 25.183430 
-73.595764 -5.204555 24.608879 
-73.528661 -5.238996 23.611728 
-73.242156 -4.673101 22.838631 
-72.633557 -4.092361 23.379323 
-71.957844 -4.829506 23.384693 
-71.265451 -5.103267 22.717125 
-70.445749 -4.541036 22.826604 
-70.556349 -4.051974 21.961396 
-71.460679 -4.350551 21.656373 
-72.370314 -4.583343 22.000425 
-72.856677 -3.711257 21.946418 
-73.073075 -2.950226 22.557976 
-72.369358 -2.267842 22.360153 
-72.219179 -1.926891 23.288160 
-72.987600 -1.765494 23.907417 
-73.913868 -1.671001 23.542589 
-74.137853 -0.696460 23.552600 
-74.680076 0.083697 23.240592 
-75.158673 -0.794215 23.225950 
-76.045622 -0.360207 23.067968 
-76.621734 -0.019841 23.811101 
-77.167445 -0.095011 22.976505 
-77.517164 0.613821 22.363925 
-78.032256 1.448352 22.168380 
-78.596700 1.957311 22.818275 
-78.246248 2.613307 22.149805 
-79.101241 3.131844 22.139517 
-78.790280 3.653662 22.933877 
-78.980584 4.305019 23.668397 
-78.728130 4.606852 24.587725 
-79.128910 3.776919 24.975780 
-78.920480 3.727853 25.952586 
-79.317055 4.576709 25.603056 
-79.339337 5.564705 25.755920 
-79.975715 5.417849 26.513189 
-79.312609 5.098126 27.189997 
-79.770528 5.143005 28.077857 
-79.551696 6.109244 27.941858 
-79.379031 6.577448 27.075273 
-78.546471 7.083749 26.850542 
-77.793360 7.712980 27.042616 
-77.585421 8.244093 26.221227 
-77.030870 8.361612 27.045037 
-77.552034 9.139946 27.395156 
-77.342958 9.723242 28.180046 
-77.549971 9.539687 29.141011 
-77.027084 8.789548 29.545831 
-77.224045 7.827391 29.734143 
-77.624976 8.465545 30.391420 
-77.645452 8.536610 31.388682 
-78.358889 8.323314 32.056149 
-78.985346 8.981040 31.637880 
-78.973539 9.071147 32.633742 
-78.953732 10.069837 32.680923 
-78.736844 10.122499 33.655698 
-79.103639 11.006487 33.365824 
-78.747783 11.885792 33.682351 
-78.084018 12.096432 34.400019 
-77.560398 12.913269 34.157946 
-76.827894 12.233209 34.127027 
-76.253058 11.970705 34.902047 
-75.806918 12.645787 35.489605 
-76.028072 13.594446 35.263473 
-75.671910 14.224981 35.953092 
-75.509812 15.184674 36.182684 
-74.767086 15.719583 36.585463 
-74.763920 14.748483 36.824115 
-74.300119 13.950553 37.209078 
-74.883523 13.702020 36.435857 
-75.434784 14.009755 37.211364 
-75.274697 14.197968 38.180357 
-74.920392 15.132609 38.150120 
-40.662548 -32.353517 3.828654 
-40.933880 -31.426131 3.571103 
-40.844166 -30.808680 4.352580 
-39.937712 -30.503599 4.644585 
-39.743089 -29.676230 4.117725 
-39.601321 -29.332519 5.046038 
-38.705040 -28.895203 5.119763 
-38.625791 -28.577139 6.064514 
-39.567409 -28.362238 6.323690 
-40.171706 -28.902629 6.909183 
-40.467371 -29.217541 6.007289 
-40.931538 -28.663166 5.316479 
-41.702884 -28.057078 5.510597 
-42.563465 -28.152238 5.010252 
-42.404456 -28.829729 4.292114 
-41.659654 -28.187053 4.471662 
-40.753771 -27.885360 4.174413 
-41.435574 -27.646892 3.482837 
-41.930749 -26.861596 3.111204 
-42.817476 -26.462528 2.877836 
-43.430622 -27.046483 2.345814 
-43.895878 -26.569733 1.599995 
-42.921289 -26.402385 1.748892 
-43.262372 -26.539255 0.818876 
-43.763097 -26.487527 -0.045183 
-44.148296 -25.645872 0.333285 
-44.620400 -26.297266 0.927259 
-45.401577 -25.676367 0.992436 
-45.548794 -24.702328 0.820462 
-45.975133 -23.798312 0.851911 
-46.687402 -23.383019 0.286045 
-45.911041 -23.304330 -0.339312 
-46.304580 -24.202813 -0.144749 
-46.865424 -25.021158 -0.019189 
-47.213769 -25.952197 0.089549 
-47.240927 -26.919809 -0.161425 
-46.830306 -27.574998 -0.795553 
-47.190121 -28.410054 -1.211745 
-46.357531 -28.963362 -1.186383 
-46.666418 -29.290366 -2.079500 
-47.558216 -29.156516 -2.511680 
-48.121284 -28.502533 -3.016913 
-47.214205 -28.240798 -3.346612 
-46.323008 -28.687871 -3.269837 
-46.157911 -29.652448 -3.475590 
-45.499557 -30.277963 -3.894280 
-45.270834 -29.764213 -4.721171 
-46.000482 -30.440756 -4.820689 
-46.279239 -31.312400 -5.223840 
-45.885919 -31.909517 -4.524733 
-45.233452 -31.182839 -4.739735 
-45.005357 -30.608397 -5.525858 
-44.422448 -31.083021 -6.185365 
-44.407277 -30.098844 -6.361907 
-44.460224 -29.727181 -5.435050 
-43.752547 -29.183375 -5.886125 
-43.366130 -28.880393 -6.757264 
-42.423088 -29.148929 -6.953633 
-42.519315 -28.449929 -7.662251 
-41.563792 -28.394180 -7.951850 
-41.756711 -29.360638 -7.782319 
-40.979710 -29.923574 -7.500588 
-41.021288 -29.003711 -7.110558 
-40.168721 -28.868829 -6.605646 
-40.060392 -29.744204 -7.076797 
-39.768287 -30.286708 -6.289165 
-39.967370 -30.858150 -5.493037 
-40.090345 -31.562155 -6.192504 
-40.881078 -30.950196 -6.176774 
-41.371743 -31.302136 -5.379662 
-41.125301 -32.259034 -5.225998 
-41.616466 -31.780638 -4.498059 
-41.093475 -32.337426 -3.852716 
-40.284333 -32.575327 -4.390015 
-39.652821 -31.856480 -4.099409 
-39.744453 -31.946448 -3.107689 
-40.125682 -32.195673 -2.217435 
-40.761309 -31.436868 -2.075339 
1.528952 46.279083 54.697554 
0.976232 45.892876 55.436029 
0.481422 46.755739 55.539136 
0.032113 47.641988 55.651762 
0.154394 48.031748 56.564523 
-0.479147 47.262195 56.484437 
-0.898836 46.547932 57.044518 
-1.893253 46.653445 57.043643 
-1.632934 46.883465 56.105920 
-1.967172 45.940985 56.101855 
-1.980079 45.958140 55.102086 
-1.779389 45.901874 54.124048 
-2.756953 46.082390 54.232600 
-3.106733 46.423846 55.104989 
-3.525944 45.567540 55.406655 
-3.945281 45.553765 54.498929 
-4.726333 46.129932 54.739737 
-5.537683 46.410603 54.226966 
-5.829214 46.875727 55.062831 
-6.266054 47.359722 55.821066 
-5.895032 46.448167 55.998301 
-5.384128 46.446607 56.857938 
-4.535534 46.317418 56.344909 
-3.821218 45.857198 56.872119 
-3.114743 45.567652 57.517918 
-4.017661 45.292791 57.848357 
-3.935548 45.464500 58.830077 
-3.041099 45.066732 58.625770 
-2.598874 45.709373 59.251429 
-2.514145 46.651626 58.927423 
-1.762734 47.292866 58.771882 
-2.664412 47.702619 58.633751 
-3.185741 47.918681 57.808201 
-3.047173 48.110902 56.836681 
-2.855797 48.278436 55.869568 
-2.383346 49.019227 55.392054 
-2.383097 48.334669 54.663095 
-2.119083 48.245416 53.702715 
-3.093570 48.043181 53.800067 
-3.424150 47.161364 53.463741 
-3.368092 47.905670 52.798260 
-2.655412 48.292071 52.212784 
-2.492537 49.268946 52.351302 
-3.274530 49.381871 51.738331 
-4.061893 49.611926 51.166374 
-4.625004 50.391688 51.440010 
-4.662442 51.305378 51.035326 
-5.397717 51.865681 51.416682 
-5.589204 50.884873 51.453418 
-6.417608 51.416787 51.277876 
-6.864202 52.223816 50.891538 
-7.375391 52.186344 50.032887 
-7.132253 52.721562 49.223921 
-8.118286 52.556537 49.246410 
-9.074024 52.848985 49.214195 
-8.491000 53.478369 49.727964 
-9.250946 53.924940 50.200253 
-9.210596 54.876458 49.895317 
-9.026181 55.202581 48.968152 
-9.969380 55.346272 48.668605 
-9.879066 55.312439 47.673266 
-9.667658 56.228690 48.013546 
-8.807891 56.698426 47.813171 
-9.227640 57.361879 48.432559 
-8.912272 58.261344 48.735059 
-8.847315 59.242951 48.555536 
-8.373167 59.678022 49.320975 
-8.812041 59.367190 50.164048 
-8.093408 58.678230 50.069705 
-7.456972 58.414823 50.794664 
-8.101470 58.454542 51.558237 
-7.622675 57.836164 52.181425 
-7.140581 57.071643 51.753530 
-6.271129 57.468506 52.047729 
-5.840030 58.271277 52.459691 
-6.413082 57.914138 53.197297 
-6.752935 58.368619 54.020673 
-7.410264 59.118799 54.092428 
-8.022521 59.874262 54.325701 
-7.631866 60.674593 54.780519 
-7.162589 61.554619 54.707478 
-7.293474 62.378525 54.156074 
-16.847848 29.605683 6.610854 
-17.140685 29.039856 5.840084 
-16.716844 28.147831 5.997088 
-16.067830 28.886664 5.815680 
-15.698802 28.304761 5.090968 
-16.309198 27.806458 4.475248 
-17.180279 28.266380 4.302944 
-18.155085 28.395450 4.121024 
-18.682381 28.619978 3.301545 
-19.251891 28.361104 2.521389 
-18.949037 28.274103 1.572331 
-19.173508 28.371630 0.602743 
-18.713524 29.136748 0.152177 
-17.736747 29.151452 -0.061575 
-17.417331 28.212051 0.062921 
-18.254913 28.367232 -0.460888 
-18.932384 27.923195 -1.047287 
-19.767571 28.460742 -0.931067 
-19.471308 28.361875 -1.881043 
-19.534438 29.271756 -1.471006 
-20.397790 28.914767 -1.827632 
-21.065428 28.278409 -2.214035 
-20.318971 28.548091 -2.822371 
-21.171355 28.245171 -3.248612 
-21.009511 27.305371 -3.549583 
-20.643508 27.008142 -4.431454 
-21.139150 26.154722 -4.270164 
-21.622098 25.389191 -4.695280 
-21.123475 25.220864 -5.545599 
-22.018091 25.588190 -5.800030 
-21.840763 24.616966 -5.959024 
-21.721408 23.672988 -5.651357 
-21.843109 24.201093 -4.810945 
-21.718881 24.600521 -3.902636 
-22.688110 24.385154 -3.783420 
-23.495668 23.797784 -3.836784 
-23.783347 23.545312 -4.760634 
-24.575831 22.973909 -4.973868 
-23.778284 22.710704 -5.516678 
-23.845565 22.385549 -6.459943 
-23.877292 23.328859 -6.790337 
-23.903524 24.162006 -6.237908 
-23.828826 24.581511 -5.333233 
-24.692322 25.017016 -5.078853 
-24.692475 24.252054 -4.434778 
-25.432284 24.025550 -3.801234 
-25.662568 23.376568 -4.526349 
-26.575137 23.707088 -4.285569 
-26.560952 24.639872 -4.645725 
-26.498918 24.716913 -3.650629 
-26.911687 25.583292 -3.931716 
-26.620953 26.164949 -4.691418 
-26.135216 26.631886 -3.952480 
-25.342869 26.325404 -3.424981 
-24.716692 27.055360 -3.151000 
-24.368213 27.423424 -4.013027 
-24.683527 26.636062 -4.542781 
-24.993311 25.701127 -4.369775 
-25.234970 25.840359 -5.330095 
-25.019583 26.027113 -6.288600 
-24.136403 26.190796 -6.728145 
-23.454569 26.260126 -7.456360 
-22.734054 26.257154 -8.149793 
-22.144951 25.515561 -8.470726 
-22.938607 25.109144 -8.923423 
-22.090706 24.584280 -8.998139 
-21.247387 25.056171 -9.255303 
-20.429435 24.780314 -8.750470 
-19.540158 24.327996 -8.818271 
-18.672424 23.967601 -9.160545 
-18.834812 22.987778 -9.277070 
-17.896662 22.713332 -9.488149 
-17.555021 23.602465 -9.792654 
-16.904508 24.076114 -10.386362 
-17.488723 24.450075 -11.106671 
-17.960291 24.079784 -11.906989 
-18.097060 23.501498 -12.711277 
60.441452 27.864483 -14.516246 
61.374146 28.063524 -14.215473 
61.959789 28.494287 -13.528839 
62.669691 28.766456 -12.879252 
62.148968 29.390140 -12.296271 
63.070944 29.359056 -11.910273 
63.566758 28.494159 -11.988506 
63.826168 28.537098 -11.023694 
64.242515 29.103967 -10.312839 
63.441892 29.021686 -9.719347 
63.500552 28.202668 -9.148585 
63.284967 27.275669 -8.841671 
63.335650 26.399582 -8.362190 
63.625732 27.168257 -7.792109 
64.490273 26.990241 -8.262087 
64.743051 27.951912 -8.155815 
64.232072 28.773917 -7.904402 
64.170381 29.106818 -6.963461 
63.586903 28.970460 -6.162861 
64.167801 28.187862 -5.939036 
64.319668 28.308416 -4.958014 
64.616059 28.745236 -4.108697 
65.279564 28.805755 -3.362977 
65.757880 28.577436 -4.210965 
65.741753 28.170521 -5.124289 
66.100538 28.045005 -6.049232 
66.967691 27.687915 -6.396409 
66.194403 27.054774 -6.430453 
65.226572 27.276213 -6.311010 
64.395879 26.858755 -6.679355 
64.381361 26.092035 -6.037537 
64.649376 25.889258 -5.095705 
64.432010 24.954556 -4.814484 
64.812340 24.874601 -3.893096 
63.837133 25.035025 -3.740667 
63.813474 25.957696 -4.125528 
64.719038 26.297595 -3.871713 
64.731296 25.718288 -3.056696 
65.674306 25.679000 -3.387133 
65.470405 26.578004 -2.999554 
66.026863 27.286834 -2.566062 
66.231919 27.501135 -3.521063 
66.779335 28.302494 -3.762226 
67.402149 28.112521 -3.003271 
67.994462 28.917757 -3.030845 
68.756100 28.404427 -2.635371 
69.583709 28.962098 -2.571594 
69.545222 29.954328 -2.689912 
68.722283 30.501815 -2.538156 
67.906558 30.678404 -1.987330 
68.548800 31.431616 -2.129451 
68.986322 32.229068 -2.544955 
69.453108 33.100398 -2.696269 
69.716262 33.702296 -3.450237 
69.205693 33.274627 -4.196172 
70.023500 32.699445 -4.177272 
70.414828 32.726642 -5.097121 
70.781301 33.404217 -5.734764 
70.424622 34.132827 -5.150035 
69.765612 34.883238 -5.200910 
69.279613 35.295281 -5.971641 
68.404507 34.812044 -5.997574 
68.267193 34.534590 -6.948450 
67.295558 34.420360 -7.155518 
67.644397 33.865234 -6.400437 
68.606156 33.670474 -6.207854 
69.255231 33.570897 -6.962033 
69.859668 32.778430 -7.043590 
68.936963 32.428587 -6.881650 
67.968933 32.614303 -7.050256 
67.601833 32.829142 -6.145224 
68.179922 33.114116 -5.380631 
67.977968 33.564678 -4.511028 
67.221965 33.489515 -5.161267 
66.389748 33.108164 -5.563741 
66.230590 34.074735 -5.764765 
5.162852 44.878783 -3.894966 
5.548666 45.800980 -3.921428 
6.497932 46.008946 -3.685540 
6.564872 45.393796 -4.471104 
6.244024 44.551929 -4.905058 
6.885607 44.757908 -5.643938 
6.543550 44.254858 -6.437624 
5.766977 44.241952 -7.067519 
5.335440 45.118584 -6.854695 
4.624455 44.840973 -6.208606 
4.110136 44.216475 -6.796380 
3.381130 44.266318 -6.113690 
2.710406 44.927959 -6.448893 
2.916701 45.705068 -5.854297 
3.335044 46.585181 -5.629819 
2.747090 47.269933 -6.060428 
2.328838 46.976322 -6.919997 
3.261730 46.983059 -7.280091 
3.516305 47.023073 -8.246316 
2.811157 46.332837 -8.408612 
3.042031 46.756964 -9.284291 
2.632258 47.417377 -9.913530 
1.907616 46.906451 -10.375967 
1.522939 47.521134 -11.064581 
0.739563 47.641950 -11.674273 
0.796070 46.643549 -11.673355 
1.224771 46.038237 -11.002674 
1.997010 45.458432 -10.742918 
2.249159 45.558272 -11.705442 
2.606443 44.905952 -12.373893 
3.440379 44.468976 -12.710944 
3.760804 44.426513 -11.764622 
4.089806 45.276550 -11.353289 
5.051178 45.120862 -11.580282 
4.900425 44.903207 -12.544595 
5.865801 45.096824 -12.719416 
6.795329 45.350908 -12.986659 
7.297456 45.691130 -13.781717 
6.545735 46.022358 -14.351984 
6.646569 46.268092 -15.316063 
7.116201 46.889273 -14.688703 
6.737121 47.358867 -15.486061 
7.104105 47.519484 -16.402317 
7.883219 47.133852 -16.896553 
8.111955 46.658384 -16.047077 
8.153348 45.861969 -16.650410 
8.917557 45.919765 -17.292783 
8.721964 44.941257 -17.227470 
9.181538 44.121126 -17.568317 
8.361701 43.725385 -17.154483 
8.090211 42.944307 -16.592157 
7.144471 42.621767 -16.631440 
6.280700 42.510063 -16.140094 
5.863534 41.894216 -16.808454 
5.332864 42.735295 -16.703685 
5.909897 43.551827 -16.721260 
5.870319 43.386009 -17.706622 
5.385384 42.990761 -18.486761 
5.919608 42.307413 -18.984396 
5.832025 41.871933 -19.880323 
5.237915 41.159267 -19.507307 
4.701917 42.001872 -19.455124 
3.736357 42.087491 -19.700814 
3.565595 42.232891 -18.726289 
2.688626 42.198717 -19.205618 
2.675728 41.681746 -20.061523 
2.060802 40.968884 -20.398709 
1.690172 41.773910 -20.861922 
1.444451 42.071375 -21.784492 
0.830691 42.025699 -22.572662 
1.462256 41.268114 -22.737561 
1.643415 42.030612 -23.358671 
1.925903 41.396735 -24.078672 
1.024802 41.055911 -23.810612 
0.655229 40.164102 -23.549668 
0.584814 39.354938 -24.133017 
-27.542848 -4.954317 65.075854 
-27.377767 -5.823164 65.542602 
-26.679670 -6.535679 65.613183 
-26.366562 -5.597417 65.466123 
-25.833110 -5.181116 66.202413 
-25.841989 -5.871698 66.925613 
-26.696066 -6.308315 67.208313 
-26.944754 -7.274523 67.140524 
-27.820279 -7.471272 66.699223 
-27.165527 -7.418818 65.945202 
-27.671803 -8.197843 65.575330 
-27.691688 -7.420531 64.946529 
-28.075328 -7.369579 64.024453 
-28.425186 -8.305128 63.976003 
-29.238553 -8.531987 64.511698 
-29.618871 -8.500186 65.436007 
-28.932131 -9.090709 65.859882 
-28.925422 -8.313845 66.489514 
-28.926263 -8.347997 67.488930 
-29.263997 -7.483597 67.861421 
-30.190047 -7.474223 68.238706 
-29.760474 -6.635781 68.574089 
-30.252030 -6.048483 67.931085 
-30.785376 -5.369305 67.426844 
-31.501521 -6.055221 67.555899 
-32.218546 -5.376306 67.397945 
-31.799581 -4.863230 66.648798 
-32.546764 -4.412530 67.137252 
-33.028503 -4.187584 66.290300 
-32.130369 -3.774079 66.439867 
-32.457964 -3.444054 65.554562 
-33.270645 -3.087287 66.015285 
-32.576957 -2.377347 65.893701 
-31.623232 -2.293285 65.605013 
-31.095905 -1.700766 64.996040 
-32.003212 -1.387177 65.276138 
-32.922547 -1.028189 65.437228 
-33.841952 -1.247410 65.763782 
-33.764831 -0.409500 65.223449 
-33.271788 0.459200 65.175820 
-33.428431 1.423874 64.964002 
-33.212003 2.299028 65.396742 
-32.701773 3.140963 65.221210 
-31.840341 2.655193 65.073016 
-31.288147 3.411718 65.423376 
-31.791831 4.222670 65.125621 
-31.517671 4.894274 64.437300 
-32.467198 4.586213 64.378161 
-33.030812 4.845294 65.162518 
-33.113629 4.024616 65.727876 
-34.090735 3.858714 65.594684 
-34.756764 4.380237 66.127994 
-35.269469 3.521971 66.105345 
-35.819570 4.276813 65.748129 
-36.025924 3.374396 65.369896 
-36.839601 3.568050 65.918009 
-36.305478 2.968447 66.513985 
-36.221768 3.299821 67.453764 
-36.258803 3.532073 68.425714 
-36.535389 4.472485 68.623514 
-36.474385 4.652819 67.641802 
-35.491566 4.679764 67.459210 
-35.495522 4.385978 68.415073 
-34.687586 3.954157 68.014110 
-33.914935 4.487869 68.357856 
-33.971181 4.340530 69.345341 
-33.302139 3.974080 69.991945 
-32.996756 4.184855 70.920555 
-32.822567 4.889340 71.608566 
-31.987014 5.426818 71.722449 
-31.102099 5.608791 71.293718 
-31.546404 6.391273 70.857468 
-31.595761 6.117295 69.897000 
-31.220199 6.969337 69.532338 
-31.480088 7.822284 69.079636 
-31.411318 8.729148 69.495409 
-31.349685 9.495365 68.855789 
-30.694128 9.467294 69.610413 
-29.907440 8.882919 69.411347 
79.121052 -10.535317 -9.474086 
78.640201 -10.834608 -8.649946 
78.666775 -11.706229 -9.139406 
79.370301 -11.729715 -9.849687 
80.340043 -11.868988 -9.649181 
80.659660 -11.433544 -10.490747 
80.809848 -10.899128 -11.322518 
81.413900 -10.241223 -10.872761 
80.886920 -9.516430 -10.428951 
80.168322 -8.912784 -10.774244 
79.867375 -7.959162 -10.768127 
79.171017 -7.884128 -10.054366 
78.987932 -8.846967 -9.855822 
78.647907 -9.076307 -10.767845 
78.099260 -9.901662 -10.634516 
77.795436 -10.368223 -11.465185 
76.950515 -9.846932 -11.345338 
77.340822 -9.683875 -12.251468 
77.860885 -8.880671 -11.960953 
78.776565 -8.595222 -11.678023 
79.045394 -8.689135 -12.636621 
79.599120 -9.284667 -12.054617 
79.761592 -8.341290 -11.765406 
80.400992 -7.874423 -12.376310 
81.206437 -8.429139 -12.167629 
81.408577 -9.148839 -12.831836 
81.280867 -9.670333 -11.988193 
82.139393 -9.258844 -11.682235 
82.248985 -10.203536 -11.991343 
82.999820 -10.135281 -11.334390 
83.362617 -9.715745 -10.502303 
83.726846 -9.074423 -9.826993 
84.555694 -9.258278 -9.298591 
85.446378 -8.817471 -9.409815 
85.166076 -8.198202 -8.676374 
85.993426 -7.762003 -9.030240 
86.411173 -8.544432 -9.492075 
86.532862 -9.115104 -8.679963 
87.032102 -9.329359 -9.519519 
87.920738 -9.651800 -9.193394 
87.802332 -10.303070 -8.443843 
86.909838 -10.515215 -8.841900 
87.464590 -11.346812 -8.868296 
87.444022 -12.329094 -8.682023 
88.164294 -12.894290 -9.084221 
87.721107 -13.158454 -9.940844 
87.434059 -14.084027 -9.694030 
87.687760 -15.051279 -9.701774 
88.434161 -15.604746 -10.071315 
89.253382 -15.674949 -9.502151 
89.607349 -16.566464 -9.784832 
89.417612 -16.803200 -10.737699 
89.093023 -16.618729 -11.665391 
88.449500 -16.299542 -12.361091 
88.410108 -15.305305 -12.261386 
89.000904 -14.539814 -12.006466 
88.648704 -13.782030 -12.555755 
87.662164 -13.630264 -12.494870 
87.303158 -14.426611 -12.981641 
86.789573 -14.724012 -12.176791 
86.400892 -13.834083 -11.938141 
85.697818 -14.539674 -12.026624 
85.154951 -13.903480 -12.574851 
84.241215 -13.955069 -12.977871 
83.258148 -14.103469 -12.870366 
82.627346 -13.327783 -12.890367 
20.539792 15.685283 -45.467946 
20.155128 15.584048 -46.385434 
19.654066 14.788094 -46.725130 
20.332520 14.321148 -47.292283 
20.091549 13.868220 -48.150647 
19.603646 14.647931 -48.543077 
19.445324 14.880766 -49.502620 
19.030773 15.501267 -48.836942 
18.348940 15.084993 -49.438457 
18.629188 16.025500 -49.630566 
17.635717 16.039529 -49.743782 
17.376198 16.562281 -48.931759 
17.986157 16.183912 -48.235492 
17.575615 16.876977 -47.642942 
16.600420 17.009338 -47.465526 
15.668838 16.819975 -47.775841 
15.664352 16.230993 -48.583975 
14.760008 15.877952 -48.344132 
14.381217 15.076880 -47.880665 
13.393475 15.216711 -47.811294 
13.216306 14.454019 -48.433317 
13.427454 13.511742 -48.693182 
14.340099 13.269919 -48.363634 
14.485581 12.400826 -48.836406 
13.806507 11.850053 -48.351115 
14.172430 12.225003 -47.499344 
13.624880 11.390083 -47.443689 
14.078709 11.707135 -46.610912 
13.461468 11.802912 -45.829990 
12.670584 11.488569 -45.304927 
13.242052 10.694926 -45.096227 
13.457833 10.341449 -44.186011 
12.592268 9.854018 -44.300938 
12.229983 10.785727 -44.326792 
12.231402 11.356942 -43.505993 
11.833946 12.023334 -44.136827 
12.138747 12.528773 -43.329592 
12.586113 12.007108 -42.603143 
11.839934 12.548930 -42.216302 
11.275235 12.354457 -41.414245 
11.555198 13.314457 -41.418909 
11.291701 13.872353 -42.205878 
12.150783 13.766447 -42.706639 
12.730360 13.825798 -41.893886 
13.595991 13.737518 -41.401047 
14.465815 13.314675 -41.655233 
15.298070 13.355299 -42.208135 
15.637140 14.050164 -42.842322 
14.676447 13.775732 -42.884223 
14.963555 14.461286 -42.215206 
15.178410 15.329842 -41.768609 
14.815254 16.120861 -42.260956 
14.014821 16.235421 -42.849329 
13.116230 16.102491 -43.267496 
12.814291 15.500196 -42.528528 
13.717642 15.074637 -42.475078 
13.246477 14.946098 -41.602449 
13.453806 15.889573 -41.861042 
12.965788 16.181080 -41.038325 
13.149650 16.775733 -40.255649 
12.649649 17.197051 -39.499018 
11.831005 17.753095 -39.642674 
-3.043848 6.435983 -45.428646 
-3.821269 6.770659 -44.896097 
-4.646888 6.879788 -44.342524 
-5.589234 6.595531 -44.165935 
-6.058783 5.758613 -43.884702 
-5.717011 5.668815 -44.820185 
-5.439685 4.787737 -45.203319 
-5.912347 3.930296 -45.406753 
-5.363787 4.008424 -46.239206 
-4.371998 4.099486 -46.149415 
-4.151761 3.124286 -46.171355 
-4.609122 2.239781 -46.263401 
-4.564818 1.672732 -47.085893 
-4.155871 1.241960 -46.281407 
-3.456176 1.268632 -46.995349 
-3.499828 1.863495 -47.797990 
-2.616876 1.669785 -48.225626 
-2.685212 2.590894 -47.842365 
-3.152281 2.775311 -46.977590 
-2.326643 2.467631 -46.504670 
-1.995899 3.391140 -46.698938 
-2.208428 4.272021 -46.275996 
-1.325220 4.740313 -46.301434 
-1.455825 3.963451 -45.685457 
-0.660934 3.456530 -45.352021 
-0.601490 3.839027 -44.429978 
-0.683133 3.201117 -43.664207 
-0.511849 2.566704 -44.417985 
-0.512195 2.024352 -43.577833 
-0.412014 1.035494 -43.687934 
-0.472947 0.588589 -44.580438 
0.471106 0.843675 -44.789473 
0.477196 -0.141246 -44.616573 
0.175449 -0.110506 -43.663681 
-0.222624 -0.636703 -42.912245 
-1.174428 -0.426273 -43.135376 
-1.996489 -0.237281 -43.672497 
-2.040549 -0.041252 -42.692890 
-1.911416 0.736579 -43.307953 
-2.856640 0.994148 -43.508475 
-3.711612 1.115840 -43.004278 
-3.891790 1.237935 -42.028251 
-3.525585 0.439622 -41.550140 
-4.318443 0.125184 -41.028120 
-5.050631 0.064742 -41.706535 
-6.023251 0.270605 -41.814385 
-5.406324 0.483574 -42.572043 
-5.636608 0.122530 -43.475712 
-5.687284 -0.522843 -44.237897 
-6.328211 -1.281752 -44.122701 
-5.841153 -1.716374 -44.880249 
-6.445988 -2.454744 -45.178552 
-6.827797 -3.132711 -44.550395 
-6.710709 -2.863527 -43.594450 
-5.868899 -2.886785 -44.133722 
-5.677182 -2.108936 -43.535228 
-5.994305 -1.875614 -42.615992 
-5.376388 -1.529745 -41.909910 
-5.089857 -1.555853 -40.952194 
-4.191930 -1.743197 -41.350477 
43.437252 2.338483 44.362354 
43.069571 1.413262 44.268670 
42.294470 1.217831 43.667816 
42.328031 0.231839 43.504433 
41.617528 -0.403771 43.806402 
40.618848 -0.447939 43.832629 
40.214974 -1.181027 44.379865 
40.058598 -1.716487 45.209823 
40.189732 -1.114983 45.997856 
40.427512 -0.876606 46.939470 
40.478197 0.052464 46.573055 
41.330789 -0.103154 46.074185 
42.246880 0.054493 45.705504 
42.822579 0.621150 46.294970 
43.301372 0.038861 46.952007 
42.776368 0.037014 47.803105 
43.558639 -0.559172 47.983701 
44.524235 -0.493127 48.235221 
44.411230 0.446784 48.557394 
43.766644 0.736459 49.264923 
43.136076 1.488493 49.073018 
43.789823 1.659684 48.335923 
44.238649 2.542620 48.473691 
43.921829 2.660023 49.414883 
43.332922 3.384716 49.057100 
43.145618 3.128378 50.005366 
43.466683 3.854918 50.612866 
42.806234 4.376577 51.152940 
42.332045 3.539146 50.881179 
42.126139 4.265354 50.225265 
42.028337 5.249398 50.373903 
41.132244 5.684046 50.463895 
40.781734 4.966187 51.065410 
40.100045 5.671973 51.258196 
39.680370 4.764579 51.235606 
38.846023 4.338339 51.585154 
38.188871 4.791481 50.982814 
37.764675 3.895022 50.854671 
38.351229 3.139513 51.146492 
38.128712 3.342556 52.100043 
37.837989 2.392973 51.982687 
37.009168 2.731198 52.428398 
37.371225 2.537120 53.340127 
36.422239 2.820317 53.478782 
36.065151 3.452332 54.166565 
35.772542 3.766273 53.263337 
36.076673 3.821477 52.312308 
35.734793 4.698311 52.650361 
35.781591 5.336734 53.418623 
35.941235 4.501384 53.944649 
35.349839 4.031208 54.599771 
35.282430 4.859489 55.156014 
35.032425 5.178550 54.241849 
34.772797 5.031513 53.287400 
33.961168 4.526181 53.580483 
33.505385 4.189764 52.756417 
32.567946 4.432255 52.506606 
21.659832 15.450183 87.123454 
21.764647 16.307745 86.619866 
22.065505 17.142875 87.080347 
21.890744 17.841178 86.386206 
21.770174 18.365478 85.543251 
21.817522 18.606808 84.573964 
21.928991 19.442986 84.036952 
21.181491 20.106821 84.013165 
20.441048 19.593630 84.447191 
20.584679 18.611637 84.324468 
21.016819 17.802635 84.722929 
20.832802 16.916193 85.147615 
20.103900 16.231836 85.128691 
19.863384 15.264334 85.206739 
19.107707 15.126779 84.566402 
18.499244 14.356170 84.376838 
17.745250 14.608524 83.770365 
17.913044 14.460646 82.795697 
17.225971 13.887782 83.242640 
16.433067 14.208427 83.760799 
16.778689 15.041955 83.329782 
15.862655 15.232426 82.976791 
15.071343 15.414496 82.393116 
14.475831 14.729742 81.973025 
14.015245 15.352483 82.605523 
14.172562 14.465081 83.038845 
13.276326 14.033649 83.141942 
12.771598 13.268892 83.542437 
13.155984 12.350724 83.446441 
13.883036 11.822873 83.007387 
14.718506 12.178413 83.426411 
14.687975 12.617034 82.528257 
13.834194 13.061651 82.799134 
13.545666 13.523863 81.960617 
13.095788 14.083295 81.264451 
12.254333 14.463927 80.880952 
12.536963 13.806133 80.182792 
11.572903 13.603500 80.010957 
12.080478 12.750450 80.132094 
54.414852 44.200083 28.320154 
54.123940 44.930432 27.702125 
53.125218 44.979047 27.688328 
52.625863 45.812368 27.451222 
52.870499 46.495839 26.763457 
52.310641 46.709868 25.962988 
51.739195 47.364309 25.467855 
52.663465 47.292663 25.092901 
53.081111 46.388343 25.004715 
53.981963 46.052036 24.730193 
53.321197 45.623850 24.113715 
53.179817 46.153352 23.277271 
53.198232 46.512215 22.344062 
53.334929 47.356659 21.826156 
52.825184 47.408261 22.684933 
52.290845 48.253427 22.698195 
51.444809 47.728305 22.606158 
50.482913 47.804754 22.868669 
50.406280 48.679861 22.390844 
49.843470 48.695048 23.217291 
49.274534 49.072736 22.486769 
49.078850 50.011524 22.770289 
49.607492 50.723886 22.308686 
49.587072 51.604389 22.782287 
49.146158 52.154326 23.491627 
48.737590 51.284548 23.768320 
48.132880 52.038776 24.024182 
47.942514 52.929614 23.611668 
48.698304 53.567110 23.761271 
48.112859 54.266920 24.170563 
47.385498 53.877593 23.605435 
47.006545 54.492529 22.913880 
46.097013 54.180099 22.639765 
45.255888 54.007202 22.127304 
45.253031 55.005254 22.064982 
45.050361 55.226888 21.111146 
44.509478 54.713751 20.444710 
44.948169 53.993750 19.906985 
45.680850 54.637615 19.686493 
46.099860 54.121903 18.939184 
46.597493 53.254532 18.933784 
45.936969 53.257111 19.684585 
45.687757 52.561885 20.358791 
45.699259 51.960896 21.157966 
46.387114 52.656387 21.365686 
45.829562 53.428810 21.061552 
46.352341 54.260783 21.247354 
46.096515 55.180290 20.948926 
45.894612 55.760101 20.159587 
45.186880 56.363907 20.526376 
44.219195 56.193661 20.712391 
43.491855 56.491442 21.330698 
43.311986 55.736602 20.699933 
42.387647 55.360234 20.637120 
41.608965 55.447048 20.015736 
40.941418 55.961283 19.477271 
40.275478 56.685901 19.654615 
39.289297 56.816711 19.552943 
38.384174 56.395660 19.494056 
37.889287 57.225741 19.751060 
37.535585 57.553402 18.874970 
37.011271 57.108432 18.148956 
37.631410 56.496653 17.657881 
37.969076 55.720112 17.125936 
38.043644 55.359014 18.055477 
38.425649 54.839112 17.291426 
39.264820 54.869932 16.748432 
38.487328 55.145269 16.183015 
38.873735 54.297858 15.818893 
39.707539 53.745837 15.825401 
39.717672 53.537021 16.803304 
40.298857 53.008377 17.421979 
40.820490 52.531042 18.129122 
41.675135 52.614201 17.616611 
41.616402 53.039871 18.519581 
41.785757 53.964133 18.177443 
42.314547 54.065186 19.020159 
43.307601 53.949219 19.000294 
43.454158 53.127400 18.449719 
44.155261 52.927988 19.134327 
45.051052 52.570409 19.398327 
44.703440 51.633225 19.427518 
45.252911 50.808380 19.560606 
46.192539 51.148905 19.594374 
45.797824 51.014466 20.503288 
45.951739 50.685713 21.435078 
45.169098 50.430637 22.002888 
44.337613 50.292463 22.540979 
43.586436 50.156484 23.186922 
44.237463 49.400212 23.251858 
45.008692 48.963076 23.714586 
45.450490 48.756465 24.587585 
46.189018 48.302711 24.088903 
45.942753 47.349960 23.911087 
45.082447 46.958264 23.584824 
44.833533 46.778408 22.633144 
44.665974 45.801404 22.765005 
44.579095 44.870882 23.120789 
44.006307 45.486295 23.662250 
43.335751 46.165825 23.959898 
43.142407 45.467324 24.648892 
43.400480 45.795902 25.557427 
42.713766 45.708283 26.279055 
42.054609 45.544741 27.013062 
42.039414 44.672724 26.523824 
41.110995 45.008030 26.363800 
40.541318 44.235837 26.082399 
