-14.135082 29.861288 2.638034 
-14.075383 29.009929 2.116859 
-14.295790 28.734966 1.181009 
-15.020285 28.221988 0.720618 
-15.561809 28.795963 1.334869 
-15.921065 27.889034 1.554904 
-15.586001 28.329675 2.387711 
-16.111656 29.005752 2.904052 
-15.321840 28.936672 3.513493 
-14.394339 28.578231 3.619620 
-14.361827 28.802324 4.593645 
-13.556809 28.232522 4.428505 
-13.255194 28.720353 5.247681 
-12.480343 28.257072 4.817592 
-12.802528 27.379117 5.171700 
-12.758326 27.731098 6.106663 
-11.834734 27.459583 6.377323 
-12.499723 27.522598 7.121513 
-12.755260 28.371812 7.583613 
-11.935376 27.983292 8.004139 
-11.781689 28.965780 8.109485 
-11.352785 29.855166 7.951262 
-10.906168 29.585313 7.098201 
-10.371382 30.160287 7.717402 
-10.610889 30.683250 8.535415 
-10.112638 29.850935 8.778307 
-9.211276 30.096514 8.421603 
-8.343614 30.308416 8.871336 
-8.682697 30.995157 9.514305 
-8.499742 31.915357 9.860367 
-9.262585 31.998938 9.219208 
-9.743273 32.117766 8.350405 
-10.331689 32.538374 9.040952 
-9.834659 33.402446 9.120589 
-9.370087 34.228095 8.800471 
-8.579511 34.811987 8.985024 
-8.394011 34.765310 8.003489 
-9.186381 35.363200 7.882337 
-9.578476 35.350821 8.802179 
-10.000472 36.180307 9.168066 
-9.934078 36.564462 8.247188 
-10.928329 36.670284 8.230833 
-11.577138 37.368261 8.533940 
-12.240539 36.816586 8.028417 
-12.593713 36.700595 7.100077 
-12.589360 37.483341 6.477751 
-12.281146 37.719221 5.556141 
-11.907401 36.811327 5.745991 
-11.253150 37.023158 5.019986 
-10.537816 36.654110 5.613366 
-10.949022 36.027023 4.951798 
-10.614722 35.120827 4.692857 
-10.614817 34.126719 4.801259 
-10.425642 34.085972 3.820162 
-10.106213 33.166217 3.592091 
-9.461729 33.079368 4.351761 
-9.006071 33.461675 3.547885 
-9.088224 34.215441 4.199872 
-9.319140 34.683584 3.346924 
-9.403250 35.586424 2.925255 
-10.398044 35.537683 3.014748 
-11.100755 35.348935 2.328767 
-11.274318 36.332908 2.369656 
-10.687701 37.111689 2.147438 
-9.768642 36.871466 1.834989 
-10.018865 37.838872 1.796094 
-10.932602 38.233289 1.698520 
-11.060552 38.922526 0.985372 
-11.779462 39.564461 1.251997 
-11.768027 39.721132 0.264412 
-12.676787 39.376829 0.500229 
-12.784503 39.884608 -0.354498 
-12.545801 40.234658 -1.260305 
-13.247157 40.842158 -1.633191 
-13.415300 40.786961 -2.617407 
-12.945093 41.445544 -3.204922 
-13.390538 41.526641 -4.096551 
-13.099042 41.642887 -5.046033 
-12.170881 41.355154 -4.809967 
-12.534948 40.424200 -4.782058 
-13.165340 39.946619 -5.394041 
-13.535286 39.929020 -6.322927 
-12.932228 39.415550 -6.933394 
-13.488837 38.601810 -6.766023 
-14.218172 38.189521 -6.220049 
-14.014177 37.537319 -6.950130 
-13.476818 36.743423 -6.665570 
-13.291509 35.905127 -7.178328 
-12.526276 36.017791 -6.544511 
-12.169269 35.147213 -6.883096 
-12.230885 35.900367 -7.538048 
-12.649883 35.823964 -8.442814 
-12.007183 35.090564 -8.221316 
-11.280148 34.430504 -8.032267 
-11.646261 33.502321 -7.965649 
-12.556222 33.114091 -7.819882 
-13.254740 33.223919 -8.526996 
-13.210567 32.235928 -8.675056 
-14.043408 32.189197 -8.123519 
-14.201836 31.659557 -8.956815 
-13.439254 31.013108 -8.932874 
-12.774940 31.405160 -8.296492 
-11.897027 31.706307 -7.924229 
-12.046455 31.115696 -7.131228 
-12.824446 31.220285 -6.511720 
-12.746622 32.085603 -6.016575 
-13.586557 31.961533 -6.544890 
-13.953890 32.752520 -6.055599 
-14.593611 32.211393 -6.601435 
-14.635942 33.165766 -6.897036 
-15.013568 33.403862 -6.002213 
-14.922918 32.482143 -5.625097 
-15.675858 32.243154 -6.238257 
-16.221821 32.185003 -5.402468 
-16.662262 31.476003 -5.953222 
-16.814816 31.476407 -6.941517 
-17.390867 32.288657 -7.033247 
-17.839166 32.786760 -7.775488 
-18.703766 33.284941 -7.710040 
-18.530661 33.592493 -6.774387 
-17.639403 33.816102 -6.379853 
-17.128056 33.120724 -5.874904 
-17.356415 33.157747 -4.902031 
-22.558082 -46.038612 17.807274 
-22.177931 -46.458947 18.631170 
-21.256844 -46.114773 18.813221 
-20.290933 -46.329868 18.669172 
-20.581738 -47.190371 19.087462 
-21.052681 -47.057358 19.959540 
-20.395306 -46.437134 20.387535 
-20.938336 -46.986655 21.022472 
-20.272959 -46.729120 21.723150 
-21.095507 -46.411580 22.194937 
-20.720156 -46.971485 22.933596 
-20.478982 -47.032232 23.902175 
-19.566242 -47.117621 23.502657 
-19.561509 -46.187243 23.869229 
-19.450909 -45.195071 23.811240 
-20.268088 -44.654930 23.610078 
-21.265876 -44.692499 23.664914 
-22.026440 -45.173169 24.101375 
-22.974744 -44.891992 24.248542 
-23.353414 -45.017845 23.331606 
-23.905820 -45.736233 23.754414 
-24.340032 -46.565436 23.402444 
-24.556968 -46.698811 22.435413 
-25.071645 -47.427184 22.887719 
-24.807395 -48.272101 22.422652 
-25.313010 -48.763356 23.131894 
-24.539798 -49.354198 23.362218 
-25.300624 -49.760843 23.867969 
-25.080997 -50.430661 24.577270 
-25.716970 -50.784483 23.891451 
-25.305860 -51.522228 23.355987 
-25.864298 -51.148046 22.615626 
-24.913417 -50.952344 22.375783 
-25.190672 -51.697508 21.769269 
-25.328987 -52.349524 22.514752 
-26.146941 -52.627067 22.010845 
-26.604392 -52.226514 21.216933 
-26.829077 -52.665598 20.347036 
-26.040385 -53.059721 19.875196 
-26.565187 -53.702290 19.316906 
-25.998571 -53.543516 18.508366 
-26.176624 -53.903211 17.592442 
-25.586943 -53.787721 16.793105 
-26.129841 -52.955670 16.906922 
-25.239859 -52.554327 17.123382 
-24.948154 -51.830356 17.748502 
-24.909738 -51.141956 18.472815 
-24.211148 -51.510667 19.086022 
-24.479856 -51.186348 19.993002 
-25.470850 -51.251187 20.110162 
-25.421144 -50.337894 20.514420 
-25.867933 -49.450984 20.397069 
-25.822765 -48.732842 19.702640 
-24.907714 -48.592645 19.324451 
-24.502173 -48.818469 18.438709 
-24.108025 -49.239844 17.621953 
-23.626146 -48.837432 16.843585 
-22.856451 -49.294258 16.397627 
-22.734396 -48.302487 16.358985 
-21.868526 -48.084465 15.908723 
-21.539307 -47.227939 15.511259 
-21.620791 -47.452438 14.540197 
-21.961025 -46.533285 14.341703 
-21.689664 -45.674400 14.776076 
-20.951172 -45.063738 15.061948 
-20.845053 -44.277779 15.671051 
-20.810145 -44.348064 16.667967 
-19.955866 -43.924088 16.968719 
-19.016483 -43.611480 16.827879 
-18.582099 -43.862230 17.693000 
-17.735399 -44.136162 17.236862 
-17.511462 -44.494334 18.143265 
-17.947107 -44.922160 18.935210 
-17.526774 -45.703718 18.474248 
-17.601734 -46.574323 17.988009 
-18.279917 -47.275111 17.766731 
-19.239792 -47.000814 17.708420 
-19.265173 -46.089415 17.297679 
-19.765019 -45.501925 16.661276 
-20.570833 -45.825768 17.157048 
-20.087209 -45.593964 18.001071 
-20.691984 -44.804671 17.894940 
-20.676025 -43.927733 18.375278 
-19.703145 -44.145587 18.453015 
-19.218723 -45.012118 18.332771 
-19.386430 -45.478060 19.201547 
-19.266039 -44.953852 20.044585 
-20.096100 -45.495866 19.913361 
-20.862522 -44.856337 19.973363 
-21.262559 -44.645965 20.865390 
-21.566323 -43.992139 20.172398 
-21.024303 -43.658150 20.943543 
-20.035945 -43.787744 21.023261 
-19.250303 -44.277481 21.401315 
-18.502844 -43.972646 21.991553 
-19.354327 -44.239252 22.443103 
-20.292967 -44.556491 22.578434 
-21.061352 -45.184768 22.456566 
-21.964506 -45.062328 22.045079 
-22.453341 -44.572241 21.323375 
-23.284022 -44.982948 20.947492 
-24.175466 -45.417477 20.818993 
-23.670650 -46.241054 21.077608 
-24.204514 -47.084857 21.132248 
-23.740899 -47.835763 21.602568 
-22.979666 -47.615730 20.992560 
-22.259231 -47.107665 20.520496 
-21.711379 -47.858517 20.889387 
-21.133520 -48.147715 20.126208 
-21.947817 -48.249381 19.554731 
-22.805348 -48.557444 19.966723 
-23.694108 -48.456226 20.413781 
-24.496958 -48.744297 20.935745 
-25.388189 -49.002370 21.308714 
26.939118 -6.719972 -13.046626 
26.652161 -6.193803 -13.847126 
26.075625 -5.378115 -13.894654 
25.339530 -4.827911 -14.288913 
25.878543 -4.018637 -14.055374 
26.873279 -4.038316 -13.954807 
26.766795 -3.416700 -14.730857 
26.031875 -3.170124 -15.362596 
26.617832 -3.240791 -16.169851 
26.481285 -2.251203 -16.124339 
25.763061 -1.686084 -16.530289 
25.990903 -1.870370 -17.486389 
26.617510 -1.277152 -16.980962 
27.428360 -1.616938 -17.457477 
27.910658 -1.353587 -16.621993 
27.401939 -1.210596 -15.773018 
27.910385 -1.407260 -14.934683 
28.076143 -0.477834 -15.264366 
28.809982 0.011255 -15.735823 
29.029485 -0.501975 -16.565530 
29.107965 -0.629395 -17.554269 
28.765500 -1.534784 -17.303293 
28.944131 -2.223862 -18.005620 
28.961721 -1.428105 -18.610981 
29.705033 -0.760340 -18.571263 
29.731150 -1.427159 -19.316025 
30.019815 -1.307408 -20.265936 
30.113182 -1.596315 -21.218730 
30.699309 -0.786247 -21.234340 
31.589285 -0.330967 -21.208594 
31.816771 -0.663215 -20.293246 
31.803090 -1.610511 -19.973178 
32.316651 -1.694172 -19.119214 
32.422468 -2.028815 -18.182829 
32.910047 -2.343104 -17.368281 
32.658266 -3.274981 -17.629452 
31.683793 -3.077672 -17.522344 
31.353863 -3.626388 -16.754193 
31.021447 -2.688810 -16.651990 
30.267824 -3.329197 -16.800168 
29.615745 -2.867605 -16.198731 
30.258689 -3.066622 -15.459125 
30.006820 -2.239201 -14.957193 
30.436942 -1.853790 -15.773558 
30.698214 -0.895192 -15.886815 
31.268443 -0.097353 -15.691131 
31.909002 0.072331 -16.440058 
31.007609 -0.256060 -16.722280 
30.323528 0.472978 -16.745497 
30.862248 0.898167 -17.472818 
31.346490 1.151749 -18.310198 
31.281221 0.155699 -18.370404 
30.418005 -0.076105 -18.818874 
30.800926 -0.903492 -18.408019 
30.516662 -1.330351 -17.549540 
31.405852 -1.743004 -17.351906 
30.891836 -2.485797 -17.780913 
31.291311 -2.781435 -18.648679 
31.716039 -2.518687 -19.515033 
32.276687 -3.186686 -19.025696 
33.003299 -2.512413 -19.157575 
33.267994 -1.856180 -19.864183 
34.005637 -2.415175 -19.485492 
34.636145 -2.515680 -18.715844 
35.630188 -2.556893 -18.614948 
36.146915 -2.212917 -17.830937 
35.246956 -1.950182 -17.483025 
34.601688 -2.714107 -17.475998 
33.906809 -1.995161 -17.459870 
34.255200 -1.066889 -17.590004 
34.670974 -1.515292 -18.381248 
34.812268 -0.537913 -18.538622 
33.820537 -0.605629 -18.429610 
32.860854 -0.734451 -18.679438 
33.100138 0.105253 -18.191955 
33.839642 0.663351 -17.815577 
34.594906 0.876809 -17.195890 
33.883511 1.579339 -17.176685 
33.785785 2.090414 -16.322723 
33.716777 1.258730 -15.771780 
33.227763 0.454740 -16.110106 
32.477749 0.156058 -15.519963 
32.585294 -0.709615 -16.008885 
33.305057 -1.126601 -16.563921 
33.520173 -1.413765 -15.630507 
34.250053 -1.899302 -16.111681 
34.102226 -2.780857 -15.663341 
33.528900 -2.376083 -14.950982 
33.001856 -3.113618 -14.528766 
33.212477 -4.020195 -14.894493 
32.871629 -4.106840 -15.830610 
33.642038 -4.706645 -16.046722 
33.083029 -5.490013 -15.774982 
32.508246 -6.304379 -15.855191 
32.144585 -5.479338 -16.287694 
32.597729 -5.493987 -17.179011 
33.406269 -5.105329 -17.620834 
33.320732 -4.931355 -18.601862 
33.053893 -3.989402 -18.398095 
32.264970 -4.539430 -18.672084 
32.069351 -5.201645 -19.395413 
-5.151922 10.188988 38.573274 
-5.955418 10.365006 38.004582 
-5.800783 11.346901 37.895174 
-6.077978 12.114648 38.472866 
-6.344019 12.813123 37.808520 
-5.825750 13.155434 37.024798 
-5.779361 13.246828 36.030065 
-6.492007 12.648009 36.395512 
-5.684151 12.058700 36.404731 
-6.143505 11.193796 36.607057 
-5.436502 10.486598 36.602735 
-5.034621 10.385916 35.692595 
-5.626315 9.778384 35.162687 
-5.842340 8.805813 35.076428 
-5.433567 8.334426 34.294957 
-4.911957 7.837762 33.601235 
-5.221957 6.897175 33.739785 
-5.744204 7.227140 34.526158 
-6.294079 6.392122 34.506597 
-6.726891 5.923846 35.276916 
-7.500791 5.457187 35.705061 
-7.062691 4.574688 35.876126 
-7.215518 4.305432 34.925260 
-6.364765 3.821967 35.131372 
-6.411608 3.287183 34.287682 
-7.353080 2.950116 34.291860 
-7.818391 3.174642 33.435662 
-8.287978 3.531776 32.628232 
-8.179726 3.742398 31.656677 
-7.573567 2.973383 31.453727 
-8.461434 2.643340 31.133159 
-8.017653 1.943988 30.572834 
-7.264097 1.359364 30.272219 
-6.483003 1.753523 30.756503 
-6.499132 0.766005 30.599828 
-6.390795 0.688695 29.608724 
-6.976927 0.023108 29.146726 
-7.814710 0.125221 29.683096 
-8.784379 0.053823 29.916857 
-9.240193 0.355099 29.079321 
-10.169279 0.490494 29.423512 
-10.690952 0.826391 28.639274 
-10.436046 1.430529 27.884264 
-11.255421 1.551089 27.323827 
-12.046693 2.140682 27.161751 
-12.168029 1.862921 28.114708 
-12.774996 1.072765 28.199827 
-12.963466 0.362269 28.877819 
-12.451109 -0.107961 29.596411 
-12.726898 -0.285709 30.541052 
-13.411285 0.079907 31.171876 
-13.089565 -0.031597 32.112122 
-12.110513 0.052786 32.297424 
-11.273492 -0.494049 32.278275 
-12.063943 -1.082906 32.446899 
-12.609337 -0.513960 33.062404 
-12.807530 -0.191226 33.987911 
-13.241349 0.091072 34.843544 
-13.091842 1.001195 34.457122 
-13.872615 1.595957 34.648569 
-14.445727 1.375367 35.437799 
-14.057301 0.581629 35.905886 
-14.235072 1.099539 36.742646 
-14.094484 2.085626 36.653947 
-13.404521 2.664793 37.088133 
-13.857441 2.881970 37.952828 
-13.849326 3.838157 37.660185 
-12.906381 3.523372 37.768646 
-12.037812 3.597565 38.258630 
-11.333867 3.241089 38.872947 
-11.557488 2.773909 39.728363 
-12.549765 2.784784 39.851925 
-13.547843 2.779826 39.790161 
-13.257283 3.310497 40.586379 
-13.899813 2.742537 41.100750 
-14.226770 1.800439 41.175253 
-13.553684 2.016030 41.882696 
-12.677459 2.342905 42.236789 
-12.831488 1.899026 43.119538 
-12.588764 1.513798 44.009867 
-12.459568 1.661326 44.990450 
-12.464593 1.344361 45.938874 
-13.416740 1.224912 45.657540 
-13.529072 1.294442 46.648775 
-14.267696 0.789475 47.095366 
-15.066269 0.369751 47.526774 
-14.945494 0.075117 46.578826 
-14.086102 -0.103411 46.099688 
-13.647499 -0.405586 45.253333 
-12.848384 -0.412147 45.854475 
-12.562228 -1.370326 45.857299 
-11.785596 -1.189513 46.460747 
-11.182088 -1.653427 47.109254 
-10.634182 -2.084414 46.392281 
-11.369974 -2.199359 45.724899 
-11.630561 -3.046324 46.188305 
-11.777912 -3.874608 46.728891 
-11.449890 -4.028803 47.660892 
13.689418 68.324088 45.415874 
13.267232 67.982990 46.255762 
12.792386 68.665010 45.699552 
12.219114 69.365149 46.125186 
13.019677 69.730029 46.600539 
13.916616 69.383221 46.326267 
14.477502 69.768197 47.059207 
14.004342 68.899403 47.205209 
14.511423 68.070873 47.442709 
14.998839 68.890374 47.744111 
15.947107 68.629205 47.924608 
16.825620 68.408868 48.348479 
16.272474 68.625825 49.152817 
16.619990 69.507526 49.471934 
17.554202 69.762950 49.222923 
17.595131 70.572853 49.808058 
17.285457 71.511698 49.657487 
16.730372 72.065319 50.278280 
17.473597 72.729606 50.357906 
17.955575 73.244539 51.066807 
17.480665 72.486972 51.514637 
17.030752 72.119991 52.328826 
17.955585 72.449107 52.519525 
18.771034 72.365656 51.946743 
19.330848 72.896033 52.583382 
20.046319 72.691331 51.915401 
20.904599 72.237086 52.154182 
20.957271 72.063169 51.170831 
21.846291 71.801305 50.795237 
21.364779 71.637300 49.934279 
21.737651 70.751238 50.209706 
22.024142 69.934992 49.708045 
22.595555 69.315357 50.246134 
23.579715 69.393399 50.405319 
23.772282 68.418796 50.291007 
24.711911 68.283994 49.976481 
25.479286 67.993140 49.405044 
24.801044 68.286590 48.731341 
25.511207 67.794179 48.228152 
26.483215 67.901179 48.437323 
27.231047 68.515369 48.185296 
26.362692 68.690475 47.721294 
25.490643 68.960517 48.129470 
25.628688 69.379946 49.026701 
26.104390 69.405921 49.905924 
25.321724 69.470447 50.525012 
25.199320 70.462889 50.533729 
26.051032 70.648773 51.023662 
26.465570 71.032950 51.848626 
26.944628 71.137232 52.720193 
27.122023 71.730836 53.505155 
26.300533 71.160634 53.510042 
25.699064 71.896097 53.822018 
25.055894 71.399764 53.238934 
25.348922 70.450846 53.355928 
24.402688 70.198445 53.558251 
23.773205 69.503144 53.211396 
24.241612 68.662794 53.484170 
24.512591 68.035664 54.214429 
23.591175 67.765968 54.494173 
23.401288 68.406619 55.238155 
22.818706 68.544871 56.039082 
22.145192 68.633055 56.772977 
21.534856 67.840922 56.776811 
20.991112 68.679253 56.816124 
20.210919 69.298585 56.728230 
20.854492 69.741447 56.103980 
21.301282 69.917909 56.981043 
22.216657 70.024403 56.592781 
22.469488 69.949902 55.628143 
23.006898 69.731715 54.813536 
23.809844 70.134234 54.373928 
24.006616 70.256299 55.346749 
24.376884 70.648014 56.189044 
24.310315 70.183220 57.071956 
23.686129 70.568932 57.751381 
22.840592 70.790219 57.265481 
23.205496 71.198632 56.428794 
22.792277 71.877954 55.822352 
22.142333 71.225868 56.212680 
21.304869 70.731587 55.979569 
21.262455 71.265656 56.823946 
20.417931 70.937503 57.247143 
20.985952 70.577892 57.987436 
20.414046 70.055642 58.620032 
19.998208 69.473487 57.921338 
19.484739 68.628291 57.773035 
19.468932 68.733804 58.767327 
19.239157 67.867319 59.210506 
18.977356 67.148824 59.854885 
18.489299 66.932493 59.009307 
17.648967 67.472340 58.960244 
16.689583 67.261888 58.772385 
17.141014 66.463685 58.373534 
17.677868 66.164452 57.584707 
-33.646882 69.276788 17.005874 
-33.857150 68.658961 17.763554 
-33.881358 69.615592 18.053850 
-34.598726 70.247133 18.348023 
-33.948309 69.923601 19.035252 
-32.968791 69.844558 19.220443 
-32.424985 70.427914 18.617144 
-33.237611 70.467463 18.035702 
-33.862791 71.018225 17.482700 
-33.984992 71.429175 18.386130 
-33.121168 71.685642 17.952502 
-32.223064 71.796315 18.378132 
-32.360037 72.222000 17.483687 
-32.282888 72.399657 16.502623 
-32.809295 71.877082 15.831944 
-31.865105 71.554880 15.763451 
-31.119855 71.403859 16.412908 
-31.340314 71.408241 17.388295 
-31.628166 70.728077 18.062474 
-31.364642 71.344322 18.804632 
-30.731809 71.967919 18.345666 
-30.327365 72.864006 18.162766 
-30.414059 73.341067 17.288182 
-31.151635 73.736379 16.740724 
-31.545191 73.775244 17.659203 
-30.814787 74.409974 17.406960 
-30.814200 75.409879 17.393134 
-31.039140 75.927438 18.218685 
-30.295758 75.382475 18.606497 
-29.419228 75.143695 19.024444 
-29.646802 76.060617 19.352262 
-28.756527 76.513504 19.304272 
-28.401844 76.634111 18.377097 
-28.276221 77.622478 18.462823 
-27.298260 77.442621 18.356786 
-26.972271 77.247030 17.431867 
-26.810499 76.261111 17.389510 
-25.947881 75.827321 17.129286 
-25.273851 75.715604 16.399079 
-25.485742 75.538281 15.438008 
-26.281525 75.474889 14.835753 
-26.832466 75.736760 14.043359 
-27.534295 76.441340 13.938459 
-27.820491 77.237456 14.471649 
-28.712069 76.791787 14.552069 
-28.818811 76.252048 15.387106 
-28.677130 75.330613 15.748887 
-28.477602 74.429829 15.363170 
-28.877123 73.730457 14.770497 
-29.686149 73.874139 15.340437 
-30.097530 73.024295 15.669876 
-30.160320 73.850023 16.230439 
-29.549732 74.435929 16.763257 
-28.872896 74.283807 17.483502 
-27.933055 74.160457 17.802065 
-27.837028 74.722939 18.623280 
-27.666540 74.151411 19.425957 
-27.057606 73.527256 18.936438 
-26.183741 73.856394 19.294247 
-25.484210 73.233502 18.944015 
-25.955954 72.704907 19.649738 
-25.348337 73.171694 20.292321 
-25.447088 73.183808 21.287360 
-25.848359 73.791106 21.973049 
-25.257700 74.175044 22.682777 
-25.391601 74.889697 21.996235 
-25.700231 75.695177 22.502150 
-26.122955 74.819775 22.736621 
-26.956713 74.479103 22.302121 
-27.319705 74.642483 21.384765 
-27.566629 75.594129 21.202011 
-26.953233 75.212141 20.510758 
-27.169877 76.030344 19.978208 
-27.010426 76.998325 20.172085 
-26.476771 76.584747 20.909761 
-25.683176 76.568985 20.301518 
-25.324045 75.663549 20.527818 
-25.789618 75.876348 21.386863 
-24.840272 75.562566 21.403655 
-24.032150 76.110377 21.187224 
-23.560183 75.691090 20.411695 
-23.533269 76.266789 19.594475 
-23.362328 77.204171 19.897944 
-22.550153 77.039567 19.338232 
-22.026571 77.680894 19.899091 
-21.633172 77.561912 18.987455 
-21.729811 77.039444 18.140291 
-21.273421 76.174648 17.930920 
-21.194930 75.966767 18.905920 
-21.647183 76.149307 19.778930 
-22.586797 75.957194 19.495702 
-22.021983 75.187773 19.197412 
-21.963806 74.585958 18.400899 
-21.133366 74.029060 18.416218 
31.427618 45.533088 38.182174 
31.505673 46.527831 38.115889 
32.448618 46.355309 38.400651 
33.275033 45.982769 37.978452 
34.130757 45.493716 38.147461 
34.168250 46.474359 38.339642 
35.085098 46.852717 38.212226 
35.699967 47.640838 38.183918 
36.123770 47.062743 38.881196 
35.188459 47.340995 39.099757 
35.628171 46.816747 39.829014 
35.843421 47.087569 40.767269 
36.619557 47.375025 40.206038 
36.792167 46.655602 40.878820 
37.037423 47.534576 41.287788 
37.729487 47.782027 41.965885 
37.457123 48.618378 42.441631 
38.135205 49.090061 41.877964 
38.506418 48.233888 41.518562 
38.166358 47.538947 40.884988 
38.373259 48.322279 40.298828 
39.179595 48.832218 39.999188 
39.431470 48.238898 39.234642 
38.866028 48.529233 38.462644 
38.044664 48.694784 37.916793 
37.562359 49.527286 38.189415 
37.057497 50.348180 38.456336 
37.653027 50.090076 39.217077 
38.383914 49.494309 39.550042 
38.630921 50.232809 38.922663 
39.323396 49.547448 38.697366 
38.788935 49.438643 37.859206 
38.509692 50.320504 37.479277 
37.941156 49.547409 37.198046 
37.283024 48.813265 37.031031 
36.821530 48.448495 37.839713 
35.889429 48.510480 37.482860 
35.108055 49.009849 37.108578 
35.721614 49.056617 36.320315 
35.592165 48.281722 35.701622 
34.982876 48.565545 34.961209 
34.069890 48.292280 35.264166 
33.989189 48.308567 36.260772 
33.219760 47.925931 35.749334 
32.590541 47.689794 35.008846 
31.839931 47.062783 35.217272 
31.242418 47.508090 34.550429 
31.255334 48.486840 34.755077 
31.526010 49.411966 34.488850 
31.984748 50.230403 34.834856 
31.361469 50.991571 34.655565 
30.427173 50.661126 34.789345 
29.635868 50.963323 35.320865 
29.212132 51.869098 35.316536 
29.000735 51.483982 36.214865 
29.434066 52.384352 36.254320 
29.757232 52.232485 37.188398 
30.420413 51.685726 36.677276 
30.770722 51.511793 37.597619 
30.182118 50.890115 38.114399 
29.278504 51.214604 37.834773 
29.169434 51.273183 38.827080 
29.058637 50.366290 38.420547 
28.131272 50.484746 38.065635 
27.219947 50.213926 38.375702 
27.194018 50.836936 39.157486 
26.284136 51.221548 39.313013 
26.875024 51.536871 40.055592 
27.857593 51.682466 40.171186 
27.396474 51.155923 40.885415 
28.195863 50.638377 41.190577 
27.691470 49.776662 41.135485 
27.580793 49.324884 40.250246 
27.756883 49.842108 39.412707 
27.770726 50.587392 40.079310 
26.910186 50.081166 40.022701 
26.050155 50.092638 40.532815 
25.788434 50.455161 41.427286 
25.585714 51.415165 41.620414 
26.389469 50.999171 42.045769 
26.207824 50.399632 42.825229 
25.620948 50.450298 43.633319 
24.832741 49.839740 43.710442 
24.519581 50.745589 43.995693 
25.342809 50.808379 44.559920 
25.808511 50.586599 45.416620 
24.955293 50.647837 45.934567 
24.005285 50.848001 46.174187 
24.224294 50.209403 46.911905 
23.286830 50.141639 47.253327 
22.678165 50.056877 46.464439 
0.199118 -54.121012 66.916974 
-0.330309 -54.839221 67.368510 
0.448757 -55.428302 67.583081 
0.269405 -55.874546 68.459836 
-0.447996 -55.559210 69.081045 
-0.188170 -54.740417 69.592971 
0.595304 -55.154320 69.129449 
0.756324 -55.048211 70.110679 
-0.062011 -55.601020 70.267934 
0.210122 -56.557166 70.376231 
0.024462 -57.183039 69.618726 
-0.073538 -56.839338 68.684775 
0.101591 -57.186538 67.763481 
0.030679 -56.666340 66.912385 
-0.925923 -56.936940 67.020497 
-0.700857 -56.071764 66.572372 
-0.635110 -55.415022 65.821128 
-0.023719 -55.016549 65.137447 
0.726326 -54.644207 65.684066 
1.153157 -55.118144 64.913872 
1.870844 -55.772584 64.675894 
1.187482 -56.501671 64.637831 
0.670537 -57.119624 64.045462 
-0.328634 -57.090666 64.016863 
-1.018097 -57.587066 64.544337 
-1.174914 -58.482610 64.127913 
-1.139789 -58.718461 63.156758 
-1.278398 -57.883984 62.623433 
-0.864037 -56.979827 62.519480 
-1.422590 -57.212942 61.723442 
-2.399827 -57.394660 61.613957 
-2.017954 -58.038328 60.950734 
-2.554753 -58.818566 60.629680 
-3.375858 -58.502778 60.154217 
-4.312046 -58.751269 59.905613 
-4.934524 -58.663391 60.683301 
-5.304644 -58.782304 61.604643 
-5.833054 -59.380042 61.001739 
-6.758684 -59.631885 61.284201 
-6.596163 -60.248607 60.513980 
-7.085496 -59.427176 60.221057 
-7.117967 -59.674658 59.252709 
-7.230346 -60.523112 58.735508 
-6.412327 -61.054632 58.515665 
-5.514084 -60.672174 58.732195 
-4.585568 -60.899393 59.025843 
-3.791464 -61.492074 59.160483 
-4.325301 -62.336984 59.194332 
-4.114144 -63.310711 59.109084 
-4.577419 -64.109140 59.493646 
-3.677717 -64.520659 59.639211 
-4.035426 -64.018080 60.426268 
-4.591154 -64.344707 61.190782 
-5.511300 -64.043026 61.440421 
-6.176425 -64.250240 62.157827 
-7.011506 -64.682576 62.498012 
-6.740054 -64.032815 63.208029 
-7.064642 -63.247580 62.680726 
-6.832665 -63.005079 63.622735 
-7.460342 -62.403113 64.116352 
-7.173683 -61.448294 64.194749 
-7.518709 -61.262702 63.274688 
-6.947149 -60.516485 63.615977 
-7.322460 -60.433822 62.692772 
-8.096328 -59.908197 62.339436 
-8.669345 -60.289305 61.613897 
-9.356119 -60.848947 62.077730 
-10.268846 -60.593387 62.396507 
-10.906316 -59.961437 62.837269 
-11.587073 -59.502960 62.265982 
-11.904000 -60.140879 61.564115 
-11.512663 -60.381645 60.675922 
-10.575016 -60.087012 60.860335 
-10.655846 -60.709127 60.081593 
-10.129154 -61.510434 60.365325 
-10.251193 -62.417989 59.963517 
-9.693778 -62.669680 59.172353 
-9.715425 -61.681187 59.022643 
-10.516075 -61.554555 58.437046 
-10.516535 -62.140829 57.626933 
-10.269482 -61.177246 57.524598 
27.580718 -1.688812 44.705274 
28.288810 -1.143556 44.256607 
29.132254 -1.624422 44.496127 
29.564886 -1.741263 45.390094 
29.790787 -2.595145 44.921208 
29.597961 -3.409739 45.468250 
29.754426 -3.428783 46.455750 
30.654987 -3.264522 46.053246 
31.003395 -2.844708 46.891321 
31.402200 -1.945535 47.071436 
31.674968 -1.790127 48.020881 
32.663303 -1.669244 48.113513 
33.605425 -1.390378 48.299634 
34.178620 -1.853697 47.623778 
34.953547 -1.885104 46.992508 
34.304666 -2.249082 46.324322 
33.309342 -2.345663 46.322840 
33.117053 -3.141224 45.748291 
32.618006 -2.503158 45.161926 
32.214724 -2.680395 44.264178 
32.976125 -3.301982 44.448295 
33.008545 -3.949206 43.686686 
32.429526 -4.762649 43.631475 
32.211813 -4.599682 44.593787 
32.023562 -3.819897 43.996713 
32.163434 -3.790374 43.006984 
32.303505 -2.830550 43.250128 
32.683088 -2.769446 42.326991 
31.815402 -2.311837 42.132789 
31.239392 -3.016811 42.546582 
31.182606 -2.624376 43.464607 
31.451430 -1.749756 43.061155 
31.312364 -1.341070 43.963173 
30.828159 -0.574405 43.541545 
30.559970 -0.161614 44.411992 
29.776192 0.385125 44.117425 
28.877096 0.455856 44.549423 
28.129044 0.779429 45.128835 
27.803831 1.062352 44.226510 
27.407378 1.704556 43.570461 
27.094662 1.065857 42.867416 
26.779553 1.117541 41.919769 
26.507836 0.206033 41.611027 
25.944045 0.283268 40.788729 
26.599352 1.026014 40.926207 
26.998028 1.247153 40.036176 
26.525176 0.717104 39.332288 
26.808242 1.045023 38.430988 
27.734202 0.668420 38.403280 
27.956457 1.213160 37.594663 
28.566718 1.979612 37.394335 
28.335381 1.816765 36.435188 
27.475245 1.423953 36.109819 
26.560365 1.623449 35.758827 
26.919616 2.556521 35.741063 
27.784090 3.025868 35.561072 
27.770581 2.546812 34.683392 
26.816445 2.254556 34.618506 
25.976521 2.415134 34.100102 
25.620316 3.341409 34.223111 
26.316558 3.804415 34.771630 
26.531225 4.294255 33.926659 
27.204858 4.636832 33.271787 
26.588057 4.923383 32.538680 
27.128631 5.257882 31.766741 
28.009381 5.122903 32.220679 
27.722369 4.165002 32.227714 
27.886510 3.718841 33.107486 
27.379174 2.951972 33.500580 
27.820994 2.148235 33.102081 
27.334300 2.436971 32.277605 
27.029151 1.486910 32.342936 
26.942181 1.820791 31.404341 
27.730835 1.673368 30.807440 
28.704940 1.547162 30.619847 
28.578278 1.622002 31.608966 
29.116791 1.640867 32.451372 
29.797938 2.230853 32.884909 
17.953918 -68.634412 -32.546726 
17.163032 -69.214432 -32.741856 
16.225285 -68.891790 -32.613275 
16.784063 -68.109601 -32.888863 
16.802006 -67.770820 -31.948169 
17.204492 -67.903142 -31.042357 
16.644296 -67.184126 -30.631023 
15.717036 -67.544855 -30.530709 
15.729661 -67.573748 -29.531206 
15.425767 -67.384311 -28.597524 
14.955225 -66.956933 -27.825554 
14.884318 -66.738596 -26.852260 
15.310061 -66.914246 -25.964628 
14.311204 -66.895910 -25.920489 
13.314002 -66.826315 -25.947775 
12.502545 -67.410021 -25.919038 
12.912381 -67.292885 -25.014431 
12.759707 -68.177338 -24.573484 
13.564665 -67.720856 -24.194449 
14.153358 -68.379932 -24.662486 
14.930110 -68.576343 -24.064088 
15.719335 -68.576720 -23.449984 
16.311929 -67.905589 -23.004546 
17.182128 -67.476498 -23.246690 
17.398459 -66.999145 -22.395024 
17.127107 -67.956406 -22.294930 
16.979425 -68.755351 -21.711940 
16.794122 -68.204240 -20.898344 
15.885125 -67.823653 -21.068277 
15.234175 -68.517086 -20.759386 
14.892130 -69.219128 -20.134772 
14.173618 -69.767852 -20.562139 
13.537929 -70.512766 -20.764632 
13.562887 -69.959241 -21.597090 
12.740643 -70.446420 -21.891319 
12.456319 -70.373547 -22.847274 
11.776823 -71.069470 -22.614947 
12.394643 -71.789342 -22.298586 
12.610514 -72.727974 -22.029570 
12.895411 -73.061225 -22.928334 
13.097439 -72.306758 -23.552806 
13.603739 -72.411656 -24.408759 
13.231994 -73.320199 -24.599428 
12.277609 -73.551530 -24.410655 
12.591178 -74.461367 -24.138866 
12.253908 -75.115852 -23.462184 
11.469373 -75.174394 -22.844868 
11.719335 -75.405431 -21.904581 
12.027011 -74.527495 -22.271410 
12.860447 -74.159216 -22.683422 
13.379103 -74.590751 -21.945334 
13.026709 -75.481436 -21.658108 
12.953668 -76.330196 -21.134398 
13.631547 -75.966134 -20.495698 
13.116784 -75.124943 -20.330119 
13.490490 -74.991396 -19.412235 
14.261976 -75.040469 -20.046587 
15.030785 -74.518104 -20.415459 
14.208834 -73.974919 -20.244150 
14.055862 -73.039929 -19.924160 
14.515966 -73.156800 -20.804299 
14.026666 -72.365245 -21.170394 
13.510214 -72.009810 -20.391329 
12.678775 -72.565232 -20.406015 
11.861355 -72.235594 -19.933613 
12.129811 -73.143502 -19.611689 
12.786033 -73.235154 -18.862708 
13.633232 -73.735370 -19.041695 
14.481506 -73.545828 -18.547220 
15.268120 -73.009849 -18.853757 
15.007228 -72.891698 -17.895646 
15.909906 -73.310431 -17.796484 
15.343634 -74.134624 -17.790073 
16.013985 -74.329758 -17.074146 
16.694505 -75.020028 -17.319949 
16.351689 -74.971006 -16.381827 
16.169272 -74.641811 -15.455353 
16.652304 -74.694342 -14.581327 
16.024847 -74.498207 -13.827783 
16.454296 -73.738766 -13.339088 
15.957560 -74.285430 -12.664988 
15.395709 -74.433449 -11.851100 
5.760618 -24.208712 -0.397726 
5.174704 -25.000996 -0.567994 
5.042914 -24.883218 -1.552250 
5.689245 -25.034553 -2.300150 
6.607455 -24.824667 -2.636063 
6.619146 -25.818601 -2.526717 
7.614471 -25.915174 -2.525378 
7.354427 -25.288338 -3.259853 
7.246187 -24.358809 -3.612357 
8.153918 -24.447954 -4.022328 
8.557343 -25.323812 -4.287132 
9.183028 -26.004803 -4.667617 
9.238759 -25.145595 -5.176198 
10.101863 -25.644079 -5.095182 
10.125615 -26.001410 -6.028858 
9.595895 -25.199602 -6.305446 
10.087700 -24.367894 -6.047783 
9.577356 -23.543079 -6.291152 
10.238547 -23.018429 -6.827406 
11.144662 -22.794318 -6.468617 
10.938783 -23.756667 -6.291135 
11.401377 -24.559867 -5.915799 
12.226939 -24.000325 -5.989012 
11.982648 -23.184731 -5.464485 
12.501552 -22.503311 -4.948340 
13.251904 -21.997715 -5.374186 
13.239384 -21.049997 -5.055321 
13.967398 -20.514497 -4.627261 
14.458726 -20.445041 -3.759060 
14.242642 -19.743623 -3.079855 
13.732745 -18.890715 -3.191894 
14.467900 -18.332124 -2.807807 
14.892215 -17.660685 -3.415365 
15.455076 -17.058867 -3.981936 
15.721705 -16.333557 -4.616628 
16.343415 -16.498959 -3.851044 
16.672114 -16.173252 -2.964550 
16.304591 -15.419392 -3.509180 
15.844958 -14.566528 -3.756889 
16.559022 -14.064608 -3.268843 
16.600365 -13.871961 -4.249240 
16.888617 -13.053665 -4.746536 
17.558561 -13.703362 -5.105798 
18.156108 -14.297587 -5.644161 
19.115174 -14.450466 -5.882534 
20.057602 -14.234651 -6.137980 
20.190666 -15.187272 -5.864469 
20.925478 -15.040475 -6.526663 
21.491414 -15.356182 -5.765056 
22.024039 -16.150299 -5.472330 
22.151878 -16.128255 -4.480780 
22.907309 -16.278625 -3.843040 
23.546977 -16.173662 -3.081589 
23.998604 -16.909621 -2.577210 
24.947859 -17.211132 -2.487733 
25.378057 -16.552184 -3.104755 
25.459092 -16.515804 -4.100802 
25.632869 -16.844737 -5.029029 
25.516531 -15.856394 -5.127227 
24.536466 -15.906736 -4.935032 
24.637493 -16.849660 -5.252345 
23.809288 -16.382962 -5.562616 
23.068838 -16.483003 -6.227241 
23.285244 -16.857299 -7.128946 
24.273083 -17.007417 -7.169439 
24.261548 -16.091019 -7.569541 
25.043767 -16.625960 -7.888870 
25.276404 -16.651623 -8.861095 
24.778755 -15.881537 -9.260236 
25.755000 -15.702782 -9.382680 
25.800208 -14.786538 -8.984618 
26.226770 -13.897727 -9.152124 
25.867092 -13.154170 -9.715821 
25.996519 -12.545398 -8.933104 
25.054794 -12.874437 -9.003022 
24.735078 -12.268712 -9.731636 
24.691455 -12.167891 -10.725584 
-9.425762 28.724388 -63.087326 
-8.893887 29.406065 -62.584906 
-8.324405 29.895520 -61.924508 
-7.837705 29.166694 -62.406105 
-8.379786 28.913231 -61.604915 
-8.212874 29.272517 -60.686735 
-7.875833 30.205590 -60.561128 
-8.749336 30.308616 -61.036920 
-9.238557 30.324284 -60.164901 
-8.456667 30.369655 -59.543138 
-9.178835 31.032489 -59.345337 
-9.931197 30.974580 -58.689138 
-10.750227 30.761336 -58.156486 
-10.954845 31.124492 -59.065469 
-11.904209 30.937838 -58.812746 
-11.787050 31.685524 -59.466381 
-12.758985 31.750614 -59.692449 
-12.729680 31.566257 -58.710026 
-13.016421 30.767947 -59.239630 
-12.483002 29.924211 -59.179853 
-11.828478 29.500277 -59.805855 
-11.401096 29.356753 -60.698462 
-11.180765 28.956085 -61.587798 
-11.256222 28.698127 -62.551003 
-11.252627 29.471736 -63.184655 
-10.597070 29.316596 -63.923693 
-10.682764 28.386685 -64.281354 
-11.630981 28.662448 -64.123749 
-12.523872 28.456805 -64.524321 
-13.153679 28.295964 -63.764405 
-13.387618 29.123128 -63.253452 
-13.876471 28.281190 -63.025063 
-14.702776 27.796394 -62.738369 
-14.568297 26.904886 -63.170953 
-15.097217 26.333007 -63.798008 
-15.287725 26.004803 -62.872811 
-15.640934 26.873982 -62.526734 
-16.064589 26.469335 -63.337152 
-17.050755 26.493738 -63.173199 
-16.904016 27.432555 -62.861606 
-16.944421 27.390614 -61.863304 
-17.593452 26.735363 -61.476773 
-17.925700 26.240723 -60.673690 
-18.790033 25.957942 -61.089579 
-19.161663 26.867017 -60.901235 
-19.668677 27.507208 -61.478377 
-19.630836 28.145249 -62.247449 
-19.433429 28.665160 -63.078547 
-19.493434 29.498317 -63.628319 
-18.654851 28.959585 -63.709232 
-17.847317 29.250391 -63.196083 
-17.019694 28.726993 -63.398801 
-16.046456 28.803708 -63.182186 
-15.571404 29.019466 -64.035283 
-15.890334 28.112247 -64.309578 
-15.065579 27.865846 -64.818563 
-14.481770 28.641895 -65.057128 
-13.700498 29.246020 -65.214123 
-13.802273 29.994957 -65.868902 
-12.923253 30.233152 -65.455882 
-12.100713 29.852317 -65.033516 
-11.605154 30.301656 -65.776830 
-11.286998 30.001204 -66.675999 
-11.395468 29.681209 -67.617189 
-10.474348 29.683369 -67.227916 
-9.658135 29.918639 -66.700238 
-8.701506 30.089436 -66.936227 
-8.810980 29.132791 -67.206128 
-8.796169 29.247618 -68.199403 
-9.725356 28.926857 -68.383043 
-9.122744 28.204522 -68.043791 
-9.424076 27.295978 -68.333183 
-10.023927 27.954180 -68.788098 
-10.354960 27.566136 -67.927959 
-10.879109 28.343102 -67.579258 
-11.533443 28.536924 -68.310203 
3.717518 -1.140932 -32.865826 
3.715025 -1.935698 -33.472736 
3.010853 -1.681970 -34.135883 
2.894872 -1.289937 -35.048494 
2.111698 -0.931263 -35.556422 
1.649116 -0.237660 -35.004214 
2.022620 -0.948860 -34.408657 
2.708913 -0.361943 -33.979086 
2.822167 0.193184 -33.155068 
3.022524 0.486002 -32.220127 
3.991948 0.551409 -31.983614 
4.974911 0.730407 -31.941866 
5.076047 -0.217892 -31.641032 
5.271675 -1.105640 -32.057724 
5.871075 -0.728240 -32.763621 
5.076771 -0.846354 -33.359550 
5.847171 -0.652688 -33.966986 
6.004060 0.320839 -34.133212 
5.783359 0.914015 -33.358981 
6.778551 0.816095 -33.356836 
6.454115 0.561533 -32.445826 
6.373359 1.264887 -31.739588 
6.563211 1.993058 -32.398165 
6.870885 2.684125 -31.744129 
7.654951 2.398476 -31.193088 
7.856521 1.552298 -30.699781 
8.539203 1.928037 -30.073072 
8.439423 2.893622 -30.313258 
8.653239 3.642379 -29.685846 
8.422494 4.411905 -30.281317 
8.204780 4.920817 -31.114149 
7.727806 5.752695 -30.830465 
8.057810 5.994656 -31.742908 
8.211699 5.513015 -32.605659 
8.842182 5.584711 -33.378544 
9.377304 4.754261 -33.223638 
9.287103 4.614118 -32.237624 
8.721626 3.902063 -31.821435 
9.151602 3.012405 -31.667719 
10.136811 3.087333 -31.513616 
10.469043 4.027030 -31.594812 
11.045794 4.699851 -32.058136 
11.094181 5.196253 -31.191393 
10.580704 4.576911 -30.597460 
9.665986 4.382528 -30.951728 
9.928672 3.867164 -30.136009 
10.468075 3.031555 -30.239940 
11.351350 2.567839 -30.309166 
11.551716 2.168836 -31.203956 
11.996556 1.357511 -30.824655 
12.705819 1.274249 -31.524664 
13.609772 0.969305 -31.224867 
14.165712 1.721198 -31.579252 
14.610597 1.780427 -30.685625 
14.275424 2.658836 -30.344953 
13.638501 3.422507 -30.239429 
12.787975 3.861159 -30.529585 
12.801021 3.330271 -29.682244 
13.290446 4.177749 -29.476709 
12.348792 4.491577 -29.598366 
11.623841 4.189184 -28.979493 
11.080906 4.980946 -29.259375 
10.243349 5.065528 -28.719610 
10.445254 5.841567 -28.122118 
11.048321 6.076411 -27.359781 
11.374724 6.844674 -26.809115 
11.574045 7.723531 -27.242569 
12.289000 7.211794 -27.718977 
12.618300 6.310079 -27.438849 
12.063464 5.543397 -27.115807 
11.272999 4.983073 -27.363198 
11.792111 4.230905 -27.769111 
12.072512 3.351512 -28.153876 
11.729467 2.509814 -28.570845 
10.997345 1.946327 -28.953571 
10.024476 1.779617 -28.793148 
16.115718 -63.349612 7.697874 
15.605826 -63.783740 8.440534 
15.359411 -62.860420 8.145983 
15.104614 -62.596599 9.076294 
15.908551 -62.180398 8.651485 
16.374669 -63.044358 8.842029 
16.754292 -63.685673 9.508813 
16.949086 -64.606326 9.170505 
17.753501 -65.009105 8.733828 
18.352732 -65.808598 8.775445 
18.664738 -65.455817 7.893290 
19.502011 -65.784745 8.330073 
19.525418 -65.720875 7.332389 
19.923456 -64.825697 7.131837 
20.409341 -65.218181 6.350894 
21.085801 -65.149590 7.084172 
20.518098 -65.894179 7.435314 
20.195531 -66.792464 7.733700 
19.628400 -67.576682 7.985424 
19.673819 -67.912968 8.926089 
19.208723 -68.605720 8.374926 
19.900558 -69.092527 8.908202 
20.823007 -68.878439 8.586871 
21.496376 -68.927063 7.849165 
21.686557 -69.754018 7.320038 
22.283232 -70.314838 6.746052 
22.616999 -70.443797 5.812259 
23.199841 -70.202798 5.036234 
22.743701 -71.084608 4.916458 
22.008609 -71.716216 5.162855 
21.419396 -70.952896 5.427755 
21.174491 -71.143895 6.378303 
21.047216 -70.152042 6.383685 
20.255811 -70.060633 6.988104 
20.190102 -71.046521 6.834138 
19.935025 -70.632185 5.960490 
19.902529 -70.503457 4.969343 
19.133744 -70.401541 4.338008 
19.671438 -70.447116 3.496101 
19.580160 -70.903270 2.610894 
20.387092 -71.002533 2.028651 
19.898182 -71.582340 1.376891 
19.020853 -71.118689 1.253112 
18.170234 -71.530645 0.926401 
17.312695 -71.644331 1.428100 
16.536128 -71.094771 1.119998 
17.047895 -70.274173 1.374385 
16.340804 -69.593623 1.566411 
15.778490 -70.335899 1.930867 
15.744540 -71.283822 2.247553 
16.687658 -70.953573 2.285798 
17.623346 -71.006622 2.634615 
18.088584 -70.121564 2.649654 
17.378953 -69.994844 3.342738 
17.112340 -70.586486 4.103578 
16.594479 -71.193764 4.706100 
16.185612 -70.885871 3.847014 
15.684506 -70.609536 4.667094 
15.713498 -71.230456 5.450432 
14.720999 -71.243058 5.328830 
13.756619 -71.264038 5.592518 
12.891696 -71.382572 5.104811 
12.522976 -72.309699 5.171749 
12.567830 -73.299979 5.303404 
13.441753 -73.233889 4.821853 
13.594682 -73.271285 3.834324 
14.415621 -72.704504 3.764909 
14.822466 -72.422799 4.633885 
14.706941 -73.244829 5.191488 
14.555276 -73.700087 4.314141 
14.048565 -74.342574 3.739290 
13.695292 -75.151655 3.269623 
13.339480 -75.644168 2.475375 
12.881388 -76.510827 2.672993 
13.535882 -77.142845 3.087953 
12.776366 -77.451510 3.660545 
12.971290 -77.647151 4.621654 
13.893421 -77.372963 4.348716 
14.719099 -77.047728 4.809669 
-54.128982 31.959388 -41.272926 
-54.447322 31.836762 -40.332914 
-53.896330 31.012034 -40.460315 
-53.678410 30.758366 -39.517891 
-54.559560 31.064834 -39.157820 
-55.120640 30.388806 -39.635497 
-54.565345 29.866463 -40.282649 
-55.416844 30.175526 -40.706240 
-55.925771 30.930937 -40.293509 
-55.778640 31.424471 -41.150700 
-56.768561 31.475469 -41.018577 
-56.881977 31.170633 -41.964205 
-57.744413 30.720429 -41.732861 
-57.648995 30.275252 -40.842517 
-57.292737 29.710071 -41.586594 
-56.386568 30.062477 -41.352785 
-56.301669 29.423255 -42.117107 
-55.849203 29.773750 -42.937124 
-55.260806 29.083929 -43.358947 
-55.821552 29.182643 -44.181029 
-55.322912 29.571995 -44.955473 
-54.427040 29.550966 -44.511660 
-53.744173 29.598217 -45.240674 
-53.366146 29.612349 -44.314987 
-53.345197 29.946275 -43.372620 
-53.701072 30.828273 -43.681543 
-53.695757 30.922969 -42.686051 
-54.281782 30.533238 -41.975640 
-53.741708 29.733138 -42.236717 
-54.412647 28.992757 -42.277683 
-53.700216 28.370564 -42.602210 
-53.176809 27.589907 -42.943705 
-52.691341 27.206753 -43.729526 
-53.279820 26.422376 -43.925603 
-54.227108 26.327564 -44.231634 
-55.140371 25.937281 -44.114883 
-56.118263 25.748969 -44.023971 
-56.607997 25.253673 -44.741496 
-56.434357 24.492658 -45.366561 
-56.231349 23.935089 -46.171486 
-56.165085 23.155079 -46.793735 
-55.597210 23.729157 -47.383610 
-55.268971 24.549578 -46.915456 
-54.278536 24.644829 -46.815619 
-54.526171 24.523115 -45.854441 
-55.183285 24.234015 -45.158293 
-55.569587 24.012633 -44.262881 
-54.778209 23.584566 -43.826441 
-54.554811 22.629699 -44.022201 
-53.577239 22.817097 -44.118303 
-52.635681 22.664636 -43.817931 
-52.866294 22.809830 -42.855779 
-53.090063 23.784459 -42.860830 
-52.114864 23.661383 -43.044788 
-51.279290 23.738109 -43.588782 
-51.019644 24.703299 -43.557278 
-51.436126 24.775990 -44.463510 
-51.709391 23.984838 -45.010689 
-50.931298 24.515868 -45.346214 
-50.409834 23.956870 -44.701546 
-49.864195 23.586593 -43.949766 
-49.224070 23.242683 -44.636764 
-48.795092 22.938768 -43.786109 
-48.400084 22.286940 -44.433480 
-48.940151 21.465778 -44.249034 
-49.278681 20.854592 -44.964470 
9.568918 47.641088 -23.256926 
9.656525 48.396119 -23.906735 
10.553007 48.570228 -23.499297 
9.797623 48.537292 -22.844844 
9.008978 49.130580 -22.683449 
8.596926 49.323614 -23.573927 
9.139973 50.160232 -23.645838 
8.366010 50.695657 -23.307753 
8.950030 51.471823 -23.070084 
8.826647 51.615046 -24.052054 
8.136096 50.940029 -24.311843 
8.293775 51.565946 -25.075627 
8.016119 50.801347 -25.657258 
8.262765 50.998328 -26.606133 
7.533063 51.559455 -26.996864 
7.177945 51.606111 -27.930521 
7.194844 51.021463 -28.741632 
8.116685 50.931654 -29.118649 
8.564091 50.189505 -29.617691 
8.239055 50.461091 -30.523556 
7.906742 50.816354 -31.397259 
8.374543 51.567912 -31.862364 
8.127356 52.460232 -32.240071 
7.465258 51.870719 -32.702781 
6.931918 52.634409 -32.339015 
7.484960 52.986121 -31.583737 
6.660366 53.473543 -31.296569 
5.947342 53.083804 -30.713730 
6.277528 52.552411 -31.493857 
5.481558 51.949917 -31.435273 
5.881498 51.056463 -31.230852 
5.952801 51.632546 -30.416576 
6.773001 51.185962 -30.774115 
7.050406 51.556820 -31.660406 
6.195571 51.521176 -32.178081 
5.879986 52.172274 -32.868354 
6.095140 53.049445 -33.297633 
5.500542 53.779757 -32.961331 
5.264454 54.708955 -33.245678 
4.900830 54.614711 -34.172444 
4.648646 53.654628 -34.051431 
4.090570 54.072891 -33.334767 
3.920047 53.234872 -32.816456 
4.203170 52.973822 -31.893583 
3.639927 52.158470 -32.027591 
2.723542 52.161431 -31.627302 
1.783521 52.407200 -31.863857 
0.960133 52.353450 -32.428784 
1.398250 52.644626 -33.279237 
2.236130 52.413030 -32.784949 
2.747252 52.909200 -33.486782 
2.394373 53.693712 -32.976864 
1.638859 54.282819 -33.263486 
1.952593 54.326271 -32.314969 
1.108069 54.718345 -31.950199 
1.152702 54.696073 -30.951444 
1.974107 54.582468 -30.392527 
1.660068 55.245242 -29.712739 
2.011016 54.662650 -28.979648 
1.483716 55.346877 -28.475874 
1.227980 54.687453 -27.768938 
0.775349 55.210877 -27.047029 
34.001318 36.229088 -9.599966 
34.198624 35.284652 -9.337076 
33.602014 35.189406 -8.540217 
33.235294 34.530406 -9.196903 
33.882089 34.272523 -9.914644 
34.877019 34.320537 -10.003011 
35.452664 34.140550 -9.205367 
34.692404 33.496622 -9.291164 
34.513908 32.682445 -9.843663 
33.874301 32.357332 -10.540229 
34.458377 32.512939 -11.336874 
34.717779 31.643877 -10.915635 
35.402487 31.518023 -11.633504 
35.563079 31.135970 -10.723424 
35.448642 30.445177 -10.009485 
36.429000 30.433071 -9.812629 
35.880569 29.670850 -9.468765 
35.976379 29.945006 -8.511864 
36.411002 29.044491 -8.525087 
37.157898 29.530533 -8.071314 
37.197053 28.957143 -7.252967 
38.116727 28.892177 -6.865696 
38.447318 29.812027 -6.654543 
38.723164 30.755433 -6.470441 
38.212599 31.035415 -5.657463 
38.418559 30.324025 -4.985521 
38.161201 29.364043 -5.095982 
37.770760 28.899588 -5.890863 
36.848132 29.087067 -6.227922 
35.870061 29.162363 -6.422107 
34.901671 29.411668 -6.413826 
34.118903 28.790991 -6.458931 
34.092324 27.816992 -6.683917 
34.656247 27.176981 -7.205815 
35.610442 26.983157 -6.977904 
35.483118 25.991341 -6.987405 
34.564240 25.707459 -7.261403 
33.827287 25.072581 -7.493417 
33.293156 24.329854 -7.089610 
34.146840 24.012909 -7.502851 
35.109069 24.269250 -7.411169 
34.841863 23.485273 -6.850829 
35.298671 22.651608 -6.540460 
36.094563 23.252703 -6.468069 
36.709754 22.467693 -6.540862 
36.193818 22.594560 -7.388042 
36.743696 23.417006 -7.242386 
36.487455 24.233349 -6.724771 
37.422233 24.414023 -7.030626 
37.924801 24.727702 -6.225002 
38.448072 24.886854 -5.387829 
37.943630 25.034158 -4.537041 
37.243165 25.636357 -4.154020 
36.865561 26.254692 -3.464761 
36.089605 26.849109 -3.253669 
35.297505 26.578473 -2.706556 
35.346265 25.827034 -3.364555 
35.844148 25.184685 -2.781888 
35.230041 24.723143 -2.141691 
35.290307 24.171603 -1.309723 
-33.070082 -28.015912 -24.481526 
-33.164983 -27.322041 -23.767707 
-32.502904 -27.873010 -23.259688 
-32.438241 -26.875250 -23.242542 
-31.939385 -27.251284 -22.461682 
-30.973834 -27.500042 -22.385332 
-31.200291 -27.914302 -23.266868 
-30.897147 -28.521655 -24.001188 
-31.524637 -29.220854 -24.343790 
-31.903415 -28.671745 -23.598802 
-31.739550 -29.406722 -22.940808 
-30.822143 -29.043681 -23.103794 
-29.886839 -29.288890 -22.848690 
-29.877772 -30.229713 -23.187467 
-29.348461 -30.449874 -24.006832 
-29.887197 -29.607426 -24.000094 
-29.470494 -29.253830 -24.837548 
-29.684402 -28.877581 -25.739036 
-28.791284 -28.608989 -25.378205 
-29.396681 -27.912833 -24.992379 
-28.913283 -27.923568 -24.117044 
-29.433642 -27.876837 -23.264376 
-28.787977 -27.997547 -22.510355 
-28.183614 -27.273780 -22.177329 
-27.638640 -27.927902 -21.652802 
-28.294001 -28.565507 -21.247881 
-27.860142 -28.788627 -20.374964 
-28.666701 -29.274649 -20.038447 
-29.499710 -29.026506 -19.543956 
-29.343960 -29.802194 -18.932360 
-29.235432 -29.992306 -17.956615 
-28.700423 -30.594426 -18.549250 
-28.227861 -29.775233 -18.224276 
-28.885323 -29.028831 -18.121183 
-29.464406 -28.236129 -17.930695 
-29.976700 -27.382498 -18.024875 
-30.293656 -26.585755 -17.510348 
-31.043700 -26.791595 -18.138889 
-30.535849 -26.439070 -18.924900 
-30.408708 -27.406146 -19.145349 
-30.103717 -28.277153 -18.760215 
-31.103034 -28.284468 -18.796442 
-31.300393 -27.808512 -17.939403 
-32.272617 -27.574463 -17.940637 
-32.419646 -28.550300 -18.102265 
-32.205181 -28.592117 -19.078101 
-32.536539 -27.662551 -19.239687 
-33.401241 -27.676955 -18.737610 
-33.499098 -28.447014 -18.107187 
-33.449133 -27.788030 -17.356692 
-33.698419 -26.918874 -17.783806 
-34.157052 -26.271656 -18.392710 
-34.773507 -26.629188 -17.691173 
-35.260947 -27.465103 -17.438884 
-36.103313 -26.946097 -17.583983 
-36.913973 -27.434502 -17.261043 
-37.312278 -28.345831 -17.156961 
-35.838482 -78.874912 -28.746826 
-36.133903 -79.382753 -29.556038 
-35.717871 -80.235909 -29.241327 
-35.969769 -81.151112 -28.926763 
-36.938106 -81.122520 -28.678756 
-37.459253 -80.616056 -29.365706 
-38.001748 -81.035971 -28.638127 
-38.537388 -80.673898 -27.875243 
-39.201305 -80.545496 -28.611943 
-38.669783 -79.703832 -28.707263 
-38.142135 -79.211407 -28.015089 
-38.188815 -78.278478 -27.658069 
-38.715499 -78.713022 -26.927469 
-39.367282 -79.073743 -27.594596 
-39.659021 -78.137718 -27.397758 
-39.866986 -78.140833 -28.375889 
-40.565824 -78.813288 -28.132109 
-41.045473 -79.689807 -28.172752 
-41.601365 -78.879753 -28.359294 
-41.920531 -79.665364 -28.889339 
-41.981135 -79.933761 -29.850739 
-41.222254 -79.324532 -29.620654 
-40.225167 -79.356647 -29.689839 
-40.205721 -79.655701 -28.735801 
-40.208781 -80.633426 -28.525934 
-40.028048 -81.409318 -27.921510 
-40.081043 -82.022495 -27.133344 
-39.624082 -82.908299 -27.052487 
-38.970054 -82.208360 -26.765550 
-38.304643 -81.665755 -26.252902 
-37.805651 -82.511909 -26.065737 
-37.907396 -83.023746 -26.918773 
-37.120235 -83.241172 -27.495924 
-36.447634 -83.779346 -26.988010 
-35.972977 -83.829293 -27.866762 
-36.104783 -82.883962 -28.165050 
-36.018226 -82.566928 -29.109506 
-35.381427 -82.219759 -28.421058 
-35.003746 -81.295409 -28.475221 
-16.451962 -25.674112 -67.754026 
-16.683282 -24.915528 -67.144894 
-16.045492 -24.394094 -66.578034 
-15.411514 -23.753065 -66.145420 
-15.174176 -23.935025 -65.191187 
-15.245727 -24.927732 -65.288207 
-15.841336 -25.414221 -64.649006 
-15.170290 -26.013768 -64.212840 
-14.282020 -25.976671 -63.755019 
-13.636397 -26.360376 -63.094760 
-12.915645 -26.982171 -62.788351 
-13.400057 -27.812663 -63.063355 
-13.978146 -27.762101 -62.248950 
-14.816392 -27.228220 -62.359923 
-15.424967 -27.745701 -62.961463 
-15.477205 -28.744305 -62.969264 
-14.983591 -28.937672 -62.121352 
-15.014144 -29.873240 -61.769528 
-14.156735 -29.469334 -61.450607 
-14.470526 -28.713993 -60.875285 
-14.686260 -29.058781 -59.961732 
-14.832540 -28.744208 -59.023838 
-14.448981 -29.667259 -59.053156 
-13.706146 -30.017643 -58.482693 
-12.878363 -30.098718 -59.037852 
-12.785785 -29.106563 -58.953838 
-12.648084 -29.373777 -58.000090 
-11.719178 -29.698421 -58.178245 
-12.122965 -30.533003 -57.803506 
-11.634283 -31.143277 -58.427008 
-12.121058 -32.016665 -58.411432 
-12.630586 -32.533849 -57.723752 
-13.201467 -33.319804 -57.961173 
-13.402380 -33.095879 -58.914845 
-13.666079 -32.172422 -59.193576 
-14.465468 -31.580895 -59.298804 
-13.840550 -31.271805 -58.581907 
-13.619104 -32.043857 -57.986174 
-13.122507 -31.265025 -57.603012 
-13.984178 -30.763894 -57.682956 
-14.933050 -30.737332 -57.368416 
-15.373207 -31.232492 -58.117468 
-15.442386 -30.777577 -59.005311 
-15.960327 -31.455765 -59.526654 
-15.737306 -31.937293 -60.374234 
-15.372141 -32.301380 -59.517440 
-16.062107 -32.949118 -59.194356 
-16.840618 -33.461273 -58.831564 
-17.578462 -32.844392 -58.557624 
-16.898098 -33.041667 -57.851800 
-16.974557 -32.147119 -57.411418 
-16.552164 -31.654144 -58.172049 
-16.518706 -31.134602 -57.318260 
-15.888054 -30.442103 -57.668579 
-15.630280 -30.425266 -56.702520 
-15.590665 -31.414953 -56.840178 
-16.030946 -32.008272 -56.166291 
-15.944927 -32.995065 -56.029029 
-16.113703 -33.474411 -56.890273 
-15.791427 -33.267174 -57.813956 
-14.897893 -33.438945 -57.399117 
-15.116506 -34.234624 -56.834226 
-15.775014 -34.575749 -56.163404 
-15.089011 -35.137477 -55.700951 
-14.566561 -35.806065 -55.171768 
-14.008036 -36.606631 -55.388896 
-13.667126 -35.949021 -56.060706 
-12.673260 -35.927864 -55.952156 
-11.834114 -36.331375 -55.587448 
-12.255589 -36.678159 -54.749533 
-12.928883 -37.378516 -54.512523 
-13.901122 -37.596979 -54.428696 
-14.209807 -38.420183 -54.905193 
-13.515602 -39.138876 -54.865681 
-13.035959 -38.371216 -55.290699 
-12.336125 -38.677079 -55.936207 
-12.581662 -39.386973 -56.596329 
-12.745671 -38.721928 -57.324900 
-12.862011 -37.766872 -57.597540 
-12.814847 -37.989945 -58.571200 
-13.505530 -38.631976 -58.903994 
-13.212081 -39.385567 -59.492202 
-12.393948 -39.748544 -59.938191 
-12.734749 -40.527543 -60.464514 
-12.981738 -40.867803 -59.557200 
-13.810677 -40.364416 -59.801046 
-13.868257 -40.839576 -60.679060 
-13.063304 -41.411858 -60.835722 
-12.424022 -41.880026 -61.445753 
-11.680257 -42.547491 -61.481850 
-11.673407 -43.446339 -61.043642 
-10.947359 -42.938238 -60.580297 
-11.652656 -42.328903 -60.217990 
-12.539883 -42.187039 -59.779010 
-12.550410 -43.183808 -59.699383 
-12.832743 -44.136982 -59.807775 
-13.644632 -44.104093 -59.224891 
-14.533462 -44.165241 -59.679031 
-14.675464 -43.267596 -59.261815 
-14.217135 -43.100108 -60.134673 
-13.389211 -43.508026 -60.519569 
-13.596442 -44.133792 -61.271548 
-13.187321 -44.849815 -60.705924 
-13.048523 -45.135742 -59.757778 
-12.638810 -45.647156 -59.002403 
-12.636160 -44.671170 -58.784588 
-11.921626 -44.948959 -58.142502 
