23.787159 20.306688 5.896260 
24.364261 21.102415 5.712490 
23.537755 21.617228 5.940209 
22.947645 22.348772 6.281695 
22.039091 22.754511 6.182168 
21.700547 23.675313 5.988486 
21.327923 24.025671 5.129184 
22.147429 24.182873 4.578096 
21.964281 24.872497 3.877470 
21.657337 23.998343 3.501119 
21.364057 23.042435 3.516180 
21.142131 22.067372 3.517060 
20.954773 21.716269 4.434461 
20.144669 22.302512 4.441650 
19.896921 22.975027 3.744266 
20.324817 23.559925 3.055209 
19.826602 22.741127 2.769986 
19.137015 22.053381 2.996869 
18.529223 22.779414 2.675209 
19.015645 22.286137 1.954049 
18.619697 21.788623 1.182230 
18.533510 22.676658 0.730603 
19.188604 23.256467 0.246172 
20.125947 22.981530 0.032168 
21.060097 23.301154 0.190925 
21.979545 23.011619 -0.075129 
21.713874 23.613437 -0.828278 
21.430769 23.875270 -1.750935 
22.271690 24.398785 -1.887989 
22.815824 25.092432 -1.416001 
22.984634 25.664630 -2.218555 
22.685878 25.048915 -2.947691 
22.654304 25.922091 -3.434072 
22.536642 26.763267 -2.906267 
23.159476 27.525437 -2.729702 
24.039053 27.635181 -3.192627 
24.342633 28.419613 -3.733465 
24.300520 28.733597 -4.681959 
24.517873 27.860368 -5.118111 
24.149814 27.254660 -5.823554 
24.343193 26.276684 -5.902079 
24.123608 25.382560 -6.292367 
23.938189 24.403639 -6.206734 
23.789310 23.950823 -7.085820 
23.223506 23.173464 -7.360737 
22.259334 23.423758 -7.448627 
21.703785 24.218760 -7.692220 
21.838268 25.002335 -8.298788 
22.647703 25.372218 -7.842717 
23.526015 25.107022 -7.444923 
24.267783 24.862517 -8.069422 
24.826459 24.320346 -7.441782 
25.052774 24.833098 -6.613611 
25.359210 25.560309 -5.999395 
25.686698 24.695114 -5.619673 
24.992526 23.977568 -5.676707 
24.545354 23.389531 -6.350687 
24.601118 22.391116 -6.358315 
24.701489 21.396455 -6.382284 
25.330584 20.620148 -6.422137 
25.701571 20.002700 -5.728505 
24.772133 19.784636 -6.026149 
23.933634 19.633110 -5.502737 
23.260489 20.047016 -6.115565 
23.696078 20.611188 -5.414158 
23.179100 21.352798 -4.986665 
23.354761 21.914501 -4.178190 
22.881808 22.335117 -4.952397 
22.476847 22.584392 -5.832096 
21.636899 23.126555 -5.855484 
21.081656 22.553227 -6.457979 
21.232432 22.708628 -7.434256 
22.094576 22.408252 -7.842278 
21.968368 21.465899 -7.532371 
22.829967 21.228081 -7.980803 
22.837168 20.458291 -8.619059 
23.072947 20.146279 -7.698702 
23.335693 19.197388 -7.873550 
24.235766 19.287929 -7.447321 
24.208224 19.090325 -8.427216 
24.497879 19.834510 -9.029120 
25.225466 19.149728 -9.070224 
25.277922 18.276070 -8.586520 
25.916984 17.540583 -8.361446 
26.355204 16.641770 -8.371400 
27.162424 16.192084 -8.753732 
27.611466 16.539316 -9.577012 
26.747208 16.673877 -10.061730 
27.220843 17.456169 -10.466314 
27.213735 17.875622 -9.558564 
26.954632 18.764807 -9.181450 
27.782375 18.703693 -9.739220 
28.094145 19.647352 -9.628283 
28.436699 19.703016 -10.566131 
28.271293 20.369480 -11.293088 
29.265359 20.318055 -11.388946 
29.023716 19.929564 -12.278150 
29.899863 19.967260 -12.758718 
29.656262 19.016721 -12.951420 
30.564516 18.778143 -13.295158 
30.799483 18.847703 -12.325646 
31.607870 19.434999 -12.365572 
31.993430 20.099287 -11.725209 
32.614025 20.000515 -12.503094 
32.315062 20.221071 -13.431521 
31.666371 20.967030 -13.582332 
31.184120 21.795722 -13.866418 
30.515032 22.498873 -14.107042 
30.327190 23.207728 -14.786925 
30.423877 24.201512 -14.842101 
30.131358 25.113995 -14.556081 
29.318810 25.482670 -15.007574 
28.537031 24.862350 -14.944137 
28.017328 24.405913 -14.221936 
27.103696 24.811753 -14.198059 
27.511081 25.300510 -13.426597 
27.306080 24.594956 -12.748239 
26.532263 25.029752 -13.208848 
26.676265 25.823790 -13.799413 
26.445199 26.520751 -13.120552 
26.031213 27.102664 -12.420556 
25.349865 27.800435 -12.641644 
24.844652 27.285577 -11.949054 
-44.909641 -0.160912 -32.457700 
-45.255029 -0.390511 -33.367640 
-45.130173 -1.157300 -32.738000 
-45.094246 -1.849813 -32.017490 
-44.382028 -2.327248 -31.502902 
-44.083891 -1.402108 -31.737914 
-43.250939 -1.482727 -32.285355 
-43.428739 -2.133509 -33.023509 
-44.298981 -1.642025 -33.057023 
-44.379974 -1.036808 -33.848953 
-43.533129 -1.374274 -34.260014 
-43.049695 -0.591477 -33.868198 
-43.637247 -0.419831 -34.658971 
-44.636471 -0.394765 -34.689344 
-45.624184 -0.547116 -34.724163 
-46.571764 -0.264161 -34.575745 
-46.816240 -0.769160 -35.403518 
-47.751865 -0.970368 -35.693555 
-48.288655 -1.703863 -36.110498 
-47.293185 -1.782612 -36.163778 
-47.356167 -1.987943 -37.140442 
-46.484102 -1.506431 -37.227902 
-46.271659 -1.588874 -36.254212 
-45.378031 -1.242243 -36.539302 
-44.559061 -1.617213 -36.973681 
-44.483728 -0.644585 -36.753865 
-43.567585 -0.850035 -36.409668 
-43.535603 0.122941 -36.180987 
-43.920958 0.317035 -35.278862 
-44.719871 0.577866 -35.820808 
-45.295685 1.393233 -35.760673 
-45.865433 1.869870 -36.430153 
-46.839042 1.649885 -36.369395 
-46.395316 1.463080 -37.245871 
-47.342098 1.235167 -37.473158 
-47.851525 0.852841 -36.702243 
-48.835944 0.744101 -36.564056 
-49.622626 1.311069 -36.319761 
-49.091973 2.066380 -36.704354 
-48.092074 2.052170 -36.704009 
-47.336665 2.552645 -37.126954 
-46.671663 2.689676 -36.392792 
-46.385500 3.302955 -35.656586 
-45.421923 3.053725 -35.753564 
-44.710700 3.513984 -35.222223 
-43.810418 3.165042 -35.482473 
-43.734998 4.161571 -35.517702 
-43.085240 4.088992 -36.274370 
-43.483298 3.487463 -36.966982 
-43.002191 2.739871 -37.424849 
-42.466070 2.865867 -36.590164 
-42.321157 3.735326 -37.062436 
-41.435544 4.155999 -37.259219 
-40.511906 4.262590 -36.891074 
-39.981080 3.799699 -36.181176 
-40.628518 3.158191 -35.769725 
-40.185938 2.349603 -35.382031 
-41.035853 1.844104 -35.233322 
-41.511817 2.723226 -35.257884 
-41.961211 3.613232 -35.334922 
-41.796783 4.328392 -36.014266 
-41.401596 4.949713 -35.337665 
-41.764252 5.814650 -35.684602 
-40.922465 5.944836 -36.208479 
-40.235239 5.922938 -36.934592 
-40.131046 5.415023 -37.789675 
-39.525336 4.651353 -37.566240 
-39.408235 3.746382 -37.975282 
-38.515551 3.358672 -38.205058 
-38.615476 4.273415 -38.596543 
-37.695074 4.277181 -38.987498 
-37.081163 4.612220 -38.272752 
-37.588262 4.621017 -37.410909 
-36.590415 4.642314 -37.348876 
-36.176139 5.449814 -36.928972 
-36.855088 4.921109 -36.419561 
-37.617341 4.395330 -36.042035 
-37.317970 5.002738 -35.306214 
-38.101881 5.599959 -35.475953 
-38.139202 5.265475 -34.534290 
-38.217662 5.096589 -33.551783 
-38.511536 4.595132 -32.738039 
-39.038644 3.746059 -32.702929 
-39.844715 3.380906 -32.237189 
-40.341424 3.232232 -31.382100 
-40.814549 2.808158 -32.154314 
-41.350841 3.256321 -32.869535 
-41.251189 3.996897 -32.204993 
-41.376969 3.980847 -31.213065 
-41.420597 3.063047 -30.818426 
-41.669219 2.332485 -30.182449 
-40.674798 2.424109 -30.234714 
-40.284781 1.517214 -30.075254 
-39.806144 0.928482 -29.423870 
-38.956393 0.752960 -29.920977 
-38.820617 1.730761 -29.761386 
-38.881355 2.532123 -30.356474 
-39.689426 2.298451 -30.897232 
-39.362849 3.229731 -31.058679 
-38.556280 3.805397 -30.924304 
-38.205310 2.992145 -31.388460 
-38.589737 2.069010 -31.394596 
-38.635875 2.274012 -32.372270 
-39.634605 2.264321 -32.322830 
-39.702741 2.519109 -33.287424 
-38.961043 2.803718 -33.894780 
-38.114715 2.971260 -34.400407 
-38.483305 2.230771 -34.962385 
-39.235179 2.771737 -35.339269 
-38.560654 2.934052 -36.059457 
-37.749812 2.351546 -36.002681 
-37.995950 1.385532 -36.081627 
-37.190477 1.503159 -36.662468 
-37.058388 2.491594 -36.736962 
14.042659 2.673688 -15.864100 
13.693949 2.119852 -15.108013 
13.762164 1.130912 -15.239710 
14.117868 0.456075 -15.886292 
13.691650 -0.389532 -15.564907 
14.261105 -0.993866 -15.007681 
14.312235 -1.986097 -14.894264 
14.914416 -2.591113 -14.373368 
15.583589 -3.236738 -14.741304 
14.763857 -3.788175 -14.586528 
14.214458 -4.623273 -14.614323 
14.894824 -4.962066 -13.964461 
14.257558 -5.447110 -13.365610 
13.452761 -5.438006 -12.772128 
12.515191 -5.785199 -12.751643 
11.713282 -5.438558 -12.265041 
11.260991 -6.076666 -12.888138 
10.506090 -5.853368 -13.504792 
9.640876 -6.294358 -13.743400 
9.866843 -6.763799 -14.596959 
10.574865 -6.228633 -15.057721 
10.594077 -5.230749 -15.119835 
10.159140 -4.812822 -14.322234 
9.744611 -3.968489 -13.982724 
9.546340 -3.539461 -14.863986 
8.956645 -3.434520 -15.664766 
9.661867 -3.024513 -16.243175 
10.416503 -2.961431 -15.590070 
11.358475 -3.259587 -15.435823 
11.301488 -2.321335 -15.777052 
10.828533 -2.647249 -16.595644 
10.402630 -1.775570 -16.838094 
11.130775 -1.209552 -16.451534 
10.454457 -0.676858 -15.942781 
9.628452 -0.113364 -15.928980 
9.131634 -0.304735 -16.775473 
9.520257 -1.195968 -17.009303 
9.116957 -2.105526 -16.909038 
8.584594 -2.944099 -16.793346 
8.976698 -3.809752 -17.104634 
8.377470 -4.607543 -17.171377 
7.797004 -3.833054 -16.919931 
8.003385 -3.620406 -15.964845 
7.230229 -3.059513 -16.260867 
7.248681 -2.129862 -16.628846 
7.642569 -1.445490 -17.242431 
8.553671 -1.469610 -17.653907 
8.438142 -0.576447 -18.088550 
8.117850 -0.273919 -18.986263 
8.481274 0.494333 -18.459279 
8.346422 0.424297 -17.470891 
7.651286 -0.293978 -17.441450 
7.514292 0.482904 -16.826888 
7.154504 -0.269196 -16.274712 
6.560636 -1.073390 -16.299058 
6.748350 -0.869501 -17.259887 
6.266818 -1.400323 -17.957279 
5.910392 -1.964693 -18.701891 
5.594265 -2.890792 -18.495970 
4.668047 -2.561607 -18.679704 
3.875206 -3.066364 -19.021206 
3.295400 -2.252027 -19.047286 
3.478634 -2.214499 -20.029639 
3.591059 -1.294480 -20.405039 
2.663346 -1.222317 -20.038785 
2.612504 -0.225921 -19.970886 
3.389956 -0.490119 -19.400126 
4.303866 -0.103774 -19.275599 
3.846512 0.560790 -18.684682 
3.752134 -0.083785 -17.925989 
3.279613 0.645024 -17.430448 
4.050074 1.240407 -17.658282 
3.533654 1.643976 -16.903006 
2.611129 2.009890 -16.780309 
2.590920 2.918541 -16.363243 
2.071747 3.427296 -17.049995 
2.582626 3.450680 -17.909330 
3.207255 3.808028 -18.603693 
2.413052 3.508856 -19.132595 
2.765719 2.606252 -19.379439 
3.169344 3.371401 -19.881071 
4.006520 3.143601 -19.383835 
4.825406 2.588904 -19.531269 
5.410273 2.843483 -20.301412 
5.639167 3.736985 -20.687756 
5.443327 4.077569 -21.607348 
5.665838 4.988481 -21.259887 
5.598988 5.814804 -20.700672 
5.052380 5.834489 -21.537829 
4.663750 6.535076 -22.136280 
5.418458 7.036262 -22.559635 
5.843655 7.650260 -21.894644 
6.696522 7.403254 -22.354650 
7.522633 7.098350 -22.828542 
7.700279 6.373854 -23.494537 
6.708161 6.327085 -23.378281 
6.495617 5.452766 -23.814619 
6.915943 5.014884 -24.609343 
7.865032 4.702636 -24.650939 
8.842053 4.866906 -24.515123 
9.315798 4.724436 -23.646062 
-25.366041 16.210788 36.349600 
-26.288036 15.847151 36.216585 
-27.262348 15.622089 36.224562 
-28.036749 15.140405 35.814339 
-29.010443 14.912550 35.813615 
-29.080905 15.304403 34.896289 
-29.582826 16.160968 35.016168 
-30.138225 16.992550 35.014093 
-30.888021 16.546406 34.525460 
-30.942448 16.005887 35.365030 
-30.664647 15.045271 35.358454 
-30.899909 14.227035 34.833916 
-29.952617 13.922512 34.734403 
-29.510543 14.375684 33.960318 
-28.542057 14.145526 34.055513 
-28.141363 13.731375 34.872779 
-27.562675 14.537821 34.751266 
-26.627429 14.183823 34.751690 
-26.074830 14.441374 33.959036 
-26.761922 14.774601 33.313385 
-26.178614 14.114209 32.840486 
-25.551000 14.618370 32.247255 
-25.549277 14.339103 31.287043 
-25.925560 15.255392 31.149831 
-25.522414 15.794189 30.410120 
-25.177476 14.856756 30.362821 
-25.983182 14.579070 29.839630 
-25.464143 14.134226 29.109759 
-25.948481 13.261434 29.170175 
-25.838191 12.377863 29.625301 
-25.505736 12.431841 28.683728 
-24.932007 11.617521 28.771590 
-24.714978 12.169822 27.966691 
-24.848393 11.735044 27.076091 
-25.393130 12.112840 26.327404 
-25.028716 12.342506 25.424932 
-24.539558 11.499924 25.199587 
-23.719432 11.041358 24.857375 
-23.383432 11.973522 24.992188 
-23.639619 12.934899 25.092801 
-23.889065 12.437921 25.923939 
-24.634752 12.978240 26.313820 
-24.470326 13.518754 25.488708 
-23.843758 14.228168 25.811422 
-22.911816 14.171008 26.169496 
-22.312061 13.371518 26.136199 
-22.109125 12.596330 26.734447 
-22.126829 13.286442 27.457933 
-22.479367 14.204163 27.274888 
-23.047861 14.063928 28.085535 
-23.223178 14.942855 27.641969 
-23.038195 15.529194 26.853307 
-23.865034 15.970056 26.504053 
-24.151120 15.950883 27.462065 
-23.575943 16.571497 27.994991 
-24.084689 17.389108 27.725378 
-23.846416 17.562197 26.769729 
-24.638318 18.074526 26.437448 
-25.634702 17.989597 26.439889 
-25.443843 17.927959 27.419570 
-25.585268 18.240950 28.358737 
-26.219356 17.542129 28.689771 
-25.334293 17.548896 29.155194 
-24.988445 16.635962 28.938538 
-25.014367 16.435615 27.959156 
-25.728115 16.149274 27.319959 
-26.456153 16.614866 26.816785 
-26.643792 16.964112 27.734837 
-27.198480 17.705892 27.357898 
-26.461305 18.305332 27.669737 
-27.125367 18.397383 28.411726 
-27.546226 19.259474 28.693997 
-27.830370 19.395841 27.744963 
-28.134132 19.895719 26.933883 
-28.132033 19.015565 26.459199 
-29.007200 18.544154 26.350324 
-29.214671 19.508072 26.183539 
-28.770986 19.265802 25.320725 
-28.199434 18.445239 25.322699 
-29.088976 18.018839 25.158695 
-28.612460 18.423272 24.378076 
-27.648982 18.155549 24.372251 
-27.072485 18.353952 25.164897 
-27.258361 19.167516 25.715864 
-27.332052 19.814979 24.957339 
-27.269856 20.753411 24.617520 
-26.668868 20.925756 23.837064 
-26.485447 21.869945 23.563451 
-25.970130 21.357740 22.876360 
-25.466741 21.272224 22.016542 
-25.501823 20.499720 22.650583 
-24.714779 20.676382 23.241643 
-24.744919 20.624224 24.239827 
-24.036679 21.287877 23.999078 
-23.161319 21.761296 24.097149 
-22.935962 21.067332 24.780983 
-22.657844 20.638939 23.921256 
-22.696882 20.465965 22.937104 
-7.608201 22.195188 76.761100 
-7.482734 23.161633 76.536956 
-7.478808 24.140412 76.741841 
-7.012241 24.795292 77.336355 
-6.189892 24.341671 76.992888 
-5.714716 24.710721 77.791644 
-5.357702 24.475568 78.695659 
-5.965302 24.050638 79.366671 
-6.594946 24.309369 80.099205 
-6.967679 23.692246 80.792191 
-7.770228 24.265100 80.958785 
-7.384372 24.406153 81.870497 
-6.459659 24.317119 81.500391 
-6.834691 23.573326 82.053674 
-6.394824 24.154619 82.738229 
-7.267853 24.595488 82.946688 
-8.063572 23.990971 82.909394 
-8.218427 23.054005 82.596162 
-8.507781 22.125361 82.828315 
-9.293910 21.634476 83.203859 
-9.329974 21.909542 82.243110 
-10.186709 21.832733 82.753116 
-9.980919 21.006044 82.229441 
-10.067556 20.815752 81.251544 
-10.761989 20.102493 81.346539 
-10.326674 19.232659 81.114398 
-9.691160 19.407240 80.362305 
-8.742462 19.382471 80.047092 
-8.697418 20.344555 80.316098 
-7.827005 20.445815 80.797896 
-6.948090 20.090982 81.116644 
-6.588382 19.355190 81.690423 
-5.843144 18.862911 81.240667 
-6.111276 18.618882 80.308703 
-6.991069 18.631607 80.783889 
-7.877676 18.270260 81.072605 
-8.005687 18.634910 80.150302 
-8.679481 17.945064 80.415094 
-9.000248 17.199592 80.999371 
-9.793082 17.533865 81.508953 
-9.807141 16.656961 81.989412 
-10.729486 16.694722 81.604893 
-10.610587 16.903979 80.634287 
-11.467434 17.419237 80.652224 
-12.072792 17.147432 81.400331 
-11.709785 16.275175 81.728038 
-12.577683 16.521463 82.159425 
-13.477359 16.085164 82.144358 
-14.131755 15.971676 81.396771 
-14.669746 15.922949 82.238312 
-14.347960 14.978479 82.171750 
-14.769315 14.502763 82.943860 
-14.959558 13.892647 82.174727 
-15.330782 14.236070 81.312026 
-14.881629 13.560070 80.727829 
-14.335018 13.554160 79.890463 
-13.500116 13.380559 80.412766 
-12.811696 12.705714 80.678590 
-12.385929 13.559817 80.977303 
-13.052808 14.257191 81.239869 
-13.015095 15.255875 81.205112 
-13.530380 15.486728 80.379771 
-13.997513 16.360156 80.242258 
-13.366850 16.629104 79.514294 
-13.092122 15.870268 78.923792 
-12.114329 15.993402 78.754206 
-11.192966 15.611507 78.681771 
-10.950223 15.170719 77.817606 
-10.498392 15.897117 77.299730 
-9.817933 16.546340 76.959898 
-10.438623 17.328487 77.014580 
-11.168795 16.881338 77.531209 
-11.453559 17.151956 78.450815 
-11.827329 17.904519 78.992983 
-10.950731 17.658786 79.406736 
-9.969784 17.815918 79.520988 
-9.466806 18.007756 78.678247 
-9.529405 17.017691 78.552337 
-9.699787 16.605615 79.447414 
-10.451781 15.968298 79.279094 
-10.105997 15.394867 80.021799 
-10.644719 15.103966 80.812466 
-10.602808 14.380261 81.501302 
-10.091440 14.569839 82.339493 
-10.006296 15.458421 81.888746 
-10.168463 15.894535 82.773905 
-9.200458 15.732693 82.582141 
-8.393713 16.288749 82.782050 
-7.890947 15.590672 83.291868 
-8.551290 15.009820 83.767848 
-8.604017 14.074147 83.418939 
-8.241248 13.863838 82.511102 
-8.783994 13.042218 82.336839 
-9.271260 12.330698 82.843111 
-9.789947 12.784923 83.567434 
45.503259 23.054988 59.279400 
44.912788 23.769557 59.654546 
44.579588 24.649006 59.994470 
45.161577 25.413673 60.271187 
46.081223 25.720343 60.516554 
46.763433 25.379254 59.869833 
47.090377 25.712264 60.754261 
47.750540 24.987256 60.557924 
48.594053 25.518148 60.476442 
48.105661 25.503910 61.348950 
49.063262 25.791536 61.332475 
49.042229 25.081636 62.036463 
48.534020 24.646968 62.779960 
48.281018 23.719123 62.505930 
48.772242 22.851912 62.424421 
49.352851 22.667319 63.217402 
50.005619 22.636447 63.974331 
49.516310 22.120002 64.677085 
49.052620 22.944417 64.352536 
48.622357 22.395193 65.068934 
47.646388 22.269864 64.890672 
46.860885 21.665176 65.022349 
46.499819 22.094713 65.850074 
46.310078 22.405550 66.781406 
46.123512 22.977969 67.579860 
46.999120 23.245431 67.177651 
47.172126 23.916845 66.457044 
46.800184 24.842771 66.522772 
46.305618 25.710890 66.564897 
45.702833 26.309382 67.092588 
44.722697 26.499665 67.148485 
44.932875 25.584784 67.493184 
44.255701 25.167878 68.099504 
43.400109 25.609520 68.369529 
43.355352 26.491101 68.839436 
42.356535 26.442820 68.845257 
41.784142 25.685083 69.158627 
41.045162 25.105397 68.815301 
40.190381 25.179641 69.328952 
39.914285 24.365589 69.839922 
39.260923 24.409653 69.084160 
38.423828 23.888969 69.251976 
37.708719 23.392259 69.743808 
37.551674 23.230401 70.718046 
38.087670 24.074051 70.686994 
37.100343 24.231505 70.667155 
37.648293 25.042817 70.463378 
36.753997 25.222986 70.872981 
37.127366 26.068604 71.254458 
36.538048 26.873419 71.183901 
37.180725 27.628924 71.056710 
38.072574 27.184932 71.143171 
37.419996 26.997066 71.877234 
36.722840 26.679735 72.520098 
36.178034 27.367237 72.039965 
35.967624 28.325687 71.847345 
36.540166 28.638654 71.089554 
37.450165 29.051530 71.051682 
37.104471 29.927770 71.387388 
36.315761 30.535396 71.293973 
36.765632 31.355745 70.940922 
36.913220 30.859808 70.085198 
37.490303 30.417143 69.398887 
38.173930 30.121583 68.731580 
38.062202 30.833657 68.038423 
38.163558 31.488479 68.787378 
38.901444 32.128422 68.572905 
39.764885 31.645630 68.719132 
39.730899 31.133184 67.861086 
38.937032 30.683681 67.451546 
39.849395 30.341697 67.226511 
39.954139 31.172161 66.679375 
39.073843 31.568100 66.940738 
38.836281 32.493010 66.643911 
38.897298 33.334917 66.107751 
38.114742 33.009591 65.576932 
38.656711 33.497534 64.892694 
39.014092 32.569409 64.996911 
39.207014 31.680877 64.580627 
39.578702 31.883249 63.674596 
38.696808 31.703531 63.238747 
37.937633 32.349893 63.315353 
38.577598 32.695505 64.001646 
39.172494 33.479030 63.822235 
39.037541 33.043742 62.932116 
39.499750 33.913042 62.756957 
38.953108 34.183575 61.964497 
38.277035 34.720669 62.468933 
37.892827 35.314673 61.762148 
37.228039 35.814136 62.317660 
36.756221 35.629859 63.179884 
36.502019 35.710649 64.143655 
36.154108 35.027491 64.785725 
35.473930 34.563479 64.218230 
9.519459 60.535688 33.337100 
9.184428 60.964366 32.498060 
10.013319 60.443552 32.293873 
10.972257 60.171106 32.372684 
10.669507 60.449694 33.284128 
10.841434 60.995618 34.104133 
11.723180 60.982628 34.575678 
12.642052 60.849715 34.204183 
13.634924 60.964454 34.236454 
14.015855 61.234848 33.352272 
13.733812 60.807585 32.493261 
14.426978 60.090122 32.562303 
15.353551 60.395011 32.782539 
15.177693 60.409761 31.798234 
15.956991 59.806566 31.968087 
15.440464 59.206937 32.579353 
15.545088 58.721510 31.711358 
15.507298 57.774060 31.393697 
15.233259 56.840701 31.625525 
14.670080 57.471076 32.159806 
15.307161 58.033268 32.687128 
14.637765 58.212659 33.408050 
14.984512 57.284175 33.541034 
14.689698 57.719525 34.391654 
13.707091 57.727378 34.206123 
13.205524 58.015496 33.390391 
12.506508 57.528340 33.913895 
12.470076 56.661226 34.410669 
12.413221 57.349587 35.133806 
13.222901 57.679729 35.619011 
13.825969 58.464427 35.762393 
13.709150 58.879408 36.664692 
12.924307 58.910971 37.283583 
12.730070 59.888102 37.197053 
12.850593 60.253843 38.119933 
12.239605 60.719056 37.479409 
11.706169 61.560687 37.563689 
12.031787 62.014167 36.734034 
12.125208 62.733525 37.422363 
12.577947 61.961498 37.868461 
12.145844 61.793990 38.754592 
11.407497 62.351558 38.375168 
10.874554 61.505677 38.396561 
10.126914 61.275172 39.019379 
9.361844 61.035255 38.421794 
9.249439 60.152554 38.878088 
8.747773 59.552731 38.254755 
7.755098 59.534094 38.135381 
7.891025 58.581696 37.862501 
6.909251 58.457299 37.718819 
7.470627 57.847869 37.158951 
8.092378 57.502164 37.861742 
8.847320 58.148858 37.752880 
9.017677 58.190336 36.768371 
9.016776 57.204340 36.601606 
8.709802 56.252670 36.611090 
8.984853 55.361298 36.971372 
8.588571 55.325400 36.053945 
9.145661 55.487606 35.239488 
9.188332 56.378028 35.692618 
10.068611 56.198600 35.253398 
9.517099 56.315664 34.427486 
9.265042 57.204708 34.045297 
8.669072 57.839266 33.553204 
9.214682 57.563471 32.761847 
9.511681 58.423705 32.347372 
9.033429 59.258478 32.074556 
8.831970 58.999197 31.129999 
8.422341 59.862868 30.836270 
8.875689 60.434469 31.520191 
7.931556 60.721474 31.682177 
7.551938 61.617975 31.453755 
6.945300 60.901422 31.798054 
6.070664 61.045473 31.335173 
5.467029 60.466404 30.787172 
4.937803 61.235029 31.146527 
5.511778 62.006483 30.871918 
4.770161 62.520268 31.303228 
4.528501 62.477210 32.272633 
5.195252 63.203043 32.441781 
4.837512 63.757140 31.690118 
4.601291 64.596462 32.179748 
4.105070 64.013596 32.823201 
3.572343 64.359352 33.595636 
3.343690 63.398040 33.442023 
3.992475 62.719951 33.096664 
3.992419 61.884894 33.646827 
4.658200 61.153065 33.501356 
4.703586 60.285864 33.997240 
4.324150 60.344952 34.920569 
4.126632 59.811140 35.742780 
-83.937241 7.887188 -7.418200 
-82.954654 8.072570 -7.430679 
-82.786131 8.629845 -8.243726 
-83.059911 8.736192 -9.199620 
-82.320842 9.379648 -9.000272 
-81.332420 9.478089 -9.115736 
-80.948288 8.574291 -9.304397 
-80.465339 7.701901 -9.228929 
-81.236289 7.425324 -8.655221 
-81.970698 8.060365 -8.415709 
-81.435120 8.738875 -7.912936 
-81.300164 7.792034 -7.620911 
-80.744388 8.428612 -7.086233 
-80.985346 8.343240 -6.119460 
-80.605303 9.214847 -6.429086 
-79.683571 9.285535 -6.047754 
-79.649390 10.069030 -5.427297 
-79.592632 11.041369 -5.653873 
-79.377496 10.963736 -6.627366 
-78.515427 10.875740 -6.128273 
-78.607865 10.017025 -5.624226 
-78.941450 9.293268 -5.020159 
-78.514125 8.620583 -5.624219 
-77.551770 8.637912 -5.895461 
-77.545051 7.657456 -6.092088 
-77.933468 7.976367 -6.956627 
-77.894237 7.934465 -7.954978 
-78.159637 7.491382 -8.811273 
-78.743700 8.227721 -9.152851 
-78.694339 7.432177 -9.756733 
-79.113470 6.682694 -10.269183 
-79.095328 6.488803 -9.288328 
-78.763793 5.647066 -9.714429 
-79.696141 5.603779 -9.355468 
-80.398598 6.070757 -8.818361 
-79.925647 5.681795 -8.027775 
-79.271638 5.732405 -7.272983 
-80.163631 6.002782 -6.910706 
-80.195712 5.055518 -6.591860 
-80.431619 4.792323 -5.656405 
-79.908131 4.023322 -5.289529 
-79.836809 4.035544 -4.292151 
-78.852034 3.873896 -4.228215 
-79.158981 4.479152 -3.493744 
-78.464513 4.590686 -2.782917 
-78.397747 5.258934 -2.041980 
-78.261508 6.135592 -1.580559 
-78.332583 7.025949 -2.030239 
-77.832387 7.649462 -2.631102 
-77.262240 6.931425 -2.231910 
-77.225712 6.125985 -1.640358 
-76.382350 6.286846 -1.127655 
-76.088867 5.384770 -1.444084 
-75.974303 4.870032 -2.293742 
-75.210938 5.432435 -2.611509 
-75.214347 6.169514 -3.287307 
-74.787265 7.071281 -3.220841 
-74.086124 6.370306 -3.090320 
-74.131903 6.837524 -3.973276 
-74.726291 7.438775 -4.507318 
-74.184323 6.764625 -5.009107 
-74.860546 6.684209 -5.741402 
-74.494466 6.370675 -6.617577 
-74.643952 6.672429 -7.559170 
-74.054683 6.784516 -8.359294 
-74.998332 7.104222 -8.444813 
-75.517292 6.341218 -8.830177 
-75.755928 6.111775 -9.773792 
-76.615344 5.623132 -9.924233 
-77.290473 5.453143 -9.206386 
-77.829891 4.665782 -9.504869 
-78.582903 4.939706 -8.906588 
-77.858512 4.710270 -8.256498 
-77.870727 3.746937 -7.988467 
-78.577533 3.385108 -8.596336 
-78.707121 2.422678 -8.357722 
-78.659759 2.115111 -9.308069 
-79.550114 2.177302 -8.857071 
-80.409165 2.562266 -9.194464 
-80.292008 3.472164 -8.796520 
-80.639920 3.936233 -9.611135 
-34.706541 38.928948 10.853060 
-34.493791 38.644483 11.787842 
-33.636401 38.133857 11.852221 
-33.997055 37.443169 12.479022 
-34.434083 36.708297 11.960399 
-34.822431 36.828022 11.046697 
-34.441993 36.986494 10.135569 
-33.520399 36.700184 9.873481 
-33.062361 36.151663 10.572999 
-32.599369 35.674643 11.320054 
-31.709428 35.236354 11.446175 
-32.351719 34.889241 12.129530 
-31.437649 35.150922 12.439367 
-30.805471 34.664405 13.042402 
-30.296416 33.911969 13.460377 
-29.508020 33.296808 13.457641 
-28.900764 33.088048 12.691051 
-28.473515 32.258470 12.331526 
-28.872404 31.551428 12.915461 
-29.180761 30.613410 13.073694 
-29.219276 30.597420 14.072824 
-28.844071 30.620224 14.999486 
-29.735916 31.037798 14.825572 
-30.087428 30.758678 15.719177 
-29.188275 31.137808 15.937771 
-29.544641 31.654620 16.716172 
-30.505963 31.848559 16.911740 
-30.506645 32.815282 16.655917 
-30.059952 32.396913 15.865074 
-29.795441 33.274648 15.465554 
-29.146227 32.790539 14.878903 
-28.370176 32.762623 15.508956 
-28.166728 32.923148 16.474793 
-28.647773 33.378266 17.224101 
-28.232667 32.507404 17.487323 
-27.254600 32.715692 17.488099 
-27.170130 32.398691 16.543443 
-26.256029 32.205446 16.899919 
-25.873094 31.852473 16.046238 
-26.656794 31.750883 15.433462 
-27.066745 32.054076 14.573222 
-27.900233 31.660153 14.185765 
-27.666229 31.202253 13.328111 
-26.932869 30.730219 12.838860 
-26.117597 30.364963 12.389505 
-25.183363 30.489391 12.055254 
-25.195238 31.468471 11.852124 
-24.747387 31.627026 12.732061 
-24.642582 30.892783 13.402810 
-25.466199 31.091958 13.933832 
-25.218941 31.989593 13.568980 
-24.657396 32.066598 14.392835 
-24.209095 31.195712 14.594289 
-24.209468 30.675878 15.448557 
-24.133605 29.712571 15.191100 
-25.059663 29.668196 15.565862 
-25.151137 29.602342 14.572234 
-25.725464 28.852409 14.900484 
-25.201969 28.663927 14.069565 
-24.442125 28.490849 13.442921 
-23.845199 28.944854 12.781439 
-24.133318 28.193668 12.187548 
-24.809570 28.336790 11.464915 
-25.517630 28.468965 10.771243 
-25.149659 27.942992 10.004465 
-25.804597 27.206052 10.171727 
-26.163638 28.003629 9.687000 
-26.487742 28.698354 10.329116 
-26.574932 29.379991 9.602639 
-26.527376 30.367973 9.749713 
-25.892194 29.849136 10.321861 
-25.043278 30.341393 10.129441 
-24.131176 30.636197 9.844557 
-24.615209 30.563064 8.972569 
-23.624957 30.438599 8.910047 
-22.966662 30.670444 8.193879 
-22.678371 30.530310 7.246646 
-23.035289 29.703241 6.812403 
-25.426341 -45.615712 -49.746000 
-26.053126 -44.896769 -49.445565 
-27.024288 -44.857427 -49.680717 
-26.509792 -45.554799 -50.179681 
-26.107450 -44.672294 -50.423206 
-26.514405 -44.207713 -51.209687 
-27.264326 -43.584447 -50.987972 
-27.616348 -43.329835 -51.888668 
-27.754455 -43.423710 -52.874627 
-27.675912 -42.860921 -53.697487 
-28.466303 -43.186719 -54.216273 
-28.835690 -42.324507 -53.869653 
-28.716566 -42.947503 -53.096551 
-28.701394 -42.341735 -52.301054 
-29.418699 -41.768901 -51.904400 
-29.488452 -41.157519 -52.692656 
-29.512024 -40.308540 -52.164755 
-30.067317 -40.878612 -51.559225 
-29.878617 -41.428753 -50.745753 
-30.776096 -41.003722 -50.627943 
-31.653689 -41.180381 -51.073615 
-32.629093 -41.211289 -51.291861 
-32.545600 -41.240771 -52.287934 
-32.490195 -42.210690 -52.050894 
-32.364481 -41.954384 -53.009280 
-32.596789 -41.207139 -53.631902 
-32.385975 -41.499507 -54.564682 
-32.327172 -42.387121 -55.021501 
-32.671817 -43.300046 -54.802894 
-33.443733 -43.365210 -54.170517 
-34.397363 -43.517653 -54.430038 
-34.662788 -42.731948 -53.871274 
-34.982542 -41.886259 -53.443995 
-35.388840 -42.578157 -52.847172 
-36.278171 -42.126613 -52.919271 
-35.990879 -41.283281 -52.465119 
-35.000672 -41.330681 -52.333808 
-35.183141 -40.350556 -52.411660 
-35.471396 -40.388654 -53.368456 
-34.743268 -40.610857 -54.016881 
-34.541229 -41.211803 -54.790215 
-33.679235 -41.262967 -54.285884 
-33.472938 -40.308667 -54.502110 
-33.487684 -39.571490 -55.177649 
-34.012407 -38.722217 -55.235969 
-33.953757 -38.747792 -56.233920 
-33.003850 -39.058005 -56.271923 
-33.440277 -39.065137 -57.171635 
-33.289885 -38.078252 -57.230283 
-32.942428 -37.809846 -58.128744 
-32.301953 -37.264624 -58.669600 
-32.578435 -37.659840 -59.545593 
-33.380322 -37.826848 -60.119251 
-33.699708 -38.396149 -59.361697 
-34.565424 -38.061353 -58.989611 
-35.064250 -38.752716 -59.512286 
-34.772693 -38.863141 -60.462444 
-35.005600 -39.810185 -60.241394 
-35.454891 -40.322143 -59.509249 
-36.079207 -39.601858 -59.206895 
-36.014140 -39.545128 -60.203162 
-36.381993 -40.185602 -60.877311 
-36.981799 -40.180576 -60.077182 
-37.928940 -40.097333 -59.767351 
-38.443663 -40.872104 -59.400213 
-39.412261 -41.055755 -59.232611 
-40.278507 -41.046399 -58.733082 
-40.075056 -40.080654 -58.894152 
-39.536450 -39.691823 -58.146680 
-40.393581 -39.744698 -57.634302 
-41.325902 -39.673392 -57.988834 
-41.789877 -39.518382 -57.116654 
-42.685107 -39.954402 -57.208579 
-43.653566 -40.067389 -57.430662 
-43.536858 -40.174913 -58.417991 
-44.516985 -40.221048 -58.225061 
-44.821742 -41.123962 -57.921961 
-44.283243 -41.963541 -57.993558 
-44.333600 -42.869155 -58.414659 
-45.117327 -42.336511 -58.734132 
-45.579544 -42.641427 -59.566827 
-46.301629 -43.274789 -59.288535 
-21.262041 -22.491512 0.662540 
-20.449487 -23.074346 0.654765 
-20.017824 -22.498202 -0.039300 
-20.065506 -22.167873 -0.981960 
-19.477591 -21.503932 -1.444063 
-18.627409 -21.331935 -0.946461 
-18.132242 -22.200648 -0.958613 
-17.483024 -21.482014 -0.709452 
-16.585736 -21.910569 -0.815351 
-15.807688 -22.200873 -0.258247 
-15.124984 -22.514202 0.401858 
-14.406457 -21.843742 0.586799 
-13.817123 -22.543329 0.990857 
-13.318371 -21.676655 0.979731 
-13.684003 -20.746142 1.001121 
-13.719669 -20.149071 1.802516 
-13.931833 -19.573903 2.592560 
-14.695287 -19.950817 2.068086 
-14.873121 -19.946241 1.084036 
-14.245996 -19.862686 0.309612 
-13.263839 -19.814452 0.127842 
-12.535956 -20.406837 -0.217510 
-11.778832 -21.056186 -0.288982 
-11.032620 -20.602290 0.197995 
-11.211328 -19.651634 -0.055611 
-11.948416 -19.021545 0.188705 
-12.245948 -19.338916 1.089122 
-11.483403 -19.594825 1.683289 
-10.906842 -19.400887 2.476994 
-11.240372 -18.468916 2.334909 
-11.123327 -17.697270 1.709720 
-11.497952 -17.768041 0.785248 
-12.067332 -17.677630 -0.031840 
-12.269953 -16.727588 0.205575 
-12.810614 -17.230058 0.880267 
-12.982674 -17.195273 1.864739 
-13.378027 -17.585879 2.696077 
-13.688340 -16.675044 2.423891 
-13.070688 -15.907499 2.595296 
-12.136310 -15.793464 2.257755 
-12.877275 -15.603768 1.613561 
-13.120512 -15.448959 0.656027 
-12.392580 -14.830625 0.359754 
-12.573734 -13.937293 -0.051513 
-13.163769 -13.905940 -0.858282 
-13.840826 -14.066369 -1.576513 
-13.621631 -14.612539 -2.385001 
-13.762168 -13.674115 -2.700610 
-13.834738 -13.406110 -3.661291 
-14.799013 -13.223265 -3.852974 
-15.019780 -14.058256 -3.348938 
-14.284584 -14.622868 -3.724039 
-14.456289 -15.342650 -4.396668 
-15.268216 -15.748394 -3.976970 
-15.718449 -15.793225 -4.868755 
-16.171866 -14.902806 -4.908352 
-15.700378 -14.044204 -4.707097 
-15.060528 -13.312894 -4.943269 
-15.580723 -12.594476 -5.405083 
-16.264199 -13.296043 -5.606738 
-16.984126 -13.693229 -5.037574 
-17.440077 -14.582644 -5.069967 
-16.793446 -14.991507 -5.713939 
-17.205917 -15.887266 -5.879719 
-17.828521 -15.204975 -6.262922 
-18.320574 -15.802331 -5.629636 
-18.579323 -16.757208 -5.483834 
-18.913503 -17.615240 -5.873841 
-19.168354 -18.354668 -5.250706 
-19.711838 -18.678579 -6.025113 
-20.158192 -18.763453 -6.915936 
-21.005285 -19.196812 -7.223559 
-21.201175 -19.995614 -7.792367 
-21.053377 -20.594675 -7.005422 
-21.528601 -21.459725 -7.166202 
-22.143624 -20.744199 -7.497514 
-21.983702 -21.384934 -8.248436 
43.104659 -41.085912 13.191460 
42.138073 -41.338573 13.234755 
42.009693 -40.356237 13.098607 
41.732964 -39.863032 12.273883 
42.063002 -39.161405 11.642381 
41.962092 -38.900755 10.682236 
41.136110 -38.661089 10.172027 
41.231533 -39.575828 10.564642 
40.338495 -39.139525 10.674744 
40.044983 -38.563457 9.911857 
39.053821 -38.696059 9.908224 
38.228373 -38.314111 9.492590 
37.989714 -38.484592 8.536568 
38.484598 -38.351155 7.677916 
39.046169 -38.208379 8.492934 
40.014785 -37.960046 8.482291 
40.965753 -37.737092 8.267926 
41.477366 -36.946101 7.932389 
41.463406 -37.619773 7.193491 
42.156866 -36.968976 6.884336 
42.142287 -36.177547 6.273249 
41.697832 -35.295446 6.429321 
41.747383 -34.593640 5.718678 
42.488329 -34.285233 6.315239 
42.911312 -34.959727 5.710141 
43.398305 -35.359098 6.486891 
43.952102 -36.002507 5.958370 
44.029767 -36.861283 6.464800 
43.911063 -36.367144 7.326041 
43.161129 -36.708623 7.892602 
43.373635 -37.617580 7.533939 
44.324010 -37.892965 7.389194 
44.868378 -37.385019 6.721620 
45.856850 -37.233736 6.715676 
45.775861 -38.229035 6.768779 
45.921953 -38.437682 7.735797 
46.095368 -39.390986 7.488535 
47.044823 -39.429644 7.177019 
47.102539 -40.310538 6.707238 
47.530144 -41.012822 7.276406 
46.583176 -41.321464 7.187014 
46.139780 -41.868324 6.476843 
45.951967 -42.217535 7.394872 
46.768738 -42.793286 7.432245 
45.958266 -43.311855 7.159807 
45.862740 -43.817476 6.302356 
46.398424 -44.500438 6.798950 
46.465018 -45.491609 6.913604 
45.637315 -45.906042 6.535248 
45.709344 -46.720821 5.959969 
45.345984 -47.561552 5.558545 
45.867958 -47.669250 6.404679 
45.996316 -47.916180 7.365174 
45.648547 -48.307896 8.217004 
45.489966 -47.688962 8.986272 
45.155341 -46.889082 8.488056 
44.901031 -46.487779 7.608123 
44.249453 -46.364854 6.859568 
43.485553 -46.998139 6.735446 
43.048281 -47.088953 5.840714 
42.906213 -48.012842 5.485401 
42.863630 -48.532544 6.338686 
42.123379 -47.866977 6.433807 
41.654769 -47.104825 6.880495 
41.982258 -47.477892 7.748580 
42.481976 -48.344009 7.759761 
42.633208 -47.890201 8.637934 
42.317289 -46.944233 8.711015 
42.738231 -46.171917 9.186763 
42.041228 -45.456821 9.133613 
42.226094 -44.610070 8.634778 
42.013490 -44.233942 7.732932 
41.254692 -43.716118 7.337856 
41.605915 -43.534962 6.419257 
41.756031 -44.362083 5.877652 
42.457721 -44.535947 5.186709 
2.356759 -39.251312 4.250660 
1.760387 -39.890947 4.735642 
1.660256 -40.182589 3.784369 
1.078896 -40.351657 2.988482 
0.653819 -39.606396 2.474773 
1.211667 -38.780957 2.561121 
1.219081 -38.138742 1.794632 
1.777811 -37.652580 1.122719 
0.898014 -38.014380 0.814404 
0.315845 -37.201657 0.838107 
-0.495298 -37.389483 1.391973 
-1.048131 -37.307787 2.221251 
-0.869597 -36.405836 2.614455 
0.031759 -36.764361 2.857392 
0.295605 -36.240143 2.047713 
0.458925 -35.570702 2.772402 
0.185508 -36.081054 3.587745 
0.561004 -35.913083 4.499221 
0.682273 -36.904585 4.452135 
0.876164 -37.316591 5.342448 
0.155780 -36.910516 5.904720 
0.539003 -36.687020 6.800928 
-0.116849 -36.178442 7.358786 
-0.115543 -35.674034 8.222251 
0.158657 -35.736929 9.181865 
0.786990 -35.959229 9.927372 
1.314112 -35.514790 9.203068 
2.062343 -34.944439 9.541965 
2.942555 -34.929679 9.067613 
2.584550 -34.066331 9.423228 
3.504563 -34.194335 9.793619 
4.020339 -34.729181 9.124355 
4.078756 -35.272125 9.962089 
4.258755 -34.812181 10.831602 
3.284690 -34.998458 10.703153 
3.459919 -34.811735 11.669811 
2.522214 -34.865242 12.013099 
2.572940 -34.013325 11.491886 
2.601325 -33.478731 12.336518 
1.944078 -32.815086 12.693733 
1.430689 -32.508118 13.495109 
2.269173 -32.244211 13.971866 
2.218740 -31.481102 14.616165 
3.215469 -31.561817 14.620286 
3.413746 -30.587696 14.511771 
4.244020 -30.084144 14.750684 
3.637992 -29.597686 14.121328 
2.902586 -29.225578 13.555013 
1.944500 -29.074347 13.798326 
1.315916 -28.298041 13.845554 
1.731428 -27.903453 13.026012 
1.908541 -27.148499 13.657420 
1.043468 -27.190471 14.157307 
0.383016 -26.516006 13.827307 
-0.053987 -27.101362 13.144381 
-0.871067 -27.586550 12.832978 
-1.038085 -28.566773 12.726832 
-1.811326 -28.013490 13.036631 
-2.644714 -27.857784 12.506330 
-3.263203 -28.154668 11.778778 
-2.538716 -28.554216 11.217101 
-3.234609 -29.051219 10.698720 
-3.839719 -28.745411 9.963652 
-2.937056 -28.916145 9.568621 
-3.134563 -28.106139 9.016460 
-3.858103 -27.597430 9.483049 
-3.209522 -27.825780 10.209134 
-2.497042 -27.124124 10.201834 
-1.907931 -26.704530 10.892405 
-0.912004 -26.786694 10.855260 
-0.395342 -27.636814 10.957027 
-0.117420 -28.299825 10.261919 
0.788913 -28.312744 10.684285 
0.683145 -29.300017 10.565523 
0.409595 -30.189906 10.200463 
-0.308150 -29.506889 10.335849 
-33.979641 24.156488 -57.161500 
-34.114723 24.630522 -58.031583 
-33.865237 25.570801 -57.799999 
-33.659834 25.991854 -56.916526 
-33.472853 26.963682 -57.060012 
-32.589998 27.415001 -56.930099 
-32.284458 26.928428 -57.748568 
-31.985651 26.196572 -58.361023 
-31.288417 25.643904 -58.817557 
-31.091771 26.118753 -59.675373 
-30.801970 25.179811 -59.860852 
-29.918102 25.586034 -60.092715 
-29.344480 25.918783 -59.344226 
-28.715153 25.504127 -58.686954 
-28.497893 24.592035 -59.034641 
-27.710030 25.027689 -59.469931 
-28.094364 24.894729 -60.383500 
-28.729927 24.256445 -60.817842 
-28.976822 24.084846 -59.864114 
-29.755145 24.059938 -59.236745 
-30.480126 23.658290 -59.796281 
-29.899770 24.305401 -60.290685 
-30.264109 25.039477 -60.863737 
-30.546286 25.991660 -60.980883 
-30.517208 26.086020 -61.975996 
-29.712031 25.577718 -62.281480 
-30.484144 25.016326 -62.579274 
-30.134954 25.231763 -63.491224 
-29.543213 25.718446 -64.133861 
-29.974723 25.853151 -65.025855 
-30.671704 25.986976 -65.730346 
-30.605464 25.823599 -66.714683 
-30.547070 26.712934 -67.168196 
-31.545863 26.752715 -67.139371 
-32.255452 27.430692 -67.331287 
-32.724015 26.824363 -67.973792 
-33.168046 26.432421 -68.779533 
-34.075714 26.039391 -68.926730 
-34.784582 26.566125 -69.395832 
-35.383123 26.749947 -68.616115 
-35.794994 27.032622 -69.482404 
-35.934641 26.043893 -69.536399 
-35.189256 25.746654 -68.939700 
-36.120984 25.425636 -68.769906 
-36.800260 24.968320 -68.195932 
-36.897846 25.109263 -67.210735 
-37.546956 25.636384 -66.662282 
-37.637400 24.640745 -66.685146 
-37.878673 23.897236 -67.308830 
-38.846490 24.082022 -67.479665 
-39.713985 23.587307 -67.531721 
-39.228301 22.998870 -68.178136 
-38.778245 23.810144 -68.551345 
-38.258648 23.847302 -69.404948 
-37.878724 23.363160 -68.616744 
-38.279852 22.933622 -67.807674 
-38.452574 22.561465 -66.895717 
-39.316573 22.975051 -66.608573 
-39.509972 22.070428 -66.228765 
-38.898570 21.330871 -65.947265 
-39.411230 21.216780 -65.096288 
-40.017130 20.645086 -65.649507 
-40.704798 20.037582 -66.047065 
-40.177111 19.248791 -66.362272 
-39.252615 18.903252 -66.523236 
-39.014410 17.944875 -66.680628 
-38.307919 18.633783 -66.842729 
-38.013438 19.496023 -66.430632 
-37.244808 20.024258 -66.069835 
-36.464595 20.629175 -66.229033 
-37.128975 20.616110 -66.976314 
-36.474480 19.972414 -67.372912 
-36.657707 18.990116 -67.411885 
-36.735771 18.000219 -67.530243 
-37.667731 17.731542 -67.286802 
-37.563833 16.754469 -67.472635 
-36.748386 16.426358 -66.995780 
-35.777110 16.347366 -67.220238 
-35.695918 16.714781 -66.293732 
71.033259 -8.405912 -4.128400 
70.434765 -8.885832 -3.486931 
70.166105 -9.525298 -2.766580 
69.209397 -9.671562 -2.514953 
69.586579 -10.597429 -2.492494 
69.132812 -11.482650 -2.390129 
68.551029 -11.055307 -1.698099 
68.102618 -10.526762 -0.977288 
67.601930 -10.167834 -0.189582 
66.631295 -10.337224 -0.360389 
66.782986 -11.243818 0.033411 
67.056416 -11.180964 0.993247 
66.895426 -11.906950 1.661847 
66.958578 -11.969258 2.657904 
67.629837 -11.321243 3.017749 
67.969296 -10.821945 3.814912 
68.911013 -10.673445 4.116768 
69.262098 -11.587108 4.321608 
68.991087 -11.632945 5.283092 
68.473111 -12.456730 5.052703 
68.109964 -12.568309 4.127676 
69.024945 -12.820328 3.812564 
68.944494 -13.516086 4.526321 
69.264330 -13.684006 5.458795 
69.905817 -13.215125 4.851634 
69.968803 -13.390164 3.869089 
70.620884 -13.650170 3.156918 
71.075018 -12.875185 3.596418 
71.215218 -12.696062 4.570204 
70.778227 -12.655650 5.468761 
70.587614 -11.698960 5.688786 
71.311380 -11.009337 5.664656 
71.458130 -10.405707 4.881012 
71.482082 -9.481781 5.262833 
71.204048 -8.642663 4.795310 
72.045345 -8.562550 5.329915 
72.889644 -8.250854 5.765810 
73.333413 -9.106773 6.031277 
73.178109 -10.094146 6.000065 
73.570986 -10.065537 5.080919 
73.902551 -10.939192 4.724842 
74.790993 -10.613647 5.048404 
75.430517 -10.215058 4.391034 
76.339941 -9.800264 4.420920 
76.910132 -8.979939 4.376764 
77.087584 -8.136410 4.883685 
76.431723 -8.741559 5.334950 
75.492200 -8.420173 5.216597 
75.515173 -8.743808 6.162500 
74.649805 -8.681719 6.659776 
75.431969 -8.333592 7.176522 
75.106952 -7.514653 6.703549 
74.603371 -7.499589 5.839733 
75.179857 -7.479892 5.022863 
75.147818 -6.703768 4.393096 
74.167988 -6.792146 4.572325 
74.294778 -5.986790 5.151399 
74.662462 -5.573386 4.318389 
74.919057 -4.868898 4.980095 
74.234196 -4.503508 5.610535 
74.114478 -3.758995 6.267321 
73.174464 -4.056484 6.434279 
73.126159 -3.076318 6.626480 
73.454755 -2.271328 6.132500 
74.145348 -1.548553 6.158526 
75.062708 -1.325982 6.488547 
33.404459 -22.073312 43.693600 
33.566748 -21.105642 43.886673 
32.992499 -20.750043 44.624093 
33.476335 -21.144226 45.405452 
33.945640 -20.333600 45.755648 
34.774364 -19.952442 45.345849 
35.372764 -20.623557 45.783481 
35.953065 -20.518161 46.591034 
36.731399 -20.903486 46.095331 
37.184757 -21.242987 46.919471 
37.061775 -22.154752 47.311339 
37.989578 -22.046272 47.668291 
38.409163 -22.838631 48.111141 
38.287491 -22.934079 49.099111 
38.047880 -21.978080 49.268380 
37.739033 -21.093296 49.617339 
38.603768 -20.758719 49.991893 
37.927785 -20.022141 49.969524 
36.973162 -20.291478 49.842428 
36.735793 -21.117434 50.353752 
35.975275 -20.783426 50.910575 
35.953711 -20.174221 51.703294 
35.006001 -20.060507 51.405106 
34.616047 -20.822574 51.922010 
34.307590 -21.662737 52.368083 
34.665720 -20.965480 52.989031 
34.484631 -21.616703 53.725995 
33.664952 -22.070890 54.075049 
32.807096 -22.185266 54.576050 
33.125865 -23.020272 54.127552 
34.124309 -23.027879 54.182791 
35.054433 -22.660658 54.186872 
35.185546 -22.377621 53.236767 
35.963002 -22.993059 53.366376 
36.593927 -23.013209 54.141959 
37.156580 -22.723761 53.367594 
36.893293 -23.060023 52.463377 
37.231222 -23.695786 51.769396 
38.193330 -23.754967 51.503227 
38.401083 -23.737192 52.481247 
37.992984 -23.649990 53.390010 
37.740300 -23.153029 54.220180 
38.391676 -23.410775 54.933816 
37.806911 -22.948971 55.600739 
37.585911 -22.303425 56.331786 
38.169043 -21.986514 57.079800 
37.924927 -21.049167 56.831229 
38.102080 -21.310027 55.882246 
37.419650 -20.593149 56.024984 
36.835365 -20.160889 55.338133 
36.833595 -19.326642 55.889520 
37.329782 -18.471235 55.740932 
38.049091 -19.163677 55.685090 
37.832471 -18.663547 54.846671 
37.160277 -18.411293 54.150595 
37.678674 -17.596800 54.411107 
38.320836 -17.465688 55.166379 
39.026169 -16.935036 54.696364 
39.283601 -17.273479 55.601453 
39.751100 -16.389535 55.592058 
39.121706 -15.851633 55.031233 
39.466428 -15.540986 54.145420 
-2.034601 -6.300012 51.898700 
-2.013233 -6.126233 50.914148 
-1.894494 -7.100063 50.720352 
-2.736383 -7.508056 51.073572 
-2.775212 -8.488497 51.266517 
-3.648818 -8.421226 50.784555 
-4.392809 -8.711502 51.386400 
-3.687519 -9.146840 51.945904 
-4.051245 -10.056515 51.745415 
-3.283366 -9.850315 51.138913 
-2.550250 -9.359120 50.668521 
-3.147708 -9.368467 49.866675 
-3.945070 -9.303852 49.266642 
-4.586561 -9.559158 48.543242 
-5.556806 -9.795675 48.595046 
-5.704841 -10.648655 48.094537 
-6.690224 -10.708177 48.254153 
-7.029574 -11.638246 48.394915 
-6.269988 -12.288258 48.372261 
-5.427526 -12.025791 48.842760 
-4.746140 -11.937956 49.569394 
-4.312087 -11.407947 48.840911 
-3.445315 -11.060434 49.198599 
-2.812278 -10.288631 49.258470 
-3.583465 -10.065435 48.662271 
-3.089049 -10.822775 48.235669 
-3.874922 -10.781334 47.618671 
-4.456291 -10.492168 46.858149 
-5.018323 -9.665065 46.853520 
-5.865307 -10.195306 46.815266 
-6.125773 -9.431802 47.406214 
-6.987422 -8.985554 47.647922 
-7.241850 -8.147256 48.130129 
-6.696613 -7.358469 48.413908 
-6.153566 -6.830477 49.066844 
-5.817844 -6.023287 49.552368 
-5.327015 -5.295613 50.031511 
-5.288463 -4.851125 49.136556 
-5.986739 -4.248334 48.750481 
-5.542967 -4.170681 47.857711 
-6.478385 -4.510667 47.760743 
-5.845443 -5.028195 47.184940 
-6.161488 -5.742525 46.560563 
-5.703645 -6.408855 45.972019 
-6.533674 -6.070186 45.528900 
-6.625303 -6.793905 44.844916 
-6.983179 -6.828415 43.911785 
-6.321512 -7.525264 44.188548 
-7.257606 -7.844068 44.039915 
-7.940189 -7.113438 44.023760 
-8.854996 -7.498386 44.146000 
-8.854143 -7.000073 45.012997 
-8.879256 -6.413288 45.822350 
-9.154542 -7.205783 46.366564 
-9.664102 -7.948020 45.931325 
-10.363616 -8.530103 45.516765 
-9.486131 -9.001237 45.606507 
-8.804460 -8.680045 44.949118 
-8.467964 -9.094684 44.103633 
-7.781063 -9.816818 44.021845 
26.090459 -6.569812 -52.972100 
26.643932 -7.363462 -52.719536 
27.453533 -7.815181 -53.094364 
28.076290 -8.592938 -53.179610 
27.274165 -9.141690 -53.415124 
27.777826 -9.951212 -53.113462 
28.758416 -10.146697 -53.098338 
28.365116 -10.790529 -52.441988 
28.209126 -10.349437 -51.558186 
27.617387 -10.739373 -50.852641 
26.656593 -10.466672 -50.802553 
25.974021 -9.738418 -50.863720 
25.443900 -9.924965 -51.690867 
26.264635 -10.413123 -51.987675 
26.150520 -9.542196 -52.465653 
26.255508 -9.197762 -53.398575 
25.521360 -9.189981 -54.077521 
24.968790 -8.406991 -53.791877 
25.460553 -7.540213 -53.874731 
25.363722 -6.880959 -54.620390 
24.653215 -6.287207 -54.998065 
24.936287 -5.718309 -54.225909 
25.896787 -5.448188 -54.159022 
25.296729 -4.922024 -53.556459 
25.812189 -4.482092 -52.821095 
25.145096 -3.742065 -52.906802 
25.639783 -3.868164 -53.766677 
26.531143 -3.536709 -53.457461 
27.423833 -3.335551 -53.860749 
27.159334 -2.432311 -53.522818 
27.564441 -2.188386 -52.641688 
27.841497 -1.716044 -51.804949 
27.944294 -2.426413 -51.108667 
28.696430 -2.851029 -51.612644 
28.776590 -3.345845 -52.477936 
28.690762 -4.341868 -52.453996 
28.192634 -4.465800 -53.312198 
29.143868 -4.621761 -53.578338 
30.141052 -4.551205 -53.603747 
30.326366 -5.139442 -52.816577 
30.213075 -6.130861 -52.881796 
29.377916 -5.709435 -52.528368 
28.479832 -6.134103 -52.642832 
27.799597 -5.402719 -52.594276 
26.897522 -5.761000 -52.834891 
27.380900 -5.225671 -53.527545 
27.034192 -5.959935 -54.111197 
26.804788 -6.906672 -54.337166 
26.783774 -7.896923 -54.199463 
27.704765 -8.284901 -54.164117 
28.271715 -7.498986 -53.917329 
29.054024 -7.483813 -53.294622 
29.939082 -7.681492 -52.873203 
30.116665 -7.018883 -53.600811 
29.978338 -6.419514 -54.389241 
30.633091 -7.164532 -54.516704 
31.451190 -7.143796 -55.091407 
-21.196341 -29.919512 -90.450700 
-22.073895 -30.290959 -90.753894 
-22.241613 -30.521019 -91.712509 
-23.047730 -30.972899 -91.330437 
-23.243617 -30.345841 -90.576496 
-24.099473 -30.229382 -90.072564 
-24.296434 -30.350301 -89.099638 
-24.220559 -29.809385 -88.261990 
-24.705330 -29.185170 -88.874651 
-24.714994 -29.161981 -89.874335 
-25.628257 -29.421808 -89.560581 
-26.023920 -30.230348 -89.125019 
-26.846400 -30.531977 -89.607250 
-26.860539 -31.452334 -89.998072 
-26.729108 -30.672901 -90.610615 
-25.830151 -30.263972 -90.453605 
-25.434011 -29.405113 -90.778312 
-25.423202 -29.736899 -91.721604 
-26.344064 -29.767053 -92.110326 
-26.418200 -30.536459 -92.744768 
-25.576796 -30.878129 -93.163458 
-24.733955 -30.534957 -93.578008 
-24.083913 -31.216549 -93.913981 
-23.839918 -30.843373 -94.809082 
-23.132267 -30.931208 -94.108000 
-22.508803 -31.525566 -93.600032 
-21.791053 -31.544587 -94.296073 
-21.112253 -32.019135 -93.735685 
-21.746465 -31.879218 -92.975291 
-22.605640 -32.333457 -92.739736 
-21.907003 -32.893290 -93.185262 
-22.590730 -33.622502 -93.212973 
-22.420065 -33.609659 -94.198218 
-23.207440 -33.853042 -94.764615 
-23.855216 -34.570006 -94.507030 
-23.448300 -34.539590 -93.594071 
-24.432161 -34.551175 -93.415516 
-25.358032 -34.179235 -93.482035 
-25.261207 -34.208766 -92.487172 
36.492059 -41.011812 -46.920700 
36.486103 -41.944688 -47.280849 
37.124267 -42.584246 -47.709464 
36.502820 -43.123814 -48.277504 
37.264066 -43.598284 -48.719525 
37.673432 -42.694680 -48.593353 
38.544984 -42.333831 -48.261410 
38.205152 -41.621632 -48.875646 
38.935735 -41.779719 -49.539918 
38.973518 -42.212634 -50.440561 
38.220355 -42.552847 -49.877533 
37.491111 -41.919916 -49.617531 
38.058486 -41.368839 -50.229413 
37.466780 -42.004143 -50.725672 
36.745675 -42.696717 -50.744337 
36.451265 -43.349630 -50.046463 
35.763526 -43.258080 -50.766626 
35.607875 -44.165192 -50.375576 
36.543402 -44.486180 -50.523075 
36.937046 -44.626291 -49.614552 
37.749622 -45.026199 -49.190531 
38.300224 -44.471624 -48.566604 
37.644573 -44.930401 -47.966900 
38.306695 -45.500885 -48.452845 
37.344314 -45.762281 -48.526972 
36.389495 -45.984095 -48.724758 
36.960062 -46.090539 -49.539082 
37.678799 -46.729154 -49.814012 
37.993968 -46.668542 -50.761111 
38.661222 -45.924440 -50.728179 
38.895555 -46.351689 -49.854940 
39.488392 -46.902100 -49.267069 
39.919134 -46.570294 -48.427804 
39.987862 -46.874184 -47.477579 
39.408430 -47.679080 -47.349515 
38.651266 -47.198186 -47.791606 
38.836418 -46.355607 -47.285860 
38.037868 -45.835239 -46.983312 
37.465003 -46.450032 -47.525396 
37.056475 -45.579013 -47.252576 
36.669170 -44.733621 -47.620416 
35.722461 -44.466259 -47.800027 
35.383051 -44.168191 -46.907863 
35.514230 -44.694501 -46.067750 
36.443481 -44.770816 -46.429230 
36.944395 -45.123356 -45.638786 
37.669756 -45.811621 -45.650736 
37.567591 -46.571841 -46.292318 
38.061969 -47.164592 -45.656521 
37.105494 -46.979080 -45.431265 
37.105090 -47.848226 -44.936710 
36.966314 -48.234622 -45.848543 
37.462952 -49.099102 -45.770928 
38.408341 -48.901261 -46.029964 
39.049630 -48.582087 -46.727729 
38.867888 -47.828125 -46.096452 
39.005133 -47.578141 -45.137978 
39.835463 -47.094220 -44.861624 
40.079774 -48.018619 -45.154537 
41.056230 -47.905732 -44.970717 
41.042525 -48.687688 -45.593899 
41.505239 -49.573879 -45.617590 
42.207924 -49.811952 -44.947101 
43.151196 -49.479939 -44.945132 
44.130576 -49.315271 -44.828082 
43.572745 -48.555862 -45.162929 
44.342241 -48.104310 -45.614567 
44.104188 -47.619015 -46.455887 
43.267617 -47.319624 -46.914705 
44.024469 -46.668150 -46.967204 
43.736828 -45.925579 -47.572060 
43.967932 -44.973384 -47.771847 
43.932245 -43.981207 -47.652218 
43.415582 -43.138343 -47.501753 
42.941536 -43.831865 -48.044256 
42.990473 -44.134722 -47.092477 
43.260058 -45.096557 -47.045621 
44.077950 -45.522823 -46.659161 
44.594471 -44.692409 -46.450310 
44.001741 -44.170960 -45.836501 
44.678606 -43.535147 -46.207440 
45.465705 -44.031531 -46.573605 
46.003341 -44.874662 -46.564732 
45.789731 -45.696756 -46.036972 
45.083270 -45.973779 -45.385688 
45.459229 -46.355872 -44.541496 
45.939860 -45.579558 -44.949331 
45.091731 -45.245101 -44.538459 
44.685848 -44.341193 -44.403517 
43.903567 -43.719400 -44.365982 
43.279467 -44.158394 -43.719620 
43.551927 -44.783995 -44.450639 
42.900583 -44.275606 -45.013925 
41.957766 -43.989517 -45.184952 
42.011407 -44.269418 -44.226423 
41.572540 -43.382989 -44.373532 
40.603941 -43.486750 -44.599472 
40.850648 -42.520577 -44.524328 
39.904671 -42.234120 -44.676213 
40.602847 -41.632935 -45.064964 
40.711675 -42.511056 -45.530861 
40.729809 -41.727772 -46.152261 
41.684263 -41.463751 -46.013297 
41.927971 -40.519027 -45.793972 
42.383484 -40.528495 -46.684150 
42.823388 -41.208834 -47.270344 
42.418454 -41.614919 -48.089565 
