-32.710787 22.165939 16.986070 
-32.884013 22.481203 16.053010 
-33.700985 22.913856 16.434281 
-33.088316 23.615238 16.070002 
-33.608211 23.442853 15.233346 
-34.597211 23.326402 15.142138 
-35.210632 22.682367 15.599231 
-34.782503 21.898923 15.148764 
-34.234050 21.777784 15.976124 
-34.560261 22.235424 16.803258 
-35.327635 22.875854 16.771835 
-35.109114 23.068474 17.728468 
-35.859147 23.398565 18.301608 
-35.428266 23.395532 19.204012 
-35.261066 24.350230 19.450175 
-36.082910 24.463621 20.008490 
-36.629296 24.244647 20.816891 
-36.874921 24.978100 21.450701 
-36.207075 24.506959 22.026902 
-36.873650 24.046863 22.613408 
-37.702951 23.506374 22.755295 
-38.133772 22.764829 22.240996 
-38.849046 23.268670 21.756717 
-39.515620 23.418238 22.486997 
-40.434466 23.808453 22.428228 
-40.539797 23.357684 21.541823 
-41.256096 22.711732 21.805759 
-41.107047 22.028984 22.521048 
-41.436811 21.544749 21.710633 
-40.468400 21.295666 21.698913 
-40.397875 20.298888 21.660701 
-40.063398 19.485676 22.136948 
-39.500476 19.396733 21.315237 
-38.824893 19.150563 20.620264 
-39.429561 18.354086 20.621658 
-40.231202 18.330464 21.218996 
-40.715404 18.624442 20.394905 
-41.426684 17.959553 20.622946 
-41.031505 17.769677 19.724180 
-41.526442 18.487638 19.234721 
-42.002638 19.017868 19.936215 
-42.623092 18.240773 19.830567 
-43.598516 18.021900 19.855909 
-44.442103 17.512837 19.684980 
-44.663225 17.790442 20.619881 
-45.559220 17.696771 20.185809 
-46.114382 17.289618 20.911083 
-46.338517 16.332655 21.095432 
-46.669927 16.201667 22.029782 
-47.398533 16.541541 21.435122 
-48.236540 16.957714 21.082215 
-47.502707 17.134533 20.426301 
-47.612445 17.819373 21.146684 
-48.098623 18.677407 21.312236 
-48.023999 19.554400 20.837564 
-47.976889 20.552902 20.809734 
-47.844302 20.998537 21.695076 
-47.933816 21.734501 21.024000 
-47.502777 22.521014 21.466270 
-47.237344 23.484626 21.434692 
-46.254875 23.419255 21.260105 
-46.493841 24.214541 21.817254 
-45.922684 24.862588 21.313454 
-45.547497 24.915512 22.238891 
-45.689375 23.934023 22.367541 
-44.713441 23.985719 22.579389 
-44.092839 24.473135 23.193619 
-43.986273 25.457000 23.049907 
-43.746695 25.141733 23.968172 
-43.943183 26.026446 24.390873 
-43.540408 25.973188 25.304621 
-43.094153 25.113060 25.057564 
-43.212960 25.312224 26.030302 
-42.957745 24.414532 26.389487 
-42.609452 24.860348 27.214071 
-42.380465 25.542172 27.908824 
-41.420496 25.820259 27.875254 
-40.796175 26.330107 27.283410 
-41.522258 25.787762 26.860724 
-40.946101 24.983110 26.717274 
-41.258356 24.077175 27.003243 
-41.996634 24.074226 26.328754 
-42.391656 23.673489 25.502093 
-42.265488 23.778698 24.515679 
-42.060737 24.594669 25.056297 
-42.011623 25.487259 25.504484 
-41.349054 25.574137 24.760538 
-40.637577 25.045767 25.223817 
-39.756402 24.845545 24.795515 
-39.640111 24.902762 23.803949 
-40.574681 25.256717 23.767988 
-40.585376 24.277639 23.971194 
-40.062760 23.550111 24.415689 
-39.465275 22.879302 23.976342 
-38.465363 22.891993 23.980280 
-37.537767 22.798357 24.341941 
-37.419122 23.439490 25.100144 
-36.780540 24.205076 25.022101 
-36.851195 23.649578 24.193589 
-36.653967 22.862151 23.609587 
-36.805688 22.989959 22.629461 
-37.454413 22.249867 22.806715 
-37.864995 21.451858 23.247854 
-38.167140 21.441751 22.294646 
-38.737883 21.566874 21.483106 
-39.138507 20.674255 21.276393 
-38.691821 21.079237 20.478607 
-39.628944 21.279901 20.193065 
-39.459823 22.057189 20.799053 
-38.944029 22.419095 20.022534 
-39.913549 22.272890 19.825924 
-40.475515 21.504799 19.518952 
-40.970003 22.365091 19.394943 
-40.813605 22.169978 18.426713 
-41.710530 21.745401 18.550238 
-42.027167 22.105663 17.672768 
-41.645825 22.831459 18.245304 
-42.041256 23.528031 18.843988 
-41.983378 23.758817 17.872707 
-41.681909 23.194711 17.104006 
-41.710258 23.464317 16.141452 
-42.568992 23.696059 16.598478 
-42.979835 22.868794 16.981674 
28.396573 -14.546861 -44.556830 
28.210159 -13.830287 -45.228970 
27.779808 -14.380337 -45.944682 
27.166310 -15.117411 -45.661234 
26.621284 -14.721647 -46.400368 
25.749461 -14.478104 -45.975384 
25.213840 -13.804909 -46.485207 
24.723463 -12.984824 -46.190266 
24.699507 -12.252305 -45.509941 
23.735902 -11.996693 -45.431653 
23.885070 -11.009157 -45.381438 
23.267032 -10.240780 -45.215229 
23.360423 -9.479422 -45.856799 
23.461198 -8.562933 -45.469638 
23.228538 -7.802360 -46.075772 
22.905596 -7.704898 -47.017159 
22.003070 -7.406054 -46.707095 
21.015108 -7.258778 -46.659768 
20.355603 -7.408217 -47.396465 
21.027242 -8.038955 -47.785143 
20.667494 -7.525183 -48.564001 
21.423889 -6.872682 -48.609925 
22.328613 -6.823486 -49.033073 
21.879019 -6.136501 -49.603964 
21.890792 -7.075237 -49.948402 
20.918773 -7.263210 -50.089277 
19.931484 -7.375114 -50.202136 
20.026721 -6.694124 -49.476063 
19.553012 -6.424310 -50.314395 
20.401861 -6.075081 -50.711251 
20.872772 -5.968459 -51.586965 
20.393309 -6.658286 -52.129417 
20.769462 -6.186401 -52.926808 
21.242445 -7.050182 -52.753118 
21.977871 -7.671003 -53.024652 
21.803400 -8.264141 -53.810621 
21.673545 -7.807021 -54.690495 
21.016255 -8.529913 -54.903560 
20.569080 -9.405899 -54.722773 
20.253758 -10.325159 -54.487120 
21.040532 -10.893277 -54.728423 
21.269252 -10.007917 -55.133175 
21.229117 -10.493860 -56.006243 
20.567313 -11.226924 -56.163194 
20.218996 -12.065616 -55.744541 
20.079079 -12.979189 -55.362693 
20.534171 -12.794846 -54.491539 
20.151502 -11.892552 -54.292971 
19.285373 -12.279153 -54.609767 
19.365627 -13.250013 -54.383956 
18.531560 -13.291674 -53.833868 
18.304559 -13.269309 -54.807506 
19.005716 -13.639439 -55.416917 
19.628633 -14.363295 -55.713576 
19.448866 -15.201950 -55.199433 
19.109226 -15.245756 -56.138968 
19.709254 -15.210498 -56.938170 
19.599807 -14.876081 -57.874218 
19.680654 -15.092004 -58.847275 
19.759475 -15.951119 -59.352951 
19.287401 -16.698399 -58.885276 
20.225742 -17.043352 -58.908149 
20.852722 -16.670057 -58.224375 
20.423519 -15.808534 -57.953152 
21.021338 -15.039841 -58.180580 
21.117072 -14.079904 -57.917224 
20.911016 -13.817861 -58.860025 
21.294512 -14.064652 -59.749983 
21.043594 -13.111498 -59.918915 
20.396898 -13.623867 -60.483948 
19.424556 -13.507546 -60.686486 
18.669496 -13.508556 -61.342140 
19.244714 -12.913514 -61.903433 
19.029096 -13.243507 -62.822462 
19.789200 -13.698355 -62.358399 
20.507019 -13.002139 -62.362721 
20.909450 -12.103170 -62.535648 
20.858362 -11.180355 -62.153807 
21.453692 -10.428868 -62.438150 
21.594118 -10.894746 -63.311786 
21.291698 -9.989326 -63.609707 
20.417003 -10.403567 -63.861327 
20.531807 -10.432804 -64.854285 
21.181480 -9.741631 -65.170834 
20.475756 -9.103866 -65.479395 
20.520630 -9.229914 -64.488386 
20.701130 -8.267317 -64.286331 
21.669513 -8.150101 -64.506546 
21.617293 -7.871427 -63.547581 
22.184472 -7.637069 -62.758034 
22.370074 -8.612636 -62.640476 
23.189302 -9.173163 -62.761616 
23.348231 -9.616251 -61.879338 
24.067090 -8.931354 -61.760358 
24.621901 -9.023974 -60.933552 
24.338656 -9.983015 -60.929896 
25.000110 -10.518278 -60.404565 
24.737035 -11.382062 -60.834296 
23.944131 -11.681634 -60.303675 
24.277129 -12.540302 -60.693292 
24.194574 -13.410273 -60.207149 
24.208377 -12.979717 -59.304691 
23.542450 -13.697491 -59.101365 
23.165220 -13.868997 -58.191265 
22.495673 -13.186575 -58.484534 
22.172283 -12.845854 -59.367330 
22.628824 -12.457405 -60.167753 
21.655214 -12.253900 -60.064459 
21.980630 -11.780506 -59.245922 
21.519528 -10.927694 -59.491069 
20.731127 -10.592557 -58.975214 
20.837956 -11.077967 -58.107478 
21.825983 -11.084510 -58.261620 
22.524170 -10.525540 -58.708932 
13.186673 -9.578161 11.809270 
12.447654 -10.239428 11.938021 
12.065262 -10.638776 11.104776 
12.815356 -10.673461 10.444354 
12.948915 -9.682688 10.467397 
12.554082 -8.852145 10.860214 
12.119482 -8.785563 11.758373 
12.587222 -9.038980 12.605131 
12.510583 -8.053364 12.755756 
12.408917 -7.313063 12.091212 
12.725098 -7.038905 12.999434 
12.572620 -7.041864 13.987737 
12.368978 -6.399895 14.726929 
12.560525 -7.142921 15.368195 
13.120608 -7.479434 16.125206 
13.853138 -6.981747 16.589650 
13.635729 -7.901374 16.916789 
13.277211 -8.825936 16.787754 
12.798025 -8.599101 17.635649 
12.312341 -7.883356 17.133832 
11.870207 -7.369587 16.398605 
11.202484 -7.099026 15.705105 
10.538388 -7.622687 16.238730 
10.202709 -7.620650 17.180704 
9.311810 -7.831116 17.583201 
8.786887 -7.826697 16.732063 
7.964659 -8.351278 16.952873 
7.474922 -9.194595 16.731572 
7.200453 -9.269866 15.772927 
8.107412 -8.937157 15.514606 
7.729237 -8.789802 14.600675 
8.077307 -8.018222 14.068218 
8.389188 -7.126441 13.740409 
7.914383 -6.951103 14.602857 
7.455381 -6.335755 13.962026 
8.098392 -5.581108 13.831474 
8.324962 -5.046877 13.017064 
8.203844 -4.510102 13.852051 
9.022205 -3.938185 13.795524 
9.976016 -4.029498 14.081719 
9.967139 -4.544089 14.939108 
9.960620 -3.709335 15.489694 
10.925367 -3.607798 15.732496 
11.737257 -3.884170 16.246746 
11.258853 -4.026600 17.113258 
11.176498 -4.683556 17.862675 
10.758737 -5.292545 17.188428 
10.330500 -5.036595 16.321766 
10.649497 -5.442565 15.465361 
11.577373 -5.587460 15.121775 
11.422098 -4.603042 15.204303 
12.009200 -4.057599 14.606137 
12.185990 -3.760811 13.667701 
12.448742 -2.801035 13.568747 
13.142336 -2.244223 14.025788 
12.322148 -1.673812 14.069629 
11.375831 -1.360301 14.148339 
11.157462 -0.566916 13.580135 
10.995702 0.412673 13.460812 
11.445366 0.993838 12.782542 
11.055454 0.121405 12.487872 
11.443520 0.531986 11.662749 
11.041693 -0.141320 11.042109 
11.050527 0.692070 10.489494 
11.926889 0.212888 10.538213 
12.451593 1.061801 10.601716 
12.447896 1.798794 9.925825 
13.361694 1.392959 9.909356 
13.561456 2.269668 9.471775 
14.557545 2.222469 9.397091 
14.076160 1.722467 8.677184 
14.417139 2.540469 8.213928 
14.391236 1.942021 7.413185 
14.030597 1.188946 6.862895 
14.564798 0.535941 6.326040 
15.345513 0.100997 6.774713 
15.387516 0.250831 7.762532 
15.041824 -0.643883 7.479718 
14.343850 -1.003398 8.099057 
15.070386 -1.687371 8.164837 
15.865003 -1.500775 8.742561 
16.574060 -0.839755 8.988106 
17.062525 -0.897210 8.117416 
17.614137 -1.453522 8.738899 
17.837830 -2.391143 9.005033 
18.594009 -2.054378 8.443977 
18.802404 -1.294468 7.828260 
18.165782 -1.871350 7.316480 
17.289848 -2.343542 7.217613 
16.894603 -3.222129 6.949537 
16.352645 -3.544641 7.725596 
15.573656 -3.924605 8.224399 
16.126540 -4.191912 9.013619 
16.774609 -3.751687 9.635075 
17.176961 -2.836202 9.635634 
17.766975 -3.520592 10.063996 
17.738399 -4.520128 10.053469 
18.657861 -4.336289 10.401023 
19.022666 -5.266145 10.353217 
18.070539 -5.535332 10.208325 
17.075289 -5.460318 10.270373 
-37.658127 9.540939 -27.005930 
-37.026471 10.235565 -26.661684 
-37.109672 10.706414 -25.783402 
-38.021561 11.108684 -25.701933 
-38.170750 10.846536 -26.655359 
-38.419863 10.125391 -26.008911 
-39.134969 10.606180 -26.516321 
-39.036054 11.093129 -27.384132 
-39.725784 11.462575 -28.006855 
-39.723478 12.399881 -28.355354 
-40.148645 12.771744 -27.530157 
-40.133229 11.857069 -27.126261 
-39.664592 12.245971 -26.333081 
-39.839915 13.217899 -26.489978 
-38.877306 12.953427 -26.548626 
-38.104711 13.373797 -26.072827 
-38.448395 14.127681 -25.512881 
-38.121754 14.290649 -24.581889 
-37.629906 14.154176 -23.721969 
-36.862178 14.773294 -23.887158 
-37.000828 14.796240 -24.877234 
-36.393492 15.109166 -25.607453 
-37.137325 15.765341 -25.734524 
-37.210577 16.700801 -25.388765 
-37.290624 17.607202 -25.803530 
-36.732958 18.397644 -26.056928 
-37.039746 19.262132 -25.658755 
-36.161557 19.572924 -25.295170 
-35.199759 19.510204 -25.561647 
-34.970045 18.849127 -26.275936 
-34.814662 19.270635 -27.169349 
-34.042929 18.634921 -27.186609 
-33.750221 18.301520 -28.082804 
-34.432579 19.031020 -28.129907 
-33.994682 19.917042 -28.282260 
-33.678028 19.370022 -29.057180 
-34.605533 19.460622 -29.419844 
-35.103282 19.986881 -30.109262 
-35.752604 19.912644 -30.866144 
-36.076864 20.707755 -30.353647 
-35.714162 21.251794 -29.597031 
-34.729756 21.348690 -29.743850 
-35.041231 22.274450 -29.958216 
-36.036904 22.240921 -30.044893 
-36.843024 22.481521 -29.504263 
-37.001874 23.225702 -28.855448 
-37.307380 23.962482 -28.252273 
-37.594915 24.843240 -28.628556 
-37.658657 24.848014 -29.626511 
-37.073108 24.293496 -30.217817 
-37.724315 23.591791 -29.928784 
-38.416915 23.993331 -29.329559 
-38.764796 24.064001 -28.394687 
-39.308303 23.544616 -27.735263 
-39.458724 24.526751 -27.622189 
-40.277086 24.784243 -27.108397 
-40.324579 24.108632 -26.372670 
-41.068553 23.662963 -25.874793 
-41.893450 23.949876 -26.361849 
-42.131803 24.568429 -27.110569 
-42.643877 23.810820 -27.515302 
-43.448320 23.820900 -26.921357 
-44.302135 24.244889 -26.619308 
-44.779825 24.163346 -25.744572 
-43.843187 24.453826 -25.548788 
-42.846318 24.378011 -25.571235 
-42.000575 24.885382 -25.406026 
-42.805717 25.477396 -25.370447 
-41.968918 25.823241 -24.945996 
-41.881479 25.731673 -23.954044 
-42.704071 25.288956 -23.597192 
-41.929050 24.696093 -23.378433 
-41.180518 24.890960 -22.744614 
-40.216050 25.063561 -22.544587 
-39.671908 24.932762 -23.373322 
-40.348054 25.354565 -23.977398 
-41.202635 25.006487 -24.362798 
-40.717916 25.486415 -25.094041 
-39.742061 25.563972 -24.889855 
-40.258908 26.414276 -24.790595 
-40.404246 26.950584 -25.622010 
-39.585638 27.217221 -26.130720 
-40.110014 28.056993 -26.271474 
-40.125575 28.934845 -26.750155 
-39.898881 29.599093 -26.037846 
-40.621331 29.809043 -25.379068 
-40.344139 28.859661 -25.526849 
-40.530602 28.160927 -24.836195 
-41.499570 28.407735 -24.822544 
-41.003820 28.603308 -23.976386 
-40.984483 28.800496 -22.996211 
-40.172161 28.233319 -23.132013 
-39.442521 28.902639 -23.272134 
-38.560771 29.292860 -23.007096 
-39.030479 28.672418 -22.379063 
-39.284517 27.706450 -22.330379 
-40.210043 28.013623 -22.108913 
-40.223847 27.235104 -22.736383 
-66.289827 10.980539 4.195370 
-67.234070 11.270805 4.039964 
-66.947727 12.139887 4.443330 
-65.966786 12.044949 4.273794 
-65.742375 12.789043 3.644537 
-66.410758 13.468373 3.947478 
-66.236285 14.442135 4.093582 
-66.426856 15.368659 3.769178 
-65.579505 15.710042 3.362417 
-66.177280 15.858008 2.574526 
-66.799927 16.188951 3.283601 
-67.514782 16.249763 3.980224 
-68.424675 16.251009 3.565383 
-68.084980 17.120675 3.207209 
-68.981702 17.220987 3.638285 
-69.315778 16.630528 2.903607 
-70.296335 16.449936 2.826839 
-70.014921 15.592577 2.395861 
-70.282123 15.945023 1.498986 
-70.768699 15.080577 1.625389 
-71.391711 14.585026 1.020174 
-71.745826 14.023300 0.272466 
-70.772233 13.811489 0.357626 
-70.039544 14.385604 0.723082 
-69.208679 13.898259 0.991704 
-69.090707 13.502732 0.080858 
-68.436989 14.226908 0.300456 
-67.467619 13.989059 0.361694 
-67.098837 13.114072 0.675378 
-67.405640 13.402448 1.582412 
-66.624202 12.788619 1.694520 
-66.618532 11.798277 1.833048 
-67.436664 11.420625 2.266682 
-67.926463 12.084820 1.701932 
-68.504902 12.899948 1.670734 
-68.394711 13.671024 2.297870 
-69.099666 14.039376 2.903969 
-69.718238 13.304820 2.625049 
-69.150281 12.841893 3.305581 
-68.298873 12.357277 3.506210 
-68.656823 11.535151 3.948907 
-68.685263 10.605807 3.580788 
-69.271387 10.539229 2.773307 
-69.607590 9.598759 2.823141 
-70.389414 9.249356 3.339542 
-70.982977 8.772218 3.987633 
-70.456444 8.219071 4.633228 
-69.514430 8.288555 4.304927 
-69.866443 7.356952 4.395495 
-70.725938 7.003336 4.764581 
-71.507308 6.589714 5.231890 
-71.069614 6.033321 5.938182 
-71.962886 5.583878 5.946278 
-71.793999 5.253666 5.017603 
-72.052566 5.683949 4.152733 
-72.056859 6.528713 3.617611 
-71.516098 7.330580 3.871751 
-70.543948 7.338155 3.637510 
-70.232950 7.696927 2.757418 
-69.436335 8.242827 2.497805 
-68.607626 8.494188 1.997746 
-68.657133 9.159377 2.742778 
-68.118449 9.926298 2.393992 
-67.217948 9.512914 2.259041 
-66.994475 9.055475 1.398338 
-66.121700 8.794980 0.985535 
-65.526431 7.997535 1.084207 
-65.890032 7.209056 1.580286 
-66.560230 6.694394 2.115037 
-66.357320 7.489010 2.687237 
-66.864616 6.737944 3.109788 
-67.459610 5.994304 3.414719 
-67.208826 5.786131 4.360114 
-67.260972 4.951213 4.908013 
-68.033095 5.586571 4.895934 
-68.905820 5.262358 4.530917 
-68.505980 4.370232 4.320585 
-67.676383 4.125349 3.818787 
-67.440873 4.382980 2.881684 
-66.452088 4.244746 2.825149 
-66.137786 4.722791 2.004974 
-65.992367 4.916847 1.034821 
-66.817934 4.677706 0.523693 
-67.514777 4.546748 1.228859 
-68.285567 4.747646 0.624275 
-68.764403 4.954182 -0.228990 
-69.150162 5.439202 0.555832 
-70.111207 5.712178 0.512513 
-70.356498 6.487920 -0.068914 
-71.259845 6.915957 -0.041552 
-70.671298 7.716431 0.071823 
-71.629214 7.856229 -0.178884 
-72.532180 7.883912 0.249935 
-73.516696 7.999191 0.117877 
-74.293433 7.375416 0.030789 
-48.181927 7.019539 47.434270 
-48.427654 6.491443 48.247125 
-49.045312 6.386984 47.467647 
-49.220437 7.369479 47.404136 
-48.626780 8.021345 47.875986 
-48.128091 8.008888 47.009295 
-48.322104 8.028812 46.028498 
-48.037526 8.347241 45.124276 
-48.151982 9.173383 45.675990 
-49.097085 8.847599 45.701416 
-49.386630 9.755326 45.397778 
-49.950899 10.284913 46.031132 
-50.510269 11.112915 45.992155 
-51.321066 10.575937 46.225096 
-51.046128 9.980450 45.470241 
-51.904912 10.140060 44.983399 
-52.210416 10.708324 44.219368 
-52.583663 11.499817 43.735399 
-53.132770 11.624081 44.561861 
-53.703702 11.370077 45.342578 
-53.753415 10.372521 45.293468 
-52.941055 10.065770 44.797509 
-52.490285 9.321438 45.290233 
-52.485703 8.542050 45.916758 
-53.301710 8.361715 46.465949 
-54.154610 8.882375 46.504357 
-54.869004 8.503852 47.092882 
-55.683959 8.137416 47.541851 
-56.532515 7.770637 47.160504 
-56.218637 7.074328 47.805975 
-56.788755 6.419424 47.309924 
-57.763447 6.242519 47.446599 
-57.953533 6.530189 46.507922 
-57.967421 6.043772 45.634305 
-58.931413 6.213304 45.429420 
-59.210606 5.626442 46.189449 
-59.487497 4.671135 46.292985 
-59.324153 4.433690 47.250554 
-60.172172 4.175009 47.713099 
-60.750445 4.413816 48.493209 
-61.208658 4.496995 49.378151 
-61.539594 3.706769 49.893927 
-61.300221 3.030342 50.590452 
-60.991639 2.443502 49.841857 
-60.397669 1.697072 50.141927 
-59.441311 1.845548 49.890266 
-59.528005 2.812981 50.128084 
-60.218577 3.528775 50.231758 
-60.211991 3.360091 49.246110 
-61.137397 3.492754 48.891110 
-61.561465 2.760510 48.358208 
-60.760580 3.163196 47.915007 
-60.767910 3.461050 46.960424 
-61.466052 4.166943 46.840794 
-61.501737 3.763011 45.926701 
-62.146834 4.519382 45.818288 
-62.576000 3.617052 45.858492 
-62.475563 3.297742 44.916179 
-61.739182 2.633932 44.785411 
-62.249890 2.364175 43.969073 
-62.433814 3.329008 43.781274 
-62.718567 4.198356 43.377354 
-63.277090 4.661168 42.688982 
-62.705557 5.391754 42.315359 
-63.129117 6.109427 42.868118 
-64.089120 6.121458 42.588386 
-63.557314 6.573566 41.872299 
-63.849775 7.518514 41.725535 
-64.697567 7.753391 42.201015 
-65.672876 7.924783 42.061747 
-66.612503 7.645049 42.258854 
-66.154621 7.081587 42.946498 
-66.637322 7.022157 43.820265 
-65.724010 7.233428 44.168441 
-65.218279 6.813015 43.415122 
-64.928805 6.643424 44.357165 
-64.525604 7.416890 44.846224 
-64.093373 7.740327 45.687987 
-64.268825 7.701615 46.671714 
-64.577831 8.199040 47.482321 
-63.608439 8.365022 47.301409 
-63.598774 7.368315 47.381925 
-63.667476 7.677606 48.330408 
-63.522890 7.171267 49.180535 
-64.210674 7.735085 49.637769 
-65.005902 7.164733 49.432070 
-64.739867 6.449775 50.078647 
-63.842977 6.086361 50.330674 
-64.106731 6.481663 51.210543 
-63.108201 6.461763 51.260956 
-62.676094 6.058515 52.067601 
-62.249096 5.181069 52.286143 
-62.231960 5.237317 51.287873 
-61.900143 4.301888 51.165932 
-53.971527 -39.372761 14.767170 
-53.821605 -40.270737 14.353451 
-52.840805 -40.260968 14.158683 
-51.948646 -40.695793 14.281074 
-51.418703 -41.205616 13.603401 
-51.320398 -41.967057 14.244138 
-50.453056 -42.262793 14.644459 
-49.994154 -42.289642 13.756378 
-49.067328 -41.960083 13.576419 
-49.671826 -41.172467 13.457074 
-50.197889 -41.495335 12.670300 
-50.359946 -41.866910 11.756150 
-50.068957 -40.913598 11.836912 
-49.391012 -40.383788 12.346511 
-49.555058 -39.423813 12.119493 
-49.064070 -38.751545 12.673558 
-48.418468 -38.777524 11.910325 
-47.587303 -38.267904 12.132703 
-48.009209 -37.489582 11.667718 
-48.392496 -36.605769 11.399453 
-48.094598 -36.463106 12.343330 
-49.072274 -36.253604 12.359399 
-49.904587 -36.198227 11.807865 
-50.068488 -35.212424 11.771416 
-50.743533 -34.909913 11.098510 
-50.773489 -35.608567 10.383678 
-50.253249 -35.152680 9.661517 
-49.270092 -35.270692 9.521963 
-49.343996 -35.857829 8.715856 
-48.952984 -35.201537 8.070574 
-48.789777 -35.325900 7.091851 
-48.218580 -34.544287 6.841221 
-47.274853 -34.688678 6.543681 
-47.439686 -33.711276 6.411335 
-47.999152 -33.820821 5.589753 
-48.431513 -34.482922 4.977637 
-48.148657 -35.065202 5.739833 
-49.136770 -35.172040 5.629293 
-50.076884 -34.831470 5.615250 
-50.293000 -34.256461 6.404337 
-49.811640 -33.957367 7.228252 
-49.712123 -33.890052 8.221008 
-50.050237 -33.452583 9.054254 
-50.679074 -33.788012 9.755719 
-49.926274 -34.269391 10.204681 
-50.192639 -33.416675 10.654042 
-50.288434 -32.790558 11.427864 
-49.304638 -32.805934 11.249233 
-48.365912 -33.116311 11.099373 
-48.005284 -33.012069 12.026239 
-48.582256 -32.573527 12.715285 
-48.753665 -31.639990 13.030130 
-48.935493 -30.764219 12.582957 
-49.872883 -31.112273 12.570358 
-49.433698 -31.703388 11.893823 
-49.724538 -31.769964 10.939370 
-50.110928 -30.861825 11.100569 
-50.798027 -30.512396 11.737588 
-50.951061 -29.721305 11.145341 
-51.935269 -29.598793 11.017570 
-51.842641 -30.523357 10.647972 
-52.493087 -31.246728 10.879607 
-52.421998 -32.165294 11.268429 
-52.689787 -32.997263 11.754347 
-53.504137 -33.573718 11.687009 
-53.573628 -34.172369 10.889019 
-52.826777 -34.608147 11.391325 
-52.108137 -34.030235 11.778072 
-52.114493 -34.702624 12.518243 
-51.230430 -35.130038 12.707324 
-51.954149 -35.176539 13.395850 
-52.784865 -34.619864 13.390903 
-53.344345 -34.035350 13.978546 
-53.466094 -33.739490 14.925987 
-53.810602 -32.801240 14.894359 
-53.532596 -31.852417 14.744538 
-53.204725 -31.370640 13.931893 
-52.365279 -31.715630 13.511998 
-51.421511 -31.699523 13.842216 
-50.930229 -30.896291 13.505377 
-51.450598 -30.279843 12.914439 
-52.231464 -29.752675 13.249613 
-52.872381 -28.996163 13.379668 
-53.689945 -29.421971 13.767323 
-52.969558 -30.014980 14.127020 
-53.165091 -29.446408 14.926077 
-53.649287 -30.211466 15.350624 
-52.654117 -30.267361 15.269918 
-52.020768 -29.757483 15.852064 
-51.700180 -30.115148 14.974967 
-51.576136 -29.126276 15.057091 
-4.434927 -27.979181 -78.264330 
-5.014068 -27.239180 -77.922286 
-4.678324 -26.608274 -77.222834 
-4.680487 -27.069899 -76.335762 
-4.521454 -28.055894 -76.385995 
-3.719402 -28.614360 -76.597724 
-3.140673 -29.163655 -75.994941 
-4.094041 -28.996733 -75.743490 
-4.291612 -29.714524 -75.075851 
-4.456340 -28.762510 -74.817910 
-3.841612 -28.967757 -74.056343 
-2.920075 -29.214422 -74.356219 
-3.220093 -29.888433 -73.681164 
-2.225110 -29.946314 -73.762759 
-1.563406 -29.292138 -73.396422 
-1.193883 -28.618325 -72.756556 
-1.479169 -29.509974 -72.405026 
-2.426711 -29.537255 -72.723493 
-3.385224 -29.777190 -72.569597 
-3.486097 -30.769707 -72.500793 
-2.487352 -30.809861 -72.470884 
-1.986113 -31.214989 -73.235496 
-1.914905 -32.120003 -73.654875 
-1.982413 -32.434158 -74.601843 
-1.917666 -31.447597 -74.751862 
-2.675368 -30.866281 -75.048440 
-2.084785 -30.082785 -74.855189 
-1.641175 -29.231112 -75.134230 
-0.908301 -29.800461 -74.761756 
0.070476 -29.762432 -74.963129 
0.417484 -30.693107 -75.079018 
-0.211676 -31.339141 -75.511220 
-0.451420 -32.246558 -75.166086 
-0.546598 -32.919712 -74.432735 
-0.389012 -32.136820 -73.830867 
-0.483543 -31.272496 -74.324839 
-1.126244 -30.575454 -74.006928 
-0.457901 -30.780969 -73.292028 
0.326064 -31.321784 -72.987206 
0.804864 -30.968414 -72.183539 
0.570285 -31.911076 -71.946135 
0.130314 -32.673119 -71.471039 
-0.086251 -32.885719 -72.423878 
0.818204 -33.306126 -72.351631 
0.929574 -33.733513 -71.454449 
0.694639 -34.686984 -71.265505 
0.514113 -35.254671 -72.068712 
0.768566 -36.028043 -72.649358 
0.831730 -36.771250 -71.983284 
1.742373 -36.715748 -71.573836 
1.869321 -36.573631 -72.555511 
1.994330 -37.539280 -72.327704 
1.052375 -37.803706 -72.534586 
1.475986 -38.243690 -73.326400 
0.730327 -38.253160 -73.992660 
0.065377 -37.518954 -73.855602 
-0.760064 -37.024058 -73.584080 
-1.639574 -37.015119 -74.059877 
-1.952367 -36.865453 -73.121921 
-2.416561 -37.600870 -73.615567 
-2.961352 -38.313740 -74.057176 
-2.637753 -38.677599 -74.930612 
-2.294822 -37.786834 -74.632392 
-1.717908 -37.434304 -75.369204 
-1.938850 -38.384202 -75.590286 
-1.643023 -37.914643 -76.422153 
-2.130225 -38.783256 -76.512413 
-1.838432 -39.255929 -77.343940 
-2.400450 -38.459185 -77.566052 
-2.864148 -37.619236 -77.847956 
-2.906055 -36.676980 -77.515693 
-3.821240 -36.831809 -77.887802 
-3.858734 -37.270763 -78.785529 
-3.520014 -38.209891 -78.728017 
-3.873446 -38.513647 -77.843247 
-4.128394 -39.437038 -77.556279 
-4.971173 -39.609791 -77.046495 
-4.795340 -40.179325 -76.243554 
-3.795411 -40.191052 -76.241190 
-3.065051 -39.553657 -76.486752 
-2.882043 -40.524649 -76.640643 
-30.532067 -28.375661 -34.485930 
-30.465882 -27.639583 -33.812277 
-30.379332 -28.095689 -32.926570 
-29.537998 -27.812045 -32.466458 
-29.532618 -28.527321 -31.767636 
-30.195520 -27.824957 -31.508317 
-29.839643 -26.892034 -31.563146 
-30.135670 -27.042227 -30.619848 
-29.740109 -26.160501 -30.876926 
-29.083776 -26.705035 -30.354710 
-28.148568 -26.639925 -30.702771 
-27.649918 -27.137424 -29.992953 
-28.266155 -27.207822 -29.208545 
-27.990217 -27.356778 -28.258982 
-28.459527 -27.394083 -27.376737 
-29.337849 -27.079811 -27.016482 
-29.627928 -27.586948 -27.828064 
-29.441966 -26.658564 -28.149811 
-28.956779 -25.845337 -28.471144 
-29.262543 -26.087253 -29.392005 
-29.599143 -25.430895 -30.067204 
-28.889542 -24.874628 -30.499677 
-27.966395 -25.117740 -30.797496 
-27.063510 -25.541420 -30.724732 
-26.677496 -24.620894 -30.784937 
-27.344414 -23.914043 -30.549179 
-26.405640 -23.831441 -30.214693 
-26.805694 -24.496805 -29.584417 
-27.449582 -25.141107 -29.171763 
-27.660156 -24.388351 -28.548051 
-27.170521 -23.652276 -29.015439 
-26.822349 -23.746013 -28.082707 
-25.913241 -23.657334 -27.675695 
-25.484613 -24.096150 -26.885937 
-24.872726 -23.829418 -26.141325 
-25.111977 -24.767044 -25.889102 
-25.731020 -25.173555 -25.217138 
-26.393309 -24.484836 -24.922113 
-27.075019 -24.128683 -24.283030 
-27.109471 -25.109422 -24.090770 
-27.692098 -25.555387 -24.770227 
-28.645745 -25.851632 -24.717345 
-29.294820 -25.090914 -24.720362 
-28.948184 -24.488721 -25.439534 
-29.105951 -23.869182 -26.208481 
-28.846019 -23.981534 -27.167550 
-28.290692 -23.242172 -27.548280 
-27.764345 -22.912525 -26.764512 
-27.660975 -23.906977 -26.745027 
-27.316895 -24.839513 -26.635549 
-28.224793 -25.216593 -26.818669 
-29.088791 -24.978762 -26.374886 
-28.740275 -25.737448 -25.824494 
-28.703461 -26.364675 -26.602460 
-28.787319 -26.781315 -25.697265 
-28.598752 -27.684375 -26.083173 
-27.810623 -27.105319 -25.874496 
-27.410579 -27.991680 -25.641409 
-27.298866 -27.965876 -26.634814 
-27.000065 -27.017465 -26.528819 
-26.601893 -26.188427 -26.921443 
-26.547195 -26.056909 -27.911246 
-25.873406 -26.734316 -27.616071 
-25.860667 -27.379778 -26.852385 
-25.247023 -27.147624 -26.097703 
-24.955885 -28.019456 -26.491590 
-24.836910 -28.968209 -26.784357 
-24.184315 -29.201986 -27.505098 
-24.011414 -30.162174 -27.285681 
-23.148240 -30.244598 -27.783815 
-23.594157 -31.139669 -27.786296 
-23.366854 -31.813003 -28.489827 
-24.328153 -31.541119 -28.534360 
-24.753536 -30.873901 -29.145809 
-25.033997 -30.127932 -28.541762 
-25.100302 -30.824805 -27.827639 
-24.695981 -31.478442 -27.187887 
-24.305739 -31.557697 -26.270592 
67.478173 -0.877261 -28.740930 
66.786721 -1.583616 -28.892444 
66.084092 -1.223980 -28.278463 
65.275962 -1.592799 -27.819225 
65.619688 -1.724294 -26.889408 
64.986999 -2.489230 -26.768675 
64.069662 -2.713803 -26.439949 
64.141328 -3.711095 -26.423419 
63.632018 -3.264325 -25.687892 
62.932948 -2.574234 -25.500608 
63.114054 -1.607105 -25.322108 
63.225894 -0.832466 -24.699672 
63.990877 -0.190060 -24.653677 
63.220357 0.418550 -24.464223 
62.948118 0.398382 -23.502205 
63.398156 0.380588 -22.609373 
63.204240 0.331607 -21.629578 
63.578805 -0.421976 -21.089380 
63.756500 -1.138405 -21.764031 
64.560043 -1.271411 -22.344227 
64.131473 -1.628687 -23.174095 
64.739819 -1.360538 -23.921096 
64.930609 -1.987579 -24.676357 
65.117260 -2.945829 -24.892965 
64.600494 -3.671074 -24.438022 
64.708975 -4.647508 -24.624590 
65.418292 -4.328227 -25.253024 
65.339451 -3.574255 -25.905181 
66.082050 -2.904615 -25.916525 
66.379645 -3.117861 -26.847097 
67.061399 -2.559903 -27.320272 
67.505920 -1.664134 -27.320796 
68.186372 -1.670406 -26.588031 
67.672324 -1.830995 -25.745436 
66.706784 -1.827971 -26.005671 
66.095219 -1.057844 -26.187032 
66.523263 -0.313844 -26.700105 
65.578771 -0.553547 -26.924776 
64.990906 -0.878718 -26.184047 
64.755709 0.089271 -26.096416 
64.005917 0.585959 -25.659251 
63.899848 1.575037 -25.556915 
63.483578 2.475984 -25.434379 
62.500759 2.291618 -25.443042 
62.285294 3.263815 -25.534731 
62.101030 4.183276 -25.882063 
61.945091 5.164195 -25.998166 
62.683300 4.859053 -25.396556 
61.990695 4.472836 -24.787348 
62.411046 5.250145 -24.319271 
62.220975 4.845359 -23.424832 
62.428086 5.753830 -23.061809 
62.334564 6.235753 -23.933017 
61.406914 6.198757 -23.561404 
60.416629 6.282256 -23.450209 
59.782252 7.047112 -23.562287 
59.168781 7.504318 -22.918381 
59.387133 7.566141 -21.944472 
59.209769 6.603769 -22.150344 
59.990042 6.010415 -22.348094 
59.397935 5.583278 -21.664747 
59.104613 5.096927 -22.487805 
58.387175 5.656386 -22.072728 
58.160863 6.392281 -21.434573 
57.970104 7.330185 -21.724308 
58.427537 8.124995 -22.123096 
58.063050 8.996191 -21.794209 
57.340295 9.358232 -22.382895 
58.109586 8.891423 -22.819108 
58.345005 9.863241 -22.806918 
59.056048 10.062582 -22.132618 
59.160589 11.013262 -22.424644 
59.792480 11.778668 -22.546571 
60.234362 11.861019 -23.439857 
61.110897 12.308328 -23.262093 
61.951754 12.747625 -22.945898 
61.992100 12.204502 -23.784581 
62.870178 11.987784 -24.211211 
62.399113 11.413443 -24.880712 
63.039720 11.877361 -25.492597 
62.462409 11.247966 -26.012765 
62.205555 12.169264 -26.304717 
14.120273 12.121339 -28.761230 
13.995764 11.291063 -29.304497 
13.423231 10.657372 -29.824729 
13.829283 11.440332 -30.295998 
13.013339 11.169248 -30.806633 
12.636643 11.860595 -31.423188 
12.791220 12.846726 -31.483614 
12.513094 13.478528 -30.760100 
12.275276 13.519637 -29.789661 
13.237564 13.691293 -29.578622 
14.102013 14.133847 -29.817105 
14.336023 14.937663 -29.270186 
14.096652 15.785951 -28.797842 
13.667470 16.461916 -29.396903 
14.117306 15.785749 -29.980380 
14.394252 15.156609 -30.706661 
15.212974 15.429842 -31.211675 
15.661796 14.609284 -31.565573 
16.101410 14.333524 -32.420381 
16.952967 13.816299 -32.505983 
16.673916 13.029760 -33.056879 
16.755114 12.492773 -33.896553 
16.040376 12.327354 -34.576101 
16.796194 12.858348 -34.959224 
16.881366 13.804321 -34.646365 
16.843753 14.689845 -34.183297 
15.902975 14.487787 -33.911069 
15.197165 13.779414 -33.904779 
14.631567 13.974161 -33.103422 
14.144049 14.430082 -33.848044 
14.346073 15.293317 -33.385430 
15.318165 15.172118 -33.184559 
15.841262 15.982267 -32.919932 
15.979079 16.146263 -31.943146 
16.924234 16.336682 -32.208521 
16.917818 17.030623 -32.928523 
16.923242 17.688026 -32.175004 
17.015885 17.155990 -31.333365 
17.893523 17.432084 -30.941545 
17.938820 16.553894 -31.417706 
17.543341 15.949072 -30.726485 
17.617011 15.358040 -29.923208 
17.233259 14.554165 -30.377651 
16.753406 14.386461 -29.516480 
17.541597 14.270440 -28.912083 
17.044496 15.138131 -28.910578 
16.161185 15.226829 -28.450259 
16.603671 15.644262 -27.656561 
16.731650 16.146136 -26.801141 
16.221279 16.105988 -25.942124 
15.639427 15.456807 -26.432035 
15.320501 15.623564 -25.499040 
14.883168 16.394165 -25.962629 
14.116648 16.493451 -25.328130 
13.420763 16.279803 -24.642492 
14.047803 15.525896 -24.838567 
14.034869 15.244219 -25.797989 
14.566491 14.494935 -25.403083 
14.713950 13.869260 -24.637064 
15.220188 13.243780 -25.230779 
15.808972 12.819357 -24.542885 
16.055890 13.695974 -24.129878 
16.348188 14.649713 -24.059567 
16.702191 15.236341 -23.331179 
15.964756 15.906972 -23.411443 
15.218663 15.241292 -23.396736 
14.782110 16.028103 -22.960445 
13.998896 15.450329 -22.730764 
13.608503 14.938237 -23.495849 
13.667157 14.305639 -22.723593 
14.056220 14.152621 -21.815179 
13.935568 13.188522 -21.578626 
12.978875 12.970494 -21.385746 
13.630199 12.640363 -20.702526 
12.711543 12.841214 -20.362335 
11.841698 13.125823 -19.959389 
11.220729 12.710901 -20.624398 
21.607173 39.127239 51.980270 
20.969444 39.879601 51.815184 
21.430442 40.349268 51.062260 
22.395490 40.134498 50.912072 
22.074768 39.828436 50.015711 
21.492269 39.256680 50.593456 
20.902608 38.494082 50.859435 
21.374766 37.678081 51.192916 
20.600564 37.344383 51.730743 
19.666590 36.989545 51.772960 
19.449542 36.085511 52.141219 
18.576780 35.674571 51.877752 
17.615915 35.417456 51.980851 
16.736978 35.429290 52.457643 
15.885042 35.937424 52.331135 
16.168291 36.104484 53.275519 
15.546048 35.957803 54.044478 
16.379036 35.874920 54.591526 
16.652078 36.557901 55.269011 
17.377077 36.073418 54.779467 
17.743298 35.145680 54.707462 
17.149172 34.990680 55.496759 
16.660464 34.773865 54.651681 
16.099772 34.287768 55.322005 
16.779183 33.874481 55.928302 
17.671609 33.483371 55.703341 
17.099659 32.767182 56.103273 
16.420720 32.492827 56.784281 
16.453338 33.454361 57.057023 
15.997982 32.947099 57.788690 
15.987641 33.943903 57.867909 
15.585403 33.729691 58.758032 
15.665133 34.613135 59.219734 
15.701589 34.483927 60.210681 
16.136897 33.966440 60.947373 
16.434382 33.015269 61.029696 
16.805819 32.100378 60.871556 
17.712384 31.847091 60.533940 
18.673882 31.781200 60.800736 
18.558463 32.655958 61.271349 
18.668765 33.297183 60.511965 
18.743823 34.001304 59.805863 
19.308539 33.745544 59.021209 
20.094941 33.232704 58.676871 
20.949635 33.447102 59.149661 
20.894174 32.487302 59.424809 
20.655686 32.018313 60.275205 
20.434346 32.985286 60.401588 
20.409999 33.984274 60.439411 
21.115363 33.903850 61.143680 
20.758508 33.367641 61.908620 
20.827154 33.456294 62.902315 
19.971035 33.117092 63.292189 
20.507715 32.284685 63.154087 
21.352112 32.009506 62.694446 
21.495517 31.358910 61.948685 
21.668356 30.785692 61.147718 
21.261017 29.912255 60.880917 
20.784275 30.303056 60.093522 
20.109931 29.834603 60.664321 
19.187848 30.113855 60.396401 
18.299496 29.927533 60.816061 
17.743481 30.478241 60.193512 
17.146451 29.828621 59.722822 
16.470225 30.555866 59.840434 
15.664099 30.025767 60.103413 
14.776521 30.390429 59.821939 
14.484368 30.102221 58.910028 
14.931660 30.900054 58.505810 
15.746440 30.512766 58.074369 
15.941347 29.626375 57.654463 
15.468441 28.981373 57.054186 
15.235576 29.841648 56.600642 
14.668773 29.111847 56.218378 
13.751061 28.767777 56.019834 
13.056616 28.742461 56.738934 
10.209273 28.654339 -6.087530 
9.521467 28.127545 -5.588120 
10.038296 27.309369 -5.840063 
9.557293 26.813507 -6.563082 
9.923779 27.318871 -7.344296 
10.718011 27.172243 -7.933954 
10.416118 27.692681 -8.732705 
9.425865 27.677481 -8.594253 
9.175086 26.755867 -8.298047 
8.877624 26.123990 -7.582333 
8.441488 25.500092 -8.230820 
8.662108 24.541989 -8.413480 
9.152249 23.865990 -8.963741 
9.719935 23.051699 -8.842653 
10.529557 23.618382 -8.689743 
10.960212 24.178514 -7.982079 
10.499267 23.464921 -7.454524 
10.004120 24.242633 -7.067233 
9.182974 23.990144 -6.555405 
8.952303 24.357122 -7.456581 
8.201813 24.802727 -6.968522 
8.188387 24.403191 -6.051902 
7.393149 23.857165 -6.315438 
8.137043 23.656953 -6.953040 
7.265750 23.934031 -7.358103 
6.689802 24.747700 -7.279196 
6.595007 25.191613 -6.388154 
6.551252 26.041271 -5.862639 
6.589123 26.140792 -6.856954 
7.173307 26.715909 -6.284267 
7.789713 27.074265 -5.583108 
8.109597 27.955879 -5.236075 
8.494095 28.058107 -4.318627 
9.474932 27.891597 -4.419779 
9.557725 28.814934 -4.044820 
10.001897 28.731590 -3.152763 
10.646774 27.968793 -3.105071 
10.088627 27.309331 -2.601503 
10.916267 26.966149 -2.157388 
10.536333 26.148352 -1.725117 
10.432338 25.879668 -0.767519 
11.159463 25.264232 -1.071705 
10.785551 25.095260 -0.159763 
10.962159 24.793024 0.776967 
11.668916 24.549378 1.441145 
11.413107 24.454449 2.403200 
10.481185 24.113347 2.526370 
9.782000 24.665083 2.981044 
9.764871 25.664918 2.987058 
9.914568 26.125854 3.861775 
10.783194 26.321153 3.406421 
11.637539 26.768437 3.671056 
12.527368 26.314792 3.621956 
12.382810 25.360063 3.881946 
13.345150 25.539182 3.677453 
14.198278 25.098034 3.398954 
14.759153 24.350309 3.043530 
15.707637 24.072198 2.891763 
15.223785 23.387150 2.347156 
15.032035 22.754725 3.097671 
15.845833 22.194403 3.251856 
16.694145 22.145665 2.724606 
17.590440 21.864154 2.381961 
18.106730 22.713177 2.494230 
18.117466 22.466564 1.525175 
18.514208 22.625739 0.621151 
19.383398 22.170725 0.814730 
19.774326 22.924823 1.342473 
20.221874 23.146714 2.208767 
20.540527 23.040113 3.150625 
20.790266 22.331906 3.810983 
20.107470 22.374564 4.540346 
19.455125 21.691244 4.868250 
19.142769 20.816508 5.238750 
19.450605 20.620791 6.169842 
20.093374 21.154027 5.619835 
34.336473 -47.142361 -31.087330 
34.357198 -47.148791 -30.087566 
35.340831 -47.010599 -30.203188 
36.126499 -46.392104 -30.216956 
36.274674 -45.515243 -30.674295 
36.812061 -45.099166 -31.407844 
37.758759 -45.158866 -31.091302 
38.719206 -45.063002 -31.352742 
39.710993 -44.936540 -31.371892 
40.677241 -45.161756 -31.496959 
41.102229 -45.434367 -32.360132 
40.693455 -46.222425 -31.899841 
39.801791 -45.777788 -31.984894 
39.338424 -46.085744 -32.815829 
39.890585 -45.793651 -33.596726 
40.476777 -45.981427 -34.384837 
39.655182 -46.549897 -34.342131 
40.453260 -46.962739 -34.781029 
41.046291 -46.922822 -33.976839 
41.929084 -46.602873 -33.632879 
42.331969 -45.730913 -33.354726 
42.684561 -44.836577 -33.630122 
42.422646 -44.570069 -34.557685 
41.724555 -44.867679 -35.208913 
41.433061 -45.689291 -34.719031 
41.625801 -45.754597 -35.698105 
41.855417 -44.972609 -36.277564 
41.691749 -45.656543 -36.988512 
41.469898 -45.564198 -37.959210 
42.467934 -45.626838 -37.959632 
43.117112 -44.977648 -37.563246 
42.353818 -44.512924 -37.114454 
42.276595 -44.457405 -38.109920 
41.749512 -44.104729 -38.883098 
40.813067 -43.988550 -39.214115 
40.632809 -43.254540 -38.559336 
40.335650 -42.690556 -39.329803 
39.918770 -43.090204 -40.146192 
39.332558 -43.159231 -39.338981 
39.261307 -42.169140 -39.217968 
38.704373 -41.493879 -38.734390 
37.803658 -41.272693 -38.360507 
37.446762 -42.205143 -38.304267 
36.840069 -41.927650 -39.049197 
36.963588 -42.733532 -39.628246 
37.802753 -42.211828 -39.781960 
38.405779 -42.471539 -40.536220 
38.641243 -42.868715 -41.423243 
37.894007 -43.524763 -41.317230 
37.934388 -44.000310 -40.438466 
38.156573 -44.541310 -39.627323 
38.360938 -45.048832 -40.464375 
38.507900 -44.863842 -41.436065 
39.324137 -44.475708 -41.008154 
40.074243 -43.855306 -41.237160 
40.875939 -43.277041 -41.085860 
41.865332 -43.133713 -41.062192 
42.804057 -43.268219 -40.744856 
42.997518 -44.102762 -41.260715 
42.859769 -44.351292 -40.301936 
42.818487 -45.346919 -40.218127 
43.143942 -45.100953 -39.305121 
43.580906 -44.338751 -38.827512 
42.753319 -44.064681 -39.317396 
42.844161 -43.138010 -39.682129 
43.014577 -42.229138 -40.062799 
42.127828 -42.200513 -40.524164 
41.768009 -41.354603 -40.130506 
42.325486 -40.696801 -39.624033 
42.938119 -40.664843 -40.413754 
42.651425 -40.762813 -41.366754 
43.439040 -41.276921 -41.706394 
43.481511 -41.693598 -40.798332 
43.912516 -42.512547 -41.177221 
44.742527 -43.012448 -40.929870 
45.422628 -43.728307 -41.088008 
46.160113 -43.055043 -41.141222 
46.249506 -42.283720 -41.771357 
45.382702 -42.777537 -41.840605 
10.865873 9.043939 69.518270 
10.695593 9.933622 69.094633 
10.344179 10.858415 69.240464 
10.139365 11.599086 69.880352 
10.196252 12.590238 69.760422 
10.829706 12.207118 69.088145 
11.480458 12.476571 68.378273 
11.782682 13.429005 68.417394 
12.688365 13.343026 68.832540 
13.511375 13.095929 68.321075 
13.881706 12.271360 67.893360 
14.433700 11.473637 67.650583 
13.641156 11.463827 67.040847 
12.948519 12.069583 66.649293 
13.373706 12.062307 65.744217 
13.115453 13.024608 65.658876 
13.356456 12.580892 64.795722 
13.065691 11.806938 64.233182 
13.878208 11.225971 64.281084 
14.686003 11.282800 64.867802 
15.442565 10.820938 65.330725 
15.658973 10.750910 66.304513 
15.622584 10.040449 67.007308 
16.327153 10.295328 67.669591 
15.624885 10.998095 67.783338 
15.371545 11.345718 68.686099 
15.590076 10.383787 68.850208 
16.359715 10.979010 68.619199 
16.504650 11.095322 69.601780 
16.545799 10.096777 69.566931 
16.955819 9.652923 70.363723 
17.638972 9.655184 69.633451 
18.301524 9.562032 68.890251 
19.006538 9.553740 69.599396 
19.028692 9.875787 70.545861 
20.009951 9.730600 70.672556 
19.907632 10.095686 71.597890 
20.620158 10.596665 72.089139 
20.559452 11.583661 71.940295 
20.234297 11.858749 71.035529 
20.807947 11.040142 71.007080 
21.645523 11.333925 70.546474 
22.291292 11.047908 69.838537 
22.238350 11.866009 69.265906 
22.673930 12.720858 68.983942 
23.658119 12.544922 69.004400 
23.860053 13.345328 69.568823 
22.975562 13.633631 69.935645 
22.061655 14.039492 69.942697 
21.121925 14.223309 70.231000 
20.466064 14.941376 69.998134 
19.913342 15.635883 69.537526 
19.753734 16.534830 69.945470 
19.828163 16.750606 70.919072 
19.981392 17.687943 70.606152 
20.947977 17.613043 70.851313 
21.552985 18.308922 71.238247 
22.434733 18.772482 71.150889 
23.400353 18.637064 71.372792 
23.223366 17.758540 71.816494 
23.630937 17.913790 72.716374 
22.872382 18.488413 72.409126 
21.994986 18.815080 72.760503 
21.229207 18.368603 73.223364 
21.538480 18.581315 74.150243 
22.388873 18.066633 74.041002 
-15.316507 44.616639 24.983270 
-15.541460 45.521778 24.622550 
-15.451185 45.982060 23.739379 
-15.454521 45.745746 22.767708 
-14.605975 45.221620 22.840251 
-14.849658 44.464630 23.446539 
-15.666364 44.284364 22.898365 
-15.788417 43.326751 23.159290 
-16.380518 43.054331 23.917711 
-15.809158 42.397864 24.410254 
-15.866036 41.897926 25.274445 
-15.036755 42.436372 25.124883 
-14.342007 42.046040 24.520760 
-15.060881 41.391813 24.755720 
-14.728679 40.940586 23.927446 
-14.063567 40.330059 24.357425 
-13.640926 40.200072 23.460498 
-13.933602 40.673306 22.629601 
-14.327745 41.592180 22.611647 
-13.395368 41.502724 22.961889 
-13.517207 42.310234 22.384755 
-14.279930 42.497950 21.765873 
-15.170755 42.575626 21.318215 
-15.448449 42.662692 22.274931 
-16.297194 42.911677 21.808413 
-16.957534 42.707210 21.085818 
-17.893454 42.869706 20.773332 
-18.731217 43.325595 20.472800 
-19.717436 43.409642 20.615305 
-20.104825 44.160908 20.080955 
-20.527595 43.285233 19.847591 
-21.069054 42.539395 19.459585 
-21.669028 42.221162 18.725583 
-22.222152 41.640409 18.128272 
-22.264407 42.271163 17.353440 
-21.290929 42.045005 17.388009 
-21.058200 42.247372 16.436754 
-20.954356 41.311229 16.772689 
-21.061737 40.616522 16.061457 
-21.639645 40.993398 15.337588 
-20.741382 41.350158 15.080983 
-20.089761 41.673702 15.767066 
-20.261740 42.651513 15.647442 
-20.404598 43.042094 14.738026 
-21.350350 42.721033 14.688287 
-20.982485 42.192889 13.922951 
-20.038063 41.952762 14.147465 
-20.424624 41.495600 13.346482 
-21.006202 41.010477 13.999491 
-20.455809 40.254199 13.645781 
-21.449076 40.154066 13.587521 
-21.744097 39.557940 12.840797 
-20.988780 38.949071 13.083232 
-20.643478 39.434722 12.280169 
-21.358635 38.973650 11.754847 
-21.632598 39.761511 11.203286 
-22.315394 40.021639 11.886019 
-21.822691 40.848941 12.155864 
-20.904120 40.458440 12.216993 
-19.991376 40.262957 12.575718 
-19.530369 41.150353 12.577335 
-19.755979 40.874411 11.643014 
-16.590827 -16.378501 25.142270 
-16.548587 -15.459604 24.750042 
-15.614462 -15.669828 24.461567 
-15.218792 -16.064355 25.290900 
-15.190730 -16.132905 26.288153 
-15.802737 -16.456532 27.009757 
-16.637884 -16.868447 26.645264 
-17.066255 -17.279097 27.450164 
-17.529400 -17.266284 28.336354 
-18.475142 -17.448837 28.067566 
-19.372355 -17.497339 28.506492 
-19.934456 -16.719991 28.224051 
-19.492152 -15.824322 28.177737 
-18.508963 -15.933650 28.323975 
-18.712418 -15.295075 27.581798 
-18.516926 -16.158439 27.116626 
-19.028598 -15.618506 26.448296 
-19.967652 -15.918991 26.281306 
-19.765397 -16.873118 26.502067 
-19.343165 -17.280776 25.692416 
-19.688481 -18.210591 25.819700 
-18.992802 -18.406848 26.510724 
-18.358734 -18.340991 25.740257 
-18.280357 -19.333708 25.648769 
-18.007208 -20.016704 26.326195 
-17.308835 -20.707418 26.513785 
-17.279580 -20.826180 27.506276 
-16.556687 -20.143866 27.615240 
-15.850255 -20.795901 27.890564 
-15.596030 -20.098723 28.560872 
-16.385884 -20.531859 28.995066 
-17.160962 -20.105387 29.461301 
-16.320452 -20.286120 29.972064 
-15.779207 -20.794358 30.641951 
-15.077714 -21.501541 30.553643 
-14.238126 -21.024860 30.293129 
-14.485815 -20.777472 29.356407 
-14.986045 -21.643330 29.364045 
-14.756978 -22.336540 28.680679 
-14.976450 -22.784806 27.814141 
-14.014603 -22.515519 27.862472 
-14.599421 -21.924390 27.306996 
-14.276215 -21.431280 26.499295 
-13.969124 -20.607281 26.023143 
-14.517650 -20.510878 25.192585 
-14.852636 -19.605711 25.454228 
-15.346576 -20.037259 24.699384 
-16.112672 -19.917945 25.330938 
-16.983248 -20.277508 24.995063 
-17.076704 -20.653564 24.073191 
-16.176681 -20.997133 24.341369 
-15.671736 -21.016156 25.204310 
-15.380156 -21.079283 26.158772 
-15.139373 -20.200066 26.569870 
-15.154303 -19.360638 27.113134 
-14.209965 -19.457998 27.427376 
-13.754846 -20.319439 27.202016 
-14.162790 -20.408845 28.110635 
-13.971226 -19.874354 28.933814 
-13.422867 -20.660581 29.218683 
45.570373 -17.187061 23.264270 
45.504596 -16.284134 23.689001 
44.583221 -16.649141 23.822565 
44.842041 -17.309091 24.527886 
45.545241 -17.431147 25.228323 
45.135664 -18.343096 25.203918 
45.494815 -19.223548 24.894375 
45.773439 -19.028947 25.834854 
45.574794 -18.344408 26.536242 
45.687488 -19.049718 27.236125 
44.941727 -18.619508 27.744809 
44.824731 -17.626906 27.777268 
44.041034 -17.181534 27.344299 
44.449770 -16.374089 27.769702 
44.482656 -15.391767 27.953989 
45.434297 -15.248960 27.681986 
46.329698 -14.824605 27.547151 
46.252803 -14.232458 26.744997 
46.971428 -13.540716 26.673794 
47.156574 -13.224929 27.604385 
47.003403 -13.282740 28.590892 
47.102786 -14.277493 28.615181 
46.126615 -14.310614 28.829639 
46.694619 -14.699599 29.554940 
46.520788 -14.028531 30.275669 
46.767624 -14.112547 31.241077 
47.473332 -14.363514 31.903641 
48.203069 -14.713134 32.491221 
47.693249 -14.235824 33.206943 
46.894115 -13.686396 33.450895 
46.215853 -14.401193 33.280528 
45.946145 -13.644668 33.876286 
45.455578 -14.423390 34.267355 
44.692118 -14.703134 33.685228 
44.657640 -15.354025 34.443616 
43.689957 -15.171285 34.617384 
43.941825 -14.218700 34.446667 
43.413672 -14.171578 33.598827 
42.418198 -14.079732 33.574427 
42.264046 -13.671593 32.674616 
41.657353 -14.437891 32.463163 
41.400284 -14.868178 33.328477 
40.643965 -14.225480 33.206330 
40.333017 -15.170366 33.308805 
40.459084 -16.055135 32.860149 
40.769467 -17.004060 32.916754 
40.888960 -17.977686 32.722400 
41.451223 -18.792535 32.581402 
41.702697 -19.209005 33.455080 
42.525512 -18.640698 33.456574 
41.774253 -18.013554 33.250907 
42.429762 -17.362927 32.867510 
42.601139 -16.926051 31.984465 
42.503253 -15.985680 31.658701 
41.650650 -15.493048 31.484401 
40.836861 -15.112540 31.923675 
39.946477 -15.527427 32.110983 
87.653773 -45.666961 -9.827130 
87.855311 -46.414383 -9.194088 
87.119099 -46.057267 -8.619232 
86.150041 -46.287929 -8.707115 
85.278757 -46.363658 -8.222215 
85.297032 -45.427358 -8.572940 
85.717581 -44.641425 -9.026204 
86.342414 -44.210250 -9.677105 
86.542518 -43.591567 -10.436835 
87.314455 -44.106732 -10.809283 
88.022584 -44.806662 -10.716273 
88.307959 -44.026473 -10.159617 
89.044826 -43.651096 -9.597372 
90.030912 -43.499056 -9.530155 
90.756668 -43.942867 -9.004503 
90.206415 -44.726051 -8.714945 
89.785727 -44.903264 -9.604674 
89.286171 -45.763711 -9.705046 
89.022810 -46.426036 -10.406449 
89.943093 -46.759388 -10.201619 
89.959692 -45.818012 -10.538569 
90.658488 -45.113352 -10.661613 
91.487765 -45.128220 -10.102972 
91.759533 -45.591364 -10.946560 
92.351829 -44.998501 -11.492179 
92.810026 -45.364532 -12.302164 
93.372449 -45.499695 -11.486437 
93.702239 -46.411060 -11.240159 
93.711061 -46.709827 -12.194444 
93.460944 -46.966321 -13.128068 
92.543834 -47.362997 -13.088615 
92.544088 -48.348822 -13.256392 
91.606942 -48.237361 -13.587049 
91.616672 -48.701768 -12.701481 
90.917840 -48.302433 -12.108046 
90.204524 -48.693629 -11.526542 
89.440206 -48.425213 -12.112862 
89.552849 -48.603230 -13.090421 
90.110563 -47.792874 -12.910760 
59.748573 12.072539 18.633670 
60.403556 11.411975 19.000621 
61.358485 11.521330 19.276578 
61.949695 12.324584 19.349058 
61.892005 12.382214 20.345728 
60.942325 12.668844 20.219427 
61.048474 12.825726 21.201324 
61.690399 12.796926 21.967550 
62.471408 12.546372 21.395495 
61.972735 11.680904 21.347634 
61.045670 11.900881 21.651213 
61.038629 11.121537 21.024656 
60.213484 10.556616 21.023597 
60.318559 10.585721 22.017635 
59.971032 11.292919 22.633343 
59.672921 11.343003 21.680127 
59.290983 11.286806 20.757649 
59.403032 11.876741 19.958010 
58.990358 11.171696 19.381285 
59.106110 10.352375 19.942814 
59.920543 10.336723 19.362768 
60.789978 10.154566 19.822009 
61.691645 10.586627 19.804103 
61.616199 10.340370 18.837840 
61.580448 10.476973 17.847859 
61.586292 9.835751 17.080526 
61.134195 10.705262 16.881633 
61.754607 11.174546 16.253252 
62.260419 11.246889 15.393647 
62.972577 11.880824 15.695238 
63.738411 11.792128 16.332131 
63.241432 11.518255 17.155541 
63.756920 11.639219 18.003857 
63.470916 12.585794 18.152846 
63.222474 12.266780 19.067453 
62.946648 11.376092 18.706073 
62.677486 10.774128 19.457865 
63.365917 10.113104 19.159352 
64.029479 10.856583 19.076139 
64.533797 10.013133 18.891060 
65.357930 10.578179 18.851979 
64.859598 10.538194 17.985915 
65.225115 10.401032 17.065272 
65.868771 10.865372 16.456917 
65.401533 10.724626 15.584060 
66.304223 10.295144 15.557694 
67.197529 10.739627 15.624329 
67.671533 11.000900 14.783463 
68.420143 10.849201 14.138041 
68.596712 11.723688 13.686271 
68.026417 11.902213 12.884465 
67.751112 12.374466 13.721833 
66.865641 12.590175 14.133429 
65.992528 12.113986 14.237914 
65.304138 11.475453 13.893828 
64.527265 11.449836 13.264693 
63.954218 10.833871 12.724133 
64.370524 11.048729 11.840659 
63.619428 11.635036 12.144138 
63.896914 12.567836 12.374104 
64.195071 12.456113 13.322060 
64.437525 12.265038 14.273220 
64.220051 13.067414 14.829005 
65.079694 12.640321 15.109370 
65.309377 13.239152 14.342137 
65.895085 13.264886 15.152250 
66.690763 13.012202 15.702748 
67.391872 13.322198 16.344892 
68.339509 13.566876 16.550114 
69.283297 13.357321 16.294474 
70.132134 13.713773 15.904067 
70.108503 13.838794 16.895940 
70.629116 14.672117 16.710102 
70.899482 14.108389 17.490560 
70.566602 13.571007 18.265421 
70.088845 12.779115 17.885085 
70.633377 12.624134 17.060788 
71.205324 11.803945 17.073677 
72.061261 11.286987 17.084925 
71.966888 11.438636 16.101006 
72.906855 11.770160 16.020052 
72.399795 12.470363 16.522651 
73.398790 12.508755 16.545785 
73.325899 13.388044 17.016462 
72.761368 13.867445 16.344540 
73.073804 14.453781 15.597148 
74.056168 14.432984 15.782967 
73.587426 14.933995 16.510475 
73.356781 14.621052 17.431816 
74.326549 14.485779 17.634918 
74.053248 15.095931 18.378572 
73.388193 14.623051 18.956574 
74.124582 14.529953 19.626697 
74.329855 13.585811 19.884495 
75.193999 13.490326 19.390392 
74.927534 12.554933 19.157934 
74.037103 12.104815 19.090658 
73.545091 12.899962 18.736165 
72.632550 13.086794 19.099982 
71.634717 13.151893 19.109612 
71.837636 12.196370 19.323622 
71.367801 11.796170 18.536796 
71.152651 10.856707 18.803478 
71.919666 11.052705 19.414439 
72.630708 11.081952 20.116980 
73.194703 11.832003 20.462427 
73.563436 11.258083 19.731228 
