-25.026811 26.808817 4.734920 
-24.374246 26.459229 4.062650 
-23.920420 25.649798 3.690007 
-23.614559 26.449344 3.173117 
-23.014906 27.217189 2.947664 
-22.476984 26.381261 3.056588 
-21.622780 26.705556 2.650178 
-20.991761 26.596101 3.418185 
-21.805836 26.842216 3.944217 
-21.185550 27.612786 3.797698 
-20.954860 27.422187 4.751875 
-20.144086 27.932226 5.039115 
-19.234848 28.339699 5.124268 
-18.707234 28.650463 4.333667 
-18.969722 27.836486 3.815457 
-19.430675 27.026748 3.452353 
-19.138381 26.447502 2.691407 
-19.740908 26.383068 1.895914 
-19.758638 25.699440 1.166298 
-20.368922 26.395987 0.788969 
-20.113351 27.322195 1.066137 
-20.597305 28.196885 1.039558 
-21.273015 27.460878 0.998224 
-22.199174 27.806873 1.148278 
-22.820250 27.215594 0.633833 
-22.267900 26.493120 1.049695 
-22.658430 25.572836 1.073450 
-22.407139 25.914673 1.978989 
-21.533605 25.508939 2.247911 
-20.748159 25.715569 2.831330 
-19.968875 25.258083 3.259610 
-20.257950 25.599150 4.154098 
-20.901565 26.106011 4.727555 
-20.946816 25.421256 5.454922 
-20.577466 24.556628 5.795508 
-19.593896 24.578320 5.974732 
-19.577343 25.576345 5.914128 
-19.533999 25.643992 6.910896 
-20.272415 25.819718 7.561943 
-21.250900 26.010387 7.640762 
-21.441163 26.502441 6.791243 
-22.132075 26.987931 6.255576 
-22.892832 27.547208 6.584909 
-23.404624 26.689965 6.528317 
-22.812250 25.969370 6.167990 
-21.931962 25.577438 6.435350 
-22.056383 24.669750 6.034575 
-21.541058 23.959481 5.555035 
-21.234720 24.066980 4.609201 
-21.420904 24.364240 3.672734 
-21.963630 24.003241 2.914361 
-21.935451 23.005539 2.852748 
-20.966672 23.247625 2.906248 
-20.676016 22.689053 2.129385 
-19.692178 22.582286 2.273135 
-19.726799 21.950867 3.047803 
-19.826335 21.449142 3.907085 
-19.244735 20.647364 4.044536 
-18.413433 20.258365 4.441546 
-17.943745 19.381540 4.338732 
-17.621092 19.157348 3.419149 
-18.338334 18.572040 3.797275 
-19.197603 18.500273 4.303739 
-20.102887 18.175099 4.030384 
-20.275841 19.159944 4.043250 
-20.649442 19.890827 3.472082 
-21.029082 18.998058 3.229520 
-20.390094 19.369625 2.555998 
-20.577874 19.931602 1.750442 
-20.679920 19.562768 0.826565 
-20.854976 19.903497 -0.097155 
-20.566585 20.817954 0.186744 
-21.343972 21.427162 0.343377 
-20.608913 21.719313 0.955207 
-20.237122 22.244194 0.189523 
-20.320425 22.698937 -0.697195 
-19.729402 22.939153 -1.467252 
-20.590622 23.447340 -1.460505 
-19.796490 23.931926 -1.827290 
-19.099507 23.801796 -2.532472 
-18.735306 23.889025 -1.605246 
-17.868577 24.370997 -1.476858 
-17.849881 25.108860 -0.802167 
-18.264503 24.583474 -0.059161 
-18.473199 24.460230 0.911023 
-19.437357 24.530229 1.166951 
-19.452128 24.529397 0.167060 
-19.663808 25.004874 -0.686821 
-19.304545 25.933912 -0.775240 
-20.174772 26.426562 -0.774891 
-20.483202 26.929728 -1.582167 
-20.379396 27.868698 -1.254202 
-19.644732 28.229737 -1.828588 
-20.048304 28.236259 -2.743513 
-19.928836 27.243423 -2.745633 
-20.438923 27.246645 -3.605750 
-20.398440 26.299381 -3.923636 
-21.051968 26.069352 -3.202534 
-20.711442 26.249094 -2.279640 
-20.785768 25.616762 -1.508516 
-21.157270 24.749534 -1.840030 
-20.527670 24.265568 -2.447798 
-21.278645 24.729150 -2.918041 
-22.267929 24.713190 -2.772908 
-22.112259 25.670702 -2.530135 
-22.749757 25.797741 -3.290042 
-23.262491 25.124020 -3.822210 
-24.223141 25.131297 -4.099877 
-23.756056 25.087193 -4.982989 
-23.460278 24.216159 -4.590797 
-23.095679 24.248262 -5.521408 
-23.070372 24.300678 -6.519712 
-22.472453 23.523072 -6.714192 
-23.454988 23.381304 -6.834717 
-23.886623 22.551603 -7.188676 
-24.187990 21.864834 -7.850134 
-23.550134 21.173010 -7.511728 
-24.110819 20.769297 -8.234671 
-24.942155 20.908705 -8.772673 
-25.487742 20.299498 -9.348174 
-26.030080 19.533096 -9.692407 
-26.453926 18.942699 -10.379275 
-27.397902 18.954043 -10.709093 
22.422589 -52.141083 10.345880 
21.588043 -52.623146 10.079144 
20.740432 -52.985895 9.691886 
20.041412 -52.733733 9.022718 
20.479639 -52.137486 8.350076 
20.868124 -52.898212 7.830100 
21.310521 -53.712858 7.455084 
20.837393 -54.166090 8.210552 
20.439585 -54.597483 7.400830 
19.665372 -54.190809 7.885815 
19.260215 -54.522011 7.033668 
19.370202 -55.130781 6.247982 
19.188237 -56.074448 5.971612 
18.810726 -56.139677 5.047907 
19.031784 -55.431784 4.377071 
19.952900 -55.596523 4.729784 
19.924145 -56.584789 4.579775 
19.022662 -56.993187 4.436453 
18.532251 -57.721246 3.957468 
18.007996 -57.405792 4.748446 
17.603556 -57.048661 3.906492 
17.696961 -56.155772 3.466009 
17.496684 -56.898814 2.827434 
16.736903 -56.653737 3.429656 
16.626188 -55.663184 3.510571 
16.591890 -54.887295 2.880635 
16.907242 -54.001949 3.222274 
16.481245 -53.260829 3.741184 
17.242935 -53.434473 4.365425 
17.429156 -54.403180 4.529525 
18.303518 -53.920334 4.578003 
18.167164 -53.258828 5.315443 
18.412435 -54.014536 5.922688 
18.304778 -53.934696 6.913665 
17.355835 -53.779211 6.639200 
16.917531 -53.412909 5.818401 
16.358979 -54.085227 5.332594 
15.959868 -54.513080 4.521636 
15.404686 -54.861446 3.766378 
15.511182 -55.853557 3.700230 
15.139130 -56.387815 4.459273 
14.384297 -56.978028 4.745412 
13.678306 -56.405784 5.162681 
12.967324 -55.747583 5.410219 
13.802476 -55.220381 5.566992 
14.641169 -54.818563 5.934603 
15.503479 -54.844241 6.440332 
15.874334 -54.680270 7.354432 
15.514811 -55.238174 8.102421 
15.641119 -56.076988 7.572857 
16.555000 -56.194547 7.184267 
17.290872 -55.979964 7.826487 
17.904646 -56.036393 7.039024 
17.949882 -56.311962 6.078808 
18.251944 -57.082437 6.640170 
18.689836 -57.399011 5.798724 
19.219142 -57.776098 6.558751 
18.830299 -58.592671 6.985376 
18.363710 -58.539775 6.102485 
17.472386 -58.092000 6.173474 
17.517093 -58.379455 7.130224 
17.852325 -59.297285 7.342846 
17.511535 -60.070236 7.878018 
18.207019 -60.578628 7.370239 
18.392459 -61.500154 7.029062 
18.514285 -62.429282 6.679950 
18.096743 -62.409291 5.771512 
17.803075 -61.669224 5.166483 
17.088798 -62.195982 5.627280 
16.427415 -61.704077 5.061064 
16.696159 -61.209149 5.887395 
16.161287 -61.916488 6.349545 
15.245927 -62.039180 5.966057 
15.440404 -62.474023 5.086802 
15.357162 -61.520520 4.797145 
14.969753 -60.657902 4.471867 
15.506076 -59.947400 4.016297 
15.523073 -60.846859 3.579622 
14.757952 -61.028248 2.961813 
15.220510 -61.894515 2.773073 
14.292389 -61.993001 2.414056 
14.721556 -61.278422 1.861613 
15.629113 -60.932730 2.100019 
15.907358 -60.915666 1.139660 
16.084895 -61.162895 0.187107 
16.181422 -60.181745 0.354518 
17.126784 -59.862350 0.289113 
16.845068 -58.917033 0.124763 
17.622688 -58.554506 0.638457 
18.273527 -59.195851 1.044762 
19.067901 -58.742820 1.449400 
19.760491 -58.350548 2.054746 
20.729164 -58.103900 2.025820 
21.113097 -58.929835 1.612991 
20.880775 -59.869143 1.865433 
20.028977 -59.703147 2.362308 
19.753770 -60.259441 3.146398 
19.463456 -60.620980 2.260392 
19.883844 -61.124294 1.505442 
19.876005 -62.119079 1.607128 
19.378690 -62.974561 1.751449 
18.842405 -63.811284 1.862325 
18.901158 -63.511341 0.910179 
19.463457 -64.206691 0.462620 
20.042425 -63.500921 0.870891 
19.921406 -62.775131 0.193703 
20.401246 -63.162407 -0.593553 
20.261635 -62.955412 -1.561882 
19.715971 -63.455853 -2.234051 
19.556167 -63.908727 -1.356915 
19.700162 -64.820435 -1.741694 
18.955114 -65.345780 -2.152688 
19.681161 -65.991429 -1.916056 
19.026422 -66.511519 -1.367582 
2.239289 -1.658983 12.995480 
2.583048 -2.598038 12.993008 
2.290801 -3.524821 12.757075 
2.588589 -3.425195 13.706494 
3.218584 -3.935958 14.291497 
2.389573 -4.305507 14.711228 
1.389578 -4.304757 14.708054 
0.957888 -5.118809 14.319516 
0.837392 -6.058631 14.639229 
1.773040 -5.806517 14.886216 
2.161164 -6.451302 14.227723 
2.614825 -6.092719 13.411874 
3.326973 -6.058898 12.710661 
2.994483 -6.432993 11.844922 
3.109415 -5.440975 11.896792 
4.086961 -5.290249 11.749534 
4.708630 -5.922005 12.212581 
4.990967 -5.854683 11.255631 
5.400123 -5.114736 11.789549 
5.687034 -4.267221 12.236092 
4.976433 -3.564502 12.271214 
4.017886 -3.847239 12.235899 
4.028265 -4.755447 12.654290 
3.105445 -4.415483 12.835477 
2.416625 -5.130327 12.955996 
1.512390 -5.538226 12.829593 
1.456983 -5.594666 11.832726 
0.851219 -6.376038 11.682702 
0.303553 -6.534932 12.504173 
0.236252 -5.751067 13.121446 
0.434645 -4.787359 12.942823 
-0.553775 -4.793232 13.094451 
-0.644183 -5.367317 12.280662 
-0.895677 -6.299701 12.021027 
-1.409687 -7.152846 12.110125 
-2.362619 -7.280828 12.384972 
-2.389862 -6.504798 11.754865 
-2.071817 -5.971457 10.971032 
-1.927725 -5.615072 10.047870 
-0.962043 -5.509956 9.810367 
-0.366736 -5.439794 10.610796 
-0.038761 -4.780348 9.934362 
0.554113 -3.977369 9.995406 
0.519778 -3.831686 10.984142 
1.171060 -3.751400 11.738719 
1.705725 -3.997349 10.930237 
2.456107 -3.876429 10.280387 
1.882938 -4.097891 9.491442 
2.069973 -4.995726 9.890077 
2.857248 -4.851681 10.489617 
3.397560 -5.153714 9.704226 
3.116527 -5.836255 10.378880 
3.398835 -6.311308 9.545437 
4.040441 -6.981213 9.171848 
4.547591 -6.264954 8.692502 
4.476022 -5.540477 9.378075 
5.341914 -6.036784 9.315545 
5.150084 -5.397810 8.570620 
4.674769 -5.651590 7.728200 
4.076147 -5.832639 6.947897 
3.873000 -4.866851 6.786701 
2.934511 -5.029939 7.091071 
2.811458 -4.045142 6.968469 
3.238241 -3.149579 6.842676 
3.744294 -2.749248 6.078709 
3.748249 -3.459604 5.374877 
3.304012 -4.034327 6.062152 
4.282575 -4.232620 6.006519 
4.806801 -4.218655 6.857984 
4.974232 -3.555201 7.587227 
5.834663 -4.012157 7.361725 
5.926388 -3.978838 6.366498 
6.180606 -3.011755 6.377575 
5.204772 -2.793378 6.385286 
5.652707 -2.247355 5.677322 
6.377975 -1.961249 5.051119 
6.603419 -2.907155 5.284439 
7.300076 -2.248689 5.569206 
7.476466 -1.276263 5.721760 
8.017372 -0.882205 4.978699 
7.094143 -1.140510 4.694221 
6.681760 -0.236275 4.805116 
7.127925 -0.034193 5.676953 
6.318278 0.215323 6.208191 
6.114902 -0.544752 5.590999 
5.225016 -0.116816 5.749028 
4.473304 -0.687960 5.419296 
4.362023 -0.778218 6.408978 
3.847417 -1.634816 6.446669 
3.474804 -1.772268 5.528918 
3.089360 -1.018488 6.061129 
2.368052 -0.626793 6.632347 
2.055435 -1.249697 7.349467 
2.906311 -1.659919 7.021250 
3.633530 -1.699278 7.706526 
3.419574 -2.640128 7.969251 
3.272897 -3.610770 8.159880 
3.322131 -3.681294 9.156174 
3.793574 -3.298702 9.950758 
4.376832 -3.018872 10.713323 
5.352065 -2.847297 10.852904 
-17.505711 -11.407683 -30.193280 
-16.850136 -11.315088 -29.443848 
-16.547055 -11.156782 -28.504124 
-15.953493 -11.811952 -28.036753 
-16.694129 -11.606956 -27.396882 
-16.028484 -10.862824 -27.340442 
-16.191232 -9.909619 -27.085663 
-15.215814 -9.721108 -26.971551 
-14.734878 -9.049027 -26.408516 
-14.122152 -9.179425 -25.629052 
-14.231631 -9.602149 -24.729431 
-13.292293 -9.895196 -24.907660 
-12.828611 -10.667843 -25.341267 
-13.334029 -10.323720 -26.132552 
-12.532046 -9.736356 -26.241300 
-11.719069 -10.001412 -25.722826 
-10.769677 -9.687667 -25.708064 
-10.080132 -9.281626 -26.307779 
-10.818591 -8.653738 -26.553616 
-11.725600 -8.267899 -26.722328 
-11.725232 -7.509409 -27.374012 
-10.979412 -7.003355 -27.807211 
-10.140638 -6.587125 -27.456197 
-9.257088 -7.012871 -27.651339 
-9.386964 -7.806618 -27.057117 
-8.579780 -8.212983 -27.485278 
-8.396280 -7.813225 -28.383343 
-8.385871 -6.924366 -28.841406 
-9.104811 -6.314391 -28.508156 
-9.089165 -6.311345 -29.508029 
-8.604335 -6.859583 -30.189479 
-8.994512 -7.634948 -30.686040 
-8.036369 -7.528645 -30.951863 
-8.603920 -7.207541 -31.710005 
-7.805345 -7.197274 -32.311813 
-7.343119 -7.823084 -32.940072 
-7.890118 -8.372731 -33.571483 
-8.816116 -8.009349 -33.469114 
-8.740128 -8.421667 -32.561248 
-9.232165 -8.493236 -31.693621 
-10.003591 -9.044088 -32.012153 
-9.664317 -9.182101 -32.942662 
-10.654059 -9.118217 -32.814870 
-10.661029 -8.181387 -33.164585 
-11.617591 -7.904478 -33.073430 
-12.111667 -8.748080 -32.863132 
-12.051892 -8.658519 -31.868946 
-11.090373 -8.855536 -31.677463 
-10.801321 -9.012360 -30.733082 
-11.620510 -8.458501 -30.584183 
-12.183539 -7.708660 -30.931654 
-12.173251 -6.945948 -31.578311 
-11.882362 -6.505096 -32.427447 
-12.687584 -5.916873 -32.352532 
-13.207572 -5.935253 -33.206508 
-13.402258 -6.809962 -32.762681 
-14.072018 -6.933368 -33.494932 
-14.950581 -7.380795 -33.662077 
-14.899382 -6.432230 -33.974491 
-15.654886 -6.323637 -34.620573 
-15.033066 -7.026155 -34.966706 
-14.942314 -7.989478 -35.219237 
-15.039370 -8.834824 -35.744567 
-15.682152 -8.373727 -36.356303 
-16.529220 -8.358758 -35.825030 
-17.036671 -7.618692 -36.266388 
-17.337826 -6.810776 -36.772922 
-17.287975 -6.559245 -37.739486 
-17.290507 -7.556077 -37.659985 
-17.378222 -8.431767 -38.134824 
-17.820085 -8.971931 -38.851051 
-17.692517 -8.925348 -39.841786 
-17.313790 -8.944107 -40.767104 
-16.880289 -8.790928 -41.655143 
-16.367564 -8.499433 -42.462697 
-15.855447 -9.044578 -41.798955 
-15.829137 -8.162655 -41.328296 
-15.876863 -8.918364 -40.675128 
-16.306293 -9.354103 -39.884103 
-17.071490 -9.771844 -39.394239 
-17.972318 -10.199233 -39.470707 
-18.358303 -10.527378 -38.608537 
-19.023330 -10.768519 -39.315353 
-19.002067 -10.669743 -40.310236 
-19.568405 -9.881569 -40.069312 
-20.170251 -10.676107 -39.988739 
-21.154112 -10.497196 -39.991780 
-21.242477 -11.054824 -39.166405 
-20.253636 -11.178710 -39.083666 
-19.704085 -11.651095 -38.394575 
-19.060430 -12.151193 -38.973894 
-19.362722 -12.702311 -39.751640 
-18.601095 -13.126532 -39.261783 
-18.820981 -13.160706 -38.286856 
-18.874661 -13.135580 -37.288614 
-18.253830 -13.136133 -36.504670 
-17.896648 -13.859426 -37.095659 
-17.006999 -14.315434 -37.071562 
-47.809611 12.547917 -59.993080 
-48.647128 12.827235 -60.462704 
-48.636945 11.991523 -61.011778 
-49.583702 12.313439 -61.007108 
-50.448032 11.835365 -61.163248 
-51.375666 11.515712 -61.356420 
-51.622040 12.475247 -61.220064 
-51.061582 13.278958 -61.020229 
-50.133899 13.239621 -60.648937 
-49.779765 13.170888 -59.716272 
-50.504115 13.055559 -59.036553 
-51.175496 13.705333 -58.680125 
-51.946396 13.475910 -58.085922 
-51.439612 13.039985 -57.342189 
-51.681083 12.125478 -57.666793 
-52.363616 12.143229 -58.397433 
-52.679991 13.056976 -58.652331 
-52.996853 13.935091 -59.010817 
-53.814826 13.591718 -58.549282 
-54.702399 13.751166 -58.117091 
-54.283797 14.605422 -58.425341 
-55.087125 14.670257 -57.833345 
-54.755822 15.599870 -57.994770 
-54.659939 16.434516 -58.537146 
-53.827822 16.557105 -57.996265 
-53.347596 17.434000 -57.975341 
-53.499994 17.237226 -57.006809 
-53.801599 16.283816 -57.013438 
-53.305583 16.041727 -56.179555 
-52.649809 15.286859 -56.191209 
-52.980780 14.349939 -56.303632 
-52.120732 14.012382 -56.686218 
-51.208225 14.418494 -56.735244 
-50.325263 14.734436 -57.082459 
-49.371581 14.595143 -57.349083 
-49.288262 14.043046 -58.178690 
-49.088437 14.975409 -58.479970 
-48.308694 15.058680 -57.859432 
-48.840944 15.654804 -57.258311 
-49.432808 16.443956 -57.094190 
-48.738979 17.053754 -57.477267 
-48.097844 16.416649 -57.049431 
-47.338090 16.910413 -56.626381 
-47.725888 17.298511 -55.790323 
-47.703945 18.050924 -55.131997 
-46.942996 18.604027 -54.792832 
-46.978485 17.681258 -54.409117 
-46.024686 17.430461 -54.243683 
-46.019441 18.423415 -54.362075 
-45.430020 18.326759 -53.560052 
-45.284817 17.353214 -53.383623 
-44.459437 17.621677 -53.880288 
-44.181444 18.501418 -54.266000 
-44.496412 19.446454 -54.353760 
-44.433120 19.175351 -55.314227 
-44.967770 19.748575 -55.935165 
-44.466855 20.543925 -55.593841 
-45.434586 20.712425 -55.781202 
-44.829684 21.454186 -56.070830 
-45.349817 21.862074 -55.320437 
-45.852970 22.661460 -55.648794 
-46.138616 22.615570 -54.691559 
-46.686029 23.132661 -55.349552 
-47.142964 23.676100 -54.645361 
-47.270871 22.785722 -54.208477 
-47.082240 21.947007 -53.697620 
-46.929137 21.045410 -54.102196 
-46.533945 20.132534 -53.999822 
-45.575315 19.852182 -54.049126 
-45.129256 19.275884 -53.364354 
-45.098481 20.232745 -53.075442 
-45.748185 20.332685 -52.321854 
-45.356668 20.520429 -51.421039 
-45.825830 21.369036 -51.665485 
-46.720978 21.777316 -51.486553 
-47.690491 21.956553 -51.653641 
-47.733017 22.848147 -52.104476 
-47.826644 23.312306 -51.223686 
-48.581918 23.717975 -50.708912 
-48.843814 22.753642 -50.747272 
-48.635623 21.775662 -50.761837 
-47.945380 21.058436 -50.857500 
-47.798505 20.399223 -51.594973 
-47.603881 19.476194 -51.263102 
-48.258292 18.959760 -51.815408 
-47.825541 18.071318 -51.968369 
-46.828319 18.115627 -51.908501 
-46.325725 18.722309 -51.292598 
-46.639616 18.679943 -50.344085 
-47.475802 19.003782 -49.901455 
-48.372530 18.598111 -50.078402 
-49.067370 18.106437 -50.603239 
-49.761373 18.528561 -50.019997 
-50.041731 17.849593 -49.341467 
-50.864408 17.658377 -48.806081 
-37.983311 58.483877 -18.954480 
-38.880689 58.186270 -19.280276 
-39.104135 58.728405 -20.090314 
-38.785842 59.390086 -20.769187 
-39.333360 59.893167 -21.437868 
-38.756321 60.656696 -21.147954 
-37.765037 60.777306 -21.200955 
-36.929427 60.239363 -21.089721 
-36.536028 59.925078 -21.953702 
-37.198455 60.647333 -22.152542 
-37.927867 61.316438 -22.294868 
-37.824191 61.935555 -21.516443 
-38.757258 61.732096 -21.813075 
-39.055265 61.259618 -22.642506 
-38.679041 60.360482 -22.418879 
-37.903383 59.821120 -22.091093 
-37.279873 59.125942 -22.448813 
-37.829109 58.505042 -23.008119 
-37.522553 59.084500 -23.763269 
-38.223807 58.773342 -24.404691 
-38.889087 58.990911 -25.118880 
-39.689180 59.171730 -24.546905 
-40.284464 59.461665 -25.296288 
-40.446554 59.137173 -26.228185 
-39.751608 59.303661 -26.927707 
-39.144826 58.847305 -27.578518 
-39.374485 58.093528 -26.962826 
-39.670107 57.138547 -26.987699 
-38.676973 57.129589 -27.104337 
-38.007729 57.804060 -26.792564 
-37.924517 57.570643 -25.823754 
-38.409422 57.216858 -25.023940 
-38.748103 56.985628 -24.111894 
-38.091059 57.140999 -23.374227 
-38.140466 56.553554 -22.566472 
-38.896025 55.929897 -22.766926 
-39.598774 55.268983 -23.030243 
-39.641629 54.951618 -23.977578 
-38.651146 54.841358 -24.059959 
-39.089865 55.668155 -24.412000 
-39.076623 55.393234 -25.373376 
-38.125244 55.085422 -25.384765 
-37.125349 55.099328 -25.388731 
-37.412632 56.043879 -25.547766 
-37.234127 56.140357 -26.526964 
-37.109689 56.196876 -27.517580 
-36.971706 55.434667 -28.150034 
-36.939247 56.050824 -28.936988 
-36.230609 56.110664 -29.640018 
-36.218903 55.438216 -30.380070 
-36.931800 55.606664 -31.060807 
-36.702227 54.638175 -31.157377 
-36.228210 53.985160 -31.748037 
-35.703354 54.147482 -30.912467 
-36.266446 53.629320 -30.268700 
-36.441292 53.543270 -29.287872 
-35.785946 52.873342 -29.636754 
-36.449673 52.200808 -29.964114 
-36.222005 51.266341 -30.237865 
-37.118784 50.859431 -30.411682 
-37.900547 50.573801 -29.857369 
-37.812281 49.641375 -30.207785 
-38.424014 49.295635 -30.919295 
-39.336873 49.624976 -30.677998 
-39.643552 50.265406 -29.973869 
-39.781357 51.227466 -29.738387 
-39.892913 51.924592 -30.446603 
-40.876458 52.034979 -30.589623 
-41.183922 51.524707 -29.786449 
-40.874530 50.919812 -29.052707 
-41.546473 50.902412 -28.312308 
-42.542913 50.978061 -28.275082 
-42.974996 50.128542 -27.972392 
-42.076755 50.251446 -27.550425 
-42.721823 50.127519 -26.796417 
-42.448223 50.958144 -26.311438 
-42.691859 50.188381 -25.721433 
-43.555260 50.155891 -26.224905 
-44.333760 49.713990 -25.779193 
-45.289134 49.936059 -25.973991 
-45.789544 50.800942 -26.013577 
-45.573249 51.512981 -26.681571 
-45.802826 50.827098 -27.372121 
-45.003463 50.716040 -27.962617 
-45.848406 50.223466 -28.171046 
-45.436221 50.331326 -29.075740 
-44.452902 50.334869 -28.893889 
-43.532759 50.235570 -29.272673 
-44.158597 50.715842 -29.887217 
-43.198436 50.903529 -30.094256 
-43.154234 51.165517 -31.058314 
-42.419333 51.486978 -31.655460 
-42.001272 50.943650 -30.927435 
-42.285067 51.594681 -30.223433 
-64.259211 20.853417 -8.615380 
-64.129329 20.485546 -7.694618 
-64.855888 19.800618 -7.639962 
-64.535183 18.929491 -7.268095 
-64.673961 18.915957 -8.258326 
-65.168082 19.097294 -9.108598 
-65.578607 18.441487 -8.475047 
-65.867401 18.534953 -7.522229 
-65.176517 18.218337 -6.872280 
-65.818541 18.819755 -6.396779 
-66.173401 19.070674 -5.496160 
-65.315965 19.207439 -5.000076 
-65.978703 18.921550 -4.307946 
-66.420558 18.199833 -4.840759 
-67.237672 17.658687 -4.642047 
-66.467120 17.376242 -4.070667 
-66.741264 16.542630 -4.550184 
-66.545798 15.971217 -5.347229 
-65.742590 15.696459 -5.875780 
-64.903558 15.786981 -5.339281 
-64.757002 16.612837 -4.794778 
-64.596101 17.472280 -5.280029 
-64.735408 17.643167 -4.304636 
-63.794836 17.492074 -4.000506 
-63.259906 16.658669 -3.861629 
-62.759836 17.202956 -4.535188 
-61.818128 16.877560 -4.620648 
-60.924184 17.317235 -4.533762 
-60.559422 16.410388 -4.744893 
-60.299752 15.587573 -5.250410 
-59.377326 15.201528 -5.260352 
-58.421993 14.906310 -5.273959 
-58.784866 14.197011 -4.669627 
-58.628410 13.565685 -3.910055 
-57.751176 14.002535 -3.710998 
-57.757666 14.854344 -4.234811 
-57.802673 15.852969 -4.207919 
-58.738599 15.517078 -4.313845 
-59.568738 15.590731 -3.761175 
-59.029343 16.328609 -3.355479 
-58.684171 16.590735 -4.256671 
-58.794240 17.188460 -5.050781 
-58.716264 18.185399 -5.045162 
-59.692342 18.239092 -5.255845 
-59.942389 17.855337 -4.366908 
-59.323108 18.441037 -3.843987 
-59.606886 18.723848 -2.927751 
-60.021562 19.375318 -3.563070 
-59.215987 19.730288 -3.088681 
-59.207967 20.252560 -2.235940 
-59.424539 19.726615 -1.413456 
-60.212348 20.314641 -1.596712 
-60.475013 20.607010 -0.677186 
-59.637570 20.597538 -0.130743 
-58.843533 20.041775 -0.376978 
-58.171209 19.320884 -0.208760 
-57.755265 19.166094 0.687359 
-56.774115 19.347204 0.619950 
-56.496171 19.842491 1.443017 
-56.919442 20.743373 1.346825 
-57.761770 21.265639 1.479947 
-58.257903 22.049781 1.852739 
-59.077852 22.593092 1.672472 
-58.794917 22.370134 0.739606 
-59.075463 23.175061 0.216742 
-59.765556 22.638024 0.701886 
-59.823144 21.675805 0.435771 
-59.135150 21.892216 -0.256927 
-59.856841 22.074154 -0.924805 
-59.515580 23.007018 -1.040158 
-59.462470 23.862508 -1.555246 
-60.054405 24.606586 -1.865022 
-59.619562 25.447759 -2.186485 
-59.963725 25.888374 -1.357383 
-59.788322 25.287662 -0.577397 
-60.377459 24.482680 -0.507245 
-60.590103 24.120651 0.400344 
-61.154746 24.900428 0.670761 
-61.758487 25.069257 1.449859 
-61.776018 26.057675 1.600599 
-62.137568 25.829202 0.696674 
-62.751532 25.475861 1.402506 
-62.723598 26.472773 1.329108 
-63.712039 26.363308 1.224219 
-63.826513 27.159092 1.818881 
-64.362506 27.400940 1.010042 
-64.997073 26.667922 1.255012 
-65.317699 27.608307 1.368476 
-65.577407 27.773930 0.417097 
-66.101453 28.625430 0.435084 
-66.700420 29.421896 0.352135 
-16.449511 -74.124083 -21.148280 
-15.627088 -74.186389 -20.582825 
-15.065619 -74.272432 -21.405837 
-14.081147 -74.404705 -21.521243 
-13.188277 -74.686832 -21.872224 
-13.149106 -74.933408 -20.903892 
-12.695715 -74.046332 -20.817096 
-12.003757 -74.764542 -20.890368 
-11.544848 -75.621042 -20.654127 
-11.355352 -74.863261 -20.029739 
-11.753045 -74.295805 -19.308745 
-11.696266 -75.051789 -18.656622 
-10.965934 -75.679943 -18.925020 
-11.156864 -76.536591 -18.445750 
-11.650485 -77.050585 -19.147282 
-10.815856 -76.975551 -19.692960 
-11.523292 -77.126353 -20.383462 
-11.985558 -76.763078 -21.192376 
-12.942301 -76.943705 -21.420449 
-13.310129 -77.624472 -22.053899 
-13.266811 -78.112366 -21.182072 
-14.043430 -77.961232 -20.570499 
-13.395714 -78.423607 -19.964964 
-12.456222 -78.756762 -19.885199 
-12.755307 -79.184968 -20.737952 
-12.507261 -78.921519 -21.670190 
-12.935900 -79.175047 -22.537365 
-13.451115 -80.023624 -22.657662 
-12.460979 -80.051548 -22.794962 
-11.486254 -80.229676 -22.660123 
-11.225640 -79.285734 -22.457503 
-11.359459 -79.437889 -21.478247 
-10.576580 -79.022944 -21.014651 
-9.843164 -79.502850 -20.533203 
-9.804284 -78.730251 -19.899501 
-10.023165 -77.991695 -20.537174 
-10.141643 -76.998756 -20.531210 
-9.633252 -76.809423 -19.691155 
-8.970929 -76.170834 -20.082987 
-8.484359 -75.603275 -19.418814 
-7.962199 -75.071390 -18.752145 
-8.106418 -75.851940 -18.143915 
-7.408575 -75.851145 -17.427664 
-7.025346 -74.927642 -17.444302 
-6.747206 -74.374650 -16.658912 
-7.285718 -74.844991 -15.959781 
-6.598533 -74.334156 -15.443231 
-5.849444 -74.307708 -14.781290 
-5.396712 -75.188853 -14.644846 
-4.989493 -75.368086 -15.540418 
-5.338679 -75.886904 -16.320736 
-5.977429 -76.503636 -16.780780 
-5.556095 -76.731899 -17.658489 
-6.530548 -76.572405 -17.816615 
-7.047730 -77.008771 -17.080335 
-7.344429 -77.842616 -17.545816 
-6.413224 -77.851205 -17.910213 
-6.801521 -78.669285 -18.334443 
-7.701408 -79.082755 -18.473177 
-8.119705 -78.178053 -18.392298 
-7.738235 -77.442366 -18.951983 
-8.139422 -77.700860 -19.830749 
-7.423807 -78.275835 -19.434139 
-6.453698 -78.518299 -19.424148 
-6.189622 -79.474612 -19.549567 
-5.540265 -80.043911 -19.045350 
-5.173650 -79.228651 -18.597081 
-4.398803 -79.091887 -17.979904 
-3.899023 -79.302479 -17.139743 
-2.917522 -79.456285 -17.253755 
-2.628132 -79.849846 -16.381193 
-3.404461 -80.256343 -15.899454 
-2.936834 -80.963961 -16.429172 
-2.498048 -80.999189 -15.531271 
-2.726567 -81.425335 -14.655955 
-1.811776 -81.768520 -14.868981 
-1.534266 -82.440485 -15.555604 
-1.842653 -82.725339 -16.463214 
-1.240979 -82.154821 -17.022230 
-0.582615 -82.204933 -16.271200 
-0.051184 -82.974379 -16.625507 
-40.374811 -34.400783 -7.898080 
-39.835684 -33.783998 -8.471593 
-40.457542 -33.121218 -8.054439 
-40.245990 -32.730839 -7.158420 
-39.595254 -32.014420 -7.409988 
-40.472639 -31.535020 -7.390718 
-41.156606 -31.006322 -6.888057 
-40.581483 -30.194173 -6.986274 
-40.193101 -29.392797 -7.441199 
-40.786954 -30.001243 -7.967633 
-39.979488 -29.729568 -8.491265 
-40.328177 -30.336913 -9.205092 
-39.707189 -30.792289 -8.567121 
-39.674890 -31.505348 -9.267481 
-38.680965 -31.614943 -9.257434 
-38.344013 -30.722209 -8.958286 
-38.294059 -30.165665 -9.787601 
-38.133275 -30.297522 -10.765743 
-39.124874 -30.247845 -10.885170 
-39.363123 -30.430032 -11.839133 
-38.989910 -31.351581 -11.946181 
-38.795987 -32.004372 -12.678477 
-39.615054 -31.995907 -13.252113 
-38.800464 -32.460377 -13.599546 
-37.925718 -32.942741 -13.553227 
-37.633384 -33.294341 -12.663891 
-36.982256 -33.728178 -12.041141 
-36.215427 -33.206588 -12.415196 
-35.625293 -32.598434 -11.884262 
-35.587449 -32.152826 -10.989834 
-35.734549 -31.163712 -10.985818 
-36.284073 -31.729772 -11.600309 
-36.487591 -32.665454 -11.312074 
-37.455005 -32.900434 -11.217767 
-37.533353 -31.936448 -11.471917 
-37.615838 -30.977153 -11.742009 
-38.076098 -30.089510 -11.757800 
-38.181257 -29.143686 -11.450622 
-38.524163 -28.259660 -11.132952 
-38.282327 -28.693549 -10.265049 
-39.072282 -28.751658 -9.654644 
-39.709922 -28.111991 -10.083877 
-40.618212 -28.169262 -10.498280 
-41.068778 -29.060799 -10.544676 
-41.724745 -28.497685 -10.042074 
-42.172747 -29.135173 -10.668893 
-41.830525 -29.635852 -11.464006 
-42.071234 -30.603377 -11.541172 
-42.805532 -30.006131 -11.863822 
-42.571965 -29.470985 -12.675650 
-43.545372 -29.300295 -12.522868 
-44.293512 -29.608512 -11.935255 
-44.962426 -30.251280 -12.308624 
-44.736476 -29.891819 -13.214016 
-44.966439 -30.863230 -13.272996 
-45.868309 -31.223421 -13.034472 
-46.342109 -31.976394 -13.491138 
-47.182315 -31.437025 -13.547132 
-47.777553 -31.699458 -12.787644 
-47.283762 -32.568102 -12.747291 
-46.878045 -33.387526 -13.152185 
-47.801358 -33.192397 -13.482969 
-47.958787 -33.403239 -14.447729 
-47.268330 -32.687495 -14.342940 
-46.385034 -32.897513 -14.762083 
-45.649941 -32.917107 -15.439766 
-46.029884 -31.995125 -15.514543 
-46.365987 -31.453541 -16.285077 
-47.204370 -31.086735 -16.688274 
-47.634388 -30.288324 -16.266818 
-48.030225 -30.316583 -15.348932 
-48.161606 -31.305244 -15.421646 
-48.397622 -31.961630 -14.705088 
-48.917517 -31.462836 -14.011609 
-48.894288 -30.682808 -13.386295 
-49.800374 -30.344590 -13.132096 
-50.308555 -29.519127 -12.886405 
-49.479518 -29.650515 -12.342865 
55.154589 -40.715083 32.580020 
54.297028 -41.168218 32.823452 
54.364987 -41.597007 33.724297 
53.745125 -42.197488 33.219129 
54.059555 -43.042116 32.785844 
54.952727 -43.055180 32.336320 
55.622719 -42.641971 32.953061 
56.128350 -41.794686 33.115683 
56.188347 -41.390879 32.202808 
56.227748 -40.561596 31.645371 
55.627592 -39.812568 31.926031 
55.512351 -39.473973 32.859879 
54.783905 -39.024508 33.376937 
54.135167 -38.274399 33.505286 
53.193163 -37.995446 33.318698 
52.721328 -38.485334 34.051760 
51.869500 -38.831378 34.445007 
51.390412 -37.953769 34.461655 
50.398033 -38.009482 34.571562 
50.744174 -38.875509 34.210752 
50.603490 -39.458942 33.410868 
50.486506 -39.003592 32.528274 
49.964429 -38.520472 33.231146 
49.296146 -39.176565 33.581774 
49.168197 -39.315958 32.599837 
49.480564 -40.228129 32.334562 
49.660537 -41.210621 32.382723 
49.347981 -40.788733 33.233793 
48.723858 -41.482664 32.874724 
47.833200 -41.306893 33.294048 
47.928594 -40.409816 33.725502 
47.272338 -39.874105 34.256861 
47.380714 -40.566484 34.970210 
48.254581 -40.979161 34.713200 
48.819464 -41.768248 34.471850 
48.742425 -42.764496 34.511282 
48.381479 -43.405233 33.833658 
48.046087 -44.256483 33.430067 
48.334512 -45.108173 32.992533 
47.853420 -45.100090 32.115901 
48.112905 -44.698660 31.237538 
48.281480 -43.997863 31.930694 
47.867111 -43.369054 31.272745 
48.458022 -43.930580 30.693510 
49.240692 -43.315203 30.600031 
48.870248 -42.386983 30.565695 
49.735955 -42.473569 31.058700 
50.416812 -42.738715 31.741439 
51.170010 -43.382511 31.606462 
51.582277 -44.270569 31.403017 
52.052847 -45.055922 31.805240 
52.634462 -44.355361 31.391793 
53.026129 -44.209652 30.483296 
53.851437 -43.694795 30.251375 
54.440295 -42.887796 30.206655 
55.062775 -42.107284 30.149031 
54.965856 -42.188210 31.141028 
54.989887 -41.609073 31.955904 
54.435833 -40.937793 31.463556 
53.692603 -41.348645 30.935532 
53.882062 -41.290312 29.955378 
54.010122 -41.683116 29.044716 
53.944286 -41.212820 28.164666 
54.699965 -40.935525 27.571323 
55.193556 -40.523173 28.337047 
54.987363 -39.577664 28.085061 
55.453778 -39.996329 27.305846 
56.035835 -39.447568 27.905905 
56.319746 -39.867037 28.768135 
56.137671 -39.294688 29.567675 
55.164506 -39.338199 29.341717 
55.437992 -38.389001 29.497373 
54.726708 -38.429012 30.199139 
54.426395 -37.479636 30.106961 
53.816435 -38.015341 29.523036 
53.062238 -38.528296 29.932993 
52.764705 -37.945746 29.176613 
51.870970 -38.099610 28.755230 
52.067660 -39.048234 28.507389 
51.420019 -39.721942 28.863308 
51.538960 -39.659492 27.872372 
50.844051 -40.334258 27.623791 
15.577589 -15.873283 -14.078680 
15.887652 -15.438797 -14.924305 
16.369885 -14.566929 -14.838878 
15.516282 -14.046103 -14.828801 
15.724789 -13.580432 -13.968757 
15.186673 -13.069273 -13.298573 
14.382268 -13.662592 -13.328638 
13.590053 -14.044965 -12.853046 
13.444312 -13.670418 -13.768728 
13.973028 -14.016421 -14.543804 
13.075064 -14.216395 -14.935813 
13.361696 -13.274172 -15.109184 
12.432283 -13.426029 -15.445533 
11.862476 -12.681939 -15.096748 
11.867346 -13.012109 -14.152839 
11.392139 -13.005001 -13.272994 
11.255949 -12.014566 -13.295131 
10.275817 -12.184342 -13.192579 
10.338339 -12.332835 -14.179514 
9.556926 -12.911565 -14.412894 
8.584602 -12.710941 -14.293165 
7.952367 -12.710095 -13.518388 
8.789913 -12.770027 -12.975317 
8.958547 -12.514747 -12.023270 
8.513720 -13.330918 -11.654497 
8.037121 -14.156532 -11.956518 
8.944765 -14.202507 -12.373733 
9.897727 -14.441188 -12.186930 
10.675540 -13.817620 -12.265473 
10.417261 -14.359170 -13.065483 
10.371993 -13.864358 -13.933303 
9.628169 -14.422250 -14.301382 
8.894576 -13.754996 -14.430275 
9.152221 -14.036272 -13.505882 
8.579720 -14.776363 -13.153026 
9.040970 -15.595872 -12.812949 
9.359285 -16.144135 -12.039590 
8.721329 -15.667345 -11.434872 
8.378458 -14.987462 -10.786645 
8.598588 -14.615998 -9.884671 
9.573737 -14.410379 -9.967161 
10.232429 -13.661503 -10.040034 
10.791974 -12.843028 -9.909622 
10.543216 -13.047493 -10.856361 
9.688112 -12.532040 -10.800629 
10.007819 -11.606865 -11.005170 
10.014942 -12.035480 -11.908629 
9.747628 -11.273536 -12.498530 
9.537490 -10.909729 -11.591069 
8.698753 -11.221261 -12.037687 
7.979425 -10.562287 -12.257506 
8.723060 -10.101169 -11.773381 
8.717616 -9.368463 -11.092858 
7.997927 -9.172716 -11.758990 
8.733464 -8.811635 -12.332231 
8.718448 -8.029079 -11.709833 
7.782970 -8.148956 -12.042263 
7.367649 -7.575305 -11.336265 
7.765998 -6.743594 -10.949516 
6.927036 -7.118976 -10.555522 
6.415757 -6.879970 -11.381034 
6.808771 -7.038360 -12.286823 
6.319645 -6.166189 -12.278273 
7.312450 -6.125203 -12.390781 
7.296333 -5.224572 -12.825066 
7.705518 -4.656358 -12.111132 
8.514356 -5.212963 -12.300796 
8.606747 -5.770475 -11.475785 
8.780635 -6.717584 -11.745500 
9.017252 -7.051198 -12.658032 
9.517235 -7.448421 -11.888467 
10.452346 -7.680074 -11.620316 
11.376401 -8.060312 -11.659569 
11.157372 -8.414162 -12.568864 
10.958924 -8.466211 -13.547592 
11.747978 -7.989483 -13.935049 
11.972009 -8.945220 -13.744323 
39.175589 48.512717 0.862120 
38.389696 49.098099 1.061370 
37.610551 49.514180 0.592531 
37.875792 50.172652 -0.111785 
38.518609 49.430782 0.079043 
39.325962 50.020810 0.085967 
38.828202 50.595576 0.735489 
39.070310 51.560095 0.840784 
38.424936 52.192732 0.412694 
39.348535 52.330851 0.055081 
39.155888 53.288382 0.269610 
38.702485 53.004580 1.114525 
38.136786 52.516795 1.779394 
37.674810 51.630614 1.743865 
36.784060 51.366201 1.374203 
37.022601 50.645886 2.025544 
36.205812 50.680995 2.601411 
36.121722 50.385634 1.649733 
35.810131 49.475687 1.376041 
35.049999 49.127995 0.827124 
35.978625 48.830658 0.605211 
36.562978 48.407386 1.297578 
36.001043 48.187114 2.094891 
36.059270 47.909975 3.053955 
36.360322 47.701509 3.984498 
36.292139 46.727590 3.768089 
37.209910 47.104461 3.642936 
37.479212 46.614496 2.813833 
38.301510 46.046010 2.839328 
38.803829 46.825924 3.212705 
39.632938 47.031001 3.732821 
39.479302 46.047820 3.634068 
39.817678 45.726358 4.518469 
40.773539 46.002256 4.619514 
40.489161 45.622512 5.499812 
39.506669 45.789387 5.582658 
39.328936 46.566836 6.185969 
38.893325 46.028684 6.907519 
37.977396 46.218142 7.261327 
38.278718 47.122934 6.960400 
37.310195 47.327826 7.101765 
37.674069 47.237321 8.028806 
38.620455 47.514856 8.194118 
39.033131 48.423339 8.260126 
39.257716 48.086345 7.345797 
39.499216 47.763757 6.430584 
38.846640 48.429520 6.068778 
38.663703 49.309620 5.630648 
37.978182 50.037634 5.638134 
38.280975 50.753762 6.267005 
38.052185 51.079561 7.184343 
37.542943 50.294075 7.536030 
37.790438 50.182055 8.498421 
37.808240 50.031720 9.486896 
36.837255 50.174416 9.678799 
36.149889 50.791922 9.296420 
36.134287 50.727115 10.294196 
35.473477 51.454606 10.109568 
35.346904 52.250162 9.517057 
35.691946 53.046689 10.013537 
36.463619 52.797258 9.428469 
36.055437 52.387142 8.612875 
36.049447 52.614294 7.639034 
35.995265 53.583175 7.397512 
36.330127 53.953369 6.531012 
37.184246 54.327048 6.169287 
37.871127 53.989008 6.812656 
37.648044 53.065509 7.124721 
38.026421 53.317507 8.015411 
38.788198 52.693178 8.188352 
38.954462 53.370257 8.905234 
38.841762 52.758396 9.688128 
38.112753 52.146040 9.382242 
38.496730 51.561499 10.096996 
39.184034 51.817635 10.776708 
40.086544 52.129606 10.479807 
43.295589 8.991517 -7.719480 
43.206819 9.978373 -7.854517 
42.262712 9.730866 -8.072237 
41.756070 9.128755 -8.689308 
40.930898 9.638460 -8.932808 
40.232671 9.015342 -8.580383 
40.123003 9.005962 -7.586459 
39.713269 9.872303 -7.872066 
38.936021 9.664537 -8.465967 
38.327891 8.905184 -8.697398 
37.418458 9.174023 -8.380131 
36.894540 9.814031 -7.818081 
37.544388 9.700570 -7.066533 
37.559736 9.609179 -6.070836 
38.163354 8.855598 -6.331145 
38.090635 8.094383 -6.975554 
38.507341 7.302933 -7.422727 
39.009339 8.063606 -7.834276 
38.791774 8.867346 -7.280500 
39.469881 9.520832 -6.944156 
39.456127 9.292019 -5.970783 
39.934027 8.431886 -5.792505 
39.441199 8.196544 -4.954809 
39.341960 8.111883 -3.963353 
39.142489 9.060143 -4.210364 
38.372465 9.641302 -3.947081 
37.486302 9.727999 -4.402272 
37.005139 9.277411 -3.650307 
37.282303 8.319608 -3.574194 
36.317933 8.379681 -3.316550 
35.458346 8.574645 -3.788884 
35.003988 8.319927 -4.642510 
35.440599 9.056630 -5.158883 
35.701768 9.685882 -5.890888 
35.126880 10.477220 -5.682828 
35.698370 11.229604 -6.010419 
36.230896 12.046324 -5.788188 
35.507854 12.611315 -5.390702 
35.494008 12.303996 -4.439197 
34.788795 12.879606 -4.025255 
35.074355 12.092682 -3.478257 
34.764528 12.220250 -2.536061 
33.781941 12.108523 -2.684517 
33.404054 11.267028 -3.070636 
32.776317 11.674698 -3.733773 
32.473358 11.729692 -2.782357 
32.946995 11.171358 -2.101233 
32.509832 11.215127 -1.202916 
32.854322 12.112274 -1.479418 
31.896205 11.939104 -1.707504 
31.129082 11.546144 -2.214559 
31.009491 11.435514 -3.201199 
30.345414 12.156825 -3.004446 
30.753640 12.605442 -3.799489 
31.643489 12.916317 -4.133442 
32.442065 12.971056 -3.534042 
31.731363 13.671360 -3.467134 
31.928130 13.129521 -2.650009 
31.660308 13.530915 -1.774136 
31.722053 14.313595 -1.154781 
30.925115 14.430053 -0.562052 
30.487515 14.286574 0.325597 
30.099340 14.634965 1.178793 
30.329113 14.519656 2.145182 
31.274756 14.528857 1.820107 
31.961190 14.436363 2.541393 
32.731070 14.045659 3.046007 
32.950097 13.399503 3.777108 
33.793380 13.706136 3.335692 
33.514307 14.629691 3.598685 
33.854281 15.457088 3.151661 
34.072307 15.404861 2.177117 
34.652696 16.121298 2.564243 
35.059430 16.910067 2.103361 
35.075043 17.862655 2.407223 
34.336367 17.862504 3.081285 
-9.860011 -54.694083 45.028320 
-9.336226 -54.383676 45.821602 
-9.542035 -53.995316 46.719834 
-10.339414 -53.459202 46.996907 
-11.103815 -53.540523 47.636499 
-11.947391 -53.445419 48.165019 
-12.932295 -53.435120 48.337816 
-12.494960 -52.608749 48.692567 
-12.544095 -53.141958 49.537122 
-11.879571 -53.837304 49.810803 
-11.216570 -54.438840 49.365174 
-11.225937 -55.250186 49.949665 
-12.122969 -55.582756 49.658579 
-12.662320 -56.229391 49.119170 
-12.259224 -57.134350 48.982927 
-13.208213 -56.966822 48.715806 
-13.149594 -57.063573 47.722225 
-12.181545 -57.268764 47.866368 
-12.713644 -57.872352 48.460129 
-12.522047 -58.829749 48.244070 
-11.789571 -59.468231 48.480332 
-11.160765 -59.042131 49.130748 
-11.594753 -58.385437 48.513976 
-11.667421 -58.877949 47.646709 
-10.863881 -59.222175 48.132335 
-10.087863 -58.592104 48.160719 
-9.183520 -59.009555 48.249596 
-9.497684 -59.612987 48.982515 
-9.100391 -59.389360 49.872542 
-8.125769 -59.319551 49.659849 
-7.610577 -58.724210 50.276410 
-7.430533 -58.313754 51.170339 
-8.358570 -58.660631 51.306070 
-9.082658 -58.515854 50.631728 
-8.920761 -57.765244 49.991124 
-8.963395 -57.029944 50.667524 
-9.826618 -57.265387 51.114082 
-10.026671 -56.304866 51.307419 
-9.318037 -56.633059 51.932021 
-8.435430 -57.021461 52.196876 
-8.619764 -56.128023 52.606497 
-8.329312 -55.732428 51.735209 
-7.333951 -55.729148 51.831363 
-7.349047 -55.311241 50.922999 
-6.579006 -55.459767 50.302534 
-6.120078 -55.817701 49.489349 
-6.301437 -55.054299 48.869409 
-7.185900 -55.357745 48.514944 
-6.373595 -55.800911 48.135780 
-6.271016 -56.723698 48.507184 
-6.585346 -56.935736 47.581853 
-6.384009 -56.174967 46.964850 
-5.443430 -56.028805 47.271359 
-4.959416 -55.704393 46.458655 
-5.935106 -55.532294 46.322967 
-6.724373 -54.998440 46.626375 
-7.578301 -54.651251 47.014019 
-7.683633 -54.171966 47.885334 
-7.994260 -53.431846 48.481768 
-7.626689 -52.571267 48.129211 
-7.317915 -51.770001 47.616737 
-7.462700 -51.214967 48.435868 
-7.417496 -50.216594 48.470611 
-6.507605 -50.033209 48.842723 
-5.525954 -49.972825 48.661847 
-5.078680 -49.814155 49.542057 
-5.607914 -50.320251 50.223070 
-5.796301 -49.370492 50.473006 
-4.818841 -49.564049 50.557312 
-4.408134 -48.912334 51.194954 
-3.795100 -49.568015 50.754191 
-3.986687 -49.660978 49.777128 
-3.649088 -48.737707 49.593829 
-3.359355 -47.916551 50.085516 
-2.879756 -47.407295 50.800109 
-3.011533 -48.150067 51.456557 
-2.125963 -47.685909 51.474525 
-2.465240 -46.841230 51.888540 
-1.623044 -46.348842 51.668859 
5.338989 66.385817 35.871120 
5.979485 66.711495 36.566605 
5.942730 65.966264 37.232398 
5.465217 65.201606 36.799640 
4.729176 65.387058 36.148602 
5.385377 64.782291 35.697318 
4.813859 64.291940 35.039350 
5.363173 64.434659 34.216012 
6.025376 65.175065 34.100755 
5.452646 65.453858 33.329876 
5.736150 64.619553 32.857054 
6.276225 63.984961 32.304232 
6.045844 64.607731 31.556514 
6.424787 65.316140 30.961065 
6.535574 66.295609 30.792646 
7.505730 66.536973 30.815944 
6.874362 67.307906 30.732055 
7.745116 67.797551 30.777177 
7.642386 68.647779 30.260884 
7.318799 68.096636 29.491772 
7.715286 67.985181 28.580523 
8.273688 67.169040 28.729188 
7.373880 66.863497 29.040619 
7.168185 66.345730 28.210193 
6.358907 66.065308 27.694021 
5.979586 66.931126 27.367715 
5.503862 67.626395 26.828931 
5.830511 68.570215 26.878959 
5.258996 69.236284 27.358253 
4.836941 70.052170 26.963033 
4.247842 69.346988 27.357596 
3.405620 69.190587 26.841649 
3.125126 69.183798 25.881817 
2.609912 68.964688 25.053237 
2.490332 68.127989 25.587686 
2.893040 67.275459 25.920881 
2.862417 66.976166 26.874550 
3.715278 66.472666 26.736292 
3.970880 65.831029 27.459459 
3.006154 65.864354 27.720597 
2.367316 65.353182 28.295566 
2.942347 64.741623 27.752119 
3.229074 64.083809 28.448588 
4.007791 63.643964 28.001222 
3.952194 62.964055 27.270036 
4.020795 62.237161 27.953350 
3.439999 61.625321 27.416389 
2.473447 61.881786 27.414877 
2.584815 61.206323 26.685942 
2.477240 60.254823 26.974170 
1.484872 60.302569 26.860477 
0.505650 60.481724 26.955483 
-0.226764 60.618466 26.288496 
-0.890337 60.007772 26.720610 
-0.435594 59.790648 27.584361 
-0.301494 58.890333 27.998427 
0.497508 58.324415 27.795122 
0.951357 59.141356 28.150973 
1.886849 58.840038 28.335532 
1.645112 58.681245 27.378271 
1.430677 57.709056 27.284113 
2.045349 56.922722 27.346218 
2.791316 56.568254 27.910032 
2.490410 57.370875 28.425061 
1.574042 57.764417 28.351621 
1.444130 56.774017 28.304381 
10.985589 42.082917 -28.909980 
11.624841 42.295236 -29.649085 
11.545007 42.440800 -30.635208 
11.286878 43.164784 -31.274907 
12.118878 43.494025 -30.828390 
12.100451 44.174206 -31.561203 
11.740547 43.488412 -32.193782 
11.544481 42.898040 -32.976737 
12.189465 42.537839 -32.302756 
12.750394 42.333054 -33.104892 
12.945651 41.812911 -33.936352 
12.360660 42.409522 -34.485753 
12.696758 41.582814 -34.936965 
13.099483 40.898691 -35.545067 
13.720366 41.029060 -36.318053 
13.328958 41.452220 -37.135203 
12.776416 41.847055 -36.401171 
12.094712 41.220392 -36.023582 
11.747986 42.000825 -35.503289 
12.128268 42.912141 -35.661049 
12.517076 43.672123 -35.140227 
12.541136 44.563410 -34.687424 
11.965531 45.040268 -34.023131 
11.960607 45.280153 -33.052342 
11.934568 44.292416 -32.898399 
10.976178 44.568948 -32.969245 
10.869036 44.083600 -32.101513 
10.563025 44.724526 -31.397545 
11.078941 45.156746 -32.137151 
10.104960 45.364915 -32.226740 
9.387774 44.677048 -32.338472 
8.582822 44.813913 -32.915811 
8.887440 45.461448 -33.614314 
9.161803 46.290343 -34.101816 
8.961627 45.480032 -34.652565 
9.297219 44.718543 -35.207103 
9.316654 44.483407 -36.178871 
8.970091 43.776306 -36.795233 
8.113696 44.034149 -36.347902 
7.789985 44.702035 -37.018082 
7.141945 45.451247 -37.154926 
6.737327 44.861392 -37.853750 
7.460651 44.604335 -38.494628 
8.276173 45.146740 -38.696420 
8.372565 45.281461 -39.682604 
8.349530 45.093685 -40.664546 
7.853046 44.251231 -40.455322 
7.629676 44.217410 -39.481175 
7.714980 43.591016 -38.706350 
7.272208 42.794553 -39.118175 
7.125054 42.036022 -38.483370 
7.396458 41.296032 -37.867941 
7.211479 40.588393 -38.549872 
7.440548 40.005835 -39.329713 
8.012623 40.537049 -39.954646 
8.273500 39.575031 -39.874248 
7.737728 39.001673 -40.494094 
7.301989 38.192772 -40.099364 
7.996883 38.267110 -39.384105 
8.944159 38.327739 -39.069473 
8.261359 38.803329 -38.514858 
8.862700 38.959795 -37.731336 
-14.681111 23.844517 -36.712580 
-14.826332 24.286778 -37.597631 
-14.802101 23.711123 -38.414965 
-15.145093 22.778003 -38.307062 
-15.024566 22.679559 -37.319246 
-15.116870 21.819961 -37.821810 
-15.441884 21.267427 -37.054300 
-15.668067 21.360771 -36.084697 
-15.076279 20.601980 -36.356769 
-14.115487 20.592320 -36.079665 
-13.461323 20.265502 -36.761763 
-13.287126 19.731482 -37.589095 
-14.153345 20.230305 -37.618075 
-13.303692 20.694016 -37.869197 
-13.347794 21.549849 -37.353830 
-12.617983 22.110089 -36.962028 
-11.947996 22.571421 -37.543655 
-12.615728 23.299372 -37.388022 
-12.095575 23.721846 -36.645758 
-13.079724 23.899079 -36.639566 
-13.123360 24.187896 -35.683176 
-12.395754 23.511410 -35.569350 
-12.633934 22.639608 -35.141294 
-12.137095 22.200509 -34.392733 
-11.537338 21.401447 -34.350402 
-10.892784 21.745729 -35.033059 
-9.984917 21.758086 -35.452135 
-8.990288 21.786151 -35.551770 
-8.530808 22.569061 -35.132329 
-8.975665 23.097274 -34.409077 
-8.920603 23.735808 -33.641456 
-7.971525 23.788352 -33.952085 
-7.199476 24.013808 -33.357854 
-6.329778 23.521348 -33.324579 
-6.966214 22.750109 -33.312765 
-7.332607 21.832491 -33.158711 
-6.980114 21.560854 -34.054234 
-7.920534 21.644615 -34.383771 
-8.366003 21.007709 -35.012984 
-8.740438 20.515913 -34.226896 
-9.727303 20.677200 -34.236029 
-9.280615 21.542107 -34.464954 
-10.058661 21.741859 -33.869350 
-10.606933 22.249882 -33.205038 
-9.878340 22.267246 -32.520311 
-8.888264 22.333633 -32.396450 
-9.191001 22.978962 -31.695093 
-8.739280 23.848783 -31.496701 
-7.746459 23.747063 -31.559624 
-7.863905 24.670832 -31.195127 
-7.909266 25.361002 -30.472903 
-8.094091 25.929558 -31.274517 
-8.662500 25.274838 -31.772767 
-9.442508 25.359932 -31.152809 
-10.186102 25.396277 -30.485166 
-11.021365 25.353037 -31.033314 
-11.658566 24.740901 -31.501571 
-10.797161 24.928719 -31.973489 
-10.889883 24.081815 -32.497088 
-10.661806 23.291955 -33.066388 
15.307589 7.980417 49.900620 
14.332818 7.764872 49.842635 
15.006735 7.048759 49.660930 
15.565266 7.031859 50.490242 
14.618708 7.277116 50.699708 
14.636427 6.408546 51.194957 
14.177571 5.521282 51.242005 
13.456261 5.816454 51.868571 
13.649251 4.895472 52.207020 
13.002537 4.861097 51.445062 
12.262897 5.534100 51.444594 
11.514150 5.487582 52.105816 
11.310060 4.838036 52.838234 
10.749666 4.494491 52.084620 
10.695628 4.898816 51.171602 
10.037984 5.396812 51.736850 
9.186917 5.110624 51.296643 
9.512190 4.178213 51.454145 
9.064978 3.304925 51.260830 
8.424938 2.710021 51.747078 
7.530354 2.263130 51.744284 
7.087515 2.766628 51.002405 
7.074867 3.659851 50.552970 
6.245576 3.129147 50.377956 
5.950181 2.780364 49.488523 
6.824480 2.411081 49.803533 
7.465333 1.790643 49.351466 
7.572903 2.453339 48.610343 
7.835362 3.056945 49.363187 
8.271178 2.523750 50.088285 
9.029482 1.876713 50.167764 
9.315826 1.685268 51.106570 
8.895943 0.931282 51.611747 
9.014800 1.755391 52.165567 
9.945305 1.494926 51.908047 
10.766442 1.190263 52.390659 
11.438267 1.809764 51.984619 
12.427784 1.799469 52.128668 
12.525569 2.778841 51.951838 
12.721178 3.259560 51.097059 
11.816619 2.997064 50.761097 
11.321733 3.755677 51.184883 
10.853198 2.993624 51.631817 
11.050333 3.158326 52.598259 
11.476483 3.080331 53.499543 
11.574246 4.067137 53.628599 
11.435440 4.895586 54.171191 
10.716360 5.573560 54.323751 
9.945222 5.890802 54.875750 
9.299136 6.065422 55.618772 
9.536833 5.105686 55.768462 
9.734891 4.129278 55.854485 
10.151996 3.639021 55.089194 
10.714513 3.399778 55.880609 
11.109492 2.682638 56.454805 
10.542027 3.339674 56.951079 
9.737034 3.216649 56.370691 
50.447589 -36.158583 66.424620 
49.981516 -37.042507 66.386462 
49.332417 -37.392833 67.061697 
49.469907 -37.493937 68.047026 
48.637390 -37.906321 67.677087 
47.748774 -38.046125 67.240261 
46.910268 -38.495200 67.548869 
46.954739 -37.636916 68.060114 
46.003251 -37.465544 67.804572 
46.036157 -37.453756 66.805183 
46.952840 -37.622125 66.442770 
47.568857 -36.839655 66.533684 
47.998452 -36.047822 66.967789 
48.973442 -35.990434 66.753075 
49.156779 -36.188076 65.790097 
49.502759 -36.146979 64.852756 
50.229275 -35.460582 64.884894 
50.723016 -36.297104 65.122487 
50.606144 -37.275540 64.952182 
50.295374 -38.134755 64.545769 
50.355068 -38.962701 65.103391 
49.744339 -38.504800 65.749407 
48.860274 -38.955490 65.873131 
48.336711 -39.272283 66.664032 
47.757963 -39.771141 66.018903 
46.833343 -40.151628 66.036471 
47.019507 -39.801517 65.118448 
46.721659 -39.313127 64.298228 
46.503420 -38.589660 64.953184 
46.244712 -38.001778 65.719646 
46.345237 -37.418627 64.913525 
45.771954 -37.431919 64.094276 
45.316916 -37.234700 63.225918 
44.776024 -37.875007 63.771302 
44.108289 -38.539060 64.107700 
43.298676 -37.973587 63.950324 
43.883644 -37.267569 64.349513 
43.284295 -36.528890 64.657951 
42.360211 -36.729108 64.332402 
54.705589 17.522517 34.544720 
55.611366 17.280259 34.892397 
56.277368 17.986786 35.131688 
56.943627 18.053974 35.874376 
57.772487 17.496330 35.919367 
58.453888 17.076662 36.519010 
59.363015 17.291301 36.875966 
59.656245 17.558908 35.958141 
60.532991 17.753608 36.397923 
60.950016 18.243286 35.632217 
60.692977 18.924120 36.318072 
61.396651 19.577882 36.596350 
61.206077 20.304346 35.936098 
61.182739 20.020701 34.977453 
61.823212 20.522502 34.396085 
61.241227 21.199279 34.846936 
61.981510 21.670357 34.367283 
62.305214 22.061952 33.505964 
61.346525 22.326331 33.400993 
61.604264 21.369266 33.268339 
61.853196 20.439932 32.995626 
61.475454 20.670248 32.098817 
61.409674 21.628190 31.819496 
60.534383 22.043415 32.067394 
60.155223 21.805990 32.961747 
59.615918 21.024348 33.275092 
59.677639 20.859670 32.290678 
59.873497 19.899122 32.488130 
60.826780 19.844592 32.191013 
60.923777 18.868096 31.998540 
61.758387 18.425478 32.326438 
62.138882 17.549417 32.030231 
62.661066 17.004400 31.374273 
63.474919 16.805993 31.920421 
64.184419 16.321964 31.408245 
63.632586 15.751844 32.016886 
63.716624 15.417615 31.078148 
64.107971 14.799100 30.396762 
63.376859 15.112979 29.790993 
63.021999 14.780740 28.917099 
63.403012 15.687206 28.735034 
63.996643 16.248648 29.311563 
64.381992 16.606671 30.162048 
64.686498 17.523023 30.422000 
65.111591 18.378569 30.717530 
64.894858 19.308471 30.420362 
64.261762 20.046059 30.655209 
63.868771 20.705228 30.014074 
62.954356 21.107338 29.967673 
62.490269 20.881366 29.111192 
61.879464 20.845222 28.320237 
61.714722 19.920311 28.662872 
62.228168 19.493753 29.407466 
63.213499 19.375205 29.530227 
62.753402 18.606559 29.974631 
62.624432 17.791245 29.410159 
63.551383 17.870519 29.043448 
64.097318 18.382026 28.379885 
64.222038 18.514514 27.396578 
64.343888 18.302288 26.426984 
64.623984 18.975513 25.742649 
65.477066 18.460009 25.661990 
65.133125 17.521211 25.681064 
64.238968 17.207085 25.361991 
63.798802 16.540581 25.963678 
63.042038 17.165034 26.156981 
63.524201 17.545090 26.946333 
63.397258 16.931852 27.725965 
64.250437 16.461023 27.950475 
64.886049 17.014711 28.488460 
65.314625 16.953400 29.389883 
65.377500 17.915061 29.656818 
66.098553 18.173939 30.299520 
65.796826 17.221539 30.343057 
66.520576 16.705579 30.801283 
67.078012 16.222213 31.476281 
67.741992 15.571795 31.845181 
67.811219 15.817073 32.812159 
67.614082 14.846541 32.950741 
67.953148 14.090564 33.510681 
68.589528 14.785909 33.176742 
69.435685 14.413072 33.557545 
70.168467 15.009141 33.885770 
70.036313 15.789952 33.275139 
69.321762 16.169281 33.862955 
69.041661 16.579880 32.995227 
69.449105 16.777044 32.103535 
69.581794 15.843782 31.769746 
69.406730 14.986996 31.284699 
70.219656 14.497991 30.968431 
70.875355 15.249062 30.891288 
70.970413 15.384412 31.877516 
71.373556 14.470839 31.824026 
71.640017 13.750105 31.184072 
71.782641 12.831170 31.551790 
71.205384 12.110154 31.935078 
70.455326 11.961634 31.290597 
70.913658 12.806280 31.014004 
69.957350 12.677084 30.751739 
70.041350 13.625923 30.447357 
69.896392 14.492978 29.970699 
69.169210 14.874096 29.399775 
69.180407 15.147286 28.437880 
68.456226 15.820894 28.585575 
67.786570 16.298687 28.017004 
68.193182 15.788090 27.259405 
67.769632 15.055780 26.726181 
