Snapshot 0 0.000000
-0.947542 -0.957326 1.663472 
-0.086433 -1.110313 1.178615 
-0.711683 -1.357778 0.438464 
-1.460156 -1.883436 0.034147 
-0.839105 -2.154021 -0.701434 
-0.872734 -1.384088 -1.338671 
-0.836617 -0.709050 -2.075570 
-0.334087 0.155108 -2.101922 
0.557818 -0.233150 -1.870055 
0.416167 0.540091 -1.251967 
1.388210 0.434569 -1.042212 
1.350478 0.068581 -0.112358 
2.038655 0.791007 -0.045173 
1.726668 1.004438 0.880630 
0.761014 1.012418 0.620924 
0.227098 0.358305 1.156714 
-0.291710 0.891845 0.488751 
-0.925602 1.622093 0.743543 
-0.731754 1.931782 1.674411 
-0.428685 0.978927 1.659691 
Snapshot 10000 475.315832
0.608529 -0.525473 0.551316 
-1.406477 0.520395 0.375558 
0.052180 0.143423 0.626418 
-0.301136 -1.003379 0.364586 
0.352887 -2.188809 0.576377 
1.465695 -1.278861 0.578905 
0.429461 -1.280691 1.580479 
-2.028699 -0.695808 0.737339 
-0.814851 -1.025005 1.090209 
-0.909663 1.392737 -0.340045 
-0.522371 -0.033945 0.031232 
0.943888 0.202878 -0.882959 
-0.124788 0.283319 -0.805081 
-1.120626 0.836920 1.257362 
1.649279 0.452734 0.196780 
0.872333 -0.808384 -0.570030 
0.291021 -1.305606 -0.178291 
0.304230 1.237492 0.450416 
-1.061125 2.164702 0.333524 
0.329886 1.370043 -0.389865 
