Snapshot 0 0.000000
1.479088 0.416071 -2.817720 
1.153247 -0.397570 -2.336246 
0.611577 -0.691297 -1.548643 
1.471018 -0.401988 -1.127143 
1.714904 -0.582796 -0.174343 
0.743451 -0.440409 0.015404 
0.540087 0.276303 -0.651655 
-0.211210 0.282786 -1.311586 
0.484831 0.965906 -1.532661 
0.869445 1.376507 -0.705934 
-0.028748 1.242137 -0.287372 
-0.695745 1.442234 0.430317 
-1.514375 0.949970 0.134478 
-0.714383 0.351244 0.173732 
-0.891468 0.372005 1.157708 
-0.901740 0.171416 2.137330 
-0.388059 -0.548316 2.604361 
-0.513079 -1.331526 1.995303 
-1.401787 -1.605244 2.363102 
-1.807053 -1.847434 1.481567 
Snapshot 10000 477.826072
0.654077 0.553813 -0.021058 
1.016963 -1.872097 0.591633 
0.430214 -0.654290 0.991025 
1.639430 -0.498805 -0.060643 
1.876804 0.802902 -0.215181 
0.883884 1.170243 0.159007 
1.512901 0.468808 1.502700 
2.380231 -1.886347 0.527033 
1.890014 -0.546885 0.767295 
0.118149 -2.370700 0.437781 
0.855835 -1.158978 -0.078317 
-0.815720 -0.127542 -0.207122 
0.172035 -0.958986 -0.507667 
1.166927 -1.821208 1.477431 
-0.768528 0.544838 0.480139 
0.235143 0.277299 -0.582498 
0.674042 0.186236 0.737524 
-0.498303 -1.253963 1.093091 
-0.457290 -2.293994 1.554671 
-0.882169 -1.201658 0.181748 
