Snapshot 0 0.000000
2.388694 -3.543238 -2.431835 
2.121732 -3.115202 -1.568402 
1.424971 -3.103132 -2.285603 
1.019604 -2.610835 -1.515329 
0.236853 -2.013765 -1.690850 
0.129631 -1.037846 -1.880809 
0.722008 -0.242334 -1.753331 
0.185357 0.349674 -1.152055 
-0.632609 0.219165 -0.591787 
-0.046331 0.988757 -0.338788 
0.811504 0.652828 0.050147 
0.299519 -0.204571 0.102472 
-0.118197 0.454975 0.727382 
-0.378537 0.490611 1.692241 
-0.608237 1.408413 1.368395 
-1.324283 1.252921 2.048909 
-1.965713 1.859267 1.578896 
-1.109379 2.312316 1.826765 
-1.583100 2.974028 2.407907 
-1.573486 2.907967 3.405676 
Snapshot 10000 474.065029
0.633633 -0.608152 -0.339806 
2.664491 -0.235573 -1.167416 
1.231916 -0.307976 -1.376303 
1.443383 -1.192844 -0.286836 
0.580143 -2.033819 -0.372213 
-0.371403 -1.176475 -1.015631 
0.598889 -1.831898 -1.570314 
3.241931 -1.006315 -0.486922 
1.997204 -1.571843 -0.962386 
2.476365 1.067353 -1.126682 
1.965818 -0.183715 -0.309217 
0.188885 0.863473 -0.889652 
1.356612 0.576399 -0.464451 
2.755724 -0.497685 -1.860408 
-0.107629 0.460818 -1.357477 
0.193952 -0.248933 0.124826 
0.551271 -0.792083 -1.303630 
1.383022 0.525641 -2.050630 
2.433098 0.876984 -2.416350 
1.382601 1.247460 -1.243502 
