Snapshot 0 0.000000
-0.313935 -3.422135 -3.714488 
-0.568724 -2.593268 -3.216431 
-0.044556 -2.123688 -2.505979 
-0.578463 -1.388279 -2.088705 
-0.014974 -1.194974 -1.285515 
0.471945 -0.564181 -1.889676 
0.933274 0.297913 -2.099366 
0.405802 0.815943 -1.426002 
-0.138355 1.118392 -0.643432 
-1.084337 1.129568 -0.319403 
-0.875732 1.120333 0.658554 
-0.942150 0.240586 0.187773 
-0.236498 0.236417 0.896319 
-0.203278 -0.510142 1.560809 
-0.407581 0.418225 1.871285 
0.381995 0.122215 2.408823 
0.841953 0.291030 3.280569 
0.990339 1.279923 3.272078 
0.542731 1.895776 2.623717 
0.840545 2.830345 2.429069 
Snapshot 10000 473.022895
0.637834 0.798868 -0.070419 
0.081790 2.387977 -1.923902 
0.548411 1.886930 -0.859394 
1.261739 1.153016 -1.542303 
1.192206 -0.263446 -0.644732 
0.182566 0.123935 -0.618386 
1.806165 0.689609 -1.170185 
0.075477 1.313268 -2.809328 
0.316130 0.869361 -1.758302 
-0.075265 3.183164 -1.514271 
-0.364401 1.594017 -1.062834 
-0.044259 1.892979 0.593559 
0.572825 2.403042 -0.269620 
-0.876294 1.869004 -2.060387 
-1.112750 1.083294 0.234462 
0.552888 0.897428 0.411932 
1.318050 1.381915 -0.419674 
-1.091080 2.583757 -0.647512 
-1.312208 3.225857 -1.376919 
-0.690706 2.740924 0.171419 
