2.213423 33.103765 -17.116135 
2.624494 33.497039 -17.938544 
3.462587 33.868402 -17.538933 
4.268065 34.245307 -17.996260 
5.200594 34.177016 -18.350839 
5.128893 33.475617 -17.641686 
5.282175 33.978174 -16.790838 
5.308970 33.679275 -15.836930 
4.844940 33.448028 -14.981827 
4.674550 32.608809 -14.465418 
3.942375 32.013221 -14.134973 
3.541733 31.150010 -13.827802 
2.556534 31.165124 -13.998548 
1.737174 30.777196 -13.576456 
1.223939 31.460259 -14.096085 
0.763397 31.244560 -13.235054 
1.337481 32.029533 -13.002150 
1.911139 31.790234 -12.218790 
1.109114 31.279959 -11.908347 
0.792235 30.463606 -12.391208 
0.009534 30.550243 -11.774870 
-0.296564 31.095575 -10.994538 
-0.250272 30.686982 -10.082996 
-0.353442 30.475322 -9.111114 
-1.224753 30.059370 -9.371499 
-1.622645 30.961724 -9.205852 
-2.114356 30.199698 -8.784502 
-3.073717 30.072468 -9.036372 
-3.947390 29.682768 -9.327628 
-3.224734 29.052434 -9.611259 
-2.460005 29.599935 -9.951014 
-2.892319 29.015642 -10.637823 
-2.064264 28.588714 -11.001220 
-1.155025 28.961144 -11.187178 
-1.431573 29.091721 -12.139265 
-1.347331 28.098819 -12.055311 
-0.506867 27.962223 -12.579679 
-0.132705 27.975058 -11.652405 
0.797290 28.171861 -11.341958 
1.015615 28.578905 -12.228890 
1.682480 29.211283 -12.623086 
2.358452 28.867994 -11.971001 
2.203356 27.910445 -11.728008 
1.690207 27.244737 -12.269774 
2.213141 27.217475 -13.121712 
2.715996 26.673425 -13.793386 
2.943764 26.509055 -12.833644 
2.514575 26.609634 -11.936047 
2.954009 25.927319 -11.351801 
1.981257 25.709439 -11.431057 
2.301884 24.910735 -11.940242 
2.281848 24.006968 -12.367797 
1.828331 23.218630 -12.783543 
1.760840 22.265296 -12.489265 
2.640873 22.707152 -12.315181 
2.877978 23.333743 -11.572777 
3.763613 23.012359 -11.237571 
3.740976 23.787812 -11.868571 
3.570305 24.099288 -12.803373 
3.317257 24.947120 -12.337382 
4.181757 24.879334 -11.839341 
3.735813 25.241897 -11.021000 
3.828571 25.039730 -10.046052 
3.757105 24.658988 -9.124136 
4.537218 25.134046 -8.717020 
3.843740 25.693483 -9.171023 
3.018645 26.064434 -9.597185 
2.918769 26.710967 -8.840865 
1.926853 26.629328 -8.938017 
1.659729 26.168656 -8.091598 
1.727695 26.216363 -7.095052 
1.301571 26.291247 -6.193492 
1.637847 25.562072 -5.597486 
1.311366 26.204910 -4.904544 
1.171542 26.655433 -4.022797 
1.954650 26.036473 -4.083043 
2.864626 26.440042 -4.178309 
2.303571 26.830962 -3.448653 
2.941022 27.597545 -3.371152 
3.258118 28.138838 -2.592403 
4.144841 28.041169 -2.140537 
5.133530 28.112370 -2.008529 
4.699457 27.229817 -1.827748 
4.136065 26.406869 -1.754641 
4.331173 25.612277 -2.329582 
3.776814 25.127034 -1.653398 
4.728112 24.887418 -1.459449 
4.762468 25.820519 -1.101480 
4.009618 25.459294 -0.551268 
3.891326 25.002236 0.330267 
4.258482 25.530247 1.096035 
4.871638 25.951311 1.764425 
4.525485 26.847826 1.487947 
4.292440 27.528096 0.793021 
4.554163 27.587325 -0.170303 
3.563327 27.485157 -0.258651 
3.579088 26.517339 -0.509811 
2.929388 25.796901 -0.752419 
2.345274 25.153094 -0.258129 
2.203324 24.390193 -0.888869 
2.418517 23.720771 -1.599901 
1.455151 23.579461 -1.371957 
9.260523 -50.387035 0.223745 
9.866755 -50.583479 -0.546900 
10.345919 -51.388118 -0.196247 
11.323204 -51.573350 -0.093274 
11.058123 -50.732992 0.379517 
10.689945 -49.813219 0.243640 
11.450754 -49.628040 -0.378355 
10.923483 -49.085252 -1.032088 
10.137352 -49.701750 -0.988181 
10.106559 -49.073430 -1.765527 
9.464036 -48.565310 -2.339093 
8.528749 -48.898678 -2.457855 
7.911471 -48.112659 -2.491629 
7.440651 -48.985003 -2.623331 
7.247183 -49.054621 -3.601964 
6.549012 -49.515871 -4.149510 
6.310672 -50.339746 -3.635289 
6.660292 -51.100938 -3.089073 
6.423110 -52.007393 -2.739668 
5.543282 -51.788797 -2.317626 
4.685515 -52.298159 -2.248449 
4.060548 -51.621595 -1.858992 
4.093280 -51.542450 -0.862667 
4.942268 -51.147741 -1.213985 
5.166989 -50.189344 -1.389982 
5.405150 -49.283056 -1.040810 
6.274067 -49.047132 -1.475922 
6.997344 -48.371946 -1.331023 
6.874351 -48.724246 -0.403253 
6.566296 -49.082451 0.478105 
6.194581 -49.691534 1.178708 
5.207949 -49.847089 1.130112 
5.024374 -50.489807 1.873896 
5.676140 -50.948768 2.477680 
5.085598 -51.495100 3.071634 
5.147063 -52.394291 3.504852 
5.435744 -53.044821 4.207329 
4.882354 -53.756898 3.775234 
5.759021 -53.815288 3.297694 
6.381217 -53.577018 4.043415 
6.062894 -54.458792 4.391473 
5.763791 -55.099485 3.684330 
5.321652 -55.979697 3.856782 
6.092990 -56.567169 4.101555 
6.776646 -55.917004 3.770042 
6.548422 -55.877540 4.742851 
7.438442 -56.236463 4.461711 
7.099304 -57.017064 4.986733 
7.931709 -57.564168 5.074936 
8.666483 -57.492827 4.400386 
8.438128 -57.880557 3.507347 
9.226199 -58.235567 3.004443 
9.838202 -57.451801 2.898784 
9.944518 -56.465929 2.769352 
9.384038 -55.981200 3.440843 
10.337587 -55.707798 3.567321 
9.927718 -55.476992 4.449781 
10.860188 -55.728129 4.709455 
11.295327 -55.281072 5.490988 
12.031893 -54.604866 5.505690 
11.853298 -54.158977 6.382780 
11.972477 -54.933784 7.003643 
11.049377 -54.549229 7.001681 
10.489558 -54.869398 7.765942 
11.178582 -55.590318 7.691638 
11.731179 -54.923184 8.191208 
12.597110 -54.511782 8.475657 
12.870965 -53.849626 7.778124 
12.263293 -53.095656 8.027650 
12.111145 -52.744795 7.103666 
11.194628 -53.138800 7.034707 
10.339953 -53.553635 6.722549 
10.033541 -52.816769 7.325160 
9.894116 -53.668284 7.830613 
8.938570 -53.645061 7.536687 
8.945660 -54.476317 8.092533 
8.956298 -54.784247 9.043883 
7.981572 -54.843023 9.259417 
7.507910 -53.973371 9.120311 
7.676581 -53.882306 10.101768 
8.376782 -53.959485 10.811530 
7.797703 -54.069300 11.619372 
7.253676 -54.674966 12.200064 
6.893662 -55.157794 12.998354 
6.012056 -54.701499 12.877660 
6.028809 -53.702733 12.924403 
6.494901 -53.002124 12.384119 
6.093766 -52.430790 11.668111 
5.753590 -53.283917 11.272569 
4.964862 -53.844067 11.019309 
4.577743 -54.265810 10.199387 
4.599402 -55.238021 10.432488 
4.949729 -56.150715 10.222104 
4.676339 -56.941701 10.769459 
5.486273 -57.528207 10.765346 
-0.414977 -4.581935 21.517545 
0.392648 -4.818427 20.977347 
0.648215 -4.134617 20.293908 
0.650563 -4.874182 19.620827 
1.070006 -4.753936 18.721045 
0.775640 -4.921875 17.780223 
-0.188524 -5.072635 17.561912 
-0.714454 -5.844821 17.205365 
-0.177009 -6.321244 17.901191 
0.813563 -6.211677 17.818952 
0.769527 -5.759813 18.709951 
0.554333 -6.158751 19.601321 
-0.412363 -6.389028 19.712995 
-0.013309 -7.201684 20.137668 
-0.929031 -7.493196 19.861129 
-1.083251 -7.082960 20.759973 
-0.440535 -7.670280 21.251880 
-0.160962 -8.192903 22.057302 
0.317279 -8.865295 21.492347 
1.218840 -8.538892 21.776334 
2.019573 -8.131760 21.336937 
2.974500 -8.175960 21.043405 
3.321740 -9.104266 21.176349 
3.820619 -9.223657 22.034758 
4.025440 -8.436085 22.615946 
4.260463 -8.137658 21.690902 
4.949369 -7.434117 21.865368 
5.930202 -7.274678 21.977378 
5.777414 -8.244305 21.786382 
6.391733 -8.736451 22.403151 
7.073339 -8.529746 21.701235 
7.196918 -9.501734 21.501320 
7.812683 -10.288181 21.549640 
7.718958 -10.143283 22.534637 
7.284361 -11.043900 22.538466 
8.079208 -11.639205 22.420863 
8.575504 -12.407923 22.017424 
9.536149 -12.665573 22.121238 
9.702381 -13.113855 22.999538 
8.951546 -13.774252 22.988466 
9.768610 -14.123796 22.529961 
10.086894 -14.870749 23.113703 
9.670126 -14.360433 23.865954 
10.310378 -13.824924 24.416687 
11.207941 -13.565053 24.060529 
11.521017 -13.016186 23.285462 
11.542791 -13.879751 22.781693 
11.050171 -14.749240 22.817920 
11.016392 -15.071378 21.871830 
11.253544 -14.864044 20.922740 
11.895214 -15.480032 20.465774 
12.321945 -15.918279 19.674673 
12.599569 -15.976086 18.715724 
13.165553 -16.447466 18.039363 
12.520577 -15.893218 17.513231 
12.881696 -15.363887 16.745506 
13.055043 -14.818641 15.925348 
12.126200 -14.707046 16.278615 
12.643261 -14.004725 16.767893 
12.662491 -13.620546 15.844835 
13.176237 -12.868576 15.431790 
13.313406 -11.899790 15.225301 
12.412565 -11.473949 15.309826 
11.878047 -11.386272 16.150423 
12.137866 -10.623155 16.742154 
12.891178 -11.280695 16.729416 
12.717027 -12.036367 16.098044 
13.410941 -12.436502 16.696688 
13.170044 -12.441949 17.667223 
12.254835 -12.455862 18.069962 
11.450857 -12.629764 17.501299 
10.910577 -12.931912 16.715930 
11.741492 -13.484191 16.783520 
10.917977 -14.051469 16.779334 
10.435369 -14.778178 17.268195 
10.399928 -15.205561 18.171571 
9.601811 -15.383894 17.596065 
9.528954 -15.005639 16.673235 
10.291893 -15.089146 16.032181 
10.474859 -14.182849 15.651196 
11.348223 -14.613933 15.424476 
10.901533 -15.299912 14.850105 
10.881401 -14.516913 14.228407 
10.428625 -15.258954 13.734070 
27.528123 9.082065 -30.227355 
26.803893 9.391893 -29.611322 
27.121707 10.268712 -29.972129 
26.180024 10.074248 -30.246750 
25.648715 10.921067 -30.222075 
25.098625 10.334697 -30.816693 
24.712645 9.824137 -30.048353 
25.148315 9.019906 -30.452586 
24.471656 9.220062 -31.161154 
25.050837 8.733226 -31.815020 
24.710751 8.074343 -32.486000 
24.733972 8.062821 -33.485664 
24.647524 8.257821 -34.462650 
23.867796 8.549859 -35.016490 
22.903683 8.740521 -35.201243 
23.563106 9.180746 -35.810639 
23.193744 9.998227 -35.368716 
23.103409 10.651931 -36.120055 
22.570034 11.489961 -36.005091 
22.598211 11.468788 -37.004470 
23.399763 11.471199 -37.602390 
23.411146 11.283715 -38.584592 
22.780563 10.580275 -38.256661 
23.015218 9.623962 -38.082299 
23.065378 8.626464 -38.132116 
22.428575 8.212732 -38.782737 
21.973974 7.692084 -38.060060 
21.123566 7.977172 -37.617870 
20.431872 7.271133 -37.769754 
19.863998 7.208031 -38.590447 
18.962280 7.500315 -38.271895 
18.259186 7.773660 -38.928356 
17.768783 7.125935 -39.511414 
17.175986 7.660862 -40.113448 
17.582972 8.409835 -40.636327 
18.328307 7.923272 -41.092104 
18.920898 7.650705 -40.334117 
18.899200 7.026993 -41.115470 
18.179196 6.734021 -41.744566 
17.792510 7.077378 -40.888658 
18.179534 6.180438 -40.674854 
17.888522 5.428647 -40.083143 
18.846623 5.457323 -40.368135 
19.126483 6.344040 -40.000154 
19.063635 5.843790 -39.136557 
18.496644 5.890159 -38.314139 
17.577371 5.828830 -38.702952 
17.008203 5.006634 -38.696435 
17.341981 4.628851 -39.560074 
17.833508 4.195073 -38.804933 
17.321785 3.353921 -38.979867 
16.376857 3.106088 -39.193619 
15.994449 2.291909 -38.756726 
15.354653 2.421625 -39.514245 
14.771313 2.710435 -38.755099 
15.000848 2.884927 -37.797568 
15.992287 2.877176 -37.927912 
15.990754 1.930963 -37.604371 
16.971592 1.986560 -37.417644 
17.653487 1.378338 -37.011339 
18.058153 0.576592 -36.571510 
18.226638 -0.321672 -36.165634 
17.553766 -0.705362 -35.533159 
17.839901 -0.826279 -34.582629 
18.753392 -0.961132 -34.198769 
18.542845 -0.027288 -33.909624 
19.378145 0.047040 -34.454372 
19.651961 0.944933 -34.109681 
18.992860 1.662055 -33.883137 
18.221029 1.026435 -33.866865 
17.627254 1.737263 -34.243900 
17.206713 2.512800 -34.714737 
16.350014 2.554778 -34.200631 
15.492362 2.962327 -34.514220 
15.242737 3.848574 -34.124023 
14.268803 3.630715 -34.060853 
14.251825 4.139729 -33.200262 
14.974739 3.494526 -32.953061 
14.340119 3.713667 -32.211957 
15.158153 4.170434 -31.862408 
15.028042 3.210770 -31.613174 
14.469489 2.722239 -30.942834 
44.000523 51.040365 -37.921755 
44.129047 51.546263 -38.774720 
43.266953 52.040673 -38.885866 
42.645995 51.617637 -39.545754 
41.998023 52.292844 -39.193293 
41.688682 53.227932 -39.020322 
41.505955 54.118365 -38.603502 
40.709448 54.125801 -39.208084 
40.659286 54.800323 -39.944633 
40.755973 54.745369 -40.938430 
40.196848 55.524585 -40.655232 
39.439508 56.078645 -41.000854 
38.713340 56.584433 -41.466535 
39.173187 57.269853 -40.901963 
40.168186 57.369008 -40.889950 
40.924971 57.381970 -41.543486 
41.837565 57.000043 -41.397524 
41.862008 57.979283 -41.598752 
42.588949 58.665015 -41.635199 
42.692728 59.407578 -40.973512 
41.766570 59.069971 -40.805425 
42.096175 58.903582 -39.876083 
42.131124 58.435153 -38.993274 
42.405482 57.567928 -38.577765 
42.802325 57.875601 -37.712980 
42.508476 57.437332 -36.863525 
42.491311 56.455502 -36.674541 
41.860578 56.065256 -37.345276 
42.194574 55.988253 -38.284700 
41.290502 56.395343 -38.414823 
40.664118 55.949227 -37.775586 
39.791576 55.678879 -37.368667 
40.459810 55.319064 -36.717516 
41.062760 54.579993 -37.017890 
41.348603 55.035887 -36.175005 
41.175714 55.833319 -35.596895 
41.478634 56.749599 -35.334844 
41.384505 57.694143 -35.649446 
40.747224 57.929691 -34.915695 
40.525164 58.775793 -35.400258 
39.593267 58.426383 -35.302887 
39.317642 59.111567 -35.977092 
40.037591 59.777822 -36.171460 
40.289546 60.270593 -35.338577 
41.150679 60.650992 -35.001314 
40.325326 61.096592 -34.654569 
40.105484 60.512735 -33.873044 
39.384671 59.906135 -34.208400 
39.362323 58.971568 -33.853315 
38.733267 58.569308 -34.518504 
38.961911 57.697658 -34.952035 
39.695560 57.151953 -34.547110 
39.578454 56.159072 -34.525344 
40.513694 56.388809 -34.256000 
40.431289 55.416433 -34.037609 
40.330648 54.545517 -34.518626 
40.880144 54.114641 -35.234447 
41.652233 54.449639 -34.694395 
41.709129 53.535940 -35.096783 
41.099207 53.082396 -35.746624 
41.734091 52.506515 -36.261681 
41.801175 52.490937 -37.259307 
40.806310 52.591755 -37.268203 
40.015592 53.203131 -37.236843 
39.924184 53.603711 -38.148534 
39.198872 52.919862 -38.227731 
38.509855 52.250580 -38.505790 
39.042341 52.115962 -39.341455 
38.195685 52.582966 -39.596567 
37.393612 52.550114 -39.000245 
36.828759 52.128463 -39.709577 
36.164930 51.774931 -40.368626 
35.633254 50.930456 -40.303949 
35.198085 50.039712 -40.435109 
34.416648 50.444651 -40.909852 
34.357612 51.389335 -41.232478 
34.137769 52.361169 -41.317375 
34.938323 52.012062 -41.804446 
34.305780 52.324707 -42.513066 
35.184353 51.958417 -42.819563 
14.112623 75.378845 -0.111155 
14.613155 75.922857 -0.784593 
15.343691 75.365655 -1.179362 
15.868355 74.521977 -1.065630 
16.291124 73.616092 -1.040374 
16.814204 72.908507 -1.515465 
17.014453 72.251226 -2.242020 
17.891615 72.124744 -1.778782 
17.920300 72.892371 -1.138528 
18.559054 73.543399 -1.548597 
17.783207 73.589268 -2.177848 
16.802586 73.663408 -2.359193 
16.397462 74.491746 -2.746144 
15.410852 74.346126 -2.819600 
15.050098 75.270970 -2.699106 
14.229457 75.380586 -3.259938 
14.436343 75.848381 -4.119220 
13.500771 75.964479 -4.452725 
12.637793 76.416067 -4.226146 
12.542437 75.753946 -3.482841 
12.423162 74.763989 -3.406946 
12.512440 73.954592 -3.987381 
12.953995 73.792765 -3.104861 
13.790415 73.994852 -3.614334 
13.761988 74.584147 -2.806916 
13.927346 74.802452 -1.845147 
13.205600 75.290798 -1.354636 
12.605404 74.499095 -1.468525 
12.858127 74.619380 -0.508493 
11.912649 74.326820 -0.651596 
12.291323 73.453137 -0.957020 
12.310695 72.971095 -0.081086 
12.364502 72.401075 0.738781 
11.592633 72.600951 1.342327 
11.709157 72.041071 2.162666 
11.162133 71.231505 2.375664 
10.511958 70.530026 2.667552 
10.894242 69.614226 2.544388 
11.522686 69.746199 3.310966 
12.149807 70.162788 2.652807 
11.768060 69.752598 1.824547 
11.664320 68.848637 2.239387 
12.581916 69.235943 2.328890 
12.989541 68.823606 1.514139 
13.563095 68.619779 2.307543 
13.510753 67.729701 2.760337 
13.900754 67.046746 3.377971 
13.460646 67.001399 4.274770 
13.073273 66.274457 4.841777 
12.327443 66.799439 5.251815 
11.662989 66.156110 4.871513 
12.074402 66.504427 4.029245 
11.385005 67.195992 3.813680 
11.665442 67.454781 2.889351 
11.247799 67.938424 2.120154 
10.548551 68.546514 2.496025 
9.596323 68.719252 2.747864 
9.275772 69.060346 1.864177 
8.946776 69.831615 2.409067 
9.241211 70.506015 3.086188 
8.876964 71.355045 3.468905 
8.041783 71.774481 3.824638 
7.455218 72.581264 3.895647 
6.742736 72.300297 4.538630 
6.360416 71.378414 4.601597 
6.355322 71.298583 3.604802 
5.566262 71.563515 3.050550 
5.458450 71.861994 3.998857 
5.607781 72.820317 4.242407 
5.228468 73.725850 4.432491 
5.359158 74.362243 3.672278 
5.500292 73.670000 2.964549 
5.844741 73.087041 2.228672 
6.541461 72.877738 2.914801 
7.052649 72.613791 2.096865 
6.419647 72.060427 1.555480 
6.984206 71.294393 1.862831 
6.910398 71.633493 2.800681 
53.719723 39.357265 12.027145 
54.170335 39.147648 11.159384 
54.233335 38.918596 10.188010 
53.725507 39.770283 10.058622 
52.744741 39.838045 10.241670 
52.764754 40.501279 10.989815 
51.765197 40.474141 10.977647 
51.468422 39.713116 11.554506 
52.071628 38.930897 11.710309 
52.138799 39.159226 10.739045 
51.199280 38.851667 10.889751 
50.249531 39.164056 10.909482 
50.068118 39.880594 10.235938 
50.606989 40.555118 10.740551 
50.512253 40.511261 11.735087 
50.503281 41.379697 12.230807 
49.999953 41.477904 13.089304 
50.438107 42.366435 13.225442 
50.999954 41.766592 13.795104 
51.431376 42.257149 13.037985 
51.462120 42.172708 12.042031 
51.016710 41.621420 11.336559 
51.485487 42.355429 10.845155 
52.448816 42.373822 10.577463 
53.114049 42.335837 11.323132 
54.043529 42.302390 11.690485 
54.728854 41.579185 11.775946 
55.709555 41.503611 11.595628 
55.958521 42.465476 11.708902 
56.427467 42.552806 12.587801 
56.567392 43.479564 12.936429 
55.729259 43.541987 13.478311 
54.842851 43.175066 13.196089 
54.939141 42.917007 12.234770 
54.939173 43.641075 11.545042 
54.103236 44.037335 11.165322 
54.925044 44.496424 10.827877 
55.556086 45.119510 10.365763 
55.312691 44.273216 9.891900 
54.608330 43.676698 10.276661 
53.718611 44.103248 10.114011 
53.572410 45.025575 10.471696 
53.451698 45.726617 9.768868 
52.681882 45.093965 9.853335 
52.477598 44.117519 9.922776 
52.653457 44.311751 10.887839 
53.218423 44.331130 11.712726 
53.716150 44.501203 12.563222 
53.700855 45.488885 12.407496 
53.478669 45.545233 11.434121 
52.600976 45.708268 10.983483 
52.217172 46.395920 11.599785 
53.044308 46.683282 11.116804 
53.952198 46.547757 10.720108 
53.882610 47.265868 11.412550 
53.966131 46.875802 12.329541 
52.992827 47.023752 12.154071 
52.103363 46.835853 12.570663 
52.146042 45.866771 12.813680 
51.676698 45.279904 12.153905 
51.879194 44.487339 12.729089 
52.214777 44.565279 13.667870 
52.487532 44.824708 14.594316 
52.454002 43.836179 14.741575 
53.287976 44.096400 14.254983 
54.149168 44.407751 13.853223 
54.506775 45.333011 13.979754 
54.234458 45.703629 14.867721 
53.372903 46.127647 15.146885 
53.718748 46.993736 15.507828 
54.464479 47.652433 15.407803 
55.447027 47.813530 15.314818 
55.758132 48.736033 15.543297 
56.060297 48.863123 16.488043 
55.963346 49.126127 17.447954 
56.061565 48.775889 18.379450 
58.447423 -56.479035 -29.952255 
58.052787 -56.728997 -30.836438 
58.054885 -56.821120 -31.832184 
57.572795 -57.682010 -31.669523 
57.051293 -57.893376 -30.842868 
56.063414 -57.980794 -30.714595 
55.939375 -58.100310 -31.699648 
56.548548 -58.063519 -32.491831 
56.643523 -57.665103 -33.404105 
57.070742 -58.476389 -33.803227 
56.725114 -59.016153 -34.570819 
56.688119 -59.995457 -34.769801 
56.694196 -60.967117 -34.533494 
56.024150 -61.301634 -33.870820 
55.681039 -62.131190 -33.430239 
55.826773 -63.076515 -33.138481 
54.933505 -63.377694 -33.472194 
55.228651 -63.522684 -34.416581 
55.774983 -64.258711 -34.016850 
55.898266 -65.018407 -34.655336 
56.088130 -64.854404 -35.623352 
55.635210 -64.237200 -36.266721 
54.877567 -64.889739 -36.279803 
54.420121 -65.216793 -35.452894 
53.835213 -64.697448 -34.829867 
54.038789 -64.032784 -34.110994 
54.280156 -64.143980 -33.146951 
54.281265 -65.129993 -33.313614 
54.485906 -66.071188 -33.582454 
55.193398 -66.743746 -33.799523 
56.073739 -66.731975 -34.273719 
56.001330 -66.847700 -35.264357 
55.141920 -67.036528 -34.789216 
54.655760 -67.536985 -35.505590 
54.211850 -66.641003 -35.492922 
54.088260 -66.529644 -36.478987 
53.176665 -66.530123 -36.890075 
53.286368 -67.480514 -36.599007 
52.596086 -67.229671 -35.920340 
53.057051 -67.851497 -35.287217 
52.204159 -67.648986 -34.806006 
51.626752 -68.326274 -34.350064 
51.406248 -69.155722 -33.836845 
51.022186 -69.955587 -34.298053 
50.529504 -69.547342 -35.066559 
49.774486 -70.100272 -34.714116 
50.206234 -70.985060 -34.538778 
50.094086 -71.918066 -34.880717 
50.356621 -71.959598 -33.916689 
49.594825 -71.896231 -33.271979 
48.753660 -71.362589 -33.184419 
48.390118 -71.791365 -34.011455 
47.800870 -72.307361 -34.633175 
47.126166 -71.697278 -34.217755 
46.178626 -71.382658 -34.161353 
45.639496 -70.616522 -34.511174 
44.814412 -70.486917 -33.961230 
44.177022 -70.498572 -33.190777 
43.289268 -70.312007 -32.769960 
42.362976 -70.526006 -33.080101 
42.286496 -70.551375 -32.083353 
42.428700 -71.513833 -32.314550 
42.800177 -71.914277 -33.152195 
43.006426 -71.444382 -34.010484 
42.357338 -71.301394 -34.757639 
41.441583 -70.906596 -34.831987 
41.218644 -71.154799 -33.889282 
41.432364 -70.307458 -33.403135 
56.460823 -11.506635 -6.740935 
57.373138 -11.476857 -6.332530 
56.648216 -10.952721 -5.885576 
56.661570 -11.947360 -5.783029 
57.182046 -11.796236 -4.942633 
57.883206 -12.198332 -5.531441 
58.651146 -11.945901 -4.942760 
59.601453 -12.177888 -4.735154 
59.898078 -12.935427 -5.316660 
59.859213 -13.912362 -5.526628 
60.391119 -13.658409 -4.718801 
60.539792 -14.071696 -3.820420 
60.267984 -13.667426 -2.947100 
60.804291 -14.505827 -2.849839 
60.210568 -15.309951 -2.820239 
59.714956 -15.040522 -1.994541 
59.019529 -14.331337 -2.110459 
59.033283 -13.366253 -1.848881 
58.776646 -12.432132 -1.600777 
57.894463 -12.122945 -1.245591 
57.502668 -12.523622 -2.073815 
58.361507 -12.401128 -2.571200 
58.089531 -13.069287 -3.263726 
57.750938 -13.968856 -3.539646 
58.605658 -14.043736 -4.053305 
57.948818 -13.933078 -4.799170 
57.332424 -14.516685 -5.327812 
57.340142 -15.340271 -5.894951 
56.444022 -14.915660 -5.765824 
55.687770 -14.997180 -5.116641 
56.523627 -15.180991 -4.599381 
55.751271 -15.615180 -4.135758 
56.520024 -15.514933 -3.504118 
56.787750 -14.574863 -3.292952 
56.983624 -13.701458 -2.847087 
56.419625 -13.529804 -3.654824 
55.575023 -13.618543 -3.126833 
55.270988 -13.243579 -2.251068 
54.671683 -14.002515 -1.996414 
54.192076 -13.184753 -1.678228 
54.902758 -13.228356 -0.976067 
55.897545 -13.157917 -1.049806 
56.845741 -12.853168 -1.139535 
57.003722 -13.785262 -0.813586 
57.061126 -13.747219 -1.811212 
58.005285 -13.720845 -1.482781 
58.165530 -13.538338 -0.512723 
59.130792 -13.789187 -0.439627 
59.878630 -14.195945 0.085051 
59.386504 -13.481927 0.583037 
59.097111 -13.551461 1.537719 
58.191282 -13.740585 1.916805 
57.659682 -12.987765 2.304959 
58.005165 -12.306909 1.659144 
57.256541 -12.657826 1.096633 
56.725699 -12.739999 0.253155 
56.697892 -11.913730 -0.309434 
55.784282 -11.989776 0.089983 
55.140232 -12.150110 -0.658010 
54.321963 -11.653443 -0.947419 
54.178556 -10.696670 -0.694395 
54.277743 -9.947043 -0.040009 
55.153465 -10.135244 -0.484635 
54.955674 -11.046100 -0.122390 
54.432782 -11.464892 0.620037 
-44.315697 -59.912035 -3.027755 
-44.506722 -60.122785 -3.986449 
-43.659372 -60.627775 -4.150711 
-43.628506 -59.633238 -4.250425 
-44.327879 -59.684057 -4.963373 
-44.568574 -59.993710 -5.883254 
-44.828159 -59.039405 -6.031300 
-45.598783 -59.638272 -6.249236 
-45.636303 -59.151578 -5.376470 
-45.163853 -58.620757 -4.672893 
-44.648763 -57.810751 -4.392587 
-44.656779 -56.829438 -4.200334 
-43.739387 -56.701204 -4.577093 
-43.788392 -57.243910 -5.415585 
-44.053052 -57.196495 -6.378760 
-44.647667 -57.760087 -5.805352 
-45.501099 -57.251985 -5.689224 
-46.328869 -57.804504 -5.591659 
-47.266493 -57.614504 -5.882799 
-47.918693 -57.926616 -5.191987 
-47.670590 -58.893502 -5.251788 
-47.793496 -59.869723 -5.430359 
-46.840810 -60.059045 -5.192564 
-46.631995 -61.027519 -5.056719 
-46.964250 -61.116814 -4.117766 
-45.995235 -61.041776 -3.882438 
-45.260248 -61.395826 -3.304128 
-45.765875 -62.232254 -3.092633 
-44.939366 -62.313637 -2.535624 
-45.610601 -62.784103 -1.962819 
-45.951837 -63.723731 -1.988429 
-46.661208 -63.178006 -1.542361 
-47.118799 -64.040849 -1.327622 
-47.678271 -63.553040 -0.657523 
-47.339251 -62.666048 -0.343978 
-48.128129 -62.263781 0.120623 
-48.450961 -61.388850 -0.240314 
-49.423545 -61.197059 -0.371829 
-49.923669 -60.741612 -1.108338 
-49.114558 -61.248189 -1.406195 
-49.645392 -62.061754 -1.168862 
-49.320482 -62.901823 -0.734447 
-50.303553 -63.038110 -0.611982 
-50.132502 -63.070197 -1.596721 
-50.720704 -62.347254 -1.234269 
-51.063253 -61.420671 -1.389524 
-52.010567 -61.195119 -1.616950 
-51.896064 -61.757262 -0.797875 
-52.872439 -61.575901 -0.915342 
-52.991562 -60.663762 -1.307531 
-53.857401 -61.128947 -1.491724 
-54.297101 -61.334380 -0.617390 
-54.924081 -60.741508 -0.112019 
-54.825585 -59.898701 -0.641146 
-55.762700 -59.588016 -0.800180 
-56.428262 -58.924876 -0.457728 
-57.401883 -58.752364 -0.308394 
-57.393373 -58.661855 -1.304253 
-58.066215 -59.377833 -1.118086 
-58.981468 -59.780167 -1.139070 
-58.752122 -59.700372 -2.109139 
-59.733109 -59.808756 -1.948146 
-59.720171 -59.072378 -2.624592 
-59.828313 -58.548925 -1.779428 
-58.996361 -58.334659 -2.291234 
-58.620636 -58.014304 -3.160833 
-57.793945 -58.528162 -3.390033 
-57.204691 -58.656395 -2.592327 
-56.285785 -58.288361 -2.734325 
-8.715377 -26.067035 -23.759135 
-9.044901 -25.429612 -23.062639 
-9.174985 -25.599950 -22.085878 
-9.730985 -26.408016 -21.891213 
-9.071253 -27.071974 -21.539200 
-9.832525 -27.714767 -21.624540 
-10.535579 -27.784032 -20.916784 
-11.228068 -27.404569 -20.303216 
-11.226352 -27.403798 -19.303218 
-10.826793 -26.490295 -19.379796 
-10.039224 -26.942816 -18.961513 
-10.191051 -27.603239 -19.696897 
-10.459321 -28.558525 -19.821237 
-10.735375 -28.636831 -18.863290 
-11.015515 -27.984891 -18.158665 
-11.655210 -27.505396 -17.557938 
-12.452791 -28.088940 -17.405158 
-13.034615 -27.365105 -17.776025 
-12.970359 -26.408803 -18.061258 
-12.881753 -25.964529 -17.169759 
-13.830059 -25.837031 -16.879141 
-14.195648 -25.180388 -17.538811 
-14.068706 -24.212308 -17.754929 
-13.390359 -24.627196 -17.148536 
-13.100665 -25.139971 -16.340366 
-12.404670 -24.491992 -16.030987 
-12.869386 -23.607362 -16.069317 
-12.354571 -22.926352 -16.590077 
-12.057076 -23.154060 -15.662906 
-12.082506 -23.900935 -14.998428 
-11.384324 -24.576764 -14.762216 
-10.455079 -24.937214 -14.681101 
-10.128581 -24.025897 -14.931897 
-9.835472 -24.401636 -15.811048 
-9.783929 -25.092586 -16.532110 
-8.993361 -25.617280 -16.216360 
-8.110138 -25.916852 -16.577156 
-8.395653 -25.272752 -17.286815 
-9.075544 -25.306903 -18.019332 
-9.707322 -24.533311 -17.970213 
-10.188385 -25.404854 -18.065029 
-10.712704 -24.577009 -18.264432 
-10.670649 -24.362780 -19.240310 
-11.081764 -25.272671 -19.184795 
-10.201632 -25.646517 -19.477382 
-9.255207 -25.968871 -19.458175 
-9.162091 -25.582940 -20.375991 
-8.517829 -25.169462 -19.732592 
-8.629138 -24.761394 -18.826451 
-8.512645 -23.869224 -18.390031 
-7.641259 -24.359252 -18.366352 
-6.943343 -24.293962 -19.079550 
-7.670910 -24.414609 -19.754895 
-7.645042 -23.415222 -19.778506 
-7.024656 -23.013538 -19.104881 
-6.609905 -22.892040 -18.203094 
-6.172416 -22.801175 -17.308473 
-6.381187 -21.837042 -17.472370 
-7.223478 -21.298674 -17.445821 
-6.644189 -20.960018 -16.704379 
-7.214856 -20.622389 -15.955816 
-7.948513 -21.297261 -16.035164 
-7.444174 -21.780636 -15.319629 
-6.817174 -21.135137 -14.883508 
-54.387377 30.523065 10.414945 
-55.185535 30.696377 9.837965 
-55.548936 31.604994 10.043772 
-55.583888 32.536340 9.681319 
-54.723854 33.003347 9.475781 
-54.538680 32.238014 8.859360 
-55.262101 32.888000 8.626595 
-56.254223 32.780757 8.561844 
-56.425974 31.796301 8.598540 
-56.819407 31.778359 7.679362 
-57.609428 32.280310 7.327349 
-57.828838 31.496004 6.747070 
-58.340975 31.700291 5.912814 
-57.903495 31.554375 5.025504 
-58.396418 30.694164 5.156130 
-58.323018 30.165739 4.310329 
-59.264828 29.832584 4.355059 
-59.500438 28.860782 4.345630 
-60.349713 29.112733 3.881678 
-60.779904 29.965369 3.585117 
-60.946626 29.889826 4.568223 
-61.890795 29.965540 4.247577 
-61.848761 30.483468 3.393185 
-62.699755 30.246919 2.924300 
-62.632795 29.265571 3.104497 
-62.084893 28.587131 2.615086 
-61.626092 29.474368 2.663178 
-62.002272 30.154726 2.034211 
-62.215422 30.653511 1.194103 
-61.850208 31.504571 1.571350 
-62.558453 31.291108 2.244271 
-63.506604 31.584766 2.122718 
-63.228094 31.873425 1.206690 
-62.637793 31.385942 0.563335 
-63.082837 30.721862 -0.037442 
-63.557833 30.902999 0.823701 
-64.524601 30.650459 0.863492 
-65.112591 30.396059 1.631313 
-64.973305 29.469407 1.282148 
-65.444098 28.633249 1.000733 
-66.413095 28.399869 1.081846 
-67.239411 28.866038 1.397897 
-67.313958 28.176638 2.118432 
-68.212339 28.598480 2.240740 
-68.736629 28.417102 1.408741 
-69.183910 29.269323 1.680144 
-70.139254 28.974037 1.691264 
-70.488915 28.447034 0.916664 
-70.611364 28.039130 1.821441 
-71.330271 27.933789 2.508519 
-71.797268 28.584264 1.909523 
-72.300228 28.482241 1.051256 
-71.662125 28.029480 0.428494 
-72.158805 27.187612 0.639608 
-71.302593 26.807820 0.989835 
-71.940121 26.149926 1.390750 
-71.849161 25.459759 0.672840 
-72.773486 25.696873 0.971840 
-73.319170 25.720754 0.134189 
-74.000112 25.342446 0.761246 
-73.620893 25.534128 1.666481 
-74.185166 24.725049 1.830761 
-74.269525 24.903817 2.811029 
-37.442857 -5.884235 -23.343215 
-36.626141 -5.685365 -23.884903 
-37.289412 -5.712937 -24.632774 
-37.844334 -6.178243 -25.322377 
-37.922203 -7.154971 -25.122529 
-37.515872 -7.124982 -24.209296 
-36.850822 -7.356182 -24.919405 
-36.535000 -6.468926 -25.255609 
-35.784447 -5.831101 -25.082838 
-35.822356 -6.490306 -24.331831 
-35.538638 -5.669687 -23.835759 
-34.845616 -5.434538 -23.154271 
-33.849970 -5.524306 -23.179378 
-33.820913 -5.586722 -22.181751 
-33.498605 -6.448613 -22.573236 
-32.633220 -6.458790 -23.074240 
-32.429594 -5.479741 -23.074415 
-32.714216 -5.119778 -22.185924 
-32.447793 -4.766534 -21.289131 
-32.139663 -5.030358 -20.375100 
-31.650279 -4.158352 -20.364575 
-31.751636 -3.206299 -20.075920 
-31.107601 -2.504969 -19.770379 
-30.777626 -1.640423 -19.391333 
-30.407346 -0.714812 -19.312995 
-29.695749 -0.560220 -19.998364 
-30.493456 -1.021570 -20.386718 
-30.055663 -0.691135 -21.222870 
-30.091678 0.247745 -20.880515 
-29.384850 0.639293 -20.291375 
-29.772413 1.082217 -19.482912 
-28.932413 1.574960 -19.255746 
-28.329563 2.326159 -18.986911 
-28.176493 3.313360 -19.031665 
-28.995235 3.271135 -19.604272 
-28.364250 3.332931 -20.377601 
-28.288637 3.917377 -21.185503 
-27.594958 3.918601 -21.905787 
-27.519423 4.470365 -22.736359 
-27.731315 5.043464 -21.944741 
-26.767070 4.934476 -21.703176 
-26.587400 5.212598 -20.759583 
-26.608556 5.377564 -19.773511 
-27.445766 5.818639 -19.450195 
-27.505040 5.049383 -18.814009 
-27.897840 4.241685 -18.374314 
-27.653915 4.452283 -17.427662 
-27.030209 5.182946 -17.705373 
-26.312016 5.515208 -17.093981 
-25.481195 5.946965 -17.445155 
-25.341208 6.039842 -16.459367 
-24.594746 5.398510 -16.281918 
-24.711942 4.889467 -17.134643 
-25.426236 4.766996 -17.823689 
-26.087071 4.156872 -17.386600 
-25.200696 3.907174 -16.996740 
-25.593477 3.178117 -17.557274 
-26.022630 2.282465 -17.440505 
-26.800279 1.982024 -17.992771 
-26.254122 1.676376 -18.772701 
-26.553187 2.104065 -19.625721 
-27.330195 2.258374 -20.236005 
-27.202714 2.960519 -20.936535 
23.771023 -55.432035 31.519145 
24.290139 -55.600083 32.357166 
23.862793 -56.483167 32.163418 
24.243399 -56.289675 31.259150 
24.961248 -55.601284 31.363125 
25.578320 -54.852655 31.605564 
25.380777 -53.872743 31.632928 
25.904296 -53.747710 32.475718 
25.743856 -53.901636 33.450687 
26.416317 -54.640826 33.488034 
26.396176 -54.175053 34.372710 
25.429814 -53.961855 34.516555 
25.174444 -54.599597 35.243240 
25.390430 -55.573419 35.314104 
26.253169 -55.094871 35.477426 
26.687359 -55.417590 36.318456 
26.297697 -54.506907 36.455645 
25.876302 -54.207324 37.311610 
26.671927 -53.828135 37.784047 
26.109854 -54.363916 38.414136 
26.451750 -55.303420 38.435088 
25.480622 -55.241982 38.204578 
25.181379 -54.887812 39.090590 
24.414400 -54.246480 39.111504 
24.435132 -53.254128 38.989821 
25.414755 -53.387320 38.839490 
26.228494 -52.809774 38.774160 
26.514789 -52.142525 39.461775 
26.762445 -51.387327 40.068686 
27.139711 -50.465061 39.984438 
27.598984 -49.661687 40.363460 
27.796336 -49.468795 39.402291 
28.024302 -50.441992 39.371958 
28.159592 -50.774329 38.438551 
28.737072 -51.268933 37.789025 
28.790461 -52.218389 38.098354 
28.703935 -52.668313 38.987219 
29.592873 -53.104642 39.126527 
30.159069 -53.928633 39.147986 
29.884335 -54.398119 39.987095 
29.306799 -54.773465 40.712055 
29.314209 -53.782754 40.847835 
29.065767 -53.758002 41.816166 
28.306988 -53.486544 41.224081 
28.091397 -53.163222 40.302678 
27.406008 -52.509949 39.981000 
26.588343 -52.527987 40.556411 
26.611043 -52.804949 41.517024 
26.966693 -53.653372 41.909058 
26.879630 -54.594325 42.236210 
25.935549 -54.570200 42.565039 
26.350654 -55.273143 43.142584 
26.780911 -56.018458 43.651882 
27.003165 -56.430988 42.768467 
26.850582 -56.784247 41.845469 
27.728185 -56.719561 41.370465 
28.589190 -57.173697 41.141485 
29.492018 -56.886070 40.821841 
29.480733 -57.614298 40.136599 
29.597611 -57.080855 39.298876 
29.169508 -57.456773 38.477041 
29.127974 -56.457723 38.490252 
29.334684 -56.148580 37.561973 
29.063419 -56.886420 36.943906 
28.503921 -57.656578 37.250202 
29.461614 -57.840825 37.029124 
-34.091497 44.821365 30.485045 
-34.437357 45.744330 30.653915 
-34.897543 45.531694 29.791932 
-35.798044 45.827019 29.472746 
-35.069549 46.496988 29.329791 
-34.949282 47.402263 29.737240 
-35.182250 48.355246 29.931012 
-35.814362 48.039580 30.638677 
-36.662876 48.487388 30.356732 
-35.925938 49.043328 29.972216 
-36.056273 49.225188 28.997567 
-36.646894 49.483304 28.233013 
-37.544689 49.188077 28.559824 
-36.888426 48.667641 29.106144 
-37.717865 48.444336 29.618164 
-37.830623 47.472955 29.409107 
-38.284912 46.818237 28.804983 
-37.435195 46.614853 28.318551 
-37.751355 46.236179 27.448695 
-37.180394 46.851168 26.904827 
-36.631641 47.061624 26.095767 
-35.829863 47.236731 26.667159 
-36.006126 47.943470 25.981995 
-36.144235 48.740964 25.394687 
-35.600399 48.841524 26.227832 
-35.256469 49.282842 27.056657 
-34.495369 48.634552 27.077796 
-33.916897 48.807410 26.280620 
-33.956723 49.524547 25.584827 
-33.134997 49.989326 25.255055 
-33.616624 50.605249 25.878493 
-33.158995 51.381402 26.312269 
-33.103186 52.224283 25.777070 
-33.604136 53.085954 25.696004 
-34.317067 52.409641 25.881288 
-35.077616 52.930989 26.268279 
-35.480383 53.176631 27.150003 
-36.015967 52.358484 27.359252 
-35.636812 51.443880 27.499762 
-35.718056 50.458809 27.347996 
-35.980888 50.347632 26.389581 
-35.613895 49.704213 25.717771 
-34.867688 50.368670 25.676861 
-35.606981 51.041386 25.706860 
-35.286533 51.911735 26.080764 
-35.803610 52.188810 25.270911 
-36.520597 52.885754 25.284919 
-35.887965 52.973779 24.515486 
-36.628268 52.335961 24.303026 
-36.799113 53.317684 24.219164 
-37.043248 53.589425 23.288274 
-37.798985 53.954809 23.831740 
-38.607834 54.367297 23.412673 
-39.176207 54.076694 24.182415 
-38.456509 53.677651 24.750569 
-24.819377 33.640765 -35.155255 
-23.980705 33.189199 -35.459752 
-23.940741 32.444574 -34.793467 
-23.227905 33.145059 -34.759023 
-22.231212 33.168271 -34.836889 
-21.249771 33.318621 -34.717858 
-20.615448 33.449060 -33.955873 
-20.223872 34.262654 -34.385678 
-20.353372 35.214169 -34.664694 
-20.093754 36.155704 -34.879426 
-19.954349 37.064561 -35.272548 
-20.308429 37.163843 -36.202479 
-21.005243 36.887076 -36.864181 
-21.841548 37.134346 -37.353519 
-22.700529 36.892989 -36.901970 
-23.206893 37.161705 -36.082587 
-23.333873 38.134763 -36.275031 
-23.045785 38.977751 -35.820744 
-23.375718 39.302737 -36.707044 
-23.579502 40.242091 -36.431206 
-22.595171 40.418332 -36.436946 
-22.568886 41.215530 -35.833800 
-21.608513 40.961784 -35.949112 
-20.890537 40.585151 -35.363742 
-20.174316 40.096868 -35.862347 
-20.153498 40.356365 -36.827867 
-19.291391 40.584741 -36.375523 
-19.026489 39.623242 -36.448648 
-18.515662 39.425421 -37.285262 
-17.716919 39.966769 -37.547849 
-17.226812 40.066670 -38.413768 
-16.735849 39.212370 -38.243103 
-17.423996 38.802860 -38.842065 
-17.902163 38.006288 -39.211968 
-18.082761 37.053363 -39.455524 
-17.667597 37.107253 -38.547374 
-17.709919 37.866724 -37.898211 
-18.387771 37.204372 -37.579141 
-17.576430 37.116355 -37.001232 
-18.176901 37.606733 -36.369596 
-18.441398 38.568639 -36.300473 
-18.673434 39.117862 -35.497657 
-19.600970 38.744250 -35.507130 
-19.413717 39.193507 -34.633572 
-19.188526 39.750871 -33.834426 
-18.424849 39.859739 -34.470779 
-17.482228 39.676429 -34.749817 
-17.649067 38.831592 -35.258162 
-18.117425 38.029101 -34.888502 
-17.413088 38.010247 -34.178887 
-16.534476 38.157894 -34.633026 
-16.304073 38.111505 -35.605014 
15.039023 25.237865 16.569045 
15.420133 26.015583 16.069134 
14.447070 26.099944 16.283684 
13.897239 25.411586 15.810557 
13.649704 25.498107 16.775565 
12.707053 25.522746 17.108434 
11.999498 25.448122 17.811141 
11.703040 25.761320 18.713371 
12.592211 26.047920 19.070072 
13.296368 26.756556 19.114760 
14.185254 26.579796 18.692105 
15.035085 26.333516 19.158080 
15.432682 25.907867 18.345221 
16.268394 25.521142 18.735130 
17.205587 25.233229 18.538216 
17.576506 26.002449 18.017909 
18.190546 25.233893 18.197563 
18.824318 25.971513 17.964646 
18.870832 26.325617 17.030597 
18.435456 25.425514 17.046803 
17.646869 25.766460 16.535054 
17.086835 26.397380 17.071993 
16.936913 27.230135 16.539037 
16.838844 28.172818 16.857990 
17.333811 29.041598 16.873115 
17.787081 29.836346 17.276751 
18.096840 30.734494 17.588807 
19.064121 30.485874 17.538248 
19.589279 30.427170 16.689270 
20.005704 30.084785 15.847034 
20.030213 29.617988 14.963009 
20.212492 29.681544 13.981818 
19.521786 30.200922 13.478656 
19.279732 30.519546 14.395110 
19.286847 31.513154 14.507773 
18.586118 32.202173 14.322759 
18.750945 31.912325 15.265531 
18.600728 32.777609 15.743776 
18.141923 33.402403 16.375544 
17.659195 32.527215 16.343601 
17.396689 33.123223 17.102458 
16.570872 33.584054 17.427516 
16.606698 33.483971 18.421849 
17.513824 33.634353 18.028775 
18.383501 33.252929 18.342108 
18.877829 34.008433 17.912161 
18.654869 34.670681 17.196817 
19.558896 35.084066 17.305661 
19.949113 34.218387 17.619237 
19.538182 34.052624 16.722767 
-31.673277 -14.944035 47.600945 
-31.515576 -15.894308 47.332409 
-31.973315 -16.155271 46.482483 
-32.610652 -15.545370 46.953464 
-33.371127 -14.933414 47.170691 
-34.017849 -14.904468 47.932867 
-33.406785 -15.363762 48.577576 
-34.052102 -15.969360 49.043213 
-34.311815 -16.253880 49.966033 
-34.475602 -16.952071 50.662957 
-34.507938 -17.933844 50.475671 
-35.367275 -17.733802 50.946333 
-36.210877 -17.803233 50.413872 
-37.182357 -17.941952 50.606181 
-37.987520 -18.525244 50.713345 
-37.490197 -18.298089 51.550645 
-37.722858 -17.841515 52.409370 
-38.472498 -17.626373 53.035272 
-38.696595 -16.975688 53.760799 
-38.505572 -16.006265 53.914844 
-37.677815 -15.456363 53.803374 
-37.921046 -14.575581 54.209650 
-38.401351 -15.166030 54.858247 
-38.715524 -14.469280 55.503100 
-38.105275 -14.376382 56.289844 
-37.871218 -14.160939 57.237895 
-36.894151 -14.218504 57.032889 
-36.414115 -14.956730 56.558984 
-35.879874 -15.105822 55.726903 
-35.723713 -16.088598 55.825725 
-35.371671 -16.448376 54.961649 
-35.534225 -17.204327 54.327524 
-35.702433 -16.396717 53.762305 
-35.777111 -16.015029 52.841036 
-34.998212 -15.436489 53.083124 
-34.792921 -16.414557 53.118305 
-33.881062 -16.006275 53.075652 
-34.061812 -16.111421 52.097760 
-34.331827 -15.228232 51.714263 
-34.847998 -14.375103 51.790013 
-34.126084 -14.112813 51.149667 
-34.478879 -14.657324 50.388719 
-35.206236 -14.379948 49.761013 
-35.991589 -14.858253 49.368019 
-36.366631 -13.984919 49.678877 
-37.014341 -14.368701 49.020710 
-36.722954 -13.476615 48.675347 
-36.984585 -14.093972 47.933445 
-36.286097 -70.963035 44.026945 
-36.692124 -70.522507 44.827618 
-37.045027 -70.735215 45.738779 
-36.258597 -70.134016 45.880509 
-36.975180 -69.811451 46.498943 
-37.750207 -69.421310 46.996058 
-38.137826 -70.237829 46.568217 
-38.943599 -70.684340 46.957265 
-39.035127 -69.740717 46.639147 
-39.238802 -68.774600 46.480605 
-40.186522 -68.455694 46.469387 
-40.868804 -68.264743 45.763675 
-41.475048 -67.994322 46.511565 
-42.160512 -68.009664 45.783620 
-41.748000 -67.132880 46.030769 
-42.095377 -66.222049 46.253744 
-42.302587 -65.622227 45.480907 
-43.038548 -66.215436 45.154617 
-43.752261 -66.028776 45.829726 
-43.934197 -65.368125 45.101413 
-43.552883 -65.693782 44.236227 
-44.205608 -64.938650 44.175185 
-44.022173 -64.057613 44.611219 
-44.685335 -63.468476 45.072884 
-44.839985 -63.795758 46.005069 
-44.356929 -63.110538 46.550166 
-43.671480 -63.830314 46.440246 
-43.763432 -64.817415 46.571309 
-43.492528 -65.760706 46.763174 
-43.283780 -66.674345 47.112013 
-43.470341 -67.576803 47.500297 
-44.022070 -67.361161 46.694633 
-64.943577 -11.018935 20.559145 
-64.799125 -10.675720 21.487228 
-65.205699 -9.797144 21.236622 
-64.571457 -9.783757 20.463604 
-64.270158 -8.900582 20.104129 
-63.358373 -9.224260 19.851385 
-62.430750 -9.381385 20.190248 
-62.419704 -9.732958 21.126344 
-61.872334 -10.405952 20.628885 
-61.146988 -10.853913 20.106196 
-60.946380 -9.948179 19.732829 
-61.092472 -9.216475 19.067047 
-60.517902 -9.774436 18.468257 
-59.707357 -10.069549 17.962368 
-60.249942 -9.500103 17.344846 
-59.849073 -9.003205 18.114519 
-60.094992 -8.371780 18.849929 
-59.683807 -9.109299 19.385646 
-59.361460 -9.070149 20.331458 
-58.628212 -8.423804 20.542610 
-57.880115 -9.085932 20.586621 
-58.055383 -9.517032 21.471739 
-57.550217 -10.264893 21.902450 
-56.918107 -10.447517 21.149399 
-56.178335 -10.994209 20.757143 
-55.564683 -10.242106 20.516786 
-54.755310 -9.801026 20.129017 
-53.829749 -9.424738 20.170766 
-54.100932 -8.462990 20.132042 
-54.344574 -7.713128 19.516945 
-54.641000 -6.976635 20.124983 
-55.312745 -7.027680 20.864005 
-55.705527 -6.220401 20.423524 
-56.230417 -7.042704 20.203731 
-56.370818 -7.429231 21.115260 
-57.353095 -7.616303 21.126916 
-57.712321 -6.706453 21.334596 
-58.667063 -6.968387 21.475517 
-59.156385 -6.272520 20.949844 
-59.055577 -7.188616 20.561763 
-58.901113 -7.253448 19.575894 
-59.460799 -6.425048 19.553417 
-59.094536 -5.856794 18.816574 
-58.381316 -6.480034 18.495809 
-57.929254 -7.101437 17.855889 
-57.663488 -8.009722 18.178978 
-56.767955 -7.952855 17.737632 
-56.726607 -8.854892 18.167304 
-57.402434 -9.330413 17.604154 
-56.794580 -10.094038 17.821848 
-56.577234 -10.179625 18.794183 
-57.197634 -10.148685 19.577859 
-57.907995 -10.452014 20.212979 
-58.825500 -10.082706 20.360614 
-58.905538 -11.067399 20.205780 
-58.403400 -11.042785 21.070217 
-58.413146 -11.986044 21.402131 
-57.551291 -11.764968 21.858563 
-58.374434 -11.276519 22.148138 
-59.312083 -11.599029 22.277762 
-59.877669 -11.476253 21.462263 
-59.997033 -12.284366 20.885458 
-59.739199 -13.058300 21.463859 
-59.429097 -14.008953 21.454100 
-59.229591 -14.986110 21.527320 
-59.601181 -14.893899 22.451126 
-60.116835 -14.956157 23.305658 
-59.802163 -14.885852 24.252251 
-59.012104 -15.498565 24.232534 
-58.754353 -15.980859 23.395302 
-57.759336 -16.056673 23.460048 
-57.946788 -16.680407 22.701222 
-56.987934 -16.963344 22.677871 
-56.541853 -17.792710 22.341474 
-56.234080 -17.392710 21.478181 
-55.620703 -18.131278 21.757978 
-55.612639 -18.752331 22.541705 
-54.756920 -18.911883 22.049477 
-54.505247 -19.595384 22.734668 
-54.677950 -20.418318 22.193417 
-54.716889 -21.417558 22.195014 
-54.794245 -22.404597 22.054403 
-54.917371 -23.393957 21.976910 
-54.548216 -24.172859 21.469921 
-54.696227 -24.972052 22.052486 
-55.335904 -25.687393 22.333735 
-55.312998 -26.258504 21.513182 
-55.370712 -26.407523 20.526033 
-54.791184 -25.659789 20.201933 
-54.080915 -26.286086 19.880574 
