0.076115 -30.073490 23.923007 
0.044937 -30.752441 23.189486 
0.837468 -30.150044 23.094547 
1.763653 -29.861994 23.337876 
1.443003 -29.546274 24.230907 
1.300186 -28.970908 25.036238 
0.403185 -29.072041 25.466540 
-0.111030 -29.260493 24.629839 
0.243993 -30.039333 25.146915 
1.099011 -30.174651 25.647546 
1.421427 -30.834643 26.326117 
1.470460 -31.293052 25.438729 
2.042651 -30.619207 24.971256 
2.966465 -30.474074 24.616991 
3.963444 -30.544268 24.583754 
4.065616 -29.550316 24.624017 
3.403006 -28.939813 24.190158 
3.251506 -28.072535 24.664371 
2.993173 -27.625058 23.808200 
3.647497 -28.185196 23.300160 
4.259873 -27.947533 24.054157 
4.586565 -27.157033 24.572213 
4.360841 -26.303039 25.040980 
4.305974 -25.334686 25.284460 
5.228432 -24.968506 25.162058 
5.893560 -24.296051 24.837390 
5.846296 -24.001174 23.883025 
6.752479 -24.423281 23.857390 
6.557450 -25.316294 24.262965 
6.440077 -25.856971 23.429963 
5.935741 -25.951771 22.571674 
5.976017 -26.871197 22.180479 
6.233743 -27.835022 22.248437 
7.177645 -28.023729 21.977443 
7.202058 -27.798361 22.951411 
7.434053 -28.323763 23.770027 
8.179207 -28.270679 24.434803 
8.227401 -29.223206 24.134186 
7.667659 -30.036837 24.291323 
8.546643 -30.423983 24.012927 
9.465143 -30.580099 24.376223 
8.985200 -31.435615 24.181939 
9.313349 -32.174971 23.594001 
9.380649 -32.670844 24.459785 
9.463117 -33.527188 24.969563 
10.210052 -33.909554 24.425611 
10.185063 -34.480364 23.604909 
9.729269 -34.006235 22.851614 
10.202694 -33.181703 22.541749 
10.072014 -32.963234 23.508803 
10.929949 -33.193142 23.968248 
10.863387 -32.328412 23.470441 
11.721496 -31.862320 23.255020 
11.926402 -31.801615 22.278122 
11.668266 -32.201035 21.398447 
11.859259 -32.584547 20.494876 
10.870833 -32.503001 20.366951 
10.921958 -33.167303 19.621237 
11.556341 -33.858117 19.274346 
12.503965 -34.177266 19.261966 
13.261917 -34.696325 18.866889 
12.815248 -35.266766 18.177625 
13.103633 -36.222386 18.237827 
12.472487 -36.817001 17.739744 
12.510768 -37.335042 18.594243 
13.072600 -38.047701 19.014317 
13.078244 -38.901012 19.535688 
12.206083 -39.276547 19.849230 
12.150819 -38.303255 20.072049 
12.538960 -37.422918 19.799373 
13.428185 -36.978953 19.689034 
14.134473 -36.288377 19.844798 
14.899762 -36.071868 19.238616 
14.799243 -35.595620 18.365069 
15.304360 -35.012362 19.001203 
16.265855 -34.927020 18.739969 
16.826060 -34.194572 19.126869 
16.565665 -34.081847 20.085768 
16.152375 -34.470899 20.909073 
16.730146 -35.286146 20.869658 
17.074466 -35.858469 21.613895 
17.838697 -35.355255 21.210501 
17.648406 -35.560307 20.250427 
18.473675 -35.081597 19.950813 
18.429839 -34.493719 20.758574 
19.124817 -35.085991 21.166275 
19.888846 -35.724671 21.257641 
20.725942 -35.186190 21.161158 
21.266146 -34.381219 20.915801 
20.514815 -34.656209 20.315898 
21.368070 -35.036437 19.958991 
22.351958 -34.984938 19.787784 
22.247385 -34.767282 20.758191 
22.379107 -34.037423 21.428978 
23.206369 -33.506103 21.246392 
24.110298 -33.730536 21.610453 
24.506115 -33.456319 20.734021 
25.364913 -32.971160 20.569442 
24.945985 -32.392505 21.269197 
25.677481 -32.101249 21.885707 
25.741007 -31.131789 22.122584 
25.435375 -30.200502 21.924356 
-15.551085 39.999110 -23.570393 
-15.156278 39.080549 -23.551078 
-15.932960 38.455999 -23.632937 
-15.946733 38.582015 -22.641005 
-16.481103 39.357531 -22.304814 
-17.321847 39.405725 -22.844099 
-17.590732 39.392308 -23.807177 
-18.216411 38.665309 -24.090015 
-18.164757 37.797977 -23.594973 
-18.238623 37.155058 -24.357337 
-17.642555 37.284158 -25.149824 
-18.339027 36.955710 -25.787828 
-18.461066 36.384865 -26.599765 
-17.890336 37.113010 -26.979333 
-18.145752 37.984927 -26.561572 
-17.242008 38.410169 -26.512428 
-16.941427 39.311889 -26.201701 
-16.067452 39.786230 -26.096019 
-16.237620 40.740967 -26.339985 
-15.686138 41.076050 -25.576056 
-14.948121 41.598193 -25.148623 
-13.989689 41.776786 -24.926112 
-14.496516 41.463076 -24.123172 
-13.990379 42.166465 -23.624104 
-14.242593 43.123602 -23.766502 
-13.421795 43.135088 -24.337605 
-12.601079 42.737266 -24.747682 
-12.363137 43.642046 -25.100893 
-11.599706 44.018598 -24.576125 
-11.144834 44.863861 -24.856524 
-10.952526 44.086579 -25.455565 
-10.914746 43.274023 -24.873908 
-10.179167 42.673653 -25.187722 
-10.839732 42.587390 -25.933519 
-11.615682 42.840958 -26.511105 
-11.756716 42.250345 -27.305640 
-12.010148 41.478050 -27.888163 
-11.601210 40.989979 -28.659238 
-11.260899 40.569721 -29.500411 
-11.227124 40.690246 -30.492546 
-11.514559 39.763523 -30.734549 
-12.298977 39.264292 -30.366504 
-12.939867 39.381513 -29.607874 
-13.271855 38.446195 -29.730204 
-13.657774 38.591282 -30.641256 
-14.260896 38.228154 -31.351455 
-13.398013 37.774652 -31.574542 
-14.151296 37.277059 -32.004619 
-14.190837 37.289702 -33.003757 
-13.646658 38.128265 -33.029883 
-12.858362 37.773312 -32.527293 
-12.078308 38.364518 -32.732213 
-11.893923 37.605402 -32.107917 
-11.616342 36.868207 -32.723947 
-11.280491 37.290089 -33.566099 
-10.300410 37.479582 -33.625545 
-10.939469 38.177861 -33.948054 
-10.753829 39.159065 -33.895369 
-10.757265 40.156405 -33.822561 
-9.918748 39.786921 -34.223025 
-9.189317 40.405301 -34.515491 
-8.712226 41.163908 -34.071757 
-8.380185 41.046498 -33.135827 
-8.552969 41.374954 -32.207246 
-7.663463 41.622594 -32.591245 
-7.006147 41.363103 -33.298776 
-7.456419 40.511692 -33.029785 
-7.981675 39.724968 -33.354085 
-7.290480 39.027260 -33.165795 
-7.440029 38.998669 -34.154136 
-8.171001 39.474188 -34.643586 
-9.002255 39.125114 -34.210962 
-9.140198 39.135720 -33.220579 
-9.824514 38.409864 -33.290193 
-9.675374 38.865102 -32.412403 
-8.945503 38.197310 -32.558496 
-8.073758 38.183212 -32.068739 
-8.286168 37.213602 -31.947334 
-8.819672 36.545434 -32.465913 
-9.086513 35.607119 -32.685826 
-9.751344 36.042687 -32.078965 
-10.032774 35.140300 -31.752632 
-10.841288 35.687408 -31.969378 
-10.864051 36.317660 -31.193321 
-11.756493 36.504569 -31.603944 
-12.428049 36.102972 -32.226625 
-13.289590 36.572726 -32.419184 
-13.232667 35.987721 -31.610155 
-14.034819 36.421826 -31.200147 
-14.890560 36.828439 -30.880188 
-15.085058 37.641546 -30.331529 
-14.318311 37.725837 -29.695138 
-14.845111 37.798533 -28.848263 
-15.496848 37.047581 -28.954605 
-16.031446 36.454992 -28.352074 
-15.057685 0.399470 7.024967 
-15.009934 0.403814 6.026117 
-15.294902 -0.465319 5.621888 
-15.096614 -1.121965 4.894221 
-14.981936 -1.976575 5.400670 
-15.596969 -2.021807 6.187872 
-15.981430 -1.155130 6.505771 
-16.552312 -1.799735 7.014278 
-16.244592 -1.966582 7.951012 
-16.036280 -1.399208 8.747688 
-15.306299 -1.661102 8.116388 
-14.813831 -2.402667 7.660805 
-15.220344 -3.182065 7.184060 
-16.193691 -3.096106 6.971440 
-16.397637 -3.714730 6.212684 
-16.293259 -4.679755 6.453168 
-16.056085 -4.456047 5.507809 
-15.366395 -4.171022 6.173459 
-14.860184 -3.310245 6.120431 
-14.459099 -3.363993 5.205968 
-14.075196 -2.703009 4.561206 
-13.662965 -2.422447 5.428011 
-13.214424 -2.107477 6.264435 
-13.209553 -2.855211 6.928415 
-12.253468 -2.709815 6.673934 
-11.703432 -3.505704 6.420910 
-12.576668 -3.850501 6.765257 
-13.165683 -3.964201 7.565340 
-13.800751 -4.728564 7.453813 
-13.399431 -5.614050 7.688027 
-13.051879 -6.551287 7.659842 
-12.283861 -6.599662 7.021243 
-13.042893 -6.072430 6.639278 
-13.699631 -6.796779 6.429480 
-14.663577 -6.534433 6.384970 
-14.952830 -6.229194 7.292252 
-14.065647 -6.524585 7.646724 
-14.766547 -6.337128 8.334910 
-15.086032 -5.530150 8.831614 
-15.505447 -4.956829 8.127772 
-15.814941 -5.269544 7.229762 
-15.853716 -6.055976 7.846221 
-16.689185 -6.605277 7.830150 
-17.174633 -5.796734 7.497587 
-17.299823 -5.560458 6.533999 
-17.259741 -4.617437 6.864308 
-18.014198 -4.490078 7.508183 
-18.217887 -4.363337 8.478980 
-19.025614 -4.945722 8.570660 
-18.609950 -4.974451 9.479724 
-18.451947 -4.000587 9.642892 
-17.571300 -4.473925 9.663205 
-17.359046 -4.055330 10.546227 
-16.798559 -3.282405 10.843618 
-16.134763 -4.001787 10.639006 
-16.232616 -4.312164 11.584570 
-16.096576 -4.152824 12.562375 
-16.621989 -3.379566 12.917358 
-17.420530 -3.596099 13.479004 
-17.023899 -2.773209 13.885865 
-16.331419 -2.055437 13.958495 
-15.727381 -2.850142 13.898641 
-15.465570 -1.992613 13.455811 
-14.776398 -2.436257 14.028717 
-14.406065 -2.433619 13.099821 
-13.408436 -2.501276 13.112370 
-12.704026 -1.804728 12.975881 
-11.714646 -1.932361 12.906337 
-12.088752 -1.379853 13.651172 
-11.473540 -1.774404 14.333699 
-11.925538 -2.532969 14.803035 
-12.734268 -2.253443 15.320550 
-12.710189 -3.242976 15.462835 
-13.441880 -2.717887 15.897474 
-13.894885 -3.461790 16.388794 
-13.909236 -3.747587 17.346977 
-14.846217 -3.766671 17.695835 
-15.609182 -4.413085 17.690046 
-15.857894 -4.941663 16.878413 
-16.327396 -5.739277 17.257068 
-15.451776 -5.706181 17.738933 
-14.828662 -5.012204 18.099661 
-15.119755 -5.467442 18.941102 
-15.521559 -6.158855 19.541520 
30.880515 15.177710 24.430207 
30.585626 16.084234 24.128123 
29.812416 15.450200 24.116014 
29.866783 16.020688 23.296510 
28.929678 15.758702 23.527157 
28.538027 15.624578 24.437443 
28.680044 15.754358 25.418762 
27.753222 15.961741 25.105721 
28.152218 16.823491 24.792370 
27.369253 17.355151 25.115328 
27.827841 18.033832 24.541665 
28.469805 17.434968 24.062870 
28.465594 17.965769 23.215384 
29.309368 17.451598 23.061522 
28.750342 16.807481 22.539408 
28.739832 17.311967 21.676052 
29.075520 16.438462 21.323488 
28.277198 15.970925 20.943893 
27.577105 16.576819 21.321733 
27.292495 15.892324 21.992898 
26.329415 15.860332 21.725592 
25.382877 15.539825 21.762214 
25.692867 14.589581 21.731517 
26.359377 13.906208 22.029452 
26.998134 13.723277 21.282106 
27.758319 13.767929 20.633936 
28.489183 14.016974 21.269399 
29.357487 13.536315 21.146856 
29.523992 14.510825 20.996497 
30.387730 14.932475 20.720513 
30.694430 14.707719 19.795624 
29.891840 14.139632 19.613616 
30.513484 13.390027 19.840884 
31.345018 12.846451 19.955239 
32.132601 12.291595 20.223282 
32.089078 13.037778 20.887599 
31.988322 12.840294 21.862713 
32.903781 12.440931 21.912163 
32.170408 11.764792 21.841449 
31.255701 11.961073 21.488201 
31.672586 11.184740 21.015429 
31.329457 10.318235 20.652893 
31.772693 9.666065 20.037900 
31.019359 9.137772 19.646245 
31.087789 9.957780 19.077999 
31.149211 9.309190 18.319344 
30.425021 9.574816 17.682955 
29.988322 10.296396 17.145725 
30.233767 10.354093 16.178033 
29.689659 10.380375 15.339430 
29.171117 10.952568 14.704049 
28.908893 10.178049 14.128411 
28.599128 10.066938 15.072710 
27.815220 10.280139 15.655834 
27.821657 10.056831 16.630561 
28.529816 10.289984 17.297007 
28.423228 11.238985 17.000298 
27.913112 11.797480 17.654412 
27.594390 12.413659 18.374648 
26.842126 13.040856 18.172847 
26.831527 14.028740 18.327681 
25.972207 13.658287 17.975072 
26.102657 14.120174 17.097779 
26.484045 13.798193 16.231251 
27.215909 14.353832 16.625763 
27.838996 13.862803 17.234576 
27.872308 12.962344 16.800911 
28.857343 13.048510 16.651640 
29.531581 12.834442 17.358448 
29.401270 11.916689 16.983283 
30.138092 11.295501 17.250151 
31.114398 11.392670 17.443503 
31.131894 10.594449 18.045614 
31.983400 10.343340 17.585309 
32.519144 10.016476 16.806760 
33.270973 9.362607 16.891660 
34.185369 9.760036 16.814647 
34.718332 8.937089 17.011393 
35.654502 8.760418 16.707462 
36.383227 8.911891 17.375306 
36.468802 8.994882 18.368175 
36.655585 9.974179 18.446208 
42.567315 -16.490590 65.016207 
41.665658 -16.541180 64.586724 
40.982794 -17.270324 64.541514 
40.710348 -17.848227 63.772228 
40.411652 -18.766412 63.512002 
41.289989 -18.876800 63.977124 
41.865114 -19.585483 63.568467 
41.897932 -19.810334 64.542307 
42.453509 -20.641493 64.519741 
42.526223 -21.124160 63.646961 
43.258076 -21.294160 64.306877 
43.756970 -21.706050 65.069407 
43.545672 -20.864607 65.566726 
43.580208 -20.430099 66.466732 
42.939468 -20.169140 67.188779 
42.771954 -19.370669 67.767038 
43.025993 -18.984094 66.880459 
43.177242 -19.062912 65.895110 
43.151422 -19.605886 65.055758 
43.234743 -20.024227 64.151298 
43.831222 -20.409138 63.446984 
44.595263 -20.728582 62.886453 
43.809862 -20.783023 62.269864 
43.736981 -21.204093 61.365769 
43.555516 -21.480177 60.421921 
44.116813 -21.025258 59.730551 
44.602112 -20.626734 58.952306 
44.277850 -19.681262 58.921724 
43.561979 -19.580872 59.612702 
43.101449 -18.709930 59.441316 
42.616859 -17.835549 59.466399 
41.678414 -18.080387 59.222727 
41.465150 -18.124522 60.198724 
40.608008 -18.337194 60.667850 
40.525327 -17.631775 59.963898 
40.515869 -17.642048 58.963996 
40.014399 -17.551340 58.103589 
39.632324 -17.421760 57.188587 
39.417117 -18.384592 57.025365 
38.930836 -17.749611 56.425090 
38.301088 -17.625822 55.658217 
37.849745 -18.498780 55.473198 
37.428640 -19.400715 55.377361 
38.094174 -19.470262 54.634241 
38.868183 -18.839078 54.684398 
39.765704 -19.172003 54.973565 
40.191729 -19.803595 55.621326 
41.022269 -19.401016 56.006207 
41.232501 -19.941869 55.191786 
42.172457 -19.602259 55.157904 
42.041719 -19.550143 54.167857 
42.176725 -18.578574 53.973370 
42.008883 -18.177060 54.873713 
41.695319 -17.628188 54.098847 
42.667928 -17.700240 53.877849 
43.217757 -18.533969 53.827005 
43.222061 -19.303897 54.465121 
43.501176 -19.138240 55.410981 
44.322045 -18.604598 55.207512 
44.420945 -19.557308 54.920174 
43.994013 -19.975340 54.118315 
43.189077 -20.550402 54.264539 
43.742339 -21.368406 54.421925 
43.902368 -21.754638 55.330339 
44.778731 -21.449803 54.957429 
44.907197 -22.433180 54.829108 
45.020848 -23.340511 55.233872 
45.000450 -24.161520 55.804423 
45.998539 -24.221904 55.817558 
46.370321 -23.955870 54.928174 
47.287187 -24.131182 55.286814 
46.752213 -24.967287 55.165438 
46.919984 -25.408144 54.283680 
47.478506 -26.236727 54.244911 
48.406426 -25.866042 54.205447 
48.756650 -26.570794 53.588464 
48.319232 -25.824656 53.086525 
47.478822 -26.358424 53.180343 
46.824053 -25.612178 53.300321 
46.462198 -25.000500 52.596821 
11.468715 -47.068690 48.602207 
11.903557 -47.319834 47.737430 
11.886995 -47.031122 46.780158 
11.774896 -46.161095 47.260248 
12.615331 -46.310429 46.739318 
12.728794 -46.663223 47.668114 
13.331725 -47.391042 47.341385 
13.294181 -48.390323 47.336096 
14.176018 -48.609406 47.753670 
14.612590 -49.184867 48.445226 
15.244660 -48.809384 47.767361 
15.580152 -48.266199 48.537034 
15.983342 -47.399478 48.830687 
16.480938 -46.588814 48.522106 
17.341897 -46.281923 48.927775 
17.116473 -45.663410 48.175029 
16.637796 -44.984170 48.731357 
16.072632 -44.170141 48.597390 
15.869181 -43.722195 47.726785 
15.993485 -44.633089 47.333313 
16.847776 -44.309692 47.740253 
17.087476 -43.692695 48.489826 
17.181020 -43.026054 47.750340 
17.477425 -42.203486 48.235651 
16.506014 -42.057124 48.048730 
15.523661 -42.239160 48.005773 
15.858517 -42.547315 47.115317 
15.861584 -41.979561 46.292124 
15.912542 -40.988056 46.172456 
16.756152 -40.906685 46.703211 
16.816562 -41.903135 46.761839 
17.760554 -41.574225 46.735446 
18.187089 -41.064296 45.988424 
19.029532 -41.218405 45.472150 
19.725718 -40.962275 46.142763 
19.805295 -41.679975 46.834553 
19.210113 -42.180425 47.463290 
19.618809 -41.464264 48.029048 
20.022160 -41.136177 48.883253 
20.843873 -40.791302 49.336959 
21.073318 -39.818557 49.303443 
20.272274 -39.815699 49.902043 
19.478542 -39.268437 49.636537 
20.011147 -38.540772 50.068781 
20.528720 -38.249098 49.264390 
21.353937 -37.984425 48.765426 
21.697703 -37.049508 48.853489 
20.723525 -36.870830 48.991511 
20.119806 -36.119455 48.725127 
19.410531 -35.741277 48.130224 
18.942577 -34.978341 47.684187 
18.049060 -35.413654 47.794319 
18.168693 -35.494823 48.783814 
17.567846 -35.550481 49.581238 
18.274706 -36.246757 49.705933 
18.219286 -36.791653 48.869263 
17.688006 -36.297547 48.181077 
17.129949 -37.064621 47.864580 
16.771495 -36.880169 46.949436 
16.810870 -37.762522 46.480498 
16.981679 -38.519940 47.110690 
16.784597 -39.371622 47.596279 
16.060523 -38.705806 47.776295 
15.926594 -39.069146 46.854315 
15.236968 -38.668946 46.250779 
14.491579 -38.006998 46.329645 
14.192216 -38.808716 45.812315 
14.911137 -38.542563 45.170197 
14.376213 -37.897992 44.623951 
14.583969 -38.299640 43.732034 
15.267731 -39.028409 43.768988 
16.106112 -39.568976 43.839024 
16.331720 -39.239443 42.922231 
15.920277 -40.058105 42.521596 
16.258193 -40.798314 41.940301 
16.569702 -40.828409 42.890068 
16.376337 -41.427192 43.667286 
15.552506 -41.067119 44.105064 
5.508815 -2.461970 67.736807 
5.117610 -3.337053 67.451872 
4.543433 -3.680442 68.195113 
4.523360 -4.587132 67.773792 
5.118367 -4.976660 68.476811 
4.188029 -5.343100 68.490705 
4.219869 -5.090047 69.457634 
3.644960 -4.851283 70.240239 
2.855883 -4.652121 70.821352 
2.126084 -5.111632 71.327556 
2.751506 -5.783172 71.724898 
1.800916 -6.093229 71.709272 
1.388074 -5.544867 72.436500 
2.341455 -5.334155 72.652519 
2.432737 -4.338375 72.643060 
2.585444 -4.183118 73.619060 
3.256881 -4.923396 73.653126 
3.418083 -4.186925 74.310108 
3.822059 -3.278163 74.414772 
4.126068 -2.495405 73.871754 
3.486163 -2.493404 73.103302 
3.378784 -3.139385 72.347539 
2.784435 -3.731425 71.803261 
2.299111 -3.793656 70.931144 
1.755423 -3.188033 71.512198 
1.077470 -3.914041 71.627487 
0.849495 -4.886600 71.581050 
0.635491 -4.823516 72.555844 
0.155163 -4.457757 73.353030 
0.403521 -3.715501 72.730635 
1.000331 -3.195744 73.341921 
0.990470 -2.264534 73.706270 
0.766371 -1.336645 73.408272 
0.966255 -1.035889 74.340792 
0.651577 -0.121967 74.597161 
0.314617 0.723516 75.011426 
-0.155627 1.262362 74.312487 
-0.726162 0.800053 74.991280 
-1.507743 1.032971 74.412590 
-1.976112 0.977258 75.294365 
-2.169615 1.893431 75.645339 
-1.668373 1.766149 76.501234 
-0.733194 1.471854 76.304178 
0.257088 1.401084 76.423898 
0.319342 0.482184 76.813443 
1.268964 0.186688 76.917848 
2.244542 0.003379 76.796828 
2.550525 0.273062 75.883786 
2.072022 -0.573186 75.649479 
1.990308 0.137260 74.950488 
1.575521 0.926699 74.498008 
2.073493 1.259099 73.697050 
2.750371 0.718162 74.196273 
3.071694 -0.100904 73.721002 
3.918622 -0.531106 73.408527 
3.340023 -1.316409 73.628804 
3.790958 -1.466340 74.508678 
4.061038 -1.119931 75.407042 
3.614608 -1.552175 76.190537 
3.256561 -2.474566 76.335439 
2.899021 -2.762065 77.223983 
2.354838 -2.162242 76.637402 
1.432694 -2.316653 76.282708 
2.178366 -2.391595 75.620622 
3.080693 -2.067939 75.335923 
2.886312 -3.027954 75.134461 
3.782189 -3.188836 75.548611 
3.185975 -3.927764 75.862481 
3.556493 -4.854194 75.795829 
3.436836 -5.226109 74.875307 
4.090721 -5.676519 74.267389 
3.869250 -6.121531 73.399682 
4.408136 -6.667885 72.758511 
4.588206 -5.750459 72.403683 
5.383174 -5.162321 72.552410 
6.329373 -5.484952 72.577273 
23.825615 81.346410 6.205847 
23.896053 81.494981 5.219457 
24.697017 81.890193 4.769719 
24.289791 82.802957 4.737640 
24.973654 83.065424 5.418406 
25.955453 82.966354 5.580445 
25.626481 83.780813 5.102497 
26.348559 83.866047 5.789039 
27.215749 84.263093 5.488479 
27.709518 83.412158 5.667646 
28.048447 82.863197 6.431694 
28.648252 83.617203 6.163909 
28.157778 83.704798 7.030951 
28.118547 84.681542 6.820161 
28.374894 84.588814 7.782288 
28.533953 84.618621 8.769107 
29.134943 83.819441 8.780238 
29.487031 84.301638 7.978041 
29.685403 85.273697 7.852536 
29.550592 86.263953 7.887450 
29.992405 87.141472 8.073893 
30.702724 87.649322 8.561270 
30.902765 87.384168 7.618043 
31.575036 88.076052 7.354702 
31.557353 87.977965 6.359681 
31.279443 88.746723 5.783679 
31.501380 89.120325 4.883032 
31.529818 88.722051 3.966206 
31.792013 89.313962 3.204041 
31.750859 88.766570 2.368178 
32.029673 89.062943 1.454709 
32.843280 89.600621 1.675948 
33.207191 88.853510 2.232180 
34.096308 89.154005 1.886964 
33.850284 90.069828 2.204362 
34.836370 89.990440 2.350416 
34.828946 90.662860 3.090548 
35.620997 91.259013 2.959181 
36.339696 91.855306 3.316822 
36.507230 92.173552 2.383735 
35.724484 92.794680 2.344892 
35.038248 92.509109 1.675915 
34.713218 93.386331 1.322591 
33.918062 92.928857 0.924540 
34.445253 93.212382 0.123488 
35.431207 93.053779 0.175834 
35.447890 94.045819 0.051018 
35.159259 95.001736 -0.002971 
35.520857 95.925959 -0.125682 
35.229913 96.632036 0.519924 
34.885074 95.967338 1.182694 
34.532691 96.375176 2.025008 
35.095925 95.551003 2.084211 
36.080710 95.567134 1.911183 
36.044191 96.203853 2.681414 
35.753392 96.287075 3.634572 
36.455711 96.982717 3.483476 
36.434659 97.556528 4.302193 
36.014322 98.240579 4.898340 
35.284272 98.793077 5.300550 
35.404606 99.780857 5.201498 
36.054885 100.379538 4.733824 
35.211382 100.833550 5.020838 
35.512091 100.736374 5.969590 
35.382424 100.961617 6.935226 
36.270579 101.258949 6.584835 
36.439431 101.789369 7.415584 
36.173781 102.731194 7.621486 
5.471515 40.517010 38.569807 
4.815014 39.859973 38.199254 
4.521653 40.812678 38.278591 
3.991634 41.641225 38.098068 
4.252767 42.249819 38.847350 
4.349406 42.145312 39.837167 
4.615224 42.073905 40.798542 
4.075810 41.264435 40.566611 
4.738180 40.723939 40.047832 
5.694546 40.770905 39.759463 
5.875737 41.084578 40.691546 
6.673338 40.640069 40.283816 
6.984839 41.173268 39.497264 
6.218346 41.522926 38.958535 
5.493454 42.000005 39.455452 
5.313022 42.893372 39.043942 
5.332620 43.599280 39.751974 
4.629889 43.977662 39.149482 
4.558658 44.656372 38.418538 
4.005414 43.942439 37.989329 
3.154759 43.420754 37.924279 
3.352493 43.754534 38.845958 
3.697111 43.250487 39.637901 
4.174632 43.920402 40.206396 
4.853481 44.534660 40.608704 
5.434875 43.752938 40.834298 
6.220112 43.847058 40.222298 
5.744614 44.600699 39.768508 
5.329780 45.386763 40.226783 
6.075238 45.107653 40.832084 
6.194770 44.328143 41.446963 
6.150940 44.461408 42.437074 
5.254326 44.866412 42.616116 
5.115654 44.027869 42.089223 
5.360066 43.089369 41.845338 
4.687301 43.076346 41.105595 
3.759909 42.718148 40.997719 
3.738552 43.688741 41.237494 
2.778251 43.430123 41.342080 
1.818824 43.660173 41.505105 
1.287595 43.827256 40.674516 
1.128991 44.762117 40.356902 
1.500881 44.850979 39.432888 
2.368129 45.048446 39.889931 
2.352106 44.120626 39.517248 
2.053669 43.225154 39.186998 
2.589814 42.909565 39.969911 
2.949995 41.976726 39.978926 
3.325023 41.057105 39.862084 
2.440773 40.766024 39.496878 
3.146465 40.521342 38.831950 
2.693043 39.670885 38.565247 
2.139604 40.422118 38.205588 
1.540221 39.697414 38.545508 
1.441695 38.746560 38.251962 
1.489925 38.548081 37.273045 
2.220984 38.608712 36.593429 
1.437275 39.189314 36.372745 
0.593535 39.442137 35.899265 
1.196739 40.239325 35.874029 
1.456319 41.059478 36.383898 
2.207414 40.728494 35.812666 
2.578505 40.637423 34.888546 
2.848192 39.836988 34.353221 
2.080990 39.928365 33.718358 
-26.300085 40.199410 -56.199793 
-25.352754 40.304947 -55.897426 
-25.571739 40.624405 -56.819376 
-25.301898 39.672416 -56.963956 
-26.223356 39.392564 -57.233394 
-26.965989 39.782855 -57.777608 
-27.061714 40.741936 -58.044068 
-27.936601 40.681816 -57.563487 
-27.518533 40.358607 -56.714513 
-28.483300 40.564366 -56.550534 
-28.717564 39.648298 -56.876017 
-28.877847 38.748462 -57.281731 
-29.201593 39.157023 -58.135117 
-29.140469 38.278107 -58.608162 
-28.567878 37.846524 -59.305210 
-28.952441 38.444100 -60.008782 
-29.599856 37.955802 -60.593948 
-30.369089 37.725040 -61.189791 
-30.496675 38.518148 -60.594223 
-31.064893 37.710815 -60.435032 
-31.640135 37.349357 -61.168820 
-30.914091 36.772220 -60.794958 
-30.282260 36.242866 -60.228765 
-31.149467 35.759847 -60.349780 
-30.938320 34.797154 -60.180554 
-31.649147 34.595034 -60.854255 
-31.907909 35.547058 -61.017633 
-32.752332 35.902430 -61.418456 
-33.473178 36.068400 -60.745525 
-33.399721 36.894811 -60.187271 
-34.048540 37.200951 -60.883914 
-34.741809 37.108308 -60.169215 
-34.177206 36.579927 -59.535152 
-35.042358 36.101776 -59.686424 
-35.014471 36.067269 -60.685440 
-34.268153 35.504681 -61.041115 
-33.986810 35.941728 -61.895419 
-33.341382 36.695875 -62.016605 
-33.670876 36.451858 -62.928685 
-34.302238 36.579202 -63.693645 
-33.991824 37.187721 -64.423952 
-33.335113 37.935822 -64.328682 
-32.804350 38.110107 -65.158089 
-31.880865 37.767620 -65.330939 
-31.264834 37.710785 -66.116608 
-30.282485 37.641168 -65.942987 
-30.195951 38.607417 -66.185629 
-31.091729 38.937474 -65.887899 
-31.771099 39.362512 -65.289736 
-32.136468 40.231923 -64.957123 
-31.404600 40.228290 -65.638560 
-31.380180 40.944850 -64.941462 
-30.889348 41.809471 -65.048768 
-30.246260 42.091587 -64.336835 
-30.199260 42.577233 -63.463944 
-29.509612 43.201237 -63.096515 
-30.174888 43.864975 -63.438362 
-29.738000 44.175636 -64.282529 
-29.951319 43.257503 -64.616484 
-29.687094 42.534339 -65.254622 
-29.249399 42.035636 -66.002765 
-28.355205 42.309246 -65.648428 
-27.709166 41.951855 -64.973961 
-26.867689 41.455277 -65.186863 
-25.934962 41.121187 -65.322519 
-25.654002 40.163024 -65.267878 
-25.387541 39.203890 -65.363069 
-25.925913 38.970612 -66.172845 
-25.539783 38.075946 -65.948175 
21.585815 17.131310 -20.271993 
21.908872 16.204875 -20.465259 
22.189882 15.497655 -19.816511 
22.776385 14.694213 -19.918958 
22.357773 14.267470 -19.117302 
23.134373 14.764916 -18.730728 
23.649054 14.153412 -18.129756 
24.003762 13.731595 -18.964173 
24.046992 12.828486 -19.391402 
24.729744 13.398817 -19.848099 
24.999972 12.463201 -20.075253 
24.313162 12.093486 -20.701035 
24.089988 12.452368 -21.607344 
23.564010 11.741133 -22.073704 
24.454987 11.518282 -21.678107 
24.407369 10.653950 -22.178771 
25.298964 10.434717 -21.782546 
25.730324 10.688126 -22.648405 
25.707779 11.546366 -22.135651 
26.294899 11.942694 -22.841495 
27.058733 11.927694 -22.196257 
27.373082 11.104757 -22.669501 
26.599754 10.769527 -22.131371 
27.055680 9.968205 -22.518688 
27.009717 9.417949 -21.684959 
26.162407 8.952174 -21.429776 
25.280444 9.414715 -21.339233 
24.661183 8.774489 -21.793795 
24.607301 8.532091 -22.762474 
23.647755 8.254409 -22.715953 
23.206963 8.698363 -23.496085 
22.406292 9.163261 -23.873968 
22.197878 9.945953 -24.460447 
22.779171 10.517289 -23.881074 
23.511038 10.487792 -23.200265 
22.771682 10.025381 -22.710848 
23.479087 9.747034 -22.061155 
23.087697 10.299433 -21.325174 
22.984786 11.072400 -20.699129 
22.163055 10.986161 -21.262441 
22.140989 11.930042 -20.932892 
22.176756 12.406185 -20.054252 
21.848721 11.494853 -19.805520 
21.634356 11.719800 -18.855021 
21.872373 10.749140 -18.820849 
20.954833 10.825851 -19.211022 
21.425859 9.943732 -19.211353 
21.615854 9.776482 -20.178787 
21.339216 9.681544 -21.135061 
21.060907 8.837694 -20.676301 
21.454038 8.347849 -21.454439 
21.910811 7.867741 -20.705536 
22.315284 8.718463 -20.369868 
22.457142 8.677012 -19.380849 
22.099905 8.746572 -18.449429 
22.045010 9.369561 -17.669127 
22.995050 9.136504 -17.876753 
23.652695 9.888031 -17.824686 
23.966918 10.834944 -17.756725 
23.644495 11.779217 -17.823009 
22.652434 11.716383 -17.931940 
22.945912 12.489358 -17.369463 
23.107888 11.851835 -16.616252 
22.258030 12.241258 -16.261161 
-4.822585 -56.208290 -32.334993 
-4.026130 -56.365824 -32.918810 
-3.486804 -55.773527 -33.517402 
-3.686136 -55.763010 -34.497277 
-4.378220 -56.024643 -35.170008 
-4.036314 -55.086596 -35.226296 
-4.555619 -54.403474 -35.739781 
-4.450720 -54.680286 -36.694962 
-4.060926 -55.516004 -37.081791 
-4.936343 -55.998679 -37.107670 
-5.552079 -56.748911 -36.866796 
-6.177839 -56.349480 -36.196812 
-5.640617 -56.295353 -35.355110 
-6.205683 -56.355425 -34.532254 
-6.523193 -55.474518 -34.883240 
-6.751994 -55.116571 -35.788515 
-6.390061 -54.947091 -36.705183 
-6.497046 -54.093510 -37.215040 
-7.246779 -53.451439 -37.054899 
-6.825766 -52.841473 -37.726234 
-7.599808 -52.284387 -37.425377 
-7.359463 -51.408126 -37.007764 
-7.104468 -51.775051 -36.113145 
-8.062122 -52.055521 -36.048056 
-7.823274 -51.487561 -35.260418 
-8.246935 -51.972915 -34.495603 
-7.401307 -51.717181 -34.027082 
-6.603517 -51.884451 -33.447814 
-6.525635 -52.671066 -34.060326 
-5.814520 -51.977238 -34.173984 
-5.448370 -52.830226 -33.802035 
-5.954358 -53.689790 -33.730449 
-6.852835 -53.847288 -34.140246 
-6.873866 -54.094557 -35.108964 
-7.731858 -54.056951 -34.596681 
-8.709198 -54.226757 -34.470294 
-9.144089 -54.363721 -35.360300 
-9.695579 -53.587580 -35.666019 
-9.555103 -53.048357 -36.496384 
-9.317484 -52.077570 -36.529702 
-8.902218 -51.774688 -37.387500 
-8.940333 -51.646305 -38.378491 
-7.989194 -51.545815 -38.670441 
-8.658496 -51.125094 -39.282837 
-7.989505 -50.452924 -39.600072 
-7.650046 -51.333620 -39.930438 
-7.394268 -52.221201 -39.547322 
-7.298010 -53.023345 -40.136643 
-7.752264 -53.251983 -39.275609 
-7.883455 -52.936088 -38.335929 
-8.714474 -53.482045 -38.442409 
-9.610099 -53.876083 -38.648783 
-9.473180 -54.617167 -37.991479 
-10.425213 -54.703998 -38.284896 
-10.720916 -54.106409 -37.539613 
-11.636864 -54.288830 -37.182175 
-11.030693 -55.051917 -36.957998 
-11.211608 -54.981260 -35.977040 
-10.699244 -55.242955 -35.159117 
-10.232906 -54.726625 -34.440832 
-9.601915 -55.478361 -34.249148 
-9.022912 -56.290426 -34.176295 
-8.551703 -55.467242 -33.859544 
13.793015 -4.668330 -43.443493 
14.671641 -4.836986 -42.996760 
15.255453 -4.668369 -43.790947 
15.748018 -4.001902 -44.350591 
16.389609 -4.528588 -43.792950 
16.724597 -4.021105 -42.999071 
17.453738 -3.580469 -43.522706 
16.722060 -3.168658 -44.065900 
16.466204 -2.786197 -44.953741 
16.352947 -1.947428 -45.486320 
17.037496 -2.143525 -46.188416 
16.398988 -2.822051 -46.551610 
16.490063 -3.749753 -46.189569 
16.345569 -4.123185 -47.105904 
15.888940 -4.890958 -46.656445 
15.497005 -4.912041 -47.576196 
15.216375 -4.043793 -47.985330 
14.519912 -3.352954 -47.791212 
14.463798 -3.659045 -46.840864 
14.382662 -2.662369 -46.833471 
13.582615 -2.670377 -46.233588 
12.851527 -2.350581 -45.630893 
12.549319 -2.677970 -44.735636 
12.003771 -3.477977 -44.985370 
11.363293 -4.229134 -44.825529 
11.636907 -4.772240 -44.031695 
10.909508 -4.185131 -43.676457 
10.784899 -3.518342 -42.941703 
9.940353 -4.053822 -42.943677 
10.347301 -4.188622 -42.040226 
10.518214 -4.428136 -41.084495 
10.036765 -5.113185 -40.537765 
10.613255 -5.738255 -41.064023 
10.853400 -6.384600 -41.788294 
9.925761 -6.464808 -41.423531 
9.485036 -5.927189 -42.142368 
9.800754 -6.007333 -43.087830 
10.113328 -5.517455 -43.901659 
9.601464 -5.845528 -44.695612 
8.612175 -5.727815 -44.609292 
8.868160 -5.384149 -45.512821 
9.311439 -6.257554 -45.714483 
9.901300 -6.873388 -46.236798 
9.057566 -7.409686 -46.259113 
8.501590 -7.039463 -45.514919 
7.667210 -7.545191 -45.295720 
7.812037 -8.534583 -45.307072 
8.167061 -8.831349 -44.420569 
7.429162 -8.495905 -43.834922 
7.302086 -7.531468 -44.066681 
7.264456 -6.568683 -43.799047 
7.143838 -6.058534 -42.947460 
6.282115 -5.585620 -43.131268 
6.184779 -5.313565 -42.173922 
7.004721 -5.410282 -41.609704 
7.107410 -5.267098 -40.625350 
6.115907 -5.259761 -40.755232 
5.176503 -4.984414 -40.959445 
5.339229 -4.017975 -41.158230 
5.024171 -3.500270 -41.953668 
4.251563 -2.947995 -42.266827 
3.848888 -3.742846 -41.812883 
3.742696 -4.488420 -41.154974 
-41.624085 53.312110 -3.862993 
-41.027615 53.302542 -4.665570 
-40.244189 53.828493 -4.996658 
-40.637279 54.451483 -5.672945 
-39.661231 54.395067 -5.883059 
-39.160950 54.394403 -6.748922 
-39.934139 53.952982 -7.204254 
-40.452326 54.160177 -8.034044 
-39.950362 54.823546 -8.588998 
-39.303893 55.278329 -7.976422 
-39.283485 56.107563 -8.534951 
-39.737990 56.764976 -9.135977 
-39.903253 56.652066 -10.115742 
-39.773591 57.411097 -10.753755 
-40.266912 58.128651 -11.245437 
-40.745338 57.251888 -11.196483 
-41.483679 57.899734 -11.383959 
-41.956004 57.251428 -10.786793 
-42.708172 56.998550 -11.395313 
-43.265475 57.826445 -11.458582 
-43.899377 58.581296 -11.627013 
-44.309567 57.834437 -11.103615 
-45.001266 58.358001 -11.601041 
-45.831397 58.418937 -11.046813 
-46.311397 58.299501 -11.915913 
-47.109552 58.516170 -11.353771 
-47.315061 58.173698 -12.270548 
-48.237083 57.791150 -12.211122 
-47.555166 57.295041 -12.748584 
-47.627043 56.834075 -11.864082 
-47.832819 57.422438 -11.082106 
-48.349978 57.058575 -10.307413 
-48.909542 56.234957 -10.214991 
-48.895198 56.620792 -11.137447 
-48.621816 55.945214 -11.822178 
-49.413481 55.899037 -12.431387 
-50.304757 56.341485 -12.530710 
-51.072549 56.955893 -12.712369 
-51.295145 57.638655 -13.408276 
-51.445746 57.551516 -14.393023 
-52.301289 57.232125 -14.800497 
-51.879207 56.589335 -15.439769 
-51.325401 57.416915 -15.531483 
-50.431364 57.415291 -15.083494 
-50.404833 56.439999 -15.302814 
-50.703342 55.812320 -16.021779 
-49.804358 55.510180 -16.338858 
-49.196495 55.849764 -17.056622 
-48.643737 55.525358 -16.289016 
-47.914054 54.990736 -15.862703 
-47.807849 55.942397 -15.574499 
-46.826716 55.758488 -15.634136 
-46.659362 56.360909 -14.853700 
-46.713363 56.866489 -15.714789 
-46.090549 57.247618 -16.398048 
-46.191972 57.209983 -17.392179 
-45.962676 56.257070 -17.590623 
-46.787072 55.717340 -17.761102 
-47.241610 56.484277 -18.214095 
-47.925618 57.171252 -18.459449 
-48.238101 56.847599 -19.352535 
-48.252367 57.830638 -19.169692 
-47.279693 57.782931 -18.942471 
-46.957697 58.072632 -18.041144 
-47.724442 57.947517 -17.411503 
-48.560649 58.484189 -17.298623 
-36.269085 -73.848690 -3.224433 
-36.151407 -74.595188 -3.879331 
-35.344832 -74.201641 -3.438245 
-35.418272 -73.583846 -4.221147 
-36.039084 -72.848804 -4.493740 
-36.947714 -72.458358 -4.345609 
-37.444936 -71.592813 -4.405630 
-37.183409 -70.629218 -4.350054 
-36.440148 -71.133284 -4.789920 
-35.690371 -71.794967 -4.786939 
-35.094152 -71.907423 -3.992032 
-34.656878 -71.014546 -3.884506 
-34.984773 -70.441368 -3.133538 
-34.598245 -69.546376 -3.356219 
-34.021925 -70.044245 -2.708159 
-33.716621 -69.330350 -2.077966 
-33.447585 -68.928215 -2.953127 
-32.690076 -68.854916 -3.601823 
-33.499833 -69.356855 -3.905717 
-32.967083 -70.201639 -3.955881 
-32.475274 -70.772590 -4.613255 
-32.080502 -71.690116 -4.565287 
-31.270033 -71.858605 -5.126314 
-31.193485 -72.117106 -6.089288 
-31.198634 -71.945128 -7.074375 
-31.293061 -72.521973 -7.885752 
-31.329609 -72.753013 -8.858010 
-30.748007 -71.974902 -9.095248 
-31.514206 -72.146152 -9.714613 
-31.595647 -71.150432 -9.758321 
-32.215543 -70.944574 -10.515520 
-32.525043 -70.374418 -9.754513 
-32.513247 -69.390386 -9.576915 
-33.054387 -69.942727 -8.942812 
-32.588143 -70.779300 -8.655126 
-32.841687 -70.916590 -7.697595 
-33.577040 -70.264485 -7.513162 
-33.421370 -69.293303 -7.693638 
-32.425407 -69.370553 -7.647913 
-31.582201 -69.675705 -8.090502 
-31.731716 -70.560711 -7.649583 
-31.264274 -70.691239 -8.523917 
-30.506235 -71.310051 -8.317887 
-29.517607 -71.428872 -8.225710 
-29.230417 -71.058555 -9.109105 
-29.210460 -70.060211 -9.055154 
-29.848713 -70.292487 -8.321205 
-29.731197 -69.512327 -7.706762 
-30.649760 -69.129230 -7.609400 
-31.364263 -68.431478 -7.558143 
-30.914990 -67.961149 -8.317711 
-30.859487 -68.845167 -8.781857 
-30.876592 -69.711487 -9.281054 
-30.959316 -69.182544 -10.125670 
-30.957824 -68.266613 -10.527003 
29.639915 -48.579590 -5.134393 
29.050130 -48.751798 -5.923378 
28.447714 -47.984258 -5.704340 
27.739574 -48.554873 -6.120196 
27.774974 -48.589656 -5.121429 
28.040819 -48.259778 -4.215611 
28.037322 -48.011611 -3.246900 
27.986692 -48.986594 -3.463335 
27.364357 -49.323794 -2.756938 
26.676635 -49.151863 -2.051617 
25.926739 -48.734845 -2.565185 
26.250984 -47.813849 -2.349240 
27.202674 -48.103027 -2.452506 
27.033309 -47.321076 -3.052395 
27.635483 -46.555117 -3.277547 
27.704576 -46.660634 -2.285533 
27.689259 -45.862041 -1.683856 
27.857743 -46.615028 -1.047756 
28.784447 -46.239566 -1.063481 
28.869629 -47.109800 -1.548700 
28.616353 -47.997337 -1.163824 
28.156104 -47.646316 -0.348376 
28.834123 -48.115043 0.217826 
29.557593 -48.041548 -0.468608 
30.487080 -48.189761 -0.130841 
30.859940 -48.177085 -1.058642 
30.622859 -47.331179 -1.536381 
31.240257 -46.666254 -1.116029 
31.459797 -45.691912 -1.165622 
31.659371 -46.276243 -1.952215 
32.314068 -46.819209 -1.426326 
33.225109 -46.810542 -1.014102 
33.875546 -47.568285 -1.066613 
34.184368 -48.237901 -0.391155 
33.485235 -48.539290 0.257211 
33.443916 -49.488382 0.569487 
32.909977 -49.882704 1.317430 
33.025215 -50.862729 1.479514 
33.865099 -50.582261 1.944199 
33.675100 -50.687799 2.920294 
33.890683 -49.943015 3.551817 
34.082175 -50.709705 4.164611 
34.014008 -50.497495 5.139455 
33.086463 -50.839127 4.987971 
32.956467 -50.045292 5.582048 
31.971356 -49.922022 5.462216 
31.775515 -49.945769 4.481867 
32.694711 -50.099169 4.119174 
32.953582 -50.982882 3.729253 
31.989172 -51.232324 3.641557 
31.992315 -51.801680 4.463641 
31.399424 -50.997664 4.418486 
45.434615 -15.187690 9.244687 
44.895744 -14.802372 8.495589 
44.173344 -14.465154 9.099264 
44.138516 -13.530356 8.745796 
44.515830 -13.755244 7.847431 
43.593730 -13.795646 7.462595 
43.788791 -12.819041 7.372070 
42.800971 -12.750120 7.511571 
41.883166 -12.387277 7.350388 
41.838621 -12.784897 6.433920 
42.098822 -12.526920 5.503467 
41.451478 -11.766433 5.554509 
40.779090 -11.514116 4.858642 
40.871026 -11.212687 3.909596 
41.501719 -10.609647 4.398032 
42.016222 -9.756560 4.311260 
41.083163 -9.493534 4.556654 
41.595447 -8.804788 5.069678 
41.153284 -8.173355 5.706691 
40.352394 -7.818158 6.188780 
41.142713 -7.256276 6.433085 
40.725858 -6.520148 6.966328 
41.497084 -6.514081 7.602860 
42.200974 -7.197076 7.797940 
42.430407 -7.412904 8.747034 
42.482107 -6.416621 8.815928 
43.197868 -6.686914 8.172012 
44.024860 -7.147758 8.494046 
44.188325 -6.943150 7.528948 
45.063203 -7.369210 7.759298 
45.920947 -7.877342 7.681341 
45.283109 -7.875541 6.911172 
44.443379 -8.177158 6.459641 
43.562598 -8.646371 6.523385 
43.905663 -8.511269 7.452930 
43.663768 -8.971956 8.306894 
43.759976 -8.109566 8.803913 
43.591873 -7.801194 9.740208 
44.121937 -7.220535 10.358163 
43.918586 -7.129323 11.333011 
44.487623 -7.386840 12.113961 
44.732892 -7.447316 13.081528 
44.174487 -6.756351 13.540605 
44.504854 -6.207147 14.308220 
44.682650 -5.636029 13.506838 
45.453602 -6.137013 13.113583 
45.798399 -5.250475 12.805094 
46.323805 -5.269267 13.655738 
47.115893 -5.778210 13.318731 
47.496972 -5.624456 14.230399 
-50.582085 -10.070890 -19.203893 
-50.033111 -9.304315 -18.870739 
-50.207442 -8.703208 -18.090817 
-49.882720 -7.830051 -18.454346 
-50.077233 -7.917458 -19.431344 
-51.063476 -8.037199 -19.317379 
-52.031962 -7.810006 -19.215309 
-52.038486 -8.120031 -18.264603 
-51.228573 -8.690309 -18.401801 
-50.946896 -8.281626 -17.533678 
-51.384648 -8.793466 -16.794494 
-51.130538 -9.589487 -17.343836 
-51.210879 -9.820700 -18.313417 
-52.051932 -10.343468 -18.174336 
-51.678503 -10.993208 -17.512226 
-50.732631 -11.192619 -17.256175 
-50.230308 -10.479679 -16.766902 
-49.853003 -10.606242 -17.684303 
-49.025519 -10.360833 -18.189321 
-49.116325 -11.033177 -18.923970 
-49.353803 -11.305098 -19.856527 
-49.337006 -11.450932 -20.845693 
-49.457046 -11.226886 -21.812851 
-49.494171 -12.120921 -22.259306 
-50.054851 -11.881907 -23.052092 
-49.987502 -11.102420 -23.674879 
-49.324631 -11.185976 -22.930823 
-48.462193 -11.668532 -23.083597 
-47.857746 -11.110021 -22.515522 
-47.909141 -11.286922 -21.532636 
-47.700946 -10.315848 -21.415721 
-48.221725 -10.502745 -20.582739 
-48.053015 -11.186168 -19.872478 
-47.404613 -11.359200 -20.613852 
-48.044060 -12.090691 -20.377150 
-47.408040 -12.748368 -19.973493 
-47.180308 -12.671638 -19.002797 
-47.858628 -11.999152 -18.706747 
-48.836604 -12.006013 -18.915350 
-49.775166 -12.045331 -18.572487 
-50.394700 -11.412099 -19.036379 
-51.096855 -12.081737 -19.278380 
-50.983104 -12.972486 -19.718409 
-51.145383 -13.132259 -20.692133 
-50.763500 -12.269666 -21.023945 
-51.543737 -12.125296 -21.632539 
-52.074079 -11.455104 -22.151751 
-53.011879 -11.575848 -22.477254 
-65.141085 25.421210 -54.759893 
-64.142194 25.375221 -54.749843 
-64.353298 26.176907 -54.190615 
-63.816951 27.019127 -54.245350 
-63.713522 26.388274 -55.014328 
-63.596102 26.813419 -55.911804 
-62.696304 26.939460 -55.494101 
-62.955461 27.887812 -55.677039 
-62.333450 27.512298 -56.364127 
-61.714417 28.029599 -56.955057 
-61.380297 27.719660 -57.845170 
-60.901132 28.597185 -57.826482 
-60.410286 27.855929 -57.368651 
-59.833822 28.530420 -56.907401 
-59.860369 29.293042 -56.261101 
-60.843977 29.124064 -56.198166 
-60.683145 28.649516 -55.332755 
-60.611301 29.560403 -54.926402 
-60.440582 30.271898 -55.608040 
-59.530520 30.452277 -55.234876 
-59.541740 31.295024 -54.696684 
-59.440554 32.125463 -54.148841 
-60.123432 32.113288 -54.879272 
-60.504346 32.557866 -55.689984 
-59.640286 33.040168 -55.545814 
-59.347080 33.984760 -55.693388 
-58.725517 33.346687 -55.238940 
-58.760627 34.197445 -54.714556 
-58.461967 34.426580 -53.788111 
-58.797571 34.111867 -52.900234 
-59.150782 35.046298 -52.945850 
-60.005880 35.489419 -52.676681 
-36.532085 -26.132790 -50.892893 
-37.529807 -26.065365 -50.890435 
-37.735357 -25.989694 -49.914719 
-37.157766 -25.377415 -49.374808 
-37.140200 -24.397427 -49.176527 
-36.157240 -24.531564 -49.302214 
-35.429663 -23.873941 -49.497571 
-36.148775 -23.305796 -49.097461 
-36.302061 -23.930483 -48.331778 
-36.684101 -23.525530 -47.501080 
-37.624398 -23.583332 -47.836491 
-38.309239 -23.764901 -48.542200 
-37.697621 -23.101990 -48.974025 
-37.943347 -22.308818 -49.531248 
-37.006899 -22.247344 -49.185868 
-36.420116 -22.122131 -48.385863 
-35.465199 -21.830672 -48.442294 
-35.428726 -22.818773 -48.292879 
-34.722520 -23.197688 -48.890957 
-34.077954 -23.716987 -49.452083 
-33.808362 -23.545073 -50.399588 
-32.844601 -23.541968 -50.132836 
-32.551062 -24.096357 -49.354064 
-31.672782 -23.896907 -48.919501 
-31.716683 -23.102422 -48.313807 
-32.307669 -23.043268 -49.118317 
-31.510088 -22.855073 -49.691421 
-30.746745 -22.831754 -50.336993 
-30.589193 -23.507807 -49.617181 
-30.771120 -24.327468 -50.160374 
-30.225298 -25.157761 -50.047718 
-30.386215 -26.144514 -50.027096 
-30.154326 -26.307027 -50.986167 
-29.893396 -27.118789 -51.508621 
-29.215308 -26.486369 -51.883109 
-29.016189 -26.419395 -50.905425 
-28.862876 -25.684986 -50.244261 
-28.943499 -25.217650 -51.124657 
-28.264722 -24.584290 -51.496298 
-27.787420 -24.319776 -50.658316 
-27.401110 -25.095278 -51.157676 
-27.274048 -26.085627 -51.213036 
-26.755409 -25.643879 -50.481003 
-25.954403 -25.174210 -50.109788 
-25.628156 -24.242260 -50.267999 
-25.362116 -24.155793 -51.228076 
-25.390193 -23.483289 -51.967636 
-25.243702 -23.194440 -52.913737 
-24.993357 -24.154552 -53.038285 
-25.078078 -25.104508 -53.338963 
-24.684619 -24.748484 -54.186570 
-25.059132 -24.100677 -54.849960 
-24.441884 -23.715546 -55.536021 
-23.643985 -23.198069 -55.845172 
-24.079585 -22.747851 -55.065713 
-24.461206 -21.824923 -55.116405 
-25.160482 -22.111376 -54.461456 
-25.209484 -22.469755 -55.393745 
-26.026937 -22.556200 -54.824274 
-27.017781 -22.481722 -54.936888 
-27.622122 -23.276635 -54.990584 
-28.106241 -22.464651 -54.664530 
-28.358947 -22.378596 -53.700822 
-29.171883 -22.175238 -53.155128 
-29.158707 -22.462655 -52.197413 
-28.208596 -22.702260 -52.397112 
-27.312262 -22.289878 -52.559981 
-27.215004 -21.538568 -51.907238 
-28.197094 -21.473050 -52.083897 
-28.974861 -20.858121 -51.953741 
-28.623124 -20.712811 -51.028989 
-29.363374 -20.907073 -50.385333 
-29.181844 -21.738714 -50.910139 
-29.874655 -22.455115 -50.992491 
-29.333275 -22.756006 -50.207397 
-28.670698 -23.470322 -50.432663 
-27.810225 -23.238451 -49.978987 
-26.854277 -23.370346 -49.716751 
-26.242356 -22.779423 -50.242453 
-26.588494 -22.051288 -49.650838 
-27.445052 -21.973224 -49.140727 
-27.995202 -21.145440 -49.030687 
-28.217963 -21.193818 -50.004359 
-27.628779 -20.812108 -50.716512 
-27.375327 -20.275058 -49.911938 
-27.205532 -19.771620 -50.759121 
-27.465896 -20.053914 -51.682441 
-27.987763 -19.206930 -51.783798 
-27.247668 -18.663790 -52.180356 
-27.069625 -17.685883 -52.289893 
