-21.932586 9.764884 28.375795 
-21.618449 10.472102 29.009168 
-22.488458 10.935158 29.178474 
-22.615550 11.222589 28.229142 
-22.200634 11.463275 27.351695 
-21.573265 11.680615 28.099473 
-20.831520 12.166772 27.637450 
-20.586474 12.460894 28.561271 
-20.401762 13.273264 28.008155 
-20.254386 13.113109 27.032127 
-19.599777 13.383607 26.326211 
-19.079625 13.262967 25.480700 
-19.532358 12.530412 24.972373 
-18.613517 12.263140 24.682033 
-18.481701 13.243066 24.532470 
-18.542982 13.075475 23.548520 
-18.064018 13.930981 23.351790 
-18.497407 14.339026 22.548252 
-19.428155 14.621776 22.780113 
-19.940907 15.399536 23.143672 
-19.058761 15.415259 23.614385 
-18.880151 15.548807 24.589200 
-18.256253 16.074421 24.010855 
-17.395995 15.598281 23.828517 
-17.266140 16.142117 22.999433 
-16.537280 16.262706 22.325474 
-16.429501 16.899575 21.562073 
-17.258509 17.229824 21.110761 
-17.780090 17.954623 21.560894 
-18.193365 18.717722 22.057769 
-17.561817 19.103543 22.730293 
-18.085920 19.377116 23.536812 
-18.431694 20.202925 23.982325 
-19.076006 19.623059 24.480941 
-18.114826 19.424815 24.672861 
-17.958291 19.403742 25.660309 
-17.166501 18.804577 25.541694 
-17.464999 17.995160 26.047404 
-16.621614 17.552712 26.352267 
-16.194984 16.685973 26.093906 
-17.156386 16.761431 25.829308 
-17.944831 16.300987 25.421454 
-18.161864 15.742230 26.221884 
-18.228173 14.770664 25.994589 
-17.430073 14.340287 25.572911 
-16.715319 14.305765 26.271435 
-16.778955 13.659433 27.031833 
-17.702402 13.275757 27.025556 
-17.614368 13.100822 28.006193 
-17.713418 12.131672 28.231886 
-18.037876 11.365195 27.677595 
-18.890777 10.946339 27.365956 
-19.412578 11.789451 27.495902 
-18.933589 11.985514 28.351547 
-18.413256 11.691492 29.153299 
-18.378449 10.739412 29.457161 
-17.427973 10.527829 29.684819 
-17.396744 9.720239 30.273736 
-17.231205 9.480538 31.230366 
-16.451518 9.501288 30.604540 
-16.565785 8.583804 30.985546 
-15.999377 7.964515 30.441798 
-15.444329 8.791808 30.528443 
-15.504599 8.394817 31.444285 
-15.788094 9.343040 31.587477 
-15.757731 9.811142 32.470629 
-15.296823 9.261948 33.167730 
-14.715567 9.394320 32.364848 
-13.863068 9.063806 31.959872 
-13.818266 9.375147 32.909114 
-12.890151 9.668418 32.679781 
-13.114586 10.006584 31.765849 
-13.495514 10.890576 32.036869 
-14.247516 10.231584 32.051768 
-14.851033 10.626303 32.744563 
-14.747797 11.521713 33.177672 
-14.631643 12.503557 33.327642 
-14.429944 13.109756 32.558331 
-14.450527 13.664439 33.390138 
-13.628894 13.720033 32.822838 
-13.879184 14.685853 32.755417 
-13.966661 15.112644 31.855307 
-14.641816 15.850289 31.848611 
-15.389353 15.215915 32.045481 
-16.376357 15.126749 32.179169 
-16.580933 14.147986 32.166071 
-16.840672 14.373621 31.227122 
-15.937586 14.799053 31.168455 
-15.953701 15.742775 30.838106 
-16.409870 16.146112 30.044866 
-17.218517 16.678247 30.295707 
-16.878595 17.573812 30.582789 
-17.414468 17.535228 31.426205 
-16.634712 17.307127 32.009256 
-16.809155 17.946649 32.757976 
-17.629371 18.209769 33.265927 
-17.479143 19.144646 33.587542 
-18.186008 19.850786 33.628867 
-18.975310 19.246951 33.740157 
-19.479568 18.463021 33.377973 
-20.094821 18.297193 34.148664 
-20.888975 18.151452 33.558682 
20.472894 -29.990616 -32.869505 
20.943142 -30.269973 -33.706658 
21.208928 -31.107286 -34.184429 
20.815874 -31.666114 -33.454211 
21.409226 -31.068904 -32.914512 
22.161843 -31.129823 -33.570146 
21.823584 -32.067610 -33.648470 
21.905861 -32.974025 -33.234172 
21.719824 -32.201829 -32.626633 
22.625383 -32.003489 -32.251635 
21.918198 -31.823078 -31.568011 
21.415704 -31.812774 -30.703492 
21.865312 -30.949458 -30.932707 
21.346228 -30.764634 -31.767208 
21.003995 -30.437626 -30.886332 
20.206008 -31.038173 -30.835736 
19.751517 -30.155250 -30.953571 
19.020092 -29.481431 -31.058387 
18.893987 -28.577453 -30.649827 
18.328231 -28.251500 -29.892414 
18.966362 -28.325345 -29.126036 
19.031937 -27.980652 -28.189614 
18.426385 -28.776390 -28.179188 
18.157700 -29.393600 -27.439688 
18.051988 -29.798785 -26.531585 
18.975891 -30.146057 -26.370943 
19.427247 -31.036137 -26.434461 
20.155836 -31.461895 -25.897910 
19.210187 -31.634214 -25.622134 
18.737245 -32.044643 -26.401797 
19.393497 -32.127889 -27.151733 
20.063128 -32.766837 -26.773132 
19.565244 -33.208059 -26.026516 
18.665435 -33.272877 -26.457959 
18.068329 -33.130671 -27.247416 
17.577610 -32.426197 -27.760165 
18.543103 -32.207568 -27.901676 
19.235805 -32.921852 -27.801864 
20.231952 -32.963840 -27.878852 
20.843104 -32.365130 -27.361128 
20.293095 -31.567756 -27.609492 
19.367731 -31.457287 -27.972119 
19.975782 -30.688340 -28.169590 
20.099256 -31.493095 -28.750213 
19.454670 -31.593784 -29.508085 
18.504294 -31.904615 -29.495087 
18.842150 -32.706321 -29.988161 
19.323559 -32.776525 -29.114481 
19.459999 -33.650079 -28.647270 
19.626717 -34.200309 -27.829069 
20.540207 -34.025074 -28.196259 
21.266382 -34.693480 -28.035314 
21.280146 -34.250048 -28.931516 
21.819620 -35.089579 -28.995989 
22.333427 -34.513491 -28.360281 
22.300548 -34.207490 -29.311744 
23.272581 -34.268426 -29.538543 
23.539841 -34.016799 -30.468734 
24.213702 -34.754540 -30.509353 
24.463809 -35.505365 -31.120671 
25.292681 -35.029791 -30.826051 
26.253167 -34.759888 -30.758089 
26.020667 -34.023544 -30.122682 
26.815574 -33.632390 -29.658871 
27.295472 -34.369888 -30.134050 
27.964984 -33.765308 -29.702499 
28.200839 -33.725408 -28.731530 
28.324197 -34.717685 -28.744532 
28.463158 -34.249345 -27.871980 
28.538165 -35.138070 -27.419716 
29.459681 -34.863100 -27.693942 
30.361295 -34.759888 -28.113989 
30.276361 -34.233508 -28.959986 
30.381960 -35.114750 -29.420704 
30.858090 -35.355451 -30.266496 
31.735212 -35.008062 -30.598124 
31.462849 -34.752592 -31.525784 
31.886397 -33.852042 -31.427718 
31.748122 -32.984818 -31.906050 
31.279655 -33.731568 -32.378176 
31.017745 -33.264496 -33.222716 
30.254942 -32.621929 -33.295088 
29.425929 -32.839889 -32.780083 
28.724169 -32.984590 -33.477646 
28.424857 -33.910753 -33.707069 
27.875056 -34.629969 -33.282279 
27.702310 -34.887022 -32.331446 
28.063440 -35.360707 -31.528198 
28.340983 -36.320983 -31.499200 
29.194688 -36.839199 -31.550581 
29.667307 -36.833228 -30.669334 
30.587359 -36.732229 -30.290778 
31.012741 -36.921512 -31.175776 
30.802507 -36.295126 -31.926405 
30.188632 -36.735241 -32.581734 
-15.421426 -7.763416 -3.498805 
-14.585218 -7.220436 -3.421810 
-13.899534 -6.560565 -3.729070 
-13.880189 -7.457235 -4.171347 
-14.764737 -7.070219 -4.431721 
-14.216152 -6.265563 -4.658843 
-13.241150 -6.313018 -4.875910 
-12.980723 -7.227329 -4.565728 
-12.885631 -8.219234 -4.481568 
-13.150219 -8.400014 -5.428833 
-13.676308 -8.299084 -6.273252 
-13.172849 -8.240668 -7.135294 
-12.770865 -7.940673 -8.000402 
-13.231828 -7.628703 -8.831177 
-13.263728 -8.121088 -9.700970 
-13.888444 -8.619545 -10.302029 
-14.399389 -9.479102 -10.292200 
-13.408692 -9.548747 -10.175286 
-13.033338 -9.671314 -11.094028 
-12.657364 -9.701405 -12.020169 
-13.428566 -10.228253 -12.377491 
-13.578231 -10.494417 -11.425253 
-14.120748 -10.693007 -10.609019 
-14.553742 -10.615793 -9.710936 
-14.906986 -9.887452 -9.123792 
-14.712326 -10.220408 -8.201161 
-15.531246 -10.461098 -7.680163 
-15.914688 -11.052329 -6.970643 
-15.758653 -11.543929 -6.113916 
-15.078241 -12.204077 -5.795727 
-15.179408 -12.202954 -4.800858 
-16.027606 -11.839638 -5.186296 
-16.128335 -11.841047 -4.191383 
-17.029885 -11.408425 -4.198073 
-17.300577 -12.368987 -4.134462 
-17.032526 -13.296676 -4.394350 
-16.197096 -13.575482 -3.920722 
-15.443836 -13.505481 -3.266735 
-15.866356 -12.658536 -2.943995 
-15.070270 -12.124959 -3.229552 
-14.313282 -12.759029 -3.071678 
-14.077927 -11.863568 -3.449510 
-14.284319 -10.928700 -3.738343 
-13.405853 -10.669424 -4.139683 
-13.844846 -10.615612 -5.036560 
-13.775198 -9.630711 -4.878073 
-14.420365 -9.864879 -4.150800 
-13.824836 -9.855300 -3.347523 
-14.309476 -9.420558 -2.588496 
-14.027306 -8.832050 -3.346149 
-13.144261 -8.972387 -2.898335 
-12.527174 -9.756940 -2.837676 
-11.843814 -9.620759 -2.120409 
-12.666769 -9.737945 -1.564521 
-13.182289 -10.522297 -1.909530 
-13.735479 -10.337425 -1.097247 
-14.113961 -9.701536 -0.424643 
-14.574021 -9.907222 0.439092 
-14.726266 -8.919436 0.472252 
-15.646283 -9.119867 0.808994 
-16.214223 -8.795910 0.052359 
-16.280367 -8.893703 -0.940648 
-15.873413 -8.953368 -1.852145 
-15.729821 -8.125862 -2.394930 
-15.248545 -7.307801 -2.080050 
-16.005899 -7.525815 -1.464514 
-15.211266 -8.064845 -1.185220 
-14.684397 -8.912213 -1.251371 
-14.102738 -8.123659 -1.051730 
-13.700039 -7.954728 -0.152121 
-13.100881 -7.186166 0.072204 
-12.582053 -6.906458 -0.735621 
-11.678339 -7.045498 -0.330689 
-12.014082 -6.491317 0.430994 
-11.296009 -6.509318 1.126729 
-10.900366 -6.423623 2.041126 
-10.527045 -5.755669 2.684918 
-10.890193 -5.130948 3.376183 
-10.305068 -5.276090 4.174032 
-9.654953 -4.864960 3.535031 
-9.587860 -4.134711 4.214911 
-9.336627 -3.212010 3.922501 
-9.233246 -2.849527 4.848740 
-10.172256 -2.521629 4.952388 
31.087894 -1.019316 22.871695 
31.443769 -1.901481 23.180139 
32.232744 -1.354253 23.459530 
33.055624 -1.636353 22.966288 
32.208793 -1.553624 22.440899 
31.362561 -1.554279 21.908085 
31.062232 -1.622175 20.956669 
30.233460 -1.668061 20.398967 
29.949020 -0.841165 20.884083 
29.295983 -0.100333 20.726887 
28.423844 0.209368 21.105645 
28.502266 -0.780117 20.984114 
27.866393 -0.898471 21.746779 
28.551022 -1.617234 21.625689 
28.069496 -1.945633 22.438269 
27.301559 -2.472255 22.802882 
27.996278 -3.106818 23.141549 
27.403423 -3.906252 23.238639 
27.734196 -3.643453 22.332258 
28.598895 -3.940496 22.737303 
28.053410 -4.765987 22.592355 
27.394531 -5.425627 22.230756 
26.727182 -4.959994 22.811988 
26.065967 -4.544662 22.187253 
25.743834 -3.911406 21.483536 
25.340232 -3.346281 20.763995 
25.711056 -2.458312 21.036027 
26.013693 -1.993910 21.868338 
25.571105 -2.453436 22.638372 
24.761800 -1.943466 22.346900 
24.706930 -2.048633 21.353960 
24.847173 -2.905882 21.849395 
25.533386 -3.429511 22.354295 
26.399799 -3.767190 22.722128 
26.192423 -2.987149 23.312493 
26.550686 -3.746360 23.855859 
25.874712 -4.384012 24.225262 
25.906449 -5.356632 23.995040 
26.763069 -4.844218 24.055310 
27.300299 -5.627864 23.743408 
27.700333 -6.082555 22.947651 
28.399759 -6.792565 23.029451 
29.104360 -7.462171 22.794580 
29.314815 -6.929178 23.614109 
28.531641 -7.040546 24.225857 
28.519530 -7.705492 24.972651 
28.174829 -8.382201 25.623224 
28.593985 -8.921574 26.353557 
27.683851 -8.928169 26.767818 
26.916604 -8.843691 26.132054 
26.232096 -9.560413 25.998788 
25.419491 -10.087447 26.247599 
25.263210 -10.883371 25.662721 
24.816032 -11.071215 26.537219 
24.594677 -10.817332 27.478784 
25.506779 -11.003454 27.844065 
25.150235 -10.986203 28.778184 
24.640260 -11.803190 28.509004 
24.148558 -12.661588 28.362781 
24.867565 -13.320160 28.140718 
25.061399 -12.480774 27.632920 
25.035314 -13.023424 26.793366 
25.875947 -12.526979 26.576853 
26.121996 -13.155351 25.838878 
26.903695 -13.767885 25.721624 
26.340110 -14.413256 26.237247 
25.521925 -13.994599 25.843166 
25.338889 -14.473774 26.701589 
24.530695 -14.029511 26.314998 
23.760331 -14.518083 25.905319 
24.099763 -13.913120 25.185037 
24.521071 -14.799016 24.990904 
23.578350 -15.055080 24.777108 
22.689505 -14.701024 24.486247 
23.204328 -14.594361 23.635612 
23.047865 -13.996942 22.849094 
23.292765 -14.752011 22.240904 
23.538211 -14.930320 21.288034 
22.922257 -15.349696 20.621157 
23.212157 -16.301076 20.725242 
23.020375 -17.266332 20.902727 
23.746025 -17.837700 21.286095 
22.309594 34.887184 69.379595 
22.135669 35.605370 70.053360 
21.608036 35.025640 70.674260 
22.008172 34.319669 71.258637 
22.888811 33.901863 71.035227 
23.805526 33.768675 70.658536 
24.693998 33.418436 70.955098 
24.239323 32.544250 70.784599 
24.388773 31.975201 69.975991 
24.113394 31.511397 69.133938 
24.873121 31.833892 68.569304 
25.053169 31.831364 67.585650 
24.230860 31.398461 67.216322 
23.805389 30.580034 67.602524 
23.848969 29.940756 66.834785 
22.961392 29.565743 66.567255 
22.915536 29.510502 65.569835 
22.918170 28.686299 65.003547 
23.349303 27.908086 65.460174 
23.675555 27.088864 64.988543 
22.719559 26.932248 64.740466 
22.980277 26.872422 63.776906 
23.058624 27.705499 63.229326 
23.197133 27.134363 62.420241 
22.708588 27.122350 61.547785 
23.003277 26.182549 61.374776 
22.485557 26.380857 62.207026 
21.538316 26.338717 61.889287 
21.021717 25.712963 62.473716 
21.858248 25.184290 62.329772 
22.261318 25.219362 63.244269 
21.916525 24.321278 63.517329 
21.044459 24.067132 63.935553 
20.575716 23.258843 64.291850 
20.319989 22.640941 63.548344 
19.758006 22.008299 63.015484 
19.348845 21.156787 63.343378 
20.079415 20.840924 62.737987 
19.929846 19.977979 62.255333 
19.824880 19.979188 63.249808 
20.714904 19.524294 63.219334 
21.530195 19.112555 62.812184 
20.678449 18.588692 62.802347 
20.014519 17.942268 63.178289 
20.767300 17.511947 63.676430 
21.051261 17.222357 64.590488 
20.301574 16.755099 65.059145 
20.454637 16.254619 64.207035 
19.803742 16.910502 63.824736 
19.112183 16.749951 63.120484 
19.516240 17.273662 62.370508 
19.039825 18.061158 61.979511 
18.431243 17.285162 61.813807 
18.137718 16.329987 61.775277 
17.190862 16.194110 61.483729 
16.370901 16.032165 62.032764 
16.235125 15.742618 61.085279 
16.776896 15.142826 61.674120 
17.322686 14.972813 62.494614 
18.153856 15.312527 62.934785 
18.775263 14.586103 63.228315 
19.329088 15.391183 63.440738 
19.236880 15.363377 62.445387 
20.019328 14.910156 62.872430 
20.156521 15.840774 62.533122 
20.718516 15.892285 61.707587 
20.964975 16.625596 61.073936 
21.405234 17.057288 61.861219 
21.893734 16.715350 62.663993 
20.932708 16.854072 62.903123 
21.134378 15.997333 63.377808 
21.517688 16.137923 64.290666 
22.386924 16.628606 64.230176 
22.651378 15.935010 64.900242 
23.156575 16.417421 65.615823 
22.760591 16.897633 66.398506 
23.583603 17.395284 66.124656 
23.655540 16.614358 66.745123 
22.838192 16.119592 67.040335 
22.379623 15.231689 67.003690 
-27.127266 26.232884 63.259595 
-26.224638 26.556217 63.543704 
-25.771105 27.130617 64.225153 
-25.308378 27.057438 63.341678 
-24.743489 27.562841 62.689400 
-25.654060 27.447351 62.292511 
-26.080242 28.351890 62.279124 
-25.232835 28.217588 61.765447 
-24.771212 29.101409 61.689517 
-24.181117 28.504624 61.145795 
-23.694620 27.791367 60.641230 
-23.227479 27.638813 59.770307 
-24.218460 27.758474 59.709990 
-24.876545 27.961005 58.984796 
-25.605866 28.641029 58.909578 
-26.558719 28.907539 58.764512 
-26.538930 29.286420 59.689746 
-26.786059 28.332375 59.859228 
-26.177646 27.683432 59.402383 
-25.648701 26.997073 58.903256 
-25.274333 26.208593 59.391259 
-25.291916 25.983506 60.365439 
-25.314160 25.049803 60.722794 
-25.371706 24.516727 59.878685 
-25.717528 23.665152 60.272673 
-26.618172 24.092685 60.350493 
-27.256760 23.331205 60.461631 
-27.239807 22.338111 60.577728 
-27.015131 22.315218 59.603564 
-26.376029 23.081397 59.670782 
-26.017112 23.917324 59.255566 
-25.878923 24.449020 58.419980 
-26.737984 24.895774 58.170130 
-26.013555 25.584457 58.200450 
-25.467134 25.222172 57.445351 
-24.475065 25.152479 57.340751 
-23.834536 24.767002 58.004927 
-23.375637 25.436417 57.420722 
-22.655236 25.298134 58.100354 
-22.053038 25.091472 58.871489 
-21.286322 24.473968 59.047090 
-21.353126 24.212068 58.084310 
-21.976863 23.539456 58.482487 
-21.422610 22.742407 58.242663 
-21.138136 22.030736 57.600323 
-21.035990 21.056773 57.802714 
-21.703191 20.431764 58.207938 
-22.366068 20.574684 57.472977 
-21.918319 20.641968 56.581353 
-21.107384 21.184743 56.362764 
-20.826353 21.840339 55.661897 
-20.009075 22.405516 55.549504 
-19.459171 22.106281 54.769720 
-19.532011 21.519808 53.963032 
-19.738569 20.549609 53.836352 
-20.318481 20.157040 53.122495 
-20.859975 20.495091 52.352751 
-20.492515 19.742128 51.806839 
-19.638895 19.507970 51.341540 
-18.729074 19.109011 51.227271 
-18.295988 18.735190 52.047450 
-17.601523 18.073509 51.764789 
-17.109376 18.922827 51.955710 
-17.548336 19.608112 52.536828 
-16.934794 19.841757 53.291133 
-15.957028 19.682654 53.154524 
-15.417771 19.224098 53.860872 
-15.154025 20.186933 53.919075 
-15.143864 20.788132 54.718110 
-15.888161 21.124340 54.141059 
-15.982960 22.106302 54.304657 
-15.282935 22.013975 53.596532 
-15.018103 22.737594 54.233901 
-15.333261 23.684697 54.173313 
-14.528373 23.945119 53.640083 
-13.979411 24.552727 54.214063 
-13.818604 24.064618 55.071904 
-14.036682 24.686913 55.823696 
-1.999706 -19.938916 72.322195 
-2.683387 -20.652685 72.170162 
-2.855128 -21.605859 71.921234 
-2.952705 -21.400883 72.895125 
-3.395353 -21.343848 73.790005 
-3.162701 -20.494812 74.264359 
-2.365291 -20.987255 73.915594 
-1.384253 -20.826050 74.023186 
-1.712380 -21.770682 74.021895 
-1.577710 -22.630632 73.529603 
-2.569463 -22.550749 73.429372 
-2.796225 -22.874735 72.510888 
-2.847787 -23.741334 73.007222 
-3.439782 -24.078866 72.275365 
-3.999849 -23.301208 71.989757 
-4.529677 -22.905758 72.740024 
-4.882404 -22.295915 72.030323 
-4.808907 -23.039286 71.365494 
-4.395222 -22.528983 70.611534 
-4.448252 -21.530714 70.586117 
-3.999397 -20.648054 70.725553 
-4.811523 -20.354818 70.221109 
-5.492563 -20.789364 69.631741 
-5.648447 -21.296428 70.479436 
-6.303145 -21.639869 69.806073 
-6.486587 -20.690602 70.061495 
-7.433935 -21.008701 70.098172 
-7.607055 -20.815803 71.063998 
-8.065339 -20.526946 71.904555 
-8.706813 -19.775804 71.748681 
-8.361826 -20.058470 70.853648 
-8.655250 -21.013090 70.904677 
-8.709724 -21.549951 70.062767 
-8.743761 -22.252110 69.351561 
-9.564315 -22.335885 69.916957 
-10.279369 -21.678034 69.680462 
-10.644879 -20.860642 70.125741 
-10.270869 -20.484798 70.973596 
-9.818925 -20.000631 70.224377 
-9.197194 -20.113944 69.449386 
-8.500815 -19.396474 69.432277 
-8.239164 -18.761866 70.159471 
-8.019789 -18.175890 70.939540 
-9.004163 -18.269373 71.088769 
-9.988257 -18.260358 71.266191 
-9.569977 -19.143180 71.052492 
-10.430401 -19.112109 70.543860 
-10.294098 -18.976565 69.562510 
-10.842973 -19.729866 69.200191 
-11.597343 -20.346354 68.974651 
-11.410338 -21.314113 68.805915 
-11.295667 -20.999889 67.863517 
-10.596798 -20.431062 67.429907 
-10.639115 -19.450614 67.237732 
-10.471898 -19.277365 66.267153 
-10.939490 -18.912617 65.461973 
-10.211982 -18.516589 64.901710 
-9.910885 -17.578515 65.073056 
-9.848623 -17.098078 65.947872 
-9.185446 -17.833151 65.806933 
-9.261473 -17.957792 66.796218 
-10.126562 -18.287113 67.174595 
-9.351114 -18.579845 67.734049 
-9.157190 -19.498001 68.079568 
-8.318082 -19.000955 68.300575 
-7.319969 -19.018915 68.359283 
-6.411496 -18.601552 68.337264 
-6.621342 -18.953600 67.425109 
-5.849614 -18.643671 66.869791 
-5.268989 -17.954378 66.436490 
-4.780749 -18.347534 67.215624 
-4.566819 -17.386252 67.389320 
-3.976935 -17.601050 68.167714 
-3.271552 -17.888512 68.815635 
-3.029809 -17.695313 69.766547 
-3.329508 -18.176047 70.590608 
72.091694 -42.774796 -8.966105 
72.187862 -43.125845 -9.897510 
72.931673 -42.505639 -10.146687 
73.471686 -42.732695 -10.957138 
74.072878 -43.524288 -10.847828 
75.019496 -43.214646 -10.758186 
75.333887 -44.036025 -11.234100 
75.914711 -43.530806 -11.872377 
76.757278 -42.994618 -11.821564 
76.772868 -43.689480 -12.540538 
77.639805 -43.206605 -12.417038 
77.894267 -43.980908 -11.837638 
77.886926 -44.768818 -11.221890 
77.035328 -45.038573 -11.671348 
76.480288 -45.859733 -11.804116 
75.612507 -46.295926 -11.566015 
75.909218 -46.351133 -10.612645 
76.873427 -46.615275 -10.589597 
76.848169 -47.614869 -10.602768 
76.548511 -48.323563 -11.241484 
76.719161 -48.617399 -12.181983 
76.025977 -47.896965 -12.203700 
75.742172 -47.284349 -11.466031 
75.164138 -47.824997 -10.854823 
75.013498 -47.360061 -9.982388 
75.405317 -46.478585 -9.718800 
76.052422 -45.863715 -9.268034 
76.527168 -45.025227 -9.000538 
76.236901 -44.838338 -8.062019 
77.144517 -44.795870 -7.644370 
77.172222 -45.739520 -7.974154 
77.232608 -46.004644 -7.011832 
77.846288 -45.218364 -6.939991 
77.254029 -45.370323 -6.148702 
77.788021 -44.634230 -5.732747 
78.247399 -44.491499 -4.856049 
77.976231 -44.246326 -3.925265 
77.170841 -44.082976 -4.495059 
76.246671 -44.391402 -4.269707 
75.946841 -44.778355 -5.141699 
76.729172 -45.400831 -5.163617 
76.263280 -45.172194 -6.018409 
75.431630 -45.659362 -5.751902 
74.757678 -45.538346 -6.480698 
75.562187 -46.048355 -6.785093 
75.954814 -46.005996 -7.703814 
76.026526 -47.003171 -7.726160 
76.421106 -47.219451 -8.619205 
76.866717 -47.807521 -7.944220 
77.121576 -48.493802 -7.262997 
78.017520 -48.095682 -7.066060 
78.197162 -47.433248 -7.793322 
78.606286 -46.604612 -7.411249 
79.120624 -45.789965 -7.143280 
79.476606 -45.822571 -6.209356 
79.341660 -44.926566 -5.786313 
80.109453 -44.671243 -6.373938 
79.998483 -44.118008 -7.199539 
79.223104 -43.951064 -6.590509 
78.877073 -44.215506 -7.490694 
78.054935 -44.506719 -7.979861 
77.451232 -43.731644 -7.793313 
77.757262 -42.901001 -8.258479 
77.155556 -43.128893 -9.023995 
76.746819 -43.894726 -9.520417 
75.794248 -43.953770 -9.221883 
75.390495 -43.271240 -8.612673 
75.006725 -43.005106 -7.728425 
30.550294 -36.150036 27.983395 
30.629025 -35.863018 27.028711 
30.733093 -36.206324 26.095271 
30.879003 -36.443139 25.134735 
31.298721 -36.973927 24.398461 
32.113893 -37.488656 24.132847 
31.312823 -38.022638 24.403310 
30.617053 -38.293010 25.068745 
29.881572 -38.949938 24.902876 
30.587309 -39.517462 24.478787 
31.569520 -39.656216 24.352259 
31.901041 -40.596856 24.424987 
32.154599 -40.019404 25.201040 
32.877645 -40.413717 24.633834 
32.961929 -41.038508 25.410064 
32.800311 -41.735900 26.108293 
32.587780 -42.090406 27.018873 
32.931766 -41.151435 27.016294 
33.299813 -40.224227 26.946814 
34.052530 -40.756814 26.559816 
34.464019 -41.380127 25.894866 
35.320324 -41.068483 26.306718 
35.747412 -41.765629 25.730886 
36.655730 -41.398061 25.930516 
37.497738 -40.886874 25.758150 
37.425282 -40.380744 26.617559 
38.351727 -40.639087 26.891346 
38.192853 -40.997347 27.811350 
38.024930 -41.133833 28.787656 
37.056803 -41.132157 28.537205 
37.106204 -41.871846 27.866071 
37.774949 -41.852927 27.122820 
38.554120 -42.000555 27.731999 
38.472570 -42.995407 27.671845 
37.845689 -43.700692 27.340798 
36.958802 -44.162654 27.335991 
36.367400 -43.526997 27.832159 
36.917573 -44.067175 28.468962 
36.412391 -43.764473 29.277147 
37.309321 -43.331234 29.365574 
37.843128 -43.283694 30.209843 
38.790919 -43.500880 29.976342 
38.834809 -44.496308 29.891506 
38.503905 -44.549256 28.949328 
38.268761 -45.473294 29.250761 
37.583607 -45.911466 28.668893 
37.799653 -45.911510 27.692510 
36.851053 -46.113127 27.448569 
36.102327 -45.862148 26.835038 
35.571846 -45.266827 26.231563 
36.402932 -44.722684 26.116653 
37.174005 -44.210889 25.737823 
38.035014 -43.793336 25.447456 
37.640886 -43.293537 24.676181 
38.364986 -42.604872 24.638497 
38.239341 -42.310531 23.691091 
38.398508 -41.323283 23.693769 
38.540563 -41.185449 22.713553 
38.337871 -41.542637 21.801779 
38.351767 -41.471663 20.804398 
39.164790 -41.128019 21.274402 
38.322358 -40.591822 21.327330 
38.656629 -39.811546 21.855945 
39.587934 -39.591518 22.146217 
39.097471 -39.894890 22.963169 
8.521494 -23.292716 -73.181405 
9.127085 -23.119239 -73.958042 
9.652478 -22.427699 -74.453757 
10.319002 -21.702723 -74.280106 
11.150227 -22.042930 -73.840417 
10.822162 -22.324274 -72.938631 
10.618740 -21.971161 -72.025433 
10.857960 -21.069145 -71.666071 
11.175740 -21.745276 -71.001344 
10.699633 -22.013867 -70.163978 
10.738709 -22.087161 -69.167434 
10.470354 -22.958773 -68.757216 
9.645491 -22.527920 -69.123232 
9.809434 -23.342111 -69.680203 
9.419273 -24.100085 -69.157470 
8.977544 -23.780541 -68.319158 
8.899244 -24.774438 -68.241455 
9.801905 -24.575147 -67.860028 
9.676461 -24.952703 -66.942578 
10.673590 -24.903054 -66.885403 
11.337829 -25.202009 -67.570539 
11.596899 -24.439347 -66.977894 
12.470546 -24.726320 -67.370813 
12.839700 -25.080627 -68.229995 
12.423833 -24.480821 -68.913580 
12.194769 -23.975631 -69.745633 
12.178306 -23.719884 -70.712236 
12.379481 -23.330336 -71.611003 
12.683030 -24.058808 -72.225159 
12.156758 -24.769785 -72.691581 
12.111083 -24.394083 -73.617195 
13.030084 -24.512366 -73.993290 
12.568693 -25.117076 -74.642477 
12.385975 -24.153464 -74.837579 
12.688058 -23.411507 -75.436116 
12.919997 -23.026746 -76.329516 
12.660685 -22.175192 -75.873870 
12.203081 -22.108174 -74.987243 
12.379909 -22.011771 -74.007734 
12.018772 -22.911913 -74.251302 
12.074000 -22.944280 -73.253353 
12.866453 -23.050135 -72.652676 
13.056801 -22.078056 -72.789897 
13.832270 -21.449718 -72.851862 
13.258422 -21.297651 -73.656582 
13.271712 -20.297914 -73.637856 
12.786725 -20.279193 -72.763536 
12.051967 -19.975241 -72.157117 
11.963886 -19.405087 -72.973919 
11.401616 -19.310171 -73.795407 
11.173534 -20.171648 -73.341717 
10.322198 -20.228722 -72.820211 
9.831437 -21.099999 -72.814580 
9.268883 -20.284916 -72.953048 
8.363263 -20.067368 -73.317089 
8.359771 -20.460125 -74.236724 
7.776224 -21.258985 -74.382652 
7.183521 -21.970669 -74.005546 
6.326433 -22.057670 -73.497776 
5.821924 -21.561051 -74.204063 
5.483259 -21.160393 -75.055402 
5.531918 -21.928343 -75.694062 
5.102967 -21.924704 -76.597382 
5.809486 -21.485483 -77.152283 
6.618209 -21.830703 -76.676057 
7.368605 -22.485369 -76.767264 
7.686613 -22.005914 -77.585184 
8.665672 -21.869962 -77.736714 
8.480106 -21.868289 -76.754083 
25.662294 6.678984 -29.511105 
24.865283 7.041956 -29.993832 
24.828779 7.715267 -30.732289 
24.532866 8.528408 -30.231053 
25.095096 8.354953 -29.422467 
24.551367 7.928176 -28.699819 
24.883414 8.239833 -27.809530 
24.770300 7.248533 -27.742228 
24.182885 7.751447 -27.108176 
23.529166 7.455569 -27.804673 
22.924892 7.032860 -28.480076 
22.314166 6.267801 -28.275874 
21.911668 5.352892 -28.245281 
21.584359 5.897040 -27.472771 
21.366801 5.177315 -26.813481 
22.255234 5.072993 -26.366488 
23.215503 4.812569 -26.466804 
22.884244 4.099981 -27.085259 
22.943097 3.389203 -26.384309 
22.159803 2.838521 -26.672752 
22.683821 2.050888 -26.996851 
21.903913 2.076716 -27.622213 
21.066387 2.563321 -27.870739 
20.904961 2.639125 -28.854709 
21.195099 2.791982 -29.799407 
20.530958 3.539589 -29.799646 
20.989475 4.059591 -29.078980 
21.833457 4.331772 -29.541163 
21.292889 5.095647 -29.188626 
20.576630 4.722253 -29.778159 
20.520991 5.583617 -30.283090 
20.228659 5.553307 -31.238927 
20.568263 5.142978 -32.085272 
19.665721 4.811566 -31.810346 
20.086269 4.270311 -32.538482 
21.070476 4.272974 -32.715485 
20.751341 4.720979 -33.550616 
20.674082 5.717976 -33.545247 
20.705719 6.010175 -34.501081 
21.632214 6.202203 -34.824706 
22.571955 5.898440 -34.981595 
21.822738 5.372443 -35.384088 
22.713660 4.920099 -35.424635 
21.950482 4.386125 -35.060723 
21.431135 3.843282 -34.400723 
20.451877 3.793041 -34.597012 
20.653261 3.387854 -33.705234 
19.682939 3.160801 -33.788434 
19.725107 2.223219 -34.133632 
19.078866 2.007442 -34.865624 
18.901107 1.660410 -33.944771 
18.619866 2.455451 -33.407357 
18.628726 3.355355 -32.971360 
17.948629 3.849767 -33.512678 
17.673509 3.304765 -34.304688 
17.548692 2.315399 -34.230010 
17.437988 1.702944 -33.447295 
17.409522 0.703907 -33.413888 
17.294026 1.214427 -32.561814 
17.113722 2.195706 -32.494128 
16.200487 2.341417 -32.874615 
16.608370 3.029448 -33.474819 
16.081683 3.189492 -34.309676 
15.126422 2.894413 -34.289578 
-40.124606 49.727084 -16.083105 
-39.142818 49.670854 -16.264570 
-39.025804 48.709441 -16.513553 
-38.061175 48.676181 -16.252047 
-38.318241 48.504036 -15.301109 
-37.512439 48.455093 -14.710951 
-36.971223 48.045456 -13.976592 
-37.475827 47.813686 -13.144932 
-37.313915 46.846839 -12.947468 
-37.692611 46.600427 -13.839584 
-38.156809 45.725399 -13.702301 
-38.578303 46.211310 -14.467961 
-38.509042 47.205951 -14.544713 
-38.276442 47.284202 -15.514132 
-37.533203 47.121848 -14.865104 
-37.611403 46.285185 -15.407211 
-37.858699 45.819527 -16.256921 
-37.245853 45.372259 -16.908359 
-37.928581 46.011346 -17.262549 
-37.889619 45.128767 -17.731096 
-37.870998 44.217262 -17.320231 
-38.703621 43.665764 -17.269346 
-39.512957 43.156321 -17.561653 
-39.152445 42.610898 -16.804986 
-40.130373 42.509727 -16.622170 
-39.557864 42.716798 -15.828851 
-39.266922 43.672178 -15.879850 
-38.863111 43.669145 -14.965013 
-38.499593 44.591810 -14.836388 
-37.843688 43.960198 -14.423040 
-38.221231 43.944954 -13.497173 
-38.604201 43.423685 -12.734538 
-39.210430 44.196991 -12.920240 
-39.678505 44.730834 -12.216025 
-40.484219 44.873611 -12.790865 
-40.644882 44.023983 -13.293179 
-40.032718 43.360108 -12.863616 
-40.613276 43.672393 -12.111665 
-39.792890 43.382899 -11.618552 
-40.020041 42.666114 -10.959293 
-39.757787 41.708955 -11.082043 
-40.445476 41.695286 -11.807919 
-40.738515 41.798633 -10.857420 
-40.631009 42.453210 -10.109107 
-40.420981 42.500409 -9.132552 
-40.007436 41.590719 -9.094559 
-39.092072 41.254127 -8.873619 
-38.141374 40.967044 -8.756324 
-38.393458 40.990601 -7.788905 
-38.284420 40.805579 -6.812238 
-37.312191 40.579152 -6.871411 
-37.496668 40.360333 -5.913243 
-37.693369 39.469215 -6.322165 
-37.028601 38.793550 -6.003480 
-36.948636 39.185764 -5.087089 
-37.201323 39.898750 -4.433025 
-36.881364 39.101495 -3.921156 
-37.136261 39.876136 -3.342401 
-36.351448 39.500601 -2.849407 
-36.644031 38.878782 -2.122953 
-37.243114 38.426083 -1.462526 
-38.029089 37.835594 -1.645740 
-38.526320 36.970269 -1.582708 
7.632394 31.505984 -36.982605 
8.610984 31.550907 -36.781751 
9.543142 31.775368 -37.065826 
9.306888 32.662546 -37.462184 
8.591980 33.361681 -37.451405 
8.676086 34.330389 -37.684921 
9.036469 35.105105 -38.204479 
8.235883 35.305573 -38.769169 
7.549515 35.456693 -38.057789 
8.088713 36.277671 -37.870010 
8.697046 35.930830 -37.156124 
9.661534 35.944352 -37.419906 
9.406639 35.319398 -36.682029 
8.972400 34.923940 -35.872678 
9.266638 34.460326 -35.036924 
9.542186 35.417030 -34.943165 
10.314067 35.298034 -34.318633 
10.669210 36.222575 -34.456829 
10.077982 37.028677 -34.482308 
9.712854 37.735598 -33.876548 
10.031405 38.337898 -34.608504 
9.311744 38.947829 -34.276731 
9.743581 39.534897 -34.961471 
10.691408 39.574315 -35.277809 
11.540338 39.594168 -34.749676 
11.873898 39.899790 -35.641491 
12.135091 40.115352 -36.582401 
11.945000 41.079729 -36.766364 
11.853647 41.977590 -36.335664 
10.871373 41.932463 -36.153727 
10.093659 41.686811 -36.732361 
10.035381 42.312741 -37.510059 
10.977975 42.295220 -37.176578 
11.128042 42.505341 -38.142668 
10.389333 42.881886 -38.701705 
10.079056 41.942684 -38.848773 
10.299056 41.169752 -39.443900 
10.956220 41.214725 -40.196305 
11.141018 42.150862 -39.897145 
11.720243 41.648867 -39.254884 
11.299268 41.108422 -38.526393 
10.332767 41.132013 -38.270817 
10.531811 40.428460 -37.588620 
9.562157 40.649788 -37.484772 
8.803589 41.253435 -37.239445 
8.719132 41.889013 -36.472042 
8.008866 42.362420 -36.993010 
7.221768 41.958960 -36.526430 
7.909595 41.298497 -36.225293 
8.659766 40.641865 -36.147335 
9.040134 41.146800 -35.372505 
9.953971 41.142216 -34.966451 
10.123845 41.127176 -33.981100 
10.570824 40.233551 -33.940560 
10.630225 39.268696 -34.196541 
11.321751 38.625952 -34.526195 
11.500786 38.444999 -33.559136 
11.205322 37.785851 -32.867599 
10.920056 38.516333 -32.247100 
11.117860 38.545855 -31.267303 
10.245293 38.985836 -31.055067 
10.322385 39.982538 -31.029726 
9.592428 39.630775 -30.443701 
13.712994 -57.127316 -32.594005 
14.121251 -57.380582 -33.471035 
15.061151 -57.066132 -33.337960 
15.512841 -57.261968 -32.467544 
14.804262 -56.980412 -31.820520 
15.203189 -56.063668 -31.841437 
16.029796 -56.419252 -32.277649 
16.496647 -55.840516 -32.946315 
17.171651 -55.729159 -33.675678 
17.639647 -55.250602 -32.932736 
18.417264 -55.189166 -33.558466 
18.969646 -54.660291 -32.914134 
18.725917 -54.162014 -33.746189 
19.678607 -54.448956 -33.645953 
20.157783 -54.603263 -32.781905 
20.643363 -53.814734 -32.404501 
20.528247 -54.197621 -31.487906 
20.716132 -55.167189 -31.330947 
21.102660 -54.815498 -30.478357 
21.512871 -54.519520 -31.340983 
21.688587 -53.600682 -31.694341 
22.614663 -53.924492 -31.500615 
22.932765 -52.979636 -31.422778 
23.831231 -52.578379 -31.244590 
23.227639 -51.848457 -30.923825 
22.792101 -52.542183 -30.350195 
22.071379 -51.878628 -30.149561 
21.677952 -52.566054 -29.539102 
22.318966 -52.883620 -28.840351 
23.108439 -52.936871 -29.451821 
23.779726 -52.806310 -28.722214 
23.535026 -53.566444 -28.120285 
24.314925 -53.625641 -27.497186 
24.821234 -54.362734 -27.049586 
25.571013 -53.949712 -26.532630 
26.048749 -54.453639 -27.252230 
26.997524 -54.369965 -26.947557 
27.225343 -53.870546 -27.783428 
26.913250 -53.005951 -27.389635 
26.876655 -52.552723 -26.498992 
27.258039 -51.942469 -27.193352 
27.666984 -51.334603 -26.512718 
28.356701 -51.838882 -27.032326 
27.971158 -51.781438 -27.953226 
28.939805 -52.027767 -27.985540 
29.616692 -51.293535 -28.037764 
29.551999 -51.141964 -29.024091 
30.192327 -50.629938 -29.596636 
29.303279 -50.200805 -29.437142 
28.384648 -49.861421 -29.234817 
27.738933 -49.274714 -29.723517 
28.162190 -48.369142 -29.695359 
28.115763 -47.380816 -29.840467 
28.658085 -47.186055 -29.023182 
29.114096 -46.675253 -29.751972 
29.580920 -46.475147 -30.613386 
29.124593 -47.334538 -30.844062 
28.883991 -48.192244 -30.389691 
29.158345 -48.971433 -29.826137 
29.809429 -49.512609 -30.358319 
30.792003 -49.384012 -30.492525 
30.458930 -50.277965 -30.792376 
30.551710 -51.014083 -31.462840 
31.451020 -51.346168 -31.178305 
31.876362 -51.837479 -30.418240 
32.372365 -51.346930 -29.701761 
-66.122306 28.133784 15.256995 
-65.313812 27.597116 15.015493 
-65.959615 26.880247 15.278244 
-65.988406 25.899039 15.469034 
-65.288993 25.341062 15.915670 
-64.793342 26.203702 15.814766 
-64.115031 26.929582 15.928754 
-64.045303 27.915436 15.776346 
-63.978197 28.871930 15.492413 
-63.011983 28.807539 15.741985 
-62.804988 29.167934 14.832442 
-63.500980 28.640637 14.345048 
-63.146012 27.817769 14.788768 
-62.683451 27.034149 14.374068 
-62.669086 26.948398 13.377855 
-63.236980 26.846868 12.561039 
-63.525895 27.417209 11.792118 
-62.983926 27.036790 11.042750 
-62.044728 27.181793 10.731491 
-62.696014 27.877946 10.429501 
-63.315592 28.073656 9.669355 
-63.095707 28.848210 9.076299 
-62.520755 28.610376 8.293442 
-61.539402 28.421139 8.259731 
-61.625058 29.231806 8.838939 
-61.444531 30.104677 9.292266 
-61.492480 30.617537 8.435134 
-61.362730 30.953616 7.502280 
-60.511782 31.438795 7.301064 
-60.302864 30.559715 7.729515 
-59.649464 31.179649 8.163968 
-58.884373 30.763397 7.672674 
-58.978266 29.906475 7.165851 
-59.827248 29.606563 7.600917 
-60.059054 29.424372 6.645368 
-59.475764 29.756221 5.903985 
-60.337904 30.023598 5.473609 
-60.623185 29.079399 5.638238 
-61.052297 29.031416 6.540214 
-60.613538 28.149025 6.370279 
-60.742436 27.382227 6.999092 
-61.531869 27.774536 6.526980 
-61.615152 26.800189 6.317907 
-61.776562 25.816839 6.401386 
-61.639671 25.340755 5.532706 
-61.671118 25.888690 4.696776 
-62.406293 26.351119 5.192433 
-63.002383 25.568089 5.370027 
-63.365364 24.636428 5.385941 
-62.920659 23.740847 5.372821 
-63.000198 24.089356 4.438897 
-62.464381 24.180000 3.599442 
-61.647504 24.756757 3.591524 
-61.104870 24.621707 2.762483 
-60.698551 24.539182 1.852486 
-2.927506 60.538684 12.487995 
-2.195421 61.180215 12.717099 
-1.956690 60.795716 13.608821 
-1.518613 60.507187 14.460196 
-0.904828 61.290656 14.363013 
-1.301793 62.191345 14.539587 
-2.123467 62.203358 13.969756 
-2.961602 62.734305 14.094758 
-3.662741 63.424624 13.916257 
-4.281035 62.772236 13.477963 
-3.803830 62.485955 12.647108 
-3.160016 61.733151 12.510034 
-3.945395 61.573559 13.108123 
-3.425874 61.790895 13.934478 
-3.813751 61.541138 14.821706 
-4.622813 61.452984 15.402781 
-4.953548 60.532841 15.193135 
-5.757647 59.956248 15.048340 
-6.411740 59.429504 14.505474 
-7.209177 59.389838 13.903377 
-7.920236 59.490438 13.207479 
-8.770426 59.994608 13.055858 
-9.559844 60.547883 12.789951 
-9.197290 59.875194 12.144936 
-9.189373 59.933149 11.146648 
-9.888504 60.572358 11.467002 
-10.214952 61.448372 11.822010 
-10.603237 60.834413 12.509242 
-10.348534 59.878541 12.655648 
-10.859047 59.675881 11.820001 
-11.470479 58.918409 12.048886 
-11.459888 58.361253 12.879226 
-10.757513 58.097230 13.540256 
-9.904780 58.618399 13.575351 
-9.231031 57.881202 13.626384 
-8.576656 57.373834 14.187071 
-9.359425 56.844410 13.859989 
-9.616196 56.927586 14.822876 
-10.114203 57.694622 15.227406 
-10.764773 58.405416 14.959954 
-9.853741 58.711619 14.683802 
-9.217531 58.242461 15.296279 
-8.278237 58.072428 14.998260 
-7.642864 58.663646 15.495011 
-6.695963 58.396338 15.673690 
-6.865611 58.282081 16.652549 
-6.595557 59.008073 17.285010 
-7.456738 59.445729 17.543514 
-7.800813 59.001601 18.370776 
-8.271360 58.816804 19.233583 
-7.412477 59.263265 19.484567 
-8.165626 59.654647 20.013326 
19.692094 35.696984 29.112195 
19.812596 36.663992 29.336641 
20.366877 37.339665 29.822684 
20.067388 36.888981 30.663630 
19.375152 36.203932 30.436659 
19.814426 35.332139 30.653489 
19.274507 34.836957 31.334137 
19.385171 34.540118 32.282631 
19.977732 35.307094 32.528842 
19.176083 35.594071 32.004433 
19.387902 36.474285 31.579750 
18.781633 37.245912 31.772184 
17.919246 36.837029 31.473684 
17.330324 37.520361 31.905226 
17.785118 38.131011 31.256945 
16.929585 38.646778 31.302193 
17.149038 39.083733 30.429891 
16.174524 39.104924 30.206569 
16.368654 40.085041 30.165548 
16.901395 40.896863 30.404572 
16.125445 40.887288 31.035293 
16.218106 39.923929 31.286994 
15.427666 39.321448 31.176445 
16.031298 38.844364 31.815208 
15.472452 39.277580 32.522326 
15.410961 40.035229 33.172084 
16.337113 39.820284 33.481987 
17.243596 40.004293 33.862026 
16.952962 40.665967 34.553199 
17.083728 41.459530 35.147470 
17.309641 42.224747 35.750302 
16.518385 41.800041 36.190233 
17.113174 41.891593 36.988885 
16.862520 41.484747 37.867320 
16.232587 42.242057 38.039559 
16.346293 41.576436 38.777136 
16.443309 40.727731 39.297028 
17.292780 41.255143 39.281667 
17.840342 42.091877 39.288843 
18.111576 42.305028 38.350228 
19.030072 42.290639 37.955057 
18.310595 42.548553 37.310206 
18.924759 42.006252 36.736871 
18.870192 41.815518 35.756747 
18.696754 42.757389 35.468999 
19.635445 43.098583 35.419553 
20.014686 42.583743 34.650713 
20.347702 41.761493 35.112238 
21.338887 41.630278 35.130536 
22.278602 41.695963 35.466127 
-40.861806 -10.694016 -34.894905 
-41.309247 -10.914085 -35.761718 
-42.207727 -10.666049 -36.123949 
-42.186832 -10.353019 -37.073463 
-42.109405 -10.521316 -38.056154 
-42.297244 -9.596488 -38.386926 
-42.567403 -8.806839 -37.836046 
-41.812833 -8.427228 -38.371321 
-41.757720 -7.451768 -38.584492 
-41.170207 -6.778663 -38.135319 
-40.895672 -6.286588 -37.309188 
-41.723908 -5.729121 -37.366246 
-42.201887 -4.857677 -37.476341 
-42.253990 -3.877655 -37.668283 
-42.412864 -3.353489 -36.831617 
-42.984934 -4.071419 -36.434991 
-42.445875 -4.810340 -36.030750 
-43.020764 -4.690059 -35.221408 
-43.665999 -5.271509 -35.716976 
-44.029769 -4.919887 -36.579549 
-45.013224 -5.004538 -36.739704 
-44.962157 -4.022783 -36.922872 
-44.111571 -3.731668 -37.360771 
-44.191777 -3.259054 -38.238382 
-44.096477 -3.261362 -39.233828 
-44.061881 -4.078108 -39.809787 
-44.283202 -4.436069 -38.902659 
-45.041035 -4.166048 -39.496610 
-45.442903 -3.310483 -39.170251 
-45.267169 -2.606500 -39.858383 
-46.214777 -2.788084 -40.121188 
-46.805563 -3.073477 -39.366521 
-46.671903 -2.795739 -38.415208 
-45.785029 -2.437410 -38.123568 
-45.922044 -1.468421 -37.917930 
-45.141001 -1.623258 -37.312952 
-44.965731 -2.604008 -37.226876 
-44.059787 -2.207093 -37.079487 
-43.171072 -2.641884 -37.224889 
-43.347500 -2.662842 -38.208980 
-42.526936 -2.264107 -38.618473 
-41.980762 -1.691708 -38.006874 
-41.230287 -2.269479 -37.685988 
-40.234654 -2.362279 -37.696153 
-40.596704 -2.795093 -36.870567 
-39.699968 -3.226014 -36.971417 
-38.854465 -3.019291 -37.463749 
-38.120747 -2.432309 -37.121534 
-51.792906 -53.086916 -68.270405 
-51.097989 -53.074438 -67.551423 
-50.195610 -52.692685 -67.751364 
-49.393057 -52.137804 -67.532241 
-50.060107 -52.267502 -66.798604 
-49.578856 -53.144063 -66.804755 
-49.537798 -52.765683 -65.880016 
-49.131989 -53.137452 -65.045087 
-49.311794 -53.367272 -64.088607 
-49.309167 -54.070157 -63.377309 
-48.769843 -53.243594 -63.216298 
-48.307401 -52.406456 -62.924158 
-47.657674 -52.023875 -63.581035 
-46.986837 -52.737887 -63.781444 
-47.133749 -52.985484 -62.823784 
-47.035871 -52.228905 -62.177250 
-47.565448 -52.125596 -61.335302 
-48.299264 -52.795921 -61.445663 
-48.641121 -51.863817 -61.565317 
-49.156113 -51.085564 -61.206005 
-49.033389 -50.113902 -61.408024 
-48.362713 -50.011490 -62.142671 
-47.845477 -49.479568 -62.813138 
-48.620955 -48.989243 -63.210902 
-49.079539 -48.101191 -63.243508 
-49.939153 -48.413033 -63.648253 
-50.322085 -49.334491 -63.713666 
-49.978849 -49.105061 -62.802869 
-49.652888 -50.048342 -62.865874 
-49.144639 -50.567889 -63.552718 
-49.102505 -50.579610 -64.551761 
-48.756094 -51.395348 -64.088542 
-49.150106 16.060884 -49.920405 
-48.640240 16.474149 -49.165919 
-48.367889 17.186869 -49.812337 
-47.696397 17.921942 -49.718715 
-47.065951 17.793859 -48.953122 
-46.286632 17.583592 -49.543418 
-45.305601 17.740339 -49.657478 
-45.328955 18.731909 -49.530026 
-46.066673 19.018811 -50.141139 
-45.706194 18.504359 -50.919210 
-45.845070 17.528835 -51.089702 
-46.411829 16.999248 -50.458574 
-47.383569 17.015931 -50.694036 
-47.250772 16.032269 -50.572483 
-46.629255 15.356479 -50.968745 
-46.798742 14.560183 -51.549423 
-45.829585 14.715088 -51.357744 
-45.080316 15.247156 -51.752077 
-44.821418 14.293271 -51.903981 
-44.600505 14.859421 -52.698130 
-45.590534 14.739080 -52.624924 
-45.393333 15.111387 -53.531841 
-44.620738 15.743520 -53.591044 
-43.953148 15.969429 -52.881616 
-44.001961 16.499113 -52.034827 
-44.547379 17.275760 -51.719647 
-45.001704 18.149589 -51.892890 
-44.032050 18.389667 -51.846700 
-43.057263 18.349791 -52.066248 
-42.471664 17.948790 -52.770714 
-41.873659 18.548686 -52.239194 
-41.901897 19.514785 -51.982570 
-42.560600 20.153833 -51.585421 
-41.901071 20.554762 -50.949592 
-41.227450 19.878773 -51.248379 
-40.434202 19.686922 -50.670495 
-39.489777 19.928754 -50.893161 
-39.475818 20.088353 -51.880244 
-40.202140 19.457685 -52.153584 
-39.811588 18.583250 -52.441390 
-39.282867 17.745152 -52.307057 
-39.967180 17.464658 -52.980138 
-39.344523 17.607344 -53.749513 
-40.124056 17.979348 -54.253439 
-40.307590 18.335673 -55.169598 
-41.108597 18.933023 -55.130082 
-41.299534 18.194777 -54.483138 
-41.359932 19.097083 -54.056294 
-42.266257 18.796281 -53.759490 
-42.824938 18.032526 -54.082839 
-43.738752 17.626804 -54.101111 
-44.347825 16.903895 -54.427352 
-43.602716 16.553236 -53.860033 
-42.647470 16.635926 -54.144054 
-42.872352 15.875620 -53.534659 
-42.256192 16.134821 -52.790911 
-41.315207 16.356052 -52.534777 
-41.082107 16.792873 -53.403600 
-40.792082 15.868561 -53.651657 
-41.619342 15.641200 -54.165416 
-42.081573 15.543027 -55.046724 
-42.752815 15.714886 -55.767765 
-42.096191 15.883768 -56.502832 
-41.407980 15.251475 -56.858600 
-40.567205 14.746002 -57.052496 
-39.940587 14.406968 -56.350780 
-40.469482 14.768606 -55.582998 
-41.114599 15.532313 -55.559032 
-40.507821 16.165360 -56.039730 
-40.678213 17.095677 -56.364502 
-40.524530 17.480465 -57.274623 
-41.264867 17.773642 -57.879561 
-41.809197 17.423869 -58.642032 
-41.439915 16.674898 -58.091875 
-42.370808 16.431894 -57.819137 
-42.604267 17.399519 -57.723226 
-42.261955 18.211714 -58.195626 
-42.094634 18.933528 -58.867182 
-41.374413 18.380044 -59.285435 
-40.551621 18.513389 -59.837914 
-40.641571 17.522700 -59.940111 
-40.737581 16.615136 -59.531320 
-40.394806 16.604944 -60.470682 
-39.399989 16.633090 -60.372972 
-39.270228 16.666147 -59.381978 
-39.374289 15.757918 -58.976650 
-39.225356 14.939519 -59.531665 
-39.504306 14.096465 -59.071832 
-38.822032 13.496354 -59.489407 
-38.848284 12.862637 -58.716287 
