11.547908 -32.661622 -6.536605 
11.471625 -31.747896 -6.935712 
11.145741 -30.910866 -7.375234 
11.534597 -30.201777 -7.963438 
12.197683 -29.549076 -7.596968 
12.188636 -29.707851 -8.584242 
12.830272 -30.407206 -8.899212 
12.901444 -31.401851 -8.974151 
13.015461 -32.283047 -8.515356 
12.271292 -32.306893 -7.847790 
12.965629 -31.682329 -7.490275 
13.936302 -31.476608 -7.614661 
14.184090 -30.707566 -7.025445 
15.156866 -30.813787 -7.231414 
15.381456 -30.230182 -6.451052 
16.115372 -29.676366 -6.057791 
16.902275 -29.264789 -6.517562 
16.798205 -28.701462 -7.337215 
16.278901 -28.659569 -8.190777 
17.194495 -29.051221 -8.281863 
18.155550 -29.280504 -8.436147 
17.610854 -30.045772 -8.779179 
16.719905 -29.773270 -9.142431 
17.064339 -30.623079 -9.541417 
17.030383 -31.621716 -9.581067 
16.173068 -31.236625 -9.922705 
16.358973 -32.197789 -10.126676 
16.212768 -33.180709 -10.238448 
16.595252 -34.090601 -10.399081 
17.228211 -34.240847 -11.158547 
16.288621 -34.242393 -11.500846 
15.539247 -33.935750 -12.087710 
14.891139 -34.435758 -12.662121 
14.434762 -35.124927 -13.224941 
13.884159 -35.888276 -13.562778 
14.289471 -35.625791 -14.438462 
14.251050 -36.561947 -14.787943 
13.977862 -36.404482 -15.736929 
13.851131 -36.976093 -16.547608 
13.751057 -37.970388 -16.510695 
14.127535 -38.447621 -15.716646 
15.098359 -38.399624 -15.951586 
15.596754 -39.089245 -16.476967 
14.662339 -39.403709 -16.309697 
13.723477 -39.665052 -16.085558 
13.793033 -40.126225 -15.200978 
12.871224 -40.430746 -15.440843 
12.662188 -39.513782 -15.101018 
12.010087 -38.991806 -14.551194 
11.697201 -39.731285 -13.955146 
12.158669 -39.407845 -13.129050 
11.718989 -38.584517 -12.770146 
11.782146 -37.598985 -12.927428 
11.064677 -37.214985 -12.346238 
10.360346 -36.547633 -12.588230 
10.999958 -35.890540 -12.987134 
11.660307 -36.383058 -13.554026 
12.065401 -36.110574 -12.681300 
11.987254 -35.309894 -12.087326 
12.745890 -34.776468 -12.461396 
13.096307 -34.903817 -13.389292 
12.564723 -35.015465 -14.228907 
13.257504 -35.634427 -14.598961 
12.570753 -36.174127 -15.085888 
11.881239 -35.451174 -15.042200 
11.582864 -36.210448 -15.620539 
11.173005 -37.104472 -15.801469 
11.028277 -36.690389 -14.902809 
10.656645 -35.825754 -15.240884 
10.623936 -35.175659 -14.481735 
11.306222 -34.592668 -14.040592 
11.072043 -34.671191 -13.071575 
11.420155 -34.267347 -12.225567 
11.904606 -34.094435 -13.083127 
12.244219 -33.520643 -13.828396 
12.277152 -33.211152 -14.778728 
12.246886 -34.116471 -15.202381 
13.242672 -34.198740 -15.161864 
12.943619 -34.273262 -16.113186 
13.678688 -34.888916 -16.397164 
14.291259 -35.123795 -17.151875 
13.487884 -34.619729 -17.468901 
12.532907 -34.328367 -17.524828 
12.810893 -33.780742 -18.314024 
11.839431 -33.583802 -18.181829 
11.731160 -34.509931 -18.543164 
11.469422 -34.410044 -19.503121 
10.864640 -33.692939 -19.156712 
9.917615 -33.835920 -19.444289 
9.398163 -32.991764 -19.311732 
8.970269 -32.174716 -19.698177 
9.045596 -31.202467 -19.919668 
9.632846 -30.632711 -19.344764 
8.958640 -31.025853 -18.719556 
9.231465 -30.668850 -17.826183 
9.170861 -31.599521 -17.465379 
9.831248 -31.623931 -16.714851 
10.818903 -31.479517 -16.775530 
10.193899 -30.750639 -17.055008 
10.473918 -30.218830 -16.255777 
11.362075 -30.665523 -16.363681 
11.797102 -30.220358 -15.581006 
-14.045092 51.232858 19.272795 
-14.368107 51.705038 18.452607 
-13.612386 52.351886 18.350265 
-12.801670 52.919908 18.208530 
-12.540028 53.880825 18.118072 
-11.795482 53.345712 17.718940 
-11.173543 53.070077 16.985989 
-10.388677 53.344196 16.430252 
-9.672364 52.665615 16.267696 
-9.474281 52.802139 15.297065 
-9.833618 53.525568 14.707550 
-9.983122 54.140262 13.933082 
-9.082873 54.113789 13.498512 
-9.014663 53.600031 12.643293 
-8.178895 54.049480 12.958708 
-8.230935 54.806894 12.307851 
-8.740131 55.265655 11.579662 
-8.518040 55.860973 10.807476 
-9.448370 56.061055 11.114809 
-9.697172 55.092522 11.121226 
-9.269517 54.242762 11.429478 
-8.422569 54.495887 10.961925 
-7.646888 54.068755 10.497299 
-6.908327 54.328461 9.875142 
-7.680535 53.958284 9.358747 
-7.601896 53.283095 8.625306 
-7.408675 54.243584 8.424989 
-7.200927 54.965434 7.764857 
-6.577616 55.588503 8.237369 
-6.684491 55.991789 7.328558 
-6.841412 56.647288 8.067271 
-6.152492 56.658699 8.792019 
-6.448642 57.379579 9.418619 
-7.401491 57.099502 9.301855 
-7.134795 57.900017 8.765153 
-7.474514 58.840043 8.795835 
-7.332901 59.798608 9.043018 
-8.156996 59.581302 9.566130 
-8.678321 60.433268 9.517388 
-8.050867 61.103415 9.913877 
-8.581446 60.731674 10.675648 
-9.444217 61.064247 10.294829 
-10.208117 60.719830 9.749088 
-9.576261 60.881915 8.991139 
-8.778711 61.473962 9.106876 
-8.512982 62.052382 9.878120 
-8.975803 62.819052 10.323108 
-9.497199 63.598327 10.670781 
-10.381458 63.281719 10.327496 
-11.116094 62.633640 10.126738 
-11.669183 62.095786 10.762981 
-11.340978 61.195725 11.049638 
-11.911408 60.752094 11.740870 
-12.867614 60.611788 11.483996 
-12.525922 60.024946 12.218069 
-12.175848 59.109878 12.418313 
-11.475372 58.426634 12.624497 
-11.912213 57.783560 13.253485 
-11.037310 57.541674 13.673051 
-11.117270 57.384868 14.657438 
-11.758874 58.124187 14.861768 
-11.137427 58.623506 14.258042 
-10.235374 59.015030 14.076356 
-9.767336 59.042346 14.959642 
-9.673191 58.999616 15.954283 
-9.722792 58.215272 16.572622 
-9.891057 57.436608 15.968165 
-10.034641 57.695607 15.013020 
-9.841182 56.811199 14.588289 
-10.367779 56.011056 14.875459 
-10.756833 55.204489 15.320529 
-11.279379 56.055253 15.376629 
-11.773068 56.864071 15.696136 
-11.906216 57.691849 16.241164 
-12.429578 56.934567 16.631825 
-11.657028 56.545432 17.133563 
-11.479375 55.575474 17.299760 
-11.072734 55.139759 18.102752 
-11.967808 55.564073 18.239865 
-12.151183 56.389735 18.773396 
-12.831118 56.218434 18.060413 
-12.864832 57.194299 17.844657 
-13.745209 56.742039 17.701836 
-13.859897 57.675436 17.361809 
-13.342401 58.162711 16.658417 
-13.542568 57.215330 16.408613 
-13.119892 56.765364 15.621927 
-14.116287 56.850142 15.618811 
-14.556415 56.269695 14.933707 
-15.513021 56.071304 15.147117 
-15.978042 56.932521 14.942029 
-16.045764 57.913516 14.760202 
-15.217482 58.452406 14.913652 
-15.072861 58.392680 15.901335 
-15.583323 59.014404 16.495379 
-1.027692 0.015658 14.640595 
-1.473843 0.152588 15.525015 
-0.553724 0.477847 15.743158 
0.334588 0.408419 15.289195 
-0.211733 -0.428677 15.260838 
-0.444490 -0.398772 16.232913 
0.422451 0.061472 16.424192 
0.148472 0.466468 17.296496 
-0.698200 0.186978 17.749300 
-0.479871 1.107566 18.073108 
0.185084 1.020765 18.814930 
-0.760638 1.222505 19.069707 
-1.455765 1.248280 19.788132 
-1.786177 1.147001 18.849744 
-1.713743 0.317757 19.403917 
-2.475794 0.256931 18.759263 
-2.578387 -0.392947 19.512345 
-1.963918 -0.150992 20.263269 
-2.394001 -0.313379 21.151333 
-1.860013 -1.070082 21.528502 
-2.195727 -1.886587 21.998200 
-2.652523 -1.653534 22.856701 
-2.710860 -1.976405 23.801344 
-2.457903 -2.653194 24.492698 
-2.386742 -1.855213 25.091165 
-1.989963 -1.502684 25.938685 
-1.855402 -0.670221 26.476178 
-0.947982 -0.264776 26.586644 
-1.277915 0.660087 26.397511 
-1.333788 1.393726 27.074750 
-1.065594 0.524243 27.489564 
-0.190952 0.225033 27.108152 
0.593312 0.643696 27.566029 
0.778359 0.787127 28.538235 
0.444787 0.725936 29.478972 
-0.153990 0.178700 30.063778 
-0.422073 1.046114 30.482973 
0.251160 1.639880 30.923653 
1.164252 1.992654 31.128139 
2.105212 1.797290 30.851685 
2.408365 0.854257 30.714623 
2.342069 0.910850 29.718429 
2.908257 1.734989 29.703396 
2.300961 1.829321 28.914540 
1.771557 2.394639 29.547112 
1.495250 3.071396 30.229501 
1.250925 3.492475 31.102998 
0.266819 3.328517 31.034775 
-0.651262 3.637048 31.283644 
-1.371889 4.177298 31.718185 
-1.704054 3.243168 31.848834 
-1.715616 3.293693 32.847490 
-1.931550 2.436979 33.315906 
-2.897801 2.326103 33.083386 
-2.510895 1.416989 32.929063 
-2.479866 0.553252 32.426076 
-2.469857 1.288795 31.748672 
-2.095904 0.736357 31.003708 
-1.831375 -0.217233 31.147548 
-0.838219 -0.249952 31.035422 
-0.958943 -0.970791 31.717930 
-0.229320 -1.397512 32.252307 
0.087247 -0.483376 31.999048 
0.199612 0.367549 32.512177 
0.348137 0.928436 33.326637 
-0.311096 1.602466 32.993328 
-0.612847 0.900079 33.637997 
-1.158780 0.550724 34.399515 
-0.863038 1.043790 35.217698 
0.064705 1.101834 35.586375 
-0.543406 1.805815 35.953269 
-0.241331 2.682038 36.328747 
-0.530642 2.544900 37.276108 
0.197730 3.219996 37.158976 
0.604248 2.306610 37.137306 
1.263879 1.829805 37.718291 
1.323582 1.161144 36.977124 
1.203619 0.170081 36.918796 
1.382390 -0.667908 36.403222 
1.300679 -0.124527 35.567723 
1.313615 -0.883703 34.916965 
0.513484 -1.443546 34.701638 
-0.280776 -1.894717 34.294702 
-1.230852 -1.736048 34.026040 
11.036808 15.407858 -29.840205 
10.366630 16.145546 -29.921928 
10.239728 16.045051 -30.908740 
10.073488 15.066492 -31.030338 
10.799917 14.379253 -31.032204 
10.958682 13.840356 -31.859479 
10.253931 13.291525 -32.309046 
10.089196 13.010174 -31.363687 
9.381230 12.801659 -30.688923 
9.491989 11.819430 -30.840445 
8.601576 11.760029 -30.389185 
9.092953 11.392608 -29.599533 
8.286337 10.874210 -29.883494 
8.495809 9.912925 -29.704462 
8.872569 9.132226 -30.203022 
7.946563 9.018052 -30.562852 
7.236978 9.579913 -30.988059 
7.818307 10.377427 -30.826724 
8.566591 9.896758 -31.283920 
8.148519 9.108540 -31.735504 
8.724242 8.444857 -31.257940 
8.410929 8.125586 -32.152311 
7.415404 8.208537 -32.197581 
6.722135 8.875830 -32.469790 
6.973150 9.823961 -32.664827 
7.143534 10.310274 -33.521839 
7.846986 10.488393 -34.209900 
8.441560 9.787053 -33.816701 
9.223736 10.340100 -34.103651 
9.068824 10.959647 -33.334130 
8.423986 11.575821 -32.881896 
7.489940 11.272124 -32.693945 
7.110760 11.430757 -31.782321 
6.222870 11.154717 -32.150359 
5.728906 11.124127 -33.019303 
5.060263 11.265315 -32.289246 
5.183760 11.948896 -31.569896 
5.427997 11.263724 -30.883683 
4.703712 11.834554 -30.496947 
3.723517 11.636895 -30.509108 
2.767524 11.594593 -30.218783 
2.039748 10.963284 -30.486722 
2.238882 10.029243 -30.783222 
1.708427 9.969081 -29.937647 
0.790302 10.355741 -29.850811 
0.064815 10.382495 -29.163095 
0.778805 9.692355 -29.045092 
1.610921 9.610169 -28.496615 
1.341920 8.951173 -27.794218 
0.861171 9.410960 -27.047575 
1.593648 9.914291 -27.505981 
1.941850 10.363417 -26.683156 
2.154162 10.495541 -25.714927 
1.755804 9.598029 -25.904091 
2.576407 9.155662 -26.265922 
2.548602 9.544727 -27.186712 
3.385449 9.039942 -27.398557 
4.125644 8.379835 -27.270612 
4.433624 9.073744 -26.619737 
5.059272 9.270750 -27.374557 
5.460835 8.354933 -27.369381 
5.499836 8.105960 -26.401656 
5.764186 7.429610 -25.714146 
6.155316 7.345647 -24.797649 
5.457438 7.372797 -24.081947 
5.918543 6.504730 -24.265908 
6.404910 6.894393 -23.483853 
6.324410 6.952016 -22.488765 
7.032422 7.053261 -21.789861 
6.384508 6.679681 -21.126049 
6.034282 5.799049 -20.806944 
6.204923 5.052224 -21.449699 
6.937114 5.394801 -22.038373 
7.756734 5.456503 -21.468799 
7.993188 5.261112 -20.517005 
7.195883 5.179367 -19.918990 
6.743844 4.692424 -20.666350 
6.877641 4.108894 -21.467344 
7.249636 3.507290 -20.760454 
8.165657 3.694392 -21.115276 
8.698992 4.527181 -20.966896 
8.646762 4.264381 -20.003461 
43.701308 -13.457942 -67.879205 
44.551660 -13.984074 -67.869909 
43.793675 -14.403058 -67.369998 
43.172165 -14.371309 -68.152760 
43.414889 -15.274201 -68.507543 
44.345412 -14.951848 -68.681373 
44.515818 -15.751942 -69.256535 
45.499568 -15.575158 -69.225193 
46.473184 -15.596264 -69.452410 
46.921473 -15.574851 -70.346042 
45.941530 -15.765464 -70.404172 
46.583195 -16.338225 -70.914280 
47.294470 -16.448494 -71.608491 
46.881554 -16.552542 -72.513297 
46.371285 -15.775392 -72.881621 
46.180397 -14.816007 -72.673911 
45.381833 -14.247653 -72.872073 
45.820186 -13.470287 -72.420908 
45.994847 -13.301873 -71.450790 
46.894539 -12.871138 -71.521649 
47.474159 -12.605363 -70.751321 
48.361418 -12.251053 -71.046675 
49.139508 -12.723987 -70.633262 
48.313664 -13.150661 -70.264573 
48.303515 -12.189856 -69.987531 
47.668105 -11.460886 -69.732864 
48.098372 -11.342359 -70.627750 
48.861115 -10.810515 -70.259831 
48.192323 -10.145438 -70.592081 
49.096288 -9.869904 -70.919083 
48.948346 -9.410020 -71.794651 
48.049827 -9.483937 -72.227317 
48.194643 -8.500803 -72.115626 
48.235369 -7.865892 -72.887137 
47.907828 -8.364579 -73.689651 
48.251495 -9.267016 -73.429844 
47.714030 -9.740417 -74.127714 
48.495937 -10.360208 -74.060775 
49.255369 -10.181300 -73.435271 
49.922152 -10.510574 -74.103836 
50.527211 -10.878089 -74.810119 
50.623502 -11.445334 -73.992218 
49.847558 -11.847074 -73.505890 
49.729194 -12.577503 -72.833235 
50.580344 -12.676150 -73.348805 
50.544283 -13.628552 -73.046100 
50.353708 -13.457734 -74.012797 
49.801607 -13.126486 -74.777950 
50.269520 -13.985254 -74.986693 
50.034187 -14.821068 -75.482711 
49.403502 -15.367130 -74.931302 
49.527704 -15.177979 -73.957241 
50.310676 -14.559711 -74.025801 
50.954071 -14.892386 -74.715272 
51.743959 -15.230334 -75.227002 
52.654688 -15.068831 -75.607121 
52.210746 -15.739394 -76.201478 
51.489361 -16.392709 -76.431224 
51.483517 -17.018059 -77.211547 
52.342644 -17.529331 -77.233945 
52.728679 -16.671470 -77.573137 
53.467793 -16.473294 -76.929369 
53.811352 -17.345592 -77.277310 
54.131543 -18.139661 -77.793965 
54.010348 -19.122524 -77.655068 
54.125043 -19.044700 -78.645415 
54.565396 -19.886460 -78.957713 
54.928727 -20.645023 -79.498612 
55.188561 -20.733470 -80.460206 
54.416046 -21.142062 -80.946286 
53.747625 -21.136319 -81.690047 
53.432270 -22.058686 -81.913183 
53.140901 -22.575363 -82.718260 
52.808191 -23.110298 -83.494887 
52.540076 -23.922401 -82.976617 
51.685003 -24.076890 -83.471575 
51.273163 -23.496268 -82.769247 
51.176734 -22.824299 -83.503521 
51.969882 -22.280845 -83.228614 
52.098857 -22.048870 -82.264480 
27.557308 -55.374542 -30.882105 
27.594568 -54.659933 -30.183574 
28.102597 -55.399499 -29.742043 
27.188444 -55.623420 -29.404133 
26.754041 -55.886514 -30.265571 
26.116604 -56.482632 -30.753749 
26.021067 -55.769704 -31.448449 
26.897341 -55.535007 -31.869236 
27.057995 -56.358203 -31.324681 
27.592974 -57.020378 -30.799970 
27.757916 -57.984665 -31.007199 
27.587165 -57.781017 -31.971238 
28.578633 -57.680374 -32.054078 
29.509916 -58.039028 -31.990220 
30.093432 -58.704746 -32.455332 
30.657765 -57.879667 -32.483162 
31.504604 -58.304391 -32.163047 
32.315243 -57.902526 -32.588920 
32.799801 -57.111879 -32.214646 
33.750302 -56.895940 -32.438072 
33.414650 -57.394751 -33.237149 
33.993299 -58.155268 -33.531731 
33.482135 -57.953535 -34.367204 
34.428274 -57.771333 -34.634829 
35.010369 -57.421968 -35.369070 
35.589366 -57.670413 -36.145625 
36.182112 -57.214345 -36.809443 
36.186346 -58.164056 -37.122543 
35.655262 -58.931722 -36.763880 
35.745220 -59.226032 -35.812413 
36.395575 -59.086792 -35.065653 
36.919272 -59.135956 -35.916138 
37.487130 -58.717354 -36.624876 
38.160609 -59.433243 -36.440679 
38.567420 -60.226506 -35.987647 
38.145260 -59.942880 -35.126637 
37.528522 -60.728938 -35.168447 
37.982494 -60.860315 -34.287170 
38.373960 -61.780464 -34.296088 
38.183137 -61.870696 -33.318620 
38.068646 -62.489933 -32.541807 
38.692673 -61.730043 -32.359716 
39.147943 -61.971852 -31.502828 
39.556930 -62.412439 -30.703696 
39.038464 -62.010832 -29.948776 
39.659058 -62.704199 -29.582573 
39.295833 -62.663458 -28.651763 
40.056040 -62.616360 -28.003791 
40.455559 -61.797666 -27.591329 
39.982426 -61.485586 -26.767465 
39.810738 -60.850183 -26.014613 
40.387960 -60.991524 -25.210352 
41.071491 -60.332742 -25.524662 
40.832355 -59.394575 -25.774974 
40.399198 -58.736972 -26.391362 
40.907307 -58.349258 -25.622270 
40.056186 -58.188648 -25.122472 
39.386621 -58.869455 -24.825512 
38.838725 -59.613253 -25.208364 
39.795126 -59.900385 -25.261779 
40.501061 -59.945779 -24.554958 
40.970085 -59.076378 -24.710391 
40.993946 -58.095211 -24.518710 
41.350141 -57.811765 -23.628326 
41.777170 -57.790246 -22.724344 
42.677368 -57.690579 -22.300423 
43.206190 -57.522642 -21.468470 
43.467779 -56.600115 -21.184717 
43.067878 -55.701585 -21.003825 
43.020483 -54.764753 -21.350380 
42.383946 -53.994534 -21.310613 
41.656816 -53.489465 -20.845653 
41.349163 -54.188629 -21.491036 
40.397039 -53.901080 -21.387233 
40.315829 -53.082728 -21.956183 
40.879048 -52.611256 -22.634783 
40.518472 -53.384865 -23.155852 
41.501301 -53.559928 -23.214162 
62.420308 -12.905042 -6.554005 
62.357261 -12.016128 -6.100289 
63.029962 -12.351009 -5.440495 
62.965844 -13.264756 -5.039302 
62.714855 -13.979232 -4.386212 
62.566097 -14.934393 -4.642219 
62.601390 -14.271251 -5.389880 
62.650133 -14.827929 -6.219177 
62.106479 -14.658183 -7.041141 
61.307523 -15.192943 -7.316278 
60.417038 -15.626154 -7.177118 
60.065010 -16.534491 -6.951285 
59.212929 -16.967036 -7.246010 
58.862706 -17.087114 -8.174948 
59.855625 -16.971701 -8.146793 
59.484140 -16.352954 -8.839000 
59.562535 -17.122050 -9.473307 
59.976690 -18.032124 -9.488834 
59.172194 -18.127754 -10.075043 
58.776939 -18.984486 -9.743705 
57.974820 -18.388159 -9.712102 
57.031982 -18.592720 -9.449022 
56.793292 -18.214305 -10.343354 
57.180692 -17.830620 -11.181629 
57.737795 -17.011945 -11.320941 
58.246931 -16.470005 -11.989583 
58.724293 -17.290934 -12.302955 
59.241346 -17.866146 -11.669089 
59.819699 -18.576995 -11.268836 
58.852702 -18.790172 -11.129294 
58.231128 -18.146353 -10.683039 
58.056902 -17.339898 -10.117993 
57.993606 -16.385015 -10.408150 
57.335003 -15.637781 -10.319354 
56.896495 -16.505966 -10.087050 
57.571021 -16.332947 -9.369360 
57.013742 -16.684538 -8.617147 
56.820866 -15.990526 -7.923499 
56.628762 -15.700079 -6.986090 
55.887962 -15.101861 -7.291624 
55.720199 -14.116286 -7.313933 
56.233521 -14.063169 -8.170483 
57.034785 -14.641372 -8.324293 
57.289068 -15.389675 -8.936978 
56.443405 -15.349104 -9.469151 
56.146636 -14.544029 -9.982749 
56.492213 -13.712776 -10.418172 
56.231970 -13.372941 -9.514410 
55.672973 -13.018179 -8.764966 
56.286345 -12.425912 -8.242476 
56.290462 -12.104894 -7.295412 
56.493666 -11.146925 -7.497907 
55.586737 -11.213170 -7.081863 
54.719408 -10.876842 -7.448775 
55.140238 -11.407828 -8.184272 
55.104187 -12.316162 -7.767582 
54.938873 -13.259546 -7.480011 
54.232604 -13.900719 -7.179874 
54.556008 -13.798279 -6.239174 
53.820749 -13.912449 -5.571073 
53.713907 -14.610579 -6.279028 
53.852079 -15.499877 -5.843072 
54.546631 -15.883796 -5.234628 
54.696702 -16.523682 -5.988302 
55.555891 -16.015637 -5.927602 
55.976819 -15.114971 -5.819803 
56.365272 -15.804243 -5.208241 
56.303636 -16.185620 -4.285878 
56.519493 -16.743391 -3.484444 
57.025847 -16.209468 -2.807294 
57.127568 -17.147548 -2.476147 
57.680244 -16.495387 -1.957268 
57.231479 -15.609111 -1.842706 
57.967424 -15.139192 -1.355302 
58.194108 -15.356528 -0.405893 
58.448090 -16.321769 -0.344227 
3.618108 77.956258 -20.576405 
4.195062 77.438555 -19.944655 
3.211533 77.283319 -19.852061 
2.289763 77.160970 -20.219987 
1.330417 76.955486 -20.413457 
0.388420 77.239134 -20.234051 
0.051833 77.779000 -19.462525 
0.738254 77.777257 -18.735323 
1.300331 77.360241 -18.021063 
1.546668 77.673612 -17.103938 
0.596411 77.644589 -16.793826 
0.833003 78.365292 -16.142204 
1.702905 78.781085 -15.876897 
1.297191 79.093684 -16.735779 
1.289049 78.956787 -17.726331 
0.556350 79.636264 -17.688073 
0.201994 80.309141 -18.337432 
0.162469 79.534404 -18.968480 
1.136548 79.611862 -19.181015 
1.486115 78.721597 -18.889072 
2.466576 78.803461 -19.067940 
3.268066 79.260928 -19.453087 
2.584175 79.281077 -20.182392 
1.854315 79.948727 -20.329187 
1.843808 80.939888 -20.196940 
2.131114 80.911270 -21.154351 
2.517704 81.832920 -21.187668 
1.741187 81.695885 -21.802681 
2.436352 82.284013 -22.216022 
2.433633 83.049289 -21.572326 
3.354558 83.285815 -21.882087 
3.785763 82.567823 -22.428485 
3.850812 81.886337 -23.157420 
4.419806 82.612638 -23.543079 
3.933549 82.257012 -24.341254 
3.433096 81.406444 -24.179757 
2.801708 82.153917 -23.973278 
2.485335 81.421862 -24.576605 
2.627963 80.677887 -23.923798 
3.224064 79.952205 -24.267380 
3.067662 79.074763 -23.813911 
2.212505 78.571739 -23.688718 
1.872224 79.492025 -23.881804 
1.103353 78.920061 -23.595983 
0.874025 78.893472 -22.622997 
1.246816 79.733829 -22.229516 
2.242067 79.731180 -22.132216 
2.742669 80.594332 -22.198307 
1.955620 80.804880 -22.778155 
1.145841 80.425418 -23.225665 
0.690777 81.314225 -23.279883 
-0.187176 81.792140 -23.308085 
-1.171617 81.816422 -23.134053 
-1.676503 82.276225 -23.864581 
-2.262575 81.474821 -23.745116 
-3.012656 80.937602 -24.130827 
-3.578394 81.327256 -23.404115 
-4.148732 80.529300 -23.599000 
-4.649196 79.930017 -22.974184 
-5.566593 79.815819 -22.592949 
-5.953521 79.297638 -23.355691 
-5.869453 78.863737 -24.252721 
-5.202547 79.599129 -24.372875 
-4.816279 78.676742 -24.372780 
-4.719613 77.857850 -24.938529 
-4.498116 76.897751 -24.767803 
-5.261556 76.587467 -24.201338 
-5.712053 76.278652 -25.039005 
39.207308 30.624058 -22.665405 
39.763158 30.309079 -23.434704 
39.029120 29.642392 -23.305410 
38.349491 28.944889 -23.078267 
39.100833 28.931199 -22.418497 
39.753807 28.428360 -21.852124 
38.841650 28.023942 -21.918568 
39.421158 27.395040 -21.400251 
39.863305 26.567674 -21.746618 
40.052778 25.689327 -21.307747 
40.765192 25.032808 -21.555635 
40.433395 24.096738 -21.672606 
40.038942 23.376066 -21.102485 
40.794979 22.945147 -20.609820 
41.206686 22.160887 -20.145672 
41.678392 22.155415 -21.027411 
41.891611 21.509051 -21.760044 
40.986925 21.288266 -21.395630 
40.182196 20.756051 -21.132650 
40.654795 20.039145 -21.645189 
40.913430 19.099696 -21.420371 
41.430411 18.650301 -22.148913 
42.273913 18.151841 -21.948809 
43.271631 18.086271 -21.932706 
43.036771 18.962468 -22.353561 
43.636632 18.637454 -23.084679 
44.171777 18.791453 -22.254074 
44.166258 19.772924 -22.445607 
43.758959 20.682630 -22.364729 
43.751317 21.655440 -22.133250 
44.302629 21.684586 -21.299459 
45.062289 21.767121 -21.944521 
45.618214 21.051253 -22.366991 
45.338232 20.097433 -22.475794 
45.447714 20.402286 -23.421880 
46.353535 20.443289 -23.000207 
46.440568 21.281044 -23.539272 
46.683915 20.476100 -24.080425 
47.396931 19.844103 -23.776798 
47.036801 19.093884 -24.331304 
46.134206 19.412355 -24.041652 
46.030803 18.476241 -23.705501 
45.998756 18.837199 -22.773470 
46.500696 19.229298 -22.002552 
47.383083 19.142604 -21.540083 
46.850540 18.299391 -21.466667 
45.949493 17.867627 -21.425496 
45.302777 17.112999 -21.536377 
45.560423 17.253273 -22.492380 
44.615712 17.454752 -22.233675 
44.567500 17.431214 -23.232235 
44.813629 16.700951 -23.869523 
44.504920 16.334593 -22.991753 
44.014414 15.682705 -23.570066 
43.030728 15.503021 -23.578811 
42.793614 16.167634 -22.870244 
41.804136 16.165908 -23.014917 
41.030038 15.533514 -22.985743 
40.472338 14.941950 -23.568000 
39.671350 15.384165 -23.971564 
39.557632 16.168781 -24.581029 
38.648049 16.462331 -24.875116 
39.092285 15.974390 -25.626493 
38.669510 16.185382 -26.507824 
37.688202 16.315231 -26.365796 
-46.161292 43.679758 42.457715 
-45.645360 44.271626 43.076994 
-44.868427 44.613962 42.548617 
-45.189931 44.758927 41.612871 
-44.363870 44.405293 41.174046 
-44.711286 43.616533 41.681156 
-43.894929 43.279437 41.212193 
-44.709143 42.990385 40.708701 
-44.619027 42.353639 41.474490 
-45.265999 41.658102 41.161992 
-45.784476 40.882687 41.522426 
-46.426197 41.137651 40.799109 
-47.384863 41.310729 40.573271 
-47.505349 42.265644 40.844600 
-47.908981 43.023821 40.332497 
-47.559713 43.421867 39.484221 
-48.422752 43.899061 39.649903 
-48.815771 43.187492 39.067489 
-48.188896 43.804511 38.591763 
-47.225424 43.800961 38.323977 
-46.628401 44.454893 37.859286 
-47.115976 45.187417 37.384229 
-48.025352 45.353413 37.765648 
-48.081717 45.574188 36.791954 
-47.498851 46.358717 37.003570 
-47.387517 46.880147 37.849569 
-47.547252 47.403313 37.012442 
-47.294755 47.354014 36.046101 
-47.353279 47.668296 35.098577 
-47.205027 47.599273 34.112039 
-46.590312 46.837725 33.906686 
-46.390785 47.536820 33.220060 
-47.320724 47.203582 33.064606 
-48.056946 47.796254 32.737930 
-48.168695 48.036556 31.773685 
-47.911681 48.767853 32.405467 
-47.001418 48.609446 32.787997 
-46.428824 49.239588 32.263537 
-46.615068 49.654729 33.154026 
-47.523287 49.657409 33.572513 
-48.389477 50.083097 33.310782 
-48.714349 50.362291 32.407173 
-48.196975 51.185638 32.173884 
-47.307614 51.636121 32.251996 
-46.673988 51.389935 31.518572 
-46.141485 51.211454 30.691176 
-46.590271 52.105093 30.692158 
-47.104930 52.287698 29.854434 
-46.286583 52.857304 29.930963 
-45.610062 52.801619 30.665277 
-45.780985 52.915883 31.643914 
-46.079556 53.820042 31.338380 
-46.430285 54.691582 31.681028 
-46.580454 54.802183 32.663482 
-47.510769 54.627795 32.986131 
-47.582270 54.258961 33.912872 
-47.200590 53.570108 34.529153 
-46.933013 52.699528 34.942061 
-46.837046 51.854797 34.415544 
-47.468006 52.193660 33.717645 
-47.997365 52.989379 34.011941 
-48.127850 53.273730 34.961740 
-47.887610 54.232103 35.116033 
-48.594817 54.935244 35.189861 
-48.661893 55.037405 36.182365 
-49.498530 55.537969 35.959938 
-48.857709 56.304333 36.005042 
-48.639596 57.240104 36.282097 
-49.405706 57.857666 36.460123 
-18.152192 25.551158 -5.908805 
-18.234508 24.698039 -5.393624 
-17.769705 24.145968 -6.085850 
-18.358249 24.340388 -6.870590 
-18.926141 25.092728 -6.536698 
-19.866287 25.373712 -6.729503 
-20.499888 24.651446 -6.452227 
-20.069550 23.996971 -5.830559 
-19.667277 24.911078 -5.779716 
-19.546772 25.846244 -5.446636 
-19.874577 26.700034 -5.042177 
-18.939948 27.039335 -5.148684 
-18.632441 26.784418 -6.065448 
-19.403691 26.941375 -6.682326 
-19.594013 27.874799 -6.378193 
-18.705223 28.333112 -6.379530 
-18.200934 29.196573 -6.368299 
-17.645616 29.931495 -6.757545 
-16.841381 29.969959 -6.164481 
-16.891834 30.968348 -6.190464 
-16.148239 31.601789 -5.976415 
-15.848859 30.651749 -6.064710 
-16.254237 30.699705 -5.151820 
-15.624725 29.961788 -4.908524 
-16.122948 30.243154 -4.088398 
-16.569060 30.746481 -3.348367 
-17.349043 30.912284 -3.951804 
-18.341051 30.910590 -3.825641 
-18.512823 30.011334 -4.227926 
-18.149631 29.163673 -3.841193 
-18.195959 28.841978 -2.895483 
-18.982852 28.519701 -3.421733 
-18.979112 29.512723 -3.303863 
-19.533311 30.178695 -2.804519 
-18.990566 31.017993 -2.836261 
-19.569621 31.157512 -3.639524 
-20.098476 31.918021 -4.016271 
-20.615541 32.516295 -3.404135 
-21.082240 32.758529 -2.553538 
-20.617788 32.961755 -1.691574 
-19.657441 32.793004 -1.913515 
-19.614247 33.535720 -1.245304 
-19.138083 33.197726 -0.433498 
-18.697792 32.410963 -0.866102 
-18.436200 32.270733 0.088836 
-18.159246 31.322718 -0.067889 
-17.422676 30.736732 0.269877 
-18.017648 30.146160 -0.275314 
-18.460749 30.273048 0.612133 
-17.660997 29.722050 0.850460 
-17.739438 28.843075 1.320833 
-16.800917 29.152068 1.166880 
-16.618549 29.424941 2.111487 
-16.722307 30.038030 2.894658 
-16.459320 31.002448 2.921790 
-16.499959 31.102234 3.915968 
-15.782976 31.799319 3.913111 
-15.105074 32.438590 4.276128 
-15.224151 32.715085 3.322519 
-16.114553 32.348133 3.053203 
-16.491590 32.962142 3.746626 
-16.459591 32.676036 4.704289 
-16.113020 32.308908 5.567484 
-15.362827 32.927810 5.800231 
-35.065792 -47.969622 3.316595 
-34.272970 -47.846380 2.719732 
-33.289962 -47.664055 2.740994 
-32.940265 -47.327347 1.866728 
-32.382684 -46.645407 2.340081 
-33.260038 -46.211088 2.136079 
-33.586336 -46.203570 3.081316 
-34.492690 -46.608480 3.202023 
-34.774980 -46.249525 2.312381 
-35.103417 -45.746915 3.112077 
-35.921140 -45.415977 3.583043 
-36.156785 -44.456301 3.429762 
-35.866520 -44.203413 2.506836 
-34.930576 -44.287797 2.164947 
-35.245891 -43.534245 1.588115 
-36.195230 -43.365271 1.323156 
-36.079291 -43.096425 0.366976 
-35.976843 -42.112126 0.223240 
-35.002942 -41.942053 0.072928 
-34.399344 -41.193564 0.347580 
-33.829768 -41.348245 1.154833 
-33.131274 -41.557930 0.470627 
-32.912517 -41.894651 -0.445214 
-32.099909 -42.131777 0.087177 
-31.948460 -42.021933 -0.895166 
-31.974887 -41.023792 -0.950078 
-32.827612 -41.310653 -1.386620 
-32.782444 -41.867411 -2.216066 
-31.887729 -42.302315 -2.114367 
-32.691730 -42.833553 -1.847220 
-32.601854 -43.483284 -1.092387 
-32.752661 -44.471690 -1.109997 
-32.348842 -45.052559 -0.403229 
-31.583764 -45.362944 0.160967 
-31.554481 -44.683673 0.894270 
-31.897658 -45.079588 1.746022 
-32.827616 -45.399009 1.563957 
-33.557243 -44.716224 1.602041 
-33.803885 -45.623136 1.260458 
-33.259762 -45.266506 0.501021 
-33.594884 -44.325161 0.540569 
-34.317411 -43.695967 0.827047 
-33.965544 -43.053730 1.508017 
-33.140636 -43.605606 1.630321 
-32.889096 -42.718034 1.244390 
-32.689737 -42.233300 2.096029 
-32.497711 -41.259463 1.974500 
-32.309363 -40.538504 2.641390 
-31.416774 -40.088645 2.671599 
-30.482496 -40.181205 3.015922 
-31.115370 -40.653781 3.629226 
-30.802453 -41.545461 3.956319 
-31.801575 -41.526574 3.918932 
-31.990666 -42.376160 4.411323 
-32.482892 -42.664539 3.590012 
-33.186936 -42.160467 3.089779 
-33.914755 -42.383444 3.738286 
-34.859320 -42.319172 4.060256 
-35.680614 -41.777320 3.881721 
-36.242326 -42.321859 3.258859 
-37.189770 -42.166236 3.538379 
-37.723180 -41.691316 4.238326 
-38.305851 -42.257738 4.821130 
-44.980192 -1.567442 -5.009805 
-44.994837 -0.576642 -4.875265 
-44.956786 0.136053 -4.174823 
-45.248008 -0.776049 -3.886274 
-46.025349 -0.325886 -3.446851 
-46.350854 0.022722 -2.567920 
-47.222828 -0.451139 -2.690874 
-47.216624 0.034266 -1.816606 
-47.482171 0.374171 -0.914415 
-47.191709 0.397551 0.042186 
-46.235962 0.637433 0.212494 
-46.009569 -0.210177 0.692394 
-46.419999 -1.074131 0.984165 
-47.252233 -0.569668 0.754159 
-47.363269 0.376921 1.056881 
-46.796768 1.064527 1.511055 
-46.965697 1.748262 0.801147 
-47.341587 2.074290 -0.066270 
-48.011811 2.731393 -0.411254 
-48.253302 2.456676 0.519451 
-49.154032 2.871603 0.647985 
-49.216144 1.943714 1.015630 
-49.275152 2.445253 1.878751 
-49.831924 3.200943 1.533877 
-50.068170 4.077467 1.114480 
-51.033415 3.960305 0.880864 
-51.697534 4.430002 1.462526 
-52.385912 3.734908 1.255206 
-53.323967 3.679348 0.913205 
-53.331982 4.678712 0.878443 
-52.868793 4.158693 0.160782 
-52.165264 4.807748 0.450223 
-52.273265 4.834245 -0.543575 
-51.912701 3.940641 -0.276245 
-52.264101 3.216047 -0.869104 
-52.351660 2.221733 -0.808494 
-51.790804 1.401954 -0.924266 
-52.403892 0.860320 -1.499380 
-52.813637 0.841108 -0.587383 
-51.892622 0.596347 -0.284357 
-51.574999 -0.328470 -0.075003 
-51.196263 -0.169788 -0.986803 
-50.881929 -0.018846 -1.924038 
-50.878751 -0.971273 -2.228788 
-51.737639 -0.847791 -2.725842 
-52.658922 -0.719016 -2.358890 
-52.821906 -1.590811 -1.896927 
-52.876089 -1.642537 -0.899737 
-51.888017 -1.787820 -0.848679 
-51.165200 -2.157755 -0.264998 
-51.324405 -3.129502 -0.439247 
-50.740581 -3.930434 -0.306371 
-50.452373 -4.439439 -1.117451 
-49.912092 -3.788624 -1.650870 
-50.670023 -3.483825 -2.227619 
-50.275125 -4.195820 -2.808239 
-50.981148 -4.880566 -2.627535 
-50.799230 -5.228133 -1.707697 
-50.656535 -6.212644 -1.605833 
-49.676192 -6.367715 -1.727819 
-49.425453 -7.204298 -2.214910 
-48.429057 -7.289078 -2.211984 
-47.432782 -7.206554 -2.186993 
23.109308 46.050758 39.302315 
23.365130 45.590167 40.152263 
24.023996 45.573574 39.400186 
23.642741 44.655763 39.289428 
23.605677 43.707527 38.974030 
24.412829 43.301214 38.545759 
24.863000 44.193610 38.514520 
25.601885 43.693572 38.062845 
25.653948 43.252312 38.958713 
25.956637 42.459754 39.488082 
26.625705 42.992236 40.006552 
27.580649 43.270320 40.110242 
27.224656 43.275293 39.175766 
27.703473 44.147554 39.076291 
28.346699 43.995325 39.826682 
29.192460 43.462570 39.855999 
29.410574 42.586164 40.285345 
28.450524 42.344831 40.143710 
28.827027 42.319004 39.217654 
29.110306 41.397044 39.481743 
29.181470 40.756857 38.716827 
29.725718 40.027655 38.302028 
29.618740 40.589395 37.481660 
28.674263 40.476115 37.173226 
28.170425 40.043125 37.920667 
28.450041 39.133462 38.227793 
28.058947 38.313324 37.810156 
28.047110 37.409874 38.238686 
27.415620 37.149354 37.508378 
27.562663 36.911838 36.548188 
28.454991 36.541060 36.805627 
28.699368 35.960613 37.582391 
29.535380 35.412102 37.567597 
28.941953 35.129857 38.321375 
29.681088 35.320931 38.967261 
30.331379 35.385056 39.724236 
30.756401 35.376145 40.629375 
29.943104 35.866837 40.942056 
29.213908 35.656364 40.290922 
28.649060 36.275135 39.744965 
28.131995 35.546605 39.295646 
28.212400 34.700379 39.822369 
27.493803 35.097185 40.393476 
27.141155 34.227158 40.048958 
27.241561 33.724471 39.190340 
26.348197 33.372653 39.469846 
27.168170 32.816427 39.604961 
27.556986 32.515997 40.475917 
27.503500 32.718724 41.453691 
26.737406 33.244951 41.822722 
27.112770 33.881898 41.149372 
26.429923 33.616867 40.468579 
25.527064 33.612166 40.898489 
25.131352 32.921682 40.292978 
24.164049 32.705700 40.160027 
23.606244 32.692032 40.989887 
22.766277 32.188480 41.192102 
21.794194 32.367134 41.039989 
22.000237 32.612716 40.092764 
22.441938 33.406052 39.673815 
21.925829 32.809606 39.059092 
22.486640 32.037022 39.356756 
22.106061 31.976400 38.433997 
22.213040 32.086228 37.445820 
22.495029 33.040383 37.345467 
23.037135 32.489809 36.710652 
-8.219492 -68.751742 25.854795 
-8.354069 -68.930371 24.880125 
-8.895081 -69.563111 25.434152 
-8.277193 -70.129426 24.888714 
-8.301580 -71.111698 24.702849 
-7.712029 -71.613975 25.335421 
-7.358044 -72.268045 24.666925 
-6.550286 -72.853405 24.736793 
-5.869917 -72.523773 25.391347 
-4.995874 -72.276868 25.809781 
-4.501250 -71.423791 25.975933 
-5.091327 -70.673026 26.272856 
-6.031770 -70.551193 25.955486 
-5.811707 -69.586402 26.099535 
-4.848887 -69.701344 26.344007 
-3.849502 -69.671578 26.362528 
-2.973354 -69.723845 25.883327 
-2.797898 -69.386518 26.808219 
-2.071401 -70.026755 27.057816 
-1.609347 -70.340794 26.228428 
-1.800623 -71.040709 25.540291 
-1.826599 -71.549757 24.679945 
-2.357043 -72.390454 24.788838 
-2.794718 -71.886165 24.044438 
-3.665543 -71.546478 23.689083 
-4.065015 -70.698484 23.340760 
-4.089294 -71.025283 22.395978 
-3.409042 -71.015855 21.663060 
-2.660393 -70.359479 21.756312 
-1.995496 -71.076961 21.548630 
-2.671633 -71.805367 21.659369 
-2.102779 -72.331488 22.291509 
-1.149746 -72.460436 22.017465 
-0.364560 -71.870159 21.830229 
-0.395930 -71.258367 21.039833 
0.507781 -71.335932 21.460892 
0.686140 -70.965392 20.549362 
1.537666 -71.185976 21.025015 
1.806425 -70.828499 21.919431 
1.253915 -69.997280 21.981139 
1.410613 -70.272336 22.929711 
1.727203 -70.432962 23.864575 
2.218892 -70.758232 24.672314 
1.252471 -70.992228 24.566127 
1.547775 -70.794385 25.500821 
1.647508 -69.905975 25.948908 
1.918649 -69.795952 24.992677 
0.958558 -69.516304 24.988060 
0.820407 -68.526071 24.969273 
-0.135114 -68.267594 25.111289 
-0.556388 -69.134031 24.843305 
-1.311583 -69.737906 24.588321 
-1.946148 -70.417315 24.219906 
-1.419396 -70.269467 23.382844 
-0.909463 -69.637713 22.799015 
-16.505192 -38.279622 -37.421705 
-15.664240 -37.744573 -37.502466 
-14.872101 -37.316782 -37.067138 
-15.700449 -37.475609 -36.529911 
-15.269673 -38.365657 -36.380756 
-14.822078 -38.652048 -35.533621 
-14.838915 -37.669932 -35.346097 
-14.215362 -37.804392 -34.575966 
-13.493774 -37.168418 -34.849549 
-13.146872 -36.372042 -35.344974 
-14.021576 -36.456992 -35.822128 
-14.337345 -35.922138 -35.038406 
-15.132808 -35.340368 -35.208059 
-15.552544 -34.436420 -35.289909 
-14.679900 -33.964722 -35.416380 
-13.691389 -34.030139 -35.552635 
-13.598283 -33.038516 -35.463109 
-13.655866 -32.355440 -36.191182 
-12.827150 -32.209288 -35.650933 
-12.986860 -31.231141 -35.517811 
-13.854268 -31.353248 -35.035428 
-14.659127 -31.933923 -35.157983 
-15.165541 -31.106700 -34.914576 
-15.713833 -31.782796 -35.406786 
-16.409598 -31.088566 -35.222518 
-16.859428 -30.280057 -35.601948 
-17.823319 -30.397080 -35.362742 
-17.912547 -30.967362 -36.179330 
-17.558349 -31.894063 -36.304911 
-17.387739 -31.742375 -37.278504 
-17.181792 -30.848043 -36.881320 
-16.211545 -31.029842 -37.041222 
-15.548605 -31.149145 -36.302116 
-15.144756 -32.062358 -36.356409 
-14.988036 -33.010789 -36.631942 
-15.119363 -32.393751 -37.407839 
-16.055922 -32.153018 -37.662602 
-15.833071 -32.964274 -38.203158 
-16.092579 -32.314015 -38.917174 
-15.922871 -32.956214 -39.664690 
-16.623264 -32.250380 -39.770749 
-17.005084 -33.174612 -39.773619 
-17.115332 -33.977705 -40.359186 
-17.262187 -34.396222 -39.462929 
-17.199231 -35.223033 -38.903983 
-17.803239 -36.007417 -39.045111 
-18.625234 -35.523586 -39.345496 
-19.140641 -36.051763 -40.020319 
-19.130908 -36.829678 -40.648612 
-18.146990 -36.653906 -40.616824 
-17.838305 -37.563329 -40.895503 
-17.229563 -38.002370 -41.556319 
-4.045292 -9.941542 -44.372205 
-3.358526 -9.797028 -43.659837 
-2.489476 -9.561995 -43.224509 
-2.062090 -8.682625 -43.014627 
-1.633753 -8.276140 -42.207597 
-1.068263 -8.854753 -42.795328 
-0.706222 -9.195453 -43.662998 
-1.413063 -8.845454 -44.277714 
-1.000365 -8.010401 -43.913891 
-0.160791 -8.250373 -43.426522 
0.599104 -8.869902 -43.229690 
1.143139 -8.790480 -44.064986 
0.874249 -9.437259 -44.778690 
1.641644 -9.205590 -45.376549 
2.541726 -9.383461 -45.774310 
2.684955 -9.870496 -44.912753 
3.552901 -10.351363 -45.037000 
4.223481 -9.983899 -44.392568 
4.972649 -9.331160 -44.505160 
4.598738 -8.733843 -45.214669 
3.853758 -8.472828 -45.828572 
3.153906 -7.877775 -45.433454 
4.056246 -7.468534 -45.298159 
4.632752 -6.937487 -44.677168 
5.151726 -6.270757 -45.212086 
5.012758 -6.368995 -46.197498 
4.431468 -5.555324 -46.204028 
3.929208 -5.754435 -47.045509 
3.254026 -5.028427 -46.914962 
2.501873 -5.397297 -47.461040 
2.247759 -5.147385 -46.526712 
2.917191 -4.691396 -45.940252 
3.689651 -4.900798 -45.340704 
2.874100 -5.450467 -45.159761 
2.470476 -6.263956 -45.578477 
1.614969 -6.065531 -45.100215 
1.376076 -6.913507 -44.627071 
2.106356 -6.849139 -43.946963 
1.535794 -6.714305 -43.136853 
1.713473 -5.743004 -43.294983 
2.547764 -6.229731 -43.036032 
3.033479 -5.369581 -42.880389 
3.046087 -4.512585 -43.395556 
3.466432 -3.952948 -42.681331 
3.419879 -3.029407 -42.300667 
2.866876 -2.297309 -41.902899 
2.997848 -2.878596 -41.099811 
3.733931 -2.350491 -40.676389 
4.441961 -1.648237 -40.602006 
4.935154 -2.206426 -41.269229 
-10.478292 -6.504342 53.280995 
-10.685841 -5.857780 54.015080 
-9.841322 -5.430512 54.337925 
-10.413831 -5.669624 55.122183 
-10.945663 -6.116037 55.841814 
-11.452709 -6.360602 55.015320 
-12.034007 -5.546966 55.005908 
-12.004882 -6.128787 55.818703 
-11.822245 -7.103008 55.686274 
-11.849281 -7.951184 56.215298 
-12.741085 -7.808206 55.786061 
-13.623190 -8.269422 55.690304 
-14.562630 -8.600274 55.779688 
-14.766787 -7.961972 56.521908 
-14.223603 -7.366109 55.930385 
-13.369074 -7.072626 55.501844 
-13.370863 -7.283207 54.524269 
-13.540796 -8.266716 54.586177 
-13.415578 -8.134847 53.602850 
-12.740940 -8.772802 53.231531 
-12.056361 -9.477350 53.044542 
-12.532800 -9.873825 52.259805 
-12.234502 -8.923657 52.169261 
-12.365221 -8.126353 51.580008 
-12.256752 -7.607906 52.428210 
-11.270251 -7.768995 52.457623 
-11.308998 -6.814181 52.752289 
-11.387470 -7.169657 53.683674 
-11.687700 -6.217064 53.732958 
-12.627296 -6.466951 53.966872 
-13.349852 -5.908388 53.559539 
-13.116330 -5.482719 54.433767 
-12.369215 -5.190882 53.836565 
-12.608048 -4.256260 53.573049 
-12.244982 -3.350656 53.353815 
-11.272156 -3.331388 53.123080 
-10.684745 -3.325521 53.932347 
-10.876250 -2.595897 54.588834 
-11.652088 -1.994545 54.779756 
-11.737364 -1.065027 55.138536 
-11.586444 -0.470028 55.927966 
-11.769603 0.511985 55.973833 
-12.174204 0.177314 56.824887 
-12.275910 -0.817414 56.837984 
-13.247702 -0.583301 56.866471 
-13.224311 -0.618695 55.867371 
-14.051645 -0.265615 55.430504 
-13.796916 0.681706 55.236349 
-16.782992 34.171458 86.262295 
-16.764973 33.704230 87.146248 
-17.453907 33.078656 86.780150 
-17.947546 33.919027 87.003973 
-18.106853 33.570399 87.927597 
-18.764493 34.318860 87.842065 
-18.961155 33.724722 88.622016 
-19.566391 32.933721 88.532538 
-19.198048 32.179124 87.989484 
-19.361965 32.018608 88.962812 
-19.320067 32.532014 89.819934 
-19.291958 33.528615 89.742494 
-20.047138 33.203650 90.311792 
-20.477792 33.486854 91.168724 
-20.032022 34.208496 90.639081 
-20.874165 34.638154 90.964948 
-21.664722 34.125975 90.629252 
-22.399556 34.050309 91.303266 
-23.341966 34.324105 91.111176 
-23.958314 35.054079 90.815789 
-23.155284 35.102994 90.221861 
-23.429526 36.058796 90.115867 
-22.455827 36.028164 90.341636 
-22.647256 35.507866 91.173889 
-21.933863 35.003405 91.660294 
-22.378252 35.645762 92.284709 
-22.497983 36.609501 92.046230 
-21.566492 36.949892 92.174515 
-21.991496 37.325924 92.997905 
-22.633844 37.781340 92.381475 
-23.007661 37.892875 91.460703 
-22.608387 38.206240 90.599087 
-49.356692 -21.838342 48.887895 
-49.520091 -21.473862 47.971131 
-50.404809 -21.924529 48.090184 
-51.006460 -21.814536 48.881334 
-50.500615 -21.104451 49.371130 
-51.436591 -20.822379 49.581805 
-51.433672 -20.738345 48.585347 
-51.882449 -19.909835 48.250429 
-51.026214 -19.400015 48.167088 
-51.623864 -19.399819 47.365330 
-51.325825 -18.484646 47.093979 
-50.689727 -17.716031 47.026079 
-51.217405 -17.687492 47.875044 
-51.059768 -17.100369 48.669045 
-50.265999 -17.686492 48.506594 
-50.257772 -18.681979 48.412048 
-49.827769 -19.411734 47.880489 
-49.288068 -18.576428 47.985307 
-48.408571 -18.901363 47.637599 
-48.146003 -18.645250 46.707296 
-47.236607 -19.060345 46.733633 
-47.077566 -19.793467 47.394873 
-47.991039 -19.909138 47.784985 
-48.547502 -20.558159 48.303754 
-47.942480 -20.947266 47.609100 
-48.440159 -21.017441 46.744582 
-48.295398 -21.858525 47.265754 
-48.696560 -22.648980 47.728626 
-49.330496 -23.377093 47.467901 
-50.124287 -23.959930 47.294128 
-50.367559 -24.914564 47.465861 
-50.023339 -24.455694 48.284977 
-49.502866 -25.122239 48.818667 
-50.094901 -25.639696 48.200821 
-50.273213 -26.549652 47.826409 
-50.620853 -27.467594 48.017536 
-50.638913 -28.026351 47.188401 
-51.385843 -27.809707 46.559783 
-50.752640 -28.546092 46.321473 
-50.044925 -28.999041 45.779277 
-50.562835 -29.683120 46.292896 
-51.357007 -29.276447 46.744457 
-51.451348 -29.920079 47.503955 
-50.501051 -29.769315 47.776363 
-50.008756 -30.538338 47.368627 
-50.472943 -31.342851 47.739153 
-50.500751 -32.319528 47.526248 
-50.207548 -32.494567 46.586358 
-51.195257 -32.404422 46.458671 
-51.444880 -33.122630 47.108182 
-51.896255 -33.420450 46.267014 
-52.638628 -33.019524 46.803802 
-53.059379 -32.386969 46.153539 
-52.463524 -32.549012 45.366965 
-53.302937 -33.078718 45.245325 
-53.558381 -32.147026 44.987063 
-54.439024 -32.014012 45.441787 
-55.162084 -31.600980 44.888084 
-54.756488 -30.789268 44.467826 
-55.426640 -30.390144 45.093603 
-55.841249 -30.224417 44.198822 
-55.999789 -29.253363 44.020162 
-56.986378 -29.121340 43.924174 
-57.873334 -29.179461 44.382355 
-58.309508 -28.883633 45.232201 
-57.751816 -29.577130 45.688317 
-57.602891 -30.340423 45.059663 
-58.354574 -30.860594 44.654206 
-58.832874 -30.703949 43.790094 
-58.541644 -31.660571 43.797769 
-57.831613 -32.286820 43.475793 
-57.037493 -31.944662 43.978090 
-56.277431 -31.295701 44.012063 
-55.594086 -31.897740 43.599040 
-56.262054 -31.473558 42.987576 
-56.621978 -32.404469 42.925441 
-56.900310 -33.113021 42.276993 
-56.867651 -34.083225 42.036912 
-56.429668 -34.752063 42.637601 
-57.399610 -34.947114 42.492109 
-58.085853 -35.306738 41.859858 
-58.479929 -34.828248 42.644557 
-58.828722 -34.083705 43.213766 
-59.456728 -33.701482 42.535892 
-60.423661 -33.820606 42.761395 
-60.358295 -34.540366 42.070256 
-60.536206 -34.054181 41.214703 
-61.396898 -33.787521 40.780996 
-62.058910 -34.242904 40.185709 
-63.023153 -34.416661 39.985599 
