-24.775525 -27.647256 4.166992 
-25.650126 -27.780258 3.700749 
-26.357360 -28.423282 3.994587 
-26.680745 -28.367434 3.049969 
-26.159689 -29.169747 3.341162 
-25.790156 -29.336341 4.255324 
-24.793251 -29.410882 4.280329 
-24.384269 -29.989339 3.574552 
-24.863440 -30.757383 3.149695 
-24.303841 -31.007230 2.359489 
-23.726266 -31.583187 1.780973 
-24.409627 -32.057648 1.226080 
-25.024538 -31.400068 1.661364 
-25.071064 -30.449832 1.353325 
-24.839014 -29.846660 0.590216 
-24.097297 -29.182587 0.496069 
-24.042547 -29.006681 1.478953 
-24.271344 -29.952731 1.708391 
-24.617894 -29.402313 2.467959 
-24.139210 -29.035633 3.265711 
-23.180433 -28.756066 3.316603 
-22.817923 -29.580870 2.882686 
-22.147374 -30.252370 2.567325 
-22.228225 -30.384183 1.579353 
-22.629160 -31.115940 2.130518 
-22.815026 -32.093986 2.036285 
-23.460973 -32.706690 1.580931 
-22.794978 -33.452585 1.590514 
-22.346304 -33.836732 2.397435 
-22.254345 -33.239876 3.194496 
-22.396761 -32.365840 3.659014 
-21.873804 -32.192515 2.824463 
-21.077104 -32.718442 2.526689 
-20.997559 -32.557410 3.510428 
-20.069466 -32.282368 3.259440 
-19.164582 -32.401366 3.668126 
-18.514724 -32.555117 4.412469 
-18.211375 -33.434478 4.779487 
-19.154166 -33.303164 5.085923 
-19.050365 -33.117836 6.063102 
-19.696735 -32.366744 5.928689 
-19.162061 -31.743605 5.357881 
-18.611148 -31.175552 4.746481 
-18.615667 -30.197097 4.540070 
-19.599249 -30.278527 4.379024 
-19.317387 -29.769290 3.565863 
-18.944267 -28.864194 3.769783 
-18.063276 -28.407048 3.891732 
-18.051202 -28.771226 4.822983 
-17.253445 -29.325859 5.059556 
-17.568092 -30.266777 5.184738 
-17.612170 -30.613917 4.247961 
-17.434953 -31.501425 3.822609 
-17.014101 -31.029907 3.047655 
-17.561242 -30.638741 2.307638 
-18.046301 -29.865032 1.900092 
-17.442238 -29.412638 2.556177 
-18.054800 -28.643114 2.736733 
-18.905177 -28.117100 2.723749 
-19.783148 -27.670694 2.550864 
-19.680694 -27.897465 1.582320 
-19.813649 -27.086087 1.013120 
-20.363866 -26.416467 1.511990 
-20.741445 -26.180015 2.407268 
-21.103346 -25.717843 1.597685 
-20.534527 -24.990786 1.213194 
-21.125462 -25.523641 0.607503 
-21.288337 -26.509656 0.642786 
-21.304519 -26.359419 -0.345731 
-20.321221 -26.179816 -0.316256 
-19.971728 -25.689113 0.481907 
-19.310560 -25.163817 1.017557 
-18.383294 -25.371211 0.705841 
-17.692159 -25.655131 0.041219 
-17.417555 -25.129080 0.846119 
-16.722932 -24.764865 1.466478 
-16.564655 -24.750075 2.453762 
-16.062053 -25.486471 2.906654 
-15.772338 -26.339647 2.472884 
-14.860748 -26.667163 2.721354 
-15.159921 -27.014150 3.610227 
-14.351617 -26.657597 4.078752 
-14.112674 -25.999734 4.792980 
-13.946733 -25.057423 5.083691 
-14.637379 -24.879267 5.784596 
-15.176475 -24.044577 5.672039 
-15.775696 -23.335601 5.300170 
-14.840798 -23.042655 5.099800 
-15.372465 -22.195894 5.117874 
-16.019108 -21.473029 4.874321 
-15.673404 -20.748560 5.470670 
-15.673624 -19.753831 5.368130 
-16.451589 -20.008722 5.942414 
-16.737391 -19.051506 5.897101 
-16.028029 -18.814701 5.233227 
-16.023242 -18.384286 4.330609 
-15.822634 -17.507753 3.893062 
-15.218386 -17.230946 3.145893 
-14.976362 -16.753669 2.301126 
-14.408967 -16.591658 3.108477 
-15.223222 -16.013991 3.051111 
-16.034313 -16.352438 3.528169 
3.246475 46.751844 -38.557788 
3.836581 46.164798 -38.003574 
4.194622 46.385039 -37.096215 
4.116290 47.270129 -36.637433 
4.462089 48.200451 -36.759602 
4.760532 47.791658 -37.622053 
5.640903 47.527523 -38.015980 
4.963767 47.033925 -38.561734 
5.168000 46.383788 -37.829880 
5.310869 45.684872 -38.530669 
5.973838 45.274857 -39.157055 
6.005001 44.423972 -38.632628 
6.348443 44.387777 -37.694152 
6.999216 43.669676 -37.940779 
7.960441 43.559064 -38.193390 
8.475860 43.287311 -37.380683 
9.453599 43.472139 -37.480008 
9.677219 44.404893 -37.762786 
8.781832 44.433049 -38.207184 
8.238823 45.261543 -38.344073 
7.877239 44.808464 -39.158921 
7.179559 44.890107 -38.447178 
6.896147 44.405341 -39.274632 
7.181755 43.674015 -39.893979 
6.758560 42.778313 -40.030443 
6.256720 42.589087 -39.186434 
5.283933 42.397944 -39.055475 
5.102002 42.141648 -38.106152 
4.255596 42.668445 -38.184133 
4.287541 42.437173 -37.211768 
4.082317 41.462251 -37.297857 
4.104178 40.493387 -37.544483 
4.551735 40.610654 -36.657950 
4.152292 39.704224 -36.795177 
4.937208 39.509191 -36.207071 
5.788567 39.966987 -36.463217 
5.868659 38.977370 -36.343876 
5.596146 39.061744 -37.302322 
5.881413 39.131549 -38.258224 
6.454749 39.799448 -37.783676 
7.145106 40.492825 -37.577193 
6.418464 41.072785 -37.945482 
5.972721 41.553901 -37.190604 
6.086678 42.347723 -36.593226 
6.282332 42.706903 -35.680696 
6.832712 43.541813 -35.683358 
6.995611 44.503964 -35.901830 
7.979130 44.466903 -36.078796 
8.161484 44.746192 -37.021529 
8.631804 45.625956 -36.952152 
9.622455 45.755668 -36.909905 
10.468155 45.232936 -37.017346 
11.006498 44.563533 -37.529290 
11.869598 44.186987 -37.865849 
11.585140 45.037721 -38.307817 
11.932463 45.872736 -37.881067 
11.963590 46.103673 -38.853537 
12.816002 46.011625 -39.368243 
13.058651 45.079706 -39.098707 
12.750637 44.660345 -39.952676 
13.141786 45.172213 -40.717525 
12.204616 45.275706 -41.050694 
12.589279 45.651784 -41.893664 
13.436263 45.246680 -42.237915 
12.745167 44.541029 -42.081571 
12.432944 43.593330 -42.015366 
12.082871 43.761134 -42.936936 
13.051992 43.605242 -43.127990 
13.786155 43.595729 -42.449083 
13.876221 42.949390 -43.206799 
13.452024 42.048243 -43.296194 
13.646127 41.130642 -43.643081 
13.718343 40.516971 -42.856828 
12.737100 40.567103 -43.042972 
11.758478 40.496738 -42.849718 
10.762777 40.549134 -42.773335 
10.531934 39.578487 -42.840838 
10.334607 40.008069 -41.959633 
10.331720 39.524803 -41.084164 
9.823095 40.342835 -40.815606 
9.127233 40.820496 -41.351904 
8.417488 40.180349 -41.057838 
8.607760 39.964993 -40.100018 
8.505108 40.957649 -40.164017 
8.731059 41.519103 -39.367954 
8.253202 41.957115 -40.129399 
7.876494 42.467952 -39.356653 
7.909849 42.117164 -38.420793 
6.934243 42.315407 -38.326495 
6.806077 42.161380 -37.346775 
7.655188 41.744498 -37.022399 
7.993648 41.282608 -37.842218 
8.685125 40.594747 -38.062914 
9.381322 41.172357 -37.636678 
9.864017 41.262518 -38.507813 
6.864575 4.652724 -6.613788 
6.306188 4.985129 -5.853715 
6.470660 4.099228 -5.419977 
5.527875 4.388728 -5.585341 
5.380439 5.142457 -4.944908 
6.276594 4.826003 -4.633840 
7.158329 4.685641 -4.183461 
6.835013 3.808391 -3.828638 
6.704471 3.113566 -4.535871 
7.259231 2.317473 -4.294050 
7.680491 1.446557 -4.547123 
7.321322 0.636244 -4.084098 
7.384155 0.155505 -4.958708 
7.226315 -0.731807 -4.525391 
7.744603 -1.179434 -5.254095 
7.956038 -1.944688 -4.646081 
8.162492 -2.198695 -5.590992 
8.146136 -3.115473 -5.990054 
8.140044 -4.078993 -5.722488 
7.153144 -3.919924 -5.695555 
6.455726 -3.403072 -5.199097 
6.601600 -3.663877 -4.244790 
6.740426 -2.829072 -3.712035 
6.182653 -2.001721 -3.645859 
5.249010 -2.022242 -3.288241 
4.375515 -2.400431 -3.594801 
4.763997 -3.134258 -4.152098 
5.174603 -3.673404 -4.887437 
5.651026 -4.117655 -5.646161 
5.480596 -4.969186 -6.141992 
4.551495 -4.624647 -6.276401 
3.788549 -4.140123 -5.848442 
2.902667 -4.030230 -6.299147 
1.949058 -3.892010 -6.031704 
1.946431 -3.126146 -5.388707 
1.352811 -2.729508 -4.688497 
1.322079 -2.097572 -5.462908 
0.631922 -2.116457 -6.186321 
1.164792 -2.577137 -6.896126 
0.787547 -3.230552 -7.552429 
-0.072520 -2.796166 -7.284862 
-0.265471 -1.860700 -6.988764 
-0.749658 -1.172909 -7.529602 
-0.078713 -1.125826 -8.269613 
0.840082 -0.955428 -8.625676 
0.567301 -0.049238 -8.948801 
0.222890 0.723464 -8.415591 
0.634344 1.382144 -9.045548 
1.227898 1.849161 -9.700978 
0.850216 1.972298 -10.618689 
1.113698 2.033907 -11.581383 
0.912433 2.938483 -11.205572 
0.022936 2.494498 -11.313615 
-0.552433 1.965884 -11.937728 
-0.662857 1.039321 -11.578163 
-1.584808 1.413885 -11.676694 
-1.568990 2.043380 -10.899850 
-2.091851 2.200152 -10.061973 
-2.637229 2.695710 -9.385966 
-2.748923 3.145505 -10.272086 
-2.823147 3.908284 -9.629700 
-1.858679 3.645075 -9.606820 
-1.620954 2.921062 -8.959292 
-1.292582 3.803266 -8.621818 
-0.336078 3.966137 -8.379801 
0.662443 3.914603 -8.397164 
0.186324 3.070099 -8.642364 
-0.380120 3.256902 -9.445014 
-0.858055 2.571340 -9.994180 
0.006635 2.285692 -9.581003 
0.178919 1.399027 -10.010121 
-0.375504 0.629192 -9.693943 
-0.627955 0.067950 -8.905732 
-0.749314 -0.525532 -9.701377 
-0.686372 -1.499912 -9.485457 
-1.377451 -1.272920 -8.799247 
-1.857384 -1.822163 -8.115144 
-2.493125 -2.576430 -7.951087 
-3.223313 -2.372482 -8.603183 
-4.041235 -2.775057 -9.014204 
-3.885739 -3.757561 -8.911701 
-3.829831 -3.420671 -9.851583 
-4.706988 -3.291136 -10.313986 
-4.597734 -2.374726 -10.699028 
-39.328625 12.806764 -2.209808 
-39.059489 12.241426 -2.989525 
-38.099001 12.514318 -3.044238 
-37.149097 12.780683 -3.207735 
-37.342493 11.916929 -3.673060 
-37.743381 11.575064 -2.823109 
-36.783492 11.822674 -2.691567 
-36.311042 11.339717 -3.428821 
-36.798804 10.596170 -3.886233 
-36.020836 10.651118 -4.512128 
-36.800893 10.886439 -5.091900 
-36.353293 10.030110 -5.349498 
-35.464549 9.658521 -5.617929 
-36.134400 8.917057 -5.578800 
-36.968127 8.609961 -5.119898 
-37.514253 8.912586 -4.338768 
-36.863699 9.389496 -3.747720 
-36.995092 10.042727 -3.002049 
-36.863474 9.195018 -2.488175 
-36.572675 8.313313 -2.116648 
-36.227028 8.574123 -1.215257 
-37.089795 8.167573 -0.914671 
-37.612721 8.512342 -1.694211 
-38.416539 7.924627 -1.602197 
-39.341093 8.264423 -1.774645 
-40.182054 7.906072 -1.369221 
-40.295667 8.560132 -0.621360 
-40.149019 9.241111 -1.338829 
-41.009823 9.317761 -1.841960 
-40.807277 8.378500 -2.119024 
-40.198211 7.643153 -2.416182 
-39.944488 6.757294 -2.027751 
-39.023456 7.093361 -2.224623 
-38.530324 6.237580 -2.068225 
-38.164001 6.149589 -1.141907 
-37.816188 7.080710 -1.032185 
-38.593934 7.359837 -0.468980 
-38.489396 8.351703 -0.396361 
-37.630276 8.840097 -0.243443 
-37.634237 9.606821 0.398522 
-37.034358 10.404119 0.465318 
-36.324307 11.096852 0.339032 
-35.681598 11.553176 0.954413 
-35.586017 10.688941 1.448340 
-35.502347 9.741014 1.755638 
-35.250565 8.881811 1.310243 
-34.310620 9.078791 1.588995 
-33.496124 8.999304 1.014297 
-33.506971 8.562477 1.913777 
-33.031656 7.948557 1.283557 
-32.535538 7.150704 0.941070 
-31.591767 7.329818 1.218944 
-30.939743 7.178467 1.961882 
-30.083976 7.369773 1.481190 
-30.294534 7.190266 0.520231 
-29.643074 6.590345 0.055801 
-29.629464 5.809566 -0.568858 
-28.786445 6.125145 -1.004437 
-29.021379 6.818369 -1.685793 
-29.767426 7.479274 -1.604438 
-29.901583 8.468384 -1.664965 
-29.897128 8.104293 -0.733612 
-28.946460 8.053664 -0.427562 
-29.278756 8.983459 -0.585862 
-29.324849 9.506565 0.265158 
-29.090333 10.151082 0.992894 
-28.610077 10.988992 1.252243 
-28.138826 10.130919 1.456286 
-28.241541 9.556598 0.644125 
-27.847724 8.862275 1.246474 
-28.707082 8.981522 1.743750 
-29.604454 9.410917 1.845452 
-29.036375 9.893695 2.511944 
-29.734396 9.560652 3.145859 
-29.778783 8.621420 3.486262 
-30.021979 7.653299 3.546237 
-30.768574 7.450518 4.179857 
-31.481990 7.643817 3.506305 
-31.609539 7.862252 2.538825 
-31.510792 8.824151 2.793773 
-32.079178 9.242732 3.502099 
-32.703508 9.422139 4.262379 
-63.840225 -16.943556 52.389812 
-63.112679 -16.349228 52.047099 
-62.582487 -15.614083 51.624657 
-62.729259 -15.206722 52.526053 
-62.814349 -14.210820 52.495398 
-63.617871 -13.919178 51.976459 
-63.778814 -14.352860 52.863036 
-64.007926 -14.888732 53.675654 
-63.432671 -14.503198 54.397073 
-63.122122 -13.728062 53.846872 
-62.583170 -12.948949 53.526692 
-62.502141 -12.126889 54.090298 
-62.060395 -12.447594 54.928158 
-61.608272 -13.331649 54.809706 
-61.405557 -13.837569 55.648128 
-61.399353 -13.318960 56.503117 
-62.181331 -13.936971 56.422050 
-62.869807 -14.295945 55.791861 
-63.476379 -14.997061 55.417019 
-63.506501 -15.560822 54.591631 
-64.472009 -15.705759 54.807935 
-64.144451 -16.589765 55.141460 
-64.928169 -17.102101 55.492598 
-65.586038 -17.094426 56.245691 
-65.839852 -16.279291 55.724987 
-65.111051 -15.898482 56.294051 
-65.743738 -15.150090 56.493087 
-64.924640 -14.600425 56.328933 
-64.346110 -14.952504 57.064694 
-64.164409 -14.307992 57.807384 
-64.984646 -14.376384 58.375304 
-64.350023 -13.785290 58.873160 
-64.623174 -12.848003 59.089682 
-64.879613 -12.248512 58.331494 
-65.852751 -12.039429 58.235131 
-66.086393 -12.134482 57.267466 
-65.331553 -12.779074 57.388777 
-64.652295 -12.813441 56.655682 
-63.888646 -13.359421 56.311086 
-64.016197 -14.295847 55.984226 
-63.426279 -14.885653 56.535701 
-62.568379 -15.385511 56.416751 
-63.233710 -16.021768 56.026223 
-63.603333 -16.949844 56.071540 
-62.700501 -17.207703 55.727443 
-62.734946 -16.506034 55.015774 
-61.878165 -16.657960 54.522980 
-61.737351 -17.503574 55.037867 
-61.040843 -16.863084 55.361361 
-60.560718 -17.148607 56.190793 
-60.324458 -16.250167 55.820675 
-59.437821 -15.800401 55.713042 
-59.482789 -16.365996 54.889585 
-59.820261 -15.841884 54.107652 
-60.388102 -16.653881 54.242628 
-61.165063 -16.267154 53.745865 
-61.288881 -15.425063 54.270795 
-61.363633 -14.982185 53.377335 
-60.799239 -14.264103 52.970129 
-59.869315 -14.056467 52.666604 
-59.635038 -13.110667 52.441711 
-58.971077 -12.419841 52.155502 
-59.646951 -11.858121 52.632644 
-60.459921 -12.345932 52.950639 
-59.721546 -12.396060 53.623165 
-60.047670 -12.175856 54.542487 
-60.009431 -12.248270 55.539128 
-59.856319 -12.009765 56.498123 
-60.073023 -12.985974 56.490661 
-60.303050 -13.958747 56.518946 
-60.793416 -14.330122 57.307376 
-60.707424 -14.417800 58.299806 
-61.383551 -13.681036 58.294340 
-62.377020 -13.632578 58.397647 
-63.209401 -14.146622 58.604771 
-62.910865 -13.740196 59.468307 
-63.093900 -12.947510 60.049811 
-62.944111 -11.985342 59.822225 
-63.651447 -11.838512 59.130765 
-64.037060 -11.760259 60.050102 
-41.992725 -58.452356 5.841872 
-41.663618 -57.849562 6.568735 
-42.434129 -57.463379 6.061609 
-43.214194 -57.470204 5.435949 
-43.619046 -56.606828 5.737074 
-44.526275 -56.256269 5.969548 
-44.534985 -55.329780 6.345769 
-45.390137 -55.163242 5.854872 
-46.309382 -55.452531 5.587852 
-46.251409 -54.555416 6.025829 
-46.170769 -53.560885 5.959465 
-45.653537 -52.713129 6.076855 
-44.925379 -52.257737 6.589110 
-45.020650 -51.304081 6.303693 
-45.191512 -51.448795 7.278303 
-44.478953 -51.578264 7.967866 
-44.383159 -52.563479 7.825828 
-44.172559 -52.579819 8.803264 
-43.678208 -52.431260 9.659738 
-43.888718 -51.603810 10.180326 
-44.535510 -51.675232 9.421011 
-44.860253 -50.744249 9.587780 
-43.887761 -50.714612 9.356735 
-43.043408 -50.324351 8.989632 
-42.973608 -51.206267 9.455843 
-42.130356 -51.380417 9.964368 
-41.802086 -52.162541 10.494010 
-41.739528 -52.217579 9.497488 
-42.226052 -53.023039 9.159067 
-42.823527 -53.816082 9.277837 
-42.879418 -54.754358 8.936494 
-43.412621 -54.521401 8.123214 
-43.927700 -53.818006 7.633388 
-44.150140 -53.754268 8.606249 
-45.057241 -53.792042 9.025462 
-44.410450 -53.942902 9.773060 
-44.359257 -54.806944 9.272250 
-44.536300 -55.149257 8.349494 
-44.599591 -55.802397 9.104082 
-44.849139 -56.518339 8.452045 
-45.344025 -57.062166 7.774298 
-44.608388 -57.537394 7.291601 
-43.990058 -58.276140 7.023419 
-44.677182 -58.536097 6.344977 
-44.289293 -58.083703 5.541932 
-44.458289 -57.526267 4.729094 
-44.900959 -56.742312 4.293828 
-45.308308 -57.417883 3.679279 
-45.289371 -58.226289 3.090958 
-45.346669 -57.887280 2.151921 
-45.992861 -58.468014 1.656759 
-46.874118 -58.811521 1.981395 
-46.842229 -59.671502 1.472065 
-46.177695 -59.541680 0.736171 
-45.376564 -58.979937 0.529691 
-44.747627 -58.205343 0.596340 
-44.626995 -58.733417 -0.244246 
-45.354050 -58.335454 -0.803724 
-45.615565 -58.617499 -1.726795 
-46.119514 -59.480105 -1.682658 
-45.384657 -59.891165 -2.222116 
-44.710876 -59.178657 -2.417952 
-45.001341 -58.825256 -3.307186 
-44.253072 -58.220788 -3.033848 
-44.450827 -58.138273 -4.010620 
-44.114248 -57.585127 -4.772686 
-43.958177 -56.841642 -4.122400 
-44.384567 -56.213200 -3.471821 
-43.803125 -55.417516 -3.302080 
-43.495245 -54.892620 -4.095612 
-42.670840 -55.453373 -4.018723 
-43.097458 -55.949834 -4.774715 
-42.353847 -56.158469 -5.409942 
-41.629194 -56.070703 -6.093445 
-41.080628 -56.433724 -6.846633 
-41.431813 -57.328966 -7.120879 
-42.371615 -57.022861 -6.968981 
-42.906056 -57.819491 -6.686575 
-69.142825 0.955404 -3.909168 
-68.162670 0.798986 -3.787389 
-67.617554 1.193419 -4.527168 
-68.426576 1.184751 -5.114883 
-69.419100 1.297492 -5.068129 
-69.316005 0.548927 -5.723126 
-69.549723 1.237951 -6.409145 
-69.856113 2.160771 -6.175632 
-69.013913 2.589406 -5.848568 
-68.181196 2.989568 -5.465875 
-68.156795 2.206932 -4.843874 
-68.523096 2.030469 -3.930263 
-68.051254 2.555366 -3.221851 
-68.340245 3.007362 -2.377940 
-68.185994 2.618747 -1.469543 
-69.063829 2.199216 -1.238461 
-69.269019 1.261989 -1.520424 
-68.943019 0.844294 -2.368513 
-69.493129 0.098809 -1.992175 
-68.837890 -0.638245 -1.826608 
-68.819911 -1.229514 -1.020334 
-67.840416 -1.310507 -1.204802 
-67.104261 -1.975098 -1.332842 
-66.293413 -1.540728 -0.940607 
-65.307578 -1.619273 -1.088800 
-64.553808 -0.962503 -1.066826 
-64.196995 -0.068905 -0.794491 
-63.356804 0.243585 -0.351288 
-62.847358 -0.538613 0.007365 
-62.122236 -0.333925 0.664861 
-62.566566 -0.605139 1.518683 
-61.623454 -0.636558 1.849669 
-60.683046 -0.972655 1.797982 
-60.648856 -1.056201 0.802065 
-59.820925 -1.512604 0.476140 
-59.055850 -2.141370 0.337167 
-58.934490 -2.796595 -0.408455 
-57.949483 -2.664938 -0.296976 
-57.780098 -2.097262 0.508661 
-57.113542 -2.839835 0.443185 
-57.198515 -3.693482 0.957060 
-56.579279 -3.939929 0.211533 
-56.694745 -3.465142 -0.660960 
-56.261552 -2.630701 -1.001624 
-56.399674 -2.262866 -1.921200 
-56.462061 -2.656282 -2.838441 
-56.964285 -2.655877 -3.703179 
-57.064916 -2.495066 -4.685020 
-56.860398 -1.522554 -4.796340 
-57.362901 -1.548130 -3.932142 
-56.398917 -1.282355 -3.922184 
-56.049431 -1.020064 -3.022704 
-56.829674 -0.772048 -2.448501 
-56.881434 -1.097946 -1.504514 
-56.918726 -0.290374 -0.915925 
-56.383470 -0.194853 -0.076654 
-55.764694 -0.370500 0.689025 
-54.951376 0.085130 1.050849 
-54.128622 -0.271196 0.608009 
-53.442561 0.420416 0.833825 
-52.608196 0.387649 1.384062 
-52.427723 -0.551708 1.675675 
-52.051803 -0.720206 0.764471 
-51.897553 -0.435881 -0.181767 
-51.178639 0.156250 -0.545832 
-50.983252 -0.822621 -0.606128 
-50.498116 -1.231975 -1.378832 
-49.743920 -1.865814 -1.550401 
-49.144497 -1.628390 -0.785992 
-48.424827 -1.755640 -0.103435 
-48.554236 -2.327382 0.706728 
-48.669257 -3.285030 0.442757 
-48.344203 -3.133778 -0.490765 
-48.038126 -3.568854 -1.337538 
-48.435532 -3.933812 -2.179485 
-48.447425 -4.881201 -2.499349 
-23.472725 75.792344 -5.990588 
-22.882190 75.700458 -5.188824 
-22.595293 74.918460 -5.742149 
-23.377778 74.516860 -5.266297 
-23.857226 74.683704 -4.404733 
-24.732505 74.200544 -4.383691 
-25.661474 73.938484 -4.122269 
-25.914275 73.018384 -3.823090 
-25.116247 72.900263 -3.232159 
-24.542397 73.555580 -2.740981 
-24.497347 74.447860 -2.291752 
-23.533684 74.233412 -2.132488 
-23.707676 75.166666 -2.446754 
-22.949418 75.445093 -1.857244 
-22.908872 74.553747 -1.405737 
-23.776844 74.970529 -1.135705 
-24.634463 75.034067 -0.625360 
-25.466843 74.895325 -1.161917 
-25.811003 74.836998 -2.099015 
-25.594251 75.135885 -3.028361 
-26.351365 75.050307 -3.676015 
-25.952967 75.875140 -4.077175 
-26.394921 76.668732 -4.495369 
-27.394657 76.680115 -4.475409 
-26.928200 77.523237 -4.207898 
-26.897070 78.449749 -3.832924 
-27.006181 79.097858 -4.586615 
-27.113590 79.530210 -3.691330 
-27.088290 79.717829 -2.709414 
-27.476088 80.616824 -2.912933 
-27.912051 80.629651 -3.812807 
-28.498649 81.229869 -3.269079 
-29.226319 81.781456 -3.676815 
-29.439819 82.547503 -3.070524 
-30.046684 82.001055 -2.493368 
-30.344630 81.882131 -3.440514 
-30.562810 82.829081 -3.676488 
-31.389550 82.868914 -4.237661 
-31.992924 82.603889 -4.989792 
-31.064287 82.754825 -5.328692 
-30.954013 82.630391 -6.314773 
-31.706610 83.085765 -6.790412 
-32.512639 82.622398 -6.422162 
-32.995720 81.807017 -6.741203 
-33.656616 82.538793 -6.907696 
-34.352387 83.001501 -7.457063 
-34.548439 82.844778 -8.425051 
-35.271010 83.183587 -7.822473 
-35.476298 82.484009 -7.138040 
-35.035472 81.870608 -6.482745 
-35.398828 80.949532 -6.342780 
-35.165072 79.981767 -6.249032 
-35.913089 79.318359 -6.268032 
-35.085183 78.772687 -6.397692 
-34.157118 78.763259 -6.769992 
-33.272211 78.799354 -7.234358 
-33.736679 77.994258 -7.603263 
-33.847709 77.720468 -6.647904 
-34.811735 77.830861 -6.889704 
-35.036346 78.379069 -7.695321 
-35.801603 77.778648 -7.463207 
-36.208120 78.690975 -7.512242 
-35.565729 79.404749 -7.791276 
-34.893797 79.670759 -8.482468 
-34.520534 80.382502 -7.887409 
-33.811694 81.007668 -7.560740 
-33.532670 80.047414 -7.568306 
-33.256476 80.406071 -6.676633 
-25.999425 38.926844 26.940912 
-26.596929 39.207323 27.692125 
-25.809276 39.641339 28.129427 
-26.516387 40.008795 28.733555 
-25.897107 39.668820 29.441304 
-25.507009 38.881299 29.918414 
-25.382981 38.406322 29.047201 
-25.826795 37.568288 28.729823 
-25.418814 37.994161 27.922245 
-24.689580 37.757650 28.564335 
-24.406512 38.416459 27.867311 
-23.545074 38.760948 27.494146 
-22.734590 39.095766 27.974784 
-22.477607 39.926197 28.469094 
-22.172982 40.031323 29.415748 
-21.387211 40.230695 28.830243 
-20.882237 39.369424 28.773557 
-21.080069 38.389221 28.781630 
-21.812462 37.720181 28.908062 
-21.719384 36.775191 28.594487 
-22.663761 36.866295 28.278494 
-22.460603 36.387465 27.424416 
-22.844986 36.011172 26.581413 
-23.187548 36.930349 26.775745 
-23.492975 37.361185 27.624918 
-24.117413 37.685403 26.914314 
-24.341077 37.325602 26.008489 
-24.623096 36.471822 25.570854 
-25.529537 36.135602 25.826433 
-25.512506 36.943491 26.415520 
-25.789808 36.212640 27.039187 
-26.071514 35.795445 27.903241 
-25.942060 34.871281 27.543848 
-26.701970 35.041137 28.171291 
-27.697652 35.131551 28.150250 
-28.272914 35.932974 28.313943 
-28.039783 36.832405 28.683636 
-28.619611 36.907911 29.494868 
-28.821933 35.932503 29.407430 
-29.205871 35.283350 28.750779 
-29.235217 34.714238 27.929042 
-29.716632 33.838189 27.956943 
-30.029520 33.708280 27.016079 
-29.536890 34.527272 26.721857 
-28.661918 34.146299 27.020658 
-27.887851 34.074661 27.649696 
-26.949373 34.048565 27.305344 
-26.412598 33.223222 27.480505 
-26.716765 33.412625 26.546905 
-25.758677 33.681789 26.448836 
-25.309699 32.826674 26.708061 
-24.441861 32.588886 27.144311 
-25.240816 32.648594 27.742731 
-25.740947 33.329158 28.278176 
-25.106308 33.025935 28.989013 
-25.903884 33.058183 29.591369 
-26.215605 33.851201 29.067964 
-27.030328 34.366895 29.333078 
-27.191718 33.962726 30.233412 
-27.539724 33.345490 29.527784 
-28.113575 32.529373 29.595969 
-28.395751 31.580340 29.736368 
-27.646426 30.999094 30.053646 
-26.849080 30.396000 30.076388 
-26.555989 29.915447 30.902927 
26.546175 23.955144 -59.873288 
26.900857 23.318980 -60.558486 
26.021124 23.468323 -61.009890 
25.244546 23.200127 -61.579976 
26.002090 22.919160 -62.169199 
25.643883 22.448390 -62.975463 
25.264657 22.199719 -62.084200 
24.643346 22.026634 -62.848408 
25.332323 21.516478 -63.363238 
24.410726 21.174555 -63.546946 
24.089444 20.509570 -62.872727 
24.222458 19.652750 -63.370891 
24.856227 19.524626 -62.608054 
25.084219 18.973004 -63.410383 
25.618051 18.190287 -63.090419 
26.501088 17.970991 -62.675504 
26.879877 18.695643 -62.099832 
27.323641 18.667689 -61.204125 
27.774475 17.834099 -61.523304 
28.514519 17.428256 -62.059612 
28.155156 17.861911 -62.885930 
27.426349 18.094256 -63.530023 
26.937211 18.893023 -63.880331 
26.102146 19.391417 -64.113290 
25.240144 19.662726 -64.541477 
24.407233 20.209808 -64.624900 
25.159089 20.797218 -64.924335 
24.713933 21.685794 -64.813565 
23.895220 21.522722 -65.364124 
23.681322 22.489464 -65.223924 
23.324634 23.295537 -64.751673 
23.804624 24.061439 -64.323884 
24.441953 23.321346 -64.538531 
24.897383 22.939248 -63.734426 
25.425480 23.550389 -64.324018 
26.114917 23.408845 -65.034400 
25.887239 22.642998 -65.635766 
25.279375 22.236802 -66.318046 
25.926075 22.497148 -67.034983 
25.008721 22.893704 -67.069671 
24.011466 22.863246 -67.002171 
24.446608 22.454994 -67.804656 
24.584323 23.390615 -68.129691 
23.588125 23.476775 -68.142560 
23.613329 23.149332 -69.087095 
23.547843 22.424328 -68.401471 
23.125707 21.824401 -69.081095 
22.338142 21.208300 -69.068354 
22.174156 21.937109 -68.403564 
21.181703 21.852634 -68.314670 
21.423701 20.909678 -68.086041 
21.748876 20.233649 -68.747287 
21.047689 19.571921 -68.481859 
21.733979 19.155747 -69.078353 
21.947359 19.490468 -69.996193 
22.636736 19.977598 -69.460036 
23.078472 19.185958 -69.882145 
23.484414 19.719026 -70.624472 
23.552709 20.462246 -69.958919 
24.038021 21.209309 -70.413198 
23.086451 21.515280 -70.443140 
23.047830 20.906882 -71.235833 
23.630530 20.413096 -71.881306 
23.936681 20.816162 -72.743750 
24.569017 21.115552 -73.458255 
25.532068 20.967772 -73.233105 
25.234506 20.638283 -74.129148 
24.677633 19.936849 -74.573988 
25.543367 20.036728 -75.064426 
16.435015 24.618544 14.027592 
16.785517 24.597066 13.091277 
17.516015 24.647886 13.772298 
17.985885 24.416165 14.624077 
17.786238 25.074298 15.350026 
16.815846 24.874775 15.213902 
15.911930 24.966434 15.631674 
15.696950 24.086477 16.055301 
14.919984 24.429623 16.583103 
15.518305 25.144269 16.945447 
14.928993 25.151366 17.753321 
14.178981 24.508154 17.599176 
13.952961 24.368084 18.563176 
13.648651 25.296068 18.778217 
14.576754 25.247516 19.147360 
15.219025 24.512700 18.929338 
16.217274 24.497756 18.872101 
16.105971 23.504007 18.863504 
15.336188 22.976163 18.504596 
14.664677 22.349347 18.109407 
14.950765 21.392940 18.050764 
14.862202 21.264666 19.038540 
15.620632 21.915452 19.074054 
16.579967 21.996767 18.803749 
17.085352 22.859480 18.786067 
17.031976 23.297651 19.683372 
17.816889 23.636772 19.164808 
18.594087 23.337494 19.718338 
18.341601 23.112185 20.659341 
19.299262 22.894264 20.471206 
20.186446 22.864151 20.010774 
20.411541 21.937624 19.709309 
21.226165 22.106304 20.264228 
21.779332 22.795057 19.795586 
22.100667 23.063597 18.887494 
21.261079 23.372143 18.440402 
21.303224 22.373326 18.464681 
21.744213 21.627798 18.964398 
22.102920 20.727429 18.718095 
21.523597 19.965528 19.007733 
21.838879 19.036469 18.814223 
21.452799 18.131390 18.992475 
21.150494 18.106558 18.039587 
20.254374 17.697073 17.868441 
20.406917 17.122129 17.064594 
20.186568 16.146723 17.059148 
20.209288 15.186310 16.781493 
20.292124 14.274377 16.379603 
19.480222 14.819972 16.171898 
19.396842 15.801820 16.342258 
18.854137 15.714122 15.506926 
17.933347 16.055422 15.318084 
17.655273 16.084750 16.278196 
16.703144 16.057623 15.973705 
15.831230 15.622578 15.748979 
16.001472 15.946371 16.679664 
16.759323 16.131427 17.305297 
16.705208 15.429217 18.015208 
17.097639 14.760334 18.646550 
17.749414 15.195422 18.025352 
17.912460 15.326144 17.047431 
18.490669 16.135367 16.943351 
18.449125 16.747998 17.732627 
19.150014 16.185040 18.170614 
39.042875 -44.064356 19.847512 
39.204007 -44.235609 20.819474 
39.559001 -45.168416 20.757425 
40.525721 -44.930989 20.852716 
41.086859 -44.344619 21.436921 
42.067213 -44.459223 21.276384 
42.487000 -45.353093 21.118983 
42.752523 -46.317175 21.125552 
43.541901 -45.717795 20.992785 
43.688907 -44.761703 20.739256 
42.940249 -44.450931 20.153652 
43.354937 -43.555232 19.993160 
43.332145 -42.561984 20.106906 
43.750458 -42.874243 19.253965 
42.860569 -43.297902 19.084815 
42.469380 -43.919073 18.405759 
42.336000 -42.932414 18.312410 
42.161227 -42.560147 17.400889 
41.935912 -42.902827 16.488856 
41.668586 -41.961518 16.282765 
40.779144 -42.283896 15.958779 
40.559092 -41.391506 16.352754 
39.742199 -40.816279 16.395188 
38.751001 -40.740046 16.286959 
38.954801 -41.682548 16.551829 
39.513738 -42.430712 16.909375 
38.884634 -42.643131 16.161642 
39.276212 -43.434611 16.630924 
39.504338 -44.338780 16.992085 
39.619413 -44.971362 17.757982 
39.262904 -45.247063 18.650669 
38.624978 -44.620030 19.097748 
37.781245 -44.129651 18.879473 
37.404686 -43.226951 19.087651 
37.639909 -42.255454 19.117042 
36.720454 -42.182468 19.503404 
36.376268 -41.368483 19.035468 
35.581297 -40.779611 19.181244 
35.783210 -39.883733 19.577014 
36.467489 -39.240401 19.233670 
37.022150 -38.506685 19.626115 
37.737081 -38.921153 20.189223 
38.094249 -38.874618 19.256343 
38.992911 -38.473191 19.079527 
38.260410 -37.820893 19.274336 
37.498968 -37.354373 19.724408 
36.835376 -36.953015 20.355723 
36.259555 -36.906341 21.171965 
35.642996 -36.687390 20.415715 
36.030582 -35.794208 20.643757 
36.500015 -34.990884 20.277284 
35.507631 -34.906298 20.187735 
34.888736 -34.639171 19.449079 
33.990361 -34.271295 19.689058 
33.375212 -34.862598 19.167566 
32.816201 -34.576570 18.389302 
32.024161 -35.000659 17.950189 
31.971323 -35.938630 18.292852 
32.527441 -35.996609 19.121930 
31.666316 -35.514499 19.283276 
31.974340 -34.694477 19.765652 
31.566255 -33.882728 19.347884 
31.721648 -32.980252 18.946151 
7.471075 -13.941856 -21.789588 
7.860245 -13.924595 -22.710592 
8.585021 -14.139926 -23.365063 
7.983072 -14.428719 -24.109546 
7.133143 -14.185753 -24.577080 
6.447831 -13.701277 -25.120799 
5.821051 -13.650847 -24.343236 
5.427315 -14.468423 -23.923068 
5.633469 -15.392690 -24.244362 
5.555106 -15.110881 -25.200627 
5.845747 -16.066939 -25.239088 
6.700955 -16.565802 -25.379645 
7.647941 -16.885581 -25.410600 
8.426902 -17.391217 -25.781480 
8.593122 -16.614206 -25.174336 
9.172066 -16.424360 -25.967294 
8.709339 -15.581935 -25.691245 
9.540563 -15.685965 -25.145128 
10.247740 -16.075493 -24.555069 
9.913110 -16.435056 -23.684014 
9.175863 -16.798465 -23.114452 
8.656190 -17.378010 -22.486704 
9.635595 -17.559650 -22.574861 
9.791023 -18.521636 -22.350304 
9.769770 -19.521357 -22.339998 
10.186092 -19.852215 -23.186880 
10.798096 -20.335522 -22.560889 
11.079622 -19.882779 -21.714860 
11.853340 -19.463141 -22.189480 
12.150336 -19.781677 -23.089662 
13.030648 -19.406129 -22.799808 
13.598165 -18.624181 -23.057648 
12.755798 -18.137512 -23.289103 
13.034075 -17.328586 -22.771222 
13.955079 -17.416388 -23.150752 
14.055988 -16.461106 -22.872808 
13.676696 -16.823953 -22.021645 
14.149514 -17.667859 -21.768137 
14.270207 -16.952676 -21.079699 
14.370474 -16.215265 -20.411738 
15.277713 -15.824485 -20.256150 
15.923142 -15.296802 -19.703907 
15.389955 -14.509175 -20.012705 
14.700362 -14.832493 -20.660722 
14.262242 -14.384213 -19.881559 
14.818155 -14.964590 -19.286476 
15.408174 -14.692070 -18.526469 
14.509928 -15.073885 -18.308818 
13.935062 -15.035801 -17.491457 
14.678628 -15.283457 -16.870348 
14.401571 -15.999420 -16.229539 
15.358467 -15.721086 -16.146596 
15.912662 -15.410242 -16.918764 
16.520717 -15.719403 -17.649988 
16.857910 -14.778372 -17.677580 
16.364345 -14.394950 -16.896951 
15.606000 -14.092925 -17.474613 
15.805308 -13.120618 -17.596660 
15.833740 -13.401795 -18.555895 
15.139109 -13.856468 -19.113353 
14.691513 -13.177225 -18.531728 
14.478825 -13.704894 -17.709336 
14.983600 -13.216562 -16.997483 
29.318535 62.884844 -14.637688 
29.572737 63.385740 -15.465024 
29.325169 64.328164 -15.689851 
30.102398 64.850046 -15.338348 
29.903028 65.761296 -15.698730 
30.434901 65.280201 -16.395622 
31.304315 65.027941 -16.820456 
32.200113 65.405813 -17.054460 
33.014778 65.334986 -16.478869 
33.019674 64.398902 -16.830614 
33.712441 64.443205 -16.110814 
34.338842 64.362964 -15.335455 
33.795658 63.523436 -15.323473 
33.216919 63.345339 -16.119302 
32.262804 63.644642 -16.110248 
31.664926 63.135762 -15.490907 
31.234098 63.995633 -15.764783 
30.549371 64.150867 -16.476859 
29.783832 63.553850 -16.716692 
29.944289 62.628796 -16.372412 
30.872659 62.741717 -16.018324 
30.315500 62.573358 -15.205164 
30.412440 62.683874 -14.216028 
30.522826 62.065719 -13.437761 
31.152739 61.816499 -12.702168 
31.269655 62.741168 -12.339790 
31.309406 63.514892 -12.972065 
32.291692 63.328828 -12.994259 
32.269383 64.061560 -12.314108 
32.034336 64.330410 -13.248171 
32.317056 64.594521 -14.170296 
33.196732 64.250108 -13.842349 
33.636054 63.442771 -14.236308 
33.223156 62.603854 -14.590896 
32.987271 62.486981 -13.626168 
32.119161 61.992175 -13.665547 
31.718659 61.093112 -13.488672 
31.133234 61.464700 -14.209227 
30.255264 61.715935 -14.616720 
30.114532 60.784238 -14.951587 
29.475345 60.223403 -15.477804 
29.812719 59.564641 -16.150270 
30.662847 59.227082 -16.554420 
30.059272 59.586662 -17.266038 
29.196176 59.925599 -16.891623 
29.780196 60.703994 -17.121891 
30.509149 60.256355 -16.603966 
31.498462 60.130621 -16.530129 
31.810761 59.365587 -17.093327 
31.242713 60.029907 -17.579126 
32.028710 59.743062 -18.126783 
32.682899 60.195512 -17.520710 
33.005418 59.344740 -17.935640 
33.521911 59.033791 -17.137801 
33.886809 58.280084 -16.591197 
33.131381 57.887134 -16.066870 
33.563648 58.224839 -15.230748 
32.787370 58.854984 -15.248374 
32.823289 58.439824 -14.339334 
32.793240 59.288411 -13.811132 
32.005183 59.673174 -13.330588 
32.837713 60.223184 -13.264396 
33.286672 59.497769 -12.742659 
32.821599 58.735628 -12.292272 
32.606814 59.239141 -11.455407 
32.364587 58.904782 -10.544622 
23.738975 -63.133356 -17.187688 
24.145818 -63.333092 -16.296293 
24.042097 -62.671417 -15.553710 
23.829391 -61.902960 -14.950195 
24.609868 -61.390258 -14.592436 
24.738512 -62.139968 -13.943294 
23.948489 -61.714183 -13.502192 
23.374938 -61.539092 -12.701953 
23.508440 -62.525471 -12.605863 
24.302269 -62.928763 -12.150681 
24.292492 -63.754707 -12.714349 
24.183543 -64.718417 -12.470645 
23.444549 -64.971739 -13.094916 
23.293273 -65.433362 -13.968999 
23.997616 -66.034700 -14.346216 
24.054440 -67.031991 -14.392925 
24.248090 -66.788331 -13.442593 
24.788170 -67.620015 -13.313697 
24.129645 -67.470939 -12.576051 
23.339564 -67.016115 -12.987035 
22.415236 -67.383578 -12.884140 
22.623519 -66.985375 -13.777478 
22.547933 -66.096422 -13.325760 
22.755919 -66.410901 -12.399561 
23.373461 -65.647370 -12.210715 
23.411058 -65.683163 -11.212064 
23.664786 -65.843390 -10.258151 
24.474831 -65.666967 -9.698954 
25.177266 -65.628932 -10.409685 
26.140932 -65.565658 -10.669194 
25.736000 -64.926620 -11.323151 
25.451312 -65.632593 -11.971653 
26.199947 -66.294552 -11.934827 
26.623547 -66.974277 -11.336047 
27.191023 -66.653407 -12.094344 
27.105556 -65.777815 -11.618914 
27.657218 -65.098358 -11.135172 
27.626970 -65.366462 -10.172257 
27.341325 -64.705788 -9.478056 
27.531779 -65.252707 -8.662822 
28.336839 -64.695730 -8.458726 
28.329948 -64.210988 -9.333356 
29.202680 -64.650489 -9.545907 
28.572454 -65.423429 -9.472556 
28.194523 -66.208602 -9.963138 
28.808611 -66.869499 -10.394545 
28.094712 -66.937642 -11.091470 
27.937651 -67.646692 -11.778915 
28.649560 -67.919411 -11.131760 
28.399767 -68.845039 -11.416039 
28.730345 -68.795422 -10.473566 
29.401636 -68.151888 -10.105827 
28.482819 -68.157577 -9.711184 
27.754702 -67.738091 -10.253289 
26.831791 -68.104268 -10.372241 
2.023575 -40.931456 49.306012 
2.316774 -41.612146 49.977351 
2.095514 -42.283462 49.269976 
2.395213 -41.855062 48.417536 
1.878158 -42.254647 47.660577 
1.211114 -41.514981 47.749719 
0.726319 -41.405601 46.881958 
0.275794 -40.528795 47.049998 
1.102770 -39.974809 47.145963 
1.752386 -39.431638 46.614019 
2.086905 -39.548879 47.549086 
2.879668 -39.203016 48.050988 
2.448977 -38.679984 48.786477 
1.953609 -38.268067 48.021666 
1.156411 -37.737217 48.309198 
0.189563 -37.691184 48.058031 
0.509740 -38.546401 47.650487 
1.132406 -39.182358 48.106388 
0.850644 -39.439664 49.030728 
1.347707 -39.386322 49.896801 
1.061394 -38.509684 49.510109 
1.151810 -38.394781 50.499362 
0.720963 -37.495574 50.423226 
0.274597 -37.825096 51.255195 
1.190010 -38.071754 51.573279 
1.117288 -38.559896 52.443008 
0.663437 -39.406178 52.164035 
1.574302 -39.816872 52.204741 
0.913756 -40.236430 52.827357 
0.803799 -41.091495 53.334084 
0.871980 -41.689483 52.535484 
0.211894 -40.957025 52.368772 
-0.671432 -41.069782 51.913777 
-1.449102 -40.474731 51.710935 
-1.921152 -40.921088 52.471154 
-2.158051 -40.137993 53.046168 
-2.676483 -40.080109 53.899325 
-3.311321 -39.874142 53.154639 
-2.573491 -39.206780 53.053474 
-2.866624 -38.259982 52.920631 
-3.530331 -38.592633 52.250679 
-2.941033 -38.773801 51.463338 
-3.182866 -38.479487 50.538732 
-2.954560 -37.658065 50.016103 
-2.636450 -36.710052 50.024946 
-2.730124 -35.876759 50.569783 
-3.333538 -36.635955 50.813736 
-3.643686 -36.408011 49.890779 
-4.573855 -36.769620 49.954218 
-5.212007 -36.003103 49.882014 
-5.424577 -36.695361 50.571646 
-5.093624 -37.009018 51.461640 
-20.770225 -12.914456 40.480312 
-19.810887 -12.649541 40.577742 
-19.893996 -13.574048 40.949738 
-20.027251 -14.399258 40.400856 
-20.463043 -14.925349 39.670574 
-20.943287 -15.756087 39.952073 
-21.441538 -16.416386 40.513989 
-20.836078 -16.931992 39.907715 
-20.590039 -17.238755 40.827150 
-20.466425 -16.251280 40.729109 
-20.094199 -16.251995 41.657251 
-20.031037 -15.594810 42.408329 
-20.382440 -16.122498 43.181673 
-19.822613 -16.443902 43.945409 
-20.234757 -17.324787 44.178172 
-19.327278 -17.705622 44.000839 
-20.054989 -18.293872 43.648138 
-20.451828 -18.721203 42.835791 
-20.143896 -19.649716 42.628329 
-20.990957 -19.490179 42.121344 
-20.271141 -19.828425 41.515164 
-20.170178 -18.900435 41.873830 
-19.539362 -18.127230 41.808835 
-19.319712 -18.540498 40.925113 
-19.773469 -18.824487 40.080451 
-19.820275 -17.841793 40.259672 
-19.212391 -17.129114 40.609766 
-18.390484 -17.570564 40.249778 
-17.709418 -17.035016 40.749115 
-17.560082 -16.321327 41.433474 
-17.897440 -15.389405 41.566557 
-18.429551 -15.757235 42.329158 
-18.916624 -16.150101 41.549147 
-19.163467 -17.101441 41.733597 
-18.691898 -17.502668 42.518860 
-17.980339 -18.067979 42.101598 
-17.156664 -17.959312 42.658150 
-17.149048 -18.954720 42.753568 
-16.892682 -19.598756 43.474327 
-17.696998 -19.514817 44.062570 
-17.635255 -19.461612 45.059243 
-17.775772 -18.694021 45.684589 
-17.335051 -18.271768 46.476718 
-17.817062 -18.841348 47.142484 
-18.770320 -18.572686 47.004210 
-19.502951 -19.179481 47.312515 
-19.584842 -19.798018 48.093992 
-18.650618 -20.154699 48.092194 
-18.318111 -20.311258 49.022209 
-17.655468 -20.956770 48.642447 
53.761775 -5.125356 -24.625688 
52.962843 -5.598614 -24.996812 
52.012108 -5.713473 -24.708870 
51.216842 -5.213055 -25.051117 
51.172286 -4.708844 -25.913547 
52.092131 -4.510549 -25.575074 
53.002793 -4.725721 -25.927771 
53.173958 -4.339660 -26.834225 
53.052912 -3.367715 -26.632554 
53.173425 -3.389747 -27.625021 
52.554821 -3.934410 -28.191301 
53.128817 -4.475748 -28.805696 
53.604435 -4.348403 -27.935310 
54.491945 -4.287409 -27.478576 
54.280417 -3.324234 -27.312594 
54.475091 -3.893732 -26.513987 
54.942710 -4.351611 -25.757892 
55.687221 -4.717607 -25.199545 
55.879671 -4.410123 -24.267656 
56.597098 -4.213062 -23.599476 
57.359647 -3.649099 -23.282514 
56.654384 -3.087055 -22.850413 
56.425668 -2.368441 -23.507135 
55.629470 -1.878235 -23.152501 
54.677257 -2.169036 -23.245910 
55.212474 -2.552011 -22.493001 
55.944523 -2.371369 -21.836134 
55.540232 -3.031330 -21.202888 
54.644777 -2.704891 -21.505540 
53.798280 -3.046750 -21.913675 
53.309614 -3.673786 -21.307019 
53.238388 -4.346619 -22.043377 
53.368684 -4.792031 -22.929171 
53.299977 -4.393979 -23.843958 
52.401198 -4.000047 -23.651566 
51.927208 -3.870641 -24.522535 
52.617538 -3.323851 -24.996312 
53.379753 -3.633276 -25.564894 
53.696905 -2.692534 -25.684976 
54.474794 -2.200013 -26.075248 
55.206492 -2.323314 -25.404863 
55.829857 -2.980396 -25.828725 
56.365076 -3.763034 -26.146561 
56.376488 -4.002863 -27.117309 
56.031111 -3.262760 -27.694337 
56.908752 -2.827909 -27.895961 
56.797167 -2.923706 -26.906834 
57.158332 -2.916985 -25.974356 
76.481175 41.431244 -31.176088 
76.641806 40.592974 -30.655030 
75.927838 40.017807 -31.054319 
75.295785 40.669717 -31.473274 
75.115019 39.692193 -31.581767 
74.654222 38.865133 -31.903695 
74.939745 38.033533 -31.427336 
74.829638 38.844532 -30.852743 
74.946915 38.209594 -30.089133 
74.388161 38.686350 -29.410534 
74.243348 39.510027 -28.862277 
74.952380 39.998365 -28.353554 
75.702533 39.497460 -27.921853 
76.268572 40.157585 -28.415650 
76.820290 40.823119 -28.918316 
76.517784 41.458539 -28.207871 
76.117775 41.687615 -27.320450 
76.734732 42.450508 -27.127167 
75.873000 42.708654 -27.563950 
76.010687 43.057349 -26.636883 
75.407115 43.387335 -25.911065 
75.644850 42.747502 -25.180246 
76.044509 42.127513 -24.505053 
75.771109 41.166269 -24.540582 
76.135263 41.550535 -23.692212 
75.969892 40.982709 -22.885846 
76.063404 40.878918 -21.895653 
76.388673 41.398500 -21.105567 
75.884161 42.081468 -20.577342 
75.945966 41.217227 -20.078076 
75.892679 40.239913 -19.873091 
76.366679 40.805588 -19.198305 
71.727975 -18.019756 2.261832 
71.382220 -18.935861 2.058843 
71.698729 -19.632640 2.702521 
71.832469 -19.931664 1.757693 
72.654165 -20.365876 2.126848 
72.920881 -20.489376 3.082678 
72.864592 -20.016106 3.961795 
71.886267 -20.177008 4.092143 
72.543902 -20.612309 4.706984 
73.379216 -20.084676 4.861429 
73.773311 -19.291496 4.397149 
74.037184 -18.328878 4.336020 
73.204020 -18.090343 4.834959 
72.608479 -17.812467 4.081224 
72.232397 -18.733591 3.980766 
71.247266 -18.566244 3.941858 
70.466182 -19.161799 3.754185 
70.830466 -19.625782 4.561660 
71.626428 -19.918167 5.091713 
71.742686 -18.956169 5.338786 
71.564013 -18.072044 5.770524 
72.047894 -18.712732 6.366660 
72.083139 -18.576684 7.356735 
72.885453 -19.169086 7.429887 
73.120053 -19.605109 6.561068 
73.535052 -20.353110 7.079016 
73.764606 -21.159463 7.624084 
73.397169 -21.699122 8.381553 
72.847723 -21.096739 8.960556 
72.489548 -20.184126 9.157654 
71.921204 -19.709896 8.485277 
71.144538 -19.165453 8.168463 
71.663111 -18.605562 8.814687 
72.593448 -18.604655 9.181391 
73.085325 -19.307683 9.695014 
73.859742 -19.248120 9.065148 
74.698897 -19.618925 9.463045 
75.387997 -19.439493 8.760945 
75.278060 -19.942716 7.903810 
74.329444 -19.628703 7.864775 
74.437779 -19.744117 6.877383 
74.324406 -19.315980 5.980809 
74.508519 -18.741202 6.778137 
74.543343 -17.793088 6.462120 
74.627187 -17.504720 7.415962 
75.623847 -17.428693 7.445767 
76.358328 -16.842886 7.103177 
77.053565 -17.532318 6.899882 
76.930465 -18.511374 7.062044 
76.844247 -18.484918 8.057969 
76.691193 -19.360150 7.599119 
77.533690 -19.347729 7.060561 
77.748503 -20.184141 6.556310 
78.417165 -20.888964 6.793196 
78.961732 -21.547814 6.274194 
78.318782 -22.313685 6.281728 
78.868220 -23.107041 6.019617 
79.777755 -22.692014 5.997263 
80.602426 -22.197530 5.722667 
80.491653 -23.153856 5.452168 
80.191031 -22.902256 4.532210 
79.542753 -23.367579 5.134878 
80.210539 -24.008905 4.757039 
80.900745 -24.224612 5.447754 
80.976084 -24.652725 4.547174 
81.040822 -24.472140 3.565748 
81.863229 -23.907081 3.631742 
81.959357 -24.902377 3.619670 
82.399396 -25.458992 4.324329 
82.627452 -26.212581 4.940847 
83.600026 -26.439917 4.891669 
84.299669 -26.650807 4.209009 
85.172495 -26.916507 3.799646 
85.013590 -27.901393 3.868567 
84.928229 -28.891328 3.981446 
85.863482 -28.585232 3.803661 
85.901766 -29.127750 2.964490 
86.479352 -29.936021 2.850070 
86.787978 -30.838126 3.151659 
87.663388 -30.782902 3.631874 
87.914556 -31.525566 3.011097 
87.615712 -32.198821 3.687425 
87.983930 -33.060584 4.036395 
88.622938 -32.349167 3.743898 
89.028174 -32.274529 4.655059 
88.078571 -32.375271 4.951885 
88.766250 -32.837727 5.511556 
88.898522 -33.598595 4.876273 
89.334746 -34.397625 5.290108 
90.041292 -33.984373 4.715637 
