-36.670834 -10.562622 -3.188042 
-36.302216 -10.149860 -2.355127 
-36.352000 -9.364928 -2.972705 
-36.875740 -8.733140 -3.544142 
-37.435265 -9.546286 -3.704536 
-37.961494 -8.751506 -4.006874 
-38.237647 -9.583614 -4.487847 
-38.717578 -10.344638 -4.924320 
-37.722555 -10.290094 -5.007716 
-37.011947 -10.973500 -5.175021 
-37.466771 -11.037733 -6.063283 
-37.291017 -11.966801 -5.737795 
-37.057809 -11.979659 -4.765453 
-36.533273 -12.690797 -4.297323 
-36.880725 -13.155125 -3.482660 
-37.326066 -12.262862 -3.408230 
-37.865142 -11.513393 -3.792538 
-38.754452 -11.060981 -3.725831 
-39.514765 -11.656817 -3.984490 
-39.565672 -11.370469 -4.941262 
-40.510514 -11.418833 -5.265196 
-40.194138 -12.366871 -5.298836 
-39.893252 -13.312987 -5.179125 
-40.787666 -13.148162 -5.594886 
-41.447616 -13.863437 -5.365000 
-42.345672 -14.264142 -5.183530 
-43.224369 -14.087282 -4.740122 
-43.248271 -13.968329 -3.747509 
-42.718773 -14.805788 -3.612254 
-42.901824 -15.548605 -2.968271 
-42.570139 -16.273494 -3.572026 
-42.880686 -16.239322 -4.521970 
-43.817116 -16.039173 -4.233806 
-44.089206 -15.958857 -5.192721 
-44.491301 -16.568430 -5.875904 
-44.701038 -16.556367 -6.853588 
-43.818252 -16.998595 -6.695085 
-44.512363 -17.531989 -6.211659 
-45.042996 -18.304573 -5.863030 
-45.296866 -19.007747 -6.527181 
-44.363983 -18.802383 -6.823078 
-45.039066 -18.081103 -6.978056 
-45.522092 -17.299783 -7.373310 
-46.412467 -17.744714 -7.469587 
-47.011026 -17.151411 -6.931332 
-47.695117 -16.447932 -7.124042 
-46.994120 -15.785454 -6.859983 
-47.015932 -15.470912 -5.910991 
-46.654721 -16.395032 -6.035610 
-47.099861 -16.337028 -5.142029 
-47.606015 -17.156689 -5.410289 
-48.579221 -17.022929 -5.223259 
-49.081791 -16.518436 -4.521184 
-50.074890 -16.412377 -4.571234 
-50.686350 -15.621473 -4.595451 
-51.596865 -16.020286 -4.486313 
-52.442982 -15.490403 -4.428777 
-52.837533 -15.002163 -3.650349 
-52.723120 -14.177117 -4.203710 
-52.321988 -14.260437 -5.115933 
-52.761685 -14.856541 -5.787742 
-53.597051 -15.307157 -5.472927 
-54.509666 -15.710800 -5.408074 
-54.651464 -15.973293 -4.453616 
-54.358970 -16.505218 -3.658944 
-53.891574 -15.851225 -3.064104 
-53.057710 -16.056880 -3.576330 
-52.406809 -16.521746 -2.976140 
-51.599943 -17.106970 -2.895644 
-50.666752 -17.008417 -3.241248 
-50.129297 -17.461503 -2.530013 
-49.287862 -17.921907 -2.247145 
-48.728201 -17.832671 -3.071049 
-47.993941 -17.438984 -3.624106 
-48.213201 -18.217330 -4.212411 
-49.212261 -18.183897 -4.184820 
-49.574459 -17.599438 -4.910920 
-50.142478 -17.271178 -5.665637 
-50.944674 -17.547221 -6.195054 
-51.480307 -18.390259 -6.146237 
-51.136110 -18.807709 -5.305248 
-51.034840 -19.723040 -4.915488 
-51.703311 -19.638759 -5.654435 
-52.024636 -20.442174 -6.155708 
-52.792049 -19.873267 -5.860036 
-53.577228 -19.311791 -6.121261 
-54.049072 -20.167680 -5.909561 
-53.948785 -21.099136 -6.259321 
-53.077546 -21.581157 -6.166593 
-52.557906 -21.546703 -5.312903 
-52.450072 -22.374583 -5.863346 
-51.454190 -22.345923 -5.949350 
-50.828966 -21.929137 -5.289513 
-50.723461 -20.982180 -5.593062 
-50.597746 -20.671577 -6.535252 
-50.792763 -21.502047 -7.057064 
-51.746804 -21.683441 -6.818522 
-51.897128 -21.790343 -7.801362 
-51.602188 -21.486188 -8.707176 
-51.424252 -21.205613 -9.650371 
-51.293127 -20.215935 -9.708183 
-51.942095 -19.459052 -9.785431 
46.687826 25.420898 -14.327742 
47.420741 25.223515 -13.676686 
47.278837 24.546632 -12.954403 
48.198457 24.372016 -12.602538 
47.774616 24.393279 -11.697051 
48.606800 24.133279 -11.207286 
47.797130 23.749719 -10.763084 
48.354494 23.880705 -9.943213 
47.647216 24.205183 -9.315143 
48.457230 23.902036 -8.813169 
48.476192 24.484791 -8.000742 
49.034109 23.668198 -7.852742 
49.934492 24.024879 -8.101918 
50.674322 23.913979 -7.438327 
50.495216 24.417215 -6.592942 
51.475768 24.253386 -6.484876 
51.219496 25.092054 -6.965459 
51.216358 25.634231 -6.125201 
51.541230 25.896039 -5.216402 
51.628541 26.849391 -4.927445 
50.914498 26.651151 -4.255996 
50.966382 25.671005 -4.064631 
50.247958 25.642977 -3.369591 
50.021481 26.585562 -3.124149 
50.812553 27.196228 -3.088213 
51.338698 27.837862 -2.530112 
52.299003 28.014764 -2.745797 
52.740972 27.858896 -1.862412 
53.177177 26.959050 -1.861261 
53.668473 26.273570 -2.398613 
54.244754 27.054488 -2.639587 
54.616258 26.775483 -1.754070 
54.083409 27.456999 -1.252465 
54.509628 27.819217 -0.423529 
54.861002 28.584826 -0.962397 
55.734860 28.933011 -1.301721 
55.811826 28.924492 -2.298718 
56.360367 29.751660 -2.176670 
56.485403 29.581448 -3.154112 
56.423609 29.233000 -4.089401 
56.630023 28.676719 -4.894351 
57.495987 28.965370 -4.485957 
57.749016 29.222467 -5.418629 
57.111335 29.035163 -6.165810 
56.896036 28.957026 -7.139227 
56.882047 27.958108 -7.183590 
57.373292 27.756113 -6.336314 
57.189870 27.853107 -5.358077 
58.123176 27.987627 -5.691010 
58.705721 28.336359 -4.956825 
58.591815 28.696868 -4.031050 
58.311816 28.908592 -3.094689 
58.950972 28.622296 -2.380886 
59.825228 28.207279 -2.632755 
59.880755 29.205698 -2.641533 
59.695179 29.044855 -3.610909 
60.298688 29.378680 -4.335022 
61.104613 29.970675 -4.329886 
62.074851 29.956900 -4.571647 
61.833552 30.192317 -3.630183 
61.386098 31.047112 -3.893071 
60.584678 31.436336 -4.347198 
60.878001 31.066079 -5.228602 
60.604156 30.167689 -5.571975 
60.399885 30.367914 -6.530194 
60.408043 30.908896 -7.371188 
60.549574 29.923718 -7.468114 
60.015556 29.731200 -8.291377 
59.394359 29.158868 -8.826680 
58.606602 29.668584 -8.480807 
59.136548 30.465600 -8.191114 
58.163946 30.679049 -8.099004 
58.750499 31.047754 -7.377885 
59.257603 31.382722 -6.583755 
59.056174 32.240812 -7.056099 
58.723938 33.130867 -7.368225 
58.414135 32.484414 -8.065448 
58.661886 33.285425 -8.610425 
57.885122 33.472889 -9.211670 
58.594737 33.964602 -9.716315 
59.478443 34.293612 -9.383428 
60.299555 34.682359 -9.801341 
60.574012 35.302239 -9.066207 
60.529800 34.820124 -8.191215 
60.236851 35.362195 -7.403598 
59.883771 36.269833 -7.176599 
59.844530 36.952019 -6.446474 
60.649940 37.536820 -6.543019 
61.171760 37.554872 -5.690154 
60.430338 36.976293 -5.350243 
59.513751 36.588074 -5.254560 
59.041980 36.436754 -4.385920 
58.462429 37.140750 -3.975420 
59.387650 37.002091 -3.622234 
59.401947 37.672136 -2.880051 
-5.609774 17.192678 -0.419642 
-5.180600 16.437689 -0.915426 
-6.048888 16.802262 -1.251823 
-6.320597 15.850404 -1.393737 
-7.195086 15.653679 -0.950376 
-7.069747 16.551703 -1.372089 
-7.326556 17.473324 -1.081120 
-7.908493 16.744901 -0.719527 
-7.565581 16.947341 0.197768 
-8.115912 17.641927 0.661111 
-8.638844 16.818678 0.882028 
-8.998824 17.128820 1.761929 
-9.171142 18.086880 1.990899 
-9.711255 18.855522 2.333634 
-10.339677 18.375596 1.721460 
-10.868593 19.224265 1.718726 
-11.458658 18.455251 1.964572 
-11.300658 17.648808 2.534385 
-10.427044 17.184842 2.387641 
-10.211631 17.126669 3.362429 
-11.145216 16.809418 3.529076 
-11.688347 16.088785 3.098150 
-12.676456 16.034901 2.954151 
-12.251338 16.929448 2.816090 
-12.131075 17.850851 3.185621 
-11.763913 18.269545 4.016215 
-12.313997 19.097888 4.122309 
-11.604119 19.459937 3.518162 
-12.051055 20.018348 2.819288 
-13.036144 19.912164 2.954657 
-13.084398 19.933184 1.956043 
-14.027483 19.602063 1.925214 
-13.808715 18.826783 1.332692 
-14.620126 18.245701 1.395593 
-15.136438 17.700816 2.056291 
-15.021389 16.964840 2.723452 
-15.387559 16.044254 2.587653 
-14.867170 15.880292 1.749613 
-14.530217 16.070172 0.827437 
-15.493304 15.926943 0.599515 
-15.311713 16.862035 0.903864 
-15.283023 16.674759 -0.078025 
-15.343939 15.855080 -0.647599 
-15.453845 15.421347 -1.541912 
-15.140665 15.307959 -2.484813 
-14.746550 16.063103 -3.008674 
-14.284815 16.664012 -2.356210 
-13.661532 16.812133 -1.588370 
-13.257270 17.458204 -2.235799 
-12.313905 17.154201 -2.102970 
-11.710243 17.925263 -1.900347 
-11.138922 17.892070 -2.720403 
-10.285499 18.394388 -2.581316 
-9.731092 17.861515 -3.220597 
-10.452232 17.464761 -3.788526 
-10.678499 17.474536 -4.762542 
-11.392671 18.102961 -4.454258 
-11.917248 17.729297 -5.219238 
-11.925704 17.476783 -6.186795 
-11.247202 17.080081 -6.805069 
-11.105198 16.434906 -6.054347 
-10.924692 15.638001 -5.477841 
-11.367816 16.100597 -4.709957 
-11.897804 16.903889 -4.438232 
-12.190883 16.501852 -3.570781 
-12.368534 17.485777 -3.588979 
-12.841870 18.150679 -4.166784 
-13.613950 17.727412 -3.692719 
-13.971708 18.465071 -4.265317 
-14.920598 18.551588 -4.568835 
-14.846290 18.875577 -3.625697 
-14.322542 18.615248 -2.814576 
-14.454924 19.553472 -2.494872 
-13.789098 20.298594 -2.533193 
-14.704357 20.580740 -2.245627 
-14.124910 20.058300 -1.620089 
-13.491672 19.775390 -0.899692 
-13.144414 19.107089 -0.241828 
-13.404915 18.192828 0.068440 
-14.063895 17.498832 -0.221587 
-13.938223 16.992068 0.631289 
-13.209779 16.688692 1.245564 
-12.890523 16.966518 0.339535 
-12.424582 16.198646 0.779163 
6.163726 -32.009422 -19.944542 
5.800338 -31.937353 -19.015696 
5.251771 -32.766686 -19.121908 
4.858208 -33.654619 -18.883827 
4.630806 -34.136387 -18.037548 
4.441935 -34.300253 -17.069315 
4.177055 -35.189621 -16.696671 
4.485595 -36.135675 -16.795591 
5.327979 -36.413116 -17.257562 
4.742574 -36.299726 -18.060334 
4.942202 -37.247212 -17.810494 
4.009913 -37.582949 -17.675893 
3.594103 -37.048448 -16.940087 
3.471669 -37.853034 -16.359009 
3.667571 -38.520788 -17.077151 
2.824280 -38.260214 -17.547216 
2.186309 -37.742549 -16.977115 
1.357327 -38.075217 -17.426692 
1.588689 -37.819990 -18.365484 
2.008561 -38.131102 -19.218078 
2.830884 -37.844685 -19.709760 
3.020281 -38.818830 -19.586585 
2.738798 -39.734137 -19.874647 
1.969213 -40.354336 -19.722687 
2.221928 -40.747362 -18.838569 
1.388874 -40.205968 -18.724938 
0.942800 -41.049315 -19.024579 
0.701186 -40.185155 -19.465998 
0.474072 -40.174791 -20.439811 
-0.128535 -39.476126 -20.054152 
0.680009 -39.124560 -20.526018 
1.086355 -39.736806 -21.204279 
1.917285 -39.648174 -20.655007 
1.543844 -40.575825 -20.657058 
2.136401 -41.335058 -20.387907 
1.414238 -41.668782 -20.993802 
0.995270 -41.453262 -21.875854 
1.892177 -41.737060 -22.214994 
2.848968 -41.813208 -21.934363 
3.155592 -42.113948 -21.031292 
2.525986 -42.464971 -20.338198 
2.375380 -42.195853 -19.386939 
3.003096 -42.675820 -18.774073 
3.050373 -43.619263 -18.445928 
3.166322 -43.048824 -17.632814 
2.406225 -42.833466 -17.019729 
3.212017 -42.977086 -16.445209 
3.779911 -42.497422 -15.776316 
3.836642 -42.888429 -14.857678 
3.045103 -43.284875 -15.322755 
2.268911 -43.481687 -14.723762 
1.568499 -44.032343 -14.269669 
1.768196 -44.986352 -14.493247 
2.280705 -44.647360 -13.704312 
3.111821 -44.096322 -13.779168 
3.117672 -44.713941 -14.565625 
3.345952 -45.570999 -14.103738 
3.455619 -45.469106 -13.115006 
4.285703 -45.014009 -13.437258 
4.640532 -44.597437 -14.274255 
5.265270 -45.377905 -14.250364 
5.351966 -45.129139 -13.285689 
5.607279 -44.633862 -12.455317 
5.033735 -44.022642 -13.000713 
4.559695 -43.556213 -12.253900 
3.739146 -43.340786 -12.783324 
3.141534 -44.027884 -12.370097 
2.438727 -44.279505 -11.704704 
2.860492 -45.164875 -11.900239 
2.072794 -45.734835 -12.134071 
1.229139 -45.229799 -12.316240 
0.588691 -45.967546 -12.529679 
0.819608 -46.842982 -12.954283 
-0.111442 -47.130812 -13.178557 
-0.763349 -47.767741 -12.767050 
-0.903995 -47.681392 -13.753337 
-1.153283 -46.838265 -13.276899 
-0.621650 -46.133572 -13.746763 
-0.389640 -45.160880 -13.753210 
0.569783 -44.938844 -13.579403 
0.519615 -45.936720 -13.537849 
0.624860 -46.470021 -14.377202 
-26.412974 -67.348522 -25.532942 
-26.993956 -66.838637 -24.898531 
-27.169364 -67.521356 -24.189217 
-27.930605 -68.003155 -24.623247 
-27.624468 -68.874698 -25.006252 
-26.809516 -69.447844 -24.920480 
-26.488796 -70.138788 -25.568349 
-25.521194 -70.067266 -25.810490 
-25.743076 -70.948456 -26.227949 
-25.677924 -71.761479 -26.806525 
-25.263666 -72.225391 -26.023469 
-26.150671 -72.666655 -25.887425 
-26.887904 -73.299199 -26.124860 
-27.595201 -73.760598 -25.589282 
-27.448995 -74.690006 -25.250425 
-28.356683 -75.055711 -25.456248 
-29.313916 -75.121713 -25.174560 
-29.082155 -76.092081 -25.106198 
-29.570319 -76.690421 -24.470837 
-29.967037 -77.608229 -24.486430 
-30.923153 -77.896060 -24.541169 
-31.072280 -77.692119 -25.508727 
-30.609780 -78.574773 -25.424969 
-30.393316 -79.514665 -25.160874 
-30.790420 -78.901705 -24.477802 
-30.297204 -79.682291 -24.093845 
-29.408091 -79.333605 -23.797371 
-29.366880 -80.329128 -23.882437 
-30.140706 -80.936024 -23.701133 
-30.913902 -81.451216 -23.331342 
-31.833472 -81.805679 -23.161795 
-32.069358 -80.844268 -23.303379 
-32.350952 -80.251348 -22.548958 
-32.990453 -80.517235 -21.827610 
-33.444881 -81.096399 -22.504415 
-33.058637 -81.973385 -22.218563 
-33.338469 -82.857608 -21.844606 
-33.875735 -82.489702 -22.603546 
-33.951218 -83.474134 -22.444818 
-33.194495 -83.927576 -21.973903 
-33.710266 -84.543737 -22.569154 
-34.489331 -84.736979 -23.165574 
-34.334911 -83.979536 -23.799952 
-34.207955 -83.070862 -24.197688 
-34.181736 -82.235865 -24.747317 
-35.083109 -82.662537 -24.821325 
-35.237352 -81.722152 -24.518199 
-34.945241 -81.114263 -23.779862 
-35.802930 -80.646300 -23.992889 
-35.205014 -79.993504 -23.527749 
-34.547733 -80.028487 -22.774915 
-33.550951 -79.953761 -22.803901 
-32.904989 -79.251183 -22.505375 
-32.070983 -78.779869 -22.218500 
-31.307535 -79.079214 -22.790810 
-31.676008 -78.474285 -23.496705 
-31.377929 -77.525938 -23.388140 
-32.248955 -77.252566 -22.979996 
-32.261634 -77.011255 -22.009631 
-32.357891 -76.021191 -22.112133 
-33.232902 -76.292874 -21.711452 
-34.081536 -76.105633 -21.216719 
-34.999789 -75.725597 -21.328003 
-35.998492 -75.684093 -21.357499 
-35.796421 -75.179986 -22.197168 
-36.607850 -75.754993 -22.301810 
-37.224823 -76.537413 -22.386446 
-36.448960 -77.054551 -22.025053 
-36.164294 -78.008819 -22.116362 
-36.996907 -78.428978 -21.755498 
-36.564522 -79.188599 -22.241318 
-35.754950 -79.522227 -22.724313 
-35.320398 -78.758628 -22.246734 
-34.946810 -78.760376 -21.319141 
-35.743306 -79.042041 -20.784111 
-36.220596 -78.164612 -20.832207 
-36.085977 -78.325089 -19.854391 
-36.336866 -78.161013 -18.900382 
-35.663584 -77.773204 -18.270862 
-34.763918 -77.359676 -18.130878 
-65.979074 -39.611522 -6.475142 
-65.544949 -40.478501 -6.719851 
-66.112375 -40.621513 -7.530762 
-66.271163 -39.641586 -7.651296 
-66.969217 -38.957399 -7.862504 
-67.257449 -38.655827 -6.953671 
-67.978184 -38.260467 -7.523084 
-68.610329 -37.485945 -7.545647 
-69.311567 -36.778243 -7.631803 
-70.096633 -36.187229 -7.817201 
-69.736089 -35.323260 -8.168719 
-69.945867 -35.869852 -8.979416 
-69.017108 -35.574083 -9.202862 
-68.394389 -36.061993 -8.591172 
-67.862836 -36.189375 -9.428565 
-67.528619 -35.324016 -9.801999 
-66.588926 -35.655047 -9.887994 
-65.804905 -35.038562 -9.960506 
-66.557645 -34.502719 -10.342938 
-66.888464 -34.570736 -9.401698 
-66.408712 -34.408417 -8.539439 
-65.953687 -35.298836 -8.549762 
-65.603188 -36.215560 -8.358013 
-65.455261 -36.007852 -9.324954 
-64.790735 -36.493557 -9.892841 
-65.063853 -37.013793 -10.702015 
-65.456213 -37.831164 -10.280164 
-66.400220 -38.067111 -10.510771 
-66.174787 -38.992019 -10.204627 
-66.620650 -39.591882 -10.868985 
-67.424296 -39.505019 -11.457718 
-67.294040 -38.767904 -12.120813 
-68.014587 -38.128692 -11.852074 
-67.546664 -38.111421 -10.968473 
-67.602112 -37.218372 -11.415003 
-66.724275 -37.286571 -11.889082 
-66.988999 -36.474483 -12.409115 
-67.111131 -36.779024 -13.353752 
-66.471012 -36.010763 -13.358673 
-66.126430 -35.630326 -14.216887 
-65.415519 -35.587690 -13.514899 
-65.134970 -36.022303 -14.370705 
-65.713514 -36.835666 -14.309648 
-66.633581 -36.689223 -14.673009 
-67.465913 -37.140248 -14.995187 
-67.721164 -36.226691 -15.311828 
-67.316792 -35.364288 -15.007288 
-67.579736 -35.900313 -14.205080 
-68.400652 -36.322566 -13.820633 
-68.181388 -35.378109 -13.575839 
-69.148175 -35.163727 -13.714995 
-69.626109 -34.733632 -14.480891 
-68.777089 -34.634359 -14.999843 
-68.392957 -35.521413 -14.743762 
-69.103221 -36.204184 -14.572445 
-69.706693 -36.931807 -14.246277 
-69.956732 -35.985769 -14.040140 
-70.497234 -35.807455 -14.862369 
-71.262496 -36.207557 -15.366645 
-70.870796 -36.884161 -14.743123 
-71.847656 -36.934016 -14.951114 
-72.732273 -37.383741 -14.827830 
-73.001754 -37.757247 -13.940208 
-73.784270 -38.310433 -14.225961 
-73.969702 -38.791475 -13.369099 
-73.664590 -39.016906 -12.443849 
-73.201916 -38.926035 -11.561990 
-72.919617 -38.324695 -12.309451 
-73.499426 -37.731389 -11.751051 
-74.088619 -37.566602 -12.542061 
-74.984090 -37.133885 -12.437725 
-75.454882 -37.113455 -11.555717 
-75.530963 -37.938275 -12.115969 
-74.697603 -38.320545 -11.716745 
-75.383123 -38.347357 -10.989186 
-76.105924 -38.948594 -10.648491 
-76.308298 -38.619698 -11.570918 
-77.212027 -38.886234 -11.905930 
-41.101274 -19.651022 -51.386542 
-40.294328 -19.236216 -51.806988 
-39.540445 -19.448228 -51.185127 
-39.644086 -20.143139 -50.473539 
-40.505454 -20.455734 -50.873950 
-39.765250 -20.957023 -51.322066 
-39.378389 -21.192985 -50.430628 
-39.914753 -22.022610 -50.585664 
-39.366589 -22.622006 -50.002363 
-40.157297 -23.228086 -49.916058 
-39.981527 -23.172574 -48.933193 
-39.938578 -24.104551 -49.293159 
-39.286652 -24.861386 -49.246336 
-38.662261 -24.131104 -49.523509 
-38.488138 -23.521785 -50.297080 
-37.999618 -22.678631 -50.072493 
-37.819420 -21.701546 -50.185785 
-37.879557 -21.003453 -49.472307 
-37.377888 -21.842385 -49.261307 
-37.549426 -22.116137 -48.314927 
-36.799754 -21.603124 -47.896823 
-36.417345 -21.876489 -48.779452 
-35.443729 -22.058129 -48.641324 
-36.055925 -22.805129 -48.900566 
-36.459167 -23.701843 -49.083045 
-36.100373 -24.634525 -49.046013 
-35.849033 -25.085392 -48.189539 
-36.416451 -25.747971 -47.700635 
-36.245366 -26.241214 -46.847733 
-35.466834 -25.616864 -46.911568 
-35.015247 -26.425224 -46.533914 
-34.622570 -26.148923 -45.656724 
-34.005180 -26.021712 -46.433027 
-33.678128 -25.805339 -47.352929 
-33.915894 -24.835650 -47.409229 
-34.357815 -24.969957 -46.522286 
-34.413024 -23.971716 -46.543928 
-33.545438 -23.483418 -46.449803 
-33.594191 -23.076646 -45.537575 
-32.829540 -22.514673 -45.222146 
-31.958545 -22.122303 -44.926487 
-31.787210 -21.345530 -45.532514 
-32.070618 -20.661489 -44.860378 
-33.001105 -20.899627 -45.138737 
-32.799354 -21.256656 -46.050783 
-32.752063 -22.133910 -46.528473 
-31.953420 -21.574688 -46.750822 
-31.686177 -21.135702 -47.608652 
-32.315997 -20.893701 -48.346732 
-31.829106 -20.028147 -48.464005 
-31.372235 -19.139829 -48.510472 
-31.762118 -19.260715 -49.423367 
-32.311049 -20.095795 -49.387069 
-31.509297 -20.234231 -49.968471 
-31.004892 -20.687348 -49.233446 
-31.236036 -21.638763 -49.030022 
-30.633697 -21.442018 -49.803636 
-31.284693 -21.764111 -50.490994 
-31.135605 -22.563483 -49.908949 
-31.878561 -22.489270 -49.243736 
-32.091637 -23.375557 -49.654948 
-32.585701 -24.213584 -49.423407 
-32.914494 -25.119250 -49.155706 
-32.656994 -25.692237 -48.377644 
-33.029862 -26.534668 -48.766589 
-33.828727 -25.995262 -49.032776 
-34.144238 -25.065366 -48.843707 
-33.738941 -24.625557 -49.645145 
-34.014137 -25.530020 -49.971049 
-34.811325 -24.962786 -50.177780 
-35.081383 -25.368496 -51.050974 
-35.512633 -26.028955 -50.436306 
-35.685581 -26.387938 -49.519126 
-36.351971 -25.726963 -49.174109 
-37.093900 -25.305065 -49.695208 
-37.575999 -24.531853 -50.107184 
60.890326 1.238278 -52.304642 
61.459428 0.744456 -52.962109 
61.358743 -0.243928 -52.848268 
62.311706 -0.530199 -52.748719 
62.498261 0.029789 -53.555944 
63.334804 0.552402 -53.391409 
63.326304 0.835590 -52.432382 
63.376610 -0.101674 -52.087413 
64.137313 -0.106587 -52.736494 
64.957067 -0.111947 -52.163803 
65.080828 0.880176 -52.144412 
64.684776 1.321236 -51.339050 
63.724968 1.412277 -51.073567 
63.086959 1.804857 -50.411129 
62.371222 2.405226 -50.054368 
61.482551 1.953306 -50.132026 
61.228408 1.936290 -51.099043 
60.445131 1.316830 -51.046630 
59.756199 0.800093 -50.538343 
59.889113 0.670930 -49.555667 
60.581020 1.237612 -49.108302 
61.004137 0.574629 -49.725899 
61.458044 0.636523 -50.614796 
62.212118 0.865343 -49.999154 
62.855110 1.258348 -49.341805 
63.711014 1.095129 -48.851103 
63.798748 0.830232 -49.811380 
64.757984 0.853727 -50.093010 
65.485958 0.638609 -50.743993 
65.922872 -0.255001 -50.641197 
65.966645 -1.111556 -51.155393 
65.386185 -1.924304 -51.205456 
65.073055 -1.248573 -50.538121 
64.327624 -1.326431 -51.200141 
63.532627 -1.379662 -51.804414 
62.785462 -1.668778 -52.402877 
63.310415 -1.446892 -53.224577 
63.964058 -1.052229 -53.870326 
64.774570 -0.549230 -53.570220 
65.097305 -1.391965 -53.139360 
64.652713 -1.450582 -52.245547 
64.596314 -2.415313 -51.988423 
65.267240 -2.899526 -52.550025 
66.122268 -2.816319 -52.038162 
66.558437 -2.294674 -52.771403 
67.310163 -2.180726 -53.420960 
68.274657 -2.154264 -53.158181 
68.740595 -1.922487 -52.304260 
69.583832 -1.916312 -52.841766 
70.366942 -2.535929 -52.788705 
70.299094 -3.469686 -52.437289 
69.353619 -3.383379 -52.123238 
69.429542 -4.011329 -52.897779 
70.094703 -3.518323 -53.458587 
69.556788 -4.089505 -54.078587 
69.425833 -5.026648 -53.755146 
70.410054 -4.849798 -53.761040 
70.253643 -5.585244 -53.101756 
70.925174 -6.307866 -53.265657 
71.682298 -6.848250 -52.898576 
72.165319 -7.350717 -52.181486 
73.004445 -7.360725 -51.637641 
73.268488 -6.462443 -51.988884 
74.022311 -6.528449 -51.335129 
73.740942 -6.944316 -50.470325 
72.969924 -6.578272 -49.949226 
72.552996 -6.918266 -50.792182 
71.720816 -7.471032 -50.836084 
11.191426 -13.708622 -51.179942 
10.250762 -14.046221 -51.145625 
10.383355 -13.716129 -52.080215 
10.670252 -14.518909 -52.602934 
10.587311 -14.525012 -53.599470 
11.059685 -15.402329 -53.684193 
11.304570 -15.523152 -52.722198 
12.168766 -16.003753 -52.573242 
13.103695 -15.683479 -52.725995 
12.825247 -14.723355 -52.700916 
12.770453 -14.785601 -53.697472 
13.117063 -13.925462 -53.323276 
12.598000 -13.170866 -52.921829 
13.479633 -13.163237 -52.449954 
14.067219 -12.355170 -52.407889 
15.059345 -12.306035 -52.523092 
14.822047 -11.898255 -53.404797 
15.807561 -11.964956 -53.248870 
16.513757 -12.280616 -53.882626 
17.176238 -11.537637 -53.787227 
17.669520 -11.520942 -52.917518 
18.035572 -12.446040 -53.018507 
18.221555 -12.339710 -52.041724 
19.127807 -12.060670 -52.359283 
19.322467 -11.094107 -52.526207 
20.241719 -11.399636 -52.277957 
20.463714 -10.684611 -51.615041 
20.945390 -10.684677 -50.738692 
21.677462 -10.958747 -50.115028 
22.673953 -10.883803 -50.077771 
22.553606 -11.164816 -49.125643 
21.817875 -11.842032 -49.134507 
22.336486 -12.696884 -49.118047 
22.222728 -12.254703 -50.007730 
21.855917 -12.444881 -50.918380 
21.016550 -12.220421 -50.423325 
20.091653 -12.023354 -50.098163 
20.092502 -12.165293 -49.108288 
19.616096 -12.266118 -48.234863 
19.811134 -12.659181 -47.336274 
20.127087 -12.671158 -46.387575 
20.057367 -11.694079 -46.588710 
19.158601 -11.991081 -46.266205 
18.779323 -12.794897 -46.724493 
18.754317 -13.769185 -46.500577 
18.959888 -13.571905 -45.542026 
18.619646 -13.985978 -44.697764 
18.703467 -13.051140 -44.352723 
18.508568 -12.582264 -43.491231 
17.609205 -12.964040 -43.278172 
17.036327 -12.257471 -42.862755 
16.082940 -12.509504 -43.028685 
15.226944 -13.014625 -43.138791 
14.230713 -13.078896 -43.080555 
13.677201 -12.247392 -43.127737 
13.342683 -11.358270 -42.815392 
13.112051 -10.415870 -42.573129 
12.391667 -9.826487 -42.938746 
11.950705 -9.736352 -43.831734 
11.158559 -9.159752 -43.631643 
11.186027 -8.949570 -42.654367 
11.388321 -9.658230 -41.978440 
11.007407 -10.443104 -42.467191 
10.054688 -10.222842 -42.676501 
9.931613 -9.248696 -42.487049 
60.001626 33.256418 32.359458 
60.845729 32.766691 32.141154 
61.265007 31.860448 32.195282 
62.223562 31.757586 31.929591 
62.756345 30.987109 31.579581 
63.367576 30.999729 30.788229 
63.860057 30.179524 31.079309 
64.147340 30.362824 32.019453 
63.562945 30.480629 32.822326 
63.637427 29.827947 33.576288 
63.124842 29.754927 34.431814 
62.279155 29.263574 34.640105 
63.044231 28.685621 34.356153 
63.522605 27.910560 34.768995 
63.755232 27.913150 33.796432 
64.017295 28.674402 33.203290 
64.158815 29.017908 32.274863 
63.734877 28.112302 32.287261 
64.656883 27.907944 31.958409 
64.047099 27.165177 31.681894 
63.462446 26.355023 31.639109 
62.620294 26.862461 31.456660 
62.901071 27.163875 32.367876 
62.736322 26.947345 33.330150 
62.688984 27.689484 33.998722 
61.869803 27.854928 33.449568 
62.421678 28.357035 32.783743 
61.553722 28.641094 32.376358 
61.026343 27.832157 32.636150 
60.216733 27.458204 33.088578 
60.465145 27.277980 34.040319 
59.996634 26.478660 33.664040 
60.566827 26.352269 32.852310 
60.272020 25.542007 33.358831 
60.182666 24.864469 34.088871 
60.715369 24.518701 33.316425 
59.952035 23.874523 33.364964 
59.350276 23.573437 32.625212 
58.478262 24.026243 32.439312 
57.963319 23.958470 33.293853 
58.218212 24.865293 32.958141 
57.521922 24.707584 32.257920 
58.410109 24.984965 31.891609 
58.775912 25.226642 30.992843 
59.507269 25.099296 31.662844 
59.570728 24.277861 31.096083 
58.617383 23.976268 31.082862 
58.494503 24.517921 30.251290 
57.786475 25.184320 30.484972 
57.385837 26.100383 30.502832 
56.664040 26.229323 31.182820 
57.251307 25.929965 31.934819 
57.699593 26.338506 32.729888 
56.926499 26.970540 32.676430 
57.427706 27.363686 33.447291 
56.916582 27.015632 34.233173 
56.762613 26.248276 33.610711 
56.983977 25.640729 34.373524 
57.358156 26.336801 34.986284 
57.935065 25.943054 34.270646 
58.719609 25.395718 34.562047 
58.969287 24.479314 34.249215 
58.935101 23.715128 33.605126 
58.266815 23.398180 34.278133 
57.467104 22.828947 34.469015 
57.195843 22.877137 33.507716 
57.771384 22.143321 33.146792 
58.141650 21.983078 32.231792 
58.604355 21.479952 32.961703 
29.508126 -0.991622 9.121558 
29.699883 -1.351419 10.034671 
30.389983 -2.057815 9.877301 
30.667154 -1.856681 8.937768 
30.707889 -1.491875 8.007577 
31.077973 -1.966320 7.208866 
30.868528 -2.528823 6.409038 
30.972186 -3.407761 6.874573 
30.182823 -3.173243 7.441942 
30.026630 -3.542516 8.358043 
29.969937 -4.320445 8.983833 
30.358137 -4.717352 9.815557 
29.883329 -5.470655 9.360483 
30.686089 -5.416555 8.766640 
31.437462 -5.979962 9.110169 
31.864946 -5.575068 9.918450 
31.399645 -5.322170 10.766706 
30.731816 -5.632884 11.443065 
30.523855 -5.952345 10.518567 
30.384689 -6.918199 10.300026 
30.728765 -6.702328 9.386237 
31.252541 -7.134789 8.652319 
31.845487 -6.832612 7.905924 
32.010030 -7.047822 6.943318 
32.705694 -6.382259 7.213647 
31.963791 -6.043576 6.634964 
32.046772 -5.729392 5.689235 
31.199546 -6.038321 5.257065 
31.398438 -6.584009 4.443022 
31.120189 -7.305070 5.077568 
31.864953 -7.536984 5.703302 
32.203162 -8.404958 5.339660 
32.982355 -8.887190 4.939272 
33.119704 -9.876493 4.988425 
33.969495 -10.309528 4.687867 
33.874776 -11.220903 4.287337 
33.408351 -11.545765 5.110084 
33.043830 -10.802938 5.671627 
32.150701 -11.143014 5.966023 
31.242540 -10.793208 6.195975 
31.626617 -9.959346 6.592407 
31.991402 -10.364084 7.430929 
31.687724 -11.299366 7.612661 
32.424325 -11.566586 6.991362 
32.001088 -12.169424 6.315007 
31.739073 -12.691160 5.503132 
30.890224 -12.476281 5.986125 
30.160915 -12.186000 6.605677 
30.311648 -11.239004 6.889364 
29.324602 -11.196513 7.044071 
29.563621 -12.060624 7.486995 
28.600404 -12.252146 7.298492 
28.429082 -11.410560 7.810724 
27.432158 -11.454535 7.745852 
27.046590 -11.138454 8.612703 
26.207351 -11.177067 8.070314 
26.247385 -10.216821 7.794046 
25.630044 -9.842872 7.101910 
24.958805 -10.294896 6.514447 
24.047834 -9.927117 6.327711 
23.437147 -10.069391 5.548725 
24.068141 -9.540828 4.980863 
24.433316 -8.610865 5.023472 
23.610568 -8.198054 4.632739 
-31.711074 12.294078 51.022458 
-32.349279 11.527289 51.091227 
-32.956691 12.215885 51.487315 
-33.549805 12.547130 50.753494 
-34.371591 12.009212 50.565580 
-34.503712 12.665724 49.822925 
-33.594612 12.252914 49.767036 
-33.595563 11.723035 48.918963 
-34.338635 11.105571 49.176996 
-35.144082 11.540695 49.579392 
-35.234653 10.544806 49.578008 
-34.506184 9.860360 49.548567 
-33.958002 9.308857 48.919805 
-33.398223 10.051898 48.553012 
-32.452360 10.158138 48.246327 
-32.027055 11.052786 48.383148 
-31.961734 11.754313 47.673504 
-31.471422 12.041358 46.850583 
-31.285397 11.059191 46.877836 
-31.859166 10.492935 46.286107 
-31.761726 11.266306 45.659686 
-32.704858 10.934797 45.635085 
-33.347547 11.147580 44.899100 
-32.867147 10.686874 44.152799 
-33.189542 11.449719 43.592327 
-34.142477 11.752832 43.586284 
-34.008767 11.786862 42.595848 
-34.801169 11.329320 42.192420 
-34.651341 11.335173 41.203725 
-35.446159 10.790676 40.935794 
-35.574717 10.186485 41.722195 
-34.713188 9.680110 41.758952 
-35.407696 8.970058 41.642832 
-36.107897 9.215913 42.313111 
-35.804538 9.866295 43.009513 
-35.384329 9.285265 43.706527 
-35.426435 9.646674 44.637983 
-35.552169 10.296135 45.387911 
-34.630766 10.536663 45.693136 
-34.183406 9.692674 45.989025 
-35.113406 9.715203 46.355892 
-34.529346 10.364373 46.843182 
-35.478297 10.628557 46.670843 
-35.200346 10.992267 47.559921 
-35.907633 11.537816 47.110340 
-36.826403 11.161812 46.989999 
-37.633398 11.352988 46.431241 
-38.338416 11.756201 47.014652 
-38.814604 12.114363 46.211555 
-37.897848 12.375403 45.909201 
-38.083284 13.335984 46.116315 
-38.711570 14.098547 46.270442 
-38.561559 14.117423 47.258946 
-39.435892 14.574382 47.422439 
-39.523686 13.972997 48.216559 
-40.140660 13.193521 48.325004 
-40.864884 13.537826 47.727547 
-41.425511 12.852686 47.262487 
-40.677725 12.380478 46.795757 
-41.457038 12.280350 46.177173 
-41.354606 11.366816 46.570829 
-40.993537 11.641110 47.462116 
-40.228767 11.047095 47.711664 
19.740626 -8.287322 42.830458 
20.712905 -8.126286 42.660925 
20.436303 -7.179837 42.827433 
20.910509 -7.165986 43.707737 
20.572587 -7.102666 44.646779 
19.749784 -7.656531 44.774177 
20.503279 -8.256359 44.505008 
21.264881 -8.544526 45.085459 
21.638239 -9.469642 45.016435 
21.303519 -10.057343 45.753028 
20.668470 -10.211254 44.996044 
20.857157 -9.818025 44.096173 
20.609654 -8.929567 43.709670 
19.623668 -9.013598 43.853789 
19.402875 -9.275577 42.914312 
18.451765 -9.215091 42.611440 
18.865342 -8.357476 42.305743 
18.599657 -8.903894 41.511491 
18.585457 -7.973769 41.144523 
18.232004 -7.120989 40.760029 
19.080696 -6.830421 41.201946 
18.453192 -6.853186 41.980226 
19.322643 -6.487298 42.312162 
19.964412 -5.812446 41.947873 
20.789794 -6.284260 42.257931 
21.563983 -6.853412 42.534874 
22.455605 -6.421968 42.672228 
23.413268 -6.659964 42.510243 
23.096229 -7.476684 42.992377 
23.600030 -7.657881 42.147776 
24.132164 -8.409871 42.536806 
24.883951 -7.759385 42.428714 
24.246743 -7.595543 43.181789 
24.900236 -6.887862 43.450368 
25.609837 -7.003763 44.145374 
26.427100 -6.902394 43.578095 
26.771891 -7.243733 44.452514 
27.176749 -6.340120 44.592419 
26.933082 -6.356345 45.562143 
27.619310 -5.797933 46.028262 
27.436059 -5.106223 45.329723 
27.564363 -4.186186 44.959494 
26.612772 -4.480131 45.049336 
26.335251 -4.880040 45.922866 
27.022661 -5.183376 46.582756 
26.351159 -4.572491 47.002166 
25.354887 -4.658677 47.005856 
25.277793 -3.687520 46.780224 
25.662762 -3.412791 45.899133 
25.688523 -2.432133 46.093158 
25.450018 -1.461842 46.052527 
24.971726 -0.588349 46.143339 
24.597732 -0.165669 46.968852 
25.585062 -0.214846 47.119726 
26.331131 -0.734850 47.535630 
26.983487 -1.470906 47.716332 
26.118771 -1.970726 47.765786 
25.578849 -2.704771 48.177685 
25.642558 -2.852743 49.164623 
25.509801 -3.790333 49.486025 
26.317038 -3.645315 50.058160 
26.891642 -3.010776 50.575064 
26.581217 -2.707682 51.476047 
41.981926 54.062378 -35.145342 
41.486253 54.894685 -35.393481 
42.414788 54.988255 -35.034223 
43.393468 55.191750 -35.062099 
43.965098 55.861533 -34.588149 
44.672491 56.495840 -34.276299 
44.460059 57.433395 -34.000866 
43.593693 57.349910 -34.493248 
42.794608 57.568193 -35.053442 
43.225346 57.994221 -35.849033 
43.058625 57.931048 -36.833011 
43.278802 57.386488 -37.642317 
43.070770 56.418814 -37.499732 
44.048506 56.286600 -37.336789 
44.837847 55.726676 -37.588635 
45.744023 56.039448 -37.873272 
45.637058 56.649814 -38.658136 
45.228740 56.211771 -39.459007 
46.205093 56.374561 -39.601255 
46.506379 56.603153 -40.526983 
47.010153 55.874319 -40.063288 
46.433001 55.387861 -39.407351 
46.362428 55.148395 -38.439014 
47.186491 54.725330 -38.062269 
46.986895 53.764074 -37.872145 
46.265612 53.083241 -37.744799 
45.737853 53.851929 -38.106170 
46.082934 54.077902 -37.195206 
45.249474 54.629851 -37.168799 
44.981086 54.620509 -38.132065 
45.231389 54.954096 -39.040948 
45.171544 54.363373 -39.845600 
45.447126 54.801013 -40.701477 
45.460736 55.628578 -41.262682 
45.066980 55.410489 -42.155651 
44.334257 54.746382 -42.007065 
43.547535 54.898874 -42.605242 
43.231564 55.103227 -41.678742 
42.431509 55.180788 -41.083850 
42.779597 54.387549 -40.584243 
42.835116 54.198060 -39.603931 
43.155082 54.395048 -38.677206 
43.974974 54.668076 -39.180428 
43.733033 54.268224 -40.064500 
44.129712 53.350906 -40.030241 
44.971473 52.878642 -39.768696 
44.570205 52.609119 -40.644105 
44.435817 52.521940 -41.631192 
44.406413 53.487338 -41.372076 
45.118433 53.623208 -42.060964 
44.805143 53.565992 -43.008896 
44.116886 53.509312 -43.732146 
44.429268 53.880722 -44.606486 
45.362820 53.829644 -44.251701 
45.011863 54.746820 -44.440425 
45.897342 54.736401 -43.975863 
46.709938 54.383225 -43.512231 
46.519509 53.407086 -43.616582 
47.044637 52.590123 -43.854934 
47.638796 51.957353 -43.358368 
48.365485 52.626369 -43.514385 
49.326131 52.413481 -43.335955 
49.816823 53.150780 -42.871615 
50.046429 52.210777 -42.619277 
49.758321 51.912902 -41.709187 
50.040346 51.016544 -42.051246 
-58.641474 20.083938 37.935458 
-58.235212 19.699747 38.764523 
-58.706290 20.577461 38.852296 
-58.492230 20.227812 39.764395 
-59.160842 20.589741 40.413984 
-60.146064 20.660993 40.569741 
-61.103440 20.932535 40.668206 
-62.094626 20.817726 40.734305 
-62.615106 20.995627 39.899169 
-61.665319 21.232525 39.694761 
-61.817333 21.877898 38.946173 
-62.202195 22.771646 39.176600 
-62.877054 22.447515 38.513650 
-63.579025 22.599931 37.817943 
-63.924648 22.003733 37.093311 
-64.488961 22.029481 36.268151 
-63.931862 22.850977 36.389741 
-64.568964 22.853171 37.160518 
-65.182796 23.410408 37.719711 
-65.970705 22.804177 37.611618 
-65.505931 22.823895 36.726407 
-65.994352 23.669896 36.940245 
-66.800380 23.109772 37.131507 
-66.836080 23.454874 36.193621 
-66.912003 22.731235 35.507630 
-66.381665 22.012207 35.956785 
-65.485448 21.721734 36.292076 
-64.915215 20.923508 36.097989 
-65.435961 20.503765 35.354591 
-66.328441 20.053581 35.383114 
-65.516762 19.469664 35.397910 
-65.816111 19.104698 34.516326 
-66.537547 18.914216 35.182094 
-67.158464 18.267783 34.738714 
-66.936924 17.300087 34.859066 
-67.458646 16.877484 34.117977 
-67.283576 16.102707 34.725489 
-67.181905 15.372019 35.400587 
-66.271915 15.105629 35.082853 
-65.914167 14.497127 34.374516 
-66.338347 13.987257 33.626115 
-67.159715 13.601751 34.046519 
-67.123002 14.030526 34.949184 
-67.258647 13.063234 35.163536 
-66.751657 12.219146 35.338113 
-66.629143 11.444575 35.958621 
-66.941610 10.776448 35.283365 
-67.286325 10.507961 34.383872 
-68.039420 10.197578 34.963968 
-67.977640 10.997251 35.561217 
-68.473552 11.769941 35.957476 
-68.657059 11.546431 35.000205 
-69.447056 12.069232 35.320492 
-70.280199 12.290036 35.827561 
-70.799350 11.485830 36.116931 
-22.881274 -41.656722 38.402458 
-22.596169 -42.128616 37.568173 
-22.346382 -41.566598 36.779666 
-23.211661 -41.075554 36.678826 
-24.184088 -40.886819 36.815809 
-24.491355 -41.604768 37.440418 
-25.361755 -41.801898 36.989261 
-26.302795 -42.028135 36.737744 
-27.011237 -41.938585 36.037679 
-27.720504 -41.699859 36.700966 
-27.827725 -42.372293 37.433315 
-28.181399 -43.281878 37.215209 
-28.526088 -43.077469 36.299018 
-29.366007 -42.654524 35.958940 
-29.216220 -43.227044 35.152848 
-28.724219 -42.522461 34.641480 
-28.030837 -41.801891 34.641472 
-27.436964 -41.037192 34.391373 
-27.237210 -40.195300 34.892688 
-26.311822 -40.267936 34.520694 
-26.015114 -39.346398 34.270228 
-25.543587 -38.583228 33.828375 
-26.084198 -38.205666 34.580164 
-25.838532 -37.241625 34.681515 
-26.344756 -37.303258 35.541712 
-26.451251 -37.532393 36.509264 
-25.983272 -37.917204 37.304824 
-25.948310 -38.890827 37.530289 
-26.056056 -38.778291 38.518078 
-25.168615 -38.322025 38.583432 
-25.324960 -38.012686 39.521443 
-25.753004 -38.893514 39.723731 
-25.084461 -38.969067 40.463557 
-25.173333 -39.844226 40.939162 
-24.314746 -39.594741 41.387030 
-23.991080 -39.145504 40.554307 
-23.774718 -38.270878 40.120468 
-23.040254 -38.816515 40.524007 
-22.840386 -39.243899 39.642307 
-22.609690 -38.954871 38.713199 
-21.721615 -39.152010 39.128480 
-21.828583 -39.850325 38.420727 
-21.982596 -40.837570 38.461055 
-22.357214 -40.387359 37.650518 
-23.269062 -40.675088 37.943341 
-23.386558 -40.097555 38.751209 
-24.341624 -40.134613 39.045275 
-24.258238 -40.742216 39.835128 
-24.283937 -41.676550 39.479658 
-23.729650 -42.407345 39.081280 
-23.441034 -42.612479 38.146068 
-22.728675 -43.275709 38.375567 
-7.060774 -44.869122 14.112358 
-6.735273 -44.003583 14.493004 
-6.245487 -43.739222 13.662208 
-5.504970 -44.167380 14.180198 
-4.631075 -44.360999 13.734307 
-4.198159 -44.050883 12.887895 
-3.519803 -43.325951 12.768289 
-3.456833 -43.894584 13.588466 
-2.915541 -44.339423 12.874938 
-2.154595 -44.773729 13.356953 
-1.360776 -45.348106 13.556813 
-0.974174 -44.488162 13.223592 
-1.743996 -43.984262 12.831853 
-2.150682 -43.187587 12.384735 
-2.015861 -42.867635 13.322526 
-1.731269 -42.942194 14.278271 
-1.799380 -43.286078 15.214810 
-2.397538 -43.559327 15.968164 
-3.030274 -44.141898 15.458012 
-2.576566 -45.006834 15.243454 
-2.806601 -45.012430 14.270288 
-3.715213 -44.944441 14.682357 
-3.515693 -45.882650 14.965122 
-2.555565 -46.145987 15.058975 
-2.019357 -46.601654 15.769502 
-1.602107 -45.748513 15.456370 
-1.726914 -45.546231 16.427712 
-1.295927 -46.229588 17.017010 
-2.144422 -45.982120 17.484787 
-2.382460 -46.721687 16.855202 
-2.600536 -47.576046 17.326916 
-2.082669 -47.723423 18.169587 
-1.931524 -48.611590 17.735636 
-1.734625 -49.310732 17.048300 
-1.005919 -48.995275 17.656143 
-0.941211 -48.140262 17.141589 
-0.746165 -47.159827 17.168157 
0.014598 -47.424359 17.760831 
-0.218896 -48.381359 17.932970 
0.583410 -48.914150 18.202113 
1.094149 -49.769252 18.291253 
1.679611 -49.429162 17.555336 
2.288145 -48.686438 17.275966 
2.893513 -49.460623 17.460807 
3.504834 -48.757537 17.097549 
2.841492 -48.507969 16.392075 
2.923840 -47.540608 16.152429 
2.628143 -47.563353 15.197418 
3.436932 -48.028763 14.837898 
3.321651 -48.480439 13.953195 
-3.581674 56.146378 14.465558 
-3.874610 55.487262 15.158201 
-4.513208 55.868423 15.826714 
-5.149958 56.268225 16.486038 
-5.491917 55.634025 15.792602 
-5.647533 55.863839 14.831889 
-5.641586 56.513119 14.071363 
-5.747978 57.243590 14.745969 
-6.247136 57.457563 15.585645 
-6.492761 58.416630 15.444724 
-7.423998 58.771824 15.526180 
-8.248463 58.206295 15.505355 
-8.782481 57.360844 15.499294 
-9.390861 57.213589 16.279159 
-9.080979 57.125485 17.225843 
-8.222506 56.688686 16.957086 
-8.366633 55.719378 17.156260 
-8.115919 55.100029 17.900269 
-7.568341 54.867721 18.704129 
-7.076778 55.524538 18.132327 
-6.559744 54.674583 18.233584 
-6.426573 53.890802 17.626992 
-5.924060 54.665114 17.242385 
-6.830027 54.779580 16.834805 
-6.221723 54.503953 16.090496 
-6.957788 54.605303 15.421216 
-7.437939 53.879165 14.929100 
-6.955399 53.237250 15.525003 
-7.154888 53.688578 16.394777 
-7.864323 52.988811 16.478614 
-8.667611 53.512867 16.761622 
-8.562638 54.296351 17.374104 
-8.644788 54.922481 16.598725 
-7.938361 55.523674 16.225188 
-8.667891 55.622400 15.548402 
-9.516156 56.120122 15.729285 
-10.039326 56.561899 15.000501 
-10.153737 57.467114 15.409763 
-10.577206 57.959326 14.649236 
-10.560582 58.043925 13.652960 
-11.179132 57.258440 13.632725 
-12.143665 57.415833 13.844632 
-11.562038 57.092194 14.590935 
-11.757306 56.120181 14.721555 
-11.791902 55.909367 15.698468 
-10.972527 55.383173 15.470994 
-11.343581 54.539349 15.083334 
-11.989294 54.982988 14.461852 
48.372226 84.227578 20.034458 
48.928693 83.541156 19.566302 
48.619503 83.065985 20.390083 
47.720203 82.763124 20.074593 
47.885274 82.582993 19.104900 
48.611577 82.217046 18.523034 
48.445316 82.967384 17.883230 
49.207839 83.601083 18.013555 
49.709524 84.454142 17.870019 
49.796661 85.046912 17.069375 
50.060476 85.279000 16.133140 
50.125268 84.696629 15.322803 
51.068430 84.653734 15.652357 
51.137753 84.049457 14.858603 
50.293589 83.513912 14.882645 
49.364003 83.421857 15.239569 
49.250031 82.618966 15.824699 
48.806185 82.273639 14.997807 
49.743998 82.000731 15.212349 
49.870916 81.019060 15.070175 
50.457236 80.209831 15.107296 
50.576444 80.554630 16.038372 
50.132773 79.776796 16.483491 
49.832108 79.465023 15.582159 
49.090317 80.058496 15.894467 
49.136305 79.780024 14.935125 
49.679298 78.996790 14.632302 
50.597792 78.711300 14.905916 
51.174761 79.473539 15.199339 
51.772443 79.445913 14.398082 
51.184975 78.783801 13.932799 
51.084632 77.838665 14.243684 
1.031826 50.591378 48.937458 
1.762953 50.556823 49.618824 
0.952435 50.499838 50.201760 
1.586783 50.521646 50.974499 
0.907943 51.244170 51.105398 
1.718454 51.818833 50.992110 
2.108208 52.097534 50.114376 
3.088415 52.020748 50.296852 
3.767592 51.650321 49.663210 
3.516058 51.949237 48.742677 
2.662694 52.182442 48.276431 
3.161939 52.899927 47.790663 
2.848825 53.134511 48.710951 
3.346568 53.762422 49.309265 
2.646362 54.474189 49.253602 
2.465885 55.190891 48.579980 
2.502957 55.628329 49.478465 
3.185163 56.155626 49.984975 
3.938244 56.777684 49.770700 
3.474577 57.391152 49.131428 
3.651615 56.611847 48.530311 
4.616012 56.870546 48.475423 
5.327534 57.486547 48.137368 
5.178719 57.508704 49.125985 
5.689051 58.263905 48.714607 
6.324667 58.169155 47.948437 
6.582678 58.100233 46.984757 
7.005696 58.397552 46.128803 
7.959562 58.682631 46.222990 
7.854459 57.979577 45.519663 
7.446594 58.394932 44.706566 
6.626102 58.963652 44.648679 
6.968180 59.897291 44.542373 
7.011943 60.672379 45.172709 
6.847538 60.128531 45.995631 
6.314719 60.721242 46.599615 
6.350624 61.664211 46.930554 
6.945626 61.687911 46.127179 
7.609785 61.477382 45.409844 
7.705037 62.470656 45.475677 
7.829641 62.292426 44.499610 
7.296510 61.463421 44.330726 
7.557477 61.641190 43.381888 
8.374312 62.115596 43.053681 
7.965118 62.909370 43.503663 
7.183606 63.211496 42.957806 
7.188647 64.075796 43.460756 
8.125449 63.878241 43.172011 
8.345007 64.219998 42.258230 
8.276586 64.159910 41.262385 
9.033620 64.290652 40.622224 
9.893201 64.477964 41.097655 
9.567770 63.533569 41.144683 
9.313336 62.649828 41.537450 
8.549938 62.453241 40.922165 
8.344061 63.349873 40.530162 
7.453838 63.440131 40.083668 
7.823872 63.216236 39.182033 
8.627591 63.730147 39.481918 
9.591697 63.494331 39.359896 
10.533374 63.456732 39.694309 
10.371744 62.482589 39.536445 
10.413654 62.674614 38.555950 
10.054113 63.403978 37.973921 
9.933125 62.570706 37.434459 
10.696437 62.484019 36.794271 
11.000891 63.342994 37.205939 
11.616412 63.585878 36.456178 
11.768321 62.691625 36.035185 
12.519935 62.128904 36.379311 
13.407104 61.703258 36.557512 
13.705980 61.114236 35.806695 
13.507170 61.068246 34.827736 
14.421897 61.359113 34.547254 
15.360172 61.680333 34.418967 
16.305031 61.724486 34.094479 
15.771165 62.387478 33.569667 
15.724554 61.517265 33.079201 
16.162906 60.675153 32.765046 
16.810842 59.978075 33.072067 
17.728811 60.344231 32.919543 
17.432074 61.138822 32.389852 
16.634572 61.189393 31.788658 
17.371173 61.622681 31.269350 
18.213331 61.217735 31.625426 
18.202907 61.315944 30.630315 
17.732418 62.004824 30.078877 
17.221883 62.400656 29.315548 
17.976621 62.624318 28.698827 
18.647045 62.558406 27.959782 
