Snapshot 0 0.000000
-17.261623 -19.122047 21.557216 
-17.329877 -18.266488 22.070402 
-18.052183 -17.587740 22.202978 
-17.593011 -16.847348 22.693876 
-18.074200 -15.989255 22.873132 
-18.926364 -16.512392 22.885118 
-19.801799 -16.386887 22.418360 
-20.654283 -16.593903 22.898374 
-21.281326 -17.132366 23.461291 
-20.500831 -17.246333 24.075977 
-21.114650 -17.081548 24.848034 
-20.396749 -16.769129 25.470137 
-19.524374 -17.234011 25.318989 
-19.246827 -17.821868 26.078852 
-19.608904 -18.403576 25.350487 
-19.213623 -19.237897 25.734755 
-18.474796 -19.377788 26.393970 
-18.333020 -19.652698 25.443010 
-17.957031 -20.283280 24.764041 
-17.844068 -21.132816 25.279336 
-17.322242 -21.975095 25.144194 
-17.494336 -22.960170 25.147300 
-17.894186 -23.560723 25.839728 
-18.005826 -24.488137 25.482741 
-17.739549 -24.945164 24.634081 
-17.772855 -24.340040 23.838647 
-18.431400 -23.791641 24.353988 
-19.009863 -23.806308 23.538411 
-19.550939 -23.480406 24.313669 
-20.396289 -23.211707 23.851952 
-20.629748 -23.846591 23.115460 
-20.424299 -24.655718 23.666010 
-20.069879 -25.045287 24.516082 
-19.720448 -25.886424 24.103302 
-20.605166 -26.047012 23.665711 
-21.425362 -26.197523 24.217639 
-20.909573 -27.040742 24.369108 
-21.061240 -26.563455 25.234668 
-20.378850 -27.200757 25.592702 
-19.732097 -27.835648 26.015343 
-20.660371 -28.179868 26.156126 
-21.637467 -28.373288 26.067396 
-21.790395 -28.512294 27.045808 
-22.494708 -28.816766 27.687088 
-21.764473 -28.960541 28.354984 
-21.217659 -29.279222 27.580751 
-20.570132 -28.582606 27.271823 
-19.982064 -29.387058 27.355683 
-20.189607 -30.344471 27.556398 
-19.427504 -30.918569 27.257046 
-19.146785 -31.832177 26.962907 
-20.056899 -32.053912 27.312945 
-20.035732 -32.083160 26.313597 
-20.649428 -31.688215 25.629933 
-20.277890 -30.856102 25.218171 
-20.505271 -31.147131 24.288870 
-20.184079 -30.892345 23.376773 
-19.734012 -31.462027 22.689095 
-18.810014 -31.809535 22.848675 
-18.723646 -30.818335 22.748361 
-18.511296 -29.867952 22.975694 
-17.887905 -29.261938 23.469790 
-17.318106 -28.974850 24.239796 
-17.020152 -28.630247 25.130005 
-16.616379 -29.503623 24.857642 
-15.997256 -30.208755 24.511990 
-15.373843 -30.621272 25.176208 
-14.509171 -30.469996 24.697191 
-14.223187 -30.174941 25.608869 
-14.943612 -30.244515 26.298904 
-14.261930 -30.166734 27.026407 
-14.085030 -30.545192 27.934963 
-14.251115 -31.230702 27.226097 
-14.813032 -31.917732 26.765401 
-15.016974 -32.674787 27.386107 
-14.017635 -32.678273 27.349937 
-14.378302 -33.552632 27.674615 
-13.478859 -33.823786 27.331863 
-13.076981 -34.725704 27.173632 
-12.277952 -35.037106 27.688007 
-12.860960 -35.300520 28.456587 
-13.728993 -35.697690 28.754536 
-13.150029 -36.295758 28.200356 
-12.166128 -36.295378 28.379067 
-11.452750 -36.653163 27.776505 
-11.028859 -37.396336 27.258807 
-10.092814 -37.105728 27.060397 
-9.526816 -36.470172 27.585483 
-9.714314 -35.509888 27.792117 
-9.385146 -34.635902 27.434630 
-10.282811 -34.679672 26.996131 
-9.677037 -34.352095 26.271058 
-8.786130 -34.617997 25.902847 
-8.284222 -34.389174 26.736951 
-7.574297 -34.957860 27.152404 
-8.368319 -35.562078 27.219105 
-9.080608 -35.949438 26.633788 
-9.663443 -35.588499 25.905759 
-10.012060 -36.511194 25.741140 
-9.861792 -37.402544 25.313455 
-10.376401 -38.229222 25.541009 
-10.249242 -38.814191 26.342034 
25.820877 14.534153 -41.074484 
25.698672 13.811261 -40.394416 
25.548202 13.371752 -41.279961 
24.566825 13.194722 -41.205405 
24.340844 13.184680 -40.231325 
23.549185 12.603276 -40.043590 
23.799609 12.065653 -40.848729 
24.498176 11.553559 -40.348965 
25.392237 12.001156 -40.331267 
25.805257 12.460319 -39.544766 
25.048409 12.770303 -38.969360 
24.446730 11.971596 -38.976382 
25.303107 11.458545 -39.034669 
26.296070 11.560772 -39.094453 
26.971317 11.163005 -38.473307 
26.273799 10.892454 -37.809778 
25.691575 10.431404 -38.479441 
26.645423 10.140397 -38.553533 
26.815367 9.763527 -39.464075 
27.707814 9.888809 -39.897483 
27.936513 10.831879 -39.655999 
28.563489 10.496641 -38.952780 
28.763773 11.427833 -39.257358 
29.527875 12.018032 -38.996946 
30.400467 11.861458 -39.459619 
30.277086 10.934547 -39.105200 
30.369321 10.598915 -38.167733 
29.403344 10.419716 -37.981245 
29.840581 10.372157 -37.083157 
30.790656 10.206330 -36.818849 
31.679128 10.297467 -37.268641 
32.301431 10.289152 -36.485909 
32.022958 10.485973 -35.545849 
31.255353 9.912017 -35.831082 
32.033937 9.336794 -36.081932 
31.458386 8.594562 -36.425199 
30.798879 7.851116 -36.536276 
31.588432 7.398647 -36.121694 
31.499003 6.987725 -37.028968 
31.386367 7.437218 -37.915122 
30.948048 8.206986 -38.379162 
30.000118 8.238079 -38.696122 
29.209990 8.824037 -38.516256 
29.160738 8.730257 -37.521882 
28.170895 8.653433 -37.402262 
28.153879 8.174944 -38.280191 
28.231825 7.197970 -38.478804 
28.717866 6.329773 -38.378814 
28.996602 6.664426 -37.478640 
29.639732 6.709445 -36.714207 
30.558265 6.476905 -37.033930 
30.183160 6.986152 -37.808503 
30.157259 6.079984 -38.230625 
29.732968 5.716916 -37.401072 
28.891402 5.177284 -37.377313 
28.742746 5.458039 -36.429116 
28.727540 4.676048 -35.806011 
29.705608 4.826653 -35.662135 
30.527600 5.279730 -35.317097 
30.833562 5.772991 -34.502799 
30.052136 5.532299 -33.927090 
29.811679 6.439455 -34.272412 
29.855721 6.212530 -35.245328 
30.559521 6.772353 -35.682664 
30.622379 5.911287 -36.187257 
30.633540 5.091993 -36.760522 
30.466659 4.667135 -37.650267 
31.096820 5.363681 -37.993371 
31.502647 4.540058 -37.597202 
32.240133 4.624508 -36.927140 
33.189690 4.762930 -36.645750 
33.475988 3.807836 -36.722100 
34.455740 3.744889 -36.912163 
34.951288 4.095933 -36.117682 
34.165048 3.874936 -35.540632 
34.196066 3.077882 -34.937520 
34.752674 2.462811 -34.379062 
35.654535 2.030917 -34.389760 
35.158304 1.978765 -35.256382 
35.578989 1.130871 -34.933735 
35.329868 0.162646 -34.911870 
34.516641 -0.399469 -34.761241 
33.516866 -0.384397 -34.746334 
33.295492 0.559006 -34.499385 
33.183939 0.811951 -35.460413 
33.628756 -0.052642 -35.694115 
34.586044 0.222038 -35.784398 
34.850899 -0.663249 -36.166653 
34.079354 -1.087351 -35.692463 
34.383076 -2.038755 -35.743295 
33.642216 -1.847269 -36.387082 
32.809831 -1.298488 -36.464370 
32.811520 -2.090993 -35.854508 
33.163249 -1.525113 -35.108810 
33.114027 -1.924378 -34.193296 
-12.454623 9.724853 -12.839484 
-12.441624 9.875454 -13.827994 
-12.137794 10.758546 -13.470451 
-12.401471 11.713820 -13.336565 
-12.798964 11.485085 -12.447925 
-13.573329 10.874142 -12.283285 
-13.956426 11.279459 -13.113318 
-13.280398 11.529072 -13.806628 
-12.856708 12.243953 -14.362895 
-12.597364 13.154165 -14.685779 
-13.553178 13.149223 -14.391851 
-13.956526 12.617565 -15.136600 
-14.622909 11.871962 -15.133381 
-15.622292 11.864940 -15.098968 
-16.234591 12.654559 -15.059062 
-17.227211 12.769163 -15.019410 
-16.746401 13.561725 -14.644353 
-17.655693 13.819103 -14.317327 
-18.549787 13.677860 -13.892302 
-18.580902 13.993160 -14.840784 
-18.736373 14.013233 -15.828420 
-19.075322 13.424654 -16.562375 
-19.179031 14.226373 -17.151010 
-19.413615 13.373260 -17.617023 
-19.884929 12.798247 -16.948276 
-20.176721 12.767984 -15.992273 
-20.625019 13.251462 -15.240424 
-19.687060 13.584103 -15.142525 
-19.356389 12.832215 -14.572157 
-19.672236 12.040607 -14.049091 
-19.596497 11.887194 -15.034346 
-18.871512 11.820380 -15.719863 
-19.818543 11.817546 -16.040993 
-19.645951 10.996760 -15.496454 
-20.620707 10.786565 -15.571739 
-20.501888 9.795167 -15.626610 
-21.004120 9.503474 -14.812559 
-21.200378 8.524580 -14.869561 
-21.655302 7.849205 -14.289119 
-22.427914 7.742774 -14.915013 
-22.273045 6.902992 -15.435381 
-22.978416 7.117991 -16.110827 
-23.040588 6.122483 -16.182232 
-23.617593 5.892969 -15.398403 
-23.960172 6.829076 -15.318757 
-24.930233 7.009343 -15.481497 
-24.688753 7.049657 -16.451064 
-24.072070 7.781470 -16.160973 
-24.128320 8.610531 -15.604651 
-24.578631 9.373929 -15.141572 
-25.208981 8.942120 -15.786707 
-24.927628 9.688807 -16.389450 
-25.892938 9.595419 -16.145616 
-26.767992 9.313919 -15.751866 
-26.662100 10.050011 -15.083318 
-26.578213 10.775518 -15.766401 
-27.448289 11.128695 -16.110253 
-28.019695 11.862042 -15.741882 
-28.861470 12.391704 -15.637606 
-28.909103 12.022655 -16.565794 
-28.893867 12.178954 -17.553386 
-29.838364 12.507251 -17.541277 
-30.616159 12.025881 -17.945402 
-30.728943 12.280779 -16.985033 
-30.509534 12.971023 -16.295525 
-29.972711 12.134893 -16.182797 
-29.908088 11.136984 -16.181868 
-29.587929 10.275535 -15.787654 
-30.088816 9.410180 -15.804156 
-29.688184 8.497119 -15.727905 
-29.929160 8.587104 -16.694256 
-29.362397 9.288591 -17.126338 
-28.683157 8.846913 -16.540202 
-29.071417 8.037128 -16.980091 
-28.895291 7.328095 -17.662917 
-29.092634 6.349982 -17.596947 
-28.632702 6.422041 -18.481972 
-28.629427 7.395134 -18.712361 
-27.751367 6.933263 -18.587121 
-27.476323 6.522899 -19.456576 
-26.910667 6.109402 -18.743096 
-26.412883 5.256386 -18.586334 
-27.330074 5.135074 -18.206802 
-27.291188 4.282717 -18.728315 
19.533277 -36.607047 7.006916 
19.593530 -36.758934 6.020356 
20.488976 -36.323794 6.114315 
21.162293 -36.584619 5.422495 
21.858297 -37.301729 5.458979 
22.692972 -36.937826 5.872369 
21.999909 -36.410353 6.363730 
22.250816 -35.447593 6.263041 
21.593474 -35.165618 6.961891 
20.853885 -34.563380 6.661361 
20.628288 -33.644574 6.337475 
19.901510 -34.061787 5.791831 
19.441912 -34.302966 4.937079 
18.501210 -34.316941 5.276025 
18.773498 -33.601445 4.632655 
18.333252 -32.931732 5.230707 
17.688323 -32.578018 4.553246 
18.587563 -32.321816 4.198664 
19.123552 -31.546908 3.863653 
18.413035 -31.064810 3.351064 
18.590891 -30.195527 3.812274 
18.420711 -29.225377 3.985037 
17.444173 -29.158371 3.780382 
17.070179 -29.951042 3.298925 
16.341071 -30.434990 2.814986 
15.867167 -30.560171 3.686620 
15.625588 -31.380079 3.167592 
16.482390 -31.537441 3.658641 
15.724405 -31.578716 4.309606 
15.577491 -32.508287 4.647711 
15.578167 -32.911238 3.732490 
16.026966 -32.764473 2.850991 
16.889224 -32.307601 2.632407 
17.149447 -31.964997 1.729685 
16.479829 -31.393661 1.255146 
17.352590 -30.913954 1.164757 
18.047741 -31.139016 0.482032 
17.204151 -31.341517 -0.015310 
16.872712 -31.752761 -0.864443 
16.443882 -32.464358 -0.307906 
15.482100 -32.716308 -0.415131 
15.837501 -32.553381 -1.335535 
15.631987 -32.378170 -2.298377 
15.442468 -33.339238 -2.499452 
15.172085 -33.715305 -1.613187 
15.801541 -34.372651 -2.027532 
15.893706 -35.365898 -1.957066 
16.767515 -34.934161 -1.733321 
17.053639 -35.551553 -1.000545 
16.944414 -36.451541 -1.422552 
16.858313 -37.146704 -2.136230 
17.057294 -37.620888 -1.278584 
17.126312 -37.898700 -0.320431 
16.846310 -38.803579 0.000181 
17.804282 -39.082728 -0.065888 
18.631885 -39.204787 0.481995 
19.166667 -38.453549 0.095148 
18.507450 -37.702354 0.128896 
18.280615 -36.767488 0.401975 
19.251087 -36.892940 0.608003 
19.257312 -37.388022 1.476827 
19.003498 -38.335756 1.283492 
18.230151 -38.007827 1.826076 
18.961670 -37.873542 2.494543 
18.942958 -38.872378 2.539016 
18.442445 -38.534602 3.336132 
17.630223 -38.057227 3.671405 
16.855532 -37.542704 3.303819 
17.745467 -37.147429 3.076283 
17.656694 -36.960741 4.054684 
17.055024 -36.478913 4.691736 
17.324034 -37.301738 5.192327 
16.763407 -37.911165 5.752948 
16.989752 -38.881995 5.673843 
17.550298 -38.299295 5.085414 
18.343958 -38.420204 4.489189 
18.461268 -39.405354 4.363819 
18.904489 -39.765267 3.542833 
18.004759 -40.184123 3.420179 
17.522658 -39.927176 4.257769 
16.600482 -39.774645 3.902345 
15.748580 -39.802260 3.379374 
-4.186623 -79.095047 35.944236 
-5.099007 -78.687532 35.905671 
-6.017004 -78.452608 35.586151 
-6.139474 -77.569921 36.039874 
-6.957277 -77.491828 36.610048 
-6.566837 -76.739266 37.140337 
-6.069578 -76.434834 36.327899 
-6.541846 -75.604381 36.623384 
-6.353767 -75.269710 37.546759 
-5.860884 -74.939650 38.351822 
-5.637454 -75.781640 38.842875 
-6.148730 -75.974597 39.680351 
-6.209608 -75.624691 40.615155 
-5.775625 -76.458982 40.955181 
-5.208202 -77.282403 40.952387 
-4.934968 -77.980634 40.290710 
-4.371949 -77.977144 39.464273 
-3.884874 -77.206669 39.875522 
-4.572786 -76.498561 40.034766 
-4.158026 -75.802975 40.621396 
-3.671648 -74.956467 40.404921 
-2.885190 -74.615782 40.920108 
-2.269103 -73.837544 40.798527 
-1.627218 -74.548280 41.086344 
-0.851809 -74.182601 41.601144 
-0.496238 -74.938828 42.150408 
-1.326446 -75.475628 42.000073 
-1.373762 -76.330956 41.484152 
-0.466238 -76.125977 41.117570 
-0.957850 -75.394026 40.645801 
-1.540845 -74.934051 39.976071 
-1.518966 -74.022116 39.566321 
-1.559230 -73.521600 38.701530 
-1.904018 -72.645047 38.365709 
-1.978802 -72.746361 37.373669 
-2.895086 -73.027317 37.088210 
-3.107763 -72.052473 37.154903 
-3.201229 -71.056978 37.170880 
-4.156376 -71.352279 37.193043 
-4.051950 -70.358978 37.242524 
-4.090597 -69.532311 37.803887 
-4.499906 -70.158018 38.467934 
-5.280070 -69.777050 37.971740 
-5.036420 -69.080587 38.646703 
-5.010528 -68.310995 39.284714 
-4.563220 -68.764515 40.055580 
-3.964092 -69.393075 40.551521 
-4.498586 -69.816953 39.820328 
-3.757944 -69.350777 39.336460 
-3.549255 -68.943187 38.447460 
-3.853156 -68.137465 38.955846 
-2.895695 -68.340775 39.160625 
-2.864288 -68.540219 40.140031 
-1.936594 -68.240416 39.917540 
-1.461087 -69.110111 39.785172 
-0.807372 -68.636877 39.194657 
-0.492201 -69.584502 39.142945 
0.270877 -70.067961 39.571873 
1.248336 -69.920035 39.421236 
2.224228 -69.880252 39.635832 
3.156277 -69.621635 39.382056 
3.549419 -69.467078 40.288450 
3.201087 -70.368576 40.545287 
3.164071 -70.291328 41.541611 
4.085094 -70.110125 41.196818 
4.454535 -71.011177 41.424017 
4.804094 -70.236558 41.951060 
5.137187 -69.850832 42.811446 
5.497982 -69.098778 42.259864 
5.127789 -68.691935 43.094991 
4.213610 -68.920275 42.760119 
3.340359 -69.254487 43.114711 
3.080436 -68.413180 43.588676 
2.130801 -68.251430 43.857059 
2.358151 -67.886276 44.759819 
1.474098 -67.723563 45.197966 
1.927653 -68.310431 45.868692 
1.569068 -68.616708 46.750514 
1.200446 -67.755193 46.401358 
1.532645 -66.815275 46.480084 
-40.959223 -31.815047 42.992416 
-41.495917 -32.344738 43.649216 
-40.615912 -32.732007 43.924197 
-41.064672 -33.078410 44.747981 
-40.561031 -33.341809 45.570761 
-40.510312 -34.256732 45.971191 
-41.170258 -33.650567 46.415078 
-41.829879 -34.148079 45.851711 
-42.545447 -33.712861 45.305316 
-42.812087 -33.645965 46.266788 
-42.874416 -32.649175 46.216541 
-43.228269 -32.344132 45.332383 
-44.149901 -32.423575 44.952536 
-44.620550 -31.733138 44.403186 
-43.828534 -32.005593 43.856853 
-43.509296 -31.173725 44.310816 
-43.159726 -30.322663 44.702598 
-43.473533 -29.535285 44.171975 
-43.335729 -28.910977 44.940903 
-43.801814 -28.175800 45.433121 
-43.049004 -27.898418 46.030060 
-42.707076 -27.559554 46.906562 
-42.381424 -27.071290 46.096903 
-42.817759 -26.173548 46.157477 
-43.749632 -26.149932 46.519494 
-43.545530 -25.663642 47.369120 
-43.967632 -26.442095 47.833706 
-44.947612 -26.633907 47.887070 
-45.016898 -26.751670 48.877691 
-44.122054 -27.197955 48.886846 
-43.913102 -26.703140 49.730350 
-44.796265 -26.323835 50.006305 
-45.744970 -26.449709 50.296330 
-45.480404 -26.176512 51.221191 
-46.194165 -26.377538 51.892111 
-46.209554 -25.477807 52.328286 
-47.137277 -25.104827 52.313596 
-47.187426 -24.132788 52.084194 
-46.232254 -24.381288 52.245110 
-45.318850 -24.583894 52.598159 
-45.292907 -23.584858 52.633571 
-44.908099 -22.743870 52.253227 
-45.456887 -22.039867 52.704017 
-45.443926 -22.021850 53.703771 
-44.620825 -22.159410 54.254753 
-45.087360 -21.565308 54.910031 
-45.200324 -20.782883 55.522444 
-45.848098 -20.913223 54.771845 
-46.540077 -21.632506 54.833461 
-46.823852 -20.682031 54.960224 
-46.335007 -19.996288 54.420978 
-47.265774 -20.145755 54.087315 
-47.853888 -20.767739 53.570344 
-47.183341 -21.484352 53.378428 
-47.265739 -21.328883 52.394030 
-47.953957 -20.603719 52.371782 
-48.623969 -21.266670 52.705817 
-49.607576 -21.327986 52.875397 
-49.403814 -22.203567 53.313391 
-49.214295 -22.402457 54.274914 
-50.102945 -22.281997 54.717395 
-49.541427 -21.847772 55.421771 
-50.348918 -22.347809 55.734693 
-51.180870 -21.827605 55.541709 
-52.031940 -21.918027 55.024502 
-51.199587 -22.115337 54.506567 
-50.603071 -21.313753 54.466172 
-49.754206 -20.983496 54.053428 
-49.436730 -20.821269 54.987715 
-49.836076 -20.715401 55.898382 
-50.404346 -20.665457 56.719707 
-50.121197 -19.706825 56.748900 
-49.661278 -18.823457 56.839101 
-49.043316 -19.075499 56.094388 
-48.363324 -19.779257 55.888631 
-47.396764 -20.025629 55.817476 
-46.464517 -19.715681 56.004151 
-47.041124 -18.993015 56.385305 
-33.715123 -52.791047 -4.527284 
-33.981380 -53.496108 -5.184548 
-33.005552 -53.277919 -5.196912 
-32.359436 -53.806040 -4.645893 
-32.657404 -52.911632 -4.312354 
-32.443783 -52.194833 -4.976105 
-33.329901 -52.016387 -5.403834 
-34.050470 -51.777985 -4.752723 
-34.812256 -51.759800 -4.105150 
-34.043079 -52.078735 -3.551392 
-33.638317 -52.333646 -2.673220 
-33.844211 -52.185214 -1.705968 
-33.195518 -51.819810 -1.038377 
-33.076028 -51.036181 -0.428749 
-32.543919 -51.057763 -1.275149 
-32.050628 -50.665280 -2.051436 
-31.834188 -50.314722 -2.962623 
-32.312715 -49.437294 -2.928959 
-33.287659 -49.231251 -2.845109 
-33.464667 -49.989405 -3.472701 
-34.288066 -50.336573 -3.921574 
-35.175089 -50.525634 -3.500330 
-35.730235 -51.104090 -2.902667 
-35.265545 -51.804417 -2.360813 
-35.451696 -52.765021 -2.154443 
-36.448235 -52.682542 -2.144140 
-36.806376 -53.610113 -2.037613 
-36.425899 -54.314445 -2.636906 
-35.687165 -54.776936 -3.127186 
-34.701251 -54.918410 -3.216401 
-34.261770 -55.337157 -4.011076 
-35.003229 -55.262153 -4.677869 
-34.861321 -54.627741 -5.437726 
-35.590701 -54.337174 -4.818391 
-35.781623 -54.114855 -5.774489 
-36.630115 -54.643439 -5.748774 
-37.036632 -53.731946 -5.686125 
-36.321441 -53.083217 -5.426023 
-37.235731 -52.719351 -5.248049 
-37.997490 -53.357134 -5.134220 
-37.252431 -53.383327 -4.467735 
-36.380696 -52.905947 -4.357350 
-36.783959 -52.474292 -3.550472 
-37.148552 -52.110350 -2.693373 
-38.117747 -51.983855 -2.482044 
-38.422888 -52.626830 -3.184519 
-38.780699 -53.211164 -2.456147 
-37.993053 -53.555042 -1.944912 
-38.544251 -52.992494 -1.328698 
-39.451787 -52.723933 -1.651582 
-39.673747 -53.169868 -0.784474 
-40.377631 -52.504031 -0.537074 
-39.809799 -51.716361 -0.776117 
-39.339296 -50.869396 -1.023660 
-38.449416 -50.606294 -1.396341 
-38.364355 -49.610127 -1.375944 
-39.177549 -49.310137 -0.877224 
-39.571363 -48.906607 -0.051346 
-39.318570 -48.063251 -0.525526 
-38.322338 -48.020576 -0.450017 
-37.348773 -47.797631 -0.499684 
-37.017491 -47.046681 0.071565 
-37.225179 -46.345371 0.753497 
-38.057632 -46.876056 0.594135 
-38.496137 -46.115710 1.073285 
-38.842943 -46.259993 2.000058 
-38.698887 -45.299903 2.239798 
-38.016997 -45.081973 1.541564 
-37.496028 -45.728133 2.099299 
-37.553291 -46.624110 2.539691 
-36.978046 -45.954750 3.009849 
-36.397380 -45.331244 2.486334 
-35.761786 -45.678961 1.797050 
-36.087021 -44.792298 1.468338 
-35.413211 -45.299922 0.931405 
-34.813295 -46.099969 0.936474 
65.467677 -21.023047 -44.578184 
64.900683 -20.199878 -44.547994 
64.350902 -20.864253 -44.041687 
63.404515 -20.705439 -44.322986 
62.738832 -21.426522 -44.515090 
62.544010 -21.325756 -45.490739 
61.957870 -21.455221 -46.290538 
62.546248 -21.885787 -46.974954 
63.283141 -22.214319 -46.384146 
63.416928 -21.224485 -46.335872 
64.127412 -20.907708 -46.964254 
63.409171 -21.361979 -47.491290 
63.166231 -20.790367 -48.275025 
62.742420 -20.224308 -47.567945 
62.106632 -20.815275 -48.064466 
61.995953 -21.808485 -48.100292 
61.858448 -22.495678 -48.813635 
61.861357 -23.455884 -48.534355 
61.947662 -24.155940 -49.243208 
62.481418 -24.301409 -50.076241 
63.054843 -23.903129 -49.360310 
62.783047 -24.728075 -48.864739 
63.221380 -25.523041 -49.284137 
63.771082 -25.011349 -49.944439 
64.268963 -25.201736 -50.790528 
63.380697 -25.549476 -51.090628 
63.668281 -26.456779 -50.783877 
63.416080 -27.420872 -50.700689 
62.992650 -27.067057 -49.866710 
63.575059 -26.496566 -49.287623 
64.533645 -26.746597 -49.423993 
65.472822 -26.949694 -49.700939 
66.114966 -27.715849 -49.726581 
65.693072 -28.295729 -49.029627 
65.175521 -29.008433 -48.556136 
65.552771 -28.336684 -47.918614 
65.959925 -29.172380 -47.550053 
65.768166 -30.047773 -47.106301 
64.980259 -29.493769 -47.375155 
64.096894 -29.240659 -46.980692 
63.742297 -28.318547 -46.825869 
64.045686 -27.370879 -46.925270 
63.624648 -27.218133 -46.031181 
62.819769 -26.842962 -46.490980 
61.931917 -27.287718 -46.608925 
61.549624 -27.956139 -45.970908 
60.928874 -28.659069 -46.318124 
61.090430 -29.613343 -46.066608 
61.504171 -30.228505 -45.395495 
62.012213 -29.431229 -45.721447 
62.207505 -30.115775 -46.423770 
61.698886 -30.974457 -46.486798 
62.017214 -31.849842 -46.850624 
62.648809 -31.977201 -47.615390 
63.501547 -32.340318 -47.990869 
63.707181 -33.027044 -48.688093 
64.115978 -32.181637 -49.031854 
64.865398 -32.789737 -49.293739 
65.815954 -33.049729 -49.463586 
66.721506 -33.315560 -49.132968 
66.096944 -33.312668 -48.351998 
65.979461 -34.301946 -48.265240 
65.764582 -33.715717 -47.484110 
65.657929 -33.275810 -46.592423 
65.029018 -32.524478 -46.792352 
65.818101 -32.180983 -47.301624 
65.928831 -31.791077 -48.215797 
66.515192 -31.035765 -48.508515 
19.495677 -46.871047 -19.823384 
19.255977 -47.046934 -20.778166 
19.653172 -46.223238 -21.182839 
19.977007 -45.431199 -20.665340 
19.595877 -44.585992 -20.290687 
18.947724 -45.317814 -20.080130 
19.038321 -45.441457 -19.091948 
18.703241 -44.588374 -18.691983 
19.635630 -44.228256 -18.660926 
20.515489 -43.763147 -18.758506 
20.495504 -44.563079 -18.158748 
20.522003 -45.452798 -17.703008 
20.595333 -46.373574 -17.319872 
21.520804 -46.225543 -17.668568 
21.688751 -47.211138 -17.648670 
22.515701 -46.686978 -17.852166 
22.936842 -45.781507 -17.799608 
23.585750 -45.145601 -18.217389 
23.008993 -44.338372 -18.091962 
22.982438 -43.351456 -18.250999 
23.891621 -43.760625 -18.328243 
24.265000 -44.073258 -19.201655 
25.197550 -43.871282 -18.902396 
25.589667 -44.012908 -19.811343 
26.255471 -43.391412 -20.224196 
25.685955 -43.004156 -19.499155 
26.076499 -42.260557 -18.956444 
26.501686 -42.983136 -18.411378 
26.901330 -42.438312 -17.674186 
27.440307 -42.649336 -16.858728 
27.546547 -41.724457 -17.223846 
28.412670 -42.169098 -16.995534 
28.538728 -41.720095 -17.880128 
28.688276 -41.718091 -18.868881 
27.992256 -42.375615 -19.157356 
27.546618 -42.400623 -20.052219 
28.502029 -42.664189 -20.185345 
28.660721 -42.243410 -21.078520 
27.904901 -41.607901 -20.920832 
28.181981 -40.710731 -21.264797 
27.940177 -40.485330 -22.208579 
28.633425 -39.770625 -22.115827 
28.929088 -40.108479 -23.009380 
29.213452 -39.157682 -22.886408 
29.741662 -39.687627 -22.222968 
30.052194 -40.630843 -22.105012 
30.974621 -40.249333 -22.164836 
31.689583 -40.449595 -22.834704 
32.451529 -41.025003 -22.537477 
33.060206 -40.498890 -23.131378 
32.429628 -40.072164 -23.779665 
32.301095 -39.136699 -24.108883 
32.036870 -38.786712 -25.007601 
32.004071 -37.807662 -24.806640 
32.056556 -38.121924 -25.754524 
31.690887 -38.249811 -26.676441 
30.760288 -38.110142 -27.014788 
30.412131 -37.484477 -27.712878 
30.308550 -38.081900 -28.508086 
30.755035 -38.300775 -29.375695 
30.965077 -37.330626 -29.496911 
30.354904 -37.707041 -30.194048 
29.970182 -36.906099 -30.652830 
29.965035 -35.918878 -30.812099 
30.827931 -35.524329 -31.127920 
32.671077 58.400053 -41.344084 
32.545763 57.472568 -41.696317 
33.223825 56.829266 -41.340797 
32.652829 56.031758 -41.146004 
32.057513 55.328699 -41.534985 
32.671065 54.565259 -41.333209 
33.491130 55.094351 -41.551283 
33.705377 54.348097 -40.921043 
34.682439 54.553201 -40.978333 
35.482321 54.048296 -41.302770 
35.810201 53.267779 -41.835017 
36.193504 52.348261 -41.921998 
36.876547 51.620369 -41.861787 
36.550658 51.412493 -40.939516 
35.703640 51.017147 -41.294848 
35.557730 51.996330 -41.153742 
35.127883 51.563260 -40.361478 
34.904503 50.677841 -39.953883 
34.980374 50.343802 -40.893384 
34.402564 49.541825 -40.741832 
34.699802 48.828038 -40.107674 
34.911922 48.583734 -39.161460 
35.298059 47.872524 -38.574026 
35.760466 47.677106 -37.709161 
35.829748 48.068457 -36.791531 
36.306356 47.541171 -36.088100 
36.111589 46.868834 -35.373937 
36.653562 46.140564 -34.954548 
36.229819 45.404070 -34.427272 
37.017314 44.823386 -34.220736 
37.943470 45.194316 -34.152574 
38.898047 45.331544 -33.888093 
39.677028 45.872123 -33.570347 
40.573224 46.060344 -33.168593 
40.606061 46.140460 -34.164837 
40.816917 45.797732 -35.080303 
40.359181 44.908688 -35.071529 
39.692414 44.167428 -34.994352 
39.068384 43.419441 -35.220408 
39.099728 42.801748 -34.434614 
39.670384 42.180841 -34.972039 
39.505617 41.833440 -35.895167 
40.278012 41.198303 -35.897686 
40.934125 41.871517 -35.556659 
41.249150 41.474232 -36.418590 
40.774613 41.720075 -37.263797 
39.824140 41.415561 -37.326026 
40.455562 40.652488 -37.463959 
39.742267 40.429525 -38.128412 
39.596334 39.879712 -38.950854 
39.158709 39.280513 -39.621260 
39.570998 38.606793 -39.007973 
40.132855 37.781159 -39.059397 
39.646583 38.084514 -39.878857 
38.796350 38.279603 -40.367779 
37.997073 37.771573 -40.046748 
38.281684 38.576601 -39.526242 
38.628202 37.802069 -38.997068 
38.060510 38.051432 -38.212502 
37.076417 38.139609 -38.366724 
36.691136 37.341406 -38.829792 
36.044421 37.804318 -38.223597 
35.138869 38.202693 -38.369450 
34.838686 39.152770 -38.454570 
35.439568 39.944421 -38.343984 
35.499861 40.861526 -37.949923 
35.185672 40.201726 -37.267319 
35.411066 41.120428 -36.942998 
34.796482 41.647146 -37.530243 
37.725177 17.355453 0.909516 
38.001087 16.518275 1.381750 
38.701542 16.204155 0.740898 
38.833320 16.729135 -0.099953 
38.491331 16.777526 -1.038410 
38.373982 15.941639 -1.574621 
39.238968 15.989211 -2.074157 
39.642672 15.741445 -2.954858 
39.559321 16.566350 -3.513951 
40.390294 16.952196 -3.914708 
41.342781 17.116893 -4.170920 
41.727079 17.043819 -3.250607 
42.479905 17.343499 -2.664565 
43.086394 17.045348 -3.401639 
43.191495 16.567350 -2.529588 
42.503292 16.083292 -1.989158 
43.278322 15.508474 -2.251670 
43.929724 14.942160 -1.746730 
44.201341 14.056854 -2.124165 
44.497935 13.878068 -1.186046 
45.213310 14.401418 -1.649019 
45.691166 14.980750 -2.309343 
45.771775 15.925449 -2.627219 
46.031566 15.323243 -3.382108 
46.803189 15.643552 -2.832563 
47.432888 15.896035 -2.097899 
48.044819 15.109251 -2.017212 
47.576640 14.912277 -2.878612 
47.259523 14.283373 -2.168742 
47.276313 13.486124 -2.772159 
46.447703 13.514459 -3.331267 
45.683281 13.194702 -3.891102 
45.863821 13.570635 -4.799991 
45.767666 14.350741 -4.181777 
44.936827 14.834453 -3.906586 
44.784990 15.603083 -4.527999 
44.962046 16.056718 -3.654576 
44.423308 16.865514 -3.890394 
44.545385 17.789785 -4.252086 
44.553191 18.748794 -3.968818 
43.638901 18.607639 -4.348490 
42.995209 19.031231 -4.985851 
42.456852 19.826462 -4.706963 
41.646727 19.243152 -4.765684 
40.955299 18.723424 -4.263877 
41.584809 18.977564 -3.529623 
41.371079 19.777559 -2.968974 
41.080746 20.297776 -3.772143 
40.474293 21.011001 -3.420681 
39.792252 21.173746 -4.133657 
38.818328 21.234095 -3.914959 
39.291584 22.114433 -3.882818 
38.634416 22.193798 -4.632373 
38.734499 22.792496 -5.427070 
39.177770 23.436247 -4.803295 
38.467706 23.399366 -4.100124 
37.471449 23.480612 -4.129627 
37.006842 23.223383 -3.282294 
36.764274 24.043726 -2.764416 
35.774634 23.905150 -2.726864 
34.804116 23.817636 -2.502285 
34.251987 24.533727 -2.929329 
34.580146 23.837051 -3.567258 
34.399095 22.854486 -3.609523 
-24.880723 38.484853 33.955676 
-23.897936 38.321823 33.868782 
-23.041798 38.232508 34.377752 
-23.311118 37.369170 34.804502 
-23.402316 36.386500 34.643124 
-23.725614 36.026840 35.518408 
-24.227305 35.165689 35.436395 
-23.795121 34.897013 36.297226 
-23.834017 34.768535 37.288175 
-24.583337 35.391559 37.512587 
-24.882819 35.413190 36.558731 
-24.977448 36.406731 36.621361 
-24.485714 37.188201 37.005421 
-23.821997 37.718173 37.533256 
-24.491797 37.503893 38.244207 
-23.700366 37.026432 38.625871 
-22.950126 37.632887 38.889217 
-23.248587 38.476122 38.442143 
-23.459859 38.537405 39.417647 
-24.214025 39.076434 39.792722 
-24.366820 39.559818 40.654693 
-25.063633 39.788396 41.334549 
-25.511989 38.953898 41.654847 
-26.363961 38.522977 41.952251 
-26.993003 37.775320 42.165127 
-26.601481 37.776296 41.244959 
-26.137179 37.847391 40.362140 
-25.227400 37.552950 40.654728 
-24.732214 37.138427 39.891209 
-24.370762 36.299481 39.484365 
-24.865889 36.155533 40.341178 
-24.834521 36.246422 41.336545 
-24.809780 35.302880 41.666873 
-24.043111 34.673710 41.794794 
-24.281202 34.451907 40.849217 
-24.326147 35.056187 40.053713 
-24.210291 34.744288 39.110688 
-24.125099 33.752663 39.013621 
-24.804808 33.098820 38.681229 
-24.399951 32.212813 38.455218 
-23.872837 32.346351 37.615982 
-23.375685 33.184369 37.391112 
-22.664195 32.497178 37.244309 
-22.359504 31.545338 37.278414 
-21.590433 32.005561 37.721950 
-20.921628 32.249063 37.019520 
-20.668290 32.940927 36.343397 
-19.716209 32.737031 36.571360 
-19.652025 31.938618 35.972680 
-19.405953 31.778960 35.016668 
-18.760603 31.123943 35.409704 
-17.766112 31.019940 35.422757 
-17.478109 31.769354 36.018939 
-18.116972 32.121598 35.334996 
-17.593974 32.203489 34.486606 
-17.206770 33.080908 34.769816 
-17.688084 33.045994 33.893963 
-18.680866 32.952367 33.968924 
-19.490197 33.539689 33.962974 
-20.410051 33.181506 34.122892 
-21.136625 33.597378 33.575954 
-20.952732 33.910951 32.644366 
-20.470858 33.103043 32.305129 
14.311277 34.358153 26.318356 
13.810467 35.043526 25.789722 
14.396207 35.821591 25.562732 
14.399432 36.722971 25.129715 
14.955170 37.495954 25.435744 
15.491403 37.957012 26.142766 
15.399929 37.234099 26.827623 
16.038178 36.608831 26.378537 
16.625539 36.878526 27.141604 
16.071043 36.094723 27.421222 
15.752083 36.891745 27.934076 
16.708635 36.813527 28.214951 
16.245909 37.663809 28.465761 
16.865697 38.448246 28.442934 
17.641468 38.959056 28.072459 
18.040272 39.150371 27.175601 
17.101979 39.437027 26.982122 
16.901921 39.831903 26.085434 
16.652418 39.265044 25.300311 
15.711332 38.929500 25.258272 
16.304360 38.693780 24.488368 
15.333484 38.553105 24.294431 
15.376381 38.247649 23.343192 
15.981408 38.906873 22.896688 
15.957121 38.289821 22.110141 
15.545025 37.757580 21.370617 
14.547565 37.688246 21.354311 
13.921106 38.464556 21.424249 
14.232043 39.074933 20.695718 
15.226361 39.060920 20.801242 
15.177082 39.982022 20.415052 
15.722228 40.622037 20.956529 
15.308182 41.526550 20.854444 
15.685892 41.534954 21.780329 
16.475786 41.424732 22.383587 
15.977562 40.872104 23.051700 
16.904727 40.528597 22.902142 
17.065516 39.543885 22.969143 
17.856705 39.906937 23.461294 
18.691102 40.451667 23.377331 
18.664836 40.884469 22.476224 
18.917376 41.522972 23.203230 
19.581743 41.511807 22.455907 
19.228575 41.888741 21.599640 
18.957305 41.760325 20.645742 
18.187479 42.179516 20.164446 
17.927319 42.030743 21.118482 
17.228263 41.663848 21.732247 
17.699353 42.503544 22.002405 
18.230145 43.174798 22.519780 
18.932767 43.861563 22.705994 
19.035064 43.325132 21.868273 
19.990906 43.124329 22.082852 
20.151135 42.153957 21.902006 
20.697289 42.639445 21.219351 
20.991359 43.566304 21.452707 
20.581801 44.478113 21.482150 
19.895098 45.192535 21.347833 
19.105807 44.944786 21.909650 
19.311593 45.021989 22.885197 
19.316991 45.361827 23.825665 
19.373958 44.392393 24.064313 
19.957624 44.267892 23.261920 
12.528177 4.473953 -69.865484 
11.633620 4.732349 -69.500792 
12.106695 5.582520 -69.731895 
11.543544 6.408825 -69.740883 
11.703206 7.064881 -69.003253 
11.934045 7.994305 -68.715357 
12.173946 8.369016 -67.819791 
11.785325 7.954502 -66.996899 
10.850973 8.227346 -66.767677 
11.113196 9.159960 -66.519745 
11.492459 8.827866 -65.656105 
12.136841 8.214301 -65.199694 
11.580290 8.791123 -64.601757 
12.102471 9.222212 -63.865898 
11.369238 9.790474 -64.239327 
11.720273 10.710161 -64.063404 
11.062577 10.851044 -64.803395 
11.795943 11.491429 -65.031608 
12.061754 12.098029 -64.282355 
13.054904 11.992768 -64.231629 
13.567908 12.155917 -65.074368 
13.797589 13.019638 -64.625780 
14.572316 12.466487 -64.932085 
14.741294 13.399146 -65.250821 
15.180561 14.076022 -65.841484 
15.138229 15.071160 -65.752549 
15.627884 14.804764 -64.922325 
15.334805 13.902356 -64.606471 
15.863417 14.475114 -63.979959 
16.571834 13.903068 -63.566548 
17.552713 13.890864 -63.372313 
17.166461 13.032506 -63.034628 
16.168478 12.976960 -63.065371 
15.371120 12.942009 -62.462878 
14.383515 12.864413 -62.599314 
13.497516 13.146907 -62.967013 
13.163251 12.547357 -62.239823 
12.644828 12.290589 -63.055487 
12.113184 11.649628 -62.501841 
11.190520 11.925319 -62.232238 
10.683227 11.092286 -62.452942 
10.135455 11.064651 -61.616771 
10.373564 12.023740 -61.463626 
9.883867 12.322068 -62.282892 
9.034194 12.423873 -61.765503 
8.788384 12.368088 -62.733214 
8.097651 13.025327 -62.431674 
7.486090 13.808423 -62.544601 
7.015948 13.371153 -61.777945 
7.366537 12.437016 -61.844846 
6.917220 11.939410 -62.586805 
6.958058 11.360962 -63.401501 
7.031094 10.981515 -64.323827 
7.201155 11.727365 -64.967866 
6.246670 11.933521 -65.183407 
5.960813 12.321931 -66.059434 
6.093436 11.340091 -66.195080 
5.783309 10.529724 -65.697961 
5.774207 9.847647 -66.429185 
6.089428 8.900579 -66.368370 
6.788126 9.495128 -65.970458 
7.353973 9.811175 -66.731991 
7.336798 10.565744 -66.075995 
7.671597 9.815540 -65.505816 
8.276096 9.018988 -65.515113 
7.416411 8.772137 -65.067892 
-62.694723 22.585453 22.633396 
-63.216227 23.331885 22.220027 
-63.474680 23.153186 21.270675 
-63.407385 23.358343 20.294263 
-63.902738 22.496885 20.406131 
-64.114922 21.705310 19.833080 
-63.468972 20.950989 19.950332 
-63.829329 20.423500 19.180983 
-64.301029 19.691662 19.672828 
-63.344427 19.798672 19.943864 
-63.239285 20.353011 20.769487 
-62.399506 19.891312 21.055154 
-62.352894 18.982811 21.470429 
-63.299902 19.267257 21.619649 
-63.667427 18.352164 21.453724 
-64.552491 18.817411 21.439321 
-64.850094 19.712536 21.107383 
-64.939092 20.050336 22.044384 
-65.909582 20.291090 22.058079 
-66.760003 19.899440 21.706806 
-66.105382 19.347544 21.190200 
-66.212983 18.934858 20.285705 
-66.627822 18.449961 19.515780 
-66.793936 19.318715 19.049226 
-65.908711 19.434159 18.598615 
-65.132142 19.015276 19.069228 
-65.663042 18.303285 18.609648 
-65.136042 17.462795 18.735535 
-65.511726 16.585201 18.437726 
-66.054180 16.089618 19.116063 
-66.322484 15.843593 20.047451 
-66.262584 16.834321 19.925508 
-65.691827 17.607128 20.203007 
-65.484540 18.415366 20.754172 
-64.606054 17.961737 20.904116 
-63.939296 18.045771 20.163595 
-63.810520 18.440135 19.253708 
-62.815058 18.345341 19.262040 
-62.867211 17.554761 18.651905 
-63.106149 17.116107 19.518214 
-63.981382 17.049233 19.039158 
-64.329779 16.114889 19.114123 
-65.159307 15.726238 19.515165 
-64.368876 15.222387 19.863523 
-64.482941 15.721032 20.722792 
-64.357758 15.420965 21.668460 
-65.163788 15.109874 22.171986 
-64.286874 15.068503 22.650850 
-63.704822 15.878302 22.577084 
-62.735349 16.041266 22.393881 
-62.380900 16.974970 22.343253 
-63.017232 17.089231 21.580346 
-63.598502 17.529474 22.264678 
-64.313945 17.440933 22.957717 
-64.499265 18.368688 22.633791 
-16.823723 -2.687047 55.815116 
-17.297513 -2.435649 54.971123 
-16.591601 -1.735577 55.078767 
-17.044826 -1.369059 54.266208 
-16.552247 -1.244156 53.404950 
-15.998189 -0.453785 53.666357 
-16.653297 0.283242 53.500151 
-16.147038 0.027420 52.676587 
-16.118324 1.025236 52.617099 
-16.363428 1.729649 51.950970 
-15.587707 2.358775 52.000563 
-15.955689 2.678068 51.127269 
-15.442184 3.423829 50.702825 
-15.204508 3.668100 49.762696 
-14.488426 3.976730 50.388774 
-15.130005 4.696834 50.124528 
-16.085454 4.775296 49.839992 
-15.601205 5.014912 48.998513 
-16.531089 4.654173 48.926517 
-16.933275 5.543531 48.709055 
-16.694189 5.931262 49.599281 
-16.457552 6.853021 49.906468 
-16.727142 6.599313 50.835420 
-17.706294 6.529476 50.644670 
-18.347883 7.244013 50.365744 
-18.351793 7.764334 49.511782 
-17.973419 8.352320 48.796865 
-17.283158 8.812540 49.355198 
-17.057297 9.323786 50.184423 
-16.657420 8.431562 50.394270 
-16.222570 8.335681 49.498886 
-15.610593 8.103867 50.255025 
-15.413756 7.266992 50.765804 
-15.026893 6.978163 49.890068 
-15.048912 6.839548 48.899966 
-14.182426 6.360084 49.038949 
-13.903526 5.490960 49.447407 
-13.252327 4.808399 49.115668 
-12.375843 4.431160 48.816560 
-12.223603 5.288493 48.324826 
-11.722883 5.716082 47.572199 
-11.333040 4.851040 47.256409 
-10.409475 4.602573 47.548459 
-9.861612 5.269837 47.043875 
-9.801556 5.796105 46.195680 
-8.896612 5.993809 45.818864 
-8.367930 5.633659 46.587490 
-7.954757 6.544311 46.588530 
-7.307041 7.271326 46.816378 
-7.040262 8.001975 47.444852 
-6.548172 7.253109 47.888752 
-5.743997 7.729261 47.532967 
13.341877 -22.776047 39.766596 
13.717624 -21.913346 39.428127 
13.703119 -21.707959 40.406700 
14.581451 -21.830233 40.868849 
14.760719 -21.225113 40.093161 
15.126423 -21.014657 39.186536 
14.946036 -21.561585 38.369020 
14.760374 -21.928815 37.457609 
13.870015 -22.238858 37.790977 
13.002791 -21.742832 37.834336 
12.088474 -21.475876 37.529770 
12.663607 -21.835509 36.795001 
11.951097 -22.515478 36.968123 
11.093474 -22.093110 36.674715 
10.435083 -22.396195 37.363671 
9.793108 -22.467522 36.600270 
9.321718 -21.726570 37.078583 
9.199534 -20.867766 36.581063 
9.425112 -21.234315 35.678425 
8.689644 -21.659760 35.151088 
8.595549 -21.928663 36.109648 
7.654627 -22.266864 36.092715 
7.819758 -23.213667 36.368932 
7.185935 -23.097330 35.604253 
6.659477 -23.712754 35.017656 
7.501325 -24.055872 34.601048 
7.752103 -23.999325 35.567439 
8.001510 -24.821511 35.055769 
8.260282 -25.647041 35.557304 
8.856574 -25.484063 34.771255 
9.599746 -25.011309 35.244752 
10.127571 -25.102168 34.400272 
10.130010 -26.000230 33.960410 
10.781018 -26.683485 34.291091 
11.207796 -25.812964 34.046032 
11.022113 -24.834606 33.954722 
10.152087 -24.554272 33.549176 
10.758453 -24.215829 32.829609 
10.980804 -23.950455 31.891453 
10.701094 -24.747158 31.355703 
9.957210 -24.637242 30.696495 
10.591741 -24.917333 29.976135 
11.574761 -25.096708 29.937454 
12.164818 -24.539561 29.353142 
12.030858 -24.198858 30.283720 
11.728617 -23.728233 31.112673 
10.895063 -23.410376 30.660837 
10.709125 -22.983263 31.545711 
11.419429 -22.373517 31.194031 
11.390119 -21.993136 30.269665 
-33.361223 44.617753 -30.985584 
-33.762172 44.838549 -30.096489 
-33.941810 44.216847 -29.334113 
-33.388400 43.384438 -29.362933 
-33.270490 43.745697 -30.287914 
-32.722915 44.571984 -30.155965 
-32.337996 45.455462 -30.422992 
-32.897613 46.178519 -30.827983 
-32.339234 46.935714 -30.489059 
-32.272359 47.673950 -29.817840 
-32.498809 47.651714 -28.844071 
-31.796317 48.039705 -28.247442 
-31.007779 47.747585 -27.706264 
-30.408513 48.305039 -27.131698 
-29.907397 49.165562 -27.040143 
-29.492160 48.814317 -26.200975 
-28.867118 48.036157 -26.262540 
-28.421095 48.282118 -27.123102 
-27.459885 48.522680 -27.258026 
-27.622847 47.871311 -26.516971 
-28.379965 47.237618 -26.675737 
-27.518028 46.773717 -26.471139 
-27.493264 45.803909 -26.228531 
-26.832264 46.222917 -25.606026 
-25.897317 46.558716 -25.720530 
-25.067762 46.346380 -25.204050 
-24.421457 46.343297 -24.440977 
-23.882339 46.158388 -25.262659 
-23.934116 45.242206 -24.865254 
-23.765725 45.446784 -23.900997 
-24.057513 46.138559 -23.240462 
-23.144503 46.320431 -23.605613 
-22.914116 46.225612 -22.637145 
-23.561951 46.987310 -22.625927 
-23.434697 47.846682 -22.130664 
-22.697819 48.101622 -22.756776 
-22.863568 49.062237 -22.979812 
-23.532690 49.728755 -22.651135 
-24.267641 49.915981 -21.999372 
-23.937254 50.708978 -22.511232 
-24.863640 50.577548 -22.864128 
-25.052743 51.174987 -22.084829 
-25.240944 50.438327 -21.435281 
-25.581439 49.644683 -21.939456 
-26.472827 49.215166 -21.794740 
-27.010470 48.401182 -21.574810 
-27.868220 48.851138 -21.823414 
-28.247783 48.622772 -22.719953 
2.975877 73.192353 -68.209484 
2.055840 73.359640 -68.563811 
1.116247 73.653719 -68.388645 
1.293053 72.940590 -67.710274 
0.495597 72.337218 -67.707698 
0.293731 71.801077 -66.888063 
0.703183 72.610651 -66.467421 
0.320452 71.970594 -65.801204 
1.229401 71.558758 -65.866039 
2.188333 71.326272 -65.703564 
2.198073 72.065722 -65.030422 
2.487749 73.001872 -64.831149 
1.631733 73.348142 -65.214992 
1.813121 73.116661 -66.170772 
1.506601 73.808059 -66.824999 
1.539780 74.551849 -67.492589 
1.251747 75.323898 -66.926042 
0.373535 74.915945 -67.175680 
0.400817 74.760411 -66.188226 
1.246988 74.603889 -65.678821 
2.222309 74.383526 -65.692636 
2.628327 74.787208 -64.872765 
3.611710 74.952896 -64.946964 
3.797794 75.192020 -63.993973 
2.931547 75.657195 -64.176262 
3.104127 76.548112 -64.596362 
3.702164 77.251584 -64.980393 
4.559035 77.709071 -65.218041 
4.416716 77.591464 -64.235232 
5.345265 77.954171 -64.156241 
5.754317 77.203923 -64.675669 
6.546043 77.625206 -65.118039 
-15.956823 67.563853 1.564616 
-15.864955 67.512005 2.559036 
-16.031354 67.648258 3.535635 
-15.132070 67.308775 3.811389 
-14.587796 66.670152 4.355381 
-14.941351 66.462086 5.267361 
-15.837155 66.664485 5.663050 
-16.291467 65.775901 5.726433 
-15.579979 65.073308 5.714307 
-15.234417 65.449800 6.573866 
-15.160896 66.112305 7.319307 
-15.186466 65.433328 8.053021 
-14.397396 64.961647 8.446577 
-14.492447 64.614585 9.379590 
-13.954478 65.022308 10.117392 
-13.031288 65.360985 10.299097 
-12.161635 64.925575 10.531739 
-11.921538 65.582068 11.246841 
-11.496036 66.407294 11.618257 
-10.733678 66.475561 12.261803 
-11.268937 65.941386 12.916138 
-12.102202 66.096695 13.446751 
-12.175710 66.743181 12.687375 
-13.004296 66.584383 13.224244 
-13.663089 66.232120 12.559487 
-13.768312 65.289814 12.241700 
-12.844490 64.910101 12.290396 
-11.880173 64.676836 12.165174 
-12.003318 64.000515 12.891414 
-12.132930 63.154937 13.409294 
-13.031696 63.351065 13.017179 
-12.354367 62.962468 12.392504 
-11.477467 63.127333 11.940989 
-11.062573 62.470361 12.570474 
-10.755541 62.964550 13.383807 
-11.219911 62.172476 13.780013 
-11.073608 62.897865 14.452624 
-11.250346 63.794507 14.046674 
-11.541360 64.647021 13.612473 
-10.882308 64.877249 12.896480 
-10.279486 65.201501 13.625498 
-9.383310 64.846313 13.891409 
-8.604731 64.671306 13.288758 
-8.117415 65.169187 14.006140 
-7.987692 65.926862 13.366530 
-8.005555 66.887174 13.644885 
-8.134881 67.811130 13.284913 
-8.017957 67.425086 12.369873 
-8.655262 67.762889 11.677246 
-9.449288 67.176841 11.838714 
-9.381486 66.191061 11.684960 
-9.502116 65.264729 11.328088 
-8.609169 65.039889 11.718078 
-8.226602 65.793693 11.183828 
-7.737822 66.544785 10.740034 
-7.880282 67.134190 9.944856 
-7.986267 66.263236 9.465057 
-7.041183 65.989277 9.286835 
-6.497086 66.656847 9.795076 
-6.126248 65.895449 10.326820 
-6.738482 65.106996 10.267556 
-6.098919 64.421114 9.920391 
-5.912398 63.773637 9.181483 
-6.175708 62.979583 8.633628 
-6.321485 63.357462 7.719321 
-6.975297 62.805160 7.202125 
-7.824862 63.233548 6.894351 
-8.443245 63.526354 6.165059 
-7.715354 64.081929 5.763175 
-8.186389 64.943553 5.574150 
-7.862596 64.862755 4.631478 
-8.086127 65.826541 4.776911 
-8.450939 66.671327 5.168381 
-7.809316 67.349247 5.527190 
-7.433944 66.478193 5.210392 
-6.872205 65.781993 4.763452 
-7.430386 66.029076 3.971376 
-7.183552 65.264446 3.376050 
-7.137210 65.745484 2.500576 
-6.796555 66.680203 2.601835 
-7.777795 66.745099 2.420297 
-8.540211 67.208523 2.871916 
-8.952201 67.915818 2.297461 
-9.108765 68.902901 2.331438 
-8.570944 68.877010 3.174100 
-8.710739 69.355290 4.041109 
-9.636212 68.979311 3.994845 
-10.506682 68.584747 3.700566 
-10.990629 67.800849 4.089538 
-10.444556 67.216646 3.489113 
Snapshot 5000 48.896619
-3.884429 -0.621398 -2.387899 
-2.963528 -1.225704 -1.287559 
-2.509512 -1.753565 -0.323530 
-2.202969 -1.453354 0.860989 
-1.448847 -1.334688 1.436691 
-1.566827 -2.003021 1.760542 
-2.141018 -1.240923 1.709315 
-3.135129 -0.850476 1.079975 
-4.157766 -0.789589 0.742664 
-3.423594 -1.522275 0.224911 
-2.753295 -2.209543 -0.950682 
-1.981428 -1.938531 -0.283886 
-2.148423 -0.948067 -0.267316 
-2.435124 -0.201797 -0.263343 
-2.485521 0.491414 -0.225266 
-2.039435 -0.474801 0.895827 
-2.040591 0.246757 2.195253 
-3.019092 -0.130269 1.965660 
-3.521661 -1.029075 1.455075 
-2.721831 -2.203164 1.583829 
-2.038270 -2.355932 0.807834 
-2.689306 -1.344244 0.469193 
-3.020362 -1.150894 0.490859 
-3.050705 -0.641599 -0.164069 
-2.761231 0.132275 0.579779 
-2.324721 0.147972 1.065119 
-3.054391 0.069755 1.369505 
-2.816458 0.388469 2.028094 
-2.664921 -0.090067 2.050464 
-1.536202 -0.964321 2.273491 
-0.241829 -1.921496 1.861733 
0.256805 -1.642401 2.046227 
-0.186812 -1.215016 2.806036 
-0.456068 -0.434203 3.277964 
-0.969307 -0.367591 2.567505 
-1.693797 -0.229524 2.330134 
-1.909679 -1.241406 2.123185 
-1.526380 -2.003740 2.498537 
-1.555872 -2.778935 3.482419 
-0.454650 -2.551996 4.794022 
0.266160 -2.433397 5.311310 
0.908928 -2.886274 5.635847 
-0.258178 -3.377340 5.543019 
-1.221149 -2.676234 4.380645 
-0.600487 -1.395765 3.076615 
0.458049 -1.004821 3.085395 
0.556625 -0.501176 3.825741 
0.293616 -1.406747 3.760797 
0.272397 -1.854353 4.244590 
-1.232078 -2.779756 4.828608 
-0.819025 -2.938340 5.745007 
-0.550927 -3.513751 5.373454 
0.279485 -4.490585 5.257223 
1.099799 -5.494761 4.542428 
1.496811 -4.987677 4.931923 
0.645982 -4.686687 5.218162 
0.592669 -5.351234 4.513839 
1.470637 -5.348166 4.643337 
0.981789 -4.366710 5.398779 
1.199054 -4.294478 5.463482 
1.471869 -4.618859 5.144231 
1.242739 -4.869183 4.107762 
1.945060 -5.030259 3.056434 
1.534376 -5.274078 3.379595 
1.456313 -5.385036 3.807388 
2.160717 -3.818928 4.656818 
2.193965 -3.857727 4.254915 
1.946686 -4.226019 4.787299 
1.054141 -3.687572 5.047020 
0.850534 -3.076853 3.778099 
0.855995 -2.050663 4.450150 
2.033989 -2.188478 4.413013 
2.614893 -3.086563 3.733165 
2.709663 -4.491284 3.707081 
2.876708 -4.204776 3.796911 
2.942755 -3.356344 3.563226 
2.766443 -2.969215 4.605796 
2.127081 -2.852618 5.032352 
1.939228 -2.865494 4.443007 
1.835432 -3.580039 3.868981 
1.794766 -3.214287 2.211907 
2.608536 -4.283234 2.488581 
2.993607 -4.825834 2.546711 
2.762754 -3.382001 2.917747 
2.834198 -3.740822 2.964448 
2.993731 -4.737323 2.465921 
2.276402 -4.404581 2.947923 
2.964033 -2.820993 2.651097 
3.184981 -2.068517 2.689887 
2.169570 -2.539687 2.559185 
1.184054 -3.056586 2.323361 
0.948300 -3.455915 1.847907 
1.811536 -4.077135 1.745941 
2.343914 -4.587897 2.015231 
2.043592 -3.238042 2.246331 
2.439892 -3.848191 3.078924 
2.402379 -3.975238 2.229971 
1.751826 -3.944014 1.406427 
2.172020 -3.764026 2.008006 
1.460356 -2.839075 1.505946 
0.522031 -3.041592 1.213982 
0.903211 -2.991407 2.001540 
6.674964 2.802448 -3.159877 
5.614553 2.291192 -3.861760 
4.650438 1.852009 -4.257469 
3.724528 2.770791 -4.694624 
4.621002 3.065685 -4.190398 
4.561452 2.756468 -3.424745 
3.967914 2.649360 -3.624891 
4.473400 2.483028 -2.182557 
4.818036 1.476181 -1.278203 
3.501186 2.251760 -2.041558 
3.413425 2.900385 -2.652259 
4.186967 3.113639 -3.027658 
3.264294 3.005512 -4.077916 
2.055267 2.386167 -2.935006 
2.940251 1.186325 -3.195362 
3.963582 0.776763 -3.229957 
4.036181 -0.953230 -2.452034 
3.568582 -0.009708 -1.893551 
3.601841 0.972578 -2.774209 
4.685001 1.109617 -2.866065 
3.870768 1.854101 -3.026187 
4.763197 1.859824 -3.708096 
4.803829 1.563631 -4.136609 
4.833388 0.866887 -4.086437 
4.831974 1.909813 -3.067861 
3.927010 2.602626 -3.105878 
4.277010 2.540710 -4.236963 
4.019186 1.289395 -4.294612 
3.542037 1.024297 -5.072758 
3.690266 0.143358 -4.971260 
3.144403 0.061059 -5.066970 
2.906927 1.815321 -5.212581 
2.971281 2.420272 -5.924423 
2.979917 3.309995 -5.847598 
3.368427 2.963977 -5.293569 
3.373350 2.780926 -4.543374 
3.470954 1.293995 -4.268351 
2.822727 1.766372 -3.912918 
2.923444 0.871566 -3.639414 
2.455110 0.557220 -4.893149 
2.358161 0.780610 -5.514179 
2.907373 1.332745 -5.473782 
3.506047 2.816607 -5.618301 
2.960589 2.358204 -5.500033 
2.568820 2.586768 -5.605529 
1.951848 1.951209 -5.787192 
1.660635 1.240304 -5.668587 
2.569435 1.545420 -4.668607 
2.456752 2.249407 -3.925007 
2.489324 2.558091 -5.760848 
2.263871 3.411526 -5.574135 
1.761823 2.785626 -6.025479 
1.370619 2.636333 -5.612479 
1.740527 2.927785 -4.757249 
2.705315 3.379155 -3.994433 
2.476781 3.569562 -3.670631 
2.129957 3.480297 -4.830637 
3.047201 3.464489 -5.473528 
3.056327 4.207254 -5.407055 
2.324011 3.596421 -5.432172 
2.531239 3.476684 -4.011565 
2.200381 3.184911 -3.437018 
1.432968 2.191366 -2.086185 
0.959925 2.656371 -2.753647 
0.552911 2.641648 -3.304891 
1.205828 2.597796 -3.091022 
1.772087 2.529328 -4.426957 
2.027757 2.321285 -5.368538 
0.855805 1.873908 -4.172914 
1.311921 2.870911 -4.250215 
0.993652 2.887755 -4.429435 
0.921649 2.814463 -4.124302 
1.494855 2.924382 -3.354512 
1.494761 2.894094 -2.175658 
2.302322 3.322224 -1.723391 
2.484671 3.902030 -1.607210 
2.597351 3.600774 -2.214375 
3.009314 3.712013 -2.331869 
1.852174 2.929060 -1.900484 
0.678076 2.077688 -2.620527 
0.409790 1.800460 -2.220458 
0.957013 1.625037 -0.852608 
0.924478 1.521393 -1.249591 
0.776099 1.958314 -2.053678 
0.754250 2.482298 -2.194772 
0.996981 3.748956 -1.625448 
0.747232 4.680959 -1.646622 
1.194591 3.391706 -1.369527 
0.601574 2.216748 -1.625134 
-0.135487 1.800467 -1.437084 
-0.631638 1.431372 -1.928512 
-1.217239 1.391851 -2.314019 
-0.882924 0.700940 -2.256108 
-0.629654 0.220054 -2.049466 
-0.139299 0.470763 -2.957190 
-2.437391 -0.253489 -2.537415 
-0.701792 -0.623655 -2.283261 
-1.836959 -1.125892 -2.811318 
-1.986619 -2.022335 -2.106950 
-0.730973 -2.524349 -1.584487 
-0.053645 -1.674349 -1.365189 
-0.677293 -2.177699 -2.601262 
-0.118382 -1.488796 -2.100400 
0.913928 -0.870227 -2.602112 
0.806875 -1.263564 -1.824396 
-1.080336 -1.441096 -1.567339 
-1.683258 -1.166024 -1.328657 
-2.373909 -1.297257 -2.057673 
-1.541035 -2.014858 -1.755876 
0.225665 -1.369966 -1.263902 
0.603243 -1.834831 -1.115142 
-0.469005 -2.540085 -1.077324 
-0.592422 -2.669704 -0.061638 
0.255006 -1.655925 0.257519 
1.212619 -1.205375 0.014006 
2.076278 0.207298 -0.061560 
1.680143 1.937170 -0.997656 
0.144522 2.533287 -1.109920 
-1.079787 2.652042 -2.082282 
-0.584163 3.047051 -2.274068 
-0.155206 3.289065 -1.422932 
0.497514 3.418272 -0.789563 
-0.291354 3.981650 -0.884845 
-0.876655 3.840330 -0.225816 
-0.687974 3.923099 -1.235885 
-0.908901 4.428589 -2.005556 
-0.112776 3.565768 -2.525867 
0.133699 2.882772 -1.533105 
0.290505 2.760356 -0.473274 
0.567424 2.653913 0.180757 
0.203383 2.864437 1.051825 
-0.775611 2.416916 1.546619 
-1.121247 2.940564 1.785832 
-1.261581 2.881226 1.110454 
-1.369297 3.599477 0.363129 
-1.401918 2.931774 0.122429 
-0.750416 3.090360 0.916425 
0.018503 2.222050 1.814364 
1.031251 1.326754 1.579118 
1.845951 1.224771 0.203747 
1.059690 0.849975 -1.000528 
1.233594 1.362469 -0.449231 
1.013834 2.685026 0.187900 
0.437794 2.743472 0.576961 
1.115963 1.879710 1.805556 
1.709150 0.888798 2.684061 
1.679766 1.658801 2.463638 
1.592125 0.814899 2.187234 
1.807047 1.828504 2.044355 
0.613375 1.503229 1.380341 
0.060860 1.067182 1.402491 
-0.193719 0.979616 0.511457 
-0.420741 1.466890 0.504808 
0.652892 1.753667 0.231525 
-0.853997 1.269883 -0.373544 
-0.725979 0.420885 0.068840 
0.308768 -0.057027 1.281437 
0.083739 -0.280451 1.462196 
-0.191446 -0.010002 1.123439 
-0.294164 -0.202998 0.739357 
0.253103 0.843417 1.343516 
-0.217142 1.159446 1.522876 
-0.031616 1.442294 1.039006 
0.939710 2.154484 1.111822 
1.283729 1.883359 1.104367 
0.814340 1.811445 0.521602 
0.021144 1.667070 -0.452717 
-0.814913 1.035577 -0.513371 
-0.688661 0.026260 0.072055 
-0.555613 -0.493795 -0.009110 
-0.539693 0.018930 0.510976 
-0.378382 1.235636 -0.039198 
-0.572746 1.114354 -0.578966 
-0.810516 0.605024 -2.042653 
-1.000606 1.016708 -0.888365 
-0.696654 1.519129 -1.094186 
-1.140756 0.817448 -1.551840 
-0.890893 -0.159938 -1.522437 
-1.594040 -0.191048 -1.211604 
5.874081 -0.200957 2.026259 
5.031089 -0.630150 0.981417 
4.940109 -1.524408 0.661097 
4.028969 -2.502278 0.756248 
3.010943 -3.792052 0.564632 
2.194011 -3.473569 0.065550 
3.713248 -2.463785 0.734622 
3.184098 -1.654574 0.305946 
3.490457 -1.245954 -0.059241 
4.135829 -0.245636 -0.419516 
4.812676 0.263803 -0.779444 
4.864370 -0.095678 -0.330814 
4.274018 -1.320447 -0.187633 
3.618036 -2.725441 0.077588 
3.517501 -4.563260 -0.091446 
3.792326 -4.114433 0.419954 
3.092047 -4.492701 0.528572 
1.528282 -4.182491 -0.193011 
2.855742 -3.390172 0.274974 
3.534847 -2.851116 0.755832 
2.320305 -2.986237 0.009699 
2.417016 -3.731932 -0.874270 
2.481388 -3.519362 -1.686194 
2.306371 -2.719025 -0.997765 
2.853652 -3.222084 -0.820452 
2.735757 -2.785477 -0.741321 
3.973638 -2.745164 -1.784662 
3.231612 -4.419705 -1.185368 
2.938222 -5.757317 -1.155468 
3.667694 -5.153919 -1.636727 
3.379753 -3.980155 -1.441097 
4.129115 -2.844299 -1.256296 
3.715811 -3.206031 -1.195421 
3.860052 -3.255018 -0.364275 
3.497484 -3.941876 -0.645127 
4.094437 -4.311043 -1.228925 
4.286398 -3.486101 -0.867286 
3.824234 -2.669279 -0.354021 
2.946411 -2.652949 -0.710049 
3.920560 -3.824038 -1.601762 
3.822841 -5.396611 -1.613045 
3.572701 -4.904601 -0.897277 
4.121976 -4.924802 -1.611545 
3.966925 -4.046745 -2.591777 
4.056074 -3.384665 -3.464868 
4.380436 -2.404226 -3.425412 
4.295892 -3.814812 -2.896346 
3.828401 -4.710240 -3.171978 
3.152418 -5.421863 -2.854972 
3.436693 -4.939277 -2.639290 
3.954547 -3.841303 -3.677096 
3.902233 -3.877689 -3.014060 
2.501948 -4.316412 -3.459902 
1.546527 -4.618886 -3.059924 
1.183374 -5.016863 -2.140120 
1.497345 -4.477180 -2.416018 
1.752384 -4.896656 -2.036087 
1.008902 -4.482995 -2.833382 
1.477980 -4.779631 -3.571835 
2.423013 -5.232209 -2.794090 
2.599102 -4.556344 -1.948687 
1.727661 -4.297667 -0.668959 
1.862152 -4.882694 -1.397348 
1.933820 -5.284041 -2.792002 
1.794281 -3.968234 -2.712039 
1.583117 -3.283371 -1.076768 
0.988747 -1.896340 0.388692 
-0.320284 -2.447422 1.484987 
-0.470218 -2.879841 1.236570 
-0.997681 -3.862158 2.002298 
-1.319149 -4.041147 1.846216 
0.252746 -4.233751 0.652772 
1.172489 -4.438294 -0.072446 
1.609248 -4.509079 -1.099245 
1.094270 -4.003437 -2.359339 
2.011534 -3.285208 -2.228910 
2.773438 -3.046173 -2.398203 
1.821493 -2.870988 -2.139611 
1.155541 -2.944183 -2.703097 
1.364764 -3.606705 -1.575657 
1.593403 -2.832043 -1.400984 
2.036636 -2.403202 -0.648210 
-4.063428 -4.359533 -0.840305 
-3.174744 -3.265794 -0.299873 
-3.472488 -2.540157 -0.617512 
-4.569295 -2.840590 0.358327 
-4.647198 -3.365521 1.332513 
-4.359430 -3.837016 0.941977 
-3.861399 -4.647386 0.505687 
-4.059241 -4.645493 1.326858 
-4.157776 -3.840021 2.453926 
-3.749995 -4.100302 3.658121 
-2.385770 -4.167127 3.848290 
-2.372566 -4.817455 2.485173 
-3.530967 -3.988856 1.411800 
-4.355098 -2.868471 1.374099 
-4.625714 -2.932723 0.927104 
-4.376059 -3.076824 0.598329 
-3.334342 -2.429627 0.392234 
-3.734131 -2.881799 1.486027 
-3.280976 -3.627573 2.059277 
-3.821680 -3.224066 2.757576 
-4.157850 -2.946294 2.493453 
-2.947161 -2.989712 3.483180 
-2.308585 -2.667220 4.308278 
-2.588634 -3.448395 4.407438 
-3.253771 -3.125083 4.422016 
-3.685142 -3.885335 3.655829 
-3.891205 -4.231387 2.759533 
-3.376096 -4.017428 2.206618 
-3.498557 -5.081713 2.314305 
-3.301329 -4.825950 2.757984 
-2.700715 -4.087877 3.680092 
-2.665118 -2.282137 4.351824 
-3.141336 -3.008503 4.531069 
-2.959414 -3.080582 3.901263 
-2.879730 -3.612356 2.476691 
-2.957039 -4.473503 2.756769 
-2.589765 -5.383419 3.133072 
-1.719807 -5.413466 3.234706 
-1.364495 -4.286001 2.696253 
-1.880310 -4.042450 3.047655 
-2.238751 -3.614427 3.881901 
-2.564959 -4.379164 3.947278 
-1.387355 -5.450717 3.705999 
-1.684561 -4.909610 4.301169 
-1.817666 -4.318914 4.279819 
-1.699617 -3.755813 5.188234 
-1.539655 -4.149366 4.832401 
-0.796091 -4.085082 5.117151 
-0.393667 -3.490199 4.889313 
-0.791172 -4.743025 5.527723 
-1.199528 -4.857301 4.893758 
-1.343993 -4.283276 5.007615 
-1.441761 -4.498196 3.757333 
-1.607559 -4.018565 2.981290 
-1.261380 -4.662526 3.446567 
-0.561353 -4.734984 4.278744 
0.222640 -4.500044 4.154758 
0.759737 -4.349008 3.000982 
-0.040753 -3.639601 2.720236 
-1.240653 -2.754544 2.409641 
-1.978709 -2.990882 2.951738 
-1.136068 -3.211484 2.874254 
-0.203011 -3.876342 3.649137 
0.169088 -2.851412 3.991988 
-0.348379 -3.054125 3.718315 
-0.617396 -4.197655 3.984466 
-0.403366 -4.351352 3.976200 
-0.132576 -4.416300 3.279621 
-0.160697 -5.404234 3.578655 
0.162263 -4.884404 3.543935 
0.049857 -3.279181 3.113546 
0.033457 -3.465150 2.143998 
0.379737 -4.978808 2.600458 
0.725150 -5.643154 2.839184 
0.150802 -5.152968 2.497626 
-0.335965 -5.503005 2.355999 
-0.397942 -6.037649 2.457624 
-0.312300 -5.631738 2.643501 
-1.979348 -5.453177 2.797173 
-2.328599 -6.822054 3.226960 
-5.591598 -4.804239 -2.163067 
-5.215100 -3.513299 -1.983289 
-4.804907 -2.660585 -1.561646 
-5.636938 -2.255447 -1.055968 
-5.051892 -1.736967 -0.748080 
-5.305721 -2.166823 -0.433537 
-5.602899 -1.631150 -0.051442 
-6.306637 -0.805081 -0.810158 
-6.378827 -0.642359 -1.577552 
-6.440016 -0.672352 -1.170551 
-6.026658 -1.802110 -1.366497 
-5.080761 -2.435117 -1.125509 
-4.663042 -2.527738 -1.057432 
-6.004259 -1.889158 -0.675880 
-5.840317 -1.353950 -0.192476 
-5.433599 -0.288239 -0.085390 
-5.259570 0.221203 -0.949774 
-5.088049 -0.064302 -0.403375 
-4.665687 -1.570345 0.465136 
-5.690476 -0.666493 0.703329 
-5.189251 0.316076 0.765461 
-5.676476 0.853019 1.004116 
-5.760513 0.741672 1.295548 
-6.144468 -0.133256 1.231910 
-5.480321 -0.165959 0.490333 
-4.871184 -1.420033 0.768006 
-5.018677 -1.593834 1.471058 
-4.551176 -0.404276 1.105683 
-4.499799 0.537916 0.719717 
-4.886355 0.852569 1.630033 
-5.544669 1.068630 2.085241 
-6.092426 0.626414 2.512153 
-6.546538 0.194287 2.190584 
-5.808907 -0.547530 2.472817 
-5.994134 -0.624267 1.608918 
-5.361319 -1.458120 1.367902 
-5.402919 -0.489297 2.374389 
-3.908908 0.031141 2.372143 
-3.844051 0.331899 3.922571 
-4.726342 0.049934 3.489784 
-5.085661 -0.703732 2.738677 
-5.117450 -1.461187 1.982853 
-4.894260 -1.283205 2.523950 
-4.341670 -0.475220 1.600702 
-4.259717 0.606377 1.715611 
-3.735062 0.581605 2.945634 
-3.634537 0.812302 3.677901 
-3.628689 -0.325154 3.420323 
-2.947945 -0.246988 3.919372 
-3.544796 0.580462 4.502178 
-3.790404 0.346582 4.177592 
-4.916352 -0.320314 3.613608 
-5.066338 -0.726669 3.167189 
-4.093100 -0.828480 3.999367 
-4.900112 -1.032659 3.757631 
-4.922542 -2.088674 3.729603 
-5.196053 -2.282263 3.129359 
-4.933522 -2.549384 2.530930 
-4.229367 -1.543566 2.213199 
-3.335493 -0.980116 2.959584 
-2.423865 -0.811140 4.312739 
-3.309584 -0.757233 4.098217 
-4.296078 0.130514 2.865084 
-4.615700 -1.618647 3.537169 
-4.855129 -2.518201 3.608482 
-4.992147 -1.590393 3.488898 
-4.064117 -2.140993 4.065707 
-3.769384 -2.342820 4.506451 
-3.590471 -1.611795 4.282228 
-3.148483 -2.281676 4.323158 
-1.958131 -2.083083 4.118078 
-2.483895 -2.945240 4.270669 
-3.884557 -3.301566 3.934365 
-4.149241 -2.589207 4.054222 
-4.061195 -3.140608 3.370466 
-4.097902 -3.238656 3.486956 
-3.422991 -3.461461 3.910392 
-2.495536 -4.224704 3.068709 
-1.273298 -3.939758 -3.282276 
-0.705433 -3.458311 -1.746042 
-2.305279 -3.519463 -1.148080 
-2.788319 -3.841179 -1.832071 
-2.889351 -3.833022 -2.833385 
-2.399421 -4.270403 -2.499696 
-1.307499 -4.310118 -2.243161 
-1.707154 -4.508016 -1.335226 
-0.201870 -4.373998 -0.782097 
-0.653416 -4.540241 -1.698693 
-0.141875 -5.232910 -1.698232 
-0.788802 -5.762619 -2.102140 
-0.068833 -5.058890 -0.613170 
-1.169890 -5.401710 -0.245084 
-0.891278 -4.683033 0.337076 
-1.090614 -3.577578 -0.182645 
-1.849732 -4.096788 -0.838688 
-1.819877 -4.582379 0.062812 
-2.250733 -5.143539 0.555520 
-1.758429 -5.262843 -0.282913 
-1.786868 -5.547416 -1.044368 
-1.877205 -4.957117 -0.877752 
-2.978849 -4.280643 -0.075429 
-2.540946 -3.765124 0.681238 
-2.152194 -4.565011 1.853999 
-2.056230 -5.425586 1.276615 
-2.090418 -6.212825 0.438102 
-1.719647 -5.817906 -0.258931 
-2.482895 -5.836964 -0.220490 
-3.053144 -5.418267 0.782813 
-2.970277 -5.460183 1.216694 
-2.796336 -6.105562 0.399314 
-2.071275 -6.225418 0.698374 
-1.112819 -6.593031 0.552404 
-0.786120 -6.422114 0.165892 
-0.504601 -7.063915 0.046315 
0.185209 -7.511040 0.237410 
-0.578725 -7.071337 0.832228 
-1.439491 -6.124549 1.505404 
-1.660550 -5.638943 1.945186 
-1.286034 -5.895549 2.193645 
-1.655630 -5.029544 1.680376 
-0.841203 -5.581718 2.119755 
0.409336 -5.935388 2.858068 
0.960884 -6.923734 2.145076 
0.022229 -7.264670 2.238543 
-0.119368 -6.923489 1.745906 
-0.726541 -7.197106 0.991077 
-0.141862 -7.089708 0.635448 
1.527625 -6.636956 1.686595 
0.681461 -6.206935 1.012511 
0.222333 -5.098863 0.236446 
0.277249 -5.812606 -0.099494 
0.930610 -6.299438 0.295897 
1.797842 -6.538265 1.425575 
2.247826 -5.766472 0.307606 
2.281643 -5.359890 0.623653 
1.909026 -5.575804 1.864564 
1.477792 -5.701333 3.164465 
0.458053 -6.182722 2.889323 
0.698019 -6.524517 2.548941 
0.561273 -7.153103 2.099534 
1.339901 -6.847895 1.281571 
0.350466 -6.983185 1.005893 
-0.543323 -6.603967 1.751255 
-0.444265 -5.894772 1.512504 
0.850038 -4.988163 1.777566 
1.614465 -5.895253 2.638910 
1.779770 -6.065888 2.019852 
1.420078 -5.850917 1.209349 
1.264807 -5.741275 0.410573 
1.687671 -5.962202 0.711863 
1.861422 -5.783333 0.354800 
1.677732 -5.767333 1.293963 
1.434140 -6.541597 0.192997 
1.013696 -5.863343 0.092371 
5.614173 -1.710498 -0.927497 
4.076392 -1.630798 -1.405033 
5.080306 -1.317033 -2.264392 
5.187601 -2.377372 -2.764509 
5.393152 -1.727576 -2.461116 
4.964193 -0.850148 -3.335902 
4.634621 -1.327174 -3.412058 
4.746048 -0.360949 -2.151688 
4.871913 0.406092 -2.121750 
4.618872 0.492354 -1.944407 
4.185242 -0.367486 -2.537217 
3.973022 -0.724860 -3.710612 
2.623020 -0.093886 -3.500939 
3.053570 0.249430 -4.360078 
3.184305 -0.922454 -5.071189 
2.534166 -1.864104 -5.436498 
4.111781 -1.608270 -4.716451 
3.857727 -0.661205 -4.266819 
3.587446 -1.647479 -4.288069 
4.417815 -2.797734 -4.458620 
4.173839 -2.967607 -4.017100 
3.874893 -1.519409 -4.274206 
2.333971 -2.466630 -4.327303 
2.537384 -2.886376 -4.710621 
2.213914 -3.015679 -4.195591 
2.713861 -1.988431 -4.954574 
1.887323 -2.730706 -4.382047 
1.716018 -3.774388 -3.006278 
2.081447 -3.794605 -3.698914 
3.347247 -2.882591 -4.082210 
3.330303 -2.447970 -4.769203 
2.802319 -2.211517 -5.032094 
2.587723 -1.112323 -5.461399 
2.109876 -0.953068 -5.554374 
2.398816 -1.371770 -5.708032 
1.610999 -1.253033 -5.271152 
1.312267 0.022807 -4.117471 
1.856936 0.306879 -4.490250 
1.499082 -0.893070 -5.330152 
1.511416 0.038908 -4.998446 
2.370252 -0.612934 -5.084051 
2.164749 -0.718980 -5.011981 
0.525055 -1.120408 -4.660804 
0.393405 -1.987679 -3.329452 
0.546626 -2.117399 -2.531675 
0.810772 -2.924495 -2.994475 
0.361450 -2.430484 -3.948433 
-0.159966 -2.018175 -3.997506 
0.066143 -1.015139 -4.120042 
0.708592 -1.106476 -4.326154 
0.837572 -1.313709 -5.381783 
0.468786 -1.568083 -4.582476 
0.526231 -2.328687 -3.491223 
0.226202 -2.664456 -3.741721 
0.810960 -2.429811 -3.605926 
1.068903 -1.410939 -3.099883 
1.910242 -0.818411 -2.938423 
2.106452 -1.289706 -2.337248 
2.122007 -1.843102 -3.351641 
2.246462 -1.188585 -3.885062 
2.820911 -1.130454 -4.197740 
2.364391 -1.073840 -3.651154 
1.456003 -1.054858 -2.828715 
0.379239 -0.544356 -2.010834 
1.091205 -1.348213 -2.069036 
1.932596 -1.681611 -3.742662 
1.189353 -2.429546 -3.909466 
0.818647 -2.426202 -4.974540 
0.513238 -6.933569 -3.085758 
0.662777 -6.440752 -1.764090 
0.904177 -6.383246 -0.911497 
1.827005 -7.116314 -1.032064 
1.401463 -6.923779 -1.119602 
0.182973 -7.146582 -0.874351 
-0.323613 -6.790049 -1.141426 
0.672066 -7.298860 -0.602031 
1.855320 -7.270249 -0.720455 
2.476679 -6.177425 -1.380890 
2.285310 -5.633993 -1.439712 
1.707335 -5.636329 -0.819941 
2.744955 -6.122728 -1.164576 
2.725246 -6.178308 -0.799146 
1.766528 -6.028912 -1.558930 
1.656187 -5.872593 -2.115126 
1.814450 -5.881099 -1.459971 
2.269024 -6.178124 0.018343 
2.212207 -6.187277 -0.294294 
2.073138 -6.777873 -0.383880 
0.590657 -7.479977 -0.230939 
0.916140 -6.339600 0.613363 
1.221757 -5.649391 0.128989 
1.907786 -5.007512 -1.249712 
1.704290 -5.334340 -0.854766 
1.075780 -4.854078 -0.976549 
0.248870 -3.960195 -1.893169 
0.841449 -4.491544 -1.544807 
1.177584 -4.827825 -0.541668 
1.173014 -4.004872 0.509632 
1.432194 -3.494095 1.430605 
1.398653 -3.310981 1.554317 
1.400108 -2.400997 0.419747 
0.826859 -1.728366 -0.643495 
1.074367 -1.926804 -1.721480 
0.552586 -3.195505 -1.066338 
0.331007 -3.767202 -1.193021 
0.455068 -3.368061 -1.217338 
-0.229412 -3.181828 -1.849866 
0.266611 -3.852163 -2.404225 
0.011610 -4.030243 -0.530978 
-0.154998 -3.846328 0.216144 
-0.204873 -4.543556 0.339461 
-0.086830 -4.115342 0.259967 
-0.150805 -4.001400 -0.055536 
0.304335 -3.268869 -0.520728 
-0.288307 -3.246616 -0.685863 
-0.856954 -2.836549 -0.053155 
-0.978846 -2.203497 0.007749 
-0.539039 -2.067775 0.686380 
-0.165750 -1.255883 -0.652933 
-0.404821 -1.974367 -1.124536 
0.117373 -2.634198 -1.447421 
-0.039701 -1.929259 -1.557935 
-0.436694 -0.958442 -0.488185 
0.096845 -2.159133 0.471519 
0.945791 -2.890958 -0.205699 
0.506564 -2.472563 -1.621028 
-0.042893 -2.376531 -1.440053 
0.826329 -2.085208 0.096381 
-0.165903 -1.776215 0.635045 
-0.494874 -0.757917 -0.257361 
-0.092684 -0.801263 -1.209910 
-0.553636 -1.418863 -2.629567 
-0.440216 -1.835618 -3.205014 
4.734889 4.970068 -5.378669 
3.424336 4.401848 -4.743281 
1.960955 3.937319 -3.801157 
1.323326 4.215213 -4.466888 
1.399617 5.174835 -5.165686 
0.551063 4.658670 -5.375160 
1.477184 4.583974 -5.644740 
2.343968 4.426553 -5.067392 
3.056013 3.893419 -4.777805 
1.780150 4.691798 -4.892620 
1.090736 4.820326 -4.199775 
1.628780 4.470579 -3.628381 
1.635536 3.952885 -4.516570 
2.456535 3.772368 -4.795091 
2.893054 4.514638 -5.102908 
2.098555 5.517362 -5.297589 
2.080841 5.647053 -5.529417 
2.891450 5.335601 -5.212423 
2.820291 6.104572 -4.909708 
2.668726 6.039167 -3.692210 
2.209012 5.161224 -3.264916 
1.879327 3.995691 -2.555610 
1.829486 4.515411 -3.524080 
2.708069 5.092405 -3.412259 
3.044643 4.184134 -4.130582 
3.084116 4.560995 -4.206019 
2.707005 5.617920 -3.063519 
3.075483 4.976472 -3.273373 
2.752460 5.807660 -3.617434 
1.637382 5.430309 -4.043800 
1.538358 4.666764 -4.312389 
2.302533 3.379813 -4.269178 
2.169071 3.668260 -3.060676 
2.864257 4.974325 -2.541978 
3.014733 4.448495 -2.579443 
1.904317 3.922276 -1.811423 
1.850121 4.975195 -1.855534 
2.520633 5.451909 -2.185669 
3.159930 4.925534 -2.953757 
2.810782 5.023299 -3.696390 
2.481684 4.581136 -1.893146 
2.607340 4.114814 -0.543102 
1.230644 3.799069 0.223808 
1.327921 4.099115 -1.213941 
2.103349 4.227085 -0.402326 
2.824563 4.269134 -0.902715 
2.256776 4.962627 -1.120717 
2.684372 4.693194 -1.289409 
2.856750 4.761333 -0.614779 
1.749815 5.054411 -0.651196 
2.414261 5.337138 -0.012961 
3.089532 4.906343 0.158198 
3.098756 4.288280 1.025081 
2.318534 4.054602 0.602107 
2.672050 3.631082 -0.572875 
1.959825 2.913126 -0.907869 
2.630531 3.007139 -0.192567 
3.090428 3.480111 0.137471 
2.982873 3.041696 0.781977 
2.428426 2.519510 0.165806 
3.056912 2.731129 0.734376 
2.466072 2.701251 1.238983 
1.902229 2.181553 1.514689 
2.276370 2.842793 1.803847 
2.092732 2.332037 1.165564 
2.403852 2.528064 1.073413 
1.753231 2.066706 0.352971 
1.483857 2.202882 -0.603713 
3.597179 2.242522 -0.367208 
4.155253 1.382700 0.162872 
2.455160 1.146525 -0.878136 
3.217938 -0.085932 -1.399455 
1.812339 -0.632932 -0.663788 
1.518346 -0.008668 -0.949267 
2.063474 1.184416 -1.383947 
0.787979 1.239707 -1.816276 
1.565285 0.901967 -1.093906 
1.264170 -0.446956 -1.699091 
2.052348 -0.940440 -1.748384 
2.666712 -0.675221 -2.174477 
2.931299 -0.236425 -2.583287 
2.937134 -1.288389 -3.020985 
2.695109 -2.070893 -3.168528 
3.087379 -2.058256 -3.271105 
2.892076 -2.290769 -2.367318 
3.299599 -1.713021 -1.630509 
2.689010 -1.512563 -1.512761 
3.240068 -0.912908 -1.258664 
3.127809 -0.845170 -1.880028 
3.329399 -0.117223 -2.240634 
2.909151 -1.217476 -3.538407 
3.308292 -1.476718 -2.782185 
2.998619 -0.591919 -2.887503 
2.637979 0.245279 -2.920853 
2.475091 -0.511855 -1.808363 
1.939941 -1.754330 -1.232624 
3.056463 -1.722696 -1.177437 
2.864559 -0.812578 -0.627178 
3.460543 -0.449775 -0.638244 
2.808715 -0.273665 -0.438532 
2.393701 -1.095475 0.030659 
1.975257 0.090306 0.441271 
1.570447 -0.348740 0.662882 
0.524247 -1.298337 1.065754 
0.986320 -1.772275 0.775784 
2.021414 -1.840640 0.156345 
2.179456 -0.803034 -0.923697 
2.029757 0.456993 -1.320448 
1.271439 -0.055368 -0.117723 
1.092151 -1.252945 1.433866 
1.478597 -0.901262 1.474986 
0.439107 -1.153384 1.428055 
1.850026 -1.092635 0.149038 
2.245143 -1.082953 -0.929507 
2.099725 -0.516769 0.410792 
2.958426 -1.350354 1.589538 
3.171857 -1.255039 2.453771 
2.997257 -1.349928 3.447018 
1.656942 -1.694976 3.118011 
1.663964 -0.686108 1.646773 
2.049257 -2.431513 1.576290 
1.739176 -1.498354 1.750801 
1.513042 0.306957 1.677009 
0.997135 0.601648 1.344857 
0.925868 -0.445078 1.076994 
0.858224 -1.292848 1.979343 
0.432139 -2.074624 1.520104 
-0.077693 -1.653076 0.994014 
0.251474 -0.805523 0.290165 
0.834254 0.360596 0.014493 
1.061463 -0.249869 -1.115952 
1.086901 -0.527032 -0.371494 
1.757565 -1.634857 0.512110 
-2.123314 4.798141 2.191027 
-2.871253 3.795762 2.451339 
-2.561493 3.069390 2.094720 
-2.914406 2.699668 1.885211 
-3.394233 2.894472 2.211518 
-3.506734 3.573262 2.890236 
-4.114000 3.038858 3.411598 
-4.031177 3.271997 3.495326 
-3.042783 3.651969 3.164810 
-1.940052 3.193904 2.898069 
-1.169899 2.856048 2.678450 
-0.745402 2.213929 3.077687 
-1.025130 3.465527 3.132463 
-0.999970 4.120043 4.205078 
-1.189049 3.971042 3.999114 
-1.058654 3.652265 4.204639 
-1.246302 4.464387 3.909336 
-1.313162 5.185031 4.016914 
-1.412470 5.384311 3.716447 
-1.105150 5.412758 3.395388 
-2.168755 4.909585 3.365055 
-2.683778 3.721820 3.560698 
-1.825306 4.145184 3.829632 
-0.446581 4.132594 4.038201 
1.042898 3.831945 4.040507 
0.741785 4.875967 3.645235 
0.977791 4.307551 3.490357 
0.846559 4.422748 4.198477 
0.459354 4.274891 3.514913 
0.028752 5.469870 2.793657 
-0.929652 4.919575 2.804007 
-0.878839 4.286789 4.014393 
-0.438583 4.978928 4.220988 
-0.655884 4.053386 4.427139 
-0.562143 3.156674 5.073713 
-0.049565 3.645787 4.682380 
0.236777 3.640374 4.217398 
0.051520 3.467053 3.179059 
-0.518570 3.991547 4.207842 
-0.985739 3.383675 3.925459 
-1.771897 2.758212 4.360585 
-1.308199 2.662148 3.791130 
0.057729 2.246128 4.161680 
0.365271 1.497560 4.984189 
-0.715134 2.150729 4.350296 
-0.638859 2.193158 5.049333 
-0.216166 1.354622 5.726942 
-0.186711 1.528890 5.945754 
-1.095018 1.674216 5.561283 
-0.704530 2.691888 5.345260 
0.566860 2.991646 5.169266 
1.661637 2.502245 4.317909 
2.078637 1.305039 4.127177 
1.570842 0.529856 4.879115 
0.854124 -0.056055 4.619736 
-0.293824 0.432987 3.784225 
-0.708266 1.114471 3.730415 
-0.413144 1.511005 4.060813 
-0.148805 1.291215 5.301386 
0.776903 1.589895 5.841667 
1.520166 0.815959 5.486661 
2.014619 1.302641 5.290034 
2.205163 1.884429 5.903053 
-1.678201 0.992213 1.269058 
-0.792536 -0.450415 1.794124 
-0.035437 -0.801173 2.301667 
0.915131 0.048458 2.192601 
1.833087 0.023958 1.028600 
2.479913 0.181477 1.374674 
1.024382 0.008808 1.874450 
1.122775 0.577677 2.362639 
2.248293 0.969428 1.247233 
2.622287 0.865246 0.739248 
2.615963 0.703184 1.809570 
2.272842 1.067246 2.356318 
1.777265 0.609548 3.523999 
2.640110 1.269269 4.476947 
2.362696 1.850563 3.519267 
2.135908 2.391415 4.320965 
1.042190 2.412169 4.155171 
1.742225 3.128646 3.733908 
1.419246 2.915911 4.742452 
1.254112 3.127651 4.811660 
1.229826 2.960600 3.934445 
1.266705 2.213153 3.396294 
0.835333 1.274987 3.842978 
0.878075 0.717130 3.975393 
1.435749 -0.102965 2.981793 
1.774051 1.335406 3.291594 
1.935097 2.551505 3.723454 
1.399317 3.224250 3.070642 
2.052298 2.995043 2.825163 
2.156852 2.029673 3.247293 
1.290140 1.399150 3.314188 
0.161261 0.462611 2.980472 
-0.350263 2.181702 2.535495 
-0.298808 3.709565 2.068127 
0.273609 3.022883 2.012174 
1.051626 3.422046 2.305590 
1.995073 4.231607 2.275229 
1.909674 4.150153 1.573314 
2.475663 3.511589 1.249927 
1.697916 4.513684 1.566305 
1.832852 5.326246 1.975195 
2.493696 5.383908 1.895562 
2.247015 4.475949 3.006412 
2.356697 4.346293 2.858528 
2.455561 3.747183 3.208475 
2.501588 3.361254 3.227873 
2.303131 3.092984 2.106258 
2.104530 4.239524 1.894755 
0.921534 5.414906 1.883546 
0.258023 4.691985 1.596460 
1.200055 3.885743 1.220642 
1.450214 3.152439 0.268373 
0.701630 3.928029 1.499708 
0.916972 4.559018 1.668940 
1.605479 4.658077 2.366576 
2.315329 4.809034 1.287955 
2.178563 5.228967 0.583555 
1.301124 4.726387 1.235353 
0.254109 3.926896 1.972859 
0.652653 4.743170 1.796805 
1.033727 5.478278 2.358795 
1.935136 5.486292 1.583058 
1.947176 5.069431 2.977288 
-0.558640 2.930952 -6.693308 
0.115481 2.620494 -5.265225 
0.050133 3.089159 -5.246851 
0.232356 2.495448 -5.429446 
1.457478 1.644850 -4.263585 
2.379148 0.916461 -3.669228 
3.235901 0.678790 -2.567073 
3.372350 0.991424 -0.967979 
3.079936 1.544193 -1.620441 
2.541520 2.085128 -2.718739 
1.300394 3.021452 -3.784495 
1.410326 3.221653 -2.704938 
0.519484 3.308203 -1.815018 
1.157142 3.143990 -1.021694 
2.013711 2.404800 -2.093026 
2.495902 2.437599 -2.639104 
2.141763 1.775335 -3.564354 
1.297043 0.518015 -2.711957 
1.631179 0.552524 -2.624658 
2.966023 1.191528 -1.943655 
2.741525 1.654033 -2.838094 
3.452201 1.635106 -2.105208 
3.270378 1.073980 -0.454888 
2.755262 1.221929 -1.110993 
3.356232 0.753126 -1.954677 
2.793159 0.693184 -2.799704 
2.294361 1.375590 -2.219117 
1.300363 1.227623 -2.736516 
1.237685 1.311715 -3.511333 
0.924498 1.134637 -4.371658 
0.323555 0.476644 -3.788172 
0.086099 -0.126553 -3.424586 
0.618479 -0.062543 -1.940104 
0.999556 0.190007 -1.969031 
1.731403 -0.011776 -1.511773 
1.874637 -0.352458 -1.942949 
1.831680 0.268144 -3.182449 
2.241889 0.233017 -2.258885 
1.589831 0.515481 -1.675640 
1.494153 0.525689 -1.075858 
0.668595 -0.354342 -1.870893 
-0.468194 -1.084229 -2.465075 
-1.109976 -0.493495 -2.935488 
-1.186347 0.306364 -3.470119 
-0.948761 1.054728 -3.856844 
-0.979839 0.585561 -3.905277 
-0.752391 0.185217 -4.292448 
-0.310375 0.027822 -4.667389 
-0.521813 1.081635 -4.480107 
-0.703942 0.811788 -4.014999 
-0.103964 1.633573 -3.143118 
0.042468 1.303024 -3.760978 
0.306595 0.681551 -4.699894 
0.338040 -0.092239 -4.531629 
-0.602269 -0.778786 -4.156132 
-1.033848 -1.198433 -3.876958 
-0.642554 -0.827383 -4.368947 
-0.377785 0.880353 -4.911314 
-0.188569 1.155940 -5.440524 
0.627176 0.623623 -5.025842 
-0.077128 0.340419 -3.854787 
-0.577445 0.237805 -3.321487 
-0.221184 0.864250 -4.053504 
0.213492 1.831641 -4.450961 
0.502065 1.923781 -5.339806 
-0.067542 1.577025 -6.813510 
-6.437503 1.191314 -2.647124 
-5.830230 0.883879 -1.277916 
-5.557457 1.321736 -0.847505 
-5.123531 1.432789 -0.299493 
-4.810579 2.137268 -0.049242 
-3.932413 3.035346 -1.071271 
-4.724621 3.194154 -0.844336 
-4.901352 3.029539 -1.033100 
-4.839245 3.828245 -0.503156 
-5.360987 2.154600 -0.694338 
-5.978929 0.674234 -0.967649 
-5.883887 0.680502 -0.371278 
-5.477642 1.444181 0.111349 
-4.769802 1.725291 0.050171 
-3.663248 2.117226 -0.240310 
-3.207443 2.170158 0.504643 
-3.645751 2.724783 0.801082 
-4.117799 2.086567 0.568152 
-4.289934 2.796353 -0.540541 
-4.194232 3.522629 -0.015419 
-4.815081 2.722372 1.178600 
-5.065873 3.029122 0.981371 
-5.224176 3.154105 0.847666 
-4.938347 3.208526 1.601553 
-4.822780 3.865934 1.532879 
-4.958493 3.152040 1.993278 
-4.706847 1.890521 2.092696 
-4.908934 1.490389 2.632200 
-4.674299 1.548707 2.745449 
-5.273516 2.098163 1.655933 
-4.864316 1.340040 1.867042 
-3.837115 1.794714 1.891193 
-3.034657 1.638997 2.221271 
-3.064901 2.246554 3.498402 
-3.428749 2.501727 3.913736 
-4.027548 1.580692 3.719773 
-4.547424 1.929019 3.186041 
-4.347723 3.021208 2.769707 
-4.255198 3.171303 1.730585 
-3.873346 2.342582 2.226788 
-4.151954 1.984564 2.959932 
-2.944809 1.993201 2.819946 
-2.323603 2.413783 2.914283 
-3.408936 3.285554 2.051082 
-3.627323 2.674795 3.199337 
-3.372748 2.041901 4.514404 
-3.427160 1.916799 4.622490 
-3.086023 1.720283 4.629539 
-2.880353 1.630655 4.686672 
-2.446680 1.684866 5.192643 
-1.256874 1.226368 5.046191 
-1.307807 0.614478 4.344007 
-1.972039 1.056040 4.590108 
-2.579723 1.626289 4.160102 
-2.355641 3.238980 4.619060 
-4.955570 -0.928236 -3.042717 
-4.592774 -1.106616 -1.692817 
-4.569869 -1.200042 -0.397918 
-4.232698 -1.125348 -0.318509 
-3.631787 -1.815048 0.928002 
-2.983425 -2.049459 1.170238 
-3.529287 -0.928708 1.690070 
-3.428866 -1.373791 3.199637 
-2.334467 -1.304465 3.908370 
-0.874337 -1.752878 3.542436 
-1.847774 -1.170676 2.725202 
-2.410663 0.505195 2.847688 
-1.202050 1.080816 2.673623 
-1.554199 1.447866 2.844978 
-2.295835 1.089705 2.506160 
-1.836076 0.083943 3.070865 
-1.700912 -1.214072 3.486955 
-1.663965 -0.366264 4.425216 
-1.667446 0.701893 4.593561 
-2.592942 0.374762 4.486667 
-2.360807 -0.391452 4.547262 
-2.217560 -0.652486 5.036627 
-1.528938 -0.855594 5.329026 
-2.089005 -1.438350 5.088890 
-1.347339 -1.706663 5.192544 
0.265686 -2.182688 5.219272 
0.091967 -2.043890 5.509657 
-1.487851 -1.344717 5.575369 
-1.061123 -0.851297 5.711337 
-0.552301 -0.221922 6.070604 
-0.763003 -1.191176 5.214193 
-0.208045 -0.572028 5.919882 
-0.302542 -1.427720 5.547203 
-0.916851 -1.624121 5.655409 
-1.025869 -1.409585 5.527854 
-1.794630 -0.150395 5.371087 
-1.353580 0.117252 5.999806 
-1.126364 1.161993 5.960022 
-1.229948 0.739323 5.658152 
0.044658 0.134022 5.548365 
0.527890 -0.455795 5.470819 
1.400845 -1.944522 5.473474 
2.281975 -1.429600 4.882005 
1.182096 -1.266989 5.118033 
1.407980 -0.544581 5.221738 
1.514348 -0.770965 4.896988 
2.153749 -0.329645 4.799267 
1.125173 -0.689261 3.700439 
0.271541 -0.832782 4.740794 
-0.282155 -0.420830 4.789626 
-0.421654 0.054064 3.687524 
-1.190111 0.008347 3.289662 
-4.233928 -3.544981 -2.976966 
-3.419609 -2.941378 -2.192010 
-2.927098 -2.805490 -1.549843 
-1.496698 -2.556409 -0.533069 
0.401517 -2.812899 -0.414716 
1.012053 -3.762553 -1.210429 
1.165871 -3.023908 -1.417568 
0.637796 -3.107999 -0.554779 
0.956585 -2.913601 -0.892487 
0.155438 -1.719331 -0.576414 
-0.415002 -1.138449 -1.085836 
-0.374570 -2.041240 -0.480797 
0.336018 -2.858830 0.665952 
-0.212893 -3.717304 1.835314 
-1.620073 -3.983775 1.715305 
-1.939843 -3.256918 1.183838 
-1.082890 -3.576154 0.890936 
0.465988 -4.600163 0.487242 
1.580866 -4.193416 0.694622 
1.971775 -4.627698 0.825042 
1.470384 -4.690245 0.300750 
0.906385 -4.048563 0.633720 
1.857364 -3.517221 1.373202 
2.279200 -3.279237 1.317545 
2.324036 -2.238127 1.680451 
2.401919 -2.457473 2.493560 
2.839628 -1.920961 2.422843 
1.994793 -0.334206 2.299479 
1.596503 -0.771019 2.477998 
1.794705 -0.593184 2.362700 
2.602364 -0.623791 2.969145 
2.804652 -0.700118 3.558841 
2.073687 -0.692081 2.870622 
2.092072 -1.689459 2.315220 
2.974011 -2.150599 3.634435 
3.430029 -1.625132 3.476335 
2.675290 -1.010156 3.392774 
3.342272 -1.765798 2.968783 
3.504557 -1.582489 2.265230 
2.680928 -1.370895 2.110929 
2.171420 -1.579927 1.509736 
1.734398 -1.875368 0.959905 
2.029711 -1.462689 1.635691 
2.855694 -0.739449 2.226791 
3.249431 -0.516042 3.116190 
2.932501 -0.384549 2.553268 
2.816235 0.395835 2.994944 
2.800817 0.028667 4.186943 
3.047124 -0.364406 4.080238 
3.349126 0.503285 3.499222 
-3.100343 1.034346 -4.206361 
-1.883756 2.212908 -3.331109 
-1.520493 2.640276 -3.562034 
-2.202667 2.697506 -3.791429 
-1.408208 2.949176 -3.756622 
0.090130 3.059461 -2.980049 
-1.350075 3.843248 -2.115345 
-2.173748 4.448697 -0.910575 
-2.288400 3.710155 -1.034478 
-1.707857 3.138830 -1.380273 
-2.304699 3.819102 -1.905341 
-2.472772 3.425011 -1.431738 
-1.100221 3.587386 -2.445566 
-1.160673 4.415237 -1.419807 
-1.294890 3.594719 -1.087862 
-1.286966 4.275028 -0.371046 
-0.460951 4.192069 -0.871272 
-0.016137 4.219253 -2.175637 
0.707288 4.252537 -2.391251 
0.929194 4.695417 -0.496363 
0.168101 4.662139 -0.066261 
-0.228286 5.306772 -0.327315 
-0.268178 4.795747 -0.729650 
-0.011276 6.202928 -0.999353 
0.699870 6.674562 -1.514763 
1.379146 6.644824 -1.160624 
0.806362 6.565411 0.030203 
0.940831 5.969180 0.176521 
1.143634 6.602133 -0.288101 
0.462881 6.113261 -0.709962 
-0.068339 5.549498 0.002995 
-0.486176 5.175431 0.372927 
-0.948058 5.316991 -0.010798 
-0.881201 4.513760 0.058048 
-0.305062 4.683781 0.635422 
-0.469727 5.356035 1.213472 
0.998456 5.701007 0.283327 
1.878435 5.874327 -0.766987 
1.669681 6.462438 -0.863261 
0.936038 5.499921 -0.975357 
-0.160574 6.176443 -1.220254 
-0.450435 6.679311 -0.408992 
0.077461 5.749895 0.156944 
0.925229 5.810799 -0.000075 
0.768964 6.410619 0.052258 
1.534269 6.222050 -1.587821 
1.456207 6.879793 -1.050131 
2.344367 7.170106 -1.153684 
-1.858194 2.872752 -5.462184 
-1.071675 3.380031 -3.954994 
-1.140147 4.506068 -3.067568 
-0.609904 4.266119 -3.777901 
-0.051869 4.547408 -4.756325 
0.065350 3.388027 -3.609898 
-0.623836 4.546801 -4.293950 
-1.125052 4.270530 -4.457190 
-1.693161 4.422630 -4.732298 
-1.825444 4.879671 -4.081370 
-1.510493 5.635480 -4.128143 
-0.156439 5.687100 -4.187001 
1.070015 5.210346 -4.126214 
0.955679 5.855814 -4.175278 
0.222265 5.400676 -4.178876 
0.101540 5.375996 -3.433517 
-0.321375 6.007592 -3.883924 
-0.712453 5.567359 -4.096961 
-1.025213 5.905070 -3.083817 
-0.349536 5.559570 -2.378690 
0.392730 5.570915 -3.114465 
1.036240 5.185425 -3.012042 
0.711362 5.385236 -2.760599 
0.887764 4.189193 -2.595048 
1.741866 3.772785 -3.233136 
1.318957 5.420228 -3.172652 
1.236601 6.576377 -2.835487 
0.648306 6.395445 -2.799776 
0.016187 6.431819 -2.278375 
1.323137 6.341425 -1.869331 
2.274328 6.141644 -1.914378 
1.919540 6.038691 -2.338782 
-4.432275 6.782680 -2.846110 
-4.516784 5.452272 -3.561117 
-3.706715 4.091243 -3.375124 
-2.547260 2.775124 -2.747256 
-0.928693 1.861205 -2.289576 
-2.063285 1.746301 -2.372355 
-2.347704 2.348393 -3.241215 
-3.422343 2.317728 -3.146964 
-2.792812 1.790469 -2.627969 
-2.786945 1.564297 -2.095240 
-3.103321 2.431201 -2.160345 
-3.135552 3.520208 -1.602383 
-3.817247 4.057814 -1.922310 
-5.053497 4.190790 -1.824186 
-6.017229 5.162660 -1.484818 
-5.489592 5.739695 -2.044502 
-4.819615 5.209872 -3.100187 
-4.818977 4.588861 -3.883078 
-4.499993 3.170769 -3.706452 
-3.837297 2.579430 -2.851535 
-3.087572 3.472476 -3.195567 
-3.073741 3.438397 -3.731695 
-3.508550 3.428660 -2.863194 
-4.099768 2.977723 -1.865306 
-4.300832 3.267939 -2.341622 
-4.667244 3.042389 -1.930499 
-4.712589 3.372325 -2.341529 
-3.279265 3.617658 -2.848003 
-2.763430 4.176107 -4.148619 
-1.802016 3.603462 -4.066380 
-1.226268 4.222767 -4.589807 
-1.642552 4.244627 -3.674460 
-2.549567 4.632177 -3.571942 
-3.097600 4.568167 -2.745570 
-3.525263 4.892736 -2.096021 
-3.164383 4.518194 -2.011223 
-3.587353 4.024563 -2.360135 
-3.828839 2.844358 -3.295033 
-2.938751 4.074425 -2.676059 
-3.697672 4.481814 -1.430811 
-3.783370 4.988410 -0.981933 
-2.788182 5.699930 -1.566659 
-1.778813 6.192918 -2.275617 
-1.793617 5.914610 -3.404915 
-2.663051 5.708687 -2.512232 
-2.852500 6.168068 -1.355393 
-2.526370 6.108964 -1.836082 
-2.703887 5.248458 -2.593663 
-2.237024 5.164572 -2.365143 
-1.732445 5.789063 -2.286741 
-1.119758 6.638883 -1.646027 
-1.267624 6.132597 -1.211134 
-1.829344 5.267383 -0.414931 
-3.026412 4.897204 -0.559189 
-2.111931 5.432178 -1.676116 
-2.244995 6.196255 -1.204515 
-1.184662 6.695675 -0.837186 
-1.955707 6.519403 0.156592 
-1.165541 6.905348 0.025477 
-2.106042 6.332295 -0.372454 
-2.448790 6.318808 0.539895 
-2.479294 6.324442 0.844512 
-2.198379 6.217794 1.426760 
-3.096228 6.107638 1.566722 
-3.852854 6.054221 2.177884 
-3.563509 6.051584 2.990695 
-2.569113 5.688599 3.123004 
-1.539597 5.798893 2.607677 
-1.080440 5.717928 2.209832 
-0.618208 6.002700 1.165434 
-1.565782 6.045464 1.335287 
-2.421288 6.267442 -0.123448 
-2.816584 5.710559 -0.064288 
-2.269011 4.581504 -0.010403 
-2.087589 4.088919 0.817004 
-1.871338 3.505013 1.061748 
-2.601134 3.882761 1.094618 
-2.392926 2.922926 0.748104 
-1.500789 3.726049 1.398238 
-2.158558 4.544610 1.123715 
-3.275812 5.261530 0.437003 
-3.207523 5.568561 0.295950 
-3.931810 5.106673 0.453327 
-3.957334 5.026288 1.015482 
-3.295698 5.236874 2.499095 
-3.653864 4.518783 2.584191 
-3.842341 4.624432 1.953409 
-3.189944 5.604846 2.098726 
-2.604851 6.332837 2.374440 
-2.323966 7.562220 2.928815 
