Snapshot 0 0.000000
17.158185 15.990488 -12.409532 
16.742559 16.024523 -11.500634 
16.056011 16.346311 -10.848633 
16.540694 15.805212 -10.161396 
16.464613 15.178344 -9.385994 
16.962786 14.449274 -8.916654 
17.792307 14.964485 -8.701128 
17.542257 15.703336 -8.075370 
16.908439 16.443234 -8.300819 
17.830365 16.790060 -8.473338 
17.839094 17.382811 -7.667999 
18.108640 18.011981 -6.938965 
17.857093 17.070210 -6.715824 
17.601819 17.812766 -6.096594 
17.910268 18.702528 -5.760168 
18.731576 19.167264 -5.429300 
19.196899 19.869161 -5.968573 
18.809510 20.698717 -5.566370 
19.602930 20.783128 -6.169162 
19.635985 20.509442 -7.130413 
20.244131 20.509080 -7.924239 
20.980229 20.719245 -7.280819 
21.916067 20.473096 -7.533048 
22.426944 19.613515 -7.544281 
21.939020 18.823912 -7.916378 
21.962768 18.286257 -7.073548 
22.140128 18.659381 -6.162877 
21.726771 19.420074 -5.662395 
22.364107 19.686368 -6.385506 
22.780289 20.591681 -6.470366 
23.430960 19.889829 -6.180485 
24.189195 19.463223 -5.687446 
23.952074 18.943546 -6.508244 
23.507365 18.528814 -7.302116 
23.746529 18.944755 -8.179495 
23.780623 18.814795 -9.170428 
24.154571 17.910915 -9.378185 
23.734229 18.455929 -10.103631 
23.471198 17.662102 -10.651950 
23.392377 17.586015 -11.645931 
22.977291 16.708810 -11.887208 
23.062586 17.191702 -12.758724 
23.999874 16.847376 -12.812865 
23.780592 17.435908 -13.591033 
24.367202 16.739708 -14.004788 
23.690642 16.527473 -14.709928 
23.623392 15.569359 -14.988306 
23.105861 15.255997 -14.192086 
22.963217 16.232497 -14.030531 
22.500019 17.101122 -13.854636 
21.692348 17.392761 -13.342177 
21.712040 18.334353 -13.005998 
21.491753 18.173677 -13.968108 
20.765138 17.486905 -13.987505 
21.181648 16.921979 -14.699810 
22.108121 17.172043 -14.981086 
22.398597 16.223290 -15.105556 
22.090353 15.775614 -14.266169 
21.369757 15.940904 -14.939534 
20.961771 15.736260 -14.049777 
21.555644 15.058984 -13.615483 
21.408742 14.889035 -12.641041 
21.955684 15.647215 -12.286054 
21.672574 16.367135 -11.652362 
22.012463 17.039666 -10.994960 
21.177669 16.567476 -10.711840 
20.645990 17.331970 -10.347332 
20.270148 17.787753 -9.540484 
21.269802 17.813472 -9.545978 
21.748779 16.942904 -9.433313 
21.397343 16.846735 -8.502054 
22.390749 16.739655 -8.461086 
21.950391 15.842470 -8.427279 
22.175456 15.170771 -7.721470 
23.147190 15.134218 -7.954701 
23.928246 15.475938 -7.432034 
24.447453 14.634418 -7.581261 
25.382503 14.526541 -7.243559 
25.877256 13.725121 -6.907486 
25.006102 13.296164 -7.146413 
24.271007 13.715486 -6.613680 
24.148732 14.706225 -6.554657 
23.418124 14.295538 -7.100136 
23.105140 13.585657 -6.469175 
22.428461 13.187804 -7.088706 
22.415721 12.702005 -6.214729 
21.447587 12.596924 -6.442050 
21.100331 11.660529 -6.492823 
20.482898 12.358326 -6.855944 
20.372725 12.451427 -7.845486 
21.182769 11.875017 -7.953094 
20.781430 11.203500 -8.575983 
20.993908 11.946332 -9.210848 
20.256042 11.657117 -9.820692 
19.835113 12.345036 -9.229434 
19.046295 11.856260 -8.856791 
18.918581 11.524276 -9.791390 
19.310433 12.104889 -10.505070 
18.671940 12.273687 -11.255958 
18.098032 11.793994 -11.919678 
18.738238 12.132459 -12.609300 
18.774849 12.968004 -12.061099 
-39.542775 -35.574352 27.777968 
-38.958232 -36.376007 27.903109 
-39.365924 -36.135537 28.783996 
-40.168506 -36.307347 28.212732 
-40.785754 -35.537171 28.373458 
-41.712629 -35.468018 28.004512 
-42.587881 -35.946536 28.074905 
-42.894701 -35.233879 28.705763 
-43.195552 -34.917463 27.806113 
-42.619725 -35.136795 27.018511 
-42.133432 -35.999375 26.878964 
-42.449565 -36.946617 26.931818 
-42.630336 -37.447967 27.777968 
-43.296503 -37.142868 28.458509 
-44.220221 -37.523396 28.502608 
-44.079082 -37.542075 29.492422 
-44.571448 -37.265982 30.317860 
-44.886107 -38.103923 29.871941 
-44.871322 -39.099722 29.781578 
-45.645343 -38.846750 30.362006 
-45.990933 -39.663049 30.824848 
-46.832897 -39.525387 31.346523 
-46.930130 -40.511710 31.479609 
-47.639649 -40.389186 30.785656 
-48.439582 -40.984270 30.863000 
-48.626049 -41.931197 31.124839 
-48.393027 -42.206520 32.057522 
-48.501893 -42.960552 32.705275 
-49.008168 -43.404430 33.444638 
-49.182658 -42.542014 33.919814 
-48.228257 -42.357219 34.154270 
-48.646106 -41.493713 33.871853 
-47.761377 -41.065460 34.055848 
-47.661198 -40.665498 33.144808 
-48.628586 -40.802917 32.932023 
-48.856680 -40.528576 31.997834 
-49.429900 -41.335669 31.856341 
-49.963784 -41.644860 31.069341 
-50.564877 -41.975563 30.341795 
-50.964303 -42.432138 29.546812 
-51.008078 -42.456976 28.548080 
-51.614639 -43.161625 28.179903 
-51.964646 -44.097405 28.137345 
-50.981002 -43.987012 27.995012 
-50.953013 -44.965860 28.197680 
-51.544714 -44.724665 27.428449 
-52.105618 -45.463344 27.802267 
-52.096666 -46.462321 27.757956 
-51.456324 -46.621962 28.509273 
-52.339398 -46.783444 28.949845 
-52.825803 -46.018944 28.526821 
-53.151791 -45.869962 27.593260 
-53.628281 -46.539340 28.163251 
-54.196200 -47.360434 28.106033 
-55.061851 -47.058479 27.706695 
-54.944063 -47.579517 26.861329 
-55.861123 -47.514504 26.467916 
-56.249606 -47.810717 25.595369 
-57.111803 -48.137789 25.982203 
-56.549528 -48.665077 26.619239 
-56.206051 -49.333818 25.959838 
-55.306387 -49.416768 25.531208 
-54.312278 -49.511971 25.479413 
-54.123807 -48.708302 24.914971 
-53.949995 -48.685711 23.930451 
-53.509989 -49.145808 23.159280 
-53.837454 -50.056891 23.409668 
-54.463689 -49.902086 24.173779 
-54.781411 -50.850195 24.185663 
-55.535372 -50.348958 23.761040 
-55.654195 -50.377767 22.768542 
-54.917743 -49.701996 22.799721 
-54.387886 -49.506853 21.974390 
-53.404324 -49.387287 22.109701 
-53.208445 -49.713810 21.185032 
-52.538346 -50.083732 20.541506 
-52.905763 -50.920908 20.136362 
-53.475030 -50.999390 19.317963 
-53.517209 -51.994595 19.229716 
-52.910751 -52.104506 18.442234 
-53.307625 -52.713346 17.755353 
-53.062872 -53.583933 17.328533 
-52.483403 -53.306382 16.562255 
-51.499178 -53.149101 16.481245 
-50.702837 -52.809166 16.981531 
-50.665256 -51.815267 17.085225 
-50.707654 -51.973793 16.098781 
-51.260493 -52.012393 15.266387 
-50.497993 -51.433796 14.976872 
-49.787416 -50.740456 14.857035 
-50.058254 -50.258574 15.690363 
-49.170262 -50.068706 15.271532 
-48.919668 -49.853847 16.215480 
-48.404115 -50.661416 15.929060 
-47.976868 -51.067012 15.121005 
7.885785 -0.333452 19.259068 
8.001882 0.473754 18.680329 
8.237140 0.656021 19.635019 
7.762938 1.223082 20.308498 
8.562251 1.822265 20.262906 
7.801583 2.097176 20.850961 
7.638738 3.018857 20.498843 
8.217576 3.283094 21.270287 
7.386483 3.289653 21.826383 
7.648790 4.186217 22.183270 
6.881841 4.826974 22.148336 
6.504721 3.959309 21.824393 
5.728699 4.587170 21.764542 
5.123493 3.791373 21.785351 
5.460059 2.854004 21.875142 
6.128553 2.248966 22.307628 
5.848607 1.401313 21.856945 
5.029937 1.095844 22.343224 
4.808620 1.189190 21.372500 
4.256245 1.978489 21.104378 
3.687208 1.342405 21.625524 
3.946302 0.384364 21.502942 
3.663059 0.451329 22.459649 
3.490797 -0.500117 22.714750 
3.221004 -1.339589 22.243052 
2.412009 -1.264196 21.660092 
2.271822 -0.624085 22.415477 
1.461873 -0.426999 22.967871 
2.180688 -0.329264 23.656169 
2.882096 -0.280049 24.367228 
2.275811 -1.074042 24.322585 
1.390738 -1.386598 23.977685 
0.645546 -0.729038 23.866762 
0.038139 -0.110546 23.368241 
0.193878 0.728752 23.889128 
0.043009 1.716226 23.935329 
-0.913622 1.668431 23.647975 
-0.482098 2.570531 23.649832 
-0.147632 1.948121 22.942204 
0.828174 1.808731 23.110648 
1.508112 2.158474 22.466161 
1.310646 1.539419 21.706043 
0.367458 1.681138 21.405525 
0.364271 2.421437 20.733255 
1.048013 3.111283 20.971181 
0.613810 3.630788 21.707104 
1.526990 4.034014 21.647851 
2.128005 3.691384 20.925781 
2.463485 3.092304 20.198762 
3.423826 3.365286 20.141960 
3.740769 3.080212 19.237372 
3.605662 3.748211 18.505577 
4.062840 3.307077 17.733314 
4.056184 3.680865 16.805824 
4.293570 2.719461 16.944933 
3.455282 2.208417 17.134954 
3.557006 1.454300 16.486140 
3.409791 0.514870 16.795655 
3.649476 -0.447202 16.665394 
3.486956 -0.485663 15.679439 
2.610767 -0.730185 15.264106 
1.703738 -0.605063 14.862058 
2.197328 -0.581300 13.992689 
3.195999 -0.600830 13.944992 
3.445188 0.200021 13.400435 
3.308268 -0.289988 12.539538 
2.802486 0.306861 11.916676 
3.511921 0.803448 11.416573 
3.877692 -0.126437 11.455618 
3.341392 -0.423454 10.665578 
4.023362 -0.216215 9.964173 
3.852460 0.465163 9.252473 
3.098385 1.080401 9.482372 
3.578530 1.956320 9.435163 
4.364634 1.938634 10.053003 
4.745978 2.839208 9.844334 
4.657348 3.717501 10.314171 
4.617342 4.422087 9.605680 
4.004186 5.044128 9.118747 
3.577774 5.925050 9.324052 
4.323188 6.591456 9.307939 
3.784677 6.909219 10.088344 
4.769524 7.077696 10.129469 
4.183194 7.720559 10.622362 
9.942085 -27.805552 -28.405432 
10.827175 -27.427734 -28.677221 
10.876605 -28.231862 -29.269619 
11.423297 -27.559515 -29.768696 
11.761942 -27.052750 -30.561481 
12.097831 -26.123774 -30.716984 
12.536709 -25.961199 -29.833267 
13.184962 -26.453749 -29.252610 
12.286201 -26.644320 -28.857755 
12.636521 -26.715826 -27.923858 
11.828539 -26.383545 -27.437285 
11.317781 -26.092653 -26.628268 
11.617006 -26.715389 -25.905313 
10.785103 -26.173793 -25.784433 
11.053347 -25.216429 -25.891663 
11.131019 -25.015961 -24.915047 
10.429322 -24.883247 -24.215041 
10.014464 -25.728000 -24.553103 
9.661028 -25.452887 -25.447192 
9.387893 -24.510391 -25.639802 
10.039644 -23.766118 -25.493932 
10.699984 -23.453019 -24.811348 
11.523093 -23.885767 -24.443625 
12.112285 -24.358126 -25.099163 
12.753229 -23.886900 -25.705081 
12.932802 -24.437250 -26.520475 
13.802394 -24.177813 -26.940598 
13.452101 -23.872150 -27.825959 
13.063700 -24.688133 -28.254115 
12.376914 -25.036968 -28.891798 
11.542755 -25.518553 -28.622997 
10.787118 -24.901224 -28.404094 
9.803195 -25.078414 -28.381790 
8.921298 -25.106014 -28.852424 
8.154822 -25.591870 -28.432356 
7.604048 -26.364140 -28.748975 
8.050734 -26.956408 -29.419566 
8.839315 -26.842397 -30.023835 
8.287613 -27.595221 -30.382834 
8.754836 -28.465864 -30.228943 
9.026128 -28.883837 -29.361937 
8.542676 -29.693287 -29.695201 
9.427679 -30.155790 -29.748696 
10.309847 -30.263808 -29.290316 
10.911905 -30.737547 -29.933042 
11.008818 -31.343748 -29.143658 
10.506227 -32.199775 -29.264575 
9.872970 -32.190677 -28.490687 
9.581456 -31.318955 -28.096834 
8.667688 -31.545349 -27.759531 
7.770771 -31.922451 -27.990473 
7.432775 -31.058043 -28.362705 
7.749075 -30.118733 -28.495567 
7.755865 -30.469376 -27.559083 
7.021772 -30.213210 -26.930205 
6.310888 -30.461504 -26.272182 
5.415502 -30.608733 -25.851935 
5.448306 -30.118221 -26.722752 
4.778918 -30.217883 -27.458949 
5.388961 -30.843594 -27.945091 
5.691877 -31.331699 -28.763623 
5.254104 -32.079445 -28.264394 
4.609229 -31.624901 -28.878826 
5.236566 -31.489577 -29.645726 
5.505818 -30.751593 -30.264500 
5.436108 -31.181469 -31.164693 
5.307255 -30.191216 -31.217573 
4.368120 -30.330683 -31.531536 
4.440786 -30.209891 -30.541522 
3.972193 -29.497103 -31.063397 
3.892478 -28.502048 -31.004132 
4.130699 -28.600473 -30.037921 
3.163336 -28.438031 -29.843443 
3.455355 -28.232228 -28.909435 
3.561283 -29.094620 -28.414400 
2.913614 -29.786336 -28.094943 
2.264849 -29.861565 -28.852205 
1.917611 -30.226733 -29.715963 
1.064737 -30.747033 -29.759475 
0.524684 -30.989965 -30.565283 
0.886976 -30.209918 -31.075450 
1.102087 -31.100254 -31.476735 
38.560385 -13.528852 -65.830332 
38.551774 -13.201794 -66.775297 
38.023407 -12.380285 -66.989659 
37.414833 -12.341669 -67.782216 
36.635940 -12.968716 -67.793978 
36.576867 -13.824858 -67.280625 
36.022161 -13.225720 -66.703274 
35.647245 -12.459585 -67.225265 
34.879631 -12.524330 -67.862899 
34.311149 -11.708233 -67.758906 
33.393136 -11.969315 -68.057382 
32.442227 -11.767174 -67.823050 
31.854177 -10.962256 -67.743659 
31.251962 -11.753698 -67.638986 
31.569645 -11.404342 -66.757494 
31.112755 -12.290129 -66.676054 
30.574304 -12.849363 -67.306393 
30.548147 -13.609317 -67.955843 
31.176232 -13.655669 -67.179080 
31.417435 -13.284334 -66.282457 
31.923028 -14.101137 -66.004592 
32.021992 -15.093897 -66.072663 
31.835660 -15.898765 -66.636106 
31.333697 -16.604755 -67.135717 
30.781488 -16.047263 -66.515823 
30.346547 -15.147009 -66.535011 
29.910520 -14.984062 -65.649952 
30.414796 -14.180466 -65.966083 
31.034585 -13.907861 -65.230183 
31.839555 -14.127362 -64.678964 
32.265719 -13.406634 -65.225712 
32.362290 -12.463596 -64.907351 
31.445910 -12.441125 -64.507672 
30.703420 -12.267051 -63.860829 
31.433879 -12.029471 -63.220529 
32.333961 -12.381532 -62.963808 
32.389430 -12.948560 -63.785636 
33.287017 -13.305980 -64.043682 
34.239100 -13.511775 -64.269927 
34.838706 -12.726126 -64.422335 
34.698602 -13.091229 -65.342700 
35.660614 -13.047827 -65.612232 
36.310909 -12.293440 -65.522692 
36.785981 -11.456020 -65.792940 
37.663464 -11.922287 -65.680607 
38.445746 -11.569311 -66.193875 
39.097190 -11.501914 -66.949573 
39.619615 -12.317838 -66.701905 
40.306876 -11.653488 -66.408120 
40.840001 -11.555580 -67.248473 
40.470891 -10.627217 -67.204877 
39.841830 -9.975261 -66.781516 
39.774918 -10.038153 -65.785741 
39.653306 -10.860174 -65.229420 
39.276523 -10.863637 -66.155716 
38.611347 -10.736294 -65.419968 
37.872780 -10.709623 -66.093620 
37.124298 -10.153850 -66.455409 
36.230999 -9.944165 -66.057855 
35.408457 -9.877021 -65.493129 
35.649510 -9.089018 -66.059649 
35.367180 -8.155204 -65.839920 
36.256573 -7.916952 -65.449769 
37.127581 -7.600747 -65.825747 
37.395903 -7.407067 -66.769405 
38.228214 -6.869201 -66.635393 
39.225670 -6.804383 -66.665068 
39.223460 -5.871829 -66.304044 
40.170233 -6.156124 -66.153056 
40.902524 -6.781516 -65.883547 
41.125323 -7.511062 -65.236922 
41.720250 -8.056291 -64.646340 
42.580269 -7.652928 -64.958856 
42.119307 -7.173727 -64.211942 
42.269173 -6.409268 -64.838954 
43.014286 -6.280936 -65.493429 
43.411021 -5.413062 -65.194440 
44.324856 -5.012479 -65.127812 
44.349820 -4.325077 -64.401963 
44.052209 -3.526314 -64.924844 
61.166185 24.398848 -39.175832 
60.197587 24.369363 -39.422709 
60.311668 23.379300 -39.340475 
60.295139 22.807956 -38.519932 
60.916045 22.086693 -38.212920 
61.627394 22.510743 -38.773423 
62.594653 22.376468 -38.988785 
62.641375 21.984477 -39.907567 
62.956966 22.858050 -40.278072 
61.969071 22.857415 -40.122950 
61.214877 23.487377 -40.308256 
61.477728 22.929017 -41.095112 
61.029308 23.741534 -41.467583 
60.940519 24.358438 -42.249597 
60.812417 23.918762 -43.138571 
61.380531 23.498594 -43.846175 
60.496870 23.030890 -43.826265 
59.682197 22.899400 -44.391083 
58.881040 22.478692 -44.816701 
58.401695 23.350725 -44.717774 
58.930830 23.209440 -45.554466 
58.995176 24.081270 -46.040030 
59.413485 24.685896 -45.362206 
60.040495 25.321657 -44.912022 
59.830307 26.183663 -44.450756 
60.382335 26.368408 -43.637655 
61.145687 26.310246 -42.994295 
60.788915 26.155118 -42.073074 
60.478264 26.121119 -41.123158 
60.361225 26.904183 -40.512329 
61.207703 26.737858 -40.006551 
60.726206 26.091009 -39.415157 
60.034596 26.800971 -39.282387 
59.797868 26.458380 -38.373216 
58.798236 26.470091 -38.397660 
58.523460 27.429880 -38.455134 
58.528858 27.439849 -37.455198 
57.979433 28.055994 -36.890843 
58.481956 28.456982 -36.124894 
58.933320 27.745766 -35.585967 
59.638847 28.186587 -36.140862 
60.314394 28.730075 -35.642609 
60.359624 29.704959 -35.424534 
60.807805 30.157773 -36.195308 
60.454442 30.587545 -37.026229 
60.059093 31.468008 -36.764533 
60.507808 32.041184 -37.450189 
61.090403 32.192664 -36.651668 
61.710778 32.806150 -37.140308 
62.023146 32.815587 -38.090223 
62.870626 32.324983 -37.887527 
62.774178 33.080721 -37.239794 
63.110605 33.608691 -36.460009 
63.367301 34.215535 -35.707781 
62.804521 34.812902 -35.136440 
62.155684 34.996183 -35.874965 
61.547106 35.440766 -35.217713 
61.048643 36.172270 -34.752487 
60.921196 36.157234 -33.760756 
61.669445 35.635677 -33.350756 
62.110137 34.766701 -33.575859 
62.530917 35.568944 -33.999357 
63.482973 35.405508 -33.740751 
63.531202 35.523504 -34.732593 
63.776107 35.476077 -35.700979 
64.617412 35.537890 -36.237994 
64.846979 36.504768 -36.349556 
65.540278 36.849950 -36.982158 
65.883791 37.716289 -37.344727 
66.068955 38.476174 -36.721598 
66.880759 39.056382 -36.655771 
67.000109 38.104693 -36.372850 
66.866584 37.902066 -35.402740 
66.998279 38.833996 -35.064859 
66.897041 39.816201 -35.223053 
66.190452 40.101900 -34.575668 
66.151488 40.446644 -35.513555 
66.347205 40.541386 -36.489628 
62.307185 -22.916052 -14.324932 
61.650308 -22.425813 -14.897800 
61.363468 -21.558925 -15.305510 
60.619603 -20.891324 -15.274285 
60.121794 -20.238485 -14.703332 
60.837947 -20.311566 -14.009225 
61.481792 -19.560025 -13.865525 
61.834012 -19.126969 -14.695225 
61.712564 -18.167558 -14.440702 
61.069557 -18.025089 -13.688210 
60.272132 -17.610319 -13.249940 
59.357891 -18.014077 -13.216144 
58.473893 -18.443388 -13.401184 
57.570440 -18.719767 -13.073483 
56.660146 -18.989069 -12.759094 
56.422577 -18.525756 -11.905337 
56.363726 -19.393356 -11.411569 
55.397614 -19.183887 -11.562405 
55.078467 -19.334963 -12.497992 
54.284761 -18.727255 -12.471123 
53.515893 -19.261294 -12.119494 
53.170963 -19.050443 -13.034133 
53.117646 -19.569722 -13.887073 
53.558698 -19.923121 -14.712048 
53.691399 -20.830377 -15.111143 
52.993071 -21.211942 -14.505547 
53.655312 -20.745761 -13.918937 
53.473699 -20.667106 -12.938718 
54.255407 -20.188679 -13.338767 
55.131851 -20.278449 -12.865705 
55.475669 -20.885439 -12.149219 
55.748276 -21.796168 -11.838965 
56.120623 -21.832425 -10.911580 
55.241929 -22.298063 -11.016834 
54.858263 -23.113715 -11.449860 
55.231029 -23.981904 -11.122301 
55.462874 -23.187415 -10.561020 
54.867467 -23.896945 -10.184114 
54.869383 -24.888489 -10.054357 
54.293038 -25.654604 -10.338776 
53.745058 -26.442957 -10.059102 
53.404091 -26.738700 -9.166758 
54.194403 -27.084247 -8.660790 
53.839900 -28.019034 -8.683209 
54.053332 -28.010781 -9.660132 
54.549607 -28.707066 -9.141578 
54.669119 -29.216037 -9.994025 
55.572849 -29.330626 -10.406509 
56.426459 -28.939874 -10.062035 
56.383164 -29.537165 -9.261180 
55.684596 -28.827023 -9.173428 
55.716622 -28.297255 -8.325891 
56.681808 -28.312143 -8.064750 
57.632356 -28.318154 -8.375270 
58.324956 -28.094316 -9.060983 
59.212379 -27.659532 -9.214097 
59.655302 -27.503167 -8.331279 
59.997450 -28.343083 -8.752557 
59.336740 -29.064673 -8.959367 
59.291786 -29.889596 -8.395913 
60.109071 -29.376368 -8.133916 
61.103851 -29.477354 -8.119309 
61.248308 -28.705338 -7.500340 
60.804280 -28.659318 -6.605510 
60.982363 -29.540013 -6.166576 
61.146835 -30.421932 -6.608354 
61.032173 -31.346840 -6.245864 
60.286038 -31.462589 -6.901520 
59.758949 -31.475403 -7.751234 
60.262700 -32.338815 -7.778707 
60.136268 -33.211351 -8.250615 
60.898556 -33.498496 -7.670559 
61.557956 -34.244821 -7.761065 
62.484706 -34.604958 -7.867999 
63.187403 -34.292809 -8.507358 
63.254263 -35.246778 -8.799716 
-32.131335 -76.813152 -6.611932 
-31.958485 -76.312788 -7.460318 
-32.122770 -75.735632 -6.660379 
-32.769210 -74.975618 -6.593350 
-33.550177 -74.488030 -6.983670 
-34.508781 -74.686564 -6.779556 
-34.681025 -74.306903 -5.870607 
-35.027485 -73.403706 -6.123983 
-34.550995 -73.151258 -6.966139 
-33.775441 -73.080866 -7.593483 
-33.801947 -72.083501 -7.525945 
-34.510738 -72.401134 -8.155806 
-34.127737 -73.250506 -8.518955 
-33.356055 -73.671705 -8.995504 
-32.517352 -73.739806 -9.535818 
-32.685753 -74.274616 -10.363838 
-32.295117 -73.392777 -10.627966 
-32.946145 -73.456899 -11.384307 
-33.689605 -72.789359 -11.343586 
-34.386684 -73.506264 -11.354897 
-34.301266 -74.502177 -11.384231 
-33.395155 -74.700514 -11.757896 
-32.824541 -75.122845 -12.462195 
-32.217643 -74.435924 -12.062428 
-31.484790 -74.375696 -12.740145 
-30.810882 -73.818750 -12.254699 
-30.175288 -73.736176 -13.022293 
-29.369067 -73.769045 -13.612994 
-30.032549 -73.045237 -13.802453 
-30.868137 -72.566617 -14.072109 
-30.993617 -72.785901 -13.104551 
-31.890980 -73.177895 -13.307236 
-31.993115 -72.928320 -14.270190 
-31.480068 -72.348400 -14.903022 
-32.199285 -71.739840 -15.238254 
-32.251103 -72.406544 -15.981773 
-33.108975 -72.371015 -15.469139 
-33.061152 -72.179261 -14.488862 
-33.865874 -72.328999 -13.914405 
-33.593115 -73.193122 -14.337363 
-33.201755 -73.129576 -13.419323 
-32.946117 -73.073230 -12.454193 
-32.653604 -72.293164 -11.901081 
-31.953646 -72.987796 -12.067049 
-31.562338 -72.537298 -11.264596 
-31.140181 -71.967422 -11.969595 
-30.899646 -71.711069 -11.033419 
-30.542734 -71.302567 -10.193335 
-29.902064 -71.463023 -9.442472 
-30.406076 -70.599875 -9.411679 
-31.259010 -70.357586 -8.949296 
-31.533695 -71.190137 -9.430344 
-32.455259 -70.842107 -9.258314 
-32.818128 -71.443252 -9.970319 
-33.690801 -71.377569 -10.454186 
-33.955162 -72.111862 -9.828944 
-34.277698 -71.507457 -9.100477 
-34.216197 -70.631875 -9.579617 
-34.818503 -71.135553 -10.198920 
-35.432230 -70.825670 -9.472758 
-35.797669 -69.944721 -9.172121 
-36.444841 -69.791237 -8.425388 
-35.882114 -69.602959 -7.620472 
-36.079928 -68.752894 -8.108590 
-36.639844 -67.971807 -7.832189 
-37.233724 -68.776151 -7.813835 
-38.087779 -68.259345 -7.873005 
-38.281960 -67.280911 -7.943447 
21.381185 -51.370252 -11.284632 
21.600235 -50.830789 -10.471615 
22.594324 -50.917940 -10.406886 
23.467898 -51.022882 -10.882130 
23.599534 -51.988876 -11.104675 
23.173589 -52.263378 -10.242573 
22.845738 -52.406960 -9.308818 
22.867003 -53.406176 -9.275416 
22.329446 -53.703748 -8.486440 
21.960021 -52.943347 -9.020589 
20.977734 -52.929453 -8.833720 
20.804749 -53.859046 -8.508248 
20.052994 -53.797580 -7.851675 
19.727344 -54.438343 -8.546927 
19.264016 -55.269657 -8.853919 
18.704233 -56.045882 -8.563886 
19.330893 -56.631495 -9.078040 
18.680150 -57.350612 -9.321768 
17.975597 -57.873648 -9.801391 
18.641956 -57.611163 -10.499294 
18.014374 -58.127307 -11.082162 
18.626170 -58.794892 -11.506468 
19.456102 -59.352677 -11.497020 
19.061786 -59.939001 -10.789390 
19.213660 -60.270684 -9.858305 
19.592737 -59.536892 -9.294523 
20.434451 -60.014824 -9.043328 
21.289866 -60.532065 -9.070300 
21.723488 -59.680532 -9.365028 
22.367783 -60.299788 -8.916244 
22.957955 -60.046267 -8.149808 
23.203736 -59.880557 -7.194752 
22.739086 -59.304838 -6.521962 
22.322498 -60.109443 -6.098801 
22.626003 -59.618663 -5.282088 
22.311406 -58.671263 -5.223253 
21.513623 -58.696132 -5.825685 
21.317093 -58.476018 -6.781156 
21.252672 -59.470334 -6.696391 
20.334632 -59.847048 -6.820037 
20.758461 -59.374479 -7.592726 
20.303667 -59.096213 -8.438734 
19.310184 -59.070329 -8.327733 
19.764690 -58.225011 -8.608558 
20.634999 -57.921640 -8.220579 
20.267516 -57.363661 -7.476525 
21.038100 -56.982237 -6.965923 
21.845583 -57.096813 -6.387266 
21.162673 -57.428015 -5.736159 
21.754077 -56.827331 -5.198181 
21.830018 -57.534643 -4.495370 
21.235202 -58.332170 -4.394652 
20.861240 -59.224961 -4.143499 
21.021969 -59.769617 -3.320386 
21.384912 -60.164891 -2.476566 
20.607978 -59.785612 -1.974052 
19.842139 -59.691635 -2.610180 
20.038370 -59.867934 -3.574759 
19.375209 -59.680349 -4.299348 
19.175376 -59.253188 -5.181164 
18.177226 -59.312665 -5.168525 
17.697056 -58.474237 -5.426353 
17.138982 -58.706284 -4.629668 
17.781854 -59.191844 -4.037260 
17.679394 -58.892726 -3.088560 
-62.670015 -3.486752 42.624748 
-61.678239 -3.409577 42.522646 
-60.712585 -3.653968 42.610879 
-59.828298 -3.827692 43.044305 
-60.291940 -4.615796 42.639425 
-60.112941 -5.521086 43.024664 
-60.337856 -4.956981 43.819144 
-60.711460 -4.415978 44.572626 
-61.560120 -4.023429 44.218111 
-62.533256 -4.100892 44.001303 
-63.254187 -3.931436 44.673273 
-63.704439 -3.438651 43.928668 
-64.674584 -3.673216 43.990291 
-64.476746 -2.759470 43.635429 
-64.174709 -1.843427 43.899323 
-63.222430 -2.122108 44.023830 
-62.463918 -2.016812 44.666926 
-62.832079 -2.577535 45.408577 
-62.861030 -3.210133 46.182516 
-63.536369 -3.828592 46.584295 
-63.020585 -4.338466 45.895822 
-63.788487 -4.939268 46.118002 
-64.748231 -4.829744 46.376647 
-64.632654 -5.802320 46.578483 
-65.569921 -5.996561 46.867967 
-65.787664 -5.082925 47.211269 
-66.187916 -4.292862 46.746942 
-66.711706 -3.471645 46.973317 
-66.116456 -3.181311 47.722573 
-65.575469 -3.197275 48.563452 
-65.768161 -2.217596 48.619108 
-65.061134 -1.834348 48.024774 
-64.071345 -1.709982 48.094422 
-63.848521 -1.218291 48.936199 
-63.033421 -0.647281 49.033971 
-62.383122 -0.409498 48.312465 
-61.810875 0.352117 48.616564 
-61.004776 -0.131859 48.276015 
-61.173900 0.100246 47.318139 
-60.902745 -0.761365 46.889069 
-61.813837 -0.839796 46.484396 
-62.497065 -0.276213 46.020097 
-62.759547 0.492678 46.603116 
-63.615653 0.661238 47.091654 
-63.618720 1.108459 46.197236 
-64.136671 0.331540 45.839293 
-64.126382 0.444910 44.845793 
-64.191621 0.087744 43.914033 
-63.345243 -0.279384 43.528208 
-62.886619 0.072755 44.344089 
-62.786841 -0.919638 44.271972 
-63.443238 -0.975149 45.024342 
-63.887245 -1.341268 45.842153 
-63.293012 -1.955441 46.361459 
-62.925828 -2.618768 47.013512 
-62.225279 -2.691021 47.723449 
-63.178110 -2.626383 48.019988 
-63.520062 -2.287386 48.896430 
-63.833031 -2.412842 49.837871 
-63.360249 -2.691562 50.673809 
-62.407680 -2.636419 50.973094 
-61.933628 -3.122540 51.707234 
-62.075535 -3.921942 52.291031 
-62.727463 -3.664621 53.004316 
-63.248742 -3.036304 52.426833 
-62.801460 -2.424890 53.079605 
-62.699442 -2.249369 52.100429 
-63.008951 -1.405660 51.661842 
-62.471684 -0.841181 52.288506 
-35.027455 -9.850452 -13.554732 
-34.879888 -9.819789 -14.543309 
-33.911875 -9.568890 -14.543573 
-33.939809 -8.584233 -14.715828 
-34.402900 -7.810126 -14.284198 
-34.461003 -8.074372 -13.321495 
-35.286474 -7.515177 -13.398297 
-35.992845 -7.431004 -12.695478 
-35.422168 -6.612115 -12.634247 
-34.798203 -6.024249 -12.119388 
-35.478247 -5.480092 -12.610746 
-35.218522 -4.866102 -11.865388 
-34.911736 -4.579854 -12.773102 
-34.843534 -4.798365 -13.746550 
-35.818129 -4.609978 -13.625410 
-35.661664 -4.703523 -14.608653 
-36.088271 -3.804855 -14.710638 
-36.052812 -2.810477 -14.810421 
-36.491476 -1.954095 -15.082786 
-36.681398 -0.974065 -15.023875 
-36.221649 -1.254019 -15.866642 
-35.388034 -1.753936 -16.101523 
-34.759149 -1.039731 -15.794250 
-34.420628 -1.267481 -16.707230 
-33.954292 -0.404862 -16.903237 
-33.093447 0.004277 -16.600662 
-32.883454 0.974846 -16.482763 
-33.028241 0.941181 -17.471653 
-32.888721 -0.043124 -17.579719 
-32.749497 -0.925090 -18.029999 
-33.590716 -1.389220 -17.752628 
-33.698881 -1.966535 -16.943303 
-34.210711 -2.674776 -17.429538 
-34.744980 -3.502764 -17.259263 
-34.280701 -4.312401 -17.618336 
-33.401814 -4.200686 -17.154573 
-32.718360 -4.171718 -16.425154 
-33.199542 -3.523437 -15.835074 
-34.079928 -3.908544 -16.111865 
-34.849580 -3.830376 -15.478203 
-35.504478 -4.385249 -15.991257 
-35.251841 -5.352288 -16.023031 
-34.474285 -4.825804 -16.366862 
-34.823389 -5.130611 -17.252988 
-34.034718 -5.736204 -17.146908 
-34.386194 -5.840656 -18.077259 
-35.067737 -5.697991 -18.794996 
-34.493341 -5.471812 -19.581706 
-34.525026 -5.609407 -20.571688 
-34.439345 -6.123544 -21.425106 
-33.943847 -6.991096 -21.467947 
-33.570073 -7.651323 -20.816493 
-32.916065 -7.556359 -20.065988 
-33.344464 -6.706387 -19.759358 
-32.681671 -5.980308 -19.942425 
-32.452424 -5.899380 -18.972427 
-31.965411 -6.455438 -18.298915 
-31.924975 -6.273446 -17.316447 
-31.474827 -7.153381 -17.468376 
-31.038668 -8.012978 -17.202185 
-30.170317 -8.485295 -17.353456 
-30.270429 -9.308035 -17.912987 
-30.384380 -10.266968 -18.172724 
-29.621694 -10.590847 -18.732556 
10.127885 64.263448 4.057268 
10.898081 63.896440 4.578904 
10.271374 63.194159 4.241207 
10.004680 62.231091 4.204141 
9.786149 61.533229 4.886220 
9.016778 60.906683 4.761686 
9.589669 60.138642 4.475490 
10.282970 59.644460 5.000008 
11.044209 59.038698 4.768561 
10.832553 58.079696 4.580100 
11.614394 57.838692 5.155115 
11.050200 57.248770 5.732764 
10.130030 56.883703 5.591297 
9.345238 57.465448 5.377584 
9.819228 58.166707 5.910096 
10.263217 58.731657 6.605585 
9.571336 59.425197 6.404830 
8.668113 59.556124 5.996117 
7.797244 59.520910 6.486369 
7.209869 59.372074 7.281880 
7.676205 60.092243 7.795580 
7.280986 60.861074 7.292887 
6.807248 60.223668 6.685198 
6.030820 60.721418 7.071727 
6.347909 60.679249 8.019185 
7.018745 60.699947 8.760501 
6.619132 59.791457 8.638214 
7.335992 59.148033 8.369665 
7.145319 58.175381 8.237031 
6.526107 58.111457 7.454413 
5.557898 57.991545 7.234888 
5.899373 57.068412 7.411579 
5.624830 57.543670 8.247495 
4.709310 57.144283 8.199389 
3.850129 57.585776 7.940757 
3.226859 57.880102 8.665262 
2.246297 57.984531 8.831371 
2.198516 57.487722 7.964827 
2.659472 58.343910 7.731453 
3.186022 58.931216 8.346120 
3.995349 59.317840 7.903952 
4.531882 58.518364 7.633821 
4.167102 58.850590 6.764016 
3.377303 58.975910 6.163588 
2.407329 58.923548 6.401094 
1.917195 59.355339 7.158275 
1.286607 58.613893 7.387656 
0.357454 58.592786 7.018565 
-0.376225 59.243961 7.212696 
-0.720024 59.758725 6.427316 
-1.619306 59.737503 5.990462 
-2.530775 60.132576 6.105102 
-1.962461 60.552003 5.397217 
-1.007059 60.669462 5.668159 
-0.792315 61.644143 5.605848 
0.130545 61.312332 5.801375 
0.552255 61.091836 6.680887 
1.432599 60.683908 6.922940 
1.283495 60.581065 7.906399 
1.002412 60.558803 8.865824 
1.563987 60.361124 9.669289 
2.183236 60.427327 10.451688 
2.975990 60.098696 9.938323 
-37.539175 16.988928 -11.949232 
-37.099243 17.768685 -11.503768 
-37.711995 17.446798 -10.782017 
-37.897321 16.936450 -9.942255 
-36.928880 16.787950 -10.142428 
-36.255110 16.599428 -10.856916 
-35.739721 15.868274 -10.409939 
-35.331706 16.414454 -9.678357 
-35.441529 17.122251 -8.980530 
-35.550448 16.611918 -8.127479 
-36.458687 16.447126 -7.742842 
-36.163601 16.809308 -6.858677 
-36.260999 17.695342 -7.311950 
-36.091608 18.664542 -7.133180 
-36.024905 19.428407 -7.775099 
-35.076649 19.702812 -7.615372 
-34.540466 18.939961 -7.976711 
-34.067085 18.849229 -7.100538 
-33.187516 18.742141 -7.564100 
-32.492230 18.261735 -7.029509 
-32.041099 18.872082 -7.680629 
-31.305146 19.533532 -7.825048 
-30.599138 18.864443 -8.057152 
-29.784398 18.470394 -7.631800 
-29.622773 17.735241 -8.290153 
-28.749508 17.248849 -8.318960 
-28.009957 17.015702 -7.687528 
-27.930287 16.021312 -7.757114 
-27.612295 15.438299 -8.504762 
-27.117524 14.646089 -8.147543 
-26.260935 14.667698 -7.631996 
-26.719340 14.446307 -6.771269 
-27.457480 13.803525 -6.566375 
-27.570031 12.970600 -7.108194 
-26.738893 12.426137 -7.221199 
-27.233777 12.302305 -8.081290 
-27.045533 11.946250 -8.996597 
-26.543199 12.200867 -9.822933 
-26.733396 13.176865 -9.929006 
-26.037526 13.849231 -10.181374 
-25.906886 14.617112 -9.554244 
-25.003245 14.930910 -9.845727 
-24.578009 14.441261 -9.084532 
-23.755713 13.977230 -9.413932 
-24.486827 13.330049 -9.629869 
-24.417688 12.637984 -10.348385 
-24.836612 12.498509 -11.245631 
-24.563589 13.451602 -11.376288 
-25.394579 13.728605 -11.858704 
-24.896713 14.325744 -12.487636 
-25.314762 14.913255 -13.180504 
-24.618032 15.014488 -13.890659 
-24.044359 14.473884 -14.506001 
-23.190037 14.379981 -13.994811 
-22.515421 14.891922 -13.463013 
-21.753586 15.090054 -14.079739 
-20.807230 15.324698 -14.301894 
-21.531815 15.961453 -14.565560 
-22.081873 16.027789 -13.733072 
-21.258127 15.891399 -13.182763 
-20.497480 16.528108 -13.056201 
-21.010294 16.592831 -13.912258 
-20.964132 16.717089 -14.903433 
-13.709615 -39.114752 48.782148 
-14.655945 -39.430084 48.711262 
-14.636301 -40.429828 48.722406 
-15.426260 -40.007209 49.166655 
-15.591708 -39.082473 49.509425 
-15.523698 -38.378785 48.802178 
-15.285847 -37.408587 48.755877 
-14.977895 -36.481202 48.543459 
-14.803314 -36.862330 47.635570 
-15.761484 -37.099418 47.475259 
-15.540417 -36.243990 47.006885 
-15.329530 -37.025556 46.419788 
-15.222727 -36.764471 45.460399 
-14.346601 -36.565532 45.899519 
-13.634571 -35.892453 45.699575 
-12.674097 -35.915790 45.422185 
-11.972886 -35.525322 46.018706 
-11.276911 -34.830237 45.838494 
-11.560244 -34.506616 44.935725 
-12.546573 -34.630865 44.827472 
-13.383160 -34.151622 45.092890 
-13.371931 -34.210342 46.091102 
-13.934256 -34.825670 46.643516 
-13.888806 -34.485652 47.582837 
-13.129401 -34.973350 48.013483 
-13.048204 -35.881070 47.601838 
-12.860834 -36.745464 48.068437 
-13.227200 -37.655667 47.875287 
-13.871757 -38.119840 47.267760 
-12.922012 -38.273096 46.994820 
-12.788505 -39.132866 46.501899 
-13.013422 -39.961382 47.014709 
-12.562563 -39.480123 47.766451 
-12.612672 -39.968832 48.637457 
-11.675547 -40.317774 48.643613 
-11.678756 -41.208522 49.098099 
-11.519068 -41.581537 48.184119 
-11.357436 -41.661327 47.200499 
-12.009698 -40.905168 47.253198 
-12.746093 -41.543471 47.028940 
-12.423707 -42.309851 46.473306 
-12.674121 -43.275760 46.538964 
-12.886922 -42.739546 47.355781 
-13.541340 -43.287253 47.877082 
-12.682773 -43.128106 48.364458 
-12.685387 -44.049661 47.976218 
-12.455282 -45.021134 48.033588 
-12.436820 -45.398251 48.959570 
-13.384642 -45.558567 49.235126 
-14.264754 -46.020013 49.346802 
-14.386914 -46.949817 48.999611 
-13.496002 -47.052021 48.557084 
-12.928607 -47.466315 49.268719 
-13.407265 -48.290986 49.570056 
-13.432237 -48.409529 48.577422 
-14.162075 -48.993618 48.932635 
-13.696968 -49.567668 49.606537 
-14.314179 -48.973699 50.122533 
-15.253190 -49.317561 50.126644 
-15.888000 -49.006348 50.833865 
-15.321253 -48.185184 50.900860 
-15.006480 -47.536856 51.594105 
-14.591354 -47.249651 52.457345 
-14.766276 -47.172221 53.438878 
-14.072599 -47.871473 53.611678 
-13.575981 -48.048047 52.761859 
46.641185 58.912748 22.172968 
45.959071 59.598525 21.919139 
46.588873 59.509994 21.147445 
47.237914 59.820910 21.841762 
48.023051 59.261422 22.107342 
48.903497 59.565063 21.743175 
49.559589 59.166174 22.383823 
48.809533 59.664120 22.819100 
48.912801 60.658333 22.789498 
48.665132 61.093448 21.923857 
47.820009 61.458259 21.533114 
47.871783 61.741169 22.490862 
47.921104 62.505080 21.847428 
48.304705 63.113892 21.153023 
48.076263 62.667797 20.287684 
47.169333 62.247870 20.253935 
46.979733 63.000272 20.884763 
46.907133 62.841284 21.869371 
46.289706 62.109604 22.158209 
46.694610 61.333363 21.674987 
46.745116 61.136441 22.654104 
46.822429 60.230495 23.070379 
46.592066 60.308882 24.040322 
47.359488 60.821531 24.425360 
46.891392 60.843219 25.308771 
45.972251 60.563750 25.031145 
45.703211 59.601451 24.991148 
45.441878 58.802111 25.532221 
45.462091 58.218257 26.343828 
44.476892 58.071161 26.255823 
45.043894 57.313391 26.578767 
45.984664 57.058568 26.355122 
45.724647 56.914991 27.309992 
45.081856 56.274422 26.889883 
44.236105 55.883891 26.526303 
43.531789 56.546544 26.271685 
42.929329 56.058922 26.903561 
42.211253 55.924995 27.586518 
41.309227 55.567880 27.343996 
40.666837 54.811890 27.218237 
39.950230 54.148500 27.433614 
39.051127 54.350603 27.821902 
38.186634 54.060533 27.411400 
38.000048 55.035020 27.536140 
37.568947 55.448563 26.734183 
38.476845 55.073283 26.547403 
37.977493 55.482066 25.783503 
37.966625 55.683884 24.804140 
37.651205 55.164636 24.009853 
36.852086 55.763803 23.960780 
36.462640 56.542644 23.469112 
36.513134 57.335059 24.077001 
37.327562 56.900523 24.461561 
38.255391 57.166626 24.722945 
38.067716 57.679737 23.885392 
12.663185 41.455148 -35.584732 
12.197221 41.713902 -36.430854 
11.965219 41.634628 -37.400334 
12.106383 41.178171 -38.278810 
12.768176 41.920496 -38.174014 
12.790947 42.601197 -38.906221 
12.833078 42.142852 -39.793996 
12.476358 42.976451 -40.215735 
12.402015 42.506370 -41.095222 
11.926810 42.009233 -41.821193 
11.433105 42.047379 -40.952401 
10.707080 42.090653 -41.638706 
10.515296 41.358144 -42.291890 
10.192844 40.460114 -42.591167 
9.810683 41.247454 -43.074954 
10.110060 42.201465 -43.059577 
9.506945 42.282972 -42.266098 
8.845334 41.781597 -41.708519 
8.557546 42.715035 -41.494345 
8.351448 43.559033 -40.999177 
7.894240 42.726863 -40.685403 
8.145421 42.585197 -39.727886 
7.283632 43.061620 -39.902071 
6.319666 43.171090 -39.659613 
6.722361 43.953154 -39.183996 
6.051931 43.598043 -38.532521 
5.560672 44.394916 -38.180870 
4.774178 44.170110 -37.605640 
4.702552 44.966832 -37.005553 
3.831348 45.439336 -36.872346 
2.908285 45.564972 -37.235896 
2.582613 46.111261 -36.464206 
3.378996 46.636082 -36.163647 
3.172160 47.602078 -36.008499 
3.591647 48.137147 -35.275197 
3.954721 48.974364 -34.866242 
4.134597 49.120760 -33.893507 
3.753578 50.038406 -33.780588 
4.744244 49.905756 -33.749220 
5.513786 49.325588 -34.016075 
5.565783 48.559897 -34.657179 
6.390933 48.983177 -35.031294 
6.882270 49.835043 -34.849876 
7.567677 49.843202 -35.577991 
6.634886 49.950414 -35.922093 
6.025718 49.599559 -36.633300 
5.804294 50.571057 -36.548662 
6.043034 51.424471 -37.012006 
6.359141 51.554411 -36.072223 
6.967893 52.317811 -36.288188 
7.483141 52.906326 -36.911220 
7.826821 53.123893 -37.824757 
4.771585 7.849648 -44.658732 
5.540923 8.008785 -45.277436 
4.908404 8.603867 -45.773215 
5.449977 8.931470 -46.547407 
4.884905 9.727304 -46.764988 
4.300178 10.489286 -46.486638 
3.471766 10.882406 -46.087654 
2.996266 11.741211 -45.896986 
3.531127 11.977442 -46.708231 
4.350000 12.542024 -46.811645 
4.390215 13.232041 -46.088970 
5.012403 13.251854 -45.306353 
5.263035 12.741588 -46.129038 
5.639951 13.583899 -46.514326 
5.043116 14.257227 -46.950696 
5.530046 15.121082 -46.821643 
6.059352 14.399414 -47.267771 
7.018049 14.388799 -47.552004 
6.900191 15.233529 -48.074059 
6.461687 14.419498 -48.454938 
5.710352 14.961169 -48.077990 
6.022014 15.836290 -48.448166 
6.181958 15.447809 -49.355636 
7.104786 15.743629 -49.108897 
6.983209 15.171559 -49.920041 
7.289379 16.030665 -50.330160 
7.419235 15.319161 -51.020740 
7.691960 14.357597 -50.988875 
8.318687 14.777927 -51.645028 
8.390800 13.813938 -51.901004 
8.604593 12.946311 -52.349909 
8.180071 13.145237 -53.233204 
8.350799 12.169123 -53.098839 
7.378175 11.986017 -52.955751 
7.246019 11.131531 -53.458134 
6.686227 10.562107 -54.060121 
6.840209 10.337942 -55.022430 
6.355603 10.261181 -55.893788 
6.748508 9.778736 -56.676650 
5.952278 9.831254 -57.279361 
6.381493 8.966191 -57.539052 
6.639280 9.206830 -58.474808 
7.130268 8.350147 -58.316611 
7.803401 8.219392 -59.044481 
8.443328 7.863147 -59.725350 
8.280937 6.960061 -60.122924 
9.037197 7.032099 -59.472630 
9.348752 7.902640 -59.091720 
10.074225 7.777814 -58.414885 
9.730399 8.492146 -57.805366 
-11.115215 23.498768 51.950308 
-10.617844 22.666276 52.194400 
-10.974931 21.776743 52.479388 
-10.600694 22.069780 53.359204 
-11.340027 21.432918 53.577824 
-12.178425 21.526507 53.040860 
-12.790230 22.281674 52.805451 
-13.191039 22.719641 52.000754 
-13.836773 22.013117 52.290326 
-13.876394 22.572790 53.118091 
-14.542952 22.832167 53.816965 
-14.885333 23.540065 54.434748 
-15.274365 22.632574 54.593225 
-14.861768 21.762108 54.324800 
-15.410689 20.944306 54.151924 
-14.469614 20.622147 54.049009 
-14.025857 19.892624 53.528551 
-13.134007 19.468518 53.371270 
-12.418069 18.901282 52.964237 
-12.774303 18.231053 53.615305 
-13.424290 17.610516 54.053998 
-12.734298 16.897746 54.179972 
-12.695037 17.613731 54.876983 
-11.851777 17.085147 54.779457 
-10.993597 16.719137 54.419506 
-10.020018 16.947340 54.427755 
-9.356189 16.843583 53.687103 
-9.135876 16.472961 52.784828 
-8.341021 17.014388 52.510851 
-7.996291 16.207334 52.990253 
-8.791040 15.802475 53.442429 
-8.346488 15.935007 54.328324 
-9.311178 15.681669 54.400388 
-8.961991 15.215318 55.213152 
-8.931896 14.352060 55.717017 
-8.906678 14.056729 54.761955 
-9.801982 14.096775 54.318304 
-10.027161 13.724307 55.218616 
-10.622570 12.936102 55.374248 
-10.623549 13.602458 56.119882 
-10.157229 12.919892 56.682598 
-9.712644 13.187536 57.537414 
-8.844773 12.801904 57.224223 
-8.646121 13.723788 57.556890 
-9.379122 13.973764 56.924260 
-9.791738 14.640588 56.303700 
-9.912670 14.874978 57.268291 
-10.558993 15.581290 57.557065 
-36.251495 9.627348 85.169968 
-36.509856 9.604739 84.204184 
-36.067395 10.070049 83.437559 
-35.546054 10.881394 83.701992 
-35.328748 11.673270 84.272702 
-34.539765 11.168839 84.623495 
-34.238099 11.289847 85.569198 
-35.014352 11.835860 85.254078 
-35.605133 12.434649 85.794846 
-35.813167 12.621115 86.755029 
-36.570832 11.975585 86.851119 
-37.252551 12.235958 86.167405 
-37.913513 11.785829 85.566977 
-36.959598 11.604915 85.327570 
-37.425215 11.305017 84.494947 
-38.074568 10.829200 83.901703 
-38.269158 10.739292 82.924947 
-38.165815 11.446956 82.225997 
-38.018844 11.717362 81.274535 
-37.859505 12.686121 81.464583 
-37.022819 12.555329 81.996420 
-37.217278 12.069725 82.848696 
-36.567995 11.405930 83.219922 
-36.513335 10.628778 82.592988 
-35.681003 10.279602 82.162524 
-35.611806 9.311636 82.403880 
-34.866352 8.806535 82.838818 
-34.075077 8.196461 82.797673 
-33.401237 8.892013 82.548381 
-33.960690 9.472520 81.956753 
-34.908346 9.608884 81.668042 
-34.699999 10.312890 80.989097 
-18.464215 51.139548 28.763068 
-18.243475 51.431015 29.693831 
-18.879507 52.134007 29.375608 
-18.437844 52.686099 28.668411 
-17.962014 53.548861 28.497448 
-17.314063 53.469740 29.255009 
-16.532007 53.666917 28.663815 
-15.780637 53.862387 28.033550 
-15.209466 54.651129 27.806287 
-15.987674 54.592995 27.180977 
-16.116390 55.564463 26.981774 
-15.568226 55.742486 26.164569 
-15.940506 54.957259 25.669771 
-16.242071 54.933766 24.716615 
-16.349809 55.922557 24.819979 
-17.298109 56.193698 24.655023 
-18.159610 55.964896 25.108307 
-18.229405 56.277846 26.055509 
-18.852475 56.868330 25.542564 
-19.142628 57.814287 25.687394 
-19.805389 57.082417 25.845870 
-19.970475 56.184657 26.254249 
-20.455227 55.851483 25.445540 
-19.802918 55.278629 24.949222 
-20.016428 54.309994 25.076343 
-19.919810 53.362009 24.773045 
-20.904889 53.521539 24.708475 
-21.194528 52.783137 24.099484 
-21.896220 52.313151 24.634966 
-21.581621 51.471097 24.196819 
-21.740965 50.485409 24.251861 
-22.332428 50.634069 23.459352 
-21.699804 51.315868 23.092017 
-21.719746 52.271078 23.387273 
-22.607496 52.510257 23.780584 
-23.156537 52.179900 24.548320 
-23.921930 51.539633 24.613374 
-24.860139 51.461805 24.276171 
-25.199302 52.336836 24.621553 
-26.176155 52.196456 24.782963 
-26.777910 52.994555 24.752491 
-25.846017 53.096202 25.100689 
-25.843527 53.470307 26.028073 
-25.098033 54.134482 26.083843 
-24.590951 53.515878 25.483679 
-23.992003 53.046519 26.132496 
-24.390018 53.505518 26.926790 
-24.115785 54.061296 27.711587 
-23.263584 54.396930 27.310211 
-23.225785 55.156851 26.661296 
-23.995656 55.686697 27.017051 
-24.290763 56.492588 26.503776 
-24.930239 55.767766 26.247448 
-25.201731 56.342806 27.019213 
-26.035603 55.833488 27.231941 
-25.585313 55.534092 28.073131 
-25.373541 54.962576 28.865925 
-25.994949 55.590135 29.334989 
-26.808724 55.877092 29.840386 
-26.751648 56.721537 29.307792 
-26.394932 57.330736 28.599534 
-25.684361 56.829490 29.093337 
-25.490921 57.790434 28.895427 
-24.560833 57.710898 28.536805 
-24.884626 58.429597 27.921476 
-24.765679 59.369048 27.600100 
-25.736392 59.136830 27.538529 
-26.572504 58.885368 27.051001 
-27.208251 58.755986 26.290024 
-26.933252 58.361151 25.413393 
-26.368510 58.042830 24.651988 
-27.073561 57.337950 24.729760 
-27.804355 58.014595 24.639803 
-28.133798 57.390232 23.931539 
-28.905598 56.780992 24.113614 
-29.863873 56.824799 24.396086 
-29.509490 56.011214 24.857055 
-29.931921 55.110223 24.955879 
-30.621779 54.457572 24.642601 
-31.506279 54.122618 24.967354 
-31.360827 55.059387 25.285642 
-31.361782 55.895910 25.833572 
-32.006119 56.275872 26.497244 
-31.132183 56.261281 26.983066 
-30.375065 56.072635 27.608514 
-29.973785 56.671847 26.915753 
-30.287606 57.572183 26.614235 
-29.410855 57.636296 27.090888 
-29.451434 57.479897 28.077748 
-30.334814 57.223083 28.469777 
Snapshot 5000 48.082893
3.634686 -0.693547 2.580876 
3.509578 -0.483009 1.192190 
3.321445 -0.028754 0.024919 
2.834260 0.723086 -0.555601 
2.089142 0.772548 -1.206269 
2.589868 0.731311 -1.736003 
2.536940 1.490724 -1.124809 
3.237171 1.763414 -0.255107 
4.089326 2.041368 0.300080 
3.894400 0.909602 0.115382 
3.936299 -0.511847 0.293338 
3.110314 -0.352294 -0.298957 
2.567766 0.232176 0.431470 
2.436060 0.840597 0.966847 
2.103729 1.052272 1.277802 
2.109010 1.266744 -0.093993 
1.724818 2.620510 -0.687987 
2.561023 2.814426 -0.490682 
3.616379 2.062477 -0.510211 
3.666088 1.138661 -1.530449 
3.061393 0.251810 -1.124921 
3.078807 0.851379 -0.037089 
3.376344 1.116341 0.091322 
3.238108 0.891027 0.844474 
2.413526 1.655839 0.542868 
1.725971 1.780363 0.273926 
2.465783 2.453988 0.115913 
2.131597 3.009757 -0.253030 
2.145645 2.620255 -0.417496 
2.004105 1.748951 -1.529468 
1.474963 0.231708 -1.996177 
0.893650 0.248373 -2.131692 
0.989753 1.179114 -2.382593 
0.698146 2.061454 -2.288347 
1.106591 1.959668 -1.546523 
1.620215 2.368230 -1.125273 
2.396489 1.658163 -1.462361 
2.488885 1.269759 -2.260393 
2.768333 1.466417 -3.588984 
1.595739 1.880495 -4.781114 
0.806717 1.903575 -5.283838 
0.432230 1.285184 -5.796168 
1.661698 1.616628 -5.781758 
2.315220 1.893525 -4.197709 
1.322956 1.534727 -2.612930 
0.345005 1.332640 -2.613261 
-0.215126 1.812296 -3.033577 
0.567667 1.455360 -3.465376 
0.700410 1.502041 -4.001564 
2.384808 2.148802 -4.813529 
2.070287 2.276484 -5.570610 
2.100685 1.696299 -5.756143 
1.967873 0.607453 -6.510920 
1.986995 -0.874050 -6.441674 
1.290290 -0.611121 -6.571759 
1.795325 0.281086 -6.569003 
2.317056 -0.425830 -6.165717 
1.522932 -0.834924 -6.510338 
1.325806 0.296000 -6.515791 
1.123474 0.376675 -6.626968 
1.184654 -0.146935 -6.577065 
1.634677 -0.742840 -5.849306 
1.467537 -1.772813 -5.239408 
1.812150 -1.727483 -5.603779 
1.854834 -1.437381 -5.996127 
0.250783 -0.313700 -5.749996 
0.207633 -0.693369 -5.593392 
0.520689 -0.363726 -6.158908 
0.953719 0.475195 -5.777996 
1.005339 0.290775 -4.276397 
0.217951 1.273592 -4.367578 
-0.468605 0.457878 -4.611501 
-0.431244 -0.780563 -4.892794 
0.281098 -1.627936 -5.506634 
0.033511 -1.578138 -5.479459 
-0.385741 -1.205681 -4.877388 
-0.640726 -0.290818 -5.282067 
-0.304284 0.460825 -5.532268 
-0.135599 0.207816 -4.963593 
0.548365 -0.497493 -4.920410 
0.942041 -0.962605 -3.304333 
0.895016 -1.797301 -4.419627 
0.953151 -2.286461 -4.739581 
-0.112643 -1.548420 -4.250828 
0.030373 -1.897873 -4.620301 
0.955525 -2.361032 -4.670069 
0.780465 -1.711379 -4.856056 
-0.366957 -1.277850 -3.856076 
-1.175156 -1.119705 -3.765821 
-0.150929 -0.956411 -3.466555 
0.271047 -2.005957 -2.685562 
0.829248 -2.153153 -2.530448 
1.155713 -2.347289 -3.384789 
1.447882 -2.198737 -3.971323 
0.793125 -0.987637 -3.590865 
0.507658 -1.236928 -4.585294 
0.719830 -1.844877 -3.935420 
1.419920 -2.146118 -3.088395 
0.601264 -2.103033 -3.565526 
0.425370 -1.848985 -2.388310 
1.303993 -2.177150 -1.511571 
0.586496 -2.266596 -2.344464 
-6.928592 -2.417824 -0.403009 
-6.126892 -2.649756 0.544928 
-5.204615 -3.064750 0.934806 
-5.126976 -2.636279 2.334902 
-5.749095 -2.165711 1.554803 
-5.489734 -1.822246 1.056545 
-5.059881 -1.602674 0.915356 
-4.984585 -1.115467 -0.263755 
-4.146959 -1.264355 -1.251197 
-3.938893 -0.715970 0.265313 
-4.310111 -0.542002 1.064246 
-5.154754 -0.948864 0.916724 
-4.697456 -1.582054 1.983242 
-2.994754 -0.841038 1.702078 
-3.337088 -1.667844 0.458777 
-3.804685 -2.799284 0.153817 
-2.574971 -3.466044 -1.065681 
-2.622155 -2.289588 -0.917677 
-3.400026 -2.125186 0.113246 
-4.424059 -2.383388 -0.390157 
-4.221526 -1.897701 0.551375 
-5.079043 -2.636155 0.694053 
-4.920235 -3.157054 0.744583 
-4.656285 -3.559075 0.322801 
-4.968338 -2.108735 0.231666 
-4.716679 -1.439572 1.019882 
-5.251938 -2.486604 1.599327 
-4.468679 -3.417969 1.349371 
-4.234011 -4.029448 1.930366 
-3.819088 -4.572607 1.380901 
-3.461162 -4.718371 1.842303 
-4.162056 -3.529491 3.054361 
-4.715197 -3.467059 3.747080 
-5.100587 -2.953395 4.363089 
-5.132917 -2.800903 3.186380 
-4.920146 -2.408421 2.432130 
-4.093931 -3.329907 1.669550 
-4.072338 -2.664100 1.896086 
-3.282255 -3.047527 1.653288 
-3.067624 -4.034128 2.583732 
-3.325049 -4.298613 2.974790 
-3.984059 -3.932164 2.896556 
-5.091949 -3.069648 3.271662 
-4.480614 -3.148414 3.741044 
-4.375654 -3.480707 4.209041 
-3.778057 -3.889499 3.977505 
-3.071271 -4.058370 3.765950 
-3.667140 -3.238253 2.798477 
-4.129870 -2.212973 2.662492 
-4.438710 -3.226951 4.182848 
-4.476561 -2.949641 5.163544 
-4.042463 -3.554385 4.962720 
-3.531108 -3.259688 5.063046 
-3.538939 -2.554131 4.997419 
-3.970033 -1.747999 4.542281 
-3.721843 -1.511246 4.734055 
-4.137707 -2.391763 5.342647 
-5.045301 -2.844489 4.591125 
-5.551324 -2.282124 4.521836 
-4.632349 -2.696183 5.012016 
-3.831245 -1.860127 5.021924 
-3.315893 -1.564311 4.201566 
-2.438683 -0.964840 2.688527 
-2.427013 -1.117452 3.632844 
-2.024526 -1.419275 4.349819 
-2.554309 -1.144253 4.033167 
-3.337624 -2.539968 4.431903 
-3.815811 -3.246868 4.147345 
-2.260050 -2.546275 4.095626 
-2.977821 -1.973358 5.141957 
-2.861772 -2.249063 4.973068 
-2.515191 -1.861054 5.058940 
-2.920409 -1.317540 4.501940 
-2.607893 -0.624683 3.499613 
-3.596730 -0.134638 3.088795 
-3.801284 0.482749 3.258937 
-3.453906 -0.198338 3.691563 
-3.483458 -0.270742 4.074277 
-3.044859 -0.579222 3.110458 
-1.987405 -1.278346 3.240986 
-1.505066 -1.267282 2.975085 
-1.738297 -0.612630 1.570859 
-1.643784 -0.802740 1.856627 
-1.806862 -0.952072 2.959249 
-2.003652 -0.715634 3.322092 
-2.845404 0.608485 3.312027 
-3.243029 1.289656 3.648979 
-2.770047 0.412421 2.780894 
-1.666919 -0.584719 2.751560 
-0.936157 -0.625971 2.806227 
-0.473340 -1.158370 3.311442 
0.044214 -1.222546 3.900274 
0.324541 -1.541319 3.149099 
0.421539 -1.826025 2.533716 
-0.381598 -2.355468 2.905208 
1.947378 0.294937 1.746861 
1.083925 -0.665267 0.445037 
2.232098 -0.493623 1.159778 
2.954118 -1.027142 0.632793 
2.468153 -1.827157 -0.404769 
1.740333 -1.669808 -0.357209 
1.809362 -1.828503 1.108337 
1.412183 -1.917342 0.406098 
0.034161 -2.460173 0.585540 
0.240567 -1.977789 -0.055358 
1.946776 -1.095452 0.415428 
2.431224 -1.421778 0.850491 
3.183141 -1.370726 1.418988 
2.857512 -1.570351 0.307009 
0.982676 -1.806255 -0.279066 
1.319387 -1.344565 -0.987933 
2.381361 -1.815462 -0.930223 
2.531347 -1.164158 -1.487236 
1.373519 -0.504564 -1.450729 
0.058447 -1.060606 -1.071641 
-1.525640 -0.501290 -0.721509 
-2.248292 -0.199899 1.168556 
-1.436473 0.660687 2.171311 
-0.511503 0.801847 3.157778 
-1.230553 0.806464 3.257633 
-1.822418 1.098411 2.497753 
-2.328096 1.294228 2.137894 
-2.170278 2.021326 2.839050 
-1.573919 2.837839 2.698763 
-1.901233 2.009452 3.034078 
-1.742913 1.694005 3.867170 
-2.344704 0.408141 3.192503 
-1.841070 0.624783 2.444189 
-1.447373 1.163357 1.834569 
-1.745998 1.474372 1.307908 
-1.788696 2.302083 0.910012 
-0.693034 2.922353 0.640116 
-0.960515 3.586229 0.718320 
-0.628503 3.172452 1.481544 
-1.025952 3.085086 2.300170 
-0.485099 2.571757 2.357167 
-1.069674 3.028005 1.526755 
-0.916223 2.626691 0.258499 
-0.907547 1.632957 -0.321385 
-1.531626 0.206256 0.163741 
-1.185902 -1.009053 1.321495 
-1.698552 -0.273210 1.131866 
-2.221145 1.303637 1.265692 
-1.682889 1.847020 1.048459 
-1.689922 1.909795 -0.378888 
-1.825672 1.381520 -1.759291 
-2.073640 1.447505 -0.961082 
-1.635439 0.977590 -1.077081 
-2.289384 1.445967 -0.459460 
-1.146800 1.254085 0.225656 
-0.383455 1.262687 0.307688 
-0.229135 0.682166 1.038291 
-0.351607 0.972371 1.344400 
-1.425560 0.558967 1.192202 
0.050189 0.115171 1.928048 
0.352522 -0.021811 1.310398 
-0.068963 0.133264 -0.274090 
0.150839 0.142708 -0.433177 
0.306013 0.379277 0.168837 
0.532684 0.120181 0.291866 
-0.551451 0.903688 0.167178 
-0.433937 1.430206 0.372595 
-0.645438 1.242866 0.782950 
-1.897379 1.258763 0.661367 
-2.021732 0.982556 0.351379 
-1.581980 0.546218 0.978055 
-1.027303 0.061889 1.765849 
0.108444 -0.208666 2.006339 
0.651619 -0.318141 1.065795 
0.792742 -0.890958 0.760603 
0.467043 -0.087732 0.612055 
-0.419686 0.279712 1.529603 
-0.187465 -0.263022 1.921766 
0.205551 -1.482489 2.792256 
0.207587 -0.426834 2.305807 
-0.267955 -0.541901 2.551823 
0.437168 -1.045276 2.767549 
0.789051 -1.638292 2.249512 
1.632809 -1.194628 2.271269 
-3.574817 -2.098323 -5.044452 
-3.033487 -2.252701 -3.855541 
-2.439499 -2.857813 -3.909670 
-1.148193 -3.021624 -4.244389 
0.333396 -3.574948 -4.250285 
0.806278 -3.241683 -3.197895 
-0.925977 -2.974970 -3.990510 
-1.078164 -2.395756 -3.003447 
-1.700371 -2.510139 -2.561892 
-2.819566 -2.100074 -2.215534 
-3.520086 -1.720017 -2.241208 
-3.360217 -2.065654 -2.681891 
-2.112712 -2.657792 -2.875263 
-0.774739 -3.434969 -3.535967 
0.442633 -4.580337 -4.181406 
0.089221 -4.137415 -4.464988 
0.793781 -3.838516 -4.643560 
1.727613 -3.366598 -3.233257 
0.256735 -3.326882 -3.911957 
-0.586395 -2.905233 -3.879600 
0.384330 -2.956158 -3.027342 
0.723375 -3.847614 -2.712098 
0.785275 -4.300963 -2.182363 
0.317388 -3.402962 -1.896391 
0.084981 -3.723134 -2.539129 
-0.009162 -3.315244 -2.318970 
-1.403084 -4.283282 -2.364096 
0.254333 -4.806310 -3.075797 
1.446133 -5.474881 -3.338947 
0.476255 -5.786708 -3.010102 
-0.082811 -4.843494 -2.490086 
-0.978696 -4.572921 -1.967680 
-0.667045 -4.222015 -2.482630 
-0.571489 -3.913490 -3.242097 
0.080742 -4.361614 -3.452570 
-0.400033 -5.276256 -3.316426 
-0.941042 -4.476809 -3.261259 
-1.139690 -3.536053 -2.875013 
-0.329083 -3.304286 -2.497287 
-0.641207 -4.993036 -2.861875 
0.527403 -6.026246 -3.201032 
0.475916 -5.225281 -3.316929 
-0.087861 -5.786969 -3.315492 
-0.811586 -5.698973 -2.229860 
-1.505242 -5.877271 -1.278997 
-2.240167 -5.380322 -1.055791 
-1.263262 -6.011818 -1.936745 
-0.326618 -6.514147 -1.767600 
0.581673 -6.521821 -1.972180 
0.105782 -6.089566 -2.249415 
-1.185635 -6.320002 -1.373709 
-0.934951 -5.880817 -1.809105 
0.297580 -6.137571 -0.926846 
1.275974 -5.718089 -0.732797 
2.245248 -5.233353 -1.153938 
1.358195 -5.173615 -1.092461 
1.749019 -5.129475 -1.540485 
1.600380 -5.401227 -0.499515 
1.331520 -6.200900 -0.323699 
1.120580 -6.085543 -1.539502 
0.778554 -5.151086 -1.988758 
1.421127 -3.755632 -2.432618 
1.579338 -4.669489 -2.154416 
1.649227 -5.997737 -1.385893 
0.673923 -5.204234 -0.671681 
0.838300 -3.437384 -1.242176 
0.659169 -1.450311 -1.358956 
1.961508 -0.335716 -2.076961 
2.412351 -0.426296 -2.144400 
3.237000 -0.376480 -3.191824 
3.599020 -0.412553 -3.114381 
2.610043 -2.065087 -2.767249 
1.857153 -3.165918 -2.590889 
1.550990 -4.193974 -1.892048 
1.350834 -4.630732 -0.504030 
0.381139 -4.340049 -0.872603 
-0.385644 -4.585767 -1.067360 
0.225993 -4.181100 -0.505492 
0.448665 -4.410621 0.210048 
1.103333 -4.140377 -0.890552 
0.545423 -3.553899 -0.778314 
-0.223773 -3.433237 -1.192206 
6.447545 -0.684739 -0.670611 
4.916592 -0.546003 -0.597794 
4.640615 -0.116122 -0.094257 
5.523900 1.046391 -0.507199 
5.892423 1.309760 -1.507838 
6.072103 0.511417 -1.468967 
6.227744 -0.359600 -1.837038 
6.084265 0.320674 -2.387377 
5.712996 1.633806 -2.701041 
5.283125 1.952654 -3.837533 
4.225824 1.371826 -4.495117 
4.811473 0.090796 -3.793645 
5.336906 0.393434 -2.170169 
5.296921 1.488847 -1.283905 
5.510731 1.330200 -0.800457 
5.542748 0.816791 -0.796721 
4.332220 0.505420 -0.668677 
4.835617 1.260426 -1.510798 
4.831843 1.023824 -2.441335 
4.842199 1.919385 -2.560505 
5.082222 1.898625 -2.107325 
4.053632 1.956475 -3.301287 
3.253894 2.335297 -3.853508 
3.835904 2.234479 -4.370076 
4.209965 2.738972 -3.966367 
5.126439 2.078207 -3.669061 
5.627104 1.445491 -3.239607 
5.178013 0.912480 -2.838028 
5.879923 0.418333 -3.511357 
5.502193 0.810120 -3.658523 
4.449422 1.482037 -4.166208 
3.211462 2.882597 -3.626776 
4.008468 2.771748 -4.128366 
4.016882 2.300507 -3.596602 
4.485204 0.995155 -2.849079 
4.977262 0.751955 -3.555876 
5.115359 0.291358 -4.630445 
4.398550 -0.029357 -4.991128 
3.497015 0.026168 -3.872102 
3.821606 0.726349 -3.971053 
3.796282 1.610891 -4.108411 
4.435939 1.466835 -4.455829 
4.135841 -0.096608 -5.182080 
4.049515 0.803860 -5.482318 
3.869449 1.182109 -5.058400 
3.165939 2.019330 -5.504961 
3.296289 1.447003 -5.391519 
2.674708 1.263012 -5.858509 
2.160265 1.426540 -5.297228 
3.186784 1.178595 -6.448756 
3.418013 0.869301 -5.834554 
3.100372 1.379392 -5.699550 
3.693755 0.633190 -4.826230 
3.684834 0.491126 -3.852659 
3.532988 0.207181 -4.726762 
2.838843 0.230568 -5.498568 
2.238787 -0.103243 -5.375604 
1.915848 -0.951357 -4.438829 
2.198650 -0.220197 -3.716915 
2.606883 0.589411 -2.767844 
3.386033 1.230331 -3.111929 
2.794198 0.623524 -3.421911 
2.288000 0.226017 -4.630195 
1.442588 0.875585 -4.418639 
1.995746 0.896081 -4.212766 
2.810782 0.499702 -5.043341 
2.794364 0.185371 -5.136393 
2.830052 -0.324656 -4.695210 
3.153123 -0.820885 -5.510466 
2.520334 -0.665553 -5.150713 
1.870248 0.049477 -3.849614 
2.125072 -0.651919 -3.196337 
2.695465 -1.377203 -4.577764 
2.752548 -1.787873 -5.302032 
2.991405 -1.401204 -4.540235 
3.531131 -1.526842 -4.637843 
3.857321 -1.761486 -5.036063 
3.580157 -1.263167 -4.978856 
4.744777 -0.258386 -4.603001 
5.523855 -0.061188 -5.797299 
7.959599 -0.871507 1.205491 
6.931120 -0.448501 1.090154 
5.942299 -0.119939 1.005978 
5.500349 0.572552 1.657315 
5.544572 1.064584 1.070293 
5.953780 1.001297 0.762037 
5.899961 1.816639 0.984788 
5.922750 2.010495 2.149713 
5.930481 1.752724 2.864207 
5.853008 1.918252 2.506577 
6.350524 1.061401 1.728915 
6.087084 0.525938 0.777312 
5.671623 0.145418 0.798183 
6.360501 1.229258 1.382526 
5.946468 1.907610 1.292784 
4.688715 2.375818 1.669713 
4.225835 1.863083 2.450858 
4.370455 2.091007 1.921755 
4.877675 1.746545 0.293517 
5.084298 2.891090 1.122283 
4.067284 3.190156 1.385463 
4.065030 3.888659 1.625696 
4.253727 4.082645 1.410182 
5.149545 3.690195 1.146687 
4.666887 2.872999 1.245338 
4.935390 2.139640 0.192697 
5.099110 2.619488 -0.326528 
4.075943 2.640733 0.375452 
3.525330 2.824255 1.213497 
3.549645 3.882907 0.919465 
3.754388 4.647579 0.947122 
4.474391 5.010044 0.617183 
5.129603 4.672327 0.734468 
4.951398 4.084645 -0.239503 
5.252296 3.550662 0.447149 
5.301253 2.739870 -0.087775 
4.657842 3.898987 -0.276173 
3.157464 3.505986 -0.343277 
2.689228 4.680323 -1.446881 
3.629574 4.598355 -0.986513 
4.374972 3.939422 -0.721248 
5.048796 3.094779 -0.696223 
4.433765 3.329441 -0.885332 
3.795629 2.953699 -0.176559 
3.133008 3.634213 0.528752 
2.608012 4.084749 -0.565189 
2.417002 4.815019 -1.019680 
3.004191 3.908859 -1.448033 
2.317238 3.893918 -1.939469 
2.339441 4.975095 -1.881132 
2.662176 4.843714 -1.640721 
3.920034 4.545641 -1.276288 
4.483919 4.150450 -1.078352 
3.656339 4.192762 -2.092569 
4.461338 4.233471 -1.740276 
5.140149 3.770631 -2.389326 
5.446671 3.464684 -1.993158 
5.556252 2.815935 -1.791571 
4.297000 2.617210 -1.101776 
3.163767 3.049110 -1.633345 
2.323323 3.556355 -2.757626 
2.829253 3.928022 -2.359527 
3.351253 4.098740 -0.557946 
4.573995 3.740302 -1.989718 
5.346073 3.443827 -2.591542 
4.817761 3.751793 -1.796454 
4.427413 3.486188 -2.877036 
4.194722 3.486359 -3.426662 
3.547559 3.901746 -2.974344 
3.643342 3.177904 -3.509382 
2.635489 2.515867 -3.481712 
3.537892 2.362310 -4.037407 
4.930079 2.734006 -3.569305 
4.670888 3.204773 -3.145697 
4.967028 2.544548 -2.873249 
4.987990 2.529431 -3.129433 
4.550688 2.348918 -3.729872 
4.481795 0.864828 -3.837552 
3.765901 -3.256116 0.642277 
3.095475 -2.391027 -0.877065 
4.294327 -1.508908 -0.423328 
4.718851 -2.023432 0.076049 
5.092734 -2.581207 1.001364 
4.726313 -2.946573 0.372141 
4.266590 -3.177204 -0.629254 
4.546926 -2.504674 -1.041435 
3.218170 -2.817772 -2.130714 
3.729770 -3.174927 -1.277632 
3.709134 -3.852200 -1.821349 
4.497024 -4.561689 -1.665459 
3.574086 -3.222286 -2.572643 
4.534806 -2.543263 -2.671371 
3.731245 -2.010207 -2.634423 
3.326168 -1.511281 -1.678642 
4.211590 -1.923064 -1.308083 
4.418608 -1.624016 -2.213359 
5.104053 -1.416351 -2.674415 
4.951203 -2.288668 -2.319706 
5.192653 -2.978854 -1.715043 
4.891066 -2.424872 -1.794550 
5.164102 -1.066648 -1.457020 
4.477599 -0.403265 -1.852580 
4.519217 -0.338969 -3.257537 
5.167254 -1.187254 -3.551797 
5.723042 -2.132744 -3.115557 
5.351792 -2.704091 -2.686230 
5.956862 -2.284333 -2.405828 
6.050354 -1.019235 -2.802064 
5.779367 -0.780431 -3.131071 
6.170010 -1.749257 -2.940159 
5.516912 -1.990354 -3.295775 
5.053353 -2.988874 -3.623372 
4.606122 -3.237670 -3.503510 
4.888424 -3.810450 -3.796532 
4.714708 -4.352768 -4.332072 
4.871795 -3.215337 -4.398848 
5.007148 -1.819648 -4.147171 
4.795984 -1.129289 -4.175489 
4.720035 -1.218665 -4.584624 
4.543446 -0.858594 -3.561498 
4.117499 -1.329877 -4.393880 
3.267225 -1.811513 -5.412609 
3.335974 -3.046785 -5.615125 
4.333404 -2.699912 -5.472137 
4.314025 -2.775800 -4.923234 
5.119373 -3.218557 -4.525129 
4.548906 -3.631321 -4.315320 
2.873566 -3.380096 -5.282203 
3.191527 -3.328359 -4.345344 
3.103483 -2.858986 -2.977588 
3.403860 -3.542068 -3.464392 
3.088303 -3.984873 -4.108600 
2.576439 -3.663414 -5.092694 
2.695838 -3.978800 -3.498324 
2.076234 -3.477433 -3.650071 
2.092488 -2.818812 -4.505195 
2.175223 -1.918498 -5.566500 
3.357985 -1.888202 -5.674371 
3.253806 -2.413388 -5.556936 
3.737141 -3.111174 -5.610756 
3.221643 -3.759772 -4.903170 
4.045043 -3.621799 -4.622279 
4.507020 -2.375023 -4.763052 
4.091574 -2.054429 -4.204996 
2.531068 -2.082850 -4.038738 
2.273646 -2.478733 -5.449247 
2.230382 -2.973808 -5.111412 
2.390643 -3.224714 -4.416661 
2.290112 -3.772894 -3.678426 
2.095886 -4.011011 -4.167296 
1.952051 -4.101533 -3.767671 
2.210762 -3.352299 -4.344072 
2.864360 -4.461372 -4.280627 
2.367060 -4.296821 -3.890652 
-2.929650 -4.159479 -3.328864 
-1.955445 -3.488993 -2.150420 
-3.190702 -3.972267 -1.940237 
-2.751314 -5.127638 -2.033894 
-3.254115 -4.515545 -2.091026 
-3.682348 -4.436453 -0.919996 
-3.058109 -4.691731 -0.908380 
-3.416449 -3.211781 -1.427092 
-3.975794 -2.725952 -1.179623 
-3.767419 -2.407012 -1.161295 
-3.196143 -3.286063 -0.605579 
-2.907761 -4.395371 0.023146 
-2.472646 -3.424743 1.237937 
-3.198590 -4.031390 1.605046 
-2.833906 -5.253598 1.324984 
-2.097599 -6.048275 1.557035 
-3.004609 -5.690985 0.213561 
-3.214060 -4.639048 0.493600 
-2.394798 -5.369299 0.349113 
-2.403030 -6.566308 -0.560426 
-1.983822 -6.314190 -0.897895 
-2.763007 -5.242140 0.133592 
-1.082351 -5.670654 0.703159 
-1.165544 -6.205919 0.549570 
-0.632187 -5.722628 0.367877 
-1.823221 -5.859165 0.971794 
-0.568963 -5.827142 0.891777 
0.469897 -5.238055 -0.407027 
0.173408 -5.847496 -0.155570 
-1.500831 -5.973904 -0.208387 
-2.117770 -6.241955 0.363621 
-1.746148 -6.110972 0.833621 
-2.436935 -5.623508 1.781371 
-2.141228 -5.545880 2.181679 
-2.193567 -5.962105 1.962099 
-1.536888 -5.432448 2.330840 
-1.703286 -3.615030 2.606775 
-2.376578 -3.922061 2.568841 
-1.664964 -5.188897 2.628875 
-2.122550 -4.303077 2.882472 
-2.481006 -4.930484 2.058840 
-2.232539 -4.859331 2.065098 
-0.557951 -4.703631 2.647125 
0.287752 -4.234766 1.500137 
0.636858 -3.738488 1.032245 
0.769989 -4.568693 0.659882 
0.649032 -4.841716 1.756365 
0.720205 -4.513321 2.356613 
-0.131480 -4.146918 2.798553 
-0.610121 -4.432309 2.383450 
-1.046910 -5.330798 2.895901 
-0.273786 -4.950661 2.545887 
0.585166 -4.550413 1.365199 
0.900118 -4.863233 1.554108 
0.300847 -4.824471 1.247070 
-0.313298 -3.839918 1.335837 
-1.304143 -3.443166 0.999647 
-0.986041 -3.417074 0.315954 
-1.039081 -4.475194 0.427265 
-1.650878 -4.384661 1.083512 
-2.165273 -4.743126 1.070140 
-1.715606 -4.161392 0.980079 
-0.783967 -3.482007 1.101194 
-0.070724 -2.458388 1.616726 
-0.252301 -3.123304 0.872147 
-0.976663 -4.631223 1.102778 
0.019336 -5.084664 1.245142 
-0.358194 -5.787487 2.083317 
2.775185 -6.206660 -5.488251 
3.008882 -5.169366 -4.261693 
3.493874 -4.814122 -3.178295 
3.179959 -5.754843 -3.791655 
3.380069 -5.440892 -3.439161 
4.471575 -4.894137 -3.249660 
4.609430 -4.546911 -2.732848 
4.062618 -4.998542 -3.835956 
3.013310 -5.665006 -4.020035 
1.826931 -5.761784 -3.187669 
1.760964 -5.305299 -2.805794 
2.182720 -4.588775 -3.210639 
1.984113 -5.837464 -3.511422 
2.043250 -5.588216 -3.735197 
2.540045 -5.501142 -2.299920 
2.514238 -5.668054 -1.791444 
2.471775 -5.303016 -2.262882 
2.674536 -4.324216 -3.347033 
2.720074 -4.728684 -3.276252 
2.689684 -5.219643 -3.547246 
4.223121 -4.860425 -4.055442 
3.145263 -3.759392 -4.172583 
2.524257 -3.748071 -3.496156 
1.690884 -4.746089 -2.264355 
2.374440 -4.513824 -2.318022 
2.446359 -4.309433 -1.562691 
2.227055 -4.323139 -0.203911 
2.217202 -4.461741 -0.985850 
2.502489 -3.964710 -1.857440 
1.865852 -2.726388 -2.076627 
1.293899 -1.617690 -2.827729 
1.208002 -1.458388 -2.668775 
0.437814 -2.130801 -1.488192 
0.391626 -2.354037 0.007593 
0.234854 -3.186636 0.219965 
1.231240 -3.438894 -0.464074 
1.792335 -3.670490 -0.400203 
1.420517 -3.495392 -0.401805 
1.993612 -3.628396 0.601262 
1.938287 -4.659623 0.121093 
2.571832 -3.460262 -0.647567 
2.744210 -2.942168 -0.804829 
3.098778 -3.424588 -1.088275 
2.793472 -3.103094 -1.038228 
2.557022 -3.168494 -0.729552 
1.528781 -3.099143 -0.499336 
1.997541 -3.130475 -0.220436 
2.310434 -2.382468 0.148743 
1.994096 -2.025122 0.625332 
1.499681 -1.497509 -0.000095 
1.072859 -1.991494 1.021178 
1.330515 -2.656542 0.712359 
1.304896 -3.238024 0.205035 
1.035179 -2.798070 0.816327 
0.963505 -1.585457 1.003405 
1.264185 -1.839477 -0.645097 
1.042469 -2.562662 -1.146488 
0.889916 -3.291831 0.197747 
1.161367 -3.005930 0.560437 
0.545586 -1.977397 -0.866380 
1.005323 -1.285339 -0.247646 
0.808465 -1.199519 0.918094 
0.474411 -1.885979 1.301544 
1.055015 -3.102630 1.923189 
1.297781 -3.661361 2.016231 
-7.353775 -1.237248 2.745590 
-5.891452 -1.335121 3.195230 
-4.417712 -0.691282 3.112151 
-4.933263 -0.887108 3.383827 
-4.990250 -0.207264 4.137058 
-4.082577 0.376662 4.210679 
-4.933972 0.323097 3.724916 
-5.516696 -0.593271 3.317250 
-5.508145 -0.712687 2.484197 
-4.866075 -0.255682 3.716199 
-4.597270 -0.230965 4.273699 
-4.421800 -0.614615 3.530568 
-4.921218 -0.712454 2.981318 
-5.055940 -1.581610 3.076697 
-5.758858 -1.670514 3.663086 
-6.053535 -0.750872 4.250573 
-6.255008 -0.583254 4.277949 
-6.085278 -1.446012 4.683690 
-6.544965 -0.780182 4.962972 
-5.813025 -0.337890 5.614803 
-4.915914 -0.271338 5.074510 
-3.840743 -0.130678 3.624755 
-4.334331 -0.524430 4.033778 
-5.007689 -0.481848 4.850717 
-4.500521 -1.642781 5.482007 
-4.773019 -1.398247 5.415708 
-5.121042 0.177836 5.447841 
-4.766157 -0.624461 5.585810 
-5.680106 -0.251503 5.594641 
-5.189454 -0.182661 4.890267 
-4.912036 -0.875698 4.024626 
-4.314314 -1.820116 3.678346 
-3.707589 -0.776198 4.133808 
-4.277293 -0.077911 5.466148 
-3.914358 -0.318871 5.035921 
-3.506779 0.280847 3.568777 
-4.221466 1.075110 4.130845 
-4.726059 0.765644 4.782363 
-4.546872 -0.412081 5.687540 
-5.349852 -0.672791 4.678181 
-4.644422 0.511222 3.373843 
-4.458541 1.019245 2.066176 
-2.955914 1.925321 1.716555 
-3.373961 0.995272 2.846342 
-4.090260 1.379359 2.311933 
-4.670776 0.984609 2.589872 
-4.407591 1.370969 3.519376 
-4.621368 1.121193 3.291343 
-4.939242 1.330186 2.766617 
-4.088633 1.874101 2.948642 
-5.086085 2.217391 2.563535 
-5.204912 1.664513 2.078267 
-4.915595 1.638049 0.956609 
-4.219364 1.646554 1.426087 
-4.154471 0.599883 2.076840 
-3.201514 0.132922 2.174510 
-3.849107 0.378746 1.599724 
-4.497905 0.649197 1.369707 
-4.087780 0.864987 0.432516 
-3.330999 0.471995 0.954310 
-4.002036 0.654013 0.406844 
-3.476784 1.104407 0.094093 
-2.684348 1.314261 -0.141924 
-3.308419 1.682095 -0.110615 
-2.829423 1.057073 0.168029 
-3.302422 0.896689 0.182136 
-2.578378 0.369813 0.724639 
-2.461833 -0.185826 1.700284 
-3.876618 -0.069093 0.127446 
-3.778628 -0.128435 -1.607777 
-2.375305 -0.635933 -0.589402 
-2.283931 -1.921825 -1.168598 
-0.646808 -1.655993 -1.207724 
-0.984819 -1.607843 -0.432703 
-1.997994 -1.024174 0.161584 
-1.247596 -0.503142 0.851230 
-1.932662 -0.632349 -0.272856 
-0.481934 -1.476726 -0.371899 
-0.786065 -2.370615 -0.773413 
-1.602816 -2.399081 -0.644571 
-2.141139 -2.481271 -0.248440 
-1.848663 -3.947385 0.072178 
-1.166319 -4.554213 -0.097453 
-1.455012 -4.776452 0.121322 
-1.071382 -4.175858 -0.686724 
-1.432771 -3.301554 -1.088265 
-0.982528 -3.018833 -0.702036 
-1.733119 -3.066230 -0.591649 
-1.715950 -3.096008 0.080532 
-2.481222 -2.930706 0.165608 
-2.057303 -4.343953 0.610023 
-1.868875 -4.177218 -0.269825 
-2.229793 -3.463769 0.433502 
-3.003534 -2.961484 -0.010615 
-1.544480 -2.396311 -0.323658 
-0.129253 -2.608329 -1.220251 
-1.126453 -2.999998 -1.613183 
-1.604610 -2.011914 -1.181233 
-1.815611 -2.458135 -1.081405 
-1.786331 -1.487314 -0.830827 
-0.930932 -1.401285 -1.171591 
-1.014312 -0.317478 -0.399779 
-0.175658 0.388997 -0.791873 
0.838799 -0.182630 -1.182505 
0.603065 -0.887979 -1.536098 
-0.179772 -1.939909 -1.609032 
-0.979415 -2.068860 0.140176 
-1.645637 -1.508272 0.966245 
-0.656696 -0.799144 -0.071064 
0.194436 -0.216388 -1.692238 
-0.227269 -0.120304 -1.726274 
0.521527 0.130649 -1.387563 
-0.285693 -1.238635 -1.064697 
-0.857040 -2.259866 -0.113817 
-1.056305 -0.919054 -0.810161 
-1.226948 -1.169130 -2.456167 
-1.679306 -0.601790 -2.995119 
-1.505688 0.018908 -3.633626 
-0.319012 0.202961 -3.406556 
-0.560651 -0.015339 -1.771034 
0.386754 -0.646107 -2.777369 
-0.209545 -0.475955 -2.266360 
-1.391561 0.414345 -1.072019 
-1.147762 0.512203 -0.325692 
-0.415512 -0.333008 -0.555062 
-0.095964 -0.532962 -1.391596 
0.603132 -1.073840 -1.200269 
0.797632 -0.877835 -0.378988 
0.187042 -0.939378 0.263461 
-0.950825 -0.565054 0.421730 
-0.753251 -1.638852 0.763633 
-0.433457 -1.425768 0.309995 
-0.243339 -1.860588 -1.114160 
0.684966 3.165033 1.532536 
0.212323 4.997295 1.460321 
0.230386 4.458989 1.097738 
0.713903 4.093968 1.201703 
1.020421 4.839615 1.115375 
0.638631 5.801381 1.186682 
1.314241 6.031679 0.681875 
1.209153 6.237396 0.654841 
0.197969 5.698628 0.763934 
-0.389546 4.879848 0.468166 
-0.674352 3.998192 0.174807 
-0.777808 3.818268 -0.599657 
-1.143370 4.876023 0.078723 
-1.808845 5.819654 -0.256505 
-1.749722 5.537393 -0.394161 
-1.549525 5.635922 -0.544767 
-1.708556 5.809820 0.204480 
-2.211190 6.205456 0.533582 
-2.239483 6.175805 0.908421 
-2.455002 5.838645 1.115260 
-1.284575 5.992230 1.150443 
-0.141847 5.894113 0.433433 
-1.170037 5.883420 0.252573 
-2.318055 5.329574 -0.300890 
-3.287691 4.315911 -0.960538 
-3.748188 4.834083 -0.041498 
-3.439963 4.296321 -0.363373 
-3.471493 4.907847 -0.746756 
-2.993323 4.421134 -0.302586 
-3.203473 4.959914 1.217979 
-2.239301 5.213402 1.257368 
-2.028193 5.511953 -0.130281 
-2.763443 5.786571 -0.086335 
-2.089396 5.549873 -0.687672 
-1.687407 5.417477 -1.680716 
-2.295088 5.240877 -1.209186 
-2.562713 4.784227 -0.997933 
-2.097046 4.040493 -0.294921 
-2.178032 5.401847 -0.446753 
-1.289919 5.007355 -0.449138 
-0.474231 5.397020 -0.999803 
-0.682004 4.654228 -0.699451 
-1.538569 3.949196 -1.618903 
-1.499389 3.806477 -2.819378 
-0.910935 4.453418 -1.742403 
-1.158644 4.817304 -2.247213 
-0.945241 4.478176 -3.182620 
-1.088195 4.679458 -3.394740 
-0.397020 5.193263 -2.786434 
-1.288687 5.412058 -2.104321 
-2.472773 4.701050 -2.118884 
-3.007502 3.295756 -2.048187 
-2.580683 2.337975 -2.735895 
-1.801501 2.554419 -3.552745 
-0.801184 2.501740 -3.443907 
-0.047119 2.926524 -2.325384 
-0.301463 3.564255 -1.724952 
-0.813459 3.779673 -1.863438 
-0.829274 4.195895 -3.070160 
-1.937891 4.184977 -3.538179 
-2.075327 3.199533 -3.769210 
-2.655679 3.018155 -3.552295 
-3.098020 3.575099 -3.958618 
1.230527 1.837625 0.914455 
1.364349 1.235381 -0.607156 
1.208634 1.060667 -1.590449 
0.371565 1.546029 -1.083601 
-0.454458 0.443046 -0.978202 
-0.418957 0.426148 -1.519473 
0.393200 1.336354 -1.427588 
-0.046107 1.932283 -1.051860 
-1.134985 1.457464 -0.661796 
-1.527324 0.592824 -0.692921 
-0.669763 1.457335 -1.513944 
-1.216770 1.767284 -1.435896 
-1.698833 1.724851 -2.441326 
-2.914061 1.970548 -2.982717 
-2.964206 2.014191 -1.977543 
-3.137824 2.928672 -2.346847 
-2.256337 3.608102 -1.790025 
-3.263804 3.213033 -1.403860 
-3.116001 3.920148 -2.185445 
-3.072559 4.286830 -2.130032 
-2.697315 3.604695 -1.501324 
-2.169946 2.897370 -1.620559 
-1.488721 2.688372 -2.270447 
-1.222271 2.525468 -2.569735 
-1.031811 1.270282 -2.412159 
-2.273827 1.950351 -1.944229 
-2.941044 2.894477 -1.682793 
-3.061928 3.141638 -0.733335 
-3.255623 2.500412 -0.893805 
-2.884048 2.048325 -1.650174 
-1.860916 2.192784 -1.713098 
-0.268234 2.302318 -1.734337 
-0.996269 3.169934 -0.377226 
-2.056068 3.734419 0.733139 
-1.830393 2.985459 0.448406 
-2.795056 3.008192 -0.037246 
-3.963177 2.922703 0.315877 
-3.779833 2.461569 0.781529 
-3.987842 1.684377 0.544323 
-3.849807 2.789595 1.135235 
-4.428674 3.521657 1.066160 
-5.056601 3.305005 0.966433 
-4.466324 3.495592 -0.217283 
-4.481901 3.236791 -0.279913 
-4.108085 3.025104 -0.844558 
-3.910123 2.756000 -0.947273 
-3.479879 2.024097 -0.190463 
-4.088999 2.660430 0.561608 
-3.813612 3.931553 1.743683 
-2.916768 3.632522 1.573051 
-3.131106 2.489809 1.074911 
-2.859640 1.282979 1.362866 
-2.713034 2.911125 1.019756 
-3.227206 3.423698 1.033225 
-4.063802 3.448146 0.611112 
-4.753754 2.633611 1.229680 
-4.693916 2.552791 1.992766 
-3.647313 3.064475 1.413323 
-2.458260 3.628859 0.814668 
-3.237274 3.659179 1.230215 
-4.061985 4.267860 1.247899 
-4.744841 3.325469 1.517328 
-4.713380 3.761785 0.110102 
-1.666872 -2.308860 5.649060 
-2.784211 -2.436364 3.783305 
-3.142305 -2.626573 3.176137 
-2.896661 -2.838617 3.192556 
-3.373198 -2.333574 2.000306 
-3.611025 -2.598805 0.797320 
-3.082643 -2.474045 0.308039 
-3.028198 -1.218129 -0.243158 
-2.965017 -1.505641 0.992831 
-3.453672 -1.648523 1.766445 
-3.620772 -1.076479 2.863454 
-3.441484 -0.398552 2.669238 
-2.587118 0.409547 2.290473 
-2.988390 0.821039 1.992914 
-3.289553 -0.918779 2.016339 
-3.893670 -1.638205 2.084923 
-3.250248 -2.329287 2.671735 
-1.498607 -2.397151 2.129773 
-1.685333 -2.437649 1.889541 
-2.788557 -2.010354 1.221002 
-3.528058 -2.411036 1.331284 
-3.816151 -1.586505 0.845593 
-2.903316 -0.819147 -0.458911 
-2.587904 -1.101154 0.512799 
-2.725319 -2.294607 0.539855 
-2.636393 -2.773537 1.272317 
-2.407322 -1.796456 1.486054 
-2.201042 -1.828906 2.244764 
-2.173350 -2.414876 3.059463 
-1.969460 -3.209428 3.568361 
-1.067465 -3.046841 3.220807 
-0.459449 -3.085698 2.755694 
-0.501657 -2.033929 1.464376 
-0.991640 -1.921750 1.445146 
-1.323163 -1.978672 0.779188 
-1.190345 -2.491840 0.792788 
-1.876431 -3.046588 1.889606 
-1.796275 -2.573505 1.188722 
-1.475475 -1.914510 1.144515 
-1.428437 -1.238436 1.048747 
-0.488375 -2.211560 1.262415 
0.685414 -2.800318 1.940899 
1.017379 -2.731962 2.896359 
0.382217 -2.667997 3.727131 
-0.255184 -2.425621 4.389712 
-0.139788 -2.734771 4.214636 
-0.086481 -3.448349 3.813822 
-0.560485 -3.863146 3.925440 
-0.662623 -3.068039 4.613186 
-0.400320 -2.843689 4.160363 
-1.105048 -1.718191 3.965966 
-1.149670 -2.503614 4.003542 
-1.439122 -3.654478 3.878582 
-0.808106 -3.910693 3.336243 
0.334790 -3.749755 3.191096 
1.072971 -3.707532 3.024061 
0.463670 -4.031122 3.335170 
-0.968006 -3.472931 4.529457 
-1.406079 -3.839292 4.909681 
-1.674933 -3.827848 3.877577 
-0.634476 -3.112428 3.388488 
-0.012813 -2.713658 3.365348 
-0.863305 -2.941063 3.961916 
-1.888460 -2.689290 4.459729 
-2.317119 -3.319005 5.184539 
-2.180807 -4.494845 6.162532 
4.813606 1.997248 4.580943 
4.673711 2.468001 3.435227 
3.980999 2.883055 3.237989 
3.467673 2.954650 2.635912 
2.838684 3.419808 2.819078 
1.602596 2.657272 3.755930 
2.082918 3.287120 3.793910 
2.335466 3.260139 3.953076 
1.895342 3.978914 4.182262 
3.212510 3.263169 3.412458 
4.773930 2.836145 3.066515 
4.687045 2.839442 2.683942 
3.764862 3.420915 2.554435 
3.092132 3.140623 2.571580 
1.941771 2.850478 2.403541 
1.556157 3.203629 1.793879 
1.520373 3.735446 2.113157 
2.210269 3.460525 1.898792 
1.957332 3.109369 3.221057 
1.459510 3.832921 3.399209 
2.343012 4.641248 2.371914 
2.289611 4.692759 2.665850 
2.517372 4.746418 2.985610 
2.096814 5.143837 2.334057 
1.655355 5.404431 2.841416 
2.087287 5.509378 2.095173 
2.670621 4.719055 1.154173 
3.042991 5.125745 0.589996 
2.794069 5.056536 0.478564 
3.134489 4.863395 1.755503 
3.211596 4.372741 1.115716 
2.013429 4.057113 0.938266 
1.586334 3.977875 0.210742 
1.119733 5.134338 -0.337906 
1.204845 5.782693 -0.253554 
2.212471 5.333959 -0.430642 
2.303551 5.446291 0.240041 
1.695918 5.509637 1.094641 
1.583595 4.814086 1.985562 
1.734584 4.707488 1.026334 
2.168458 5.122166 0.463033 
1.213084 4.490477 0.151653 
0.386436 4.484948 0.027196 
0.790298 4.888027 1.572055 
1.269256 5.431421 0.381455 
1.296264 5.806182 -0.964101 
1.461427 5.866113 -1.134138 
1.196464 5.617880 -1.317004 
1.117061 5.436133 -1.563850 
0.658846 5.525506 -1.861404 
-0.014372 4.710499 -2.699976 
0.392321 3.904156 -2.292654 
0.778229 4.664810 -2.127574 
0.908811 4.939722 -1.226474 
-0.285727 6.038972 -0.764056 
4.527261 -0.136798 3.348307 
4.495299 0.563048 2.109571 
4.684175 1.320706 1.078966 
4.177093 1.322537 0.806211 
4.101885 1.417566 -0.557973 
3.912761 1.015167 -1.017526 
3.500982 2.326646 -0.586561 
3.538709 3.054316 -2.019096 
2.524151 2.981559 -2.720809 
1.639646 1.787911 -3.115207 
2.214882 2.038775 -1.899648 
1.602972 3.346390 -0.897992 
0.470993 2.986803 -0.676655 
0.402409 3.338556 -0.531490 
1.154882 3.467938 -0.412702 
1.451037 3.119745 -1.522154 
2.062489 2.460404 -2.582119 
1.438311 3.597804 -2.800263 
0.734492 4.342804 -2.530651 
1.622418 4.311878 -2.230560 
1.905019 3.904704 -2.823441 
1.930543 3.859032 -3.400628 
1.395839 3.787162 -3.818715 
2.173332 3.472615 -3.825945 
1.798517 2.976138 -4.319379 
0.720036 2.029493 -5.028332 
0.817399 2.328998 -5.055993 
1.513677 3.694696 -4.271034 
0.898019 3.734388 -4.258028 
0.161730 3.893119 -4.269684 
1.014027 2.946630 -4.173565 
0.121344 3.468336 -4.551736 
0.782902 2.929023 -4.775696 
1.463214 3.202698 -4.731695 
1.244983 3.225169 -4.445225 
1.245622 4.303065 -3.418463 
0.582692 4.609950 -3.959806 
-0.089861 5.104807 -3.318062 
0.227356 4.743736 -3.251154 
-0.455527 3.525551 -3.960410 
-0.546725 2.909616 -4.263237 
-0.310318 1.632044 -5.239149 
-1.147823 1.057897 -4.758647 
-0.534477 1.874459 -4.571173 
-1.072206 2.195446 -4.314665 
-1.123582 1.829576 -4.190649 
-1.849471 1.736312 -4.047189 
-0.532607 1.365498 -3.194902 
0.168396 2.413111 -3.911061 
0.226783 3.011765 -3.514135 
0.213610 2.702736 -2.274630 
1.134187 2.787016 -2.416710 
6.649986 -1.946252 0.351601 
5.292150 -1.331664 0.366079 
4.576012 -1.001206 0.012443 
3.163520 -0.966668 -0.908793 
1.780002 -2.094748 -1.894493 
1.918009 -3.371167 -1.893990 
1.546259 -3.087724 -1.538496 
1.660763 -2.326934 -1.938881 
1.339818 -2.677521 -1.706110 
1.335028 -1.414845 -1.298624 
1.345982 -0.827781 -0.513946 
1.939798 -1.183297 -0.695479 
1.745438 -1.262691 -2.037540 
2.632804 -0.820042 -3.064374 
3.855457 -0.321915 -2.937785 
3.686235 -0.153905 -2.026444 
3.157066 -1.051227 -2.252977 
2.630627 -2.600830 -3.014841 
1.685148 -2.567022 -2.834867 
2.232295 -2.755219 -2.886847 
2.303227 -3.335780 -2.609306 
2.201127 -2.765510 -1.987951 
1.164394 -1.853291 -2.869807 
0.806789 -1.431512 -2.909840 
-0.025515 -0.713773 -2.947486 
-0.408800 -1.196369 -3.393618 
-1.042987 -0.968712 -3.138740 
-1.343003 0.206950 -1.800222 
-1.265645 -0.291142 -1.724104 
-1.079850 0.048358 -1.928050 
-1.581637 0.145963 -2.682961 
-1.865457 0.377808 -3.168778 
-1.655108 -0.068346 -2.270758 
-0.762915 -0.860559 -2.572292 
-1.038793 -0.502395 -4.203499 
-1.745851 -0.396489 -4.035561 
-1.484822 0.238772 -3.315552 
-1.522388 -0.692540 -3.772878 
-1.698814 -1.153991 -3.318871 
-1.258015 -0.917101 -2.667059 
-0.742901 -1.332855 -2.203720 
-0.201683 -1.538801 -1.639354 
-0.746992 -1.078279 -2.037476 
-1.853726 -0.552352 -2.528478 
-2.199538 0.081868 -3.243658 
-2.006247 0.006468 -2.592515 
-2.571743 0.568167 -2.198029 
-2.538288 1.053799 -3.463165 
-2.375743 0.782078 -3.629471 
-3.136977 0.690300 -2.742195 
0.843233 -1.102200 5.714829 
-0.039092 0.041851 4.535013 
-0.362656 0.406341 3.986604 
0.342576 0.101798 4.145102 
-0.464905 -0.076471 4.126011 
-1.789205 0.108005 3.031864 
-0.947714 1.663075 3.621704 
-0.759660 3.100882 3.808006 
-0.192284 2.561704 3.457711 
-0.320299 1.967921 3.200906 
-0.332599 2.028246 4.242274 
-0.026606 2.249060 3.787018 
-1.311049 1.179029 3.967845 
-1.678547 2.325569 3.846762 
-1.232458 1.988992 3.088014 
-1.403771 2.964605 2.946131 
-2.147552 2.302029 3.150111 
-2.418753 1.346160 3.694898 
-3.173712 0.741835 3.513621 
-3.687833 2.321425 2.875603 
-2.937172 2.554726 2.950908 
-2.879242 3.145178 3.635856 
-2.553032 2.456874 3.641527 
-3.351680 3.008739 4.609174 
-4.143961 2.783167 5.217935 
-4.669270 2.667092 4.661914 
-4.363674 3.618716 3.957164 
-4.204485 3.222106 3.362280 
-4.700070 3.396068 3.954164 
-3.738281 2.929395 4.215099 
-3.136655 3.367089 3.517203 
-2.683656 3.731274 3.043128 
-2.357133 3.605947 3.560245 
-1.993592 3.357084 3.053582 
-2.551133 3.288116 2.548016 
-2.753086 4.225481 2.612223 
-4.098239 3.283161 3.091164 
-4.802480 2.282876 3.891254 
-4.917733 2.575782 4.086774 
-3.723016 2.166481 3.831887 
-3.074706 2.800128 4.712824 
-3.287686 3.790546 4.577529 
-3.497364 3.511882 3.399069 
-4.411120 3.359937 3.178747 
-4.269573 3.564725 3.739408 
-4.695351 1.923819 4.691280 
-4.925370 2.831458 4.729555 
-5.770557 2.385003 5.014810 
-0.727127 -1.196972 6.318034 
-1.151357 -0.136272 4.888311 
-1.567556 1.116579 4.699724 
-2.157144 0.621330 4.535424 
-3.175086 0.266455 4.559611 
-2.051059 -0.141578 3.613660 
-2.358955 0.303647 5.062950 
-1.672802 -0.019610 5.259182 
-1.226132 -0.045376 5.708935 
-1.428028 0.755372 5.984385 
-2.081268 0.866074 6.250254 
-3.261201 0.188628 5.645816 
-4.440723 -0.445844 5.021506 
-4.527020 0.301837 5.406843 
-3.546431 0.088180 5.147932 
-2.996511 0.808900 5.383554 
-3.068224 0.664709 6.240460 
-2.526247 0.504265 5.778215 
-2.228049 1.623035 6.013411 
-2.709715 1.774199 5.255633 
-3.628126 0.947288 5.518028 
-3.846027 0.421098 5.020669 
-3.502396 0.942230 4.967178 
-3.029013 0.254914 4.104177 
-3.801103 -0.945219 3.874078 
-4.304681 0.345132 5.036370 
-4.392643 1.337005 6.079597 
-3.767552 1.590356 5.886816 
-3.378869 2.379769 5.771711 
-4.516313 2.105833 5.126402 
-5.030483 1.357926 4.964741 
-4.714396 1.243635 5.436638 
1.366786 5.177141 6.177095 
1.611992 4.081768 5.826308 
1.505108 2.977959 4.435823 
0.980598 1.672061 3.154217 
-0.086965 0.451490 2.168431 
0.716650 0.792341 2.664506 
0.656074 0.519941 3.760248 
1.616309 0.599839 4.188813 
1.307584 0.275844 3.415010 
1.358217 0.891824 3.038157 
1.181234 1.220500 3.880733 
0.602563 2.264830 4.512400 
1.055591 2.405488 5.294807 
2.168348 2.597656 5.570967 
3.398672 3.322345 6.030653 
3.325892 4.441246 5.691742 
2.435606 4.067403 5.022174 
2.065043 3.231995 5.794679 
1.957153 1.339331 5.522129 
1.702660 1.208667 4.385327 
0.653492 1.070621 5.064810 
0.664019 0.616547 5.161641 
0.956879 1.423275 5.013010 
1.650825 2.269884 4.297761 
1.860348 2.197329 4.821973 
2.304820 2.347009 4.289837 
2.090494 1.749647 4.491317 
0.503507 1.418181 4.857173 
-0.158331 0.564927 5.837483 
-0.684004 0.173088 4.883924 
-1.580580 -0.094609 5.428435 
-1.304079 0.767208 5.083940 
-0.527103 1.178493 5.617089 
-0.014524 1.955528 5.494409 
0.375494 2.568479 5.641703 
0.174497 2.476523 5.318575 
0.816011 2.072376 5.240327 
1.731532 0.990049 4.843454 
0.339018 1.717480 5.025414 
0.627062 3.119950 4.860101 
0.532611 3.754795 4.973451 
-0.623464 3.448675 5.515945 
-1.690199 2.765567 5.921590 
-1.741381 1.652992 6.335830 
-0.777960 2.652998 6.124037 
-0.865591 3.879506 5.597696 
-1.138452 3.323118 5.584784 
-0.644809 2.287169 5.745834 
-0.916012 2.212729 5.386512 
-1.560538 2.491921 5.587636 
-2.489991 3.252982 5.777260 
-2.111715 3.269991 5.105899 
-1.427268 3.714978 4.134052 
-0.210092 3.876620 4.253175 
-1.162976 2.950649 5.124502 
-1.428313 3.741920 5.321933 
-2.547131 3.925386 5.138885 
-2.070223 4.841387 4.549991 
-2.765977 4.469569 4.635181 
-1.625954 4.504238 4.838492 
-1.496429 5.279267 4.290809 
-1.481925 5.503018 3.978133 
-1.739648 5.741039 3.390663 
-0.872214 6.115521 3.546081 
-0.387373 6.833254 3.053006 
-0.690214 7.067747 2.369330 
-1.464749 6.406602 1.911882 
-2.268239 5.813485 2.055129 
-2.474656 5.215082 2.100979 
-3.025047 4.617532 2.958348 
-2.195004 5.182024 3.210345 
-1.460129 4.693635 4.583579 
-0.780574 4.514128 4.370077 
-0.687627 3.772966 3.465530 
-0.517398 4.143826 2.493853 
-0.653008 3.876904 1.898440 
-0.984968 4.480171 2.136918 
-0.038258 3.713649 2.213963 
-1.050226 3.972458 1.676497 
-0.824276 4.561512 2.599096 
-0.158935 4.905966 3.941618 
-0.448327 4.879994 4.240811 
0.438715 4.879006 4.066228 
0.376360 5.361073 3.488201 
-0.481593 6.112998 2.321951 
0.172291 5.974709 1.947564 
0.389173 5.803741 2.601675 
-0.630042 6.135427 2.818925 
-1.524616 6.470168 2.816799 
-2.610756 7.279967 3.259947 
