Snapshot 0 0.000000
-0.766657 2.301082 -0.406148 
-0.569943 3.024585 0.255551 
0.077031 2.933250 1.012573 
0.451735 2.292294 0.342668 
0.673620 1.730537 -0.454324 
0.176021 0.891548 -0.674532 
-0.749753 1.255769 -0.775953 
-1.150997 0.445119 -0.349515 
-1.431662 -0.480509 -0.095663 
-2.261954 -0.413012 -0.648888 
-1.784279 0.239109 -1.237587 
-1.157088 -0.536943 -1.171439 
-0.840781 -1.325316 -0.643787 
0.132801 -1.125145 -0.753654 
0.299071 -0.958929 0.218316 
1.266190 -1.095554 0.432828 
1.223908 -1.327886 1.404545 
1.576676 -2.175051 1.007222 
2.004263 -2.904198 1.541556 
2.831799 -2.770752 0.996233 
Snapshot 10000 471.194310
0.717570 -0.613728 -0.106151 
-0.999851 -1.125417 -1.065000 
0.473958 -1.054552 -0.650161 
-0.511259 -0.716126 0.655182 
-0.067314 -0.566516 1.665470 
1.260472 -0.545019 1.228428 
0.360878 0.391997 0.579871 
-1.975541 -0.924214 -0.439012 
-0.744773 -0.148171 0.017769 
-0.512767 -2.261787 -1.497207 
-0.408661 -1.683682 -0.236994 
1.200508 -2.148542 0.076229 
0.181810 -2.102677 -0.147291 
-0.726599 -0.517483 -1.682596 
1.898723 -1.331543 -0.356768 
0.958002 -1.673228 0.838782 
0.072026 -1.278896 1.043909 
0.775152 -1.285640 -1.577859 
-0.407018 -1.869383 -2.514817 
1.035192 -2.146690 -1.426574 
