Snapshot 0 0.000000
8.778804 19.110082 35.073938 
8.729762 18.476366 34.301929 
8.837835 18.048575 33.404535 
8.054524 17.441849 33.269225 
7.797481 16.555619 32.883836 
8.732404 16.323335 33.152094 
9.319229 15.958022 32.429472 
10.134438 16.367796 32.838765 
9.884771 16.203699 33.793091 
10.225639 15.405998 33.295614 
10.394407 15.212312 34.262053 
10.661856 15.997701 34.820295 
10.352174 16.463880 35.649013 
11.165328 16.826881 35.194029 
10.975955 16.806202 34.212342 
10.211526 17.405677 33.975113 
9.567891 17.071270 33.286705 
9.927710 17.236952 32.368511 
10.046749 18.073374 31.833508 
10.449972 18.955537 32.076820 
9.820309 18.833073 32.843976 
9.310156 19.662870 32.617744 
8.736318 19.346651 33.373200 
9.032619 20.077122 33.988520 
9.316843 20.867462 34.531271 
8.508211 21.453227 34.585985 
8.215795 21.853176 35.454624 
9.213662 21.918457 35.454246 
10.099797 21.970407 35.914751 
10.057366 22.857181 36.375003 
10.146874 23.836599 36.194092 
10.924032 24.170852 35.660893 
11.874467 24.256577 35.362021 
11.687844 25.094366 34.848911 
12.343115 25.799700 34.578498 
11.666248 26.038383 33.882164 
11.071356 26.581183 33.289314 
10.153799 26.964794 33.184754 
9.349324 26.510295 32.802328 
9.221352 26.142283 31.881355 
8.525191 25.561606 32.303463 
7.640691 25.925543 32.011558 
7.219792 26.054114 31.113608 
7.547245 25.223754 30.662746 
7.189229 24.796521 31.492985 
6.729262 24.512507 32.334274 
5.760301 24.375593 32.128439 
5.143741 23.755657 31.643120 
4.561022 23.577225 30.850276 
4.956034 24.248265 30.222845 
4.240597 24.720643 29.708054 
4.108349 24.762668 30.698380 
4.387377 25.520407 31.288274 
4.808168 25.003770 32.033942 
4.317750 25.324754 32.844164 
4.707815 26.245536 32.841202 
4.921736 27.211383 32.694993 
5.800999 26.850294 32.384330 
5.587159 27.111691 31.443084 
5.202214 27.043519 30.522666 
5.321620 27.308457 29.565822 
4.863678 26.477889 29.248890 
4.327400 25.847968 29.810677 
3.487889 26.391022 29.828384 
4.271553 26.682213 30.377090 
4.195676 27.677971 30.325033 
3.572295 28.439629 30.148192 
2.583840 28.311133 30.228465 
2.473016 29.300121 30.130374 
1.762673 29.100415 30.805304 
0.963123 28.507463 30.900844 
0.301844 28.780543 31.599513 
-0.511176 28.643313 32.165344 
-0.835731 29.300030 31.484619 
-1.440090 29.919910 30.984121 
-2.311718 29.556191 31.312714 
-2.153553 30.207184 32.055137 
-2.617079 30.995564 32.459613 
-2.576400 30.262196 33.138227 
-3.081819 29.793414 33.862655 
-3.258736 28.849100 33.585218 
-2.982085 29.279443 32.725992 
-3.829703 28.883597 32.372651 
-3.012394 28.855946 31.797115 
-2.882379 28.109496 31.144499 
-3.476656 28.171332 30.342619 
-4.408057 28.349108 30.660248 
-4.645881 28.085087 29.725511 
-4.713694 27.138310 30.040177 
-3.822837 27.029533 30.481245 
-2.941102 27.303990 30.097558 
-2.976660 26.429628 30.581526 
-3.266081 25.678964 29.987607 
-3.091077 25.396580 30.930810 
-2.343022 25.961791 31.278591 
-1.924519 26.671654 30.712067 
-0.958009 26.670277 30.455440 
-1.109712 27.506281 30.982776 
-1.393112 28.308000 30.456533 
-1.139189 29.259159 30.280980 
-0.398846 29.711429 29.783641 
-1.091918 29.779253 29.065971 
-8.425516 -2.907418 -56.581262 
-8.319702 -2.063596 -56.055174 
-8.205575 -1.802271 -57.013654 
-8.867971 -1.231323 -57.498681 
-9.106069 -0.834012 -56.612423 
-9.124828 -0.183987 -57.372104 
-9.761402 0.481300 -56.982020 
-9.111397 1.224897 -56.825311 
-8.930923 1.757663 -55.998517 
-9.873997 2.057612 -56.142190 
-10.870932 2.042787 -56.219017 
-11.710054 2.136247 -55.683164 
-11.440628 2.754628 -54.944913 
-11.997837 2.786354 -54.115147 
-11.349763 2.026418 -54.065160 
-11.958108 1.240586 -54.176447 
-12.205463 1.306014 -55.143160 
-11.981800 0.634418 -55.849513 
-12.894137 0.227433 -55.894300 
-13.316025 0.509347 -56.756005 
-13.278920 -0.477567 -56.912926 
-12.752864 -1.114781 -56.349701 
-12.030366 -1.644375 -55.905262 
-11.802575 -2.007370 -55.001743 
-11.137732 -1.330917 -55.318595 
-10.406232 -0.676801 -55.511054 
-9.969202 -1.530415 -55.794513 
-9.803375 -2.177457 -55.050310 
-9.557617 -2.768811 -55.818361 
-10.345495 -3.278899 -55.473314 
-11.176143 -3.514538 -54.968835 
-10.947887 -4.229048 -55.630177 
-11.844224 -4.672349 -55.638140 
-11.504943 -5.113803 -54.807474 
-11.276758 -6.065984 -55.010657 
-10.593962 -6.553428 -54.466427 
-10.996714 -5.977823 -53.754760 
-10.089008 -5.607081 -53.558239 
-10.002917 -6.317694 -52.859942 
-9.212250 -6.739431 -52.416114 
-9.344577 -7.539990 -53.000575 
-9.463749 -8.525294 -53.122940 
-9.067118 -8.717465 -52.225302 
-8.635394 -9.367926 -51.600390 
-8.215695 -9.505455 -52.497573 
-7.526575 -9.072963 -51.916139 
-7.536935 -10.057002 -51.738483 
-7.878098 -10.978987 -51.555318 
-7.706334 -11.261586 -50.611583 
-8.429347 -10.806987 -50.091397 
-8.465262 -10.908950 -49.097257 
-7.684455 -10.337421 -48.844879 
-7.178397 -11.199381 -48.875389 
-7.556449 -11.674885 -49.669727 
-7.723934 -12.611351 -49.977916 
-8.460567 -11.967089 -50.183584 
-9.343335 -12.248196 -50.560013 
-10.285433 -12.566636 -50.665114 
-10.144636 -12.541672 -49.675390 
-9.455255 -13.231536 -49.454388 
-8.773022 -13.276565 -50.184135 
-8.464099 -12.829032 -51.023349 
-7.529464 -13.177216 -50.951052 
-6.856940 -13.246771 -51.687851 
-6.855455 -13.321713 -52.685038 
-6.936420 -13.911869 -53.488257 
-5.952614 -13.937462 -53.310862 
-6.121927 -14.834166 -53.719830 
-6.050277 -15.108656 -52.760913 
-5.330997 -15.149441 -52.067391 
-4.978243 -15.646911 -51.274870 
-5.205499 -14.761344 -50.869744 
-4.618911 -14.077922 -50.435178 
-4.670052 -14.267232 -49.454593 
-5.635125 -14.487857 -49.313320 
-5.931833 -14.599753 -48.364930 
-5.988630 -15.580110 -48.553802 
-5.047426 -15.335946 -48.787295 
-4.445847 -15.535718 -49.560726 
-4.067830 -15.950198 -50.388560 
-3.155066 -16.310164 -50.581655 
-2.173464 -16.392332 -50.409299 
-2.611218 -17.095081 -50.970116 
-2.254245 -17.879690 -50.463205 
-2.412120 -18.081614 -51.429799 
-1.493948 -17.784603 -51.167605 
-1.829909 -17.087033 -51.800476 
-1.753703 -17.340439 -52.764830 
-2.051167 -17.027366 -53.666773 
-1.693557 -16.110573 -53.844554 
-1.242686 -15.352929 -54.316455 
-0.668192 -15.731425 -53.590716 
-1.009702 -15.468242 -52.688439 
-0.380163 -14.756850 -53.000852 
-1.315188 -14.674702 -53.345788 
-10.132796 -16.543418 -13.706362 
-9.537207 -17.314691 -13.481839 
-10.184397 -17.868495 -12.957963 
-9.937006 -18.738639 -12.531763 
-10.595111 -19.164636 -13.152588 
-10.701165 -18.620830 -13.985070 
-11.369060 -17.932299 -13.702508 
-12.121730 -17.854115 -14.356246 
-11.927422 -18.713446 -14.829316 
-12.116603 -18.512587 -15.790495 
-12.222631 -19.473550 -16.046051 
-12.763341 -19.980418 -16.717406 
-12.490118 -19.211042 -17.294822 
-12.735267 -18.368229 -17.773956 
-11.939179 -18.856365 -18.131681 
-11.669264 -18.211652 -17.416495 
-11.561653 -17.219017 -17.360856 
-12.375652 -17.467924 -16.836022 
-12.867339 -17.016072 -16.091661 
-13.376923 -16.300854 -16.569978 
-13.864715 -15.638648 -16.001170 
-14.821514 -15.928536 -15.978833 
-15.416091 -15.675485 -15.215653 
-15.559217 -16.645486 -15.412152 
-15.882595 -17.570322 -15.211886 
-16.641418 -17.410046 -14.580618 
-17.173010 -17.197148 -13.760811 
-17.306127 -17.552991 -12.835794 
-18.242394 -17.494284 -13.182143 
-18.889277 -17.263505 -12.455312 
-19.377251 -18.071678 -12.125558 
-20.253341 -17.610655 -11.984403 
-19.529582 -16.996458 -11.669865 
-19.881367 -16.064945 -11.577503 
-18.922421 -16.250464 -11.363016 
-18.046472 -15.818631 -11.578037 
-17.510059 -16.346502 -12.236529 
-16.803817 -16.070812 -11.584442 
-16.797520 -16.928623 -11.070515 
-16.639442 -17.915139 -11.028116 
-17.069734 -17.851276 -10.127688 
-16.982254 -18.362061 -9.272442 
-17.966773 -18.205621 -9.193386 
-18.801734 -18.153367 -9.741209 
-19.131064 -18.980682 -10.196283 
-19.500567 -19.867289 -10.474483 
-20.153369 -20.604158 -10.298773 
-19.684142 -21.215573 -9.661594 
-19.275964 -21.346000 -8.758057 
-18.348914 -21.139162 -9.070780 
-18.506553 -21.269729 -10.049607 
-17.727067 -20.643413 -10.061013 
-17.473457 -21.478136 -9.572220 
-17.862678 -22.392409 -9.684517 
-17.137996 -22.491198 -10.366482 
-16.482219 -22.751792 -11.075035 
-16.573947 -23.167316 -11.979980 
-16.350866 -23.994518 -11.464254 
-15.579519 -23.358583 -11.439523 
-15.932610 -23.416990 -10.505759 
-16.280403 -24.354232 -10.530605 
-16.645237 -23.837479 -9.756097 
-17.171587 -24.500908 -9.224290 
-17.144734 -25.078320 -8.408279 
-16.896060 -25.934015 -8.862093 
-16.143665 -26.070759 -9.506456 
-16.750194 -25.310047 -9.737624 
-16.272602 -24.890431 -8.965725 
-15.806571 -24.977079 -9.846240 
-14.900878 -24.719076 -9.509854 
-13.969697 -24.957067 -9.786011 
-13.367184 -25.410046 -10.443117 
-12.759117 -25.694755 -9.702040 
-12.195557 -26.418838 -9.304417 
-12.634694 -26.729763 -10.147320 
-11.934284 -27.055489 -10.782401 
-11.561210 -27.711361 -10.126164 
-11.833065 -28.537298 -10.620048 
-10.991562 -29.019868 -10.862948 
-10.730537 -29.966344 -10.673084 
-11.257727 -30.126645 -11.507575 
-11.158803 -29.458998 -12.245451 
-11.354877 -29.971010 -13.081752 
-12.330920 -29.808034 -13.225895 
-28.695796 23.396882 9.772798 
-27.701164 23.475439 9.840155 
-27.667472 22.512359 9.573056 
-27.036551 23.117294 9.087265 
-26.986022 23.049586 8.090840 
-27.968003 22.861764 8.069975 
-28.101850 23.812359 7.789878 
-28.253934 24.620361 8.359090 
-28.064806 25.600176 8.294328 
-28.131928 25.444561 7.308793 
-28.947569 26.018308 7.383244 
-29.882709 25.670494 7.315883 
-29.454690 24.846782 7.687769 
-30.202203 24.938592 8.345640 
-30.969053 24.526820 8.837968 
-31.363812 24.950611 9.653177 
-32.297353 24.593806 9.687693 
-31.572343 23.912068 9.785638 
-31.986761 24.002828 10.691188 
-31.168240 24.322983 11.168183 
-31.109368 23.324723 11.164830 
-30.409095 23.605506 11.821168 
-30.333837 23.223317 12.742182 
-30.268947 22.226820 12.794937 
-30.576559 21.811767 11.938721 
-30.254164 22.357812 11.165483 
-29.780958 21.945193 10.387138 
-29.416668 21.042948 10.617890 
-29.130991 20.355518 9.950185 
-28.777773 19.776251 9.215552 
-28.512549 19.226589 10.007719 
-28.590206 19.297439 11.002179 
-27.778867 18.753438 11.216169 
-28.456552 18.316918 11.807942 
-29.307084 18.535536 11.329610 
-29.918824 18.439980 12.114876 
-30.407664 19.241378 12.459544 
-31.242097 19.004062 12.956941 
-30.380480 18.857518 13.442885 
-29.987934 18.605344 14.327371 
-30.012818 17.996571 15.120325 
-30.308943 17.447830 15.902114 
-30.681086 16.560757 16.175265 
-29.977834 16.032115 15.699897 
-29.579865 16.617305 14.993374 
-29.019019 17.092350 14.315301 
-28.209709 17.371406 14.832161 
-27.716827 18.213240 14.612200 
-27.506840 18.445449 15.561929 
-27.464380 18.272798 16.545997 
-26.717479 17.643047 16.759423 
-26.084848 17.297468 16.066348 
-25.295936 16.809872 16.440338 
-25.392177 15.839592 16.662361 
-24.531373 15.578983 16.225211 
-23.912791 16.356174 16.340667 
-24.304371 17.227903 16.635205 
-23.364247 17.568245 16.653496 
-22.490422 17.982626 16.399101 
-21.806421 17.689933 17.067288 
-20.979547 18.116011 17.434353 
-20.191093 18.402175 16.889880 
-20.579071 18.039340 16.042635 
-21.549476 18.273047 16.103424 
-21.319960 19.242544 16.189429 
-20.613290 18.916801 15.561330 
-20.794575 18.675455 14.607973 
-21.639980 18.702534 15.141413 
-21.479093 19.574676 14.679370 
-21.594219 20.361960 15.285118 
-21.804295 21.338696 15.242057 
-22.429695 21.968090 15.703293 
-21.805540 22.648123 15.318605 
-21.571478 22.766229 16.283626 
-20.619421 22.594887 16.537064 
-20.780210 21.609665 16.478031 
-20.838207 20.734975 15.996830 
-20.044722 21.259863 15.688812 
-19.904713 21.594475 14.756915 
-19.445668 20.710980 14.663571 
-19.255119 21.238498 13.835674 
-18.654356 20.551028 13.427669 
-12.579676 58.922782 48.045238 
-13.037369 58.141291 47.621223 
-13.766295 57.573510 48.003702 
-13.703808 57.653618 48.998527 
-13.934386 56.690231 48.861702 
-14.491613 56.546490 48.043878 
-15.211374 57.007293 48.563112 
-15.411297 57.965322 48.357658 
-15.906795 58.826218 48.473149 
-15.710908 59.357445 49.297423 
-15.504026 60.106470 49.926836 
-16.022500 60.829021 49.469557 
-16.470135 61.330723 48.729341 
-15.610851 61.293277 48.219215 
-16.322708 61.914443 47.891475 
-16.711345 62.785110 48.192972 
-17.439273 62.136467 48.415198 
-18.000275 61.860958 47.634577 
-18.248437 61.052291 48.167937 
-18.745713 60.436882 47.556391 
-18.149361 60.656458 46.784283 
-17.330051 61.047039 47.204016 
-16.833167 60.238029 47.518037 
-16.791100 60.329038 46.523076 
-16.062124 60.983742 46.323186 
-15.792454 60.176832 45.797663 
-15.866151 60.662257 44.926497 
-16.258063 59.796214 44.616056 
-16.312292 59.930062 43.626539 
-17.184864 60.413304 43.697909 
-16.763195 61.296665 43.902527 
-16.788271 61.724421 42.998981 
-16.895867 61.957686 42.032539 
-15.903768 62.078576 41.998983 
-15.649275 62.972393 42.368203 
-14.668746 63.134175 42.479514 
-13.842081 63.668611 42.655590 
-13.478162 64.593649 42.546650 
-14.202503 64.868397 43.178982 
-14.636417 64.866281 42.278030 
-15.451633 64.981306 42.845651 
-15.904985 65.701003 43.371491 
-16.497611 66.506447 43.378923 
-16.645727 67.015797 44.226640 
-17.609317 66.885654 44.460216 
-18.603216 66.793399 44.399768 
-19.414147 67.010983 44.942952 
-19.696891 66.218604 45.483499 
-20.150732 66.951644 45.990136 
-19.701185 66.470026 46.742434 
-20.109232 66.488146 47.655215 
-20.745548 65.992548 48.246387 
-20.012879 65.709143 48.865157 
-19.137146 65.948058 49.284695 
-18.814822 66.627978 49.943342 
-19.522699 67.205076 49.536074 
-19.989671 66.759147 50.299674 
-19.940597 65.777403 50.115907 
-20.353369 64.866937 50.090016 
-20.054648 65.058117 51.025011 
-20.094517 64.300233 51.676182 
-20.654941 63.476606 51.763149 
-20.220154 63.795023 52.605510 
-19.858031 64.036555 53.505803 
-19.413900 63.251585 53.073865 
-18.932293 62.628694 52.457373 
-19.247233 61.716827 52.720641 
-19.142869 60.729871 52.598057 
-19.544773 61.216385 51.822314 
-19.267888 62.151285 51.600286 
-19.808122 62.558054 50.863614 
-18.817979 62.676304 50.788560 
-17.876441 62.993051 50.673768 
-17.405834 62.727319 51.515145 
-17.683797 63.219175 52.340259 
-16.735747 63.489586 52.172692 
-15.939033 62.979267 51.848931 
-16.561500 62.240756 52.108039 
-16.629367 61.674516 52.929480 
-17.056684 61.158829 52.186871 
6.699604 29.134882 62.240738 
7.291794 29.875196 61.922544 
7.002973 29.271079 61.179829 
6.602260 29.080193 60.283731 
5.716736 28.723258 59.986336 
5.306134 28.065333 59.355035 
5.742961 27.241026 58.994895 
6.664579 26.871029 59.112039 
6.994409 27.455893 59.853083 
7.156405 28.111127 59.115232 
6.911474 28.406041 58.191633 
7.742381 28.936778 58.024564 
8.641854 28.768805 57.621161 
8.922027 28.074674 58.284249 
8.476812 27.182138 58.212392 
8.284984 26.844684 57.290803 
7.622106 26.097822 57.237987 
7.528955 25.166968 56.884667 
6.588002 25.386681 56.627115 
6.136128 24.570530 56.266964 
5.364582 25.117971 56.591040 
4.678257 25.633905 57.103651 
4.230057 26.230263 56.437713 
4.335652 27.224661 56.432840 
3.861021 28.067183 56.178120 
3.556847 28.830474 56.748090 
4.083268 29.387847 57.390131 
4.210558 29.920404 58.226898 
3.976390 29.355198 59.017915 
3.780677 28.438351 58.669939 
3.236573 29.042135 58.087363 
2.866241 29.874237 58.500231 
1.985710 29.526413 58.822231 
1.660609 28.659002 58.445526 
1.496495 29.229120 57.640521 
1.780446 28.542637 56.971109 
1.832324 27.690678 56.450077 
1.022088 27.641933 57.034150 
0.659985 28.572251 57.092364 
0.232393 29.082097 56.345891 
-0.621033 29.585536 56.210929 
-1.059205 29.062872 55.479610 
-1.790701 29.403845 56.070077 
-2.006410 29.599776 57.026675 
-1.915260 29.113084 57.895481 
-1.744616 28.301474 57.336758 
-1.930064 27.692888 56.565246 
-2.028114 27.054922 55.801449 
-1.362838 26.652025 55.172893 
-0.450712 26.258777 55.057210 
-0.184292 25.341369 55.352818 
-0.145158 25.596880 56.318832 
-0.092030 26.343912 56.981493 
-0.876618 26.962863 56.945139 
-1.444838 26.140233 56.965267 
-1.943964 25.642512 57.674596 
-2.653827 25.432096 57.002421 
-2.253364 24.546629 57.238167 
-1.558571 24.030159 56.737647 
-0.806402 24.640158 56.488361 
-0.697570 24.188906 55.602626 
-0.988931 24.125253 54.648133 
-1.485953 23.550818 53.997754 
-1.382727 22.778357 54.624370 
-2.098929 22.132166 54.887983 
-1.496793 21.605275 54.288135 
-2.260163 21.005724 54.047710 
-3.112446 21.481300 54.265519 
-3.477971 22.407283 54.170928 
-3.548167 22.958209 55.002524 
-4.409495 23.150219 55.472891 
-4.157163 22.184048 55.526187 
-4.387771 22.233323 54.554389 
-4.442710 21.291163 54.885020 
-4.715064 20.947853 53.986154 
-5.320008 21.736713 53.877791 
-6.119638 21.900554 53.300083 
-7.101288 21.898798 53.490767 
-56.004296 23.166982 36.909638 
-56.901197 23.606741 36.956333 
-57.677034 23.702716 37.579924 
-57.898914 24.668642 37.713176 
-58.144868 24.445708 36.769880 
-57.820020 24.082383 35.896685 
-58.125374 23.278239 35.386674 
-58.244516 23.311929 36.378979 
-58.535645 23.025662 37.291829 
-57.738222 22.498922 37.586213 
-57.800570 22.861895 38.515924 
-57.363381 22.010589 38.805999 
-57.205791 22.164315 39.781465 
-56.946174 22.874050 39.126579 
-56.217498 23.321773 38.608336 
-56.870038 24.019163 38.311959 
-57.823095 24.016153 38.614733 
-58.664731 23.503387 38.445264 
-59.186306 24.356192 38.419119 
-59.902356 24.831926 37.908286 
-59.787384 24.369454 37.029139 
-59.682820 24.537105 36.048854 
-60.223524 23.715813 36.230837 
-60.849679 24.344152 35.769189 
-61.550702 24.988945 36.073835 
-61.417191 25.979988 36.071198 
-61.402954 26.739008 35.420286 
-60.932955 27.466003 35.920865 
-61.035690 28.432712 35.686519 
-61.434628 28.865441 36.494971 
-61.912485 29.387329 35.788370 
-62.171391 30.333678 35.981735 
-62.721514 29.645370 36.454594 
-62.754178 30.497700 36.976578 
-62.853475 31.334602 36.438308 
-63.141280 31.654139 37.341117 
-62.195267 31.947607 37.203512 
-61.561119 32.501625 36.664141 
-61.800761 32.412679 35.697363 
-62.125919 31.735166 35.037629 
-61.403696 32.133850 34.472435 
-60.586942 31.658999 34.800198 
-59.969801 31.227177 35.457973 
-60.075454 30.807298 36.359382 
-59.423256 31.329066 36.909288 
-59.515775 31.032802 37.859903 
-58.821731 30.943304 38.574251 
-58.994637 31.874203 38.252489 
-59.345634 32.807189 38.172874 
-60.032524 32.636250 38.879246 
-60.393733 32.820935 37.965233 
-60.122427 32.342380 37.130142 
-60.712194 31.659448 37.561162 
-60.588324 31.253028 38.466413 
-61.356899 30.664629 38.717568 
-60.699007 30.246682 39.344066 
-60.874523 29.359487 38.917359 
-61.505171 28.870377 39.519898 
-61.860738 28.017600 39.137349 
-61.355852 27.176521 39.331456 
-60.524418 27.606360 38.979382 
-60.621174 27.452134 37.996095 
-60.332205 28.333549 37.622459 
-60.450040 27.800611 36.784550 
-61.195387 27.151952 36.938496 
-61.054163 26.179685 37.124916 
-61.776710 26.239650 37.813632 
-62.143179 26.985389 38.370026 
-62.694500 26.213998 38.687833 
-63.087092 25.352621 39.010169 
-63.851748 25.177123 38.390086 
-63.564210 25.984349 37.874618 
-62.970152 25.183139 37.802804 
-62.008833 24.908034 37.789274 
-61.943630 23.948848 38.064430 
-61.894996 24.032120 37.069091 
4.989764 68.509782 -34.257962 
5.950186 68.246136 -34.168071 
6.645308 68.285656 -34.885876 
6.095327 67.453684 -34.958977 
5.426866 67.047259 -34.336099 
4.592894 67.587776 -34.225043 
4.297596 67.112890 -33.396019 
3.347955 67.013265 -33.693100 
2.428059 67.331115 -33.922800 
2.887532 66.883879 -34.690175 
3.630771 67.552843 -34.681101 
3.293764 68.406092 -34.283116 
2.485195 68.849233 -34.670212 
2.263405 69.468015 -35.423815 
1.277631 69.544669 -35.573392 
1.299112 70.432846 -35.114392 
1.866671 70.147832 -34.341964 
2.561265 70.831970 -34.119492 
3.425064 70.340620 -34.008024 
3.048381 69.683112 -33.355497 
3.170858 69.144298 -32.522023 
3.979301 68.621507 -32.792410 
4.204207 67.741332 -32.374428 
4.766072 67.117407 -31.831266 
3.924562 66.802909 -31.392003 
4.098206 65.820512 -31.460876 
3.519175 65.618086 -32.250653 
2.975034 65.216761 -31.513870 
2.347609 65.054548 -30.752276 
1.591180 65.246059 -30.126866 
2.349594 65.675976 -29.636987 
3.018163 65.489305 -28.917148 
2.331854 66.157962 -28.631007 
2.558496 67.026336 -28.189917 
1.697391 67.121670 -27.690508 
0.782394 67.175728 -28.090333 
0.410734 67.394246 -27.188047 
0.253441 66.411413 -27.284471 
-0.666613 66.425230 -27.676020 
-0.225491 65.758239 -28.276466 
-0.316070 66.668065 -28.681452 
-1.185950 67.155494 -28.605813 
-2.159133 67.223094 -28.385935 
-2.801652 67.487541 -27.666743 
-2.666674 68.460045 -27.856523 
-2.758697 68.160134 -26.907005 
-2.979263 69.075097 -26.569079 
-3.150265 70.006404 -26.247480 
-3.982875 70.032995 -25.694259 
-3.594082 69.888326 -24.784363 
-3.986545 69.261831 -24.110955 
-4.725661 69.884371 -24.368158 
-5.692028 69.914050 -24.112712 
-6.421499 70.558381 -23.883122 
-7.119603 70.672006 -24.590045 
-6.544762 70.234718 -25.281664 
-5.924902 69.937441 -26.007887 
-5.887993 70.876051 -26.350885 
-4.927547 70.605006 -26.414744 
-3.976128 70.516703 -26.709711 
-4.303193 69.575163 -26.790528 
-4.849575 69.100845 -26.100247 
-5.777288 68.777521 -25.913672 
-5.810680 68.148094 -25.137330 
-6.224260 67.799062 -25.978240 
-7.018736 68.317043 -26.295262 
-7.817590 67.780255 -26.566723 
-8.487860 68.035649 -25.869936 
-20.422496 41.326382 -14.510062 
-20.456204 40.685631 -13.743054 
-19.960036 40.171677 -13.043291 
-20.405598 40.618778 -12.267678 
-20.354258 40.237648 -11.344583 
-21.261369 40.498805 -11.014515 
-21.085542 41.346381 -11.515215 
-21.904161 41.765397 -11.908010 
-21.835809 42.278063 -11.052147 
-21.295114 42.940860 -10.534124 
-21.210698 43.833026 -10.977875 
-20.674870 43.633084 -11.798187 
-19.779708 43.278804 -11.527687 
-19.487627 44.168969 -11.177980 
-19.576736 44.947539 -11.799180 
-20.493537 44.843990 -11.413495 
-20.858631 44.989340 -10.493941 
-20.356895 44.198011 -10.144573 
-19.755110 43.504730 -9.748068 
-19.255655 43.317222 -10.593872 
-18.497027 42.859915 -10.129810 
-17.624361 43.022827 -9.669469 
-17.799691 43.471974 -8.793383 
-18.033678 43.245518 -7.847885 
-17.854414 44.220629 -7.717409 
-18.837645 44.043879 -7.672501 
-18.860321 44.848292 -7.078864 
-19.839316 44.680668 -7.194926 
-19.414568 45.476106 -7.627208 
-19.633618 46.443848 -7.502735 
-20.183069 46.442883 -6.667210 
-19.872639 45.517741 -6.448701 
-20.502994 45.988331 -5.831289 
-20.794137 46.944149 -5.871883 
-21.312751 46.961588 -5.017053 
-21.902322 46.168507 -5.170123 
-21.024334 45.831205 -4.830469 
-21.156595 45.208921 -4.058932 
-20.185311 45.077055 -4.256968 
-19.224391 45.244023 -4.036164 
-18.351636 45.246124 -4.524319 
-17.751967 44.455803 -4.398663 
-18.641521 44.001548 -4.447103 
-19.147402 43.497014 -3.747439 
-18.838281 43.463593 -2.797003 
-19.150428 42.695889 -2.237365 
-19.561790 42.917060 -1.353134 
-19.877715 42.731497 -0.422673 
-20.751623 43.206969 -0.321615 
-21.657472 43.097528 0.087602 
-22.561287 42.728663 0.304528 
-22.045732 42.890011 1.146056 
-22.387745 43.825284 1.237108 
-22.065247 44.279326 2.067674 
-23.016478 44.136337 2.341012 
-23.722721 44.299962 1.652210 
-23.397617 45.237752 1.530325 
-24.242726 45.160755 1.001304 
-24.935719 45.493793 0.361894 
-24.946811 44.499944 0.472083 
-24.695457 43.738893 1.070097 
-24.126134 42.939693 0.877349 
-23.541599 42.142797 1.029913 
-23.903309 42.161984 1.962006 
-24.508745 41.697458 2.608275 
3.230924 -50.477018 -61.506762 
3.612722 -50.804855 -62.370911 
3.362085 -50.086316 -63.019666 
3.499417 -50.169410 -64.006699 
2.859484 -49.763912 -64.659430 
2.819329 -48.823858 -64.998082 
2.925772 -49.136640 -65.941924 
1.937211 -48.987068 -65.961297 
1.164760 -49.283062 -65.399418 
0.388352 -48.834506 -64.956713 
-0.005175 -48.137100 -64.357745 
-0.854334 -48.013031 -64.871102 
-1.788188 -47.657960 -64.828203 
-2.066541 -46.843096 -65.336648 
-2.097986 -46.868763 -66.335824 
-2.969722 -47.288580 -66.588471 
-3.321251 -46.363923 -66.734886 
-4.066570 -46.022443 -67.307504 
-4.103381 -46.415562 -68.226255 
-3.835945 -46.685673 -69.151197 
-3.241545 -47.442492 -69.423066 
-2.268322 -47.659992 -69.497442 
-1.752888 -47.022067 -68.925271 
-1.395474 -46.940611 -69.855658 
-0.806543 -47.746142 -69.921087 
-0.125178 -47.654986 -70.647332 
0.680063 -47.489615 -71.216753 
1.568397 -47.768632 -71.581461 
1.929886 -46.925213 -71.978914 
2.453460 -47.217312 -72.779257 
3.020239 -47.711239 -73.438649 
2.285551 -48.373426 -73.586102 
1.413093 -48.155718 -73.148584 
0.421184 -48.255525 -73.227030 
0.016444 -49.063205 -72.798266 
0.961929 -49.237379 -73.073439 
1.080775 -50.005550 -72.444321 
0.111591 -50.211456 -72.309102 
0.411373 -51.124484 -72.032496 
-0.587000 -51.156917 -72.079380 
-0.534544 -50.467850 -71.356583 
-0.646710 -51.377344 -70.956284 
-0.500593 -52.297737 -70.593618 
-0.495519 -51.533968 -69.948148 
-0.366506 -51.456873 -68.959506 
-0.118352 -51.348730 -67.996841 
-0.601164 -50.566327 -68.390209 
-0.584593 -50.497381 -67.392726 
-1.075222 -50.396431 -66.527225 
-0.167482 -50.781933 -66.361703 
0.060958 -50.415947 -65.459556 
0.625188 -50.624443 -64.660697 
1.602725 -50.824354 -64.593937 
2.493401 -50.955252 -64.158550 
2.284747 -51.929907 -64.239236 
2.903490 -52.343568 -64.907099 
3.374431 -53.224688 -64.950034 
3.107083 -54.147753 -65.226578 
4.051066 -54.299866 -65.519422 
4.007766 -53.356415 -65.848094 
4.147825 -52.807227 -66.671973 
4.857644 -52.843998 -67.375397 
5.684359 -53.201613 -67.809740 
4.945857 -53.873980 -67.860117 
5.410570 -54.747206 -67.713425 
6.191722 -54.158099 -67.920200 
5.874326 -54.393564 -68.838794 
5.392578 -54.283278 -69.708136 
4.528132 -54.455397 -70.180480 
7.794704 7.629582 -19.508962 
7.170820 7.922338 -18.784350 
6.657437 7.491527 -19.526536 
6.749285 8.482467 -19.624521 
7.202456 9.365949 -19.743249 
6.305444 9.471611 -19.314059 
6.185611 8.646628 -18.761751 
5.488526 8.282343 -19.379302 
4.626578 8.532452 -18.938291 
4.445966 8.759131 -19.895368 
5.032813 9.364585 -19.357747 
5.093145 10.073080 -20.060879 
5.864407 10.417976 -20.595856 
6.809116 10.091914 -20.561096 
7.262313 9.580285 -21.291060 
6.313974 9.281391 -21.397435 
5.882376 8.441145 -21.725627 
5.861797 9.266817 -22.289401 
5.051453 9.576188 -22.787027 
4.407093 10.052687 -22.188905 
4.105209 9.103430 -22.100719 
4.789405 8.836492 -21.422030 
4.524230 7.877282 -21.324061 
3.783152 7.786923 -20.658749 
3.250513 8.362895 -20.038626 
2.767424 7.703173 -19.462960 
1.791132 7.509651 -19.559929 
2.104108 8.453403 -19.666604 
2.218907 7.989945 -20.545256 
1.263771 7.695958 -20.509387 
1.373664 7.745094 -21.502115 
0.497735 8.091164 -21.165983 
0.558559 8.959661 -21.657931 
-0.029043 9.270651 -20.910931 
-0.636417 10.064786 -20.932037 
-1.284492 9.315019 -21.065634 
-2.230999 9.209539 -21.370591 
-2.598106 8.799025 -20.535900 
-3.408724 8.748265 -19.952529 
-3.536655 9.393917 -19.199689 
-4.116093 9.026970 -18.471951 
-5.006251 8.639204 -18.711234 
-5.696985 9.299883 -18.417314 
-6.500169 9.891785 -18.349870 
-6.949465 9.282531 -19.003278 
-7.592362 9.457871 -18.257664 
-7.085356 9.626440 -17.412365 
-6.181287 9.717894 -16.994880 
-6.212204 9.651473 -15.997568 
-5.689593 8.939369 -15.528755 
-4.754792 9.123735 -15.225182 
-4.117157 8.538253 -14.724551 
-4.477854 9.357265 -14.278326 
-4.436820 9.464578 -13.284948 
-4.361598 10.294802 -12.732617 
-4.052089 11.123248 -13.199395 
-4.460167 12.025431 -13.339173 
-3.513853 12.251947 -13.108564 
-3.986737 13.013738 -13.551344 
-4.020726 13.969196 -13.844509 
-3.044079 13.781713 -13.949445 
-2.251468 13.839018 -14.556474 
-2.382758 14.705988 -15.037229 
-1.772052 14.845676 -15.816668 
19.496604 -54.028338 27.476138 
18.629002 -53.935134 27.964583 
19.325469 -54.326993 28.565731 
20.280299 -54.157870 28.810064 
20.503282 -54.496523 27.895956 
21.017300 -55.353071 27.850012 
21.141250 -54.674374 27.126129 
20.272002 -54.337699 26.764110 
20.986725 -53.670196 26.555278 
21.411241 -53.409304 27.422296 
21.583398 -52.495579 27.054234 
20.968956 -52.341740 26.280416 
20.901433 -51.454070 26.735918 
21.154600 -50.896361 25.945432 
21.198686 -49.920400 26.158871 
21.235558 -48.938800 25.971519 
22.020121 -48.415736 26.304483 
22.249091 -49.276114 25.849155 
22.495513 -49.427647 26.806398 
22.225345 -50.388416 26.743692 
22.997178 -50.880700 26.341289 
23.880744 -50.420555 26.428338 
23.572809 -49.735294 25.768343 
24.326490 -49.124840 26.011879 
23.819434 -48.937977 26.853293 
23.447598 -48.852975 27.777691 
24.078465 -48.321546 28.343015 
23.151519 -47.972613 28.205112 
22.377106 -48.329533 27.682722 
22.290866 -47.340599 27.803442 
21.436671 -47.101864 28.265348 
21.468221 -46.800663 29.218386 
22.357307 -47.257981 29.198746 
22.032144 -48.198876 29.293533 
22.520518 -48.775790 28.638810 
22.047885 -49.337386 29.317947 
21.308203 -49.024055 28.722385 
20.928709 -48.125672 28.501268 
20.130755 -48.683144 28.272151 
19.951275 -49.661246 28.377525 
20.706458 -49.489275 27.744971 
20.904104 -50.458067 27.894566 
21.592929 -50.269210 28.594461 
22.059906 -51.084209 28.251373 
22.628190 -51.737845 28.751187 
22.107961 -51.969597 29.573168 
22.313936 -52.657334 30.269294 
22.964275 -53.175426 30.824848 
22.972520 -52.619602 31.656107 
22.499894 -52.160030 32.408049 
22.056987 -51.263478 32.413425 
22.771346 -51.137377 31.725101 
22.157722 -51.619777 31.099996 
21.424763 -51.044219 30.737361 
21.918861 -50.232649 30.425559 
21.357001 -50.187307 29.599570 
20.407717 -50.055197 29.314253 
19.743566 -49.611967 29.916292 
18.994998 -48.962122 29.784588 
18.760214 -49.187069 30.730249 
17.985079 -49.783648 30.522257 
18.212992 -49.832002 31.494737 
17.878085 -48.900337 31.635581 
-18.315196 -49.210858 -4.476602 
-18.343499 -50.207414 -4.554542 
-18.385920 -50.989708 -3.933079 
-17.646894 -51.542863 -4.317603 
-18.074033 -52.265938 -4.860479 
-18.711480 -52.697686 -4.222313 
-19.188308 -53.338459 -4.824015 
-19.093693 -54.104016 -5.460388 
-19.666564 -53.360532 -5.805424 
-19.478417 -54.122831 -6.424697 
-18.878519 -54.118704 -7.224763 
-18.958383 -53.605315 -8.079194 
-19.480383 -53.974109 -8.848289 
-18.760068 -54.660887 -8.945667 
-18.028778 -55.225464 -8.562956 
-18.048946 -55.151312 -9.559999 
-18.848509 -55.150964 -10.160580 
-19.430911 -55.963475 -10.185744 
-20.246367 -55.726585 -10.713868 
-20.367831 -56.672992 -11.013133 
-21.239314 -56.454000 -11.451951 
-21.334183 -55.989566 -10.571440 
-21.837134 -55.134969 -10.442194 
-21.394484 -54.538097 -9.773012 
-21.169317 -53.578597 -9.942306 
-20.706867 -52.758344 -9.605669 
-20.732622 -52.932433 -10.590062 
-20.471426 -53.728989 -11.135291 
-20.801219 -54.666104 -11.021041 
-21.219459 -55.139237 -11.796425 
-22.179422 -54.864478 -11.851003 
-22.890195 -55.130181 -11.199695 
-22.797982 -56.026904 -11.632574 
-23.766525 -55.846942 -11.804442 
-24.216804 -55.252434 -12.470632 
-25.188149 -55.272848 -12.707428 
-24.973560 -56.243412 -12.598076 
-24.584938 -56.704465 -11.800327 
-24.815642 -56.151825 -10.999474 
-25.063174 -55.199993 -11.180426 
-25.751003 -55.568763 -11.805646 
-26.107778 -55.208665 -10.943647 
-26.790546 -55.426196 -11.641149 
-26.885076 -56.405513 -11.820041 
-27.281901 -56.931930 -11.068100 
-27.869862 -56.309143 -11.584275 
-28.448703 -57.121163 -11.509663 
-28.298304 -58.038396 -11.140794 
-27.451114 -58.482503 -11.432409 
-27.015364 -58.193957 -10.579846 
-27.672878 -57.504227 -10.276617 
-27.991190 -58.319801 -9.793380 
-28.140501 -59.289342 -9.987534 
-29.128111 -59.132442 -9.984439 
-28.884110 -59.444004 -9.066075 
-28.850013 -59.058317 -8.144076 
-29.312511 -58.818199 -7.290590 
-30.294872 -58.868086 -7.110371 
-30.472901 -59.007775 -6.136311 
-31.451990 -58.937384 -5.945445 
-31.438971 -59.935250 -5.881468 
-32.183347 -59.736902 -5.243846 
-32.276536 -60.535019 -5.839098 
26.517504 16.305582 -67.217062 
27.405656 16.745839 -67.348825 
27.220894 17.128308 -68.254132 
27.670344 17.785357 -68.859343 
28.181252 18.064103 -68.046156 
28.589599 18.701755 -68.699343 
28.785943 19.617384 -68.348525 
29.550298 20.245901 -68.204554 
29.866403 19.921882 -67.312876 
29.902315 18.975875 -67.635027 
29.767042 19.016433 -66.645049 
29.495747 19.340584 -65.738780 
29.428883 19.391793 -64.742332 
28.871315 18.592666 -64.967085 
28.721519 19.072285 -64.102489 
29.000132 19.633095 -63.322830 
28.861181 20.120593 -62.460833 
29.301898 20.729789 -63.120113 
29.907671 21.324212 -62.591246 
29.918311 21.872120 -63.427717 
30.352145 21.479337 -64.238588 
31.046714 21.107983 -63.622414 
30.935333 20.585979 -62.776775 
31.715772 20.109937 -63.182113 
31.713825 19.404037 -63.890421 
32.445077 18.847226 -63.496425 
32.878806 19.706815 -63.766585 
33.179037 20.151896 -62.922924 
33.701219 19.379885 -63.285313 
34.408088 19.219541 -62.596382 
34.957540 18.385981 -62.653651 
34.016416 18.132838 -62.429588 
34.110162 18.004029 -63.416817 
34.343073 18.868640 -63.862014 
33.939057 18.631576 -64.745514 
33.611543 19.535434 -64.470241 
34.554594 19.863153 -64.413183 
34.588813 19.322532 -65.253753 
34.106104 20.194487 -65.335519 
34.830754 20.198708 -66.024624 
35.719787 20.464331 -66.397537 
35.609264 19.789766 -67.127432 
36.283401 20.458285 -67.441475 
35.409931 20.924397 -67.582152 
34.859134 20.100851 -67.717777 
35.346385 19.277783 -68.009572 
35.516679 19.701481 -68.899224 
35.883259 20.631218 -68.864480 
35.654028 20.269386 -69.768101 
35.456519 19.643749 -70.522798 
35.868926 20.389816 -71.045584 
35.425835 21.283677 -71.114026 
34.755676 21.472697 -70.396281 
33.933531 21.717147 -69.882159 
33.015456 21.330605 -69.794277 
33.418949 21.632002 -68.930359 
33.567415 21.084323 -68.106948 
33.258997 21.419012 -67.216520 
33.348441 20.923272 -66.352667 
32.956636 20.008777 -66.251731 
32.429330 20.496259 -66.947655 
32.189925 21.460037 -67.065199 
32.785284 22.237846 -66.863800 
32.163462 23.002500 -67.033036 
32.440404 23.887400 -67.407542 
33.360867 23.504506 -67.485900 
61.361404 -11.252418 42.962238 
61.897717 -11.086796 42.134627 
62.561454 -10.922390 42.864301 
63.207207 -10.842869 43.623695 
63.805477 -11.286391 44.291049 
63.644647 -12.270312 44.368720 
62.726877 -11.914274 44.192834 
61.803585 -12.024688 44.560720 
61.452256 -12.009053 45.496842 
60.628115 -12.102301 46.055498 
60.604065 -11.288313 46.635882 
60.802708 -10.800794 45.785666 
60.059823 -10.416424 46.333737 
59.675860 -9.495532 46.266429 
59.102721 -8.707108 46.043047 
58.151303 -8.462521 46.230076 
58.247425 -9.336286 45.753322 
57.818775 -10.083706 45.245757 
58.778285 -9.928361 45.010794 
59.140814 -9.241471 44.380909 
59.616772 -10.079844 44.115215 
59.779519 -10.495044 43.220161 
60.210951 -10.231438 42.357387 
59.995795 -10.580706 41.445401 
60.495309 -9.719568 41.539888 
61.323996 -9.257310 41.855475 
62.153280 -9.804092 41.740074 
63.052192 -9.739630 42.173437 
63.530844 -10.166195 41.406017 
64.188440 -10.767406 41.860014 
64.567350 -11.458704 42.475266 
65.469806 -11.820960 42.708382 
66.445329 -11.996863 42.576421 
65.926933 -12.686070 42.070199 
66.277967 -13.059580 42.928841 
66.740629 -13.531600 43.679269 
67.151837 -13.928975 44.499635 
67.187737 -14.551455 43.717823 
66.732707 -15.292831 43.224558 
66.362236 -16.185443 43.481454 
67.044918 -16.865241 43.749445 
67.204236 -17.492308 44.511944 
67.819652 -18.263251 44.675986 
67.401270 -18.958429 45.260524 
66.730470 -19.509420 45.756947 
66.115628 -19.207667 46.485586 
66.426278 -18.270251 46.328272 
66.002671 -17.367409 46.254557 
65.468481 -17.758715 45.505209 
64.663262 -17.374939 45.053172 
63.954173 -16.992089 44.461041 
63.198193 -16.355048 44.310465 
63.561879 -16.776648 43.479812 
62.585132 -16.623770 43.329500 
62.330562 -17.552531 43.598936 
-3.395436 -14.415718 51.105338 
-4.219374 -14.555719 50.556224 
-4.804359 -15.362538 50.473543 
-5.340591 -15.512254 51.304230 
-5.979587 -16.280994 51.331108 
-6.169316 -16.824468 50.513405 
-5.367446 -17.101166 49.983835 
-5.595788 -17.461272 49.079300 
-5.359183 -16.562270 48.710769 
-4.426812 -16.862286 48.912448 
-4.076405 -16.673689 47.995035 
-4.836649 -16.673466 47.345398 
-5.575017 -17.278337 47.047164 
-5.943717 -17.496474 46.143573 
-6.536272 -18.301837 46.159953 
-7.424044 -17.847057 46.230915 
-8.057608 -18.475080 45.779048 
-8.823187 -18.214984 45.190628 
-8.911911 -17.457320 44.544041 
-8.182549 -16.810804 44.767755 
-7.962859 -17.162697 43.857861 
-7.097275 -17.625925 44.048082 
-6.536875 -18.266394 43.522962 
-6.721160 -17.457353 42.964848 
-6.672162 -17.289004 41.980339 
-6.500499 -16.623053 41.254362 
-5.726425 -17.146086 41.611077 
-5.993673 -16.287646 42.048865 
-5.872845 -16.541830 43.008444 
-5.461217 -17.397240 42.694061 
-4.512566 -17.091241 42.613901 
-3.536270 -16.992697 42.421196 
-4.042559 -17.273232 41.605738 
-3.296978 -17.303529 40.940012 
-3.209640 -18.297336 41.008703 
-2.548303 -18.272458 41.758380 
-2.573252 -19.212209 42.099327 
-2.829739 -20.049099 42.582886 
-3.383015 -19.422807 43.132108 
-3.227507 -18.499017 42.782208 
-4.079670 -17.984290 42.876409 
-4.916598 -18.525193 42.959933 
-4.480798 -18.326215 43.837707 
-3.810731 -18.104742 44.546198 
-3.542389 -18.816403 45.195453 
-2.879031 -18.907753 44.452747 
-2.246119 -19.460893 43.911030 
-2.287227 -20.309779 43.384055 
-1.347000 -20.325669 43.724230 
-0.960416 -20.750811 44.542648 
0.028054 -20.629399 44.452170 
-0.155471 -19.646819 44.422946 
-32.165496 -8.616018 39.066238 
-32.812684 -9.204347 38.581454 
-33.700446 -9.130264 39.035757 
-33.815055 -8.551920 39.843459 
-34.252321 -8.013869 40.564084 
-33.583121 -7.323946 40.840084 
-33.271549 -7.563725 41.759556 
-33.259105 -6.591878 41.524271 
-33.416824 -5.610585 41.634672 
-33.872261 -4.799334 42.001346 
-34.162020 -4.698572 41.049565 
-34.899683 -4.986501 41.660262 
-35.017543 -5.633306 42.413755 
-35.937210 -5.792614 42.772689 
-36.660076 -6.397208 42.438128 
-37.230829 -7.098164 42.010458 
-36.755379 -7.975363 41.943617 
-36.113959 -8.597854 41.495191 
-35.268778 -8.125330 41.245414 
-35.248683 -7.528649 42.047640 
-35.766084 -7.481562 42.902087 
-35.457650 -6.594330 43.245144 
-35.230119 -5.949503 43.974821 
-34.924497 -5.041749 43.687458 
-35.893445 -4.794485 43.688289 
-36.428487 -4.189548 43.098560 
-36.495506 -4.495673 42.148930 
-37.105483 -3.728940 41.948810 
-38.063904 -3.782980 41.668617 
-38.746228 -3.695598 40.942808 
-38.838629 -2.850022 41.468606 
-38.237986 -2.265743 40.922852 
-37.541970 -2.438830 41.619704 
-37.506564 -2.149682 42.576333 
-37.296955 -1.941142 43.531621 
-37.968019 -1.213803 43.387920 
-38.640198 -0.501803 43.590980 
-39.300579 0.135604 43.193980 
-39.867012 0.959196 43.164801 
-40.815449 0.745807 43.399175 
-40.869907 0.692654 44.396275 
-39.881277 0.547923 44.355492 
-39.441878 -0.339842 44.218374 
-40.089700 -0.916711 44.715915 
-40.197297 -1.123626 45.688339 
-39.511487 -1.100373 46.415749 
-39.546155 -0.838642 47.380267 
-39.177761 -1.648986 47.835928 
-38.543513 -2.368807 48.118041 
-39.383901 -2.893266 48.254754 
47.030804 -26.694918 -27.662562 
46.918129 -26.721448 -28.655840 
46.931481 -27.718230 -28.576795 
46.367600 -28.229849 -29.225088 
46.760667 -29.116027 -28.979755 
45.992220 -29.711520 -29.214012 
46.425852 -29.349555 -30.039205 
47.243155 -29.002617 -30.499258 
47.464166 -29.359088 -31.407048 
47.032470 -30.003408 -32.038309 
46.876405 -30.946247 -31.743863 
47.179090 -31.881479 -31.927500 
46.275568 -32.169107 -32.245175 
45.521565 -32.250029 -31.593308 
45.127056 -31.413306 -31.973121 
44.725787 -30.903962 -31.211838 
44.559969 -31.440669 -30.384523 
44.559003 -32.105448 -31.131562 
44.348064 -32.938469 -30.620111 
44.260443 -33.109158 -29.638689 
45.143447 -32.641538 -29.598246 
45.426332 -32.630977 -28.639150 
45.374601 -31.900522 -27.958151 
44.417410 -32.142418 -28.117123 
44.216186 -32.850890 -27.440679 
43.218809 -32.882564 -27.505762 
42.496721 -33.319589 -28.042045 
42.321697 -34.279103 -28.262727 
41.951477 -35.206197 -28.321317 
41.704791 -35.607649 -27.439284 
41.373089 -35.124779 -26.628846 
41.838226 -35.995064 -26.466822 
41.771196 -36.935372 -26.800478 
41.782057 -36.927830 -25.800566 
41.552929 -36.751224 -24.843324 
40.674867 -36.461803 -24.462217 
40.774004 -35.576787 -24.007335 
40.976477 -34.607479 -23.867880 
41.185380 -34.753517 -24.834851 
41.983594 -34.412292 -24.338443 
41.907215 -34.933098 -23.488192 
41.884126 -34.928190 -22.488470 
41.728689 -35.891254 -22.268592 
42.544356 -36.258339 -22.715734 
43.226758 -35.723350 -22.217622 
43.568116 -36.597185 -22.563871 
43.758017 -37.270336 -21.849165 
44.004748 -36.869103 -20.967045 
40.313504 -46.011698 -73.330862 
39.479083 -46.453191 -73.000977 
40.228408 -47.093045 -72.830392 
39.822335 -47.182782 -73.739816 
40.742327 -47.261892 -74.123687 
41.389663 -46.609261 -73.729950 
42.302708 -46.813691 -73.377022 
43.027672 -46.569694 -72.732902 
43.355490 -46.855588 -71.832457 
42.770176 -46.988410 -71.032603 
43.590781 -46.822033 -70.485861 
43.310249 -46.739860 -69.529540 
43.045960 -46.740596 -68.565097 
42.717242 -47.575766 -68.124149 
43.400959 -47.612030 -67.395304 
44.039174 -46.905238 -67.090137 
43.295924 -46.785814 -66.431869 
43.869423 -47.357294 -65.844920 
44.184079 -47.942363 -66.592373 
44.546450 -48.429990 -67.386669 
44.579063 -49.384540 -67.090409 
43.843220 -49.855283 -67.577170 
43.058678 -50.233477 -68.068559 
42.443518 -49.585349 -67.619660 
41.898117 -50.421318 -67.680438 
41.253939 -50.864354 -68.303939 
40.709616 -51.702797 -68.330880 
40.054949 -51.993291 -67.633008 
39.224882 -52.281662 -68.110324 
38.710410 -51.445501 -68.300464 
38.255135 -50.816455 -67.670364 
39.149080 -50.384283 -67.551659 
42.900404 -54.203938 -9.008162 
42.733081 -54.447230 -8.052751 
42.233817 -55.154858 -8.552749 
42.976787 -55.337369 -9.196709 
42.208355 -55.809239 -9.628971 
42.938728 -56.279664 -10.124204 
42.137607 -56.864732 -9.998110 
42.515036 -57.767130 -10.206020 
41.774130 -57.823329 -10.875274 
41.256420 -57.044743 -11.229930 
40.617744 -56.882120 -10.477835 
39.765104 -57.334470 -10.739338 
39.787049 -58.099220 -11.383292 
40.445806 -58.813882 -11.618445 
41.072814 -58.559563 -12.354775 
41.800446 -58.344383 -13.006119 
42.358881 -57.903590 -13.708865 
43.064649 -58.529597 -14.040540 
43.295896 -57.623988 -14.396065 
42.367956 -57.417524 -14.706388 
42.156191 -58.340026 -15.029106 
41.382444 -57.713931 -15.125650 
40.528847 -57.290088 -14.822780 
41.006857 -57.186834 -13.950516 
41.942135 -56.844497 -13.860740 
42.902783 -56.890566 -13.586817 
42.792603 -56.372383 -12.738674 
42.182891 -56.884585 -12.133776 
42.676815 -56.536875 -11.336821 
42.551822 -55.551222 -11.450245 
42.034233 -54.697012 -11.400978 
41.696346 -53.809601 -11.087396 
41.634499 -53.096019 -11.785234 
42.105450 -53.571199 -12.528476 
43.083479 -53.404580 -12.653771 
43.280549 -54.205570 -13.219084 
43.525026 -54.888248 -13.907693 
44.287026 -54.240673 -13.906149 
43.581219 -53.540275 -14.012349 
44.008856 -52.896444 -14.646864 
44.279412 -52.392223 -15.466961 
45.194422 -52.673938 -15.178181 
44.802456 -53.469630 -15.639958 
44.430330 -53.279455 -16.548449 
45.428766 -53.236887 -16.584683 
45.949791 -52.852759 -17.346903 
46.866639 -52.840279 -16.947863 
46.552999 -53.015503 -16.014628 
46.287187 -53.969643 -16.152319 
46.778938 -54.011702 -15.282600 
46.445323 -53.798705 -14.364268 
47.276249 -53.538531 -13.872463 
47.875764 -53.972425 -14.545009 
47.855257 -54.825748 -15.065988 
48.010453 -55.811953 -15.123542 
47.920470 -56.749409 -15.459815 
48.839841 -56.392397 -15.294590 
49.456051 -55.617554 -15.435666 
50.305135 -55.150655 -15.682774 
50.418544 -56.144142 -15.693820 
50.100382 -56.767927 -14.979911 
49.637714 -56.747160 -15.866200 
49.010417 -57.257511 -16.454451 
48.043626 -57.189762 -16.700879 
47.422748 -56.786791 -17.373281 
47.718392 -57.632718 -17.817130 
47.493926 -57.556763 -18.788647 
46.902564 -56.887182 -19.238039 
47.675507 -56.676410 -19.836482 
47.779123 -55.808302 -19.351041 
47.098820 -55.078754 -19.421374 
47.338273 -55.405976 -18.507270 
46.391432 -55.483204 -18.194975 
45.773932 -55.112861 -17.501044 
45.028440 -55.500070 -18.043549 
44.147693 -55.100365 -18.297558 
43.731144 -54.743405 -19.133660 
44.606849 -55.126482 -19.427586 
44.437391 -55.998706 -19.886399 
43.448872 -55.850009 -19.913241 
42.651874 -55.859160 -19.309328 
42.130232 -56.567005 -18.833045 
42.671081 -56.441433 -18.001352 
41.853052 -56.970731 -17.776249 
41.515416 -57.899394 -17.622669 
42.465670 -57.684263 -17.397422 
43.446635 -57.760718 -17.218923 
44.011470 -58.444860 -17.680345 
44.045023 -59.354446 -17.266184 
43.453099 -59.781300 -17.949866 
Snapshot 5000 45.817355
2.213538 1.419204 0.369685 
0.789144 0.619751 1.036628 
0.254967 0.470709 1.863756 
0.881528 1.188341 2.256981 
1.037811 0.173361 2.237363 
0.152266 0.828928 2.644804 
1.007845 0.348027 2.990825 
2.049075 0.550924 2.830851 
2.300585 0.944079 3.402472 
1.010512 0.935360 2.873925 
-0.625107 0.349515 2.562209 
-0.529073 1.123897 1.957466 
0.883901 1.756166 1.457980 
1.750693 2.071971 1.207482 
2.140242 1.606588 0.985824 
1.312921 0.508631 1.854257 
1.363192 -0.926976 2.742257 
1.780679 -0.596103 3.385584 
1.806498 0.496627 3.629536 
0.369502 0.906069 3.779846 
0.288041 1.471476 2.478213 
1.533374 1.407241 2.280165 
1.838118 1.348769 2.486664 
1.785103 1.152081 1.844549 
2.506149 0.375138 1.907450 
2.185452 -0.075094 1.959521 
2.373978 -0.309126 2.821060 
2.081554 -1.041370 2.922820 
2.033589 -0.670413 2.963390 
0.845706 -0.154163 3.099459 
-0.170309 0.923738 2.082480 
-0.551392 0.612475 1.811443 
-0.352633 -0.392269 2.279594 
-0.385497 -1.072993 2.806741 
0.245378 -1.018332 2.424465 
0.926166 -1.196050 2.683948 
0.562833 -0.110653 2.860197 
0.274889 0.374677 3.470277 
-0.096774 0.887643 4.770701 
-1.092670 0.753006 4.635641 
-1.538084 0.207763 4.316689 
-1.189451 0.905609 3.494189 
-0.167957 1.185410 4.122141 
-0.425250 0.468022 4.815685 
-0.405695 -0.235417 3.330325 
-0.626578 -0.731268 2.327338 
-1.350188 -1.040794 2.388484 
-1.201583 -0.081198 3.007894 
-1.225448 0.056538 3.665331 
-0.311848 0.717228 5.174816 
-0.016555 0.488361 4.471615 
0.104448 1.449406 4.508462 
0.338439 2.796104 3.808559 
-0.095588 4.107077 3.155270 
-0.336857 3.510168 2.893747 
0.238858 2.978023 3.522273 
-0.056938 4.037785 3.714495 
-0.598576 3.771769 3.167259 
-0.165072 2.528113 3.196913 
-0.309879 2.423789 3.060307 
-0.214604 3.066156 2.955510 
-0.683883 3.567579 2.764390 
-1.516370 3.883214 2.497984 
-1.122454 4.253986 2.828201 
-0.899590 4.285732 2.989594 
-1.776637 2.419076 3.024841 
-1.991964 2.616414 2.958282 
-1.327020 2.828932 2.856466 
-0.693018 2.152782 3.248096 
-1.909597 1.696097 3.151095 
-2.064840 0.195714 3.435457 
-2.737452 0.368231 2.955236 
-3.009164 1.587343 2.503393 
-2.332969 3.076545 2.882569 
-2.713345 2.921011 2.785687 
-3.289306 1.997942 2.373801 
-2.694264 1.518097 2.996954 
-1.751137 1.128737 2.988384 
-2.168268 1.102714 3.056032 
-2.097249 2.086565 2.850685 
-1.668270 2.159327 1.456372 
-2.325046 3.176317 1.884973 
-2.687149 3.717538 2.120897 
-3.431922 2.327569 2.085923 
-3.347505 2.827476 1.921661 
-2.724006 3.768087 1.969858 
-2.539488 3.125095 2.375248 
-3.336273 1.631687 1.659795 
-3.369849 0.697923 1.627497 
-2.808925 1.520028 1.432066 
-3.113908 2.473617 0.450021 
-2.717172 2.993443 0.233861 
-2.408460 3.659732 0.988641 
-2.242482 3.656600 1.775260 
-2.067578 2.315692 1.542379 
-2.878506 2.577870 2.239923 
-2.624383 2.919453 1.402550 
-2.105225 3.210008 0.743226 
-2.939616 3.011346 0.915059 
-2.772163 2.244479 0.322480 
-2.303164 2.870570 -0.156146 
-2.950331 2.524744 0.274750 
-2.897058 0.783718 -7.776854 
-1.633188 0.464082 -7.197656 
-0.888595 0.644070 -6.491973 
0.624386 -0.004104 -6.709662 
-0.475633 -0.081005 -7.125534 
-0.988264 -0.077893 -6.427150 
-0.246894 -0.141384 -6.058319 
-1.822961 -0.615076 -5.611061 
-2.962329 -0.595377 -4.827799 
-1.279240 -0.562390 -4.697359 
-0.616668 -0.820750 -4.832215 
-0.921989 -0.702516 -5.850328 
0.629645 -0.534311 -5.955361 
0.432765 -0.449006 -4.224130 
-0.635808 0.286231 -4.525193 
-1.194835 0.819751 -4.737910 
-2.409832 1.623026 -3.593921 
-2.285306 0.623085 -3.791090 
-1.312877 0.530026 -4.568826 
-2.057275 0.648146 -5.260833 
-1.126974 0.110937 -5.288230 
-1.348097 0.591177 -6.376311 
-1.059654 0.900903 -6.454424 
-1.591001 1.287112 -6.178230 
-1.711205 0.277615 -5.849022 
-0.824289 -0.280022 -5.712599 
-0.299659 0.214275 -6.730538 
-0.541767 0.973300 -6.169315 
0.129287 1.380765 -6.504487 
-0.468414 1.969795 -6.065990 
-0.123938 1.923418 -5.829329 
0.498775 0.181647 -6.385056 
0.565269 -0.698517 -7.346789 
0.680421 -1.615341 -7.376414 
1.114612 -0.515667 -7.141498 
0.929439 -0.166921 -6.407888 
-0.109840 0.635343 -5.354046 
0.427464 0.051125 -5.178360 
0.745757 0.584474 -3.995854 
0.662068 1.445983 -5.479033 
0.606137 1.150520 -6.175151 
0.629648 0.805869 -6.809121 
1.123283 -0.439530 -7.442382 
0.710799 -1.012825 -6.955485 
0.400905 -0.740810 -6.720698 
0.915582 -0.532421 -6.527431 
1.401776 0.189928 -6.189100 
0.601500 0.273403 -5.619753 
1.164769 -0.608276 -5.341884 
0.399378 -1.081711 -6.856348 
-0.117684 -2.060551 -7.052663 
-0.118403 -1.476891 -6.799796 
-0.331274 -1.471674 -6.214027 
-0.045628 -1.979036 -6.059718 
0.444871 -2.427415 -5.833240 
0.003556 -2.796492 -5.664450 
-0.018290 -2.367045 -6.420292 
0.621826 -1.863044 -7.258462 
1.130061 -2.106151 -7.202170 
0.209761 -2.290619 -7.023815 
0.164404 -2.532235 -5.839798 
0.409134 -2.217457 -4.755524 
0.666115 -1.388053 -3.087687 
0.305173 -1.780375 -3.823358 
-0.228322 -1.726436 -4.296777 
-0.144088 -2.133956 -4.398528 
0.404387 -1.396126 -5.615274 
0.195236 -1.053916 -6.335616 
0.260932 -0.564423 -4.698686 
-0.466819 -1.953702 -5.343287 
-0.231416 -1.798755 -5.388393 
-0.698955 -1.950140 -5.260237 
-0.459300 -2.273626 -5.000071 
-0.661420 -2.664703 -3.999921 
-0.685618 -3.609619 -4.152967 
0.181627 -3.536112 -4.010190 
-0.072733 -3.295212 -4.489147 
-0.247968 -3.594739 -4.932893 
-0.445298 -2.612160 -3.809709 
0.322429 -1.082927 -3.517785 
-0.257525 -1.120086 -3.349739 
-0.673506 -1.515426 -1.983693 
-0.346372 -1.401076 -2.307767 
-0.191727 -1.533169 -3.342570 
-0.117442 -2.053870 -3.442523 
0.933585 -2.945957 -3.156720 
1.969112 -3.217129 -3.180386 
0.599454 -2.691988 -2.855581 
-0.366406 -1.907107 -2.961801 
-1.214916 -1.738970 -3.243906 
-1.092272 -1.150419 -3.526576 
-1.201574 -0.931645 -4.021059 
-1.100074 0.033251 -3.763962 
-1.179034 0.468305 -3.324659 
0.049406 0.688856 -3.525995 
-1.058382 -2.321256 -0.712752 
-1.225985 -1.207799 -0.188004 
-1.318643 -1.369114 0.901597 
-1.432882 -0.291782 1.471851 
-2.019601 0.251443 0.716507 
-1.786534 0.403491 -0.091168 
-1.886578 -1.198866 -0.540349 
-1.845229 -0.421160 -0.388549 
-1.412170 -1.061882 -1.035419 
-1.480559 0.042882 -1.035520 
-0.585681 -0.313684 0.417112 
-0.862699 -0.357723 0.829595 
-0.437566 -1.060998 0.973398 
-1.566985 -0.688697 0.503231 
-2.256353 0.146656 -0.226824 
-2.794563 0.400845 -0.294109 
-2.629855 0.687270 0.451621 
-2.047986 0.754482 1.475010 
-0.721291 1.192753 0.978401 
-0.040691 1.079923 0.307900 
1.137977 0.731583 -0.327684 
1.613381 -0.539489 -1.460950 
2.204611 -1.311570 -1.410885 
2.923169 -0.759822 -1.743475 
2.817005 -0.940812 -2.356157 
2.119137 -1.642234 -2.127949 
1.442432 -2.035894 -2.003200 
2.122240 -2.604354 -1.905809 
2.388349 -2.824711 -1.109290 
2.589666 -2.541869 -2.087358 
3.335175 -2.504769 -2.703539 
2.688595 -1.461261 -3.204130 
2.245716 -1.183199 -2.094089 
1.628527 -1.515231 -1.110394 
0.791035 -1.884657 -1.091220 
0.353486 -2.670923 -0.489764 
1.019936 -2.576523 0.692449 
1.224837 -3.143823 0.802293 
1.794704 -3.057476 0.327536 
2.462965 -2.817539 -0.278622 
2.245032 -2.088348 -0.224441 
1.503517 -2.895127 -0.082366 
0.504877 -2.539722 0.505826 
0.118127 -1.698794 0.383195 
0.582526 -1.058799 -0.738422 
-0.099283 -0.511061 -1.818710 
-0.526033 -1.169502 -1.700483 
0.356326 -2.219625 -1.505351 
0.451991 -2.254862 -0.911217 
-0.471555 -2.097379 0.046313 
-1.700201 -1.870633 0.649709 
-2.710407 -2.597979 -0.038986 
-3.079433 -1.780805 -0.101678 
-2.517676 -2.720679 -0.421593 
-3.218247 -1.925201 -1.109335 
-3.767529 -1.753226 -1.397201 
-3.080607 -1.209630 -1.994240 
-3.380970 -1.545099 -2.605957 
-3.004588 -2.178105 -2.667301 
-2.776146 -1.022401 -3.159393 
-2.896122 -0.278267 -2.462540 
-3.896393 -0.304817 -1.513854 
-3.957885 0.059420 -1.558074 
-3.608431 -0.419333 -1.515688 
-3.751395 0.041946 -1.684037 
-3.405301 -1.299556 -1.303579 
-4.101584 -1.552733 -1.590220 
-3.597992 -1.793335 -1.958420 
-3.021395 -2.755344 -1.804084 
-2.495368 -2.387345 -1.293463 
-2.575519 -2.355219 -2.220480 
-2.250545 -1.910216 -3.182757 
-2.632003 -0.762338 -3.175188 
-3.150661 0.231623 -2.335868 
-3.106909 0.975461 -2.094829 
-3.271297 0.060982 -1.974164 
-2.942832 -1.207369 -2.906001 
-2.451738 -0.865122 -3.130232 
-1.335206 -0.058731 -3.816433 
-2.371328 -0.787875 -3.504570 
-1.968609 -1.220983 -3.562064 
-1.826205 -0.265127 -3.729798 
-1.807565 0.875758 -3.070642 
-2.690022 1.435531 -3.197377 
-6.156028 -1.529465 -3.414161 
-5.601631 -0.482971 -3.059018 
-5.640363 0.066346 -2.339861 
-5.640202 0.384654 -0.915843 
-5.845574 1.275076 0.316643 
-4.755129 1.769590 0.283018 
-5.449892 0.378082 -0.714748 
-4.419371 0.226919 -1.141588 
-4.276768 0.520065 -2.152602 
-4.053069 0.437292 -3.481577 
-4.021430 -0.073530 -4.150074 
-4.392483 -0.125941 -3.724648 
-4.886622 0.608425 -2.889447 
-5.215997 1.475612 -1.407965 
-5.383084 2.942997 -0.294950 
-5.879431 2.127154 -0.301573 
-6.316630 1.930559 0.363107 
-5.178875 2.032223 0.764781 
-5.651443 1.519839 -0.224517 
-5.454278 0.799051 -0.764695 
-4.600708 1.467216 -0.142955 
-4.344002 2.289171 -0.284843 
-4.413634 2.826381 0.071939 
-3.572400 2.310895 -0.845742 
-4.467212 2.089982 -1.035127 
-4.046704 1.905722 -1.078306 
-3.895675 2.479578 -2.661579 
-4.135390 3.478645 -1.190670 
-4.052844 4.393647 -0.431168 
-3.858377 4.472121 -1.365893 
-3.543029 3.406289 -1.356074 
-3.458699 2.751754 -2.252385 
-3.852878 2.520621 -1.678585 
-4.898795 2.320156 -1.354077 
-4.752334 2.893721 -0.946730 
-4.421847 3.601099 -1.626912 
-4.946195 2.800598 -1.991170 
-5.177889 1.966065 -1.755582 
-4.471379 1.652172 -1.307511 
-4.218880 3.324752 -2.031660 
-4.179544 4.572123 -1.308890 
-3.940013 3.912818 -1.066682 
-4.010129 4.117812 -1.784544 
-3.239342 3.985116 -2.571949 
-2.628189 3.935155 -3.603733 
-2.623463 3.274460 -4.107902 
-3.238895 3.965078 -3.008744 
-2.993703 4.942463 -2.718954 
-3.209462 5.390628 -1.975871 
-3.273530 4.829092 -2.042428 
-2.633976 4.388568 -3.460295 
-3.355384 4.180856 -3.050898 
-1.860462 5.135684 -2.606307 
-1.317090 5.549087 -1.702183 
-1.416728 5.597881 -0.799234 
-1.501744 5.036973 -1.278474 
-1.792906 5.102423 -0.833734 
-0.880104 5.511404 -1.552874 
-1.387020 5.943323 -2.094489 
-2.382902 5.349842 -1.717012 
-2.546082 4.341973 -1.143749 
-2.327757 3.769402 0.006948 
-2.217989 4.573731 -0.282424 
-2.084517 5.659498 -1.432070 
-1.194563 4.646774 -1.874369 
-1.037144 3.403812 -0.517920 
-0.421132 1.624264 0.271378 
-0.275767 1.592229 1.852198 
-0.908785 1.565883 2.450373 
-1.381633 2.220490 3.981135 
-1.724559 2.337918 4.211751 
-1.832676 3.017805 2.329664 
-1.764014 3.896498 0.927250 
-1.266198 4.800034 -0.314190 
-0.483983 4.741723 -1.249872 
-0.986352 4.034860 -1.452456 
-1.479330 3.471263 -2.176800 
-1.029851 3.570331 -1.595860 
-0.308552 3.754038 -1.949149 
-0.544954 4.121282 -0.609427 
-0.305858 3.276069 -0.869259 
0.450014 2.708235 -0.184349 
1.609153 3.246446 0.528393 
0.553367 2.476449 1.890764 
0.592760 2.247321 2.330742 
1.263042 2.187777 4.012595 
0.566213 1.633823 5.124418 
-0.713031 1.443550 4.974410 
-2.259962 0.866685 5.010953 
-2.199199 0.887311 5.651211 
-0.696258 1.081359 6.185617 
-0.984822 1.318500 7.283201 
-0.866351 2.156659 6.354374 
-1.971127 2.555527 5.637543 
-0.943196 1.786823 4.966881 
0.934890 1.864321 4.997962 
0.942453 1.929901 4.621351 
0.460351 2.011408 4.284063 
0.183159 1.581730 3.343523 
0.390749 1.372841 4.809567 
-0.935535 1.150127 5.516182 
0.081120 1.472500 6.353181 
0.883619 1.467804 5.951402 
0.378181 1.178690 6.349330 
-0.162134 0.314788 6.209204 
-0.239194 1.205374 6.439745 
-0.497726 0.414080 6.918089 
-1.028202 1.023897 7.100106 
-1.641711 1.033908 6.761234 
-1.533031 1.143711 5.969062 
-2.457958 1.633060 6.073235 
-2.141491 1.561136 6.419543 
-1.115742 1.667524 6.500252 
-0.276445 -0.067080 6.109638 
-0.551907 0.236102 6.954528 
-0.569712 0.615450 6.471668 
-1.083912 1.249807 5.575254 
-1.579459 1.857894 6.131171 
-1.956028 2.898796 6.401118 
-1.536993 3.478671 5.817354 
-1.357081 2.553258 4.888774 
-1.129335 2.176981 5.609208 
-0.562126 1.578826 6.061292 
-0.928473 2.165361 6.685106 
-1.120176 3.741831 5.700145 
-0.201973 3.343323 5.981988 
-0.137931 2.545810 5.688067 
0.434721 1.976358 5.577913 
0.443594 2.530571 5.692549 
0.289290 2.480753 4.895374 
-0.253573 1.603272 4.461516 
0.798895 3.084039 4.900818 
0.237138 3.142012 5.436211 
0.440740 2.846455 5.509901 
-0.656214 2.981863 5.589526 
-1.252318 2.292899 5.395750 
-1.143016 3.132546 5.399467 
-0.196404 3.577342 4.822750 
-0.534685 3.150159 4.016121 
-1.111072 3.354104 2.918110 
-1.049966 2.476292 3.149975 
-0.546066 1.262363 3.745487 
-0.696499 1.029787 4.924951 
-0.763857 1.457134 4.267372 
-1.011713 2.698791 4.292862 
-1.353042 1.485346 3.921558 
-1.040788 1.664102 4.293963 
-0.525377 2.668109 4.818826 
-0.459519 3.331520 4.700682 
-1.089475 3.213574 4.376826 
-0.918015 4.216213 4.708045 
-0.896052 3.641257 3.989841 
-1.201186 1.867868 3.344841 
-0.951236 2.333992 2.591503 
-1.551893 3.807288 3.384241 
-1.436414 4.698538 3.652344 
-1.783160 3.687064 3.702707 
-2.163259 4.030755 4.180670 
-2.285637 4.480201 4.455628 
-1.866609 4.138827 4.515524 
-2.105240 3.194625 5.807781 
-2.725284 4.002342 6.883813 
1.950076 5.968058 2.388145 
1.924210 4.702516 2.160908 
1.896642 3.605734 2.089235 
2.551070 3.553971 3.368367 
2.312886 2.846292 2.985941 
2.454559 2.729477 2.683529 
2.989533 2.575062 3.414038 
3.923316 2.802575 2.732418 
3.982088 2.998807 1.953749 
4.063726 2.910739 2.380119 
3.058540 3.541214 2.120972 
2.117898 3.254569 2.249642 
1.663044 3.138928 2.495795 
3.037444 3.352082 2.930863 
3.301941 2.666305 3.322737 
3.503024 1.664474 3.059548 
3.726384 1.600894 2.131191 
3.468598 1.472368 2.642996 
1.946106 1.725968 3.690196 
3.539817 1.634734 3.961671 
3.634554 0.717576 3.344789 
4.369453 0.247964 3.438789 
4.270860 0.145313 3.836452 
4.115676 1.204846 4.254732 
3.691092 1.312405 3.599843 
2.325311 1.701908 4.048088 
2.430006 1.532614 4.683834 
2.690974 0.778693 3.754530 
3.486953 0.260861 2.968486 
3.786917 -0.455006 3.813845 
4.303282 -0.715820 4.367327 
4.406507 -0.325833 5.076790 
4.504109 0.372268 4.923316 
3.491081 0.510932 5.405423 
3.681400 1.255900 4.650745 
2.656396 1.566810 4.719131 
3.231637 0.458203 5.208002 
2.471848 -0.626919 4.194117 
2.028983 -1.661137 5.432554 
2.723880 -0.893122 5.532477 
2.795343 0.146321 5.385118 
2.515725 1.205872 5.117378 
2.453283 0.599173 5.309381 
2.564807 0.315583 4.099037 
3.157815 -0.497977 3.674200 
2.422909 -1.393352 4.320179 
2.215911 -1.942133 4.847266 
1.700585 -0.949668 5.070869 
1.191304 -1.321434 4.848158 
1.637238 -2.213547 5.421992 
1.887158 -1.915377 5.548709 
2.560278 -0.683521 5.857868 
2.630017 0.045251 5.749833 
1.779558 -0.653326 5.907115 
2.251553 -0.159843 6.336651 
1.701818 0.520535 6.885019 
1.873642 1.029031 6.489144 
1.882086 1.409624 5.935374 
1.815383 0.734804 4.791941 
1.434755 -0.356878 4.808759 
0.460830 -1.227036 5.123639 
1.116462 -0.878074 5.505689 
2.708092 -0.719563 4.857745 
1.733492 0.267695 6.213598 
1.463038 0.865050 6.874792 
2.187305 0.431370 6.239805 
0.972590 0.148884 6.726511 
0.491517 -0.083219 6.891279 
0.860964 -0.670217 6.402716 
0.149950 -0.210338 6.350214 
-0.343279 -0.106138 5.260081 
-0.327382 0.514118 6.211263 
0.131409 1.046001 6.961344 
0.672329 0.498576 7.072610 
0.325583 1.157689 6.752629 
0.076622 1.304524 7.014237 
-0.385194 1.132296 7.077240 
-1.289405 1.917774 5.893072 
-5.811306 0.125448 2.377538 
-4.155558 0.717476 2.165783 
-2.407459 0.608883 2.743975 
-3.260032 0.081847 3.615042 
-4.183233 -0.563932 4.448717 
-3.796137 -0.232030 3.805796 
-4.308482 0.342517 3.153053 
-4.086850 0.975711 3.648435 
-4.165774 1.632836 2.215860 
-4.850850 1.324632 2.407095 
-5.241780 2.090608 2.180322 
-6.117075 2.162302 2.743191 
-4.730061 2.471437 2.593110 
-3.911800 2.316978 3.407322 
-2.946026 2.205456 3.248629 
-2.384483 1.517043 2.411630 
-3.457596 1.089251 3.377617 
-3.515064 1.495345 3.944799 
-3.227243 1.919836 4.662975 
-4.151986 1.851613 4.048620 
-4.023874 2.177553 3.223673 
-3.996070 1.673191 3.664921 
-2.300995 1.491967 3.918749 
-1.422140 1.387016 4.107453 
-2.263756 2.181932 5.184045 
-3.287417 2.716683 5.145978 
-4.285295 2.779222 4.777865 
-4.498131 2.430652 4.012701 
-4.295405 1.848720 4.773428 
-2.879336 1.448089 5.141804 
-2.785423 1.991011 5.295003 
-3.995006 2.162532 5.383642 
-3.979082 2.851642 4.771799 
-4.247348 3.481689 3.951475 
-4.057097 3.464428 3.425918 
-4.420359 3.975129 3.261657 
-4.478219 4.944712 3.068419 
-4.037812 4.421209 3.841099 
-3.297436 3.659724 4.718414 
-2.946795 3.383769 5.124952 
-2.759161 3.813026 5.030843 
-2.644887 2.716826 4.887509 
-2.518713 3.640460 4.522629 
-1.758784 4.766020 3.959969 
-2.403772 5.580689 3.523303 
-3.057485 5.343671 4.210843 
-3.254485 4.947505 3.953814 
-4.150925 4.558982 3.975489 
-3.949955 4.513919 3.415349 
-2.437096 5.553799 2.772820 
-2.969959 4.790346 2.628013 
-2.715394 3.316333 1.991649 
-3.554168 3.779166 2.025557 
-3.351509 4.746401 1.848477 
-2.414522 5.695186 2.463569 
-1.801427 5.897611 1.243295 
-1.655177 5.397411 1.433808 
-1.670689 4.793769 2.188821 
-0.986044 4.831416 3.051466 
-1.621245 5.001980 4.127980 
-2.056433 5.275050 3.828077 
-2.648617 5.769007 3.813721 
-2.799510 5.740798 2.682734 
-3.501419 5.012358 3.073291 
-3.206873 4.672891 4.233022 
-3.060403 3.911598 3.892011 
-2.053598 3.832472 2.600140 
-1.449565 5.043819 2.859438 
-2.232137 5.016700 2.735352 
-2.287096 4.896612 2.124460 
-2.574372 4.983350 1.157011 
-2.454416 5.439896 1.626142 
-2.159027 5.397767 1.216640 
-2.071992 5.118286 1.932754 
-3.340703 5.208002 1.767660 
-3.276534 4.821399 1.052801 
-4.951845 1.749951 -3.689156 
-3.639834 1.654316 -2.969349 
-3.619862 1.901953 -4.381240 
-3.633673 2.988587 -4.176236 
-3.738239 2.448467 -4.487572 
-2.557489 2.204593 -5.091599 
-2.373880 2.459048 -4.596396 
-3.001524 1.344262 -4.546250 
-2.909023 0.688125 -5.119391 
-2.606860 1.021102 -4.706459 
-1.711639 1.486134 -3.786185 
-1.344573 2.216396 -4.367554 
0.027783 1.537947 -3.911525 
-0.069180 1.561190 -5.120044 
-0.405112 2.940194 -5.521606 
0.045891 3.927223 -5.256095 
-1.500485 3.428664 -5.311146 
-1.261780 2.350084 -5.134497 
-1.162725 3.164156 -4.574545 
-2.219239 4.159967 -4.791026 
-2.341623 4.090912 -4.185112 
-1.468668 2.905865 -4.843844 
-0.301501 4.125457 -4.057426 
-0.760627 4.550997 -4.220205 
-0.573601 4.479737 -3.560287 
-0.396226 3.893672 -4.754759 
0.042959 4.481303 -3.833141 
-0.727321 4.808775 -2.291085 
-0.990013 4.961988 -2.829417 
-1.437201 4.180486 -3.904486 
-1.284618 4.272016 -4.757055 
-0.662929 4.118486 -4.776957 
0.026390 3.372076 -5.532151 
0.563709 3.274323 -5.419435 
0.338238 3.605130 -5.398974 
0.859339 3.083815 -4.729437 
0.633733 1.274477 -4.205011 
0.731691 1.502888 -4.931845 
1.193938 2.958925 -5.083581 
0.925438 2.012856 -5.510332 
0.327887 2.637475 -5.461344 
0.395419 2.791034 -5.342923 
1.346657 2.745641 -3.945712 
0.163075 3.221602 -2.770462 
-0.520382 2.812871 -2.141426 
-0.074651 3.827242 -2.155996 
0.934630 3.622243 -2.661925 
1.409061 3.150318 -2.838138 
1.212764 2.263314 -3.456170 
1.099163 2.686954 -3.811848 
1.723792 3.128496 -4.580685 
1.627761 3.060939 -3.629315 
0.585885 3.354173 -2.498261 
0.710458 3.691665 -2.349526 
0.428665 3.716360 -2.778629 
-0.011808 2.624869 -2.910026 
0.276219 1.870402 -2.658437 
-0.163914 2.137426 -2.233688 
-0.617051 3.095882 -3.217067 
-0.506647 2.722825 -4.158979 
-0.363191 2.837417 -4.555198 
-0.691697 2.342727 -4.159922 
-0.604055 1.884178 -3.038133 
-0.797158 1.136289 -2.601262 
-0.740157 1.934747 -2.073718 
-0.273173 2.937432 -3.727653 
0.411517 3.810823 -3.183445 
1.102075 4.284978 -3.879008 
-6.178724 4.100946 0.388225 
-4.720878 4.023298 0.682728 
-4.416048 4.016854 1.442650 
-4.707095 4.937480 0.781249 
-4.671248 4.447582 1.243402 
-4.966989 4.107264 2.182274 
-4.918478 3.529411 2.238349 
-4.644847 4.727158 1.970180 
-4.365337 5.428897 0.955854 
-3.696299 5.190837 -0.154364 
-3.260879 4.732764 -0.358397 
-3.537673 4.289773 0.533913 
-4.130825 4.793691 -0.111758 
-4.283950 4.478133 -0.014297 
-2.726885 5.527169 -0.210580 
-2.350695 5.896142 -0.519278 
-2.600580 5.721135 -0.211781 
-2.213199 6.195051 1.026378 
-2.482159 6.078530 0.831200 
-3.230372 5.904366 0.898658 
-4.523128 5.057710 2.238006 
-3.199395 5.085886 2.084372 
-2.820949 4.654190 1.248279 
-2.150570 4.743874 -0.178175 
-1.791296 5.461326 0.149821 
-1.234287 5.114095 -0.037654 
-0.716990 4.346920 -0.974840 
-1.013822 4.911340 -0.841332 
-0.993428 5.080128 0.342346 
-1.377803 3.569659 0.642320 
-1.598716 2.543002 1.310010 
-1.426943 2.504640 1.215277 
-1.818783 1.918489 -0.217785 
-1.698907 1.721512 -1.242303 
-0.792422 2.247951 -1.462854 
-0.626519 2.923285 -0.636138 
-0.272305 3.616159 -0.501202 
-0.612064 3.069964 -0.767081 
-1.327101 3.623461 -1.407195 
-0.322051 4.530321 -1.306185 
-0.315948 3.678872 -0.009595 
-0.897793 3.383011 0.092719 
-0.205798 3.861652 0.604483 
-0.686162 3.560307 0.378984 
-0.555115 3.430380 0.242858 
-0.892630 2.744629 -0.515903 
-1.436227 3.255260 -0.660532 
-2.178903 3.087307 -1.170955 
-2.732794 2.752813 -1.841448 
-2.847871 2.421982 -1.333583 
-2.446751 1.986917 -2.232794 
-1.968621 2.522687 -2.038922 
-1.376369 3.114769 -1.553608 
-1.429478 2.513878 -2.113293 
-2.462115 1.592308 -2.214799 
-2.173813 2.301290 -0.906356 
-1.249695 2.676434 -0.358843 
-0.805854 2.701403 -1.370275 
-1.605483 2.725095 -1.626622 
-2.083518 1.794108 -0.515037 
-2.541125 1.849317 -1.139187 
-2.640532 1.169299 -2.221485 
-1.740303 1.271805 -2.267682 
-0.522991 2.202239 -2.720439 
0.372853 2.454966 -2.561513 
2.866133 -0.679402 -8.308359 
2.289577 -0.991155 -6.850101 
1.920689 -1.433954 -5.288268 
2.549991 -1.389600 -5.489621 
3.167839 -1.617871 -6.289585 
3.863592 -0.786572 -5.878669 
3.377665 -0.675428 -6.354152 
2.335308 -1.117292 -6.517775 
1.645535 -0.509025 -6.408806 
2.878603 -1.070822 -6.063561 
2.955853 -1.767748 -5.323452 
1.934863 -2.115419 -5.080040 
2.375944 -1.048728 -5.501710 
2.029703 -0.780632 -6.240836 
1.831538 -1.532567 -6.883266 
2.849123 -2.213918 -6.894191 
2.986642 -2.129596 -7.088378 
2.030648 -2.457939 -7.094519 
2.583540 -2.924639 -7.038597 
2.364319 -3.555917 -6.221487 
2.050099 -3.259033 -5.294631 
1.232149 -2.740194 -4.295366 
2.044477 -2.194895 -5.044325 
1.614402 -3.183526 -5.558854 
0.400119 -3.214401 -6.274599 
0.923231 -3.136748 -6.313719 
1.783879 -4.018614 -5.655626 
1.223031 -3.779118 -5.736163 
2.105357 -3.636053 -6.157519 
2.734105 -2.698066 -5.776567 
2.441431 -1.953423 -5.678608 
1.239736 -1.448201 -5.698338 
1.094876 -2.523977 -4.620634 
1.106446 -4.029358 -5.090671 
0.800581 -3.680775 -5.001846 
0.788989 -3.118348 -3.744166 
1.551781 -3.851808 -4.009197 
1.442248 -4.451919 -4.736679 
1.014624 -4.018948 -5.583753 
1.613204 -3.121213 -5.817916 
0.915842 -3.494975 -4.102180 
-0.108236 -3.807944 -3.072855 
0.412517 -3.218640 -1.715216 
0.719296 -3.190133 -2.966482 
0.109930 -4.037096 -2.850068 
-0.118542 -4.282467 -3.590089 
0.924850 -4.427574 -3.711020 
0.485095 -4.402782 -4.052390 
0.222757 -4.737268 -3.548186 
0.828475 -4.418467 -2.974341 
0.406057 -5.358420 -2.850672 
-0.310065 -5.264296 -3.084435 
-1.326882 -5.072618 -2.254893 
-0.829395 -4.772345 -2.328366 
-0.745672 -3.993845 -3.381760 
-0.819803 -3.051623 -3.164537 
-1.588861 -3.764884 -3.178045 
-1.439033 -4.238893 -2.980529 
-2.125767 -4.177428 -2.382117 
-2.201201 -3.584152 -2.853788 
-2.323838 -4.008500 -2.407629 
-2.223847 -3.671192 -1.668285 
-2.708281 -3.035876 -1.143118 
-2.334411 -3.989234 -1.152562 
-2.677554 -3.477665 -1.674671 
-2.473846 -3.652547 -1.897548 
-1.801727 -2.681982 -1.979806 
-1.577946 -2.539403 -3.152379 
-2.476278 -3.107877 -4.293394 
-1.290987 -2.120175 -1.654103 
-1.667313 -0.922634 -2.514256 
-2.669092 0.275370 -3.347738 
-2.493867 0.198967 -1.569651 
-2.124064 -0.410854 -1.988373 
-1.139548 -0.554638 -3.025659 
-0.120341 -0.206278 -2.340464 
-1.004915 -1.061545 -1.842190 
-1.648671 -0.043517 -1.703396 
-2.172698 0.269643 -2.088933 
-2.053353 0.551666 -2.820379 
-1.360154 0.814811 -3.399024 
-1.193370 2.166088 -3.649510 
-1.372170 3.036875 -3.558873 
-1.060680 3.341932 -3.610456 
-0.885977 2.947109 -2.537408 
-1.045533 1.803197 -2.015942 
-0.218484 2.181966 -1.554582 
0.659705 2.336855 -1.617268 
0.842758 1.915215 -1.980866 
0.882666 1.645573 -2.399118 
-0.018570 2.545998 -3.629490 
-0.545334 2.479522 -3.123807 
-0.063411 1.467570 -3.103832 
-0.325090 -0.059768 -2.842938 
-1.126623 0.335734 -2.086283 
-2.279366 1.071681 -0.996528 
-2.185592 1.546669 -1.701255 
-0.538172 1.152691 -1.165044 
0.825298 1.783741 -1.099669 
0.831256 1.265518 -0.788380 
-0.282799 0.974481 -0.465846 
0.183659 0.017221 -0.354584 
0.751293 0.214106 0.314499 
0.018464 0.820177 0.990610 
-0.155814 1.333868 0.557564 
-0.592292 1.637893 0.023468 
0.055703 1.166922 -1.009063 
0.426585 0.111356 -1.734004 
-0.229493 -0.089390 -0.681297 
-0.760408 0.541616 1.078669 
-0.936885 0.205336 0.737295 
-0.163070 0.269985 1.269949 
0.298697 1.211260 -0.023964 
0.014506 1.454654 -0.865274 
-0.876860 0.163092 -0.298285 
-2.452019 0.104390 0.690958 
-3.415280 -0.228799 1.088501 
-3.531105 -0.131614 1.880504 
-2.116326 0.187524 2.032976 
-1.104043 -0.055973 0.826056 
-1.432959 1.441113 1.028434 
-1.767707 0.599492 0.889552 
-2.291884 -1.040355 0.059474 
-2.905351 -1.281248 -0.676934 
-2.764781 -0.032435 -0.653819 
-3.641419 0.779560 -0.447792 
-3.262076 1.786637 -0.650978 
-3.010209 1.479359 -1.130419 
-2.526009 0.692519 -1.407198 
-1.664730 -0.458843 -1.375126 
-0.865684 0.430040 -1.811055 
-1.376039 0.464041 -1.368150 
-1.976369 1.288523 -0.450476 
2.837962 -2.023496 1.075669 
3.179196 -3.540320 2.013207 
2.701537 -3.030500 1.971417 
2.893943 -2.503228 2.016381 
3.386686 -2.817124 2.602933 
3.461578 -3.782095 2.865390 
3.592674 -3.525904 3.705162 
3.575783 -3.759996 3.745492 
2.912078 -3.945993 2.822901 
1.924416 -3.705010 2.260365 
1.274513 -3.429477 1.891432 
0.510045 -3.321702 1.999537 
1.205848 -4.348727 1.889895 
0.960279 -5.380465 2.430122 
1.002105 -5.045465 2.501590 
0.726316 -4.998073 2.680304 
1.372364 -5.223908 2.163561 
1.584127 -5.948085 1.991286 
1.931298 -5.976200 1.720642 
1.799825 -5.949935 1.255337 
2.556086 -5.181643 2.025513 
2.481724 -4.299129 2.950055 
1.845840 -4.966011 2.460685 
0.545863 -5.111436 1.879290 
-0.951500 -5.143014 1.353449 
-0.151417 -5.799443 0.756050 
-0.447348 -5.218489 0.679738 
-0.620428 -5.375855 1.314658 
-0.123778 -4.945583 1.007413 
1.172644 -5.706247 0.364214 
1.743663 -5.228911 1.071889 
0.843948 -5.307036 2.111515 
0.584277 -5.912672 1.662849 
0.372582 -5.407785 2.359629 
-0.316084 -4.850215 3.047104 
-0.410297 -5.062461 2.235408 
-0.480594 -4.749213 1.758128 
0.070377 -4.171661 1.186056 
0.470984 -5.153519 2.163152 
0.760046 -4.373558 2.453579 
1.085508 -4.078193 3.423100 
0.877075 -3.773161 2.738831 
-0.638654 -3.627989 2.324757 
-1.577797 -3.310259 3.074886 
-0.174177 -3.707437 2.958053 
-0.590333 -4.083375 3.406180 
-1.326721 -3.519345 3.994851 
-1.466336 -3.803471 4.000982 
-0.387972 -3.766037 4.358538 
-0.317617 -4.606234 3.628728 
-1.212004 -4.738689 2.549868 
-2.099668 -4.056535 1.539208 
-2.696884 -2.831242 1.629775 
-2.428021 -2.362243 2.753827 
-1.878061 -1.588837 3.042507 
-0.654419 -1.955649 2.803253 
-0.227041 -2.583140 2.986795 
-0.615965 -3.000576 2.550194 
-1.287987 -3.201834 3.680109 
-2.215547 -3.765961 3.575907 
-2.716652 -2.884544 3.027642 
-2.896575 -3.205112 2.654653 
-3.332932 -3.901518 2.876281 
2.770373 0.348667 0.718679 
1.386913 0.132379 1.365963 
0.494270 -0.162254 1.730312 
0.842733 -0.834436 1.215850 
1.136717 -0.126855 0.212714 
0.641748 -0.558197 0.221409 
1.068092 -0.611634 1.069519 
0.866541 -1.274924 1.283769 
0.896967 -1.398018 -0.070629 
1.161643 -0.962540 0.240910 
0.419812 -1.403218 0.741491 
-0.506039 -1.793580 0.791461 
-1.971824 -1.935078 1.448033 
-3.189928 -2.913421 1.794257 
-2.894680 -3.317707 0.818769 
-2.585366 -4.035315 1.553969 
-1.591949 -3.833849 1.778300 
-1.767699 -4.162673 0.714101 
-1.981523 -4.526553 1.924022 
-1.803662 -4.688899 2.058049 
-1.362369 -4.063964 1.206088 
-1.346278 -3.231926 1.074617 
-1.353819 -2.555244 1.701649 
-1.516760 -2.235666 2.171001 
-1.896199 -1.278168 1.360110 
-2.228576 -2.648058 1.123364 
-2.077055 -3.758953 0.986651 
-1.188885 -3.930310 0.364525 
-1.772930 -3.983761 -0.023424 
-2.381090 -3.295082 0.560235 
-1.787072 -2.506499 1.130346 
-0.521328 -1.691318 2.008791 
0.263448 -2.971056 1.271140 
0.847203 -3.896347 0.499860 
0.201470 -3.128343 0.095040 
-0.656547 -3.718325 -0.079050 
-0.847198 -4.711052 -0.773678 
-0.693600 -4.422182 -1.241671 
-1.343869 -4.029576 -1.714642 
-0.293308 -4.607894 -1.145670 
-0.199093 -5.547152 -0.977482 
-0.558716 -5.896915 -1.350277 
-1.245754 -5.519289 -0.189643 
-1.437331 -5.496067 -0.434764 
-1.975877 -5.040627 0.107958 
-2.217578 -4.686612 0.191784 
-2.118992 -4.205872 -0.821866 
-1.009138 -4.791231 -1.064068 
0.672613 -5.369992 -0.869370 
0.957986 -4.597970 -0.496735 
0.081866 -3.754330 -1.046988 
-0.234382 -3.038009 -1.669587 
0.061161 -3.857092 -0.599151 
0.236659 -4.464221 -0.647664 
-0.387061 -5.412465 -0.511367 
-0.539054 -5.321321 -1.815424 
0.193098 -4.978227 -2.183838 
0.275330 -4.493944 -1.279027 
0.511934 -4.149396 0.093444 
0.582911 -4.708459 -0.385881 
0.580776 -5.783331 -0.566104 
0.084443 -5.685637 -1.485798 
-0.739145 -5.855282 -0.401560 
3.929354 1.844809 -5.429744 
2.988205 0.964778 -5.535354 
3.128679 0.668979 -6.015697 
2.665478 1.098188 -6.010973 
1.128579 0.619019 -5.226655 
0.139655 0.045233 -4.207022 
-0.143361 0.192380 -3.443284 
0.690365 -0.371624 -2.045536 
2.183082 0.525409 -2.320102 
2.353402 -0.048050 -3.420628 
2.235961 -0.588262 -4.923291 
1.879743 -1.512406 -3.893221 
1.874498 -1.738061 -2.680879 
0.992663 -2.036777 -2.360620 
1.574556 -1.121586 -3.102087 
1.595924 -1.032263 -3.932962 
1.041893 -0.088558 -4.320305 
0.825054 0.579246 -2.622345 
1.052384 0.805750 -2.484434 
1.559774 0.078269 -2.884544 
1.141213 -0.849791 -3.239196 
0.964250 -0.629986 -2.617424 
0.855763 -0.121460 -1.025286 
1.571569 0.246643 -1.258171 
1.045852 0.327064 -2.365609 
1.485297 0.869517 -2.862707 
1.931107 0.096817 -2.246067 
2.008187 0.455254 -3.062624 
0.836797 -0.084559 -3.756636 
1.014075 0.287300 -4.772236 
0.991740 0.889858 -3.934341 
0.735141 1.369855 -3.364003 
-0.296166 0.800441 -2.360886 
0.400064 0.924123 -2.027505 
0.323630 0.528857 -1.385442 
0.581189 1.200186 -1.791282 
1.294320 1.188884 -2.930268 
1.239594 0.918947 -2.135286 
0.865127 0.327048 -1.397743 
0.071953 -0.196922 -1.671160 
-0.628319 0.872524 -2.207169 
-0.829506 1.910872 -2.853947 
-0.523323 1.306929 -3.429811 
-0.013151 0.503425 -4.025560 
1.482953 0.191846 -3.879975 
1.375678 0.681835 -4.024259 
1.754769 1.245340 -3.825665 
2.095159 1.352251 -4.120286 
2.054831 0.460143 -4.284761 
1.638533 0.430211 -3.938978 
0.585053 -0.896648 -3.800214 
1.066957 -0.243903 -4.094681 
1.581150 0.977810 -4.841338 
1.332530 1.727283 -4.455487 
0.925485 1.806046 -3.536530 
0.859361 2.253594 -3.090449 
1.581700 2.020520 -3.529491 
1.504189 0.439482 -4.718140 
1.931161 0.234340 -5.189114 
1.655522 1.129481 -5.082434 
0.353084 0.795580 -4.310907 
-0.009695 0.824717 -4.070098 
1.175840 0.618055 -4.234358 
0.872442 -0.666892 -4.895415 
0.454352 -0.715449 -5.373381 
-1.616442 -1.711477 -6.121881 
5.334350 2.496913 0.982649 
4.875198 1.686870 1.857336 
4.831067 0.910940 2.084242 
4.594491 0.407984 2.164848 
4.877775 -0.384453 2.009041 
4.988224 -0.748186 0.361647 
5.732664 -0.689434 0.908453 
5.556028 -0.397456 0.970591 
5.743391 -1.296499 0.969919 
5.287623 0.281667 1.622224 
4.969311 1.664093 2.406178 
4.512250 1.405775 2.605931 
4.676879 0.258268 2.566976 
4.568183 -0.000944 2.148778 
4.230475 -0.609539 1.156932 
3.717484 -1.188600 1.497525 
4.010071 -1.673279 1.771028 
4.282988 -1.127445 2.171300 
5.061491 -0.830195 1.145842 
5.038783 -1.778928 1.123530 
4.787035 -1.647942 2.649692 
5.210182 -1.564447 2.597943 
5.551335 -1.600881 2.574281 
4.884502 -2.136420 2.775789 
5.207917 -2.753661 2.390408 
4.769282 -2.573796 3.050956 
3.952626 -1.551972 3.619285 
3.898885 -1.652270 4.369709 
3.690671 -1.716530 4.232514 
4.779176 -1.240505 3.457475 
3.955253 -0.941027 3.668567 
3.305253 -1.757819 2.909566 
2.560175 -1.984919 3.023523 
2.354174 -3.087434 3.752517 
2.628088 -3.348699 4.066395 
2.904226 -2.414435 4.576014 
3.605353 -2.323716 4.322488 
3.898759 -2.773086 3.451304 
4.271415 -2.435841 2.446691 
3.524348 -2.208223 3.015488 
3.454757 -2.246388 3.987332 
2.544132 -2.511265 3.239131 
1.961908 -3.025794 2.701635 
3.480759 -2.985993 2.380210 
3.090793 -3.124597 3.579115 
2.158232 -3.420934 4.656330 
2.169203 -3.365605 4.832046 
1.752524 -3.364750 4.771669 
1.452253 -3.175918 4.638582 
1.086982 -3.597415 4.797461 
-0.247240 -3.273846 4.278165 
-0.042254 -2.488060 3.953854 
0.455783 -2.875085 4.351137 
1.440849 -3.049642 4.152498 
1.627895 -4.664725 3.769413 
2.383958 4.711291 4.777148 
2.371055 3.503971 4.213254 
2.037990 2.216724 3.452606 
2.372542 2.040258 3.191682 
1.413069 1.124658 3.659366 
0.729892 1.247651 3.472116 
1.610956 0.310321 3.832815 
1.162490 -0.099634 5.294088 
0.355308 -0.591911 4.942354 
-0.612635 0.067230 3.683845 
0.429886 -0.049030 3.734122 
1.417128 -1.491068 3.571511 
0.824799 -2.070906 2.335552 
1.153550 -2.252050 2.559642 
1.774481 -1.854625 2.863684 
0.785466 -1.319238 3.425392 
0.075333 -0.536822 4.150600 
0.048454 -1.691567 4.531544 
0.117053 -2.674404 4.298134 
0.765131 -2.240654 4.854679 
0.409218 -1.808974 5.122885 
0.054758 -1.529828 5.209726 
-0.909851 -1.619523 5.194085 
-0.463590 -1.061173 5.632217 
-0.455592 -0.387631 4.892433 
-1.765370 0.021027 4.387286 
-1.956713 -0.159069 4.698250 
-0.929033 -1.214995 5.213872 
-1.342238 -1.562186 5.154292 
-1.849382 -2.318165 4.922840 
-1.585403 -1.125502 5.287230 
-2.137410 -1.865991 4.910989 
-1.915233 -0.912505 4.734291 
-1.609183 -0.671018 5.240173 
-1.345430 -0.817873 5.378754 
-0.386415 -2.096423 5.349497 
-1.159052 -2.698776 5.248342 
-0.894011 -3.511220 4.825839 
-0.808506 -3.100338 4.745724 
-1.856295 -2.443592 4.275957 
-2.055434 -1.696841 3.954183 
-2.424250 -0.106970 3.735776 
-3.000005 -0.362765 3.005778 
-2.628734 -0.901290 3.664133 
-2.795159 -1.509930 3.358124 
-2.961424 -1.286268 3.267642 
-2.918954 -1.640782 2.652923 
-1.712876 -0.950781 2.498025 
-1.672257 -1.237685 3.808972 
-1.267105 -1.690195 3.898252 
-0.555004 -1.586677 2.940921 
0.074827 -1.559812 3.422583 
2.012652 4.002134 0.134975 
1.142212 3.181284 1.034413 
0.393916 2.623143 1.395463 
-1.007893 1.577751 1.759198 
-2.855493 1.607690 0.785835 
-4.133710 1.833069 0.753295 
-3.389951 1.444965 -0.021106 
-3.181974 1.511014 0.692688 
-3.583206 1.243910 0.395048 
-2.026208 0.973864 0.178381 
-1.299150 0.693221 0.030723 
-1.255964 0.927889 0.669227 
-0.835551 2.309080 1.555799 
-1.286235 2.391292 2.941777 
-1.910206 1.991937 4.418408 
-1.061518 1.631467 3.664902 
-1.296080 2.078536 2.548760 
-1.979332 3.540769 1.624093 
-1.307551 3.675790 1.072958 
-0.982572 4.354316 1.090326 
-0.944323 4.775455 0.863942 
-1.482120 3.645326 0.461658 
-1.966054 2.692504 0.865677 
-1.844668 2.232301 0.846184 
-1.954773 1.247241 1.110959 
-3.093629 1.311326 1.361824 
-3.752095 0.664948 1.241595 
-3.898834 -0.786903 0.331945 
-4.324422 -0.325867 0.091327 
-3.898825 -0.213156 0.190969 
-4.106421 -0.783363 1.005794 
-4.159709 -0.957515 1.548940 
-4.340353 -0.640374 0.533268 
-3.939974 0.560209 0.575433 
-3.659822 0.742023 2.063217 
-3.829541 0.144129 1.984770 
-3.820227 -0.747572 1.740347 
-3.447593 0.236522 1.831525 
-3.065350 0.042396 1.356441 
-3.650183 0.139293 0.779880 
-3.420703 0.591196 0.288818 
-2.585155 1.235991 -0.110830 
-3.315650 0.604689 0.392776 
-3.530916 -0.449900 0.625597 
-3.502398 -0.876940 1.544637 
-3.010932 -0.802204 1.081891 
-3.866736 -1.720421 0.835968 
-3.767933 -1.719998 2.024386 
-4.085070 -1.431253 1.943283 
-4.092095 -2.107149 1.074788 
3.862246 2.150736 -2.482930 
3.680002 0.465361 -2.452843 
3.386130 0.004878 -2.590667 
4.115729 0.498817 -2.607355 
3.695855 0.021125 -3.019007 
2.240253 -0.868139 -3.456945 
3.462661 -1.624689 -2.204925 
3.894928 -2.516860 -1.060941 
3.891109 -1.917341 -1.092444 
3.880834 -2.178311 -2.074066 
4.298173 -1.499871 -1.516718 
4.073250 -1.307246 -1.015823 
3.494297 -1.344103 -2.553239 
3.417897 -2.706028 -2.093962 
3.018142 -2.222375 -1.524454 
2.868365 -3.016522 -1.062230 
2.367616 -2.866592 -1.811188 
2.641141 -2.302962 -2.976229 
2.213332 -2.359057 -3.587384 
1.396120 -3.777035 -2.528467 
1.777792 -3.856301 -1.658335 
2.535388 -4.110293 -1.911854 
2.365470 -3.575583 -2.108266 
3.153742 -4.548584 -2.634081 
3.280183 -5.072873 -3.590154 
2.550472 -5.314628 -3.599001 
2.260958 -5.586094 -2.451132 
1.721811 -5.112694 -2.250755 
2.187192 -5.489321 -2.739749 
2.531326 -4.704951 -2.721856 
2.366690 -4.434076 -1.753821 
2.514738 -4.401420 -1.169563 
2.951670 -4.238266 -1.425488 
2.489789 -3.541450 -1.150900 
1.908793 -4.103269 -0.852101 
2.170907 -4.919217 -0.495052 
1.635706 -5.299315 -2.091937 
1.672010 -5.263462 -3.457975 
1.907043 -5.553192 -3.394378 
1.904820 -4.406800 -2.949766 
3.380430 -4.299582 -2.849319 
3.448082 -5.051244 -2.212189 
2.193698 -4.826214 -1.726654 
1.766395 -5.299035 -2.317386 
2.245311 -5.474805 -2.320425 
2.349925 -4.706493 -3.959419 
2.531733 -5.560510 -3.647827 
2.532870 -5.999173 -4.383498 
4.147462 1.237500 -4.225933 
3.719460 -0.254176 -3.762649 
4.055258 -1.556623 -3.262981 
3.840576 -1.179159 -3.995796 
4.022894 -0.952404 -4.966363 
2.764738 -0.557059 -3.946479 
4.215408 -0.927382 -4.365105 
4.457508 -0.528805 -4.140241 
4.842727 -0.380208 -3.881867 
5.181965 -1.042724 -3.640922 
5.225741 -1.822671 -4.164356 
4.312150 -2.289767 -4.910080 
3.165957 -2.266158 -5.560867 
3.574372 -2.736966 -5.446747 
4.045091 -2.078999 -5.017088 
3.751411 -2.631633 -4.269616 
4.432014 -2.870876 -4.527628 
4.567093 -1.952987 -4.464616 
4.727557 -2.809737 -3.613655 
3.870960 -3.219132 -3.443273 
3.468914 -3.046669 -4.447925 
2.721813 -2.997305 -4.606281 
3.089175 -3.172148 -4.115617 
2.142020 -2.505055 -3.755112 
1.790005 -1.849390 -4.527488 
2.727454 -3.201428 -4.910557 
3.379528 -4.205035 -4.775253 
3.504115 -3.827565 -4.321178 
3.811170 -4.032744 -3.714448 
2.709603 -4.729016 -4.177665 
1.823676 -4.803015 -4.667495 
2.325426 -4.541368 -4.769637 
2.614913 -0.559002 0.322907 
3.271005 -0.922242 0.636991 
3.736710 -0.813197 -0.028869 
2.929106 0.121297 -0.640993 
1.726938 0.173421 -1.684844 
2.630813 1.055476 -1.338041 
3.537914 0.537362 -1.891428 
4.195634 0.811555 -1.057449 
3.286728 1.022934 -1.210546 
3.121076 0.729283 -0.675281 
4.066316 0.030256 -1.006175 
4.917623 -0.980703 -0.993832 
5.780013 -1.006776 -0.921837 
6.662786 -0.821838 -0.465318 
7.460286 -1.895470 -0.085060 
6.497885 -2.216303 0.619442 
4.853867 -1.580132 0.415582 
3.981785 -0.247052 0.317729 
4.924643 1.029574 -0.698303 
4.286785 0.353476 -0.675923 
5.116848 -0.050401 -1.810722 
5.049043 0.353667 -2.030601 
5.272237 -0.107493 -1.360266 
5.460197 -0.446411 -0.185712 
5.835811 -0.055884 -0.358158 
5.427359 0.017789 0.086038 
5.623822 0.392887 -0.234661 
5.265568 -0.313035 -1.567715 
5.497939 -0.070992 -2.920965 
4.394067 -0.116477 -3.219979 
4.636090 -0.295798 -4.136608 
4.536921 -0.792150 -3.267728 
5.342926 -0.914045 -2.726752 
5.672900 -1.170812 -1.873505 
5.991746 -1.621586 -1.544443 
5.511952 -1.569035 -1.349000 
5.517446 -0.791302 -1.185569 
4.811989 0.515452 -1.032793 
4.905679 -0.847707 -1.693291 
5.503528 -1.728497 -0.497410 
5.605447 -2.317539 -0.347935 
5.368061 -2.880543 -1.525494 
5.094578 -3.236933 -2.707856 
5.375139 -2.385273 -3.577634 
5.812462 -2.425053 -2.260210 
5.629184 -3.451814 -1.455425 
5.411778 -3.218344 -1.937401 
5.417890 -1.995755 -2.238734 
5.006885 -2.225364 -2.225212 
4.868584 -2.851716 -2.595318 
4.676756 -4.190687 -2.847964 
4.347938 -3.959116 -2.239460 
3.879449 -3.537812 -1.094062 
4.678542 -2.881713 -0.367110 
4.769216 -2.781634 -1.922199 
5.095662 -3.626068 -1.697390 
4.372365 -4.625397 -2.113247 
4.445896 -4.898949 -0.946060 
3.986384 -5.193062 -1.547938 
4.692071 -4.310981 -1.188720 
4.501283 -4.783669 -0.284507 
4.380699 -4.969904 -0.072085 
3.905020 -5.141103 0.372484 
4.506621 -5.051098 0.831692 
5.004893 -5.256631 1.741592 
4.256016 -5.682131 2.227585 
3.248246 -5.712205 1.785828 
2.653190 -5.781469 0.913151 
2.339622 -5.449345 0.415208 
2.685189 -5.269899 -0.629058 
3.309324 -5.167145 -0.090236 
4.631579 -4.314942 -0.829204 
4.691965 -3.744145 -0.377229 
3.764890 -2.838712 -0.264070 
3.122879 -3.135352 0.360899 
2.492888 -3.127741 0.582011 
2.891940 -3.734335 0.731442 
2.629440 -2.574760 0.857920 
2.131343 -3.479913 0.639277 
3.307903 -3.756844 0.627621 
4.742827 -3.746087 0.306714 
4.864451 -3.849495 0.074180 
5.149419 -3.270323 0.612982 
4.930867 -3.704606 1.246850 
3.970087 -4.780576 1.772518 
3.816259 -4.143662 2.252523 
4.443370 -3.975434 1.930817 
4.199882 -4.952694 1.436542 
3.861057 -5.885717 1.108003 
4.406190 -7.094129 1.018892 
