-24.819459 17.200901 30.902414 
-24.664105 18.181102 31.025174 
-24.404973 17.805335 31.914922 
-23.854958 17.210522 31.328679 
-23.758679 16.374985 31.869611 
-24.272799 15.954028 32.616924 
-23.656360 16.242768 33.349476 
-23.238854 17.020578 32.879689 
-22.670289 17.658419 32.360177 
-22.971511 17.751209 31.411148 
-22.876104 18.743808 31.486279 
-22.028240 19.273018 31.518901 
-22.460462 20.173423 31.469358 
-23.402757 20.163941 31.804007 
-22.906068 20.714629 32.474859 
-22.337451 21.432282 32.876917 
-22.237821 22.030988 32.082168 
-21.630911 22.449123 32.758056 
-21.808327 22.201391 33.710501 
-22.383279 21.789394 34.417388 
-22.798206 21.016834 34.897999 
-22.558083 20.974887 35.867835 
-21.730565 21.233669 35.369593 
-20.947172 20.796621 35.811502 
-20.506676 20.596930 34.936238 
-19.604508 20.278915 35.227717 
-20.281035 19.845660 35.823202 
-21.034295 19.194886 35.727851 
-21.634010 18.547984 35.256831 
-21.861592 19.468652 34.939694 
-21.860850 19.094482 34.012334 
-21.052610 19.671584 33.895274 
-20.950495 20.072287 32.984774 
-20.104288 20.585932 33.126558 
-20.565458 21.085550 33.859841 
-20.958006 21.934023 34.214805 
-20.939053 22.802694 34.709832 
-20.421645 23.517217 34.238932 
-21.263076 23.165078 33.829063 
-21.590640 24.095365 33.994198 
-21.878578 23.461500 34.712047 
-21.748326 22.979980 35.578749 
-22.658547 22.793732 35.208872 
-23.044862 22.572984 34.313310 
-23.905068 23.077880 34.384891 
-24.363233 22.680912 33.589591 
-25.140715 23.309231 33.562454 
-24.747349 23.992903 34.177154 
-25.484269 23.951327 34.851854 
-26.216714 24.105826 35.514918 
-26.968561 23.576122 35.907526 
-26.639708 24.307329 36.505182 
-25.806234 23.775536 36.655244 
-25.266621 24.579297 36.404673 
-24.496126 24.899859 35.853694 
-25.108448 25.622429 36.174559 
-25.466437 26.552003 36.262514 
-24.680126 27.018074 36.668091 
-24.852694 27.995244 36.792018 
-24.346615 28.199247 35.954004 
-24.419886 29.173703 35.741714 
-24.238101 29.134170 36.724258 
-23.381939 28.618226 36.752345 
-22.978975 28.940655 37.608884 
-23.557652 28.891157 38.422937 
-24.135831 28.175069 38.813997 
-24.718392 27.702465 39.475259 
-25.365528 28.454439 39.349759 
-25.597329 28.767528 40.270760 
-25.061993 29.306481 40.921103 
-25.251354 29.807852 40.076846 
-25.225652 29.920024 39.083490 
-25.758828 30.763966 39.142515 
-26.470437 30.808677 39.843667 
-26.113025 31.660833 40.225880 
-25.238470 31.192597 40.352005 
-24.769196 32.073867 40.408071 
-25.059901 33.006052 40.623762 
-25.901546 32.996030 41.163700 
-26.237277 33.709793 41.778376 
-25.442746 34.031498 42.293377 
-25.826006 34.838546 42.742583 
-25.613712 34.690923 43.708574 
-26.579143 34.711089 43.968452 
-27.272859 34.107972 43.574742 
-27.597051 33.708209 44.432116 
-28.350369 34.293509 44.732008 
-29.261969 34.453508 44.353345 
-29.686887 34.677297 45.230479 
-29.010250 34.941020 45.917948 
-28.468425 34.547244 46.660488 
-27.547918 34.351591 46.998701 
-27.085016 33.630266 46.483520 
-26.449931 33.026311 46.965085 
-26.067993 32.116777 46.801158 
-25.444094 31.344240 46.683107 
-24.963245 30.773621 47.348823 
-25.168188 31.174363 48.241798 
-24.479510 31.465893 48.905674 
-23.863728 31.721561 48.160391 
-24.102683 32.363840 47.432120 
-23.881336 31.898031 46.575365 
47.928141 -20.841399 -12.805786 
48.905054 -21.050064 -12.851609 
49.220659 -21.770808 -13.468798 
49.732499 -22.205717 -14.209658 
50.151816 -23.089584 -14.416906 
50.730965 -23.826026 -14.766534 
51.218009 -23.716488 -13.900053 
51.664300 -24.610433 -13.859006 
51.279126 -25.505655 -13.634912 
52.200791 -25.471432 -14.021386 
52.917765 -26.121693 -14.272602 
53.219825 -25.278788 -14.717880 
53.050814 -24.957710 -15.649729 
53.763108 -25.636584 -15.827962 
54.455417 -26.357634 -15.799760 
55.412083 -26.624431 -15.916418 
55.419133 -27.085974 -16.803508 
55.906547 -26.750906 -17.609831 
55.455512 -25.867901 -17.479948 
54.655554 -25.770102 -18.071982 
55.073959 -25.748577 -18.979988 
55.801570 -25.168545 -18.613729 
56.725820 -25.414054 -18.906111 
57.405869 -26.096179 -19.174883 
57.886925 -25.653574 -19.931642 
57.606015 -25.050867 -20.678524 
56.866522 -25.524036 -21.157337 
56.474522 -25.823392 -22.027234 
56.611718 -25.937037 -23.011237 
56.679134 -25.513761 -23.914726 
56.432677 -25.397221 -24.876848 
56.073034 -25.151758 -25.777072 
55.835687 -26.021734 -26.209286 
55.784005 -25.928724 -27.203609 
55.969335 -26.891716 -27.007908 
55.355906 -26.870872 -27.797383 
54.394901 -26.982085 -28.050565 
54.469041 -27.959657 -27.853446 
53.687336 -28.538158 -27.620476 
52.827477 -28.122838 -27.917380 
52.869390 -27.320663 -28.512997 
53.453782 -27.001132 -29.258910 
52.764104 -26.793752 -29.952695 
52.237422 -27.363598 -30.583474 
52.436341 -28.304173 -30.858701 
53.404713 -28.433492 -31.072083 
53.485078 -29.219019 -31.685670 
53.959672 -28.406695 -32.024625 
54.957937 -28.423870 -32.080949 
54.669914 -27.670009 -32.671489 
54.477019 -27.022191 -31.934520 
53.508698 -27.198839 -31.758027 
52.528152 -27.224425 -31.952639 
52.719147 -28.117745 -32.359456 
52.057627 -28.343369 -33.074638 
51.244049 -28.079343 -32.556584 
50.631784 -27.585041 -31.939496 
50.067441 -26.992378 -31.364807 
49.664535 -26.822398 -32.264126 
49.932446 -27.309878 -33.095141 
50.045385 -26.418976 -33.535070 
49.622260 -26.055384 -34.364990 
49.011451 -26.097864 -33.574352 
48.458918 -26.623733 -32.927692 
48.048701 -27.534906 -32.889147 
47.525572 -28.010680 -32.182059 
46.786558 -28.512988 -32.630997 
47.404506 -29.129329 -32.142874 
47.605049 -29.499043 -31.235630 
47.247276 -30.302695 -31.711174 
47.925851 -30.582322 -31.031950 
47.995828 -31.327884 -30.369197 
48.978376 -31.481513 -30.474062 
49.726378 -31.830511 -31.038592 
50.619289 -32.049058 -31.432225 
50.585462 -31.258503 -30.820769 
51.325776 -30.921682 -30.238972 
51.328374 -31.894783 -30.008607 
52.165461 -32.171935 -30.480277 
52.040852 -31.993722 -31.456347 
51.847741 -32.824945 -31.977668 
52.817895 -32.638375 -32.132565 
52.367052 -32.314275 -32.964250 
53.180566 -32.451870 -33.529282 
53.311464 -31.709899 -32.871753 
53.869651 -30.917741 -33.118557 
54.833755 -30.692313 -33.258861 
55.238664 -31.457555 -32.758409 
55.603198 -30.936397 -31.986716 
56.144098 -30.213270 -31.557164 
56.630213 -30.710190 -30.838302 
57.097454 -31.148440 -30.070433 
57.505468 -31.961591 -29.655332 
57.317777 -31.510852 -28.782631 
57.579975 -30.549063 -28.861461 
0.634101 -6.296999 15.460614 
-0.002492 -6.272870 14.689792 
0.597375 -7.007360 14.372488 
0.433570 -7.870210 14.850670 
-0.222856 -7.641503 15.569556 
-1.166202 -7.738823 15.886776 
-0.974002 -6.795686 16.157983 
-1.875367 -6.537136 16.505393 
-2.215202 -5.672886 16.134469 
-1.939948 -5.473487 15.194004 
-2.834000 -5.921450 15.194545 
-3.128573 -6.671448 14.602321 
-3.271279 -6.906741 13.640930 
-4.089844 -7.138293 13.115255 
-3.451511 -7.898978 13.233110 
-3.184002 -8.735457 12.754841 
-3.756036 -9.276780 13.371078 
-2.932756 -9.084136 13.905025 
-2.800446 -8.185968 14.324295 
-3.388650 -8.402549 15.103467 
-3.776944 -7.780835 15.783687 
-4.379698 -7.026102 16.042658 
-5.130212 -6.998001 15.382401 
-6.061746 -6.637787 15.332509 
-6.717042 -5.891098 15.218297 
-7.010827 -6.697770 15.731103 
-6.883517 -6.134572 16.547558 
-7.850557 -6.368108 16.446095 
-8.575605 -7.041638 16.589842 
-8.239824 -7.142854 15.653355 
-7.670120 -6.735682 14.939459 
-8.328031 -6.028728 14.679903 
-7.947247 -5.165790 14.347727 
-8.365811 -4.372665 13.905282 
-7.542274 -4.023802 13.457977 
-7.295170 -4.878625 13.001668 
-6.597121 -4.428767 12.444572 
-6.438491 -4.056877 13.359195 
-5.468599 -4.083663 13.117136 
-5.659923 -4.889099 12.556182 
-5.833022 -5.591289 11.865555 
-5.246123 -5.500996 11.060945 
-5.952126 -4.807934 11.206631 
-6.903700 -4.727981 10.909790 
-7.898357 -4.705963 11.010654 
-8.878102 -4.833267 10.856081 
-8.336653 -5.643790 11.079432 
-8.170302 -5.595033 10.094571 
-7.898628 -6.473753 10.487055 
-7.171467 -6.689717 9.835444 
-7.090125 -7.566992 9.362398 
-7.387898 -7.985073 8.504180 
-8.378922 -7.978900 8.370631 
-8.237327 -7.720957 9.326360 
-8.674207 -8.332119 9.986373 
-8.651619 -9.276482 10.314503 
-9.584099 -9.292088 10.675387 
-10.033230 -8.529311 10.210144 
-10.462686 -7.836047 10.788895 
-10.611973 -8.015412 11.761285 
-11.474472 -7.519084 11.662526 
-10.664776 -6.959160 11.838243 
-9.796853 -7.450489 11.911082 
-9.407722 -6.607633 12.282795 
-8.795116 -5.899627 11.931455 
-9.608593 -5.331021 12.053694 
-10.050958 -4.983927 11.226748 
-10.735143 -5.690978 11.047948 
-10.113574 -6.474333 11.050900 
-10.029739 -6.101669 10.126728 
-10.644348 -6.807420 9.774348 
-11.081912 -6.796393 10.673468 
-12.044905 -6.691783 10.921866 
-11.920613 -5.840592 10.411939 
-11.498084 -5.587609 9.541612 
-12.315019 -5.720668 8.980442 
-12.353114 -4.933080 8.365419 
-12.793228 -4.527509 9.166550 
-12.204602 -3.762697 9.428433 
-13.045385 -3.582735 9.939019 
-13.155863 -3.750997 10.918550 
-14.106265 -4.034685 11.046053 
-14.029505 -3.795068 10.078225 
-14.796577 -4.089837 9.508391 
6.136941 38.807201 -27.944786 
6.122565 37.880631 -27.568937 
5.457924 37.158490 -27.377201 
5.271138 37.986001 -26.847733 
5.262945 38.951362 -26.586944 
4.887375 39.771875 -26.156007 
4.943941 39.736256 -25.158244 
4.188120 39.251986 -25.598944 
3.735521 39.701270 -26.369202 
3.029611 39.447715 -25.707840 
3.137716 38.599736 -26.226729 
2.951802 38.181212 -27.115702 
2.452801 38.371667 -27.961116 
1.580547 38.072204 -27.574473 
1.467478 37.774655 -28.522460 
2.033622 37.939268 -29.330163 
2.730063 37.244042 -29.508016 
2.686956 37.060744 -30.490127 
1.740893 37.383028 -30.523288 
1.407868 37.970463 -31.260861 
1.228739 37.623095 -32.181322 
2.187657 37.527646 -32.448466 
1.931666 36.663908 -32.882545 
1.019991 36.886790 -33.227759 
0.544823 37.675064 -33.618708 
1.463249 37.466890 -33.955096 
2.434180 37.380966 -33.731690 
3.076861 37.007553 -33.062717 
3.748473 37.563457 -32.572913 
4.000948 38.074194 -31.751084 
3.419884 38.769510 -32.174050 
2.963787 39.570983 -32.560853 
2.533132 40.400762 -32.915822 
1.562565 40.163879 -32.959275 
1.769850 39.233035 -33.260211 
2.448507 39.720706 -33.809393 
2.761109 38.921057 -33.296712 
2.314172 38.574336 -34.121352 
2.059982 37.995167 -34.895917 
1.406592 38.750793 -34.849972 
0.532743 38.340130 -35.110250 
0.994868 37.462489 -35.237474 
0.318806 36.784254 -35.525463 
0.235277 36.446335 -34.588002 
-0.611077 36.832224 -34.955120 
-0.401628 37.533298 -34.273485 
-1.118647 38.199484 -34.068350 
-0.552491 38.100410 -33.250028 
-0.030977 38.873742 -33.610559 
-0.625419 39.202186 -32.876555 
0.070607 39.056857 -32.173400 
0.423539 39.372339 -31.292542 
0.356627 40.346425 -31.508595 
1.292559 40.555343 -31.225072 
1.343975 40.350316 -30.247667 
1.670189 40.369614 -29.302568 
0.908711 40.900904 -28.931243 
1.135161 40.407669 -28.091338 
1.321090 41.325782 -27.741339 
2.070136 41.979338 -27.849947 
2.221688 42.920542 -28.151886 
3.219331 42.865484 -28.110937 
4.180240 42.608910 -28.006906 
5.003412 42.484286 -27.452959 
4.756353 43.320688 -26.963680 
5.434030 43.782808 -26.391666 
5.888306 44.598049 -26.750853 
5.395616 45.352614 -27.184311 
5.814652 45.299586 -28.090731 
5.704064 44.798756 -28.949183 
5.589562 44.623006 -29.926936 
5.978560 43.712742 -29.785158 
5.706386 43.721247 -30.747369 
5.401343 42.842669 -30.379878 
5.077719 42.700682 -29.444406 
5.200748 41.938536 -28.808798 
4.291608 41.525924 -28.865489 
3.688025 40.946976 -29.413675 
2.862303 41.445892 -29.150492 
2.442029 40.981201 -29.929871 
2.117508 41.238300 -30.840138 
1.863274 42.086431 -31.304939 
-26.540659 71.567001 -10.497686 
-26.209559 71.862001 -11.393983 
-25.645483 72.052380 -12.197459 
-25.764584 71.116521 -12.529094 
-26.134021 70.926489 -13.438712 
-26.418823 70.171084 -14.028840 
-25.684645 69.564733 -13.723353 
-25.679212 68.704380 -14.233023 
-25.131545 68.648636 -15.067860 
-24.225202 69.032917 -14.892161 
-24.624383 69.599777 -15.612803 
-24.838789 69.069296 -16.432938 
-24.234131 68.610427 -17.083959 
-23.904253 68.636949 -16.140308 
-23.812322 69.604578 -16.375344 
-24.421820 70.394236 -16.445720 
-25.231002 70.515507 -17.020627 
-26.189533 70.732168 -16.835492 
-27.137643 70.785689 -17.148897 
-28.009654 70.334545 -16.958986 
-28.081005 70.496722 -17.943165 
-27.972334 70.066344 -18.839249 
-28.269444 70.730676 -19.525098 
-28.755263 71.250490 -20.227788 
-28.932386 71.972818 -19.559304 
-29.813759 71.782853 -19.126759 
-29.676151 71.230493 -18.304589 
-29.703607 72.227402 -18.230971 
-29.096258 72.888705 -18.671203 
-29.433465 73.512948 -19.375910 
-29.196947 74.234771 -20.026318 
-29.351002 75.197050 -19.802069 
-28.404660 75.053981 -19.512294 
-28.230008 75.918533 -19.983512 
-28.447380 75.979717 -20.957681 
-28.905781 75.158675 -21.297915 
-29.779003 74.678712 -21.382282 
-29.856206 73.681739 -21.391582 
-30.066011 72.713893 -21.252819 
-30.285164 73.065074 -22.163117 
-29.499197 73.517929 -22.584042 
-29.250916 72.588383 -22.856625 
-29.938712 71.873260 -22.731981 
-30.114262 71.783483 -23.712350 
-30.411331 72.253550 -24.543486 
-30.704417 71.311174 -24.382151 
-31.572362 71.792974 -24.502730 
-31.423797 71.053847 -25.159707 
-31.510088 71.011179 -26.155063 
-31.488665 71.989872 -25.950854 
-31.113181 72.825275 -25.549465 
-31.483741 73.066060 -24.652409 
-32.152443 73.631840 -25.134831 
-31.554993 74.217778 -25.682308 
-30.765347 73.891955 -26.202211 
-30.838218 73.009051 -26.666075 
-30.024235 72.785963 -26.129733 
-29.832246 72.975521 -27.092649 
-30.314739 73.073953 -27.963000 
-30.578967 73.981350 -27.636178 
-30.133311 74.829690 -27.922029 
-29.287319 74.585604 -28.396074 
-30.051038 74.377216 -29.007062 
-29.861217 74.447936 -29.986331 
-29.015750 74.081805 -29.597571 
-28.416692 73.637413 -30.263638 
-27.656724 74.285771 -30.218024 
-28.328966 74.895115 -30.638490 
-29.252533 74.912260 -31.021543 
-29.628631 75.424207 -31.793851 
-28.990819 74.676514 -31.978652 
-28.214906 74.203220 -31.561576 
-27.217337 74.137594 -31.538139 
-26.773804 73.891280 -30.676392 
-25.983578 73.278474 -30.679964 
-25.536159 73.692319 -29.887153 
-26.169824 74.053336 -29.202949 
-25.229834 73.830223 -28.944806 
-25.665757 74.540485 -28.392086 
-25.732933 73.764800 -27.764552 
-52.459259 47.124761 18.356714 
-53.086435 47.236427 19.127546 
-53.477233 47.495637 18.244320 
-53.505388 46.564459 17.880845 
-53.172065 45.726505 17.448725 
-52.448959 46.357565 17.167865 
-51.731371 47.012853 17.403798 
-50.741927 47.155340 17.377381 
-51.162074 47.032764 16.478242 
-51.833842 47.760004 16.337347 
-50.958993 48.002609 15.918083 
-51.124948 48.690469 16.624700 
-51.827995 48.861577 15.934449 
-52.658047 49.406123 15.814107 
-53.633220 49.465880 16.027335 
-53.219876 49.561460 16.932879 
-52.515671 49.243652 17.567776 
-52.119088 48.491446 18.093996 
-51.239722 48.719682 17.676117 
-50.324597 48.536647 17.316889 
-49.916497 48.552586 16.404091 
-49.836791 48.679917 15.415438 
-48.972196 49.118064 15.661414 
-48.829347 49.703879 16.459170 
-49.730764 49.672760 16.027339 
-49.655321 50.584232 16.431724 
-50.579202 50.210732 16.515042 
-50.689473 50.569615 15.588196 
-50.319945 50.021943 14.837527 
-50.290706 49.609740 13.926904 
-49.611004 49.315408 14.598747 
-48.761750 48.907486 14.263534 
-48.035839 49.588081 14.362757 
-47.536970 49.965194 13.582426 
-47.484081 50.506558 14.421549 
-48.063127 50.283451 15.205723 
-48.590598 51.132924 15.192710 
-48.910301 52.021885 14.864778 
-48.448890 52.710030 14.304817 
-47.593077 53.219333 14.395347 
-47.347281 52.476806 13.772260 
-47.342037 52.840635 12.840809 
-48.260874 52.678678 12.480935 
-48.808922 51.860167 12.653224 
-49.791906 51.920549 12.479738 
-50.657660 51.858781 11.983094 
-50.531778 52.593011 11.315966 
-50.564625 53.560602 11.566341 
-50.511322 53.012057 12.400761 
-50.077308 53.451000 13.187502 
-50.438269 54.157615 12.578895 
-49.619839 53.750436 12.173459 
-49.639438 54.490362 11.501056 
-48.709899 54.839397 11.619929 
-48.225592 54.919150 10.748674 
-47.277300 54.835938 11.054972 
-46.304519 54.604215 11.055593 
-46.325033 53.649569 11.352629 
-47.151147 54.031818 11.766661 
-47.017328 53.042044 11.816072 
-46.801206 52.319954 11.158898 
-47.345479 51.532209 10.870414 
-48.150368 50.997742 11.128285 
-48.349331 51.446552 10.257089 
-48.646834 52.242941 9.730537 
-48.552570 53.142216 10.157642 
-48.401236 53.959041 9.600960 
-48.566383 53.271364 8.893975 
-48.792749 53.178953 7.924327 
-49.563977 53.190894 7.287880 
-50.518735 52.961459 7.477081 
-51.154846 53.291644 6.779700 
-51.104720 53.037315 5.813882 
-50.877621 53.585062 5.008649 
-51.638209 52.955433 4.850298 
-51.958103 52.811401 3.913857 
-51.582344 52.973199 3.001373 
-51.463307 52.246888 2.324393 
-3.705619 55.098961 39.685994 
-3.136296 55.235779 40.496643 
-2.285010 55.754518 40.417761 
-1.302817 55.937618 40.375678 
-0.476482 55.396214 40.530763 
0.478996 55.188527 40.740355 
1.366710 55.332676 41.177602 
1.283971 55.699816 42.104081 
2.264535 55.610850 41.929212 
3.165329 55.780498 42.328949 
3.803478 55.094612 42.678702 
3.716585 54.266579 43.232607 
3.951833 53.444158 43.750566 
3.833938 53.268058 44.727853 
3.060567 53.821019 45.037903 
2.602236 53.047769 45.476101 
3.175765 52.344594 45.055852 
2.780752 52.324151 44.137404 
3.497894 52.303593 43.440780 
3.877658 52.175646 44.356973 
4.375169 51.310562 44.421109 
4.673747 50.695657 43.691217 
5.339932 51.381154 43.984970 
5.651114 50.582710 43.469555 
5.859719 49.701616 43.894006 
6.164503 48.980961 43.271300 
7.141499 48.767707 43.270361 
8.094672 48.538318 43.467443 
8.237314 49.506677 43.672221 
7.882016 50.229157 43.079106 
7.870071 51.159103 43.446608 
8.199125 50.819110 44.327589 
9.157253 50.812258 44.613848 
8.719630 51.708835 44.545771 
9.256580 51.690026 43.702366 
9.761534 50.830702 43.621230 
10.206827 50.427617 42.821707 
11.163150 50.714863 42.875899 
10.956472 50.796833 43.850868 
11.442951 51.623504 43.568109 
10.823905 52.281276 43.997199 
11.189281 53.134257 43.624474 
11.078248 52.652137 42.755433 
10.421174 51.923768 42.949680 
9.858785 52.724561 42.743650 
9.657690 53.703766 42.716838 
8.786386 53.732131 43.206761 
8.833186 54.688651 43.494649 
9.651083 54.482167 44.031685 
9.935700 54.386669 44.985558 
10.687062 55.033612 44.855475 
11.658668 55.130364 45.071391 
11.628484 54.209196 44.683397 
12.026482 53.819554 43.852870 
12.292141 53.107870 44.503201 
11.984001 52.628024 45.324661 
11.213567 52.947306 45.876467 
11.572070 53.846048 46.128929 
10.737384 53.551700 46.594394 
11.548311 53.753059 47.143805 
10.983090 54.560677 46.975645 
9.993643 54.501623 46.843329 
9.408733 53.726269 46.605197 
9.218622 54.435820 45.926673 
8.470249 54.920835 45.474237 
8.225318 54.022766 45.839587 
7.702695 54.190324 46.675523 
7.165938 53.430802 46.308074 
6.953704 52.651265 45.718770 
6.125018 52.152129 45.972032 
6.347639 51.221459 45.681698 
5.648451 50.664310 46.129716 
6.227043 49.870484 46.316987 
7.226555 49.856263 46.289148 
7.582226 49.040056 45.833842 
6.613082 48.904007 46.039388 
60.531141 17.446601 -45.287286 
61.025838 16.993234 -46.028726 
61.269790 17.716583 -46.674678 
60.310994 17.441709 -46.746466 
60.553559 17.622977 -47.699515 
61.123991 18.437389 -47.593020 
62.024366 18.120366 -47.891049 
62.720737 18.764267 -47.574097 
63.520153 18.515794 -47.027110 
64.038443 17.660958 -47.001967 
63.509884 17.201672 -47.715887 
63.408532 17.991466 -48.320827 
64.226573 18.104138 -48.884843 
64.643541 19.012544 -48.854269 
63.826769 19.576515 -48.732531 
63.909465 19.619860 -49.728162 
62.943926 19.373569 -49.644047 
63.076667 19.112357 -50.600158 
63.147211 18.409796 -51.308276 
62.880168 17.450026 -51.221501 
62.760107 16.555549 -50.790808 
62.030623 17.224563 -50.648421 
61.301509 17.762693 -50.225564 
60.837724 18.545464 -49.810626 
61.533690 19.147875 -49.419815 
62.053168 19.391283 -50.238897 
61.786236 19.628698 -51.172910 
61.107509 18.894320 -51.177200 
61.040082 18.057766 -51.720920 
60.935526 17.725848 -52.658416 
61.388363 16.854579 -52.847702 
61.637883 16.382946 -53.693457 
62.275549 15.664842 -53.972220 
62.409557 14.674968 -54.019033 
62.414376 13.745094 -54.386881 
62.331193 13.286648 -55.271701 
62.460459 14.276040 -55.337977 
62.256856 14.642555 -56.245839 
62.522564 14.152881 -57.076271 
62.670266 13.789258 -57.996034 
62.998491 13.889230 -58.935328 
63.911528 13.679706 -59.285275 
64.485127 13.274618 -58.573314 
63.921374 12.464091 -58.732145 
63.963395 12.586376 -57.740540 
64.808469 12.813980 -57.256756 
65.271086 11.929195 -57.200711 
64.661193 11.650853 -56.458717 
65.081913 12.514986 -56.182550 
65.951164 13.006402 -56.236520 
66.360599 13.095073 -57.144540 
67.359589 13.139635 -57.138722 
67.289200 13.653571 -56.283786 
68.219550 14.008550 -56.375647 
68.979982 13.719653 -55.794028 
68.892914 13.288622 -54.895901 
69.469073 12.705030 -55.468143 
69.780353 12.888082 -56.400665 
70.746297 12.651344 -56.505109 
70.072467 11.964225 -56.776807 
70.982549 11.554613 -56.713812 
71.207056 10.725802 -56.201300 
70.638765 10.123330 -56.761721 
71.215345 9.467738 -57.249323 
72.126338 9.163946 -57.528252 
72.373766 10.115831 -57.347438 
72.349413 10.673684 -56.517855 
73.071484 11.358093 -56.416874 
31.467741 40.990401 -6.041086 
32.442522 41.172687 -6.169827 
32.292984 40.210277 -5.943102 
32.696672 39.364345 -5.594625 
33.011511 39.501245 -6.533846 
33.920743 39.175068 -6.792507 
33.430894 38.379060 -7.148062 
33.988162 37.771417 -6.582180 
33.458483 36.936270 -6.730404 
34.010018 37.055924 -7.555930 
34.165492 36.131935 -7.905317 
33.300713 35.724954 -8.199465 
34.121437 35.153651 -8.194349 
35.097393 35.371201 -8.180842 
35.464630 36.019683 -8.847631 
36.202886 36.162226 -9.506918 
35.894965 36.603697 -10.349704 
36.188628 35.657210 -10.483590 
36.235000 34.775601 -10.013892 
36.784802 35.286137 -9.352779 
37.750209 35.530549 -9.261934 
38.142254 35.293437 -8.373070 
38.090329 35.203678 -7.378461 
37.163542 35.144303 -7.007597 
37.357873 36.108247 -6.825807 
37.345128 36.907256 -7.426991 
37.291539 37.894491 -7.277002 
37.559904 38.370927 -6.439751 
37.926912 39.280885 -6.632834 
37.656697 39.808081 -5.827199 
37.858772 39.959260 -4.859568 
37.367575 40.816254 -4.703727 
37.506860 40.869900 -3.714929 
37.669775 40.664914 -2.749818 
37.964787 40.010917 -3.446421 
37.719706 39.083740 -3.729755 
37.792638 38.101163 -3.558810 
37.188602 38.145686 -2.763098 
37.017179 37.265860 -3.206404 
36.331493 36.796779 -2.649810 
35.586288 36.721001 -1.987294 
36.386982 36.634926 -1.394436 
36.405280 35.966329 -0.651036 
35.691058 35.491793 -1.165527 
34.849601 35.723363 -0.677342 
34.585031 36.456645 -0.051003 
35.376522 36.969581 0.281321 
35.086060 37.075270 -0.669711 
34.119737 36.963892 -0.901692 
33.947912 37.878136 -1.268616 
33.593089 38.801958 -1.412331 
32.722347 39.205292 -1.131033 
31.979900 38.542510 -1.228467 
32.119706 38.307099 -2.190255 
32.241699 39.299628 -2.188156 
31.326736 39.382610 -1.793244 
30.399584 39.302032 -2.159163 
29.745311 38.573130 -2.360727 
30.123603 37.857138 -1.773999 
31.100779 37.652908 -1.832458 
31.694733 36.903291 -1.540407 
32.316581 36.667528 -0.793600 
32.675185 37.587068 -0.954380 
32.272476 38.179440 -0.256583 
31.444009 38.107423 0.298805 
26.748341 -61.063999 -25.860686 
27.648057 -60.713390 -25.600715 
28.341868 -60.781980 -24.883831 
29.300532 -61.065691 -24.862118 
29.833368 -61.360888 -24.069057 
28.951718 -61.828012 -24.136066 
28.689111 -62.601348 -24.713117 
28.416894 -63.549790 -24.550773 
29.006076 -64.346164 -24.414196 
28.412198 -64.869412 -23.803033 
28.116621 -65.821923 -23.876221 
28.796812 -66.196229 -23.245955 
29.176167 -67.106378 -23.412444 
29.542286 -67.140883 -22.482515 
30.369847 -66.685626 -22.154061 
30.467123 -65.937299 -22.810220 
29.555673 -65.551327 -22.952644 
28.942068 -64.762212 -22.924586 
29.636119 -64.095950 -23.197328 
29.913717 -63.184502 -22.893680 
30.085871 -62.201527 -22.829463 
30.641750 -62.268398 -22.000893 
29.854214 -62.776606 -21.652307 
30.628530 -63.313235 -21.987666 
29.853929 -63.883705 -21.714615 
29.199494 -64.628849 -21.842976 
29.166694 -64.248182 -20.918846 
30.008341 -64.787157 -20.952556 
30.665378 -64.591611 -21.680611 
30.941228 -65.284948 -21.014885 
30.727834 -66.251658 -20.873693 
31.339317 -66.714688 -21.515325 
31.376025 -66.853875 -22.504910 
31.132761 -67.238225 -23.395471 
31.408895 -67.917898 -22.715915 
31.356779 -68.734875 -23.290225 
30.832596 -69.523074 -22.967773 
29.925486 -69.188957 -23.223736 
29.236059 -69.817930 -22.864455 
29.143764 -70.754147 -23.203541 
28.502936 -70.199463 -23.734263 
29.027538 -70.289712 -24.580814 
28.679530 -71.185003 -24.858925 
28.296512 -71.447360 -23.973225 
27.736562 -70.932649 -23.323972 
27.289703 -70.071452 -23.566164 
27.053156 -69.326015 -24.189357 
26.337056 -70.021998 -24.242354 
26.748263 -70.865344 -23.896412 
26.537713 -71.399429 -24.715205 
25.559266 -71.445318 -24.513871 
24.962113 -71.728912 -23.763550 
24.187475 -72.347852 -23.633745 
23.975649 -71.597223 -23.007897 
23.152100 -71.981618 -22.590755 
23.541731 -72.531013 -21.851599 
24.435168 -72.112050 -22.013584 
24.393417 -71.517427 -21.210664 
23.837129 -70.883776 -21.748278 
23.313690 -70.272787 -21.154389 
23.405435 -69.279618 -21.082287 
23.333972 -68.600904 -20.351370 
24.185429 -68.965003 -19.973939 
24.147775 -68.389493 -19.157012 
25.054872 -68.133390 -18.822968 
25.704836 -67.559919 -18.324291 
26.563586 -67.327507 -18.780944 
26.448066 -68.293977 -19.010268 
27.231886 -68.877146 -18.796865 
13.444941 -12.115399 -24.241386 
13.866430 -11.599097 -23.495880 
14.829039 -11.507568 -23.750842 
14.488770 -11.182179 -24.633077 
13.656104 -10.766288 -24.267422 
14.334276 -10.610750 -23.549167 
13.464865 -10.119366 -23.497535 
12.745685 -10.000005 -24.182030 
11.948339 -9.952097 -23.580412 
11.803409 -9.141106 -23.013588 
12.255319 -8.561982 -22.335065 
11.632602 -7.873539 -22.706911 
10.806254 -7.758083 -23.258109 
10.721545 -8.668496 -22.853173 
10.383738 -9.219019 -22.089753 
10.416534 -8.229715 -21.947622 
11.189257 -8.213914 -21.313075 
11.051590 -8.723189 -20.463554 
11.455954 -9.440772 -21.030620 
10.464645 -9.555574 -21.094865 
10.418932 -10.434538 -21.569558 
10.931218 -10.871140 -22.309113 
10.959715 -11.584757 -23.009069 
11.215301 -12.133694 -23.804898 
12.110615 -11.878044 -23.440129 
12.256850 -12.504262 -22.674318 
11.988913 -13.465882 -22.733443 
12.927932 -13.589650 -23.054262 
13.790956 -13.309093 -23.474353 
14.390310 -12.524106 -23.631099 
14.244972 -12.540356 -22.641851 
15.233851 -12.421794 -22.552066 
15.667547 -12.379891 -23.452150 
16.158109 -12.001055 -24.236900 
16.709097 -12.483368 -23.555881 
16.379120 -13.172858 -22.911118 
16.231599 -13.647153 -23.779037 
15.348716 -13.578606 -24.243600 
15.314280 -14.295390 -23.547155 
15.710535 -14.895775 -22.852520 
15.225030 -14.942177 -21.979518 
15.133374 -15.724506 -22.595603 
15.092693 -16.697851 -22.821311 
15.852642 -17.291212 -22.555978 
14.915835 -17.583485 -22.363701 
13.989737 -17.937149 -22.232310 
13.610881 -17.015957 -22.321047 
13.116360 -17.643378 -22.922538 
13.235505 -17.765156 -23.907919 
12.269538 -17.956905 -24.081532 
11.624884 -18.592921 -24.505683 
11.235408 -18.138244 -25.306668 
11.097213 -17.390432 -24.657299 
10.868285 -16.901483 -23.815562 
11.796961 -17.026664 -23.466435 
11.817238 -17.761127 -22.788089 
11.395191 -18.171450 -23.596489 
12.181106 -18.734225 -23.340322 
12.799430 -19.464469 -23.630873 
13.274354 -18.680945 -23.230201 
14.123435 -18.385674 -23.668237 
14.420435 -18.166862 -24.597706 
13.845500 -17.664988 -25.243904 
14.517838 -18.321381 -25.586117 
-57.866159 -38.203699 5.561514 
-58.371648 -38.368015 4.714472 
-57.645448 -38.690027 4.107067 
-56.882415 -38.457688 4.710224 
-56.205662 -38.845671 4.084544 
-55.356642 -38.973388 4.597237 
-54.738104 -39.317714 5.303530 
-54.443660 -39.951300 6.018983 
-53.893934 -40.712340 6.363394 
-53.186496 -40.289409 6.929663 
-52.215026 -40.424028 6.734409 
-52.037309 -39.440839 6.776321 
-52.939666 -39.038699 6.931352 
-53.379480 -38.502358 7.651701 
-53.118320 -37.845406 6.944447 
-52.421573 -37.128958 6.979749 
-52.415637 -36.131492 7.050644 
-53.239396 -35.779123 7.494781 
-52.811506 -34.875521 7.515113 
-52.659831 -33.911554 7.733663 
-52.844919 -33.581509 8.659304 
-53.385350 -33.427486 9.486475 
-53.872878 -33.326331 10.353703 
-54.042112 -32.598610 9.689036 
-54.396734 -31.670319 9.800922 
-54.575677 -31.008883 9.072580 
-53.861352 -31.308785 8.440284 
-53.570034 -31.901273 7.689223 
-54.463536 -31.827243 7.246307 
-55.180507 -32.437726 7.582853 
-55.090341 -31.886032 8.412012 
-55.834911 -31.267871 8.663988 
-56.810860 -31.196352 8.869922 
-56.944799 -32.134769 9.188409 
-57.869758 -32.460716 9.383884 
-58.604387 -32.544505 10.057159 
-59.454661 -32.122523 9.742569 
-59.323668 -31.717395 10.647396 
-58.769170 -32.265122 11.273916 
-57.889834 -32.618633 10.954859 
-57.845909 -33.616007 11.012444 
-58.515796 -33.596675 11.754655 
-59.273184 -33.114995 12.195504 
-59.682692 -32.243833 12.466392 
-60.272104 -32.389360 11.671775 
-60.250823 -33.383913 11.773818 
-59.633364 -34.162925 11.664811 
-59.192845 -34.909123 12.163942 
-58.987601 -34.970194 11.187138 
-58.522615 -35.827945 11.406347 
-58.310791 -35.871610 12.382679 
-57.995527 -36.801677 12.194043 
-58.642797 -37.076714 12.904955 
-58.909103 -36.273495 13.437797 
-58.428386 -35.396678 13.447875 
-59.265224 -34.909771 13.197628 
-58.783033 -34.034317 13.230385 
-58.875046 -34.090894 14.224534 
-58.036759 -34.464403 14.621734 
-58.283687 -35.029125 15.409208 
-58.659653 -35.450604 16.234438 
-57.840142 -34.921400 16.454316 
-57.040765 -34.321672 16.490689 
-17.742859 -26.171999 -27.361186 
-17.558631 -26.088852 -26.381826 
-17.930821 -27.000000 -26.558702 
-18.312427 -27.407776 -25.729187 
-19.148364 -27.688992 -26.200490 
-19.304253 -26.743470 -25.914680 
-19.118857 -26.981270 -24.961223 
-18.667910 -26.695994 -24.115490 
-17.824363 -27.134986 -23.806113 
-17.516403 -27.706794 -23.045720 
-17.402038 -28.644973 -23.372432 
-16.483253 -28.984824 -23.573271 
-15.838889 -28.223935 -23.496839 
-15.798311 -28.378699 -22.509721 
-14.933646 -28.879661 -22.547015 
-14.507939 -28.390376 -21.785850 
-15.240716 -28.412387 -21.105738 
-14.954448 -28.702322 -20.192508 
-14.572963 -29.330940 -20.870231 
-13.943792 -29.311591 -20.093205 
-13.790143 -28.335247 -20.245341 
-13.083876 -28.782960 -19.696943 
-12.623575 -27.896436 -19.743825 
-13.242594 -27.820928 -18.962087 
-13.876389 -27.164608 -19.371413 
-13.437162 -26.290119 -19.577199 
-13.094216 -26.816970 -20.354898 
-12.736193 -27.662257 -20.751520 
-12.020461 -28.239977 -21.143906 
-11.556022 -27.532928 -20.610633 
-11.024606 -28.379941 -20.597720 
-10.746687 -28.391159 -19.637181 
-10.091507 -29.078929 -19.949771 
-10.732705 -29.844576 -20.001249 
-11.672249 -29.952422 -20.326252 
-12.389828 -29.782146 -21.001593 
-12.768389 -30.458471 -20.369711 
-12.505480 -31.338368 -20.765515 
-13.081394 -32.088617 -20.440785 
-12.370786 -32.765802 -20.249848 
-11.696970 -32.240335 -20.769326 
-10.922021 -32.539959 -21.325814 
-11.342091 -33.268059 -21.867490 
-11.389294 -33.658556 -22.786883 
-11.991632 -34.348491 -22.385413 
-11.303096 -34.972540 -22.754845 
-10.422507 -35.421428 -22.602980 
-10.088602 -34.992787 -21.763472 
-9.684031 -34.878553 -20.856127 
-9.409444 -33.929358 -21.009851 
-8.899968 -33.070715 -20.953591 
-8.013460 -32.690497 -21.217293 
-7.076059 -33.034104 -21.273987 
-7.234619 -32.905276 -20.295078 
-6.366229 -32.668147 -19.859569 
-6.538484 -32.993237 -18.929706 
-6.214782 -32.566429 -18.085282 
-6.741398 -31.795192 -18.442868 
-7.559632 -32.287910 -18.739046 
-8.168497 -31.501028 -18.839544 
-7.970301 -30.904451 -19.617242 
-8.729462 -30.457437 -20.090372 
-8.747399 -29.469410 -20.243609 
64.725941 -17.314699 11.352214 
63.976626 -17.430800 10.700258 
63.726383 -16.675857 10.094090 
64.515693 -16.097854 9.886965 
65.253066 -16.733395 9.658120 
65.727249 -16.237015 10.385278 
65.143023 -15.459352 10.617484 
64.502983 -15.708835 11.344194 
65.343966 -15.325741 11.726276 
66.077947 -15.751466 12.255455 
66.980170 -15.425123 12.537403 
66.441793 -14.867089 13.168869 
65.865501 -14.061494 13.031378 
64.981664 -14.512849 13.154308 
64.692153 -15.206042 13.814359 
64.309068 -14.804124 14.646048 
64.787870 -14.023424 15.047615 
64.746337 -13.484797 15.889136 
64.243438 -14.206809 16.364311 
63.975796 -13.898921 17.277313 
63.612734 -13.852830 18.207937 
62.996667 -13.113041 18.478442 
62.762660 -13.190862 17.509327 
61.878252 -13.135341 17.972727 
61.629689 -12.792943 17.066647 
61.904847 -12.069586 16.433368 
61.345500 -11.248264 16.545444 
61.019280 -11.284427 17.490045 
60.924753 -11.318214 18.484994 
60.668371 -11.813053 19.315297 
60.200715 -12.430653 18.682946 
60.453363 -13.034203 17.926707 
60.561733 -13.712365 17.199829 
60.608078 -14.701272 17.340954 
61.033414 -14.598703 18.240159 
61.681264 -15.323521 18.005792 
61.354840 -15.244449 18.947702 
62.073127 -15.868885 19.254528 
62.430479 -16.454197 18.526717 
62.565177 -17.073215 17.752977 
63.005615 -17.041804 16.855744 
63.494992 -17.797415 17.291131 
63.142343 -18.345755 18.049394 
64.036997 -18.786889 18.120055 
64.864362 -18.408379 18.535022 
64.092071 -18.642279 19.125663 
64.404739 -17.741272 19.426373 
63.988197 -16.967816 18.948608 
63.613139 -16.505301 18.145233 
64.466261 -16.783271 17.703740 
64.112706 -17.147885 16.842314 
64.039796 -17.436122 15.887534 
64.772283 -16.765626 16.005419 
65.061380 -16.406524 15.118024 
64.291475 -15.949329 15.563243 
63.538411 -16.187019 16.176755 
63.217215 -16.669422 15.361819 
63.333618 -17.474489 14.780169 
62.668508 -18.215717 14.689558 
62.646983 -17.669905 15.527189 
62.435881 -18.119005 16.395374 
62.547885 -18.882914 15.759843 
61.603019 -19.088511 15.504975 
62.072090 -19.715781 16.126670 
61.315033 -20.227016 16.533492 
60.676410 -20.843761 16.073289 
-44.971759 -18.135799 48.137114 
-44.452142 -17.300948 48.318831 
-43.749856 -17.645354 48.941872 
-43.761565 -18.216338 48.120994 
-42.830995 -18.568144 48.222338 
-43.199272 -19.454530 47.941817 
-44.196381 -19.507362 47.996421 
-44.542843 -19.852592 47.124194 
-44.495123 -18.887384 46.867100 
-45.034425 -18.464396 46.138929 
-44.067576 -18.209871 46.118412 
-43.279400 -17.644538 45.875149 
-44.130928 -17.510682 45.368214 
-43.677599 -16.620223 45.328515 
-42.963639 -15.931498 45.202344 
-42.047269 -16.211158 45.488799 
-42.309626 -15.894512 46.400338 
-41.889776 -15.041422 46.090560 
-42.441829 -14.715346 46.857966 
-42.870112 -13.814285 46.789681 
-42.098094 -13.183058 46.864129 
-42.066345 -12.584940 46.063350 
-41.186793 -12.247784 45.727622 
-40.328353 -12.047480 46.199810 
-40.377162 -11.716730 47.142265 
-40.353688 -11.011775 46.433402 
-39.508865 -11.212362 45.937378 
-39.207645 -10.398537 46.434323 
-38.522370 -10.790875 47.047894 
-38.740744 -11.451296 47.766335 
-39.055492 -11.666108 46.841787 
-39.062000 -12.181253 45.984708 
-39.063578 -12.723349 45.144393 
-38.301201 -13.325210 45.382185 
-37.898147 -13.641902 46.240819 
-37.529798 -12.722150 46.105260 
-37.655231 -12.251358 46.978542 
-37.646563 -12.507346 47.945183 
-38.439270 -12.156972 48.444034 
-38.706375 -12.558531 49.320051 
-38.356416 -12.976257 50.158522 
-38.372324 -13.801107 50.723649 
-38.169933 -14.760277 50.921209 
-37.716844 -15.248634 50.175409 
-38.132345 -15.860093 50.848816 
-38.091153 -16.791247 51.211109 
-38.151792 -17.679970 50.756692 
-37.821215 -17.903027 49.839651 
-37.815292 -18.718289 50.418712 
-38.702540 -19.006509 50.778879 
-39.366165 -19.752490 50.723071 
-39.746859 -19.772406 49.798584 
-38.985554 -19.877502 49.158764 
-38.524653 -20.651227 49.593413 
-37.560195 -20.795049 49.815079 
-56.401059 10.502201 -7.584286 
-56.266014 10.915106 -6.683580 
-56.889754 11.683578 -6.540749 
-57.851684 11.731316 -6.809840 
-58.849758 11.749598 -6.869124 
-59.378189 11.017953 -7.299771 
-60.356798 10.818265 -7.349267 
-61.094089 11.380065 -6.974057 
-61.199342 10.759372 -6.197100 
-61.113025 9.851837 -6.608111 
-60.348216 9.826383 -5.964357 
-59.381128 9.929593 -5.731787 
-58.526822 10.401815 -5.948966 
-58.051940 11.040669 -5.343694 
-58.348362 10.428237 -4.610850 
-58.392200 11.075889 -3.850176 
-58.047252 10.646811 -3.015368 
-59.037026 10.549614 -3.119770 
-58.515062 9.718028 -2.929985 
-58.977507 8.852394 -2.738094 
-59.787970 8.677253 -2.179100 
-60.376452 9.262468 -2.736963 
-60.822749 9.936682 -3.325398 
-60.742427 10.807446 -2.840303 
-61.690319 11.098935 -2.968892 
-61.731149 10.594396 -3.831315 
-62.544259 10.020065 -3.926159 
-62.932427 10.355248 -4.784633 
-62.933396 10.098706 -5.751165 
-63.321123 10.977256 -5.472206 
-62.479006 11.351217 -5.860784 
-62.491959 11.925331 -5.042111 
-62.765428 12.506244 -4.275459 
-61.939386 12.012804 -4.003113 
-61.088194 11.687394 -3.591312 
-60.697346 10.914788 -4.091630 
-61.227608 11.523593 -4.681697 
-60.278043 11.311371 -4.912539 
-59.508016 11.854017 -5.248091 
-58.534543 11.965742 -5.048425 
-58.140228 12.391578 -4.234067 
-57.609352 13.223640 -4.394828 
-57.673154 14.208608 -4.555350 
-56.948740 14.736759 -4.998387 
-55.987008 14.490693 -5.118899 
-56.372660 14.220407 -6.001066 
-57.336883 14.098938 -6.236690 
-57.016521 13.152130 -6.267046 
-57.803237 12.893400 -5.706567 
-58.461394 13.125973 -6.422625 
-59.355962 12.947380 -6.012927 
-59.837332 13.340177 -6.796504 
-36.214359 30.199201 -21.479386 
-35.400737 30.228752 -22.060029 
-34.458322 30.160063 -22.387346 
-34.513910 29.169542 -22.261735 
-35.355371 28.704836 -22.537402 
-36.219276 28.913503 -22.995797 
-36.646484 28.965190 -22.093122 
-36.475540 27.981778 -22.032466 
-37.208382 28.165317 -22.687643 
-37.276101 28.270740 -23.679762 
-37.887939 27.483149 -23.606588 
-38.729725 27.120783 -23.206477 
-38.191701 27.019390 -22.369668 
-37.289284 27.094354 -21.945375 
-37.028148 26.159993 -22.187816 
-36.188212 25.717127 -22.501467 
-35.573061 25.380480 -21.788544 
-35.671807 25.329793 -20.794723 
-36.402568 24.651474 -20.718095 
-37.256916 24.400924 -20.262777 
-38.028007 24.123439 -19.689698 
-38.400820 24.856790 -19.121185 
-39.022657 25.629661 -18.994738 
-39.837250 25.071727 -18.836152 
-40.673219 25.419555 -19.260616 
-40.816543 25.494799 -18.273805 
-40.668065 24.649144 -17.761143 
-41.187509 24.983663 -16.974838 
-41.597287 25.782161 -16.533838 
-40.952333 25.728183 -15.771525 
-40.263454 26.256531 -16.267806 
-40.549143 26.737727 -17.096559 
-39.848186 27.311669 -17.519940 
-39.546920 27.857682 -18.301674 
-39.492073 27.726653 -19.291534 
-38.792011 28.437739 -19.356875 
-39.169551 28.891302 -20.164181 
-39.073581 28.399680 -21.029685 
-38.389888 28.271203 -20.311313 
-37.817049 28.664132 -21.030662 
-38.518309 29.124462 -21.575024 
-38.480568 29.123019 -22.574311 
-39.419319 29.240829 -22.250477 
-40.160627 29.686549 -22.752271 
-40.639245 29.622595 -23.627962 
-40.561984 28.685232 -23.967641 
-40.323823 27.715303 -24.017812 
-40.687304 27.106261 -23.312865 
-41.444454 27.704328 -23.050112 
-41.823184 27.491696 -23.950863 
14.953241 -47.552999 25.413514 
15.412701 -48.123873 24.733073 
14.429457 -48.007943 24.592389 
14.595409 -47.193671 24.036132 
14.501913 -48.014032 23.471981 
14.758859 -48.910911 23.112000 
14.757323 -49.646355 23.789584 
14.950942 -50.518891 23.341040 
15.388647 -51.349429 22.996623 
16.000579 -50.570747 23.135167 
16.993527 -50.597373 23.250683 
17.119757 -50.107681 22.387973 
17.364705 -49.835289 21.457488 
18.165408 -49.242979 21.367801 
18.378279 -49.369009 20.398883 
19.139998 -48.923772 20.869571 
19.478386 -48.253483 20.209112 
18.565472 -47.895041 20.404322 
17.700986 -47.442476 20.185581 
16.776230 -47.162233 20.443049 
16.343184 -46.263583 20.373048 
15.705552 -45.504197 20.502500 
15.246442 -44.639794 20.297498 
14.549062 -44.953458 20.941918 
14.256001 -44.339254 20.209205 
14.531453 -43.532409 20.731821 
14.261051 -43.069912 19.887440 
13.446276 -43.451536 19.450972 
13.084177 -44.215061 19.985682 
13.423582 -45.060160 20.398734 
12.470908 -45.171792 20.115979 
11.473126 -45.114633 20.081861 
11.250642 -45.999080 19.671674 
10.807609 -45.645133 18.847998 
9.828644 -45.608807 19.048765 
9.493028 -46.148542 19.820807 
9.156353 -45.319083 20.266506 
10.077452 -45.430345 20.639596 
9.471174 -45.903362 21.278878 
9.786072 -45.079721 21.750529 
9.457130 -44.240741 22.184015 
10.259512 -44.270958 22.780060 
10.608198 -43.359921 23.000124 
10.338576 -42.889846 22.159688 
10.381659 -41.912238 21.953710 
9.865480 -41.406788 21.262277 
10.269365 -42.222624 20.848408 
10.721353 -42.411004 19.976502 
52.510541 -77.794999 16.478914 
52.282099 -76.852873 16.724295 
53.186648 -76.740322 16.313049 
53.624835 -77.614987 16.105796 
54.043838 -78.354005 16.633326 
53.352471 -78.675503 15.986294 
53.159928 -79.482012 15.427304 
52.534031 -79.861640 16.108579 
53.247314 -80.348454 16.612800 
53.391514 -81.078156 15.944413 
52.868206 -80.861886 15.120170 
53.252162 -80.846039 14.196955 
53.279874 -81.744326 14.635490 
52.472307 -81.995306 15.169198 
52.877642 -82.290586 16.034365 
52.335369 -83.080722 16.320067 
51.662280 -82.965134 15.589595 
51.499097 -82.037839 15.926487 
51.330563 -82.145876 14.946729 
50.627948 -81.692588 14.398221 
50.924285 -82.311922 13.671165 
50.693873 -83.057410 14.296591 
50.847450 -83.439047 15.208056 
51.410541 -84.241675 15.011290 
52.402872 -84.356731 15.056482 
53.324552 -84.241069 15.426791 
53.098076 -85.019649 16.012043 
52.490880 -85.743156 16.340450 
51.851647 -86.482875 16.130220 
52.030135 -85.828848 15.395107 
52.835180 -85.330803 15.072845 
52.573372 -85.394409 14.109823 
-14.556059 -63.703999 15.935514 
-14.024629 -64.519448 15.706110 
-13.732006 -65.212910 15.047717 
-14.665983 -65.013754 14.751030 
-15.617080 -64.810868 14.983948 
-16.574853 -64.540793 14.885306 
-16.287890 -64.090744 15.730947 
-16.609396 -63.453493 15.030558 
-15.821595 -63.433299 14.414960 
-15.018096 -62.888671 14.655312 
-15.165823 -61.916419 14.836704 
-14.555205 -61.124886 14.811751 
-13.867634 -61.208313 14.090443 
-13.072522 -60.772961 14.512659 
-13.893194 -60.241220 14.721819 
-14.201828 -60.000630 15.642070 
-13.442329 -59.376653 15.458184 
-12.594017 -59.176567 14.967947 
-11.936750 -59.139113 15.720674 
-12.026193 -60.132150 15.644003 
-11.095839 -59.922345 15.343298 
-11.014362 -60.851433 14.982526 
-11.424859 -61.363999 15.736693 
-11.873575 -60.807342 16.435827 
-12.740418 -61.035146 16.879324 
-13.147915 -61.914458 17.125811 
-12.245430 -62.343704 17.161435 
-11.972386 -62.643928 18.075389 
-11.463527 -61.829376 18.353899 
-11.186863 -61.902511 19.312079 
-11.160916 -61.376533 20.162181 
-11.791716 -61.534513 20.921874 
-11.884081 -62.520483 20.782829 
-12.367562 -63.357894 21.037758 
-13.295479 -63.038363 21.229775 
-13.864373 -62.372345 20.747303 
-13.170206 -62.890009 20.247146 
-13.038861 -61.899800 20.294422 
-13.559567 -61.161964 20.723912 
-13.471892 -60.583303 19.913070 
-12.811158 -60.021034 19.415794 
-12.440651 -59.721325 18.536647 
-12.372431 -58.754556 18.290264 
-11.390643 -58.762807 18.100466 
-10.944279 -59.575517 18.474981 
-10.168456 -60.134810 18.767026 
-10.210514 -60.846182 19.468583 
-10.336966 -61.415818 18.656471 
-10.211199 -61.527709 17.670742 
-9.838439 -62.049825 16.903641 
-9.668212 -61.499390 16.086301 
-9.086745 -60.904824 15.530975 
-8.458458 -60.569412 14.829011 
-7.610602 -60.060660 14.679636 
-6.635659 -59.960901 14.878469 
-7.206594 -60.140898 15.679490 
-6.254836 -59.959944 15.927307 
-5.755069 -60.778091 15.642933 
-5.768994 -61.507068 14.958537 
-6.632501 -62.004035 14.872633 
-6.787623 -62.358500 13.950521 
-7.785547 -62.321956 14.003560 
-8.251594 -62.645911 13.180242 
-8.580135 -63.380640 13.773735 
-8.804142 -63.528154 12.810376 
-9.408874 -64.280355 12.548663 
-8.628067 -64.898719 12.459411 
-8.573690 -65.791112 12.011440 
-8.356269 -66.425706 11.269807 
-8.179887 -65.573326 10.777527 
-7.249514 -65.267102 10.575949 
-7.368066 -64.316409 10.862530 
-6.402390 -64.561548 10.948414 
-5.996984 -65.463929 10.802282 
-5.228649 -65.686423 11.402414 
-5.537458 -65.546828 12.343239 
-5.314125 -64.622162 12.034832 
-4.458158 -64.303209 12.441760 
-3.610880 -64.172719 12.956631 
-2.716867 -64.612331 12.870133 
-2.863665 -63.747149 12.390644 
-3.477536 -64.076839 11.673381 
-3.725219 -63.363227 11.018086 
-3.777500 -63.020463 10.080120 
-3.575680 -62.393664 9.327530 
-4.271344 -61.772231 9.687908 
-5.013349 -62.441069 9.642252 
-5.723621 -62.526978 8.943587 
-6.005148 -63.049503 8.138783 
-6.074904 -62.495955 7.308892 
