42.769915 -0.780778 1.220717 
43.209208 0.102133 1.386518 
43.934690 -0.265456 1.968372 
43.742413 -0.524370 2.914942 
43.697346 0.205847 3.596669 
43.601993 0.176978 4.591694 
43.694404 1.172621 4.604191 
43.304091 1.617009 5.410526 
43.518981 1.512991 6.381609 
43.993395 1.967738 7.135357 
43.146166 2.357644 6.774557 
42.559080 2.936822 6.208976 
42.775804 3.489212 5.404056 
43.080678 3.440927 4.452888 
43.611597 3.302996 3.616766 
43.901108 4.195318 3.963097 
42.968918 4.533395 3.833774 
42.093389 5.008436 3.922009 
41.242990 5.469069 3.667767 
40.890902 5.561252 2.736351 
40.814350 6.512278 3.035830 
39.838881 6.676225 2.888924 
39.759044 7.285724 3.677680 
38.858553 7.662769 3.460993 
38.450841 8.482628 3.058995 
37.952026 9.347105 3.121157 
37.634288 9.192787 2.185620 
37.028414 9.796019 2.704298 
36.643502 9.239341 1.968124 
35.697598 9.098231 2.260278 
35.616665 8.529864 1.441493 
35.010498 9.033844 0.826216 
34.937461 8.600220 -0.071914 
34.064655 8.461296 -0.539793 
33.635704 7.637595 -0.168958 
34.242439 7.172180 0.475449 
33.638491 7.846324 0.900626 
34.334971 8.349339 1.412379 
34.696273 8.694144 2.278734 
33.839489 9.118626 2.571543 
33.521351 9.681947 1.809009 
32.952364 9.875492 1.009763 
33.505256 9.401375 0.324545 
33.697262 10.247799 -0.172145 
34.592927 9.803445 -0.153891 
35.388299 10.075848 0.387570 
35.812428 9.671034 -0.422517 
36.562500 9.664465 0.238807 
36.586131 8.670443 0.345393 
37.497036 8.369940 0.062636 
37.462102 7.389470 -0.130902 
37.743518 6.635591 0.462793 
37.473491 5.854115 -0.099684 
37.971782 6.462343 -0.717556 
36.974429 6.514407 -0.666792 
36.904834 6.719732 -1.643009 
37.087093 7.098629 -2.550322 
37.630893 6.278545 -2.372153 
37.112810 5.495641 -2.027696 
37.938740 5.042673 -2.363344 
38.092352 4.589631 -3.241499 
37.857922 4.652131 -4.211621 
37.536767 5.468900 -4.690941 
37.188215 6.405837 -4.716637 
36.483993 6.522956 -5.416891 
36.378808 7.389909 -5.904055 
37.077248 6.818565 -6.335038 
36.303921 6.505873 -6.886571 
36.088078 7.467074 -7.058337 
35.314285 7.871682 -6.570958 
35.871379 8.671005 -6.796189 
35.477859 9.577931 -6.946612 
35.051666 9.188208 -7.762992 
35.824362 9.776010 -8.002639 
36.477417 9.416689 -8.669277 
35.988530 8.624154 -9.033804 
35.732011 7.775731 -8.570796 
35.635464 6.808662 -8.335307 
36.003578 6.352814 -9.145675 
36.751570 6.985668 -9.345685 
37.484101 7.653846 -9.215543 
38.204624 8.161877 -9.687508 
38.284838 9.027717 -9.193659 
37.354658 8.957910 -9.554063 
37.269363 8.769929 -8.575600 
36.917387 8.008631 -8.031047 
36.966194 8.529599 -7.178867 
37.867747 8.746964 -7.552973 
37.511003 9.670123 -7.696191 
37.566737 9.942338 -8.656812 
38.472689 10.363471 -8.700385 
38.469845 11.287346 -8.317702 
37.660564 11.851808 -8.480328 
36.820718 11.311435 -8.531861 
36.111882 11.013120 -7.892674 
35.923542 10.984476 -6.910988 
36.854984 11.046207 -6.552374 
36.359593 10.324705 -6.068615 
37.074911 9.787561 -5.621629 
37.395620 10.615634 -5.161802 
36.593997 11.196243 -5.019344 
37.297797 11.899446 -5.120198 
-45.690985 7.181922 -23.110583 
-45.099131 6.432949 -22.812676 
-45.650141 5.598723 -22.791328 
-44.871934 5.008676 -22.576297 
-44.053327 4.990799 -22.002221 
-43.933717 4.063254 -21.648168 
-43.493179 4.520579 -20.875652 
-43.379111 3.706992 -20.305507 
-42.658614 4.346675 -20.037759 
-42.097360 3.849657 -19.375968 
-42.555654 3.295224 -18.681294 
-41.788251 2.679567 -18.860345 
-41.054561 2.098433 -19.212457 
-40.484067 2.919048 -19.178882 
-40.581468 2.624870 -20.129656 
-39.957606 1.976623 -19.693110 
-40.109205 1.041978 -20.014757 
-40.111352 0.063719 -20.222131 
-39.335164 -0.455798 -20.579393 
-38.745256 -0.101616 -19.853746 
-38.379831 0.769245 -19.525014 
-37.429894 0.730021 -19.834983 
-37.773456 -0.052972 -20.353525 
-37.743057 -0.980953 -19.982139 
-36.976248 -0.530137 -19.525227 
-36.536035 -0.520138 -20.423065 
-36.654970 -1.050443 -21.262488 
-37.592508 -1.133904 -21.600212 
-37.814730 -0.274947 -22.061526 
-38.567367 -0.710959 -22.554913 
-38.046766 -0.577894 -23.398280 
-37.156103 -1.014124 -23.526433 
-37.278519 -1.334597 -24.465747 
-37.582297 -0.393341 -24.318246 
-37.029120 0.055837 -23.616652 
-37.226998 0.554848 -24.460353 
-36.920730 1.091066 -25.246909 
-37.769628 0.857999 -25.721305 
-37.416592 1.079562 -26.630302 
-38.118032 1.751796 -26.867121 
-37.528793 1.705928 -27.673777 
-38.364817 1.520936 -28.190344 
-38.837359 2.184937 -27.610855 
-39.690823 1.668323 -27.542234 
-40.516486 1.162546 -27.792173 
-40.236853 0.614465 -27.003876 
-40.256016 0.612510 -26.004061 
-40.205558 1.570361 -26.286861 
-41.001275 1.665067 -26.885079 
-41.985961 1.809088 -26.786834 
-42.108201 2.508557 -26.082703 
-42.129835 1.599188 -25.667274 
-41.560265 0.777284 -25.675186 
-42.464604 0.392183 -25.491155 
-42.515173 0.048496 -24.553433 
-42.647986 -0.938438 -24.644657 
-42.404556 -1.600648 -25.353332 
-42.232332 -0.826435 -25.962376 
-43.120222 -1.111113 -26.323776 
-43.094061 -1.748977 -27.093481 
-43.675432 -2.416531 -26.628316 
-44.253061 -2.619703 -27.418927 
-44.217190 -3.345692 -28.105697 
-43.762064 -4.218025 -27.927104 
-44.288276 -4.260004 -28.776420 
-43.715939 -4.944849 -29.227440 
-43.279004 -4.074109 -29.453048 
-43.153014 -4.382640 -30.395881 
-42.484011 -4.462460 -31.134842 
-41.831315 -3.704942 -31.147301 
-40.949675 -3.252401 -31.281155 
-40.338221 -3.876756 -31.767268 
-40.732329 -4.536080 -32.407557 
-41.499473 -3.991550 -32.068476 
-42.301749 -4.006889 -32.665232 
-42.794424 -3.138601 -32.607386 
-41.969278 -2.574572 -32.639100 
-41.501854 -3.078673 -33.365321 
-41.179461 -2.152983 -33.167431 
-41.233246 -1.366075 -33.782153 
-41.242214 -0.459739 -34.204614 
-41.118047 -0.545433 -33.216060 
-40.525292 0.224398 -32.979410 
-41.218902 0.920015 -33.166552 
-40.776148 1.751916 -33.501083 
-39.947341 1.561461 -34.027206 
-40.639724 1.507594 -34.746722 
-41.044888 2.124156 -35.421773 
-41.304145 2.471778 -34.520693 
-42.074546 2.115942 -35.049714 
-42.324727 1.348090 -35.639470 
-42.892831 1.532576 -34.837458 
-43.008922 2.084243 -35.663403 
-43.265898 2.745897 -36.367802 
-42.292280 2.867838 -36.560674 
-11.875285 -0.871678 15.551597 
-12.334866 -1.677280 15.925483 
-12.218257 -1.482599 16.899394 
-11.273222 -1.804421 16.957181 
-10.403467 -1.310979 16.950610 
-11.042665 -0.647138 17.338865 
-11.392387 -1.403654 17.891477 
-11.228273 -1.897078 18.745642 
-10.626172 -2.292313 18.051910 
-9.685937 -2.577723 18.237650 
-9.012806 -1.931426 18.597088 
-8.706002 -2.264588 17.705530 
-8.364771 -1.328079 17.624827 
-8.910655 -0.761484 18.242064 
-9.868810 -0.778017 17.956293 
-9.830098 -0.385219 17.037483 
-9.516673 0.309655 16.390247 
-10.009420 1.044378 15.924004 
-10.671564 0.944213 16.666657 
-11.395047 0.964542 15.976614 
-11.665545 0.233270 15.350458 
-11.149996 0.322614 14.498269 
-11.859271 1.027529 14.503156 
-12.437516 1.827476 14.663521 
-12.361263 1.361731 15.545148 
-13.175508 1.599948 16.074542 
-13.573760 2.301970 15.484152 
-14.158874 1.577042 15.847638 
-14.919831 0.949440 15.683138 
-15.114268 1.603724 14.952312 
-14.677995 1.493907 14.059224 
-14.046059 1.636806 14.820956 
-13.459206 2.377047 14.492860 
-14.197218 2.822975 13.986416 
-14.965748 3.016732 14.596187 
-15.054245 3.825619 15.177453 
-16.022251 4.032301 15.319750 
-15.508260 4.276129 16.142163 
-16.372692 4.765547 16.027147 
-17.149468 4.896915 16.643070 
-17.357432 5.851526 16.429836 
-18.140804 6.457860 16.566535 
-18.610609 5.737933 17.077405 
-19.128574 5.806676 17.930040 
-19.883100 5.197100 17.686924 
-19.796733 5.980153 17.070995 
-20.507188 6.203896 16.403767 
-20.994174 6.224429 15.530598 
-20.985133 6.358336 14.539646 
-20.925209 5.401913 14.825416 
-20.942759 4.794903 15.619917 
-20.583670 4.074191 15.026933 
-21.309858 3.663302 14.475732 
-21.520903 3.597630 15.451000 
-22.106518 2.965195 15.958032 
-21.264861 2.453851 15.784422 
-20.461462 2.376816 15.193985 
-20.692559 1.483874 14.807658 
-20.057843 1.276415 15.552034 
-19.936236 0.285694 15.491340 
-20.363681 -0.529782 15.881583 
-20.098507 -0.761175 14.945560 
-20.372673 -0.764003 13.983881 
-20.364343 -0.004452 13.333486 
-21.188773 0.333427 12.879446 
-21.557831 -0.195657 12.115334 
-22.078104 0.658326 12.109932 
-22.862799 0.183907 12.508907 
-23.252327 0.278486 13.425052 
-22.322501 -0.084071 13.488111 
-22.986455 -0.302990 14.203121 
-23.640131 -0.896080 13.733066 
-23.225695 -0.806204 12.827436 
-22.637106 -1.159010 13.554822 
-21.804241 -1.069598 14.101029 
-21.329918 -1.397636 14.917980 
-21.584995 -0.785738 15.666657 
-21.475980 -0.546059 16.631369 
-21.395127 -1.466281 17.014323 
-21.993732 -2.263160 16.932739 
-22.549409 -2.072031 16.123607 
-23.538491 -2.162870 16.239646 
-24.439974 -1.970237 16.627229 
-24.690049 -1.058730 16.953752 
18.252815 10.899422 -31.051683 
17.259022 10.863908 -31.157103 
17.518782 11.355366 -31.988364 
17.972491 11.979524 -32.624425 
18.904206 11.689642 -32.405622 
19.370309 12.556159 -32.584222 
19.691267 13.286571 -31.981325 
19.971221 12.970941 -31.074681 
19.164645 12.536741 -30.673552 
19.845362 11.843274 -30.909617 
20.403560 12.384276 -30.280545 
20.818829 13.224501 -29.931871 
21.704332 13.481403 -29.544719 
21.923902 13.592116 -28.575425 
21.520126 12.754442 -28.207639 
22.202581 12.115648 -27.852396 
22.700806 12.674435 -28.515366 
22.998721 12.884766 -27.584234 
22.304615 13.094430 -26.895570 
21.443115 13.469063 -27.238307 
20.556035 13.007565 -27.227914 
21.069255 12.316200 -26.719367 
21.226807 12.116515 -25.752256 
21.959889 11.467736 -25.956405 
22.458334 10.618755 -26.131858 
22.691004 10.125168 -26.969854 
23.626612 9.839246 -27.176943 
23.919033 8.916489 -27.427959 
23.257783 8.755487 -26.695275 
22.893345 7.830179 -26.590436 
23.392026 7.664240 -25.739683 
22.549381 8.120375 -25.453519 
22.052188 7.936761 -24.605530 
21.376626 8.672275 -24.554204 
20.953089 9.013760 -23.715154 
20.685455 9.827341 -24.231349 
21.617708 10.169347 -24.113304 
21.848711 9.655135 -23.287336 
21.985032 8.849523 -22.710789 
22.854077 9.339825 -22.776861 
23.552861 9.918248 -23.197726 
23.482913 10.238830 -24.142361 
22.809016 9.565836 -23.837496 
23.687825 9.092369 -23.896863 
23.263446 9.076653 -24.802212 
24.066027 9.438685 -25.276340 
23.885428 10.364791 -25.607569 
23.750993 11.173184 -25.034483 
24.688930 10.976273 -25.319964 
24.327375 11.026747 -26.250947 
24.141726 11.765102 -26.899304 
23.648053 11.851864 -26.033995 
22.964906 11.748589 -25.311054 
23.246216 12.700233 -25.434495 
23.340120 13.288871 -24.631571 
23.089811 13.765017 -23.788582 
23.255123 12.806565 -23.556112 
22.516096 12.356201 -24.057123 
21.643761 12.458301 -24.535252 
21.018899 13.112006 -24.962122 
20.523609 12.891700 -24.121793 
20.193609 11.997338 -24.423813 
19.300391 12.231894 -24.040217 
18.881145 11.369740 -23.755748 
19.423059 10.844949 -24.412195 
19.143627 10.805636 -25.371555 
18.328036 11.090164 -25.875396 
18.323754 12.090155 -25.874613 
18.675743 13.016195 -26.010824 
18.841484 13.892192 -26.463768 
18.622251 13.612423 -27.398469 
18.059684 13.098880 -28.046382 
18.245444 12.692771 -28.941127 
18.966066 12.668895 -28.248210 
19.557008 11.939152 -28.592104 
20.163682 12.731929 -28.533356 
19.787862 13.584356 -28.169862 
19.011511 14.213913 -28.200469 
18.351522 14.510065 -28.890911 
19.146508 15.093506 -29.057027 
19.064517 16.065010 -28.834635 
19.610002 15.846055 -29.643650 
66.084615 36.070722 -19.248783 
66.563383 35.782891 -20.078202 
67.521878 35.503562 -20.135312 
67.380777 36.339029 -19.604194 
67.612495 36.828320 -20.444968 
67.218407 37.045095 -21.338111 
66.534718 37.039722 -20.608357 
65.721080 36.506826 -20.375948 
64.871678 36.814851 -20.804476 
64.223444 37.546883 -21.014051 
63.679139 36.745640 -20.765572 
63.938454 36.785390 -21.730547 
64.494263 36.814688 -22.561340 
64.032292 35.928003 -22.542075 
63.175696 35.583664 -22.157792 
63.623658 34.723785 -22.402614 
64.377463 34.694376 -23.059054 
63.607089 35.310900 -23.221605 
62.966054 35.638019 -23.915916 
62.139083 35.380436 -24.415686 
61.794197 36.107365 -25.009511 
62.515966 36.445616 -25.613362 
62.707009 36.642953 -26.574903 
63.258688 36.885811 -27.372819 
63.694307 36.698437 -28.253232 
63.529327 35.840487 -27.766710 
63.995520 35.660419 -28.632874 
63.533632 35.220321 -29.402921 
62.610820 34.859089 -29.269019 
62.341304 35.568512 -28.617805 
62.412239 35.625327 -27.621944 
61.452402 35.780627 -27.388291 
61.060212 35.690512 -28.303750 
60.241333 36.224546 -28.514094 
59.292899 35.972657 -28.706515 
58.643880 36.432256 -28.100262 
57.782868 36.801317 -27.750329 
56.810863 36.628217 -27.909211 
56.736218 36.695149 -28.904172 
57.704903 36.783324 -29.136279 
57.581307 35.876278 -28.733798 
57.922162 35.761009 -29.666820 
57.791087 36.439349 -30.389781 
58.564915 37.023188 -30.635389 
59.096202 37.476574 -31.351053 
58.187884 37.326184 -31.741361 
58.408271 36.351045 -31.718251 
59.297480 36.301809 -31.263409 
59.495410 35.778434 -32.092204 
60.085387 36.410632 -32.594453 
59.495897 37.195685 -32.784700 
60.246614 37.821396 -32.996620 
59.948683 37.455349 -33.878236 
60.396719 38.348489 -33.917795 
59.688184 38.439475 -34.617581 
58.789082 38.837690 -34.799351 
59.237493 38.561769 -35.649525 
58.670313 38.558179 -36.473111 
58.293831 37.906780 -37.131852 
59.086829 37.759364 -37.722972 
58.630989 36.913346 -37.446451 
59.442800 37.162395 -36.918305 
60.180314 36.677515 -36.448238 
59.606588 36.036868 -36.958541 
59.918937 36.412951 -37.830894 
60.543447 36.234093 -38.591156 
59.710975 36.086418 -39.125181 
59.007404 36.350377 -39.784964 
58.929466 37.124079 -40.413702 
59.902626 37.255866 -40.602361 
60.243097 36.902928 -39.730860 
60.049756 37.836831 -39.430119 
60.926977 38.002131 -38.979386 
61.737732 38.580852 -38.891305 
61.658875 38.373345 -39.866355 
60.829379 38.842031 -40.170116 
59.884420 38.796019 -40.494052 
60.012831 38.664977 -41.477078 
59.449083 39.441290 -41.759080 
58.853848 38.762193 -41.329519 
59.063015 25.206222 31.370917 
59.234443 24.489011 30.695476 
58.320810 24.163339 30.452140 
57.864342 23.969796 29.583706 
57.210120 24.107953 28.840129 
57.753798 24.946967 28.818495 
58.678503 24.754908 28.489809 
59.201959 25.229367 27.782078 
58.854227 26.133869 28.028977 
58.312560 25.905811 28.838042 
58.362318 25.445163 29.724229 
57.526763 25.249072 30.237450 
57.084834 25.222516 31.134107 
58.069809 25.395132 31.128755 
57.568524 25.864624 31.855592 
58.158837 26.671373 31.829379 
59.078616 26.640875 32.220630 
58.871767 27.604204 32.391540 
58.668130 28.547534 32.129508 
58.014743 28.618854 32.883165 
57.287231 29.061371 32.358851 
56.822274 28.224065 32.646485 
56.815619 28.498065 33.608192 
56.649693 27.833376 34.336655 
57.013780 27.454022 33.486049 
57.498828 26.692830 33.055565 
56.573333 26.577261 32.694867 
56.106578 27.060149 31.953949 
55.829581 26.469489 31.196062 
54.950505 26.790103 31.548811 
54.578882 25.967688 31.118080 
53.928231 25.221966 30.974722 
53.438560 26.042557 31.269433 
53.705662 26.202265 30.319091 
53.575223 27.156946 30.051566 
53.403685 27.549384 30.955207 
53.878129 27.377122 31.818474 
53.435930 26.821605 32.522648 
52.548150 26.824715 32.062389 
52.371619 27.053852 33.019642 
51.620811 26.393953 33.048266 
51.069756 25.788798 32.473699 
51.970554 25.780053 32.039548 
51.614089 24.860252 31.875537 
52.401934 25.156285 31.335476 
51.819121 25.681723 30.715602 
50.825562 25.792543 30.739285 
49.943275 26.263200 30.746429 
49.402364 25.587610 31.247420 
48.576303 25.738986 30.704549 
47.952724 25.079817 30.284256 
47.891804 24.512701 29.462874 
48.335719 23.919510 30.134487 
48.758945 23.396412 29.394725 
47.957128 23.132085 28.858794 
48.361762 23.048842 27.948112 
48.551382 23.627897 27.155181 
49.532296 23.527072 26.988924 
49.270650 24.265891 27.609962 
49.049837 24.553535 28.541897 
49.899427 24.132133 28.859099 
50.734570 24.590887 29.162549 
51.037622 25.457145 28.765363 
51.927872 25.187132 29.132172 
52.716513 24.765195 28.684942 
53.024821 24.424157 29.572996 
53.685633 23.960539 28.982754 
53.306276 23.043399 29.104992 
54.219043 22.636897 29.145166 
54.318944 21.906276 28.469730 
53.939858 21.994296 27.548564 
53.325765 22.728607 27.837833 
53.035464 22.153549 27.072958 
53.619327 21.927296 26.293270 
52.818861 21.715974 25.732380 
51.983258 21.968189 26.220392 
52.321507 22.872603 25.960347 
52.441639 23.857458 25.835330 
25.619915 58.192422 16.996317 
25.004912 57.634313 16.439284 
24.981987 58.544195 16.025049 
24.026229 58.292361 15.873041 
23.473134 57.592565 16.325116 
23.964320 57.262767 15.518909 
23.549092 56.369399 15.690605 
23.045703 55.505343 15.693262 
22.268603 56.067868 15.975542 
22.122101 55.205325 16.459853 
22.046974 55.055960 17.445777 
21.532929 55.874486 17.702238 
22.089083 56.463455 17.115886 
21.918607 57.152131 17.820630 
21.410626 57.609888 18.550297 
20.420854 57.748626 18.517108 
19.943314 58.195926 19.273335 
20.602621 58.146327 20.023571 
20.538488 57.798959 20.959104 
20.448213 56.924509 20.482461 
20.391799 56.033111 20.932157 
19.557234 55.623505 21.300563 
20.378603 55.053581 21.277314 
19.947122 55.098576 20.376315 
19.982549 54.099234 20.383987 
20.842945 54.602493 20.303683 
21.422267 54.192043 21.007896 
22.276845 54.711361 21.005851 
22.552220 55.671628 21.051194 
21.900556 56.199648 21.595739 
22.248079 56.157676 22.532470 
22.657533 55.245412 22.521405 
23.656657 55.204237 22.513870 
24.241546 55.274036 23.321974 
24.552070 54.457057 22.836053 
24.187332 53.635825 23.274854 
24.730995 52.955268 23.766048 
24.760022 53.520197 24.590677 
25.595595 53.790057 24.112143 
25.793855 54.758886 23.963606 
26.687417 55.184352 23.820337 
26.447614 54.964152 24.765856 
26.660744 53.996369 24.899917 
27.592934 53.762836 24.623360 
27.919494 53.636417 23.686676 
27.224643 53.404827 23.005832 
26.352215 53.262933 22.538142 
26.307998 52.284278 22.337445 
27.301909 52.174306 22.344297 
27.333686 51.252198 21.958670 
27.906502 50.792716 22.637461 
28.135951 50.020222 22.045342 
28.597459 49.489742 22.756398 
29.064247 50.253782 23.201766 
28.718134 51.147063 23.488565 
29.141209 51.977746 23.126663 
29.712673 51.269303 23.540834 
30.388185 51.374698 22.811056 
30.989433 50.963422 22.125963 
31.392605 51.800330 21.755776 
31.813494 51.858861 20.850554 
31.442032 51.913537 19.923717 
31.063831 51.485447 19.102922 
32.029435 51.269159 19.247249 
31.778486 50.356929 19.571071 
31.958436 50.262416 20.550196 
32.423400 50.877780 21.186698 
32.515558 51.288382 22.093844 
32.059310 50.763011 22.812052 
31.650778 51.663917 22.958574 
32.404012 52.261097 23.234282 
33.344656 51.973401 23.054228 
33.800846 52.168622 23.922433 
33.479356 51.677963 24.732308 
33.290066 52.657759 24.796882 
34.060971 53.259999 25.004277 
-35.413385 28.044422 -60.923483 
-34.596660 28.086044 -61.499008 
-35.387901 28.098589 -62.110384 
-35.250551 27.263799 -62.643546 
-34.324243 27.265130 -62.266781 
-33.396130 27.612214 -62.401460 
-32.483258 27.290428 -62.652696 
-32.343168 28.155722 -63.133987 
-31.874158 28.816107 -62.547539 
-30.874559 28.841021 -62.560942 
-29.894711 28.952884 -62.726426 
-29.649410 28.673471 -61.798118 
-29.807528 28.049082 -61.033176 
-29.523150 27.646221 -60.163215 
-30.065095 26.827795 -59.972233 
-29.622531 26.164726 -60.575951 
-30.144849 26.114281 -61.427208 
-30.685619 25.950808 -60.602075 
-31.005009 25.019904 -60.779295 
-31.141368 25.502113 -61.644674 
-31.989242 25.187221 -61.218114 
-31.891003 26.171547 -61.071649 
-31.841925 25.926430 -60.103399 
-31.985007 25.004994 -59.742175 
-31.189176 25.499828 -59.393189 
-30.582712 26.002689 -58.777290 
-31.184050 26.495370 -58.148276 
-31.278361 25.533952 -57.889853 
-30.557042 25.030522 -58.365518 
-30.834382 24.136096 -58.014684 
-31.360141 23.342697 -57.707934 
-31.395909 23.514948 -56.723531 
-31.658034 22.574722 -56.940939 
-31.613810 22.716060 -55.951966 
-31.630222 23.108350 -55.032271 
-31.215016 23.831402 -54.480185 
-30.597656 24.365389 -53.902496 
-31.328223 24.642922 -53.278599 
-31.047503 23.849933 -52.737893 
-31.772844 23.825474 -52.049938 
-31.442833 22.887159 -51.946699 
-31.915443 22.178622 -51.422661 
-31.460650 22.802324 -50.786926 
-31.084153 21.881333 -50.887058 
-31.033032 20.978154 -51.313268 
-30.368864 20.915912 -50.568280 
-30.331792 21.730711 -49.989723 
-29.843733 22.353949 -49.378681 
-29.944707 23.146578 -48.777396 
-29.260504 22.560873 -48.342865 
-28.703752 22.922051 -47.594816 
-28.326999 22.142001 -48.094394 
-27.840425 22.316166 -47.238291 
-27.020420 21.913099 -46.831931 
-26.787121 22.874066 -46.980641 
-25.868050 23.185559 -47.222053 
-25.488529 22.565179 -46.535691 
-25.631143 21.942247 -45.766525 
-24.957403 21.554668 -46.395697 
-24.318675 20.785478 -46.415034 
-24.274244 20.500725 -45.457464 
-23.303135 20.447238 -45.690029 
-22.528108 20.414859 -46.321127 
-21.858880 20.724828 -46.996444 
-22.006034 21.705235 -47.127397 
-22.699791 22.422453 -47.192952 
-22.118158 23.215352 -47.011256 
-21.557624 22.958116 -47.798423 
-3.366885 48.535322 -20.095883 
-3.319369 48.003521 -19.250347 
-2.375205 48.132798 -19.553400 
-1.855775 48.377867 -20.372017 
-1.238103 48.700655 -19.654877 
-1.657056 49.065869 -18.823554 
-2.112612 49.478388 -18.034696 
-2.426082 48.681533 -17.518209 
-3.108369 49.096641 -18.120015 
-3.493724 49.476535 -17.279074 
-2.880815 50.125769 -17.729449 
-2.045057 50.439741 -17.278971 
-1.176942 50.440021 -17.775334 
-0.819424 50.455087 -18.709119 
-1.704868 50.661036 -19.125741 
-1.107895 51.462908 -19.150701 
-0.434488 51.839875 -19.786640 
-1.113904 52.572949 -19.755083 
-1.724804 52.845344 -19.011711 
-0.847794 52.584501 -18.608208 
-0.692980 53.332781 -17.963142 
-0.052310 54.096149 -18.045678 
-0.281039 54.287080 -19.000260 
-0.722219 53.990111 -19.847119 
0.225281 54.115686 -20.141184 
0.499007 53.191147 -19.876037 
0.439787 52.422431 -19.239194 
1.403303 52.537954 -19.480627 
1.130581 51.656769 -19.094447 
0.960997 51.234789 -19.985050 
0.742430 51.726225 -20.828092 
-0.155561 51.926909 -21.219678 
-1.018117 51.923298 -20.713729 
-1.685222 51.179372 -20.674414 
-2.454863 50.792926 -20.166170 
-2.144932 50.250359 -20.946916 
-2.022876 49.638289 -20.165588 
-2.886091 49.613964 -20.669838 
-3.755584 49.385611 -21.107830 
-3.213769 48.660382 -21.532658 
-3.871704 48.560632 -22.279097 
-3.656813 49.502825 -22.536185 
-4.278479 50.245090 -22.286040 
-4.843362 49.438888 -22.461952 
-5.181391 48.534923 -22.723838 
-5.516640 47.648713 -22.404090 
-5.347856 47.761960 -23.383216 
-5.035786 47.259917 -24.189792 
-5.556706 47.249378 -25.043332 
-6.302333 47.318567 -24.380570 
-6.750575 47.939189 -25.023927 
-6.683291 47.543729 -25.939943 
-7.562244 47.191074 -26.260999 
-8.215303 46.560951 -26.681067 
-8.823244 45.916376 -27.144675 
-8.490393 46.681167 -27.696314 
-7.727859 46.095024 -27.970136 
-7.561088 45.543000 -28.787116 
-8.380479 46.075784 -28.998634 
-9.313425 45.722432 -29.067581 
-9.935018 46.081368 -29.763848 
-10.800808 46.556896 -29.919672 
-11.578973 47.148998 -29.710211 
-10.942139 47.917026 -29.642572 
-10.596663 48.469869 -28.884278 
-65.178385 -29.042178 -22.110083 
-65.317908 -28.158346 -21.663571 
-65.013824 -27.783191 -20.787905 
-65.173595 -28.490089 -20.098871 
-64.871769 -28.824735 -20.991571 
-65.633230 -29.404067 -21.282349 
-66.421447 -29.608931 -21.862647 
-67.128281 -28.979018 -22.184508 
-68.044842 -29.023647 -21.787112 
-68.701182 -29.776681 -21.833562 
-68.297473 -30.496115 -22.398746 
-67.725344 -30.538353 -23.217821 
-68.693807 -30.549892 -23.466712 
-68.980419 -30.128664 -24.327188 
-68.801141 -29.175643 -24.571343 
-68.030861 -28.916425 -25.153987 
-68.682376 -29.577157 -25.526763 
-67.915919 -29.670143 -26.162292 
-68.112194 -30.647680 -26.239084 
-67.281307 -30.962592 -25.780328 
-66.981015 -31.904085 -25.627305 
-66.171701 -32.309384 -26.052443 
-66.281556 -31.364572 -26.361090 
-66.227558 -31.813881 -27.252834 
-67.079886 -31.434094 -27.612415 
-67.246681 -30.475519 -27.381517 
-66.979986 -29.597747 -27.779500 
-67.437999 -29.008329 -27.114060 
-67.686003 -28.441681 -26.328309 
-67.913506 -27.811538 -25.585906 
-67.046692 -27.371741 -25.820878 
-67.438362 -27.509469 -26.730617 
-67.170959 -26.734104 -27.302723 
-67.087715 -26.494082 -26.335531 
-68.073251 -26.496539 -26.504980 
-68.791326 -27.164322 -26.701024 
-69.526492 -27.820090 -26.529268 
-69.525686 -28.594451 -25.896526 
-70.252667 -28.543933 -25.211730 
-70.451095 -29.468328 -25.537491 
-70.480479 -29.896587 -24.634313 
-71.398813 -30.116858 -24.963165 
-70.996355 -30.995802 -25.219065 
-71.166005 -30.436795 -26.030687 
-70.873906 -31.287629 -26.467448 
-70.896283 -30.825496 -27.353977 
-71.306735 -30.959576 -28.255947 
-70.925679 -31.845986 -28.518764 
-69.976479 -31.848497 -28.204099 
-70.128182 -31.350558 -29.057939 
-70.857929 -31.037042 -29.665539 
-71.819909 -30.766631 -29.627147 
-72.323419 -29.995586 -29.237320 
-73.140813 -29.420891 -29.197384 
-73.567037 -28.804799 -29.859776 
-74.300008 -28.337858 -29.365085 
-74.741931 -29.194724 -29.630573 
-74.034664 -29.901641 -29.624026 
-74.377095 -30.823975 -29.803025 
-74.663583 -31.471923 -30.508779 
-75.497791 -31.293545 -31.030582 
-76.372169 -31.094846 -31.473280 
-77.250012 -30.701136 -31.746014 
-77.860644 -29.937396 -31.955371 
-77.876478 -29.752906 -30.972664 
-77.106722 -29.216479 -30.626655 
-77.420807 -28.450722 -30.065436 
-77.709838 -27.714571 -29.453437 
-77.650527 -27.693357 -28.455423 
-13.445785 -19.339178 -30.669083 
-13.928080 -19.665550 -31.482024 
-14.066846 -20.087736 -32.377849 
-14.652293 -20.641975 -32.969518 
-13.911815 -20.792798 -33.624457 
-13.942611 -20.488651 -34.576584 
-13.862803 -19.673530 -34.002817 
-13.056261 -19.948909 -34.525939 
-12.131366 -19.879434 -34.152117 
-11.917062 -18.902934 -34.174950 
-11.935529 -18.180995 -33.483239 
-12.814502 -17.980812 -33.916058 
-12.015492 -17.611884 -34.390899 
-11.439644 -17.168879 -35.078027 
-11.409181 -16.852249 -36.026087 
-10.625878 -16.520709 -35.500236 
-10.599462 -15.843005 -36.235097 
-10.140550 -15.009065 -35.928592 
-9.566587 -14.325836 -36.379994 
-9.330801 -13.502928 -36.896934 
-8.671460 -12.770574 -37.067014 
-8.452515 -13.325424 -36.264390 
-7.833027 -12.811933 -35.670621 
-8.665629 -12.685148 -35.131456 
-8.301511 -11.865769 -34.688696 
-8.558520 -12.237826 -33.796777 
-8.039776 -12.978179 -33.369247 
-7.520481 -13.829669 -33.442034 
-7.700158 -13.794301 -34.425123 
-7.363564 -14.735634 -34.400688 
-7.575364 -15.466661 -35.049333 
-6.871210 -15.778579 -35.687200 
-6.605689 -16.089057 -34.774456 
-6.335542 -16.331447 -33.842647 
-6.719467 -17.254779 -33.850328 
-6.766578 -17.752796 -34.716214 
-5.884010 -17.680455 -35.180801 
-4.915664 -17.793698 -35.403244 
-4.499747 -18.348481 -34.682669 
-3.976657 -18.914407 -34.045405 
-3.143637 -18.483349 -33.698610 
-2.780023 -18.020601 -34.507096 
-1.781151 -17.995558 -34.547446 
-1.025769 -18.619085 -34.345920 
-1.709843 -18.875782 -33.663169 
-1.690468 -19.126567 -32.695320 
-2.386691 -18.409950 -32.653683 
-2.549032 -18.449512 -31.667742 
-2.776439 -17.493350 -31.483242 
-3.088738 -17.033974 -30.651712 
-3.976841 -16.918297 -31.096562 
-4.500350 -16.374788 -31.752714 
-4.862780 -15.496714 -32.065173 
-5.016510 -14.959499 -32.894491 
-4.431052 -15.748729 -33.079845 
-3.514248 -15.353914 -33.139776 
-3.273704 -14.720333 -32.404445 
-3.856529 -13.999450 -32.029421 
-4.465041 -14.617180 -31.531302 
-4.388181 -14.582172 -30.534875 
-4.793079 -15.426894 -30.884881 
-4.538479 -16.302581 -30.474576 
-5.321967 -16.688354 -29.987414 
-5.463640 -16.514713 -29.012849 
23.258615 -50.412178 46.031017 
23.606660 -49.475110 46.058736 
23.907429 -48.521562 46.075576 
24.600303 -49.235731 45.976136 
25.098075 -50.064543 45.720609 
25.974497 -49.601284 45.589167 
26.232695 -48.776913 45.085435 
27.197879 -48.518022 45.048095 
27.299846 -47.632191 45.500761 
27.561255 -47.378361 46.432016 
28.143169 -48.176601 46.587549 
28.096297 -47.529029 47.348111 
28.686821 -47.078610 46.678481 
28.952472 -47.462251 45.794033 
28.837314 -47.593773 44.809431 
28.545724 -46.708075 45.170697 
29.246485 -46.005491 45.294428 
29.668509 -45.988704 46.200857 
30.085813 -45.453318 45.466542 
30.482361 -45.714085 44.586343 
30.967565 -44.845594 44.484851 
31.123913 -45.323071 45.349473 
30.973193 -44.397035 45.695509 
30.204015 -43.941154 45.247696 
29.366279 -43.539878 44.877322 
28.684280 -43.040867 45.411986 
28.134462 -43.266843 44.607850 
27.417547 -43.154425 45.295887 
27.573464 -43.551053 46.200529 
27.620520 -44.451567 46.632802 
27.040654 -44.146987 47.388438 
27.202834 -43.870568 48.335692 
28.096972 -43.455546 48.503841 
27.645174 -42.845117 49.154422 
27.119298 -42.136443 48.684065 
26.277207 -41.823111 49.123048 
26.780709 -40.995797 48.873976 
27.588899 -40.407602 48.903226 
27.843445 -39.645665 48.307694 
28.238011 -39.358277 47.434924 
28.702857 -40.238404 47.338512 
29.508580 -40.744025 47.646987 
30.391870 -41.207907 47.714900 
30.708748 -41.382000 48.647252 
30.889710 -42.087715 47.962256 
30.002835 -42.170666 48.416759 
30.428500 -42.105736 49.319308 
30.762194 -41.297353 49.804246 
31.253687 -41.719595 50.565919 
32.013908 -41.306706 50.064335 
32.682863 -41.586831 49.375837 
32.507684 -42.493017 49.760725 
33.439194 -42.458729 50.122822 
33.863759 -43.308614 50.434976 
34.567584 -43.785092 50.961852 
34.420155 -44.678495 51.386231 
34.175041 -45.643634 51.294440 
33.517793 -45.291422 51.960752 
32.900436 -44.770320 51.371412 
31.937058 -44.839971 51.112471 
32.336831 -44.279989 50.386798 
33.119120 -44.697574 49.924578 
33.038844 -45.617831 50.307570 
3.729715 -44.026178 -14.501683 
3.694499 -43.312315 -13.802284 
3.161178 -42.546407 -13.443185 
2.919420 -42.386387 -14.400236 
3.093557 -41.834246 -15.215598 
3.831471 -41.780910 -14.542815 
4.514991 -42.473494 -14.773309 
5.142255 -43.011566 -15.336354 
5.532710 -43.783236 -14.834288 
6.430382 -43.673499 -14.407507 
6.121326 -42.884329 -13.876757 
6.836919 -42.416846 -14.395780 
6.941689 -43.013090 -15.191717 
7.869587 -42.735603 -15.440730 
7.314340 -43.122685 -16.176847 
6.891848 -44.014532 -16.338434 
6.572011 -44.201735 -17.267229 
5.901180 -43.464740 -17.349834 
6.743105 -42.936725 -17.461022 
7.738558 -42.857612 -17.514071 
8.354058 -42.395956 -16.875296 
8.209349 -41.429786 -16.661809 
8.916126 -41.157279 -17.314654 
9.660500 -41.712195 -16.943204 
10.081972 -41.980507 -17.809443 
10.300824 -41.010530 -17.703381 
10.721042 -41.407051 -18.519584 
11.338056 -40.796732 -18.022790 
12.017286 -41.525163 -17.933150 
11.149058 -41.923754 -17.637675 
11.209217 -42.311443 -18.557499 
11.971363 -42.897729 -18.832096 
12.838810 -42.426007 -18.673936 
13.046546 -42.369387 -19.650480 
13.801285 -42.780500 -19.139250 
14.449869 -42.104712 -18.789037 
15.388545 -42.357796 -18.554868 
15.536159 -42.129441 -17.592546 
15.627555 -42.198216 -16.599109 
16.078700 -41.437247 -16.132853 
15.719229 -40.943862 -15.340798 
14.838819 -40.569459 -15.631830 
14.453543 -40.709542 -16.543937 
13.933864 -41.531673 -16.776392 
13.369032 -41.023798 -17.426799 
12.836062 -40.180432 -17.358408 
12.205353 -39.518908 -17.764106 
12.116919 -38.570734 -17.458907 
12.861267 -38.397604 -16.813948 
13.101924 -38.865891 -15.963777 
13.121507 -37.869798 -15.877661 
12.436895 -38.337578 -15.318655 
13.166714 -38.553094 -14.669873 
13.339502 -38.322912 -13.712188 
13.526257 -39.305183 -13.728502 
12.855211 -39.806900 -13.182629 
12.669310 -40.625404 -12.639036 
11.842116 -41.182080 -12.562473 
11.573385 -40.232304 -12.722815 
11.566275 -39.453166 -12.096003 
10.709867 -39.969440 -12.090771 
10.267903 -40.500496 -11.367828 
9.425562 -40.907986 -11.720551 
-64.303185 23.270822 0.429217 
-63.687324 23.241767 -0.358102 
-63.556616 22.711825 -1.196002 
-64.506439 22.668362 -1.505756 
-65.384896 23.122257 -1.655059 
-65.684065 23.713929 -0.906445 
-66.490256 24.095833 -1.358337 
-66.770827 23.736332 -2.248302 
-66.925209 24.722271 -2.184340 
-66.190352 25.076586 -2.762654 
-66.416989 25.917615 -2.271426 
-66.273335 26.807226 -2.704963 
-66.250645 26.841786 -3.704108 
-66.551860 27.790287 -3.606055 
-67.522847 28.003054 -3.496901 
-68.194351 27.450419 -3.990538 
-68.056860 26.825673 -3.221910 
-68.590402 26.071260 -3.604262 
-69.122017 26.641825 -4.230235 
-70.041575 26.804416 -3.872496 
-70.322103 25.954614 -3.426245 
-69.476541 26.140196 -2.925661 
-68.951110 25.818794 -2.137864 
-68.956456 26.352121 -1.291972 
-68.071350 26.817507 -1.293873 
-68.449152 27.737171 -1.401032 
-68.753424 28.615734 -1.032866 
-67.789946 28.865836 -1.128564 
-68.333835 29.654906 -0.842990 
-67.789028 30.408492 -1.210811 
-66.910847 30.378951 -1.688226 
-67.488613 29.678469 -2.107167 
-68.420067 29.992012 -1.922550 
-68.863139 30.847830 -1.655600 
-69.282126 31.745481 -1.792249 
-68.596256 32.067240 -1.139521 
-68.463812 31.187056 -0.683743 
-68.755998 30.755220 0.169571 
-69.537513 30.751874 0.793448 
-68.878019 30.061945 1.091888 
-68.708365 30.420059 2.010023 
-68.465041 30.764538 2.916735 
-67.733180 31.288197 2.480662 
-67.456335 31.357742 3.439057 
-66.726560 31.599737 4.078484 
-65.782856 31.889244 3.918457 
-65.212859 32.698121 3.774162 
-64.398845 32.156045 3.982813 
-64.682521 31.216395 4.174091 
-64.377256 31.748900 4.963555 
-64.629913 32.715806 4.998995 
-63.946726 33.417762 5.200277 
-63.136608 33.808876 5.637013 
-62.532234 34.467747 5.189104 
-63.427782 34.912442 5.173575 
-62.890101 35.715061 4.915310 
-63.386327 36.564066 4.733787 
-62.639877 36.775754 5.364660 
-61.862522 36.158810 5.487539 
-61.596047 36.792642 4.761421 
-62.471924 37.158551 4.446858 
-62.699396 36.338249 3.922111 
-63.299915 35.545041 3.821122 
-64.041576 35.855893 3.226723 
-63.772958 36.641540 3.784042 
-64.094288 37.147179 2.983369 
22.498415 -22.909178 63.802217 
22.622562 -22.027429 64.257305 
22.350757 -21.929022 65.214613 
22.616903 -20.976952 65.063852 
22.074220 -21.123079 65.890981 
21.139538 -21.193162 66.239489 
20.203785 -21.221960 66.590968 
19.766880 -20.918100 67.437599 
20.496039 -21.419949 67.902868 
21.239679 -21.807288 67.357920 
21.966052 -21.219505 67.001700 
22.936099 -21.131326 67.228048 
22.626145 -20.680332 68.065026 
23.099195 -20.062378 68.693004 
22.450963 -19.588886 69.289327 
21.627717 -19.273647 69.761439 
22.304428 -19.592661 70.424984 
22.382952 -20.437839 69.896298 
21.893468 -21.004219 70.559336 
21.893500 -21.631374 69.780442 
21.566083 -22.526403 70.083296 
22.219929 -22.083536 70.696772 
22.717209 -22.697149 71.310116 
21.786067 -22.598184 71.661086 
21.326289 -23.265295 72.247232 
21.453799 -23.289950 73.238763 
22.099375 -24.047776 73.144261 
21.411908 -24.384387 72.500769 
21.792296 -23.958711 71.679730 
22.198174 -24.636443 71.066589 
22.391889 -25.595165 71.274739 
22.711576 -26.524267 71.460672 
22.360846 -26.502676 72.396899 
21.518790 -25.986497 72.553430 
21.305226 -26.942659 72.353066 
20.446677 -26.751547 72.828849 
20.063974 -27.054802 71.956167 
20.764914 -26.573047 71.430244 
19.841652 -26.437756 71.070684 
20.255070 -27.295730 70.765780 
20.397669 -28.188767 70.338990 
20.294679 -28.996364 70.919664 
20.170593 -28.142849 71.425743 
20.074052 -28.699575 72.250811 
21.027874 -28.406924 72.318479 
21.883630 -27.952612 72.566032 
22.865747 -28.131503 72.624712 
22.815844 -27.498972 71.851787 
23.007415 -28.432330 71.548235 
23.555352 -27.775114 71.030710 
24.497060 -27.935002 71.326722 
25.456690 -28.159297 71.496431 
26.210053 -28.578723 70.989947 
26.038731 -28.172445 70.092402 
26.357263 -27.418506 70.666956 
50.024915 -32.677178 -1.172183 
50.641709 -31.915125 -0.975105 
51.287943 -32.677799 -0.948449 
50.983354 -32.630142 -1.899740 
50.622570 -31.833496 -2.384706 
49.622669 -31.825673 -2.396357 
49.402318 -31.618887 -3.349607 
48.834883 -30.948441 -3.827644 
49.235861 -30.366316 -3.120292 
50.057183 -30.824614 -2.780595 
49.684668 -30.872075 -1.853783 
50.537409 -30.888684 -1.331713 
50.876866 -29.956514 -1.205902 
50.913330 -30.048168 -0.210779 
51.068116 -29.715125 0.719342 
51.081105 -30.566629 1.243529 
50.186562 -30.927954 0.980401 
49.988534 -30.321866 0.210048 
49.147517 -30.852295 0.316520 
48.995284 -31.752626 0.724231 
48.501541 -31.853829 1.587930 
47.875513 -31.446358 2.252803 
47.763809 -32.420290 2.055373 
47.703620 -32.863503 1.160980 
47.481040 -33.827617 1.016263 
48.267528 -33.948663 1.621890 
47.606323 -33.976385 2.371582 
46.943892 -34.689723 2.142816 
46.086468 -34.317280 2.497935 
45.149248 -34.410076 2.161769 
44.252383 -34.028248 1.938520 
44.889426 -33.739808 1.223692 
45.011672 -32.780209 0.970264 
45.598075 -32.586224 0.183816 
45.723543 -31.641169 0.485691 
45.860216 -30.663957 0.323281 
45.615156 -30.232937 -0.545147 
44.938984 -29.981354 -1.237605 
44.588711 -30.256024 -0.342135 
43.896235 -30.610087 -0.970718 
42.938322 -30.425306 -0.751038 
42.874478 -29.483953 -1.082368 
42.069719 -29.184847 -1.595104 
41.506439 -28.533690 -2.103740 
41.261055 -27.930241 -1.345033 
40.475866 -28.409985 -0.953466 
40.334069 -29.296170 -1.394566 
41.033427 -29.848692 -1.848018 
40.382400 -30.370998 -1.297236 
39.746672 -29.896749 -0.688189 
39.738399 -29.346319 0.146651 
39.401245 -28.429798 -0.068560 
19.199715 12.782622 21.392157 
19.652010 13.311580 22.110232 
20.104697 12.564893 22.597605 
20.951814 13.078305 22.734726 
21.206407 12.252055 23.237214 
20.902411 11.701772 22.459541 
20.288469 11.395786 21.731909 
20.025417 11.736524 20.829301 
19.319696 11.690178 21.536273 
18.582028 12.147455 22.033008 
18.553894 11.201303 22.355507 
19.055152 10.621132 21.713525 
18.094525 10.480279 21.474036 
18.342995 9.523793 21.626998 
17.545623 9.000941 21.325629 
16.914085 8.412339 20.820944 
16.374263 8.073923 21.591702 
15.703967 8.769275 21.332493 
14.868843 8.706999 20.785968 
14.063950 8.917411 20.231104 
14.576149 9.083846 19.388517 
14.996284 8.496227 18.697004 
15.789428 7.903780 18.555837 
15.974155 7.134493 19.167452 
15.338550 6.363497 19.127822 
14.599687 5.790696 19.482760 
15.100535 4.982550 19.792681 
15.454361 4.075657 20.021488 
15.742992 3.146832 20.253815 
15.879341 3.214476 19.265466 
16.333456 4.103954 19.214383 
16.685209 3.572064 19.984683 
17.250942 2.989184 20.567947 
17.814517 3.087255 21.388169 
18.674383 2.585541 21.293762 
18.917086 2.327891 22.229022 
18.809295 1.916712 23.134181 
19.246576 2.733438 23.510670 
18.874793 3.445353 22.914891 
19.398840 4.258087 23.169525 
19.253084 5.093371 22.639378 
18.343144 5.501765 22.567108 
17.660034 6.231384 22.598987 
18.152895 6.165625 23.466606 
17.962955 5.478936 24.168304 
18.233614 5.894362 25.036731 
18.180792 5.750266 26.024884 
18.498584 4.918347 25.570001 
17.696328 4.593206 25.069334 
17.257917 4.327672 24.210679 
-39.734185 -20.594178 40.764317 
-38.910561 -20.120675 41.076469 
-38.242917 -19.697837 40.463721 
-37.896574 -18.858670 40.883060 
-38.010868 -18.919967 41.874614 
-37.339557 -19.168547 42.572861 
-36.902530 -18.856079 43.416289 
-36.757295 -17.967273 42.981628 
-37.261013 -17.303724 43.534774 
-37.328653 -16.523464 44.156562 
-36.405784 -16.290148 43.850169 
-37.116511 -15.591270 43.769941 
-37.784042 -15.854679 43.073509 
-38.710237 -15.698258 42.730441 
-38.661356 -15.349610 41.794462 
-38.493780 -15.784114 40.909519 
-37.825477 -16.510072 41.071865 
-37.348359 -16.308058 40.216558 
-38.173374 -15.848746 39.887343 
-39.152789 -16.048679 39.915161 
-39.016713 -15.143744 40.318370 
-39.769367 -15.469602 40.890496 
-40.215590 -14.743703 40.367088 
-40.701459 -14.129851 40.989276 
-41.048404 -13.521277 40.275646 
-40.448649 -12.756892 40.512310 
-40.614366 -11.903828 41.007103 
-40.276245 -12.046491 41.937329 
-40.394050 -11.600863 42.824762 
-40.253348 -12.002129 43.729852 
-40.161577 -12.888529 44.183584 
-39.187673 -12.766373 43.992302 
-38.490301 -13.201951 43.423142 
-38.770102 -12.446161 42.831118 
-37.779937 -12.567298 42.761117 
-37.866942 -11.702251 43.255205 
-38.599984 -11.023213 43.215751 
-39.511138 -10.976549 43.625167 
-39.980078 -10.525897 44.384777 
-40.188914 -9.641028 44.801184 
-40.552752 -10.300940 45.458557 
-41.352010 -9.700647 45.429658 
-41.585687 -10.380028 44.734075 
-42.554133 -10.248943 44.946041 
-42.693862 -9.411378 44.417874 
-42.099771 -9.260909 43.627674 
-42.975221 -8.944487 43.262348 
-43.147849 -9.913682 43.086678 
-84.882485 -32.283178 20.557917 
-84.790511 -31.492824 19.952210 
-84.672802 -30.639916 19.443592 
-84.965118 -29.891443 18.848327 
-84.317067 -29.136736 18.950537 
-84.722862 -28.689453 18.153500 
-84.946151 -29.445081 17.537733 
-85.840048 -29.606811 17.955812 
-86.382594 -30.432612 17.801877 
-86.018968 -31.154209 18.391007 
-85.804919 -31.113063 19.366963 
-86.789379 -31.133604 19.192560 
-87.690867 -30.879533 18.842178 
-88.121520 -29.987809 18.703010 
-88.722062 -30.044544 17.905432 
-88.941172 -29.248862 17.340736 
-88.859740 -28.964375 18.295951 
-89.783493 -29.110502 17.941935 
-90.291692 -28.870217 18.768976 
-91.078915 -29.156013 18.222533 
-91.526417 -29.002177 17.341581 
-92.281818 -28.869470 16.699896 
-92.969833 -29.578617 16.853995 
-93.371226 -29.197025 16.021365 
-94.134555 -29.264834 15.378924 
-94.306135 -28.365083 15.780183 
-95.302299 -28.425463 15.843522 
-95.699761 -28.282903 16.749999 
-95.286769 -27.408491 17.004637 
-94.913737 -27.246093 17.918133 
-95.884123 -27.455310 18.038876 
-96.495604 -27.990552 18.621634 
-22.522165 -62.505178 19.772277 
-21.918499 -63.253802 19.498141 
-21.728944 -63.067771 20.462227 
-22.580615 -62.732613 20.865123 
-22.504237 -62.424423 21.813377 
-23.165810 -61.700587 22.009288 
-23.892039 -61.068941 21.737966 
-24.114097 -60.139852 22.033741 
-24.369740 -59.614370 21.222252 
-24.398819 -60.574135 20.942957 
-23.773858 -60.471929 20.169020 
-23.132950 -60.411004 20.934217 
-22.818524 -60.118812 20.031022 
-22.210245 -59.358009 20.257245 
-22.099637 -58.530613 19.706626 
-21.248773 -58.012431 19.793329 
-22.069916 -57.600189 20.188019 
-21.266405 -57.633198 20.782392 
-21.329301 -57.093590 21.621956 
-20.415505 -57.278732 21.260432 
-20.854370 -56.542294 20.745595 
-20.924871 -56.081233 19.861032 
-20.811234 -55.465547 20.640786 
-20.127639 -55.891568 21.233411 
-19.525003 -55.356555 20.641304 
-19.773420 -54.401056 20.482210 
-19.751234 -53.409694 20.611473 
-19.092834 -52.674649 20.773399 
-19.847809 -52.146919 21.162647 
-19.004165 -52.135967 21.699437 
-18.125794 -52.290167 21.247013 
-17.757883 -51.761231 20.482247 
-17.059885 -51.829964 19.769454 
-17.452640 -52.727061 19.971839 
-18.045635 -53.514282 20.141069 
-17.850728 -53.570136 19.161839 
-17.741048 -52.617486 18.878239 
-18.546048 -52.662675 18.286686 
-19.324492 -52.795465 17.673180 
-18.793118 -52.102605 17.185753 
-18.295593 -51.463243 17.772000 
-18.413007 -50.666623 18.364967 
-19.276424 -50.165158 18.420137 
-19.551027 -49.258216 18.100684 
-18.610238 -48.927941 18.177063 
-18.389512 -49.697133 18.776749 
-17.427868 -49.741086 19.047504 
-17.193161 -50.708710 19.140330 
-16.340875 -50.382281 19.549052 
-15.424126 -50.118224 19.249312 
-15.581412 -51.062241 18.959324 
-15.759830 -50.590690 18.095723 
-15.907200 -51.453126 17.611486 
-16.604172 -50.827553 17.260933 
-17.155194 -50.529383 18.040336 
-17.800966 -49.946418 17.547255 
-17.833507 -50.074657 16.556046 
-17.067311 -50.320293 15.962240 
-17.698580 -50.970552 15.539555 
-17.343804 -51.881901 15.330802 
-16.422216 -52.265455 15.390493 
-16.294102 -53.235635 15.184730 
-15.868743 -53.105489 14.289112 
-16.425402 -52.419124 13.821101 
-16.896849 -52.998444 13.156174 
-17.485699 -52.284358 12.777576 
-18.360195 -52.769384 12.780303 
-19.103491 -53.353576 13.106233 
-19.298738 -54.231094 13.544229 
-19.765003 -54.905301 12.971479 
-18.883724 -55.189556 13.349032 
-18.426399 -56.064879 13.506079 
-17.625851 -56.304087 14.055536 
-16.724905 -56.031821 14.393423 
-16.771907 -56.327946 15.347415 
-16.461750 -55.377554 15.371058 
-16.886115 -55.091697 16.230243 
-16.213294 -55.629398 16.738367 
-15.261157 -55.353522 16.869997 
-15.763697 -54.567588 17.230222 
-15.698519 -54.535124 18.227567 
-16.679737 -54.351741 18.167716 
-16.403747 -55.302685 18.307480 
-15.519912 -55.757623 18.198539 
-16.242027 -56.150840 17.629390 
-16.787701 -56.868786 17.197194 
-17.111673 -57.605127 16.603187 
-16.567102 -58.210990 17.183162 
-15.572010 -58.309018 17.196688 
-15.550982 -58.772245 18.082678 
