16.839825 28.586572 -12.102371 
17.492391 28.236985 -12.774641 
17.946217 27.427554 -13.147284 
18.252077 28.227100 -13.664174 
18.851731 28.994945 -13.889627 
19.389652 28.159017 -13.780703 
20.243856 28.483312 -14.187113 
20.874875 28.373857 -13.419107 
20.060801 28.619972 -12.893074 
20.022099 28.356136 -11.929283 
20.630407 29.148147 -11.877519 
21.139814 28.340532 -11.580428 
21.950587 28.850570 -11.293188 
22.859826 29.258044 -11.208035 
23.387440 29.568808 -11.998636 
22.926486 28.759069 -12.361740 
23.218780 28.179823 -13.122686 
22.616253 28.115389 -13.918179 
22.598523 27.431762 -14.647795 
22.716345 27.834102 -15.555671 
22.106062 28.530649 -15.933000 
22.485353 29.079941 -15.188408 
22.736644 29.421777 -14.282869 
22.851633 30.294574 -13.808524 
21.926238 30.524267 -13.507055 
22.287786 30.947290 -12.676192 
23.073233 31.153919 -12.092773 
22.959240 32.011093 -11.590518 
22.527146 32.844126 -11.245047 
22.238070 33.185192 -10.350559 
21.594456 33.692053 -9.777103 
21.963806 32.827425 -9.436516 
22.049826 31.937691 -8.988216 
23.033395 31.959383 -8.808992 
22.999383 32.801242 -8.270367 
23.050625 32.917904 -7.278518 
23.093969 32.985551 -6.281751 
22.651973 32.696867 -5.432457 
22.221591 32.341972 -6.262409 
21.670945 31.831959 -6.923224 
20.932529 32.007685 -6.272177 
19.954044 32.198354 -6.193357 
19.763782 32.690408 -7.042876 
19.072869 33.175898 -7.578543 
19.346320 34.052010 -7.181489 
18.585563 34.611287 -6.852156 
18.073771 33.754044 -6.908748 
17.854395 34.398403 -7.641329 
17.834765 34.668311 -8.604015 
18.715054 34.276380 -8.336655 
18.687570 33.301927 -8.559559 
19.202895 32.591658 -9.039099 
18.545343 31.852128 -9.183044 
18.359159 32.149387 -10.119512 
17.816433 31.788389 -10.877884 
16.971318 31.787771 -10.343301 
16.936697 31.156352 -9.568632 
17.518297 30.354573 -9.431182 
18.349599 29.965575 -9.034171 
18.819287 29.088749 -9.136985 
19.141940 28.864557 -10.056568 
18.424698 28.279250 -9.678442 
17.565429 28.207483 -9.171978 
16.660145 27.882308 -9.445333 
16.280505 26.989539 -9.687895 
16.634864 26.318355 -9.036787 
17.334087 27.032688 -9.008234 
17.232041 26.663854 -9.932111 
18.025394 26.122705 -9.653278 
18.754302 25.569654 -9.249759 
19.199217 25.252564 -10.087318 
19.577908 24.537489 -10.674906 
20.312968 24.829639 -10.063075 
20.350563 23.920062 -10.476905 
20.941586 24.160277 -11.246963 
21.735718 24.644863 -11.613748 
22.442565 25.330039 -11.789533 
23.139548 25.199909 -12.494714 
23.503749 25.287138 -11.567488 
24.370478 25.769111 -11.439101 
24.161782 25.645867 -10.468917 
23.197623 25.715865 -10.212989 
22.985943 26.191342 -11.066870 
23.345207 27.120380 -11.155290 
23.402777 27.958380 -11.697916 
24.137441 28.319419 -12.272302 
24.979014 27.814843 -12.079534 
25.098482 26.822008 -12.081654 
24.588395 26.825230 -12.941771 
24.437683 26.770199 -13.928816 
25.243305 27.350066 -14.050173 
25.390268 26.589501 -14.682583 
26.065190 26.782579 -13.970402 
26.790247 27.453403 -13.814556 
27.419846 26.969437 -14.422324 
28.199078 26.344932 -14.369488 
28.199887 25.381008 -14.103314 
27.656368 25.845971 -13.404461 
26.667085 25.830012 -13.259328 
26.154350 25.156290 -13.791496 
25.193701 25.163567 -14.069164 
25.660785 25.119463 -14.952276 
-21.871675 -51.192928 14.057149 
-21.846368 -51.140512 13.058845 
-22.539411 -51.533217 12.454300 
-23.084997 -52.142424 11.878798 
-23.919543 -52.624487 11.612061 
-24.767154 -52.987236 11.224803 
-25.466174 -52.735074 10.555635 
-25.027947 -52.138826 9.882994 
-24.243732 -52.052847 10.497497 
-23.478363 -51.429876 10.335884 
-24.252577 -51.023202 10.820868 
-24.954839 -50.571429 10.270659 
-25.332350 -50.636658 9.346954 
-25.111292 -49.928765 8.676118 
-24.190175 -50.093504 9.028831 
-23.822392 -49.473924 8.335394 
-24.711230 -49.197204 7.970164 
-25.201641 -49.925263 7.491178 
-25.108236 -49.032374 7.050695 
-25.868017 -48.787297 7.652917 
-25.978732 -47.796744 7.733832 
-25.212878 -47.971699 8.352589 
-24.365864 -47.502432 8.102876 
-24.050513 -46.617087 8.444515 
-24.476509 -45.875967 8.963425 
-25.418022 -45.925188 9.296788 
-25.231801 -46.893895 9.460888 
-25.507488 -47.849912 9.561025 
-26.433760 -48.129095 9.307891 
-26.541417 -48.049255 10.298868 
-26.305162 -47.337800 10.960696 
-27.074693 -46.869313 10.526712 
-27.512998 -46.503010 9.705913 
-27.912109 -46.930864 8.894955 
-27.130682 -46.980603 8.272943 
-27.244954 -46.151411 7.725784 
-28.050983 -45.822237 8.217680 
-27.547593 -45.181819 8.797734 
-27.730299 -44.321182 9.273049 
-27.646632 -44.479787 10.256840 
-27.540137 -45.471897 10.190692 
-27.912188 -46.006156 10.949734 
-27.436471 -45.625551 11.742724 
-26.500896 -45.368025 11.501106 
-25.861123 -44.727135 11.925312 
-26.567114 -44.154891 12.342581 
-27.278096 -43.496691 12.590119 
-28.078171 -43.147451 13.077882 
-28.468904 -43.110805 12.158108 
-27.633751 -42.583603 12.314881 
-28.186441 -41.838456 11.941665 
-28.904049 -41.397581 12.480802 
-29.561422 -41.620339 13.200691 
-29.226589 -42.517614 13.488418 
-28.387897 -42.115796 13.856029 
-27.525587 -42.141474 14.361757 
-27.399279 -42.980287 13.832193 
-26.400241 -42.950235 13.800265 
-25.664369 -42.735652 14.442484 
-25.545846 -43.398514 15.181785 
-25.243784 -44.168988 15.743147 
-24.805892 -44.485562 14.901701 
-25.211627 -44.127777 14.060649 
-24.278808 -44.371635 13.795353 
-24.804237 -45.195521 14.007808 
-24.108088 -45.708823 13.505915 
-24.360931 -45.237251 12.661113 
-24.827520 -45.184355 11.778222 
-24.579066 -46.143102 11.916340 
-24.534359 -46.430557 12.873090 
-23.750476 -47.013732 13.086240 
-23.076253 -47.743508 13.199602 
-22.741021 -48.661338 13.412223 
-23.081811 -49.434289 13.947396 
-22.661722 -50.032993 14.629362 
-23.112802 -49.750675 15.476016 
-23.727695 -50.298013 14.908276 
-23.802369 -50.710555 15.816148 
-24.491599 -50.984679 16.486833 
-24.946029 -51.713837 15.975147 
-24.816896 -51.922823 16.944502 
-23.956161 -52.378760 17.170898 
-23.274820 -53.017456 17.528449 
-22.476125 -53.296367 16.995255 
-23.137509 -52.804462 16.429039 
-23.143597 -53.453705 15.668483 
-23.678470 -54.161044 16.130633 
-23.483993 -54.595888 15.251378 
-22.710132 -54.193654 14.762147 
-23.097541 -53.331036 14.436870 
-22.561218 -52.620534 13.981299 
-22.544221 -53.519993 13.544625 
-22.081663 -54.386260 13.355885 
-21.566864 -53.635347 13.769540 
-20.929505 -54.059206 14.413058 
-5.861875 -1.725928 13.030249 
-5.432708 -1.011349 12.477807 
-4.525151 -0.665657 12.716212 
-4.246906 -0.648592 11.755853 
-4.069370 -0.895822 10.803300 
-4.654874 -0.617392 10.041945 
-4.558346 0.363758 10.209356 
-3.612984 0.683152 10.143951 
-3.894700 1.628470 9.979601 
-4.766637 1.235426 9.687638 
-5.247083 1.048578 10.544528 
-4.452709 1.501610 10.949166 
-3.760119 1.893881 11.554511 
-2.791446 2.140530 11.525586 
-2.407513 1.314595 11.112757 
-2.639835 0.375287 11.365198 
-2.915042 -0.181007 12.149288 
-3.205356 -0.542546 11.263282 
-2.784968 -1.045859 10.508332 
-2.792807 -2.040645 10.610018 
-3.290122 -2.896127 10.754339 
-3.826407 -3.732850 10.865215 
-3.767654 -3.432907 9.913069 
-3.205355 -4.128256 9.465510 
-2.702823 -4.884093 9.045780 
-2.123855 -4.178323 9.454051 
-2.244873 -3.452533 8.776863 
-2.169563 -2.666594 9.390564 
-2.309175 -2.459600 8.422235 
-3.054222 -2.984946 8.011241 
-3.708961 -3.505036 8.559715 
-4.144563 -4.217679 8.009814 
-3.202485 -4.516625 7.857763 
-3.494732 -5.443409 7.621830 
-4.490291 -5.532625 7.591764 
-5.490285 -5.531874 7.588590 
-5.921975 -6.345927 7.200052 
-6.369199 -5.462188 7.062230 
-7.366936 -5.456230 7.129205 
-7.252004 -4.464212 7.181075 
-6.969667 -4.396890 6.224125 
-6.682756 -3.549375 6.670668 
-5.824522 -3.036249 6.659011 
-5.505274 -2.998949 5.712074 
-5.904806 -3.876317 5.977779 
-5.960213 -3.932757 4.980911 
-6.202759 -4.771228 5.468904 
-5.366805 -4.994701 4.967664 
-4.492243 -5.393326 5.243777 
-3.508096 -5.215972 5.242536 
-3.598505 -5.790058 4.428747 
-3.759287 -4.972838 3.875303 
-2.907236 -4.799652 3.381323 
-2.214393 -5.028413 4.065163 
-1.982453 -4.184089 4.548195 
-2.520104 -3.676476 5.221443 
-1.560567 -3.491925 5.434116 
-1.454087 -2.516361 5.626310 
-1.669972 -2.602102 6.598957 
-2.622904 -2.730084 6.873804 
-2.558966 -2.589720 5.885771 
-2.586209 -1.813690 5.255664 
-2.847494 -1.986356 4.305971 
-1.927942 -2.332783 4.491476 
-1.099122 -2.886974 4.568485 
-0.447840 -2.806688 5.323061 
0.544249 -2.887856 5.418826 
1.093070 -2.592827 6.200973 
1.627735 -2.838776 5.392491 
2.346657 -3.447059 5.728859 
1.975629 -4.052961 5.025139 
2.113321 -4.207150 4.046739 
1.540153 -4.428612 3.257795 
2.080465 -4.730645 2.472403 
2.722071 -5.400550 2.098814 
3.377912 -4.705957 1.803160 
3.885062 -3.989698 1.323814 
4.321505 -3.404321 0.640549 
5.187397 -3.900628 0.578019 
5.523814 -4.818627 0.788022 
6.176377 -5.141640 0.102585 
7.049786 -5.610597 0.233872 
6.561202 -6.147907 0.921319 
6.947087 -7.064326 0.815161 
37.524025 -23.775428 18.760349 
36.925403 -23.956476 17.980046 
36.722256 -22.990688 17.818850 
37.059770 -22.400522 18.552190 
36.697913 -21.538906 18.196271 
36.778016 -20.592590 17.883110 
36.801961 -19.653331 17.540737 
35.863472 -19.816420 17.845107 
35.740419 -18.831622 17.722505 
35.400621 -17.894621 17.641473 
34.609110 -17.283651 17.626478 
34.571475 -16.452928 18.181890 
35.077528 -16.052597 17.417923 
36.035359 -16.339861 17.424221 
36.039313 -17.050217 16.720389 
35.984083 -18.048066 16.685075 
36.615511 -17.777896 15.958227 
37.145804 -18.604576 16.146347 
36.923475 -19.559040 15.947429 
37.902038 -19.757334 15.891795 
37.524187 -19.674432 16.813943 
36.823011 -20.380175 16.712561 
35.982902 -19.854266 16.845361 
35.402416 -20.525612 17.306154 
34.520320 -20.239517 17.680396 
34.003566 -20.351345 16.831597 
33.037368 -20.303546 17.084929 
32.081873 -20.062134 16.915370 
32.155010 -21.049900 16.777641 
31.737009 -21.953732 16.686187 
32.597440 -22.410688 16.460685 
32.310701 -23.128409 17.095238 
32.253516 -22.332943 17.698531 
31.402806 -22.818762 17.899210 
30.426972 -22.600385 17.906920 
30.874907 -22.054362 17.198957 
30.845870 -21.443183 16.407997 
30.267369 -20.629030 16.457902 
29.729892 -19.938261 15.974211 
30.455160 -19.652155 15.348008 
31.151818 -18.993690 15.632774 
30.353361 -18.651865 15.137171 
30.529751 -17.679438 15.289726 
31.070656 -17.285381 14.546665 
30.147428 -17.543686 14.262186 
29.215548 -17.633652 14.613618 
28.803164 -16.729417 14.724514 
29.249329 -16.527335 15.596351 
30.176859 -16.585689 15.227186 
31.019810 -16.050277 15.279791 
31.316413 -15.096423 15.232990 
32.274201 -14.900918 15.443749 
32.329339 -13.903250 15.483985 
32.219839 -13.177685 16.163371 
31.863162 -12.653799 15.389856 
30.973276 -12.225864 15.547886 
30.221564 -12.797008 15.218154 
30.428775 -13.206787 14.329815 
31.148348 -12.514552 14.274809 
30.628991 -11.666382 14.170518 
30.243547 -10.912602 14.702728 
29.522239 -10.520907 15.273947 
29.147678 -10.137054 16.117961 
29.882262 -9.561858 16.477875 
30.248796 -9.518102 15.548500 
31.099673 -9.928324 15.220282 
31.826891 -9.967682 15.905559 
31.680214 -10.938325 16.096187 
31.096161 -11.252458 15.347721 
31.690528 -11.455830 14.569667 
32.062879 -11.765741 13.694847 
31.834220 -12.387986 12.946165 
32.809453 -12.216411 13.085745 
33.043281 -12.957155 12.455964 
32.802109 -13.719202 11.855032 
31.970005 -14.253230 11.705310 
31.683072 -14.348053 10.752063 
31.054184 -14.995503 10.321588 
30.166427 -14.589766 10.538991 
29.658651 -14.722708 9.687822 
30.348195 -14.316667 9.088106 
30.205699 -15.174404 8.594161 
74.967825 11.883472 -17.032951 
74.229366 12.511360 -17.278787 
73.738736 12.354930 -16.421576 
72.831727 12.740769 -16.590288 
73.577547 13.246823 -17.023487 
74.416321 13.663052 -16.672473 
75.299871 13.237306 -16.867615 
76.107055 12.830940 -17.295775 
75.929629 13.245449 -18.188357 
76.113129 13.645207 -19.086422 
76.123538 14.534066 -19.544486 
75.644519 14.163598 -20.340284 
74.925580 14.773573 -20.007034 
74.066101 14.665585 -20.506669 
73.980446 14.602474 -19.512345 
74.321249 13.850765 -18.947733 
73.774250 13.301118 -19.579144 
72.848252 13.664500 -19.476774 
72.924240 13.252182 -18.568909 
72.599175 14.186722 -18.424106 
71.924804 13.871644 -19.091901 
71.432767 13.800075 -18.224274 
70.661341 13.249223 -18.542807 
71.000615 13.111210 -19.473315 
70.010873 13.175094 -19.345523 
70.003903 14.111924 -19.695238 
69.047341 14.388834 -19.604083 
68.553265 13.545232 -19.393785 
68.613040 13.634792 -18.399599 
69.212219 13.719545 -17.603483 
70.173738 13.522529 -17.412000 
70.462790 13.365705 -16.467619 
70.898083 12.500227 -16.715545 
70.829975 12.768254 -15.754544 
70.520663 12.602091 -14.818213 
69.666493 13.080592 -15.021757 
70.063406 13.758053 -14.402478 
69.244217 14.311912 -14.253579 
68.681188 15.061753 -14.601049 
68.691476 15.824465 -15.247706 
68.982365 16.265317 -16.096843 
68.177143 16.853540 -16.021927 
67.657155 16.835160 -16.875903 
67.462469 15.960451 -16.432076 
66.583906 15.513024 -16.599221 
66.750881 15.857365 -15.675344 
66.802080 16.805930 -15.987758 
66.046576 16.914524 -16.633840 
65.665754 16.326032 -17.347039 
66.287574 15.623514 -17.693172 
66.378325 14.660190 -17.945702 
66.281269 13.814845 -18.471032 
65.638488 14.275942 -19.082768 
64.791419 14.290911 -18.551495 
64.283969 15.030977 -18.992854 
63.982814 15.838893 -19.499387 
64.032665 16.090424 -20.465952 
64.030133 15.093592 -20.386450 
63.942417 14.217902 -20.861290 
63.500555 13.677738 -21.577516 
63.628122 13.724321 -22.568251 
64.061623 13.877500 -23.456290 
64.574348 14.168994 -24.263845 
65.086466 13.623850 -23.600103 
65.112775 14.505772 -23.129443 
65.065050 13.750064 -22.476276 
64.901017 12.847483 -22.874322 
64.471586 12.411744 -22.083296 
63.570759 11.984355 -22.159764 
63.184773 11.656211 -21.297594 
63.009794 10.892070 -20.676731 
62.344766 10.650928 -21.383547 
61.778429 11.439101 -21.142623 
61.176582 10.644564 -21.062051 
60.192722 10.823474 -21.065091 
60.416672 11.766712 -21.310344 
60.114380 11.215594 -22.088090 
59.692551 11.875038 -22.710340 
60.281884 12.296285 -23.399714 
60.902715 12.295733 -22.615770 
45.430225 23.890372 -36.712051 
44.982546 23.594566 -37.555900 
45.872195 23.138557 -37.531803 
45.569614 22.188581 -37.609196 
44.732097 22.467899 -38.078820 
44.742280 21.632187 -38.627894 
43.877951 21.154114 -38.784034 
43.600825 20.871944 -39.702501 
44.257356 20.124587 -39.600399 
44.609201 19.328580 -40.092921 
43.689293 19.449481 -40.465952 
43.441977 19.012903 -39.600947 
42.939905 18.186615 -39.856234 
43.291343 17.255906 -39.754879 
43.744599 16.393196 -39.979133 
43.996032 15.445808 -39.781048 
44.350166 15.377075 -38.848382 
45.224697 15.315297 -39.329401 
45.366944 14.923191 -40.238257 
46.027279 14.612468 -40.921930 
46.644556 15.328789 -41.247283 
46.717891 15.746020 -42.153120 
47.591620 15.346760 -41.875290 
48.293497 14.637472 -41.809878 
47.711046 13.861984 -41.566218 
48.691016 13.690062 -41.465712 
49.098210 13.344277 -42.311068 
49.516813 14.198533 -42.619318 
50.189780 14.517952 -43.286467 
49.347456 14.996109 -43.535175 
49.883167 15.419325 -44.265861 
50.835517 15.115650 -44.237382 
51.166820 16.045262 -44.398807 
51.624305 16.676791 -45.024810 
51.570955 17.283018 -44.231310 
52.508328 16.964619 -44.090051 
52.859185 17.899518 -44.143565 
53.514959 17.144651 -44.155219 
54.229711 17.840883 -44.088961 
54.313030 17.288786 -44.918567 
54.512855 18.221148 -45.219848 
55.353032 18.653916 -44.893021 
56.223453 18.999508 -44.542404 
57.003196 19.082779 -43.921866 
56.826190 18.215645 -44.387427 
57.167174 17.686831 -45.164657 
57.861003 18.296629 -45.547733 
58.502138 17.659524 -45.119898 
59.261892 18.153289 -44.696848 
58.874094 18.541387 -43.860790 
58.896037 19.293800 -43.202464 
59.656986 19.846903 -42.863299 
59.752995 20.299283 -41.976656 
59.717506 19.376514 -41.592941 
60.671305 19.125717 -41.427508 
60.732316 18.216917 -41.840254 
60.090336 17.557058 -41.449808 
60.956943 17.256641 -41.051384 
60.536422 16.349582 -41.031281 
60.750153 15.570234 -40.442268 
59.782422 15.738734 -40.629629 
59.262290 16.146621 -39.879235 
58.537683 15.944857 -39.220269 
59.050914 15.195132 -38.802529 
58.593978 15.738570 -38.098338 
58.466072 14.848193 -37.661454 
58.654702 14.009478 -37.150597 
59.049894 13.096602 -37.048223 
60.008524 12.816250 -37.097526 
60.905143 12.932189 -36.670170 
60.935918 13.889050 -36.381258 
60.233269 14.351842 -35.840787 
59.591131 13.586153 -35.803665 
58.782155 13.062728 -36.071217 
58.349435 13.962500 -36.014984 
57.722538 14.522068 -35.472873 
57.004820 14.661364 -34.790614 
56.491257 13.809786 -34.685408 
70.650825 9.852072 15.916549 
70.181663 10.700679 15.672103 
69.286515 11.108959 15.851036 
68.317002 11.288197 15.683948 
68.274477 12.179791 15.233113 
69.222820 12.392031 15.468906 
69.482540 13.338203 15.662049 
69.819413 14.274469 15.761660 
69.017621 14.745650 16.129246 
68.322781 14.253975 15.604408 
67.566456 14.603017 16.157710 
68.143495 15.366546 16.447623 
68.190081 16.207528 16.986677 
67.220923 16.440573 16.906540 
67.316363 16.499770 17.900213 
66.653936 17.222025 17.701373 
67.463529 17.468916 18.233918 
67.733099 17.856573 17.352411 
68.690786 17.905458 17.636041 
69.361102 17.493376 17.018898 
69.540813 16.512693 16.941674 
69.917037 15.613556 17.165301 
70.534010 15.231636 17.853400 
71.328821 15.732268 17.510408 
71.212891 15.733488 16.517152 
71.205077 16.731850 16.573825 
70.606674 17.302970 17.135730 
70.614517 17.853700 16.301083 
70.452427 17.529208 15.369187 
71.185021 18.029802 14.907980 
71.472475 17.566226 14.069847 
71.505523 16.949190 13.283606 
71.322567 17.862262 12.919152 
70.637826 17.961074 12.197095 
69.935077 17.300160 11.933778 
70.409846 16.715063 12.591240 
69.796526 16.034386 12.991886 
68.913697 16.457040 13.196767 
69.033832 16.090153 12.274291 
68.746549 17.034704 12.115255 
68.714410 17.542369 11.254300 
68.508346 18.038267 10.410722 
68.246679 17.925726 9.452148 
68.077285 17.005221 9.804251 
68.324846 16.249169 9.198365 
67.987256 15.310106 9.263119 
67.269358 14.965991 9.868271 
66.892843 15.892356 9.859145 
66.652663 15.398510 9.023425 
67.307878 15.274623 8.278210 
67.614954 14.403227 8.660798 
68.512318 14.339088 9.097403 
68.285394 13.369787 9.002743 
68.869603 12.806730 9.587265 
69.042780 13.470154 10.315193 
69.567636 13.632476 11.150763 
69.004544 13.114314 11.794530 
68.829698 13.028264 12.775359 
68.088377 13.097445 13.442934 
68.316045 12.162979 13.169183 
67.534282 11.877348 13.723496 
67.227603 12.517778 14.427624 
67.089798 13.479837 14.663106 
66.978242 14.176964 13.954890 
67.192787 14.954731 13.364087 
67.501164 15.856075 13.668199 
66.829220 15.838675 14.408598 
67.471296 15.242231 14.890255 
68.314883 14.757005 14.660218 
68.629350 15.264749 13.858155 
68.622960 14.820590 12.962230 
67.759560 14.788099 12.458757 
68.173420 14.360453 11.655116 
67.218047 14.582522 11.460318 
67.341857 13.910413 12.190346 
67.112280 13.224531 11.499796 
6.564025 -75.624928 -6.397451 
7.363388 -75.735986 -6.987946 
6.518445 -76.228559 -7.196376 
6.930630 -76.120700 -8.101069 
7.913949 -76.117157 -7.919218 
8.834092 -76.216456 -8.298002 
8.387997 -77.064577 -8.012188 
8.709460 -77.893032 -7.553576 
9.669621 -77.705345 -7.760614 
10.114997 -77.053181 -7.147163 
10.533057 -77.596508 -6.419138 
9.900780 -77.906770 -5.709234 
9.616986 -77.255738 -5.005232 
9.746867 -77.623609 -4.084470 
9.462424 -76.816551 -3.567025 
8.735866 -77.501479 -3.512369 
8.729439 -77.549340 -2.513536 
8.440644 -77.455873 -1.560718 
9.342941 -77.834343 -1.767167 
9.830158 -77.112574 -2.258764 
10.070422 -76.291984 -2.777325 
10.761306 -76.608600 -2.127376 
10.406446 -76.357681 -1.226757 
9.743708 -76.643570 -0.534627 
10.454017 -77.240934 -0.162312 
9.636903 -77.782080 0.036400 
9.476765 -78.569290 0.631930 
8.776654 -79.249791 0.848176 
8.259387 -78.807547 0.115472 
8.600913 -77.868146 0.085712 
8.796379 -78.439559 -0.711333 
9.599587 -78.714317 -1.239883 
10.438619 -78.623795 -0.703385 
10.599520 -77.764352 -1.188636 
11.387956 -78.091304 -1.709666 
12.328527 -78.242398 -1.405535 
12.863457 -79.075802 -1.266658 
13.716184 -79.425318 -1.654854 
13.859351 -80.142140 -2.337253 
14.814684 -80.437358 -2.350861 
15.175701 -79.527716 -2.556329 
16.047503 -79.146195 -2.863582 
15.913702 -79.075660 -1.875087 
16.070158 -79.706986 -1.115516 
16.370126 -80.626610 -1.369114 
17.058017 -81.058857 -1.952181 
17.795990 -80.668278 -2.502494 
18.242337 -81.552897 -2.637488 
17.899702 -82.181723 -3.335471 
17.069562 -82.108069 -2.782801 
17.259560 -81.224392 -3.210605 
16.277695 -81.190846 -3.397197 
16.681691 -81.720267 -4.143187 
17.026863 -81.458141 -5.044378 
16.916795 -80.860416 -5.838488 
16.840559 -79.912452 -6.147602 
15.956326 -80.330486 -6.355882 
14.980248 -80.276793 -6.566566 
14.687168 -79.597088 -7.238954 
13.871721 -79.331590 -6.724603 
13.638016 -79.026270 -7.647729 
13.223339 -78.374800 -8.283048 
12.375617 -77.925290 -8.564667 
12.338400 -77.602682 -7.618866 
12.726498 -76.719612 -7.882622 
13.520535 -77.275375 -8.128858 
13.529954 -76.804237 -9.010867 
14.202278 -77.525128 -8.842649 
28.711625 -34.047928 -11.490971 
29.692775 -33.866818 -11.558380 
29.970718 -33.371531 -10.735313 
29.547448 -32.470648 -10.831505 
29.051316 -31.686506 -10.458714 
29.735039 -31.063912 -10.839370 
29.601804 -30.337444 -10.165209 
29.321258 -29.532518 -10.688073 
28.466209 -29.880818 -11.072234 
28.408621 -30.843038 -11.338348 
28.128971 -31.228750 -12.217565 
28.111970 -32.070901 -12.756538 
28.799963 -31.854489 -13.449236 
28.383173 -32.753243 -13.585353 
28.565249 -33.121501 -14.497074 
28.799487 -32.204404 -14.819666 
28.052139 -31.566541 -15.005684 
27.463002 -32.371523 -14.935532 
27.168310 -32.725802 -14.048039 
27.150780 -31.737384 -13.897299 
26.396164 -31.570512 -14.531894 
25.782201 -31.923853 -13.826062 
25.810135 -30.926941 -13.899459 
24.821694 -31.036406 -14.004349 
24.707220 -30.240622 -13.409686 
25.436257 -29.769115 -13.905858 
25.382477 -29.134336 -13.135037 
24.858431 -28.282836 -13.117050 
25.680854 -28.345141 -12.551596 
26.242323 -28.431185 -13.374608 
27.226795 -28.563457 -13.490014 
28.119665 -28.845585 -13.840994 
28.158836 -29.092160 -12.872663 
28.612227 -28.205085 -12.785867 
29.304185 -28.923295 -12.859139 
29.763094 -29.779795 -12.622897 
29.952590 -29.022014 -11.998510 
29.554897 -28.454558 -11.277515 
29.089172 -27.605333 -11.028684 
29.092094 -27.543075 -12.026740 
29.429453 -26.857944 -12.672329 
30.159784 -27.486099 -12.940728 
30.994413 -27.411065 -13.486406 
30.286978 -27.561867 -14.176908 
29.824711 -27.198592 -14.985821 
28.867968 -27.379219 -15.213895 
28.062831 -27.926945 -15.441382 
27.310149 -28.577339 -15.339127 
26.533530 -28.426206 -14.727554 
25.602666 -28.764532 -14.865498 
25.844342 -28.562104 -15.814506 
26.092388 -28.298655 -16.746744 
25.663749 -28.552183 -17.613919 
25.362478 -29.183361 -16.899181 
26.337203 -29.361488 -16.764342 
26.039858 -29.725751 -15.881790 
25.049091 -29.840115 -15.954606 
24.915273 -29.992270 -14.975351 
24.580336 -29.065762 -15.146814 
23.666186 -28.991724 -15.545371 
23.042946 -28.749702 -16.289009 
22.721047 -29.575192 -16.752631 
22.502165 -28.836637 -17.390304 
22.383688 -27.843698 -17.384340 
22.892079 -27.654365 -16.544285 
-60.640815 -39.541928 42.726049 
-61.448747 -39.313555 42.182827 
-62.300473 -39.349846 42.705557 
-62.353274 -39.203553 43.693388 
-62.763818 -39.601061 44.514022 
-62.241658 -39.069177 45.180691 
-62.385877 -39.849726 45.788921 
-61.961319 -39.880557 46.693797 
-61.683179 -39.327565 47.479188 
-60.995994 -38.816730 47.995737 
-60.246905 -38.790282 48.657678 
-59.583372 -38.963291 49.385547 
-59.162037 -39.191554 48.507837 
-58.265878 -38.818666 48.748363 
-58.183839 -39.443310 49.524952 
-57.668848 -39.887371 50.258160 
-58.186030 -40.323737 50.994440 
-58.482729 -41.157582 50.528959 
-59.459629 -41.354263 50.445394 
-59.847926 -42.172343 50.021164 
-60.445875 -41.518329 50.484547 
-61.345761 -41.931799 50.345813 
-61.764058 -41.027097 50.426691 
-61.382589 -40.291411 49.867007 
-60.617250 -39.827279 50.312920 
-59.649931 -40.039900 50.451073 
-59.283316 -39.224640 50.899342 
-58.783536 -39.435232 51.739503 
-58.494146 -39.828792 52.612065 
-58.026519 -40.536410 52.082346 
-57.587733 -40.571638 52.980247 
-58.001107 -41.359350 53.437009 
-57.693576 -41.376644 54.388390 
-57.442972 -40.569705 54.923224 
-56.740206 -41.145421 55.341163 
-56.462696 -41.817386 54.654540 
-55.707379 -42.377966 54.994018 
-56.015766 -42.662819 54.086408 
-55.161570 -42.351503 53.669957 
-54.349459 -42.717349 54.124525 
-53.691095 -42.767461 54.875555 
-53.159664 -43.536907 54.521247 
-52.516366 -43.406569 53.766807 
-51.752869 -43.194578 53.156782 
-51.177745 -42.382429 53.058565 
-50.789364 -41.581053 52.603640 
-49.902417 -41.808285 52.201532 
-50.496270 -42.416731 51.675099 
-50.786936 -43.305311 52.029976 
-51.135625 -43.912656 51.316150 
-50.514637 -44.368032 51.954121 
-49.633934 -43.946145 51.738775 
-49.153933 -44.436723 52.466052 
-49.940336 -44.181946 53.028776 
-49.603385 -43.289211 53.327924 
-48.703262 -43.575552 52.999612 
-47.745582 -43.377471 53.208447 
-47.280105 -44.000279 53.837288 
-46.465514 -44.464750 53.489855 
-45.598319 -43.969649 53.436492 
-45.835634 -43.073459 53.061625 
-45.797789 -42.627851 53.956053 
-45.944890 -41.638737 53.960069 
-46.613538 -41.911054 53.268149 
-47.163062 -42.477113 52.653657 
-47.241410 -41.513127 52.399507 
-47.975178 -41.279503 51.761538 
-48.937504 -41.240673 52.030651 
-49.019988 -40.281378 51.760558 
-19.236675 -5.208928 -9.172171 
-18.419189 -5.559175 -9.629385 
-18.103908 -5.279923 -8.722402 
-17.962709 -6.221237 -8.415822 
-17.044200 -6.415789 -8.760048 
-17.149359 -5.469965 -8.452870 
-17.278280 -6.052649 -7.650462 
-17.621186 -5.168623 -7.332791 
-18.411141 -5.226732 -6.722386 
-19.048781 -4.587065 -7.151620 
-19.499347 -5.478602 -7.198016 
-19.947350 -6.116091 -7.824835 
-19.605128 -6.616770 -8.619948 
-20.129872 -6.806282 -9.449844 
-20.319639 -7.426764 -8.688930 
-21.293047 -7.256074 -8.536147 
-22.041186 -7.564291 -7.948534 
-22.710100 -8.207059 -8.321903 
-22.940063 -9.178470 -8.380884 
-23.097765 -8.971689 -7.415290 
-23.999635 -9.331879 -7.176765 
-24.473435 -10.084853 -7.633432 
-25.313642 -9.545484 -7.689425 
-25.908879 -9.807917 -6.929938 
-25.503163 -10.627341 -7.334831 
-25.660592 -10.838183 -8.299591 
-24.819173 -11.054205 -8.794919 
-25.199117 -10.132223 -8.869696 
-25.864548 -10.354422 -9.582316 
-26.830877 -10.490096 -9.800952 
-27.166980 -9.948512 -10.571485 
-27.683689 -9.377562 -9.933498 
-28.079526 -9.405820 -9.015612 
-28.210907 -10.394482 -9.088326 
-28.446922 -11.050867 -8.371768 
-28.966818 -10.552073 -7.678289 
-28.943589 -9.772046 -7.052975 
-29.849675 -9.433827 -6.798776 
-30.357855 -8.608365 -6.553085 
-29.528819 -8.739753 -6.009545 
-28.858752 -8.277211 -6.590117 
-28.757288 -7.717689 -7.412699 
-28.442858 -8.562318 -7.845984 
-27.772866 -8.149109 -7.229243 
-28.045932 -7.357484 -6.682650 
-29.009198 -7.089033 -6.675388 
-29.878086 -7.011202 -7.164241 
-30.769084 -6.662240 -6.873814 
-30.243049 -7.166648 -6.189081 
-30.781319 -7.371131 -5.371491 
-30.275688 -6.523846 -5.208869 
-30.215690 -6.120039 -6.121744 
-30.176290 -5.290755 -6.679181 
-30.998708 -5.176430 -6.121903 
-31.711360 -5.655271 -5.609225 
-32.216226 -4.833146 -5.872324 
-32.944672 -4.383682 -5.355266 
-33.593411 -3.633572 -5.226917 
-34.535414 -3.354620 -5.413506 
-35.387242 -3.700664 -5.020259 
-35.866329 -2.823055 -5.003611 
-36.007014 -3.406487 -5.803495 
-36.123997 -2.951138 -6.686089 
-35.129448 -2.907920 -6.780982 
-23.034075 59.180072 12.075149 
-23.559021 60.030618 12.106824 
-22.940789 60.382251 11.403871 
-23.068738 60.242858 10.421935 
-23.833604 60.588072 9.878053 
-24.192574 60.408049 8.962229 
-23.880207 59.495878 8.696953 
-23.195200 58.804205 8.468144 
-23.086824 58.111826 9.181492 
-22.281272 58.202600 8.595963 
-21.831400 58.757867 7.896467 
-21.266517 57.968781 7.655117 
-21.627463 57.328043 6.977493 
-22.304734 58.063737 6.969802 
-22.640126 57.212487 6.566211 
-23.121218 57.220570 5.689579 
-22.861732 57.621999 4.811216 
-22.693158 58.322796 5.504372 
-23.107527 58.951606 4.846423 
-24.101623 59.004024 4.941423 
-24.822901 58.413535 5.303475 
-25.354950 57.861764 5.945714 
-24.692884 57.255045 6.385670 
-25.101873 56.544940 6.958801 
-24.607957 55.870013 7.506998 
-24.261221 55.109309 6.958268 
-23.679607 55.809871 6.544821 
-23.574716 55.176205 5.778359 
-23.651744 56.098128 5.398721 
-23.260076 56.243836 4.490225 
-22.434768 56.758694 4.258304 
-21.729734 56.063934 4.400556 
-22.392661 55.437668 3.990289 
-22.208998 54.458556 3.903069 
-22.135095 53.647635 4.483539 
-21.383995 53.150893 4.048688 
-21.480913 53.069967 5.040685 
-21.456882 53.649104 5.855561 
-20.709507 54.222483 5.519902 
-21.263561 54.893764 5.027553 
-21.074103 54.952097 4.047399 
-20.946042 54.559292 3.136737 
-20.190363 54.836587 2.543393 
-20.304330 55.745437 2.142140 
-20.510524 56.690946 1.890154 
-21.035244 56.148562 1.234038 
-20.968544 56.733102 0.425420 
-20.784169 55.846510 0.001202 
-21.099656 55.348259 -0.806395 
-21.432764 54.436518 -0.566045 
-22.144048 54.396508 0.135721 
-21.992026 55.251489 -0.360160 
-22.556437 56.051881 -0.562180 
-22.043727 56.242145 -1.399395 
-21.417311 56.942666 -1.741262 
-21.109332 56.602645 -2.629819 
-21.804242 55.927879 -2.878401 
-21.494179 56.362366 -3.724026 
-21.713630 57.337665 -3.698864 
-21.542245 58.166816 -3.166759 
-21.316345 58.467621 -4.093304 
-22.169948 58.988447 -4.083227 
-21.961441 59.454119 -3.223183 
-14.957175 12.680872 47.520049 
-14.084868 12.773496 47.039944 
-14.327636 13.300450 46.225460 
-14.865751 13.811609 46.895645 
-14.225394 14.579371 46.873659 
-14.205501 15.020900 45.976633 
-13.229055 15.177584 45.828298 
-13.374797 15.552132 44.912616 
-13.763689 14.702884 44.555488 
-13.365358 14.261634 43.751355 
-12.603534 13.920682 43.200559 
-12.819987 13.087015 42.692477 
-12.271689 12.253529 42.760818 
-11.508180 12.150576 42.123280 
-11.316251 12.477955 43.048475 
-11.745803 13.183245 43.612434 
-11.260591 13.647306 44.353526 
-10.672694 12.864439 44.149819 
-9.829506 12.346618 44.294373 
-9.542874 13.288841 44.121001 
-9.068926 13.700401 43.342547 
-8.133825 13.772753 42.995629 
-8.188661 13.430870 42.057488 
-8.136952 12.748960 42.787095 
-8.132082 12.418790 43.731004 
-8.607290 12.425899 44.610849 
-8.027103 11.865898 45.202273 
-8.808516 11.287169 44.968894 
-9.780840 11.487793 45.088623 
-10.413075 11.488638 45.863400 
-9.575529 11.428707 46.406470 
-10.227555 11.315754 47.156206 
-10.672382 10.499583 47.524978 
-11.148981 9.673969 47.222957 
-10.241336 9.627994 46.805742 
-10.687985 8.755433 46.607895 
-9.735023 8.516752 46.794699 
-8.957210 9.140321 46.716155 
-8.369223 9.840742 46.311579 
-8.743036 10.144537 47.187919 
-8.506197 11.030092 46.788295 
-7.756379 11.417920 47.324356 
-7.059458 10.914026 47.834644 
-6.520975 10.171611 47.436078 
-7.093476 9.431520 47.788935 
-6.775162 8.883257 48.562294 
-6.013531 8.549874 48.006620 
-5.629366 9.427915 48.292035 
-5.113845 9.638695 47.461488 
-4.275371 9.583291 48.003606 
-3.715826 10.401766 48.134017 
-4.680433 10.597104 48.311149 
-4.596068 10.548807 49.306413 
-4.284347 9.660921 49.644774 
-4.194786 8.667437 49.715264 
-3.469129 8.068446 50.053837 
-3.155877 9.017486 50.088415 
-2.225338 8.746787 49.841802 
-1.905630 9.671962 49.637261 
-2.674057 9.972077 49.072061 
-2.666934 9.543461 48.168602 
-3.174909 9.047987 47.463998 
-2.462815 8.759741 46.823814 
-41.388275 -49.076928 -21.182351 
-40.877285 -49.421599 -20.394892 
-41.256080 -49.319682 -19.475041 
-41.250730 -50.263523 -19.144684 
-41.224432 -51.004631 -19.815554 
-41.960114 -50.704555 -20.422783 
-42.515953 -50.308320 -21.153564 
-43.121777 -49.631060 -21.571051 
-43.779387 -49.247884 -20.922417 
-44.542183 -48.762215 -20.495489 
-44.961383 -49.322523 -21.209861 
-44.558070 -48.665767 -21.847050 
-43.704822 -48.234557 -22.140350 
-42.712143 -48.132381 -22.075932 
-41.748953 -48.337836 -22.249291 
-41.350604 -47.506125 -21.862542 
-40.810204 -46.961695 -22.504073 
-40.216697 -46.845454 -21.707683 
-39.716840 -46.270807 -22.355698 
-40.205966 -45.398636 -22.347148 
-40.981297 -45.883900 -22.751352 
-41.143820 -44.916141 -22.943786 
-41.159938 -44.015510 -23.378071 
-40.750753 -43.447296 -22.664138 
-39.941915 -44.003901 -22.853802 
-39.695748 -43.034950 -22.830664 
-39.914777 -43.388800 -23.739959 
-40.113225 -43.440849 -24.718687 
-40.135067 -42.589010 -25.242035 
-39.346013 -42.112282 -25.629492 
-39.652468 -42.146711 -26.580754 
-40.518142 -42.465843 -26.966452 
-41.304034 -41.880460 -26.767202 
-42.083180 -41.464380 -27.236041 
-42.738287 -40.839059 -27.660079 
-42.516645 -41.444291 -28.424651 
-41.709292 -40.854263 -28.417727 
-40.728647 -41.024760 -28.513995 
-40.927181 -41.217412 -27.553022 
-41.354762 -40.324202 -27.413919 
-42.071699 -39.657982 -27.208608 
-42.555230 -40.353355 -26.676955 
-43.372020 -40.318246 -26.101088 
-42.934378 -39.604789 -25.553870 
-42.600425 -38.759314 -25.137160 
-42.194840 -37.845530 -25.114788 
-42.012374 -36.870777 -24.986089 
-42.663764 -36.332041 -24.451811 
-42.719081 -35.335184 -24.395097 
-43.082511 -35.400091 -23.465739 
-43.394102 -36.310038 -23.739431 
-44.154233 -36.657730 -24.288348 
-43.457561 -36.995862 -24.921052 
-44.049829 -36.983582 -25.726699 
-45.032320 -36.816707 -25.643853 
-44.877727 -37.779432 -25.421902 
-45.029091 -37.767618 -26.410309 
-45.812498 -37.170990 -26.236216 
-45.511177 -36.266199 -26.537143 
-45.652871 -36.515921 -27.495037 
-46.443700 -37.007074 -27.129855 
-46.705574 -36.562099 -26.273456 
-47.429821 -37.185212 -26.568746 
-47.612757 -36.305112 -27.006876 
-48.298279 -35.577098 -26.999390 
-48.807521 -36.362584 -26.647703 
-13.652475 49.263172 -44.345851 
-12.858623 49.383960 -44.941845 
-13.242477 50.297098 -45.079080 
-13.406304 49.618141 -45.794745 
-14.093670 50.235647 -46.177125 
-13.265439 50.759686 -45.978590 
-13.392011 51.555242 -46.571100 
-13.046970 52.351769 -46.074620 
-12.275296 52.102338 -46.659688 
-12.683478 51.692222 -47.475282 
-12.579700 52.664025 -47.687011 
-13.534029 52.442491 -47.887461 
-13.540019 52.669643 -48.861302 
-13.594201 53.638524 -49.102824 
-14.525824 53.976342 -49.236826 
-15.350535 53.620394 -48.797333 
-14.663654 53.282353 -48.153964 
-13.787193 53.568156 -47.766495 
-13.620929 54.245235 -47.049613 
-13.190574 55.124798 -46.846725 
-14.036386 55.418476 -47.292097 
-14.765395 54.806120 -47.597984 
-15.523808 55.057838 -48.199188 
-14.934138 55.497552 -48.876641 
-14.113942 55.231393 -48.370244 
-14.103082 56.140233 -48.787248 
-14.580823 56.203065 -47.910997 
-13.594196 56.364507 -47.888541 
-12.883785 55.720031 -48.171324 
-12.147755 56.386071 -48.292365 
-12.972927 56.895775 -48.535865 
-12.707316 56.296406 -49.290986 
-12.893122 55.444952 -49.781396 
-13.670371 55.237186 -50.375297 
-14.579803 55.506025 -50.058030 
-14.581266 54.723938 -50.681198 
-14.067105 54.137990 -51.307539 
-14.162948 53.179537 -51.576208 
-13.485384 53.034630 -50.855161 
-12.881765 52.281049 -51.115471 
-12.954484 51.519833 -51.759879 
-13.111560 52.428987 -52.145583 
-14.083050 52.521167 -52.364010 
-13.973493 52.332230 -53.339869 
-13.247080 51.724823 -53.018341 
-12.468297 51.428586 -53.571278 
-11.748283 51.045287 -54.149778 
-12.071396 50.370195 -54.812990 
-11.381140 50.637936 -55.485195 
-10.482319 50.952488 -55.790446 
-10.012190 51.272150 -56.613121 
-9.569239 50.943873 -57.447405 
-8.941770 50.179936 -57.598018 
-9.671703 50.028851 -58.264629 
-9.394538 49.071048 -58.188516 
21.011825 48.703272 8.355649 
20.047454 48.763345 8.613293 
20.080172 47.999290 7.968973 
19.192992 47.684069 8.305940 
19.032813 48.040775 7.385557 
18.578455 47.786058 6.531931 
19.015066 48.522760 6.015559 
18.699697 49.423506 6.314220 
18.430272 49.954901 5.511082 
17.533995 49.922948 5.953425 
17.315578 49.764180 6.916278 
16.330271 49.934735 6.907301 
15.607229 50.499727 7.304787 
15.593383 50.192407 8.256293 
14.691759 50.222613 8.687757 
14.438477 50.901345 9.377084 
14.128650 51.028913 10.319280 
13.916956 50.556605 11.174915 
12.934369 50.444878 11.026458 
12.556482 49.603383 10.640340 
12.932455 49.239637 9.788088 
13.121983 48.493827 10.426717 
12.750020 47.608277 10.148428 
12.447062 47.663271 11.099844 
12.920699 47.104936 11.780969 
12.483536 47.148705 12.679285 
12.828026 48.045853 12.402783 
13.324736 48.509046 11.668800 
13.858034 48.056737 10.953950 
14.266260 48.505355 10.158907 
15.156109 48.816229 9.824954 
15.191569 49.491590 10.561588 
15.990145 49.546329 11.160988 
15.279443 50.246634 11.227896 
15.476210 49.704795 12.045021 
15.208388 50.106188 12.920895 
15.270133 50.888868 13.540250 
14.473195 51.005326 14.132979 
14.035595 50.861847 15.020627 
13.647420 51.210238 15.873823 
13.877193 51.094929 16.840213 
14.563627 51.002436 17.561499 
15.333507 50.611732 18.066112 
15.552533 49.965575 18.797213 
16.395817 50.272208 18.355797 
16.116743 51.195763 18.618791 
15.891880 50.998293 19.572961 
16.416521 51.821491 19.789977 
16.996910 52.537928 20.177104 
17.800392 52.399544 19.598082 
18.207126 53.188312 19.137200 
18.806856 53.448666 19.893863 
30.924525 18.917472 29.245049 
31.005731 18.723748 28.267360 
31.504150 19.106691 27.489586 
30.923170 18.316690 27.293727 
31.502345 18.061990 26.519335 
31.046565 18.165947 25.635334 
30.249187 18.702061 25.912408 
29.484786 18.620740 26.552000 
28.641209 18.715844 27.080520 
27.656305 18.726143 27.253316 
27.439817 18.050962 26.548147 
27.589072 17.264018 25.949446 
27.822071 16.726958 26.760173 
28.259406 17.553330 27.114924 
28.923930 16.857983 27.388605 
29.586931 16.256447 26.942976 
28.689898 15.923878 26.651891 
29.092995 15.018919 26.515647 
28.144006 15.186447 26.248527 
28.546302 15.797927 25.567168 
28.604921 15.701176 24.573587 
29.572970 15.495985 24.717729 
30.338609 15.880455 24.201997 
31.314755 16.094656 24.237468 
31.780771 16.262517 25.106174 
31.972368 15.305120 24.890115 
32.704844 14.666638 25.126378 
33.229029 15.143897 25.831682 
33.857836 15.569998 26.482098 
33.423848 16.226691 25.865325 
34.199866 16.856762 25.893709 
34.801673 16.454169 25.203964 
35.706016 16.036718 25.292841 
35.391851 15.433285 26.025760 
35.789145 15.656912 26.915787 
36.763767 15.726722 26.703094 
37.278959 16.322062 27.319655 
38.221285 16.656578 27.308642 
38.749059 16.838401 28.138338 
38.914783 15.859782 28.260156 
39.022212 15.042038 28.825625 
39.488315 14.287257 29.287202 
38.625092 14.051814 29.733760 
38.425039 15.012335 29.927096 
38.970640 15.682981 30.429642 
39.679274 15.354789 31.054244 
40.561882 14.966387 31.319100 
40.852333 15.361981 30.447812 
41.847695 15.365261 30.543965 
41.832599 15.783168 29.635601 
-58.702615 13.111472 -5.902731 
-58.243687 12.753538 -6.715915 
-58.425046 13.516941 -7.335855 
-59.135701 12.850608 -7.561621 
-59.766778 13.020901 -8.318418 
-60.353608 13.352537 -9.057099 
-60.156074 12.769694 -9.845309 
-59.453076 13.041935 -10.502331 
-59.016752 12.196556 -10.810481 
-59.288012 11.504593 -11.479513 
-60.172475 11.201146 -11.833978 
-59.360171 10.757980 -12.213143 
-59.797267 9.891977 -12.456013 
-60.590862 9.845930 -13.062715 
-60.024635 9.707367 -13.875234 
-59.436932 8.942069 -13.612701 
-58.496353 9.088231 -13.306192 
-57.506311 9.083128 -13.165507 
-57.076643 9.902526 -12.786070 
-56.170582 9.903303 -13.209216 
-56.232760 10.712043 -13.794087 
-57.022028 11.245897 -13.490679 
-56.751048 11.866901 -12.755203 
-56.843344 11.412517 -11.869191 
-57.207233 11.011473 -11.028508 
-57.047719 11.613367 -10.246025 
-56.204440 11.978394 -10.640532 
-55.309261 12.415766 -10.726327 
-54.930809 13.067146 -10.068695 
-54.563238 13.927724 -10.421252 
-55.246459 13.507996 -11.018777 
-55.451444 12.911654 -11.794894 
-55.396455 13.893214 -11.977970 
-56.360629 13.840312 -11.718030 
-56.731864 14.432641 -12.433104 
-57.249410 15.207728 -12.070630 
-57.762579 15.781663 -12.708796 
-57.968207 16.526713 -13.343318 
-58.284851 16.897287 -14.216479 
-58.206386 15.914358 -14.382896 
-57.622695 16.038795 -15.185280 
-56.645235 15.845238 -15.100973 
-56.234527 16.496953 -14.463332 
-56.205219 17.278490 -15.086502 
-55.592185 16.622809 -15.527265 
-55.363712 15.655896 -15.413777 
-54.378710 15.490580 -15.463190 
-53.574647 16.076787 -15.363975 
-83.959175 -31.994928 -8.825331 
-84.394670 -32.860964 -9.070942 
-83.716262 -32.754552 -9.797881 
-82.830692 -32.290394 -9.779913 
-81.935834 -31.945222 -10.062907 
-82.275111 -31.100543 -9.648892 
-81.432915 -30.608155 -9.868573 
-81.282108 -30.434909 -8.895309 
-81.020112 -29.493823 -8.681499 
-80.334306 -28.882360 -9.076193 
-81.070348 -28.696909 -9.727231 
-81.049794 -27.897955 -9.126189 
-81.902497 -27.489211 -8.800882 
-82.598667 -27.469742 -8.083268 
-83.170185 -27.960094 -8.741237 
-83.362168 -28.478735 -9.574396 
-83.344241 -29.001255 -10.426834 
-83.428862 -29.991641 -10.536263 
-84.190996 -30.539666 -10.880964 
-84.733362 -29.919159 -10.314562 
-85.372302 -29.575470 -9.626352 
-84.584635 -29.483765 -9.017113 
-85.408243 -29.630645 -8.469303 
-84.981097 -30.243972 -7.804942 
-84.752295 -30.495554 -8.745344 
-84.432616 -30.806580 -9.640369 
-83.892541 -31.441172 -10.193190 
-84.854040 -31.714404 -10.222572 
-85.288746 -32.580441 -10.469577 
-85.132686 -33.556314 -10.622273 
-85.859079 -33.470360 -9.940389 
-85.750846 -34.457107 -10.061282 
-63.085775 35.283672 1.186749 
-63.198363 35.748103 2.065173 
-62.540497 35.658667 2.812979 
-61.669743 36.148312 2.858101 
-61.273256 36.036857 1.946852 
-61.558932 36.054406 0.988686 
-62.515048 36.241135 1.214460 
-62.298608 37.215511 1.275649 
-61.704662 37.421600 2.053309 
-61.302560 37.564164 2.957737 
-60.372973 37.601170 2.590996 
-60.256550 38.594346 2.584132 
-60.503351 39.066711 1.737987 
-60.709047 38.548944 0.907561 
-61.518324 38.268523 0.391389 
-62.101477 37.985503 -0.370079 
-62.599768 38.835146 -0.197415 
-63.441062 39.341472 -0.386778 
-64.397829 39.401029 -0.102085 
-64.962025 39.631500 -0.894907 
-64.922864 38.987446 -1.658884 
-64.033957 38.659033 -1.339525 
-64.379164 37.727880 -1.222113 
-65.351500 37.783770 -1.448912 
-65.923016 38.449838 -0.969618 
-66.512115 37.744656 -0.575055 
-66.113948 36.942312 -0.130411 
-66.340127 35.968236 -0.126205 
-66.620621 35.961446 -1.086037 
-66.740201 35.124747 -0.551588 
-66.337493 34.272217 -0.218393 
-66.368116 33.972923 0.735276 
-66.856141 33.121722 0.928376 
-67.755029 33.131250 0.490302 
-68.201738 34.020741 0.394088 
-68.539811 34.822966 -0.097992 
-69.120607 34.211126 -0.634953 
-70.087159 34.467591 -0.636465 
-69.975791 33.792128 -1.365400 
-69.570303 32.981512 -1.787871 
-68.597952 33.056194 -2.009133 
-67.804398 32.904908 -1.419740 
-67.349655 32.687784 -0.555989 
-67.215554 31.787469 -0.141924 
-66.416552 31.221551 -0.345229 
-65.962704 32.038491 0.010623 
-65.027211 31.737173 0.195181 
-64.072030 31.626543 0.469752 
-63.283672 31.163314 0.064892 
-62.556758 31.639283 0.559917 
-61.942086 30.852948 0.622021 
-61.196120 30.498481 1.185836 
-61.497025 31.301102 1.700865 
-61.840780 30.411371 2.001218 
-61.504683 29.584663 1.550006 
-61.101958 28.900540 0.941904 
-60.481074 29.030909 0.168918 
-60.785105 29.729151 -0.479175 
-61.337647 30.123986 0.254857 
-62.019351 29.497322 0.632446 
-62.491488 29.024525 -0.111562 
-63.345880 28.508735 -0.048518 
-63.419547 27.991798 -0.901367 
-63.039265 28.903115 -1.059126 
-63.163389 28.278664 -1.830265 
-63.184584 27.602380 -2.566601 
-63.036260 26.988388 -3.341851 
-62.876849 26.509764 -2.478423 
-62.881774 26.749650 -1.507635 
-62.907812 25.761913 -1.353691 
-63.263978 24.838651 -1.497682 
-64.222368 25.115183 -1.568528 
-64.028514 24.455771 -0.842170 
-63.822027 23.500705 -0.629536 
-64.005255 22.581316 -0.977602 
-64.289424 22.248302 -0.078519 
-64.711769 21.407122 0.259178 
-64.818911 20.921774 1.126910 
-63.972585 20.451367 0.877012 
-63.315238 21.148226 1.163862 
-62.799323 21.580445 0.424256 
-62.847396 21.014471 -0.398764 
-63.821377 21.222640 -0.488353 
-64.538563 20.534773 -0.600084 
-65.452686 20.558270 -1.004840 
-66.257638 20.695135 -1.582179 
-65.953020 21.342670 -2.280682 
-65.612665 22.256646 -2.501605 
-65.338302 23.085541 -2.989106 
-65.538478 22.275230 -3.539856 
