-11.645075 11.762675 -33.986309 
-11.207117 11.245009 -34.721301 
-11.985477 10.825065 -34.254607 
-12.947460 10.879367 -34.522264 
-12.873567 9.899344 -34.706914 
-12.625432 9.381617 -33.888143 
-13.314399 9.759688 -33.269769 
-12.647777 9.737562 -32.524701 
-13.196032 10.569743 -32.607728 
-12.545127 11.305427 -32.420397 
-12.468210 12.135847 -32.972199 
-12.505569 12.766675 -32.197176 
-11.952648 12.224398 -31.564551 
-12.202055 13.029228 -31.025992 
-11.492720 13.313827 -31.670854 
-10.606711 12.925697 -31.924514 
-9.628645 12.718886 -31.949342 
-9.885996 13.645734 -32.222699 
-9.891140 14.628641 -32.038669 
-10.781435 14.182654 -31.946630 
-11.033432 15.131343 -32.137649 
-11.387774 16.057388 -32.267575 
-11.999128 16.758021 -31.899662 
-11.825649 16.869176 -30.921118 
-12.212164 17.383334 -30.155450 
-13.172664 17.536396 -30.387854 
-13.141174 16.541410 -30.482782 
-13.719289 16.959404 -31.183541 
-14.284997 16.222509 -31.553623 
-13.767812 15.382541 -31.389394 
-13.273095 14.915717 -30.656365 
-12.913246 14.614638 -29.773268 
-12.309481 14.807328 -28.999745 
-12.300902 15.779060 -29.235674 
-12.326938 15.773812 -28.236027 
-11.386137 15.612152 -27.938103 
-11.387608 16.585232 -28.168568 
-11.124554 17.286351 -28.831315 
-11.292750 17.904504 -29.599167 
-12.156560 17.897176 -29.095403 
-11.605277 18.429625 -28.453075 
-10.729273 18.539120 -27.983365 
-9.756089 18.416219 -28.177805 
-8.849185 18.493548 -27.763625 
-8.150891 18.929399 -27.195805 
-8.469914 19.849053 -26.966761 
-7.757162 19.446487 -26.392371 
-7.505017 18.896725 -25.596014 
-7.188221 18.039366 -25.190334 
-7.910490 17.448038 -25.549025 
-8.467308 18.198645 -25.904753 
-9.438870 18.404837 -25.788341 
-8.979037 18.937479 -25.077816 
-9.034872 18.448554 -24.207279 
-9.916168 18.098371 -23.889963 
-10.375321 17.763577 -23.067107 
-11.105856 18.409780 -23.287876 
-10.465690 19.177592 -23.262339 
-11.238631 19.631432 -22.818954 
-10.480396 19.875300 -22.214299 
-9.580220 19.564135 -22.519027 
-8.771700 20.137842 -22.388049 
-7.911005 20.605206 -22.186119 
-8.407168 20.207532 -21.414318 
-8.087208 20.464687 -20.502453 
-7.361564 21.142526 -20.384235 
-6.669230 21.583958 -20.955034 
-5.951406 22.127784 -20.520313 
-5.304922 21.495498 -20.093378 
-4.496439 20.913526 -20.005827 
-4.233835 20.696692 -20.946051 
-3.389172 20.202792 -21.152466 
-3.570982 20.257334 -20.170646 
-2.592322 20.091964 -20.292613 
-3.134162 19.317669 -19.965693 
-2.751006 19.605262 -19.087922 
-3.111292 19.169741 -18.262988 
-3.792462 19.873010 -18.059470 
-3.892983 20.283911 -18.965592 
-4.538009 21.026341 -18.784658 
-5.282026 20.445487 -18.454434 
-6.130649 20.784954 -18.860146 
-6.031655 19.802865 -18.699828 
-6.128717 18.849723 -18.986357 
-5.208245 18.653295 -18.648499 
-5.689187 18.677550 -17.772082 
-6.649156 18.502694 -17.990912 
-7.106468 17.969385 -17.279261 
-7.338505 18.169728 -16.327410 
-7.582612 19.138443 -16.282643 
-7.886402 20.038357 -16.595478 
-7.559268 20.867928 -17.048022 
-7.443877 21.803820 -16.715167 
-8.062893 22.549090 -16.962939 
-7.362239 22.519061 -17.675809 
-7.299141 23.445342 -18.047322 
-7.768807 23.359351 -18.925969 
-8.740638 23.457569 -18.711728 
-9.390963 24.183449 -18.487727 
-9.735951 25.119515 -18.556739 
-10.458422 25.441129 -19.168785 
-9.869197 26.079899 -19.663544 
27.972825 -19.535085 41.981091 
27.583258 -18.797744 41.429216 
28.054024 -18.496101 42.258306 
28.669458 -17.996523 42.867947 
29.088904 -18.077063 43.772148 
28.230102 -17.850813 44.231789 
27.547083 -18.390948 44.723459 
27.860769 -18.285312 45.667092 
27.009105 -18.805032 45.599557 
26.779815 -19.603738 46.155879 
25.964389 -20.149613 46.348497 
25.128675 -20.348311 45.836539 
24.244761 -19.961825 46.099834 
24.107539 -20.837443 46.562936 
23.267539 -20.640239 46.057456 
22.356751 -20.590294 46.467299 
22.971469 -19.804274 46.532829 
23.643069 -19.754700 47.272083 
23.320960 -19.840892 48.214854 
23.628901 -20.791367 48.256908 
24.622850 -20.849836 48.349890 
24.063341 -21.079159 49.146358 
24.543093 -21.905222 48.850624 
25.451331 -22.313855 48.940745 
25.284734 -22.216427 47.959546 
24.640027 -22.209725 47.195145 
23.982879 -21.929246 47.894779 
23.954735 -22.865048 48.246180 
23.559059 -23.780986 48.313250 
24.054539 -23.797342 47.444785 
24.721433 -24.188443 46.810519 
23.862287 -24.680960 46.671607 
24.254577 -25.223507 45.928808 
24.754734 -25.572678 45.136391 
25.254885 -26.014639 45.881052 
25.780957 -25.245922 45.517290 
26.064945 -24.740078 44.702752 
26.126419 -25.268539 43.856023 
26.474976 -26.161629 44.140449 
26.357722 -26.595380 43.247078 
26.368197 -27.365302 43.885130 
25.994860 -28.239552 44.195462 
25.676314 -28.656329 43.344095 
26.638874 -28.755259 43.091725 
27.195486 -29.559689 42.884181 
27.231731 -30.515452 43.176077 
26.912498 -30.629969 42.235346 
27.167692 -31.560477 41.972611 
27.855528 -31.251370 41.315851 
28.485353 -31.090292 40.555999 
28.415401 -30.109504 40.738101 
28.494884 -29.138675 40.964317 
28.755754 -29.124567 39.999046 
29.245687 -29.983334 39.849098 
29.456478 -30.732395 40.477171 
30.420735 -30.819532 40.727401 
30.436968 -31.808757 40.581900 
30.914066 -32.123859 39.761481 
29.934219 -32.017229 39.592571 
29.050346 -32.362984 39.277577 
28.677751 -32.919699 40.020034 
28.647899 -33.804146 39.554350 
29.240259 -34.280103 40.204408 
29.275249 -35.240931 40.479333 
29.724346 -35.047553 41.351638 
29.097850 -35.491961 41.991955 
28.270411 -35.955625 42.308751 
28.029902 -35.144189 42.841411 
28.432776 -34.277732 42.546549 
27.458620 -34.429678 42.379417 
26.721394 -34.581164 41.720972 
25.887864 -34.842613 42.207668 
26.510433 -35.204362 42.901603 
25.842377 -35.713341 43.444412 
24.978689 -35.496469 43.899396 
25.285364 -34.762336 43.293590 
24.849481 -35.479453 42.749762 
24.933480 -36.407487 42.386861 
25.777278 -35.872339 42.427127 
25.931468 -36.824449 42.163099 
25.515369 -37.139457 41.310086 
25.699604 -36.320876 40.766043 
26.526597 -36.712603 41.169320 
26.711419 -36.508852 40.207901 
26.976574 -37.378565 39.791616 
27.487729 -37.090910 38.981693 
27.871135 -36.408485 39.604023 
28.528085 -35.751261 39.973447 
28.889232 -35.508724 39.073032 
29.587674 -36.212121 38.941078 
30.316491 -35.538537 39.064003 
30.470014 -35.250034 40.009094 
31.455065 -35.110866 40.110619 
31.534156 -34.145821 39.860752 
31.635230 -33.192526 40.145376 
15.827305 4.594835 -3.857209 
14.870531 4.836964 -4.018320 
14.382509 3.974657 -4.153454 
14.056077 3.553058 -4.999442 
13.202323 3.922975 -5.365864 
12.607139 3.372559 -5.951354 
12.746618 2.876246 -6.808220 
13.527437 2.257328 -6.893441 
13.656489 2.843498 -6.093596 
13.667172 2.106430 -5.417862 
13.003943 1.367060 -5.301849 
13.483088 1.374921 -6.179550 
14.090698 0.819221 -5.612093 
14.194187 -0.152055 -5.826367 
14.275394 -1.146785 -5.763771 
14.302758 -0.843696 -4.811201 
13.307887 -0.903481 -4.729599 
13.311288 -1.894508 -4.863214 
13.656356 -2.560777 -5.524285 
14.556553 -2.126692 -5.489404 
14.481164 -2.254350 -4.500455 
15.047891 -2.764658 -3.853611 
14.306172 -2.951718 -3.209514 
13.326922 -3.010586 -3.403433 
13.673753 -2.157028 -3.014657 
12.872043 -1.563779 -3.087573 
13.264057 -1.210679 -2.238077 
12.980322 -1.128554 -1.282697 
12.443668 -0.294058 -1.157720 
11.853153 0.444065 -1.484012 
10.957653 0.006905 -1.400521 
11.368965 -0.835249 -1.749231 
11.203988 -1.816739 -1.846500 
12.192060 -1.730510 -1.718913 
12.770048 -2.544151 -1.656318 
13.142554 -2.082695 -0.851149 
13.856218 -1.820925 -0.201410 
13.595908 -1.263791 0.587159 
12.962540 -0.943985 -0.117517 
12.083780 -1.121440 -0.560565 
11.749265 -2.032944 -0.321273 
11.828658 -2.842939 -0.902310 
12.113717 -3.517389 -1.583383 
11.927088 -2.857745 -2.311421 
11.980706 -3.443231 -3.120329 
12.339002 -4.341775 -3.373789 
13.008033 -4.461953 -2.640335 
12.249976 -5.093604 -2.477957 
12.197075 -5.993308 -2.911239 
12.790767 -6.085123 -3.710677 
13.446340 -6.678575 -4.177622 
12.982625 -7.501430 -3.849175 
12.102288 -7.143712 -4.160695 
11.836746 -7.862016 -3.517635 
11.209265 -8.405716 -4.075001 
10.222427 -8.348475 -3.923760 
10.529412 -8.818076 -4.751549 
10.190849 -7.966664 -5.152140 
9.325478 -7.517393 -4.930131 
8.721633 -7.312217 -5.700374 
8.155958 -7.402407 -6.520056 
8.482575 -6.642773 -7.082442 
8.323183 -5.932023 -7.767590 
7.351524 -5.974920 -7.535129 
6.599952 -5.794564 -6.900612 
5.786873 -5.401061 -7.329631 
5.256351 -5.095965 -8.120493 
5.431273 -4.195973 -7.721223 
6.322418 -4.404489 -7.318256 
6.397361 -4.496354 -6.325308 
7.155622 -3.891427 -6.082197 
7.877018 -4.501036 -5.753617 
8.431909 -4.682177 -6.565580 
9.355105 -4.796912 -6.932383 
9.282426 -3.840027 -6.651153 
8.623840 -3.261066 -7.131848 
9.129209 -3.386984 -7.985514 
9.992499 -2.983131 -8.288226 
10.549430 -3.775218 -8.038374 
11.378005 -3.727165 -8.596186 
11.332093 -4.374485 -7.835352 
12.289867 -4.662007 -7.836401 
11.990990 -4.699597 -8.789952 
11.241550 -5.352567 -8.899367 
-32.136375 -30.343285 -1.672509 
-32.533537 -30.643145 -2.539888 
-33.354738 -30.081174 -2.638972 
-33.246897 -29.826159 -1.678067 
-32.681941 -29.084974 -2.040655 
-32.666139 -28.675088 -1.128655 
-32.506955 -29.444496 -0.510050 
-32.342213 -29.607975 0.462644 
-32.306010 -28.635272 0.233434 
-32.364270 -27.791481 0.766935 
-31.631033 -27.812591 0.087289 
-31.513681 -27.651826 -0.892702 
-31.828940 -27.067203 -1.640250 
-32.113773 -26.199800 -2.048272 
-31.765962 -25.280026 -2.230050 
-31.008510 -25.931845 -2.267460 
-30.897158 -25.088840 -1.741205 
-30.953985 -24.090773 -1.716081 
-31.431459 -23.238639 -1.501870 
-31.913528 -22.525634 -0.992720 
-32.605717 -22.176941 -1.624612 
-32.891271 -22.996100 -2.122044 
-33.759902 -23.326101 -1.752478 
-34.649807 -22.905367 -1.576262 
-35.522236 -22.571801 -1.219050 
-35.696317 -21.809046 -0.596233 
-35.506921 -20.932456 -1.038635 
-34.603631 -20.543321 -0.857966 
-34.007375 -19.778841 -0.612919 
-34.746457 -19.244108 -0.203263 
-35.220394 -18.676769 -0.876695 
-34.357434 -18.613640 -1.378009 
-34.110915 -18.690609 -2.344086 
-34.394490 -17.731669 -2.348482 
-33.527611 -17.562663 -1.879487 
-33.121697 -17.866310 -2.741480 
-32.272293 -18.247782 -3.106161 
-32.697491 -18.438167 -3.991012 
-33.177565 -17.949958 -4.719833 
-33.955388 -17.394114 -4.426529 
-34.857036 -17.750671 -4.671270 
-34.548771 -18.465587 -4.043681 
-35.130076 -18.138939 -3.298439 
-35.469057 -17.241805 -3.581712 
-35.271770 -17.239419 -2.601369 
-35.410619 -16.521620 -1.919103 
-35.646956 -15.595314 -1.625675 
-34.686551 -15.363445 -1.780139 
-34.019614 -16.095970 -1.916530 
-33.904762 -16.553306 -1.034684 
-34.693817 -15.958916 -0.879462 
-35.114014 -15.086855 -0.628578 
-35.194702 -14.511005 -1.442142 
-34.522111 -13.876176 -1.822423 
-34.599101 -13.671998 -0.846521 
-34.701444 -14.040000 0.077655 
-35.682748 -14.018392 -0.113593 
-35.895362 -14.948573 0.185671 
-36.683008 -15.558356 0.097470 
-37.397909 -15.153479 -0.472610 
-38.254928 -15.505135 -0.849249 
-39.044423 -14.926572 -0.644400 
-39.406687 -14.474098 0.170482 
-38.519192 -14.014522 0.136685 
-38.105635 -13.889242 1.038503 
-37.978858 -12.936360 0.762926 
-37.611240 -13.217797 1.649295 
-38.049816 -12.895280 2.488124 
-37.753733 -13.609561 3.122267 
-38.558239 -13.163956 3.514957 
-38.168301 -12.268837 3.731082 
-38.710355 -11.968912 4.516081 
-37.945218 -12.540570 4.812344 
-37.134238 -12.852257 5.307483 
-37.972176 -13.366224 5.491054 
-37.668782 -13.193253 6.428088 
-38.116482 -13.031296 7.307483 
-37.571204 -12.789115 8.109991 
-36.723304 -13.118561 7.694623 
-37.225500 -13.936930 7.974036 
-38.195331 -14.010266 8.206519 
-39.128845 -14.352585 8.313144 
-62.535575 -39.904185 -39.220409 
-62.554362 -38.934824 -38.975487 
-62.182417 -39.214421 -38.090342 
-61.575305 -39.962706 -37.822976 
-60.590597 -39.956805 -37.648859 
-59.890445 -40.661249 -37.532473 
-59.618743 -39.861122 -36.997708 
-60.361079 -39.195174 -36.923878 
-60.599339 -39.607931 -36.044752 
-60.118694 -39.861255 -35.205224 
-60.583216 -39.221232 -34.593187 
-60.587352 -39.688538 -33.709100 
-60.341911 -40.515817 -34.214439 
-59.659299 -41.148699 -34.579816 
-59.160227 -40.739639 -33.815881 
-58.993543 -40.929390 -32.848301 
-58.622673 -40.027596 -32.626437 
-58.597379 -39.311655 -33.324139 
-57.732687 -39.175974 -33.807770 
-57.711840 -38.762888 -34.718224 
-57.160557 -38.114748 -34.192864 
-57.402776 -37.868266 -35.131255 
-56.921840 -37.349497 -35.838064 
-57.457286 -37.162575 -36.661689 
-57.190368 -38.104544 -36.458101 
-58.163130 -38.125390 -36.227232 
-58.728309 -37.551950 -35.634156 
-58.263747 -37.103089 -34.870804 
-58.205140 -36.654059 -33.979212 
-58.169282 -36.336622 -33.031611 
-58.745470 -36.107724 -32.247001 
-58.655316 -35.131376 -32.443517 
-58.513387 -34.710108 -31.547755 
-58.045645 -35.566569 -31.329374 
-57.893334 -36.139014 -30.523701 
-58.530772 -36.906373 -30.454177 
-58.819823 -37.252340 -31.346789 
-59.471999 -37.946256 -31.651988 
-59.543902 -38.268996 -32.595741 
-60.430002 -38.500901 -32.997049 
-59.925940 -39.364229 -32.972842 
-60.256180 -39.803062 -32.137159 
-60.247181 -39.387950 -31.227433 
-60.640240 -38.986382 -30.400240 
-60.820676 -39.828362 -29.891798 
-60.829455 -39.687795 -28.901766 
-60.474411 -40.105542 -28.065446 
-59.566047 -39.712468 -27.922729 
-59.760413 -39.995859 -28.861831 
-59.864778 -39.071214 -29.228081 
-59.998783 -38.849795 -28.262153 
-60.535556 -38.264262 -28.869628 
-61.001227 -38.527187 -28.024630 
-61.362371 -37.889659 -27.344091 
-62.002348 -37.199253 -27.006796 
-61.504996 -36.337464 -27.106601 
-62.010428 -35.914507 -27.858696 
-62.352395 -35.916250 -28.798406 
-63.270888 -35.694297 -29.125681 
-63.652604 -35.845293 -30.037544 
-62.934053 -35.747928 -30.726169 
-63.300068 -34.838212 -30.922253 
-62.645752 -34.527268 -30.232917 
-61.675552 -34.354772 -30.062749 
-62.077196 -33.672242 -30.673351 
-61.680344 -32.808199 -30.363614 
-60.805981 -33.001801 -30.808595 
-61.042721 -32.719000 -31.738099 
-61.467904 -31.881654 -31.394486 
-62.064007 -31.078897 -31.378863 
-61.825330 -30.138096 -31.619541 
-62.422050 -30.439122 -32.363388 
-63.364561 -30.760888 -32.273166 
-63.254028 -30.420850 -31.339273 
-64.013604 -29.783650 -31.469736 
-64.592168 -29.301803 -32.127830 
-64.747641 -29.036992 -31.176146 
-64.531056 -28.189403 -31.660588 
-64.902903 -28.381164 -32.568860 
-64.496989 -27.648517 -33.115176 
-32.975275 12.981675 -62.230989 
-32.202406 13.616190 -62.223047 
-32.806761 14.307467 -62.619143 
-32.118561 14.198669 -63.336461 
-31.513010 13.407147 -63.253990 
-31.521554 12.430226 -63.040561 
-31.712907 11.494166 -62.745306 
-32.313821 11.890022 -63.439712 
-33.065703 11.232677 -63.490421 
-33.456228 11.895391 -64.129404 
-33.877257 12.003749 -63.228852 
-34.381034 12.730344 -63.696044 
-34.051210 12.585856 -64.628964 
-33.576075 12.438750 -65.496493 
-32.594951 12.540903 -65.332296 
-32.037561 13.173251 -65.870304 
-32.374543 13.812128 -65.178727 
-33.298471 14.132736 -65.387451 
-33.687765 14.414904 -66.264282 
-33.909163 15.222586 -66.810754 
-33.492684 15.493653 -65.942959 
-32.750411 15.582124 -66.607189 
-31.858676 15.258110 -66.923140 
-31.189277 14.698144 -67.411343 
-31.292093 14.172606 -66.566809 
-30.423047 13.948266 -66.125866 
-30.376629 13.736020 -67.101979 
-31.209895 13.425294 -67.559272 
-31.781761 13.248237 -68.360284 
-32.073904 14.013990 -67.787331 
-32.755795 13.284911 -67.728426 
-32.824476 13.260641 -68.725769 
-32.773215 12.362213 -68.289651 
-32.257520 12.414423 -69.144831 
-31.876705 11.699700 -69.731475 
-32.125188 11.143835 -70.524741 
-33.004016 11.424706 -70.910451 
-32.843723 10.452656 -70.738915 
-32.345500 10.294608 -71.591438 
-32.710083 9.363437 -71.590604 
-33.690690 9.302155 -71.776758 
-34.077993 8.603905 -71.174725 
-34.396774 9.395424 -70.653308 
-34.748674 10.318008 -70.811440 
-35.277749 10.323273 -69.962881 
-35.432341 9.335328 -69.970982 
-34.682951 8.974169 -69.416024 
-33.985810 8.571544 -68.822822 
-34.497226 9.326782 -68.412859 
-34.436174 9.366588 -67.415518 
-33.516340 9.050025 -67.183800 
-32.834988 8.481228 -66.723117 
-32.446494 9.019337 -67.471121 
-31.976811 9.487065 -66.722370 
-32.148815 10.236668 -67.361518 
-32.792293 10.972320 -67.149970 
-33.239294 11.716207 -67.646782 
-32.602365 11.123243 -68.139444 
-33.376732 10.496855 -68.050033 
-33.601983 9.862725 -68.789723 
-32.746556 10.153260 -69.218481 
-31.874544 9.700586 -69.032250 
-31.646515 9.912228 -69.982624 
-31.630561 9.473826 -70.881261 
-32.046416 8.605999 -71.153186 
-31.325144 8.108269 -70.671489 
-30.741153 7.320225 -70.476703 
-31.530313 6.781973 -70.772526 
-31.060799 6.722345 -71.653436 
-31.139116 7.007267 -72.608782 
-31.942007 7.499141 -72.271992 
-32.452878 8.358607 -72.253901 
-33.359523 8.219902 -71.855460 
-33.373351 8.859804 -72.623792 
-33.377136 7.878383 -72.815622 
-34.224376 7.349722 -72.763641 
-33.679691 6.644433 -73.217387 
-33.517815 5.705904 -73.522281 
-8.810575 -37.599885 -54.059609 
-9.535094 -37.320616 -54.689752 
-9.846265 -36.378311 -54.813181 
-8.995272 -36.263563 -55.325668 
-9.796978 -35.824518 -55.731263 
-10.599732 -35.237161 -55.834209 
-10.083401 -35.320546 -56.686528 
-11.061179 -35.526700 -56.724608 
-10.833543 -34.555700 -56.651528 
-11.036914 -33.920718 -57.396805 
-11.892016 -34.362443 -57.668244 
-11.640419 -34.523806 -58.622530 
-10.971822 -35.009189 -59.185896 
-11.411648 -35.304358 -60.034088 
-11.159327 -35.693963 -60.919832 
-11.847238 -35.797288 -61.638234 
-11.866459 -36.795681 -61.584941 
-11.202167 -37.464235 -61.250648 
-11.282519 -37.287348 -62.231593 
-10.496906 -36.819859 -61.826296 
-10.268562 -36.531734 -60.896327 
-9.558955 -35.827177 -60.903922 
-8.579776 -35.807222 -61.105941 
-7.768685 -35.297054 -61.392052 
-6.777641 -35.215180 -61.286558 
-6.627543 -34.431183 -61.888904 
-6.464131 -33.820993 -61.113684 
-5.716445 -34.462030 -60.940367 
-4.939257 -33.878512 -60.704815 
-4.564214 -33.322669 -59.962938 
-4.093146 -32.529275 -59.577425 
-3.383379 -32.836223 -58.943379 
-3.241921 -33.806583 -58.747443 
-3.799759 -34.624182 -58.890090 
-4.222534 -33.725735 -59.008636 
-4.056325 -33.965674 -58.052182 
-3.957006 -33.222387 -57.390622 
-4.257043 -33.128866 -56.441290 
-5.001484 -32.957027 -57.086487 
-5.488388 -33.111437 -56.226788 
-5.803490 -33.698995 -55.481479 
-5.789683 -34.438432 -54.808395 
-5.793399 -33.556399 -54.337224 
-6.447257 -32.827926 -54.132779 
-6.592066 -32.383991 -53.248499 
-6.464033 -31.780370 -54.035424 
-5.671352 -32.051215 -54.581592 
-6.385083 -31.554936 -55.075855 
-6.086366 -32.418187 -55.482753 
-6.157536 -31.651544 -56.120870 
-6.405404 -31.528218 -57.081782 
-6.334753 -31.873496 -58.017620 
-5.526080 -31.941677 -57.433327 
-5.683971 -32.759384 -57.986883 
-6.157291 -32.666107 -57.110945 
-6.783237 -32.846755 -57.869599 
-7.177601 -32.508568 -57.015137 
-8.046359 -32.143162 -56.680862 
-8.758705 -31.547071 -57.051318 
-9.319271 -31.914762 -56.309315 
-10.065634 -31.259142 -56.423794 
-10.603401 -32.097331 -56.332984 
-11.577132 -31.928245 -56.180479 
-11.592483 -32.502491 -55.361940 
-11.756354 -32.231315 -54.413462 
-12.096300 -33.122813 -54.114016 
-12.515349 -33.570513 -54.903928 
-12.834307 -34.262919 -54.256749 
-12.308055 -34.222617 -53.407376 
-13.280680 -34.243291 -53.175917 
-13.277586 -35.092786 -53.703505 
-13.232796 -36.049356 -53.991548 
-13.836193 -36.845491 -53.945946 
-13.133829 -37.556135 -53.905067 
-13.709960 -37.840903 -53.138920 
-13.111969 -38.438040 -52.604285 
16.777665 -70.645485 26.201991 
17.053394 -71.144747 27.023399 
17.063143 -70.536428 27.817033 
16.555919 -71.367579 28.044874 
16.286322 -72.324444 27.936578 
15.447184 -72.814796 28.171953 
15.486117 -72.789390 29.170872 
16.208206 -72.332496 29.690329 
16.120089 -73.304217 29.909402 
16.950614 -73.856864 29.978757 
16.654303 -74.784907 30.204447 
16.415568 -74.388050 31.090738 
17.354883 -74.157823 31.345065 
17.095917 -74.244469 32.307057 
17.762364 -73.651776 32.759343 
17.854424 -74.104298 33.646332 
16.925375 -74.447636 33.784121 
17.397740 -75.094883 33.185838 
18.258091 -75.519712 33.467469 
18.548012 -75.302414 34.399525 
17.812385 -75.743876 34.913298 
17.083790 -75.749341 35.598221 
16.090921 -75.634220 35.567252 
16.296610 -75.956397 34.643187 
17.030834 -76.617477 34.797745 
17.869545 -76.792426 34.282034 
17.415767 -76.276685 33.555331 
18.150234 -76.530805 32.926062 
18.798616 -77.165537 33.346438 
19.198270 -76.946685 32.456280 
18.633661 -77.516692 31.859364 
18.389459 -76.685815 31.359355 
18.245312 -75.707072 31.505248 
17.821024 -75.477744 30.629241 
17.626599 -76.443220 30.455874 
16.717178 -76.825163 30.620411 
15.767153 -76.614264 30.390248 
15.621186 -75.773989 30.912389 
15.966574 -75.761675 31.850768 
15.281142 -76.487129 31.913216 
14.917332 -76.639997 32.832060 
15.732011 -76.106718 33.059900 
14.873596 -75.594803 33.027241 
14.106300 -75.196956 33.530207 
13.458633 -75.061427 34.279980 
13.619732 -74.150700 34.660275 
13.840986 -74.230545 35.632217 
13.657058 -75.193836 35.436665 
13.034816 -75.791683 34.931298 
12.223985 -76.350305 35.105920 
12.134175 -75.354409 35.094720 
11.217422 -75.518757 34.730641 
10.967911 -76.101631 35.503947 
11.261132 -75.365519 36.113997 
10.849946 -76.041551 36.725476 
11.831169 -76.214118 36.811629 
11.420124 -76.985517 37.297413 
11.699501 -77.835810 36.851375 
11.957962 -77.596577 35.915444 
11.110229 -77.760740 35.411063 
11.523376 -77.243298 34.661687 
11.115934 -77.966977 34.104659 
11.134662 -78.604881 33.334771 
11.737692 -79.353257 33.610976 
11.542735 -80.150381 34.182452 
12.541298 -80.178357 34.136744 
12.359538 -81.149853 33.984566 
12.217430 -81.446398 33.040179 
1.865225 -48.801285 -10.643109 
2.023581 -49.724992 -10.294270 
2.526559 -50.022697 -11.105680 
2.986689 -49.335201 -11.667489 
2.176156 -49.525756 -12.221316 
2.343596 -49.023274 -13.069536 
2.791587 -48.665816 -13.889003 
2.090644 -48.730128 -14.599315 
2.098098 -49.223949 -15.468847 
1.245666 -49.155584 -15.987196 
0.758018 -48.332440 -15.696279 
0.052319 -49.040735 -15.713781 
0.548810 -49.886035 -15.911175 
-0.357693 -49.755240 -16.312604 
-0.876799 -49.216386 -16.976053 
-0.014766 -48.765786 -17.208125 
0.907235 -48.593370 -16.861445 
1.782726 -48.143499 -17.037888 
1.735453 -49.142358 -17.044585 
2.308264 -49.112619 -17.863733 
3.226207 -49.271553 -17.500250 
3.410352 -49.658610 -18.403730 
3.346477 -50.295758 -19.171821 
4.008962 -50.854927 -18.673380 
5.008788 -50.844697 -18.657785 
5.688938 -50.193949 -18.995310 
5.643997 -49.195660 -18.957898 
5.425140 -48.295451 -19.334362 
4.572827 -48.804485 -19.454556 
3.988814 -48.836689 -18.643451 
4.177020 -48.581180 -17.695140 
4.670114 -49.434889 -17.862591 
5.217623 -49.222796 -17.053115 
4.566888 -49.978320 -16.977439 
4.419517 -49.926634 -15.989709 
4.015570 -50.152863 -15.103341 
4.269945 -50.731234 -14.328241 
3.682421 -50.105342 -13.815332 
2.708092 -50.142582 -14.037360 
2.055083 -50.811174 -14.393119 
2.589416 -51.046816 -13.581354 
1.685902 -50.658969 -13.399042 
0.709509 -50.511098 -13.241594 
0.264281 -49.760181 -12.753849 
0.748861 -49.225216 -12.061753 
-0.082805 -49.421387 -11.542282 
-0.811871 -49.617142 -10.886430 
-0.066394 -49.215104 -10.354800 
-0.766718 -49.749704 -9.881779 
-0.887370 -50.565692 -10.447117 
0.071539 -50.733102 -10.676178 
0.615891 -50.218784 -11.338868 
1.320125 -50.233914 -12.048675 
1.374155 -51.173691 -11.711184 
1.682302 -52.122508 -11.641962 
2.456303 -51.790170 -12.180918 
2.640967 -51.607015 -11.215333 
2.219051 -51.072118 -10.483299 
3.030270 -51.008869 -9.901988 
3.927078 -51.006533 -10.344400 
4.551448 -51.227397 -11.093654 
4.405917 -52.044767 -11.651083 
3.536668 -52.429617 -11.961401 
3.380261 -52.963396 -11.130367 
2.547362 -52.541759 -10.771896 
31.789825 12.702635 65.741091 
32.729961 13.019919 65.616694 
32.060450 13.685822 65.945826 
32.947621 13.668186 66.406930 
32.704344 14.169672 67.237188 
32.994017 15.013863 67.688222 
32.558210 15.648361 67.049877 
33.338434 15.953620 66.503922 
33.616482 15.396872 65.721157 
32.710288 15.711999 65.439186 
32.562311 16.072197 64.518121 
32.159203 16.727288 63.879091 
31.443777 16.339878 63.297646 
31.450230 17.158491 62.723336 
31.996166 17.701020 62.084888 
31.427741 18.377150 62.553654 
32.120936 19.093945 62.478247 
32.273053 19.728806 61.720743 
32.984252 19.157166 61.311568 
32.128560 18.801125 60.936033 
32.261184 18.365631 60.045665 
32.171637 18.092154 59.087964 
33.024829 17.877133 58.612747 
32.475586 17.519945 57.857268 
32.998072 17.167634 57.080811 
32.301056 16.477783 56.885170 
32.939631 16.473899 56.115619 
33.797102 16.558647 55.608115 
34.263966 16.733339 54.741212 
34.956379 16.609743 54.030376 
35.329624 17.247537 53.356650 
36.244651 16.844149 53.354877 
37.030396 16.455485 53.836068 
37.172160 17.444442 53.879275 
36.342405 17.993740 53.978159 
36.333619 18.669350 54.715366 
35.675568 18.642508 55.467861 
35.423222 17.675405 55.500007 
36.345890 17.948179 55.772546 
36.610722 17.080205 56.192646 
36.617000 16.589917 57.064184 
35.741697 17.072712 57.091621 
34.835221 17.478943 56.976393 
34.236552 18.180400 56.589671 
33.489997 18.576235 56.054910 
33.858213 19.230243 56.715736 
33.435032 19.860303 56.064627 
33.998512 20.667394 56.240960 
33.625879 21.590505 56.335885 
34.100171 21.560213 55.456038 
34.260879 22.544524 55.528874 
33.292371 22.661385 55.748728 
32.343262 22.454801 55.511000 
31.964401 21.535656 55.618878 
32.103081 20.942571 56.411984 
31.373692 20.269942 56.287234 
30.577425 19.705187 56.504052 
30.328540 20.527312 57.016073 
30.241757 20.456460 58.009778 
30.585925 21.371824 57.800834 
30.013087 22.155342 58.041577 
29.579632 21.308473 57.733471 
29.253596 21.938221 57.028406 
30.064710 22.103246 56.467281 
30.936546 21.691913 56.733188 
30.649322 21.466760 55.802163 
30.666586 21.384318 54.805716 
30.795836 21.622260 53.843075 
30.165314 20.870826 53.648679 
-4.919275 -0.380565 30.676291 
-4.895873 0.519918 30.242031 
-5.266257 1.229011 30.842033 
-5.579271 1.511703 31.748734 
-6.448423 1.838371 31.377435 
-7.265090 2.017119 30.828705 
-7.797868 1.306321 30.369450 
-8.742146 0.978096 30.344835 
-8.990526 0.308137 31.044450 
-8.254660 -0.351427 30.891232 
-8.600695 -1.165496 30.424808 
-8.511595 -1.139514 29.429124 
-7.587371 -1.420569 29.687614 
-7.345334 -1.500474 30.654585 
-6.598100 -1.461489 31.318001 
-5.969022 -2.016311 30.773545 
-6.301220 -2.012438 29.830344 
-6.831773 -1.638724 29.069521 
-5.939151 -1.496995 28.641573 
-5.085589 -1.175929 28.231270 
-5.500260 -1.446266 27.362383 
-5.322912 -1.327435 26.385435 
-5.873676 -1.484169 25.565622 
-6.518837 -1.191439 24.859876 
-5.924152 -1.879102 24.443378 
-5.616584 -2.632003 23.861535 
-6.118540 -3.254609 24.461870 
-5.600026 -3.942653 23.954191 
-5.688949 -4.465813 24.801774 
-6.088927 -5.159756 25.400489 
-5.864168 -5.834252 26.103723 
-6.340239 -6.001131 26.967151 
-6.217153 -6.758369 26.325714 
-5.467689 -7.122049 26.878923 
-5.176612 -7.296317 25.938229 
-4.774365 -7.913702 25.262186 
-5.748225 -8.040963 25.450343 
-6.661880 -7.987173 25.853257 
-7.534772 -8.436396 26.043673 
-8.392731 -8.621497 26.522885 
-9.052798 -9.330392 26.274331 
-8.672695 -8.870283 25.471946 
-9.428685 -9.071511 24.849060 
-9.984763 -8.876471 25.656981 
-10.574327 -8.215885 25.192180 
-10.787415 -7.978449 26.139923 
-9.917214 -7.636929 26.495051 
-9.497541 -6.924004 25.933257 
-8.543856 -6.912779 25.632659 
-8.063804 -7.190153 24.800425 
-8.146819 -6.265850 24.427903 
-9.101799 -6.185591 24.713512 
-9.306903 -6.554523 23.806968 
-10.196833 -6.609717 24.259714 
-10.958067 -7.194819 24.539319 
-11.892383 -7.108355 24.885117 
-12.630388 -6.529405 24.538467 
-12.743131 -7.522886 24.521626 
-12.834789 -8.511751 24.404383 
-13.498713 -8.007160 23.852483 
-13.944772 -7.830695 22.975049 
-14.725009 -7.323359 22.609205 
-15.675735 -7.213307 22.319362 
-15.606006 -6.317676 21.880064 
-18.914075 60.471715 -6.819109 
-18.388093 61.083956 -7.409451 
-17.520208 60.587572 -7.389979 
-17.449603 60.662914 -6.395324 
-16.567674 60.357026 -6.753978 
-16.778529 59.531828 -7.277990 
-17.528707 59.219748 -6.695033 
-17.796659 58.732685 -7.526280 
-18.383655 58.684615 -8.334441 
-18.904097 58.985417 -9.133602 
-19.165348 59.944234 -9.245042 
-19.571324 60.856503 -9.190754 
-19.878666 60.631880 -8.266046 
-19.907414 59.696966 -7.912338 
-19.927728 58.897819 -7.311545 
-20.326559 58.010859 -7.078663 
-20.125055 58.259161 -6.131170 
-20.426783 59.187041 -6.350257 
-21.262694 58.807387 -5.953878 
-22.062248 59.175837 -6.428175 
-22.051657 58.219166 -6.719153 
-22.086676 57.554785 -7.465726 
-22.588443 57.329138 -6.630673 
-23.023702 56.693784 -7.268541 
-22.503929 56.201090 -6.570624 
-23.137735 56.464818 -5.843480 
-23.001327 56.509052 -4.853815 
-23.703166 55.895071 -5.214992 
-22.894402 55.423631 -5.566623 
-23.699533 54.925703 -5.888852 
-24.345286 54.406734 -6.448919 
-25.218457 54.033102 -6.135915 
-24.780821 54.646989 -5.478938 
-24.297732 54.015090 -4.872861 
-24.072402 53.052421 -5.022844 
-23.119228 53.352498 -4.985263 
-22.441642 52.848574 -4.449598 
-22.617812 51.931806 -4.091129 
-23.179852 51.235208 -3.645189 
-22.187310 51.139274 -3.569980 
-22.427701 50.183688 -3.399489 
-22.914398 50.595239 -2.628936 
-22.881113 50.383709 -1.652131 
-23.495129 49.595327 -1.690040 
-22.910005 48.873657 -1.320146 
-23.501283 48.607870 -0.558734 
-24.388423 48.733829 -1.002712 
-24.292344 49.728229 -1.046744 
-23.721650 49.983082 -0.266131 
-24.070409 50.376698 0.584418 
-24.765264 50.299763 -0.130604 
-25.092537 49.560509 0.457950 
-25.500804 49.437519 1.362490 
-24.681572 49.027334 1.763248 
-24.189460 49.164149 2.622962 
-23.934215 48.830523 3.530455 
-23.232420 49.505083 3.759480 
-22.964082 48.806255 3.096431 
-22.857268 48.777475 2.102568 
-21.939461 48.851847 2.492568 
-22.047398 49.839954 2.602093 
-21.171498 50.316585 2.677071 
-21.202758 50.607620 1.720869 
-14.975375 30.735215 39.377091 
-14.711056 30.278131 38.527851 
-14.668746 29.635544 39.292894 
-14.388655 28.864373 38.721190 
-14.028122 28.632855 39.624747 
-13.343163 29.219033 39.192051 
-13.483739 29.095626 38.209703 
-13.943514 29.924188 37.890185 
-13.226980 30.021264 38.580950 
-13.427119 30.407673 39.481301 
-12.751886 30.766291 40.125858 
-13.172116 31.410566 40.764854 
-13.159963 31.817680 41.678151 
-13.626813 32.136003 42.503209 
-13.643784 33.110817 42.725581 
-13.098386 32.540596 43.339901 
-13.198934 33.309403 43.971428 
-14.086970 33.505746 43.555686 
-14.260791 32.585311 43.905809 
-14.124395 32.878971 44.851938 
-14.676308 33.712871 44.853422 
-15.360472 34.204701 45.391959 
-15.727630 33.743548 44.584164 
-16.571571 34.139452 44.222193 
-16.055515 34.634465 43.523159 
-15.414541 35.263846 43.083804 
-15.775274 35.730476 43.891348 
-15.482773 35.668355 44.845593 
-15.701946 36.262514 45.619504 
-15.278602 37.002318 46.142447 
-14.367379 37.389559 46.002031 
-14.867814 38.253446 45.944898 
-15.619785 37.802312 45.464254 
-15.336079 38.591790 44.919978 
-15.462184 39.254158 45.658468 
-16.210851 39.908645 45.552909 
-16.206195 40.120821 46.530129 
-16.554184 41.043188 46.697888 
-17.353766 41.285743 47.247284 
-17.473657 40.308451 47.422004 
-17.875897 39.702050 48.107919 
-17.990731 40.649334 48.407028 
-18.526041 41.476554 48.577760 
-19.467654 41.806510 48.510716 
-19.423934 42.594269 49.125147 
-19.094370 42.559607 50.068644 
-19.724082 43.133396 50.592312 
-20.026508 42.696045 51.439225 
-19.957141 42.025838 52.178152 
-19.539335 41.356842 52.792873 
-20.461801 41.129947 52.480502 
-20.318403 40.143289 52.557601 
-19.904929 40.208307 53.465792 
-19.719159 39.230730 53.564949 
-20.260695 38.532392 54.032991 
-21.037048 38.337785 53.433488 
-21.526904 39.209450 53.417976 
-21.962207 38.450500 52.933717 
-21.992660 39.328602 52.456214 
-22.041936 39.948447 51.673038 
-22.402185 40.881188 51.687717 
-22.081056 41.159939 50.782635 
-21.412307 41.564796 51.406225 
57.747125 -31.504285 24.031091 
58.232736 -31.262822 23.190926 
57.849943 -30.640691 22.507975 
57.266281 -30.988901 21.774430 
56.734680 -31.554386 21.143853 
56.616482 -32.460266 21.550560 
55.697838 -32.122427 21.755395 
56.236879 -31.456011 22.270491 
56.167371 -32.376767 22.654388 
55.533204 -33.002552 23.108509 
56.250747 -33.612767 23.444320 
56.783993 -34.433654 23.239886 
57.698600 -34.130538 23.507497 
58.361079 -33.948839 22.780787 
58.561285 -33.270168 23.487415 
58.797039 -32.877899 22.598289 
58.012011 -32.701958 22.004339 
58.034140 -33.333463 21.229283 
58.940610 -33.282130 20.810146 
59.398739 -32.460954 20.469868 
60.067478 -32.030213 21.075879 
60.016039 -33.026793 21.140559 
60.400706 -33.225208 22.042037 
61.234969 -33.554777 21.600007 
60.732368 -34.201487 21.026284 
60.917354 -33.598447 20.250318 
61.761204 -34.097335 20.052767 
62.218259 -34.980036 20.162037 
63.154005 -34.909274 19.816533 
63.109055 -34.035598 19.332105 
62.240386 -33.875115 18.863426 
62.104637 -32.905174 19.065384 
62.657429 -32.084980 18.918064 
62.935315 -31.872637 17.981213 
62.075171 -31.363296 17.954297 
61.124887 -31.601097 17.753271 
61.321884 -31.576646 16.773171 
61.646399 -30.691649 16.439302 
61.728770 -31.066204 15.515763 
61.174915 -31.176198 14.690447 
60.989044 -30.700137 13.830902 
61.617842 -30.353537 13.134855 
61.878407 -29.791233 12.350049 
62.113419 -29.139245 11.629160 
62.790132 -29.266937 12.354249 
63.388553 -29.261694 13.155414 
63.864921 -29.307193 12.277346 
64.203935 -30.239156 12.148843 
64.272820 -30.442213 11.172102 
65.150474 -30.011600 11.382567 
65.026930 -30.154520 10.400574 
64.475480 -29.955014 9.590574 
64.231962 -30.445975 8.754119 
63.423863 -30.774693 8.265325 
63.614140 -31.509029 7.613753 
63.802001 -32.189353 8.322180 
64.737376 -31.855127 8.206565 
64.412510 -32.099090 7.292812 
63.865222 -31.711851 6.550841 
63.386501 -31.920905 5.698126 
63.798324 -32.831194 5.740272 
63.783664 -33.618813 6.356261 
62.833843 -33.704271 6.055366 
62.253150 -33.239977 6.724117 
61.762681 -32.481162 6.295585 
61.715248 -31.655532 5.733371 
15.938425 50.438115 -45.594509 
15.887032 49.492470 -45.273396 
15.330950 48.663192 -45.328817 
14.625231 48.509150 -46.020360 
14.561486 47.859400 -46.777830 
13.704777 47.343774 -46.764467 
13.366464 47.600160 -45.859033 
12.556368 48.156710 -45.674651 
13.092519 48.926471 -45.328226 
12.305001 49.151758 -44.754587 
11.714651 49.887903 -45.085614 
12.535850 50.108933 -45.611711 
12.255503 49.788245 -46.516456 
13.066797 50.099910 -47.011094 
13.420331 49.770723 -47.886679 
13.572054 48.794857 -47.729627 
12.819399 48.249848 -47.360202 
11.879890 48.237027 -47.702486 
11.989514 47.246205 -47.781567 
11.101419 47.118859 -47.339899 
10.794252 46.182639 -47.510607 
9.853796 45.976290 -47.240491 
9.622778 45.680521 -48.167395 
10.265557 45.149702 -48.719723 
9.631636 44.443515 -48.404374 
10.471459 43.907947 -48.493062 
11.305059 43.718650 -47.974142 
11.862139 43.320173 -47.245529 
11.205179 42.745505 -46.757512 
10.439529 42.304720 -47.226008 
10.689604 42.898248 -47.990983 
10.673441 42.487498 -48.902588 
10.423888 41.687549 -48.356873 
11.385536 41.564962 -48.602243 
12.143351 42.088779 -48.991257 
12.883320 42.408734 -49.582927 
12.205222 42.385818 -50.317541 
12.044186 41.848772 -51.145580 
12.666777 41.084901 -51.315528 
12.924948 40.137467 -51.504514 
13.219905 39.345815 -50.969455 
14.091782 39.189097 -51.433427 
14.297693 38.854717 -52.353096 
14.182941 38.184323 -53.086174 
14.468358 39.110495 -53.332637 
14.147396 40.031572 -53.553091 
13.533985 40.113075 -52.767544 
12.535861 40.170607 -52.788503 
11.936796 39.586548 -53.336222 
11.703706 40.372776 -53.908512 
11.111793 39.993874 -54.619900 
10.859444 39.247109 -54.004544 
10.893752 39.283013 -53.005778 
11.238469 38.589131 -52.373562 
11.561564 38.306919 -53.276871 
-39.673075 25.840115 -23.226109 
-39.117060 26.654186 -23.058371 
-39.979800 26.972490 -22.665483 
-40.401476 27.356034 -23.487118 
-41.324212 27.741044 -23.469103 
-41.974212 28.500459 -23.441001 
-41.212785 28.711807 -22.828170 
-41.446688 29.669173 -22.658645 
-41.570171 30.560228 -22.221868 
-42.138708 31.129244 -22.815995 
-42.977333 30.584541 -22.813435 
-42.849412 29.862318 -23.493163 
-43.191486 29.199358 -24.159098 
-43.831854 28.928860 -24.877959 
-44.451873 28.897592 -24.093995 
-45.118021 29.355090 -24.683014 
-45.049835 30.042220 -25.406341 
-45.520677 30.814527 -25.832780 
-46.036227 31.575996 -26.225683 
-45.795085 31.978100 -27.108952 
-45.111344 31.374031 -27.518341 
-45.124504 30.439326 -27.163161 
-44.289783 30.249276 -26.646322 
-43.396561 30.566570 -26.327764 
-42.424209 30.335243 -26.359674 
-41.801734 29.992449 -27.063249 
-40.892065 29.653823 -27.303735 
-40.891274 29.613501 -26.304549 
-40.104858 29.183368 -25.861226 
-40.066252 30.094968 -25.451966 
-39.538012 29.394564 -24.971971 
-38.838119 29.562381 -25.666225 
-38.991042 28.821468 -26.320184 
-39.189036 28.024499 -25.749537 
-40.093367 27.686320 -26.009964 
-40.687083 27.039529 -25.531254 
-41.077617 27.836383 -25.070270 
-41.479803 27.032789 -24.631541 
-40.716534 26.403589 -24.484815 
-40.309571 25.493805 -24.566503 
-39.530236 26.117636 -24.625421 
-38.932848 25.328046 -24.765690 
-39.133243 25.195201 -23.795024 
-39.692804 24.537123 -23.291213 
-38.806613 24.476844 -22.831831 
-38.821616 24.071268 -21.917893 
-39.552517 23.518341 -21.517825 
-39.461527 23.378856 -22.503860 
-39.132523 23.041263 -23.385782 
-39.343193 22.190473 -23.867211 
-38.361522 22.259611 -23.689613 
-38.389821 22.286545 -24.688850 
-49.603575 -6.756085 -4.184409 
-49.016339 -6.240542 -3.560415 
-48.213984 -5.827681 -3.129400 
-48.330608 -6.092909 -2.172294 
-47.371760 -6.068129 -1.889457 
-46.676396 -5.635615 -2.463392 
-46.384510 -5.589330 -3.418724 
-46.354515 -6.393571 -4.012270 
-46.560660 -7.181539 -3.432089 
-46.753390 -8.125721 -3.164928 
-47.173189 -7.832533 -2.305970 
-46.522042 -8.257145 -1.676913 
-46.645357 -9.162576 -1.270726 
-45.770713 -8.887848 -0.871323 
-45.075129 -9.312695 -1.450692 
-44.652134 -8.891669 -0.648313 
-43.905928 -9.503451 -0.910800 
-43.229020 -9.936848 -1.505748 
-42.719354 -10.296353 -2.287411 
-42.076440 -9.860626 -1.657488 
-41.160537 -10.256053 -1.588491 
-41.304639 -10.611347 -2.512072 
-41.403993 -11.423158 -3.087478 
-40.797481 -11.438969 -3.882395 
-40.310273 -11.974608 -4.572120 
-40.450526 -12.963430 -4.521531 
-40.702890 -13.357806 -3.637914 
-41.361857 -14.038441 -3.317760 
-42.202989 -13.504367 -3.232537 
-43.086474 -13.377085 -2.781702 
-43.572114 -13.606780 -1.938260 
-42.811585 -13.441015 -1.310472 
-42.063112 -13.991001 -1.681018 
-41.465862 -14.738043 -1.972943 
-41.836785 -15.513896 -2.483304 
-42.268293 -14.629223 -2.659810 
-43.140566 -15.008450 -2.968559 
-43.372577 -15.710338 -2.295117 
-44.134778 -15.233512 -1.857297 
-44.430088 -15.122693 -0.908344 
-43.660480 -14.625185 -0.508109 
-42.717537 -14.909740 -0.680988 
-43.029907 -15.017767 -1.624787 
-42.666543 -15.894494 -1.309642 
-41.765901 -16.253823 -1.554035 
-42.192272 -17.094671 -1.887475 
-41.332243 -16.898637 -2.358560 
-40.639286 -16.732057 -1.657089 
-40.193670 -16.137657 -2.326502 
-39.434373 -16.788241 -2.341009 
42.136525 37.773315 12.367791 
41.298006 37.963052 12.878561 
41.598220 38.804670 12.429618 
41.633668 39.657983 11.909425 
41.232786 39.858929 12.803244 
41.499848 40.591081 13.429847 
42.156429 39.907061 13.747680 
41.181020 39.694214 13.804897 
41.772116 38.888152 13.775415 
42.308366 38.171859 13.328917 
42.895925 37.367559 13.417662 
43.631948 36.977004 13.970596 
42.855601 36.485902 14.365694 
42.368309 36.067765 13.599073 
42.485302 35.346864 12.915982 
42.078031 34.870884 13.695452 
41.772930 35.564808 14.347667 
41.510743 35.608074 15.311713 
40.537572 35.810994 15.203262 
40.853702 36.692529 14.852610 
40.454607 36.839551 13.947564 
39.565888 36.750125 14.397209 
39.420615 35.799512 14.122926 
39.202512 35.649615 13.158581 
38.561350 36.121101 12.553095 
37.992292 35.347147 12.275302 
37.683099 34.480224 12.666255 
38.063144 33.726225 13.202026 
38.387678 33.313100 12.351141 
38.582708 32.445515 11.893691 
38.397572 33.110586 11.170223 
38.523546 34.083076 10.974281 
39.285581 34.527144 10.503000 
39.239244 35.519297 10.619126 
39.398091 35.147837 9.704367 
40.359901 35.052175 9.447911 
41.069604 34.915532 10.139033 
41.504526 34.126529 9.705079 
41.131481 33.282092 10.089479 
41.121568 33.037566 11.059071 
41.813675 32.443016 10.649805 
41.526868 31.496814 10.499994 
40.643847 31.678438 10.932759 
40.517099 30.706137 11.129144 
39.630525 31.033186 10.801997 
38.959672 30.407569 11.200190 
38.110801 30.258246 10.693118 
37.441494 30.870161 11.114531 
82.704225 24.514215 45.949091 
82.086221 24.074574 46.600849 
82.849670 24.627880 46.934013 
82.792815 24.908859 47.892041 
83.341267 25.526876 48.455295 
83.331842 26.417548 48.000745 
82.463447 26.707361 47.598378 
81.712740 27.284292 47.276527 
81.655421 27.891414 48.069065 
80.731102 28.272631 48.051518 
81.035724 29.102228 47.583572 
81.251127 28.600783 46.745625 
80.588576 28.610246 45.996668 
79.623082 28.828639 45.854803 
79.341759 29.377887 46.641686 
80.259737 29.773549 46.669396 
79.989836 30.359441 47.433519 
80.583840 31.156700 47.326106 
80.338889 30.867263 48.251431 
80.784686 30.084453 48.685565 
81.687050 29.700313 48.490178 
82.453551 29.608477 49.125822 
82.321639 28.864955 48.470250 
83.113483 28.264017 48.579141 
83.829386 28.604591 49.188643 
84.461412 27.832623 49.256530 
84.817925 26.924821 49.477426 
85.469820 26.184499 49.641610 
85.838051 25.254773 49.637894 
86.691357 25.121584 49.133782 
87.312402 24.790632 48.423307 
87.389849 24.417446 47.498789 
33.753725 64.870415 21.957391 
34.117491 63.957515 22.142563 
33.366469 63.941381 21.482483 
33.160439 63.932256 22.460986 
33.505746 63.004467 22.602308 
34.004691 62.137942 22.616011 
34.853512 61.948525 23.109593 
35.545198 61.235898 23.226778 
35.084113 60.836195 22.434542 
34.752130 60.189241 23.121009 
34.521150 59.216684 23.148984 
33.861712 58.930939 22.453649 
34.168826 57.983089 22.368438 
34.480120 58.474028 21.554758 
34.164517 58.310094 20.620135 
33.423889 58.673365 21.185381 
32.613981 58.223510 21.561786 
31.963475 58.497238 20.853327 
31.212079 57.928148 21.187304 
31.492134 56.984473 21.011106 
31.589184 56.108504 20.538602 
31.600808 56.869770 19.890267 
32.397472 57.370227 20.229192 
32.777981 57.539565 19.320051 
33.525854 56.875762 19.312848 
32.846950 56.452739 18.712731 
33.222688 56.961035 17.937840 
33.610054 56.595303 17.091561 
34.206721 57.376418 17.275538 
34.363921 56.965558 18.173582 
34.650488 57.639731 18.854296 
34.854007 58.223420 19.640353 
34.588026 57.402893 20.146306 
34.616145 57.261952 21.135925 
34.126071 56.391061 21.098827 
34.548870 55.952921 21.892095 
34.215667 55.825482 22.826298 
33.742968 55.857704 23.706933 
32.824635 56.235997 23.823379 
32.799347 55.525436 24.526560 
32.161003 55.927073 25.183222 
31.702817 55.049608 25.325075 
30.718699 55.189083 25.434888 
30.095029 55.751316 25.977964 
30.629895 55.418016 26.754386 
30.773935 54.586672 27.291154 
30.539303 55.415970 27.798315 
30.556574 55.312638 28.792812 
30.079056 55.150302 29.656307 
30.387283 55.533353 30.527093 
30.999355 56.290215 30.756281 
31.538557 56.207976 31.594432 
31.497818 57.142440 31.948153 
31.694730 57.078356 30.969828 
32.205222 57.935023 31.044121 
32.249758 58.681756 31.707752 
31.941860 59.255895 30.949094 
32.498681 59.765251 30.292963 
31.617691 60.238383 30.294582 
32.419926 60.779652 30.546470 
31.893616 61.232218 29.826621 
31.345185 61.312462 30.658958 
30.810804 61.901034 30.052310 
30.163062 61.763709 29.302929 
30.145003 60.820685 28.970695 
30.752995 61.295175 28.334138 
31.463258 61.796956 27.840436 
31.643525 60.819423 27.731198 
31.722630 60.755862 26.736360 
31.300739 59.973441 26.278293 
30.576906 60.525666 25.864636 
30.823915 59.757676 25.273723 
29.876446 59.475286 25.423917 
29.880151 59.277231 26.404101 
29.278994 58.861130 27.086355 
28.891726 59.708890 27.448744 
29.566727 60.203163 27.996529 
29.333355 61.077076 28.422925 
28.342968 61.196648 28.492472 
27.836371 61.857077 29.046721 
27.842918 61.423314 29.947724 
28.393753 61.006108 30.670580 
29.376892 60.826405 30.636764 
28.973561 60.043979 30.162282 
29.178901 59.376983 29.446075 
29.770650 58.959754 28.756327 
30.596122 59.244765 28.269127 
30.862254 60.203396 28.370132 
31.785454 60.413231 28.692111 
32.571720 59.822774 28.874172 
