Snapshot 0 0.000000
-19.609193 16.024655 36.502007 
-20.018935 15.843760 35.607921 
-20.286573 15.642812 34.665589 
-19.647631 16.265847 34.214388 
-19.227667 16.843162 34.914629 
-18.997321 15.959441 35.322033 
-18.131093 16.232082 35.740740 
-17.871012 15.561225 36.435224 
-17.979485 15.461234 37.424282 
-18.745360 15.506251 38.065694 
-18.398832 16.418555 38.283913 
-18.657490 16.444713 39.249528 
-18.075184 15.673307 38.992911 
-18.605541 14.879008 39.289240 
-18.952421 14.947734 40.224628 
-18.209278 15.610476 40.132370 
-18.039365 15.477200 41.108775 
-17.105438 15.514760 40.753289 
-16.921354 15.545469 39.770858 
-16.245266 16.249177 39.989260 
-15.688949 15.545087 39.547934 
-16.048382 15.278404 38.653681 
-16.251308 14.620939 39.379326 
-17.232959 14.540445 39.552188 
-18.005541 14.013866 39.906917 
-17.356669 13.397966 40.353719 
-17.936887 13.244620 41.153614 
-17.565337 14.025080 41.656439 
-16.969059 13.222411 41.669717 
-16.848336 12.309061 41.280851 
-16.340202 12.273210 40.420319 
-15.800325 12.625430 39.655811 
-15.095434 12.976448 40.272183 
-15.438163 12.335258 40.958778 
-14.748422 11.676825 41.259981 
-15.493898 11.681857 41.926494 
-16.108861 12.466487 42.005087 
-16.147345 13.273192 42.594787 
-15.404911 12.692760 42.929289 
-14.622156 12.613601 43.546564 
-15.197693 11.800845 43.456097 
-14.602414 11.421770 42.747616 
-13.787744 11.313732 42.177843 
-13.760503 10.330930 41.995200 
-14.388185 9.626039 41.664832 
-14.196823 8.746546 41.229087 
-15.046760 8.359029 41.586071 
-15.748604 7.918738 41.026107 
-16.186169 7.343077 40.335346 
-15.384158 7.556350 39.777410 
-15.581597 7.758543 38.818173 
-15.645528 7.600525 37.832808 
-16.480501 7.124558 38.108990 
-15.606021 6.703771 38.350285 
-15.425772 6.552982 37.378291 
-15.294817 5.670573 37.830179 
-15.165063 4.731044 37.513243 
-15.384647 3.843045 37.109212 
-14.648834 3.998291 36.450063 
-14.320967 4.016707 35.505519 
-13.715471 4.738577 35.840597 
-14.321701 5.008434 35.092491 
-14.261694 5.986739 35.290784 
-15.161978 6.421905 35.279843 
-15.634546 6.355384 36.158623 
-15.215222 5.497058 35.862914 
-16.189775 5.315578 35.731343 
-17.115343 4.948035 35.640583 
-17.209566 5.371768 34.739710 
-17.555470 6.287556 34.535546 
-17.097623 7.160066 34.364955 
-16.477497 6.406387 34.147217 
-16.400336 6.507775 33.155366 
-16.223311 7.001377 32.303886 
-16.080753 6.641833 31.381711 
-15.376329 7.308121 31.626350 
-14.709564 7.235149 30.884663 
-15.552937 7.303591 30.351711 
-16.234046 7.720804 29.750027 
-17.033131 7.120732 29.787132 
-17.801664 6.481354 29.810609 
-18.349072 7.300640 29.981239 
-18.799392 6.993871 29.142726 
-18.665307 7.947280 28.872479 
-17.719228 8.084721 28.579146 
-18.377415 8.729014 28.189689 
-19.230108 8.741682 27.667429 
-19.594188 8.463836 26.778471 
-19.802444 9.370697 26.412094 
-20.508887 9.667215 25.769432 
-21.322221 9.749563 25.193492 
-22.265963 9.558922 25.463688 
-21.942749 10.260298 26.098987 
-21.481143 9.405195 26.335037 
-21.114545 8.482812 26.456748 
-21.797761 8.238689 25.768548 
-22.442051 7.497070 25.955341 
-22.450922 6.499000 26.016815 
-22.768150 6.502538 25.068473 
-22.288496 6.097903 24.289883 
-21.719326 5.277868 24.229982 
-21.245013 4.861489 23.454317 
26.825007 -9.892905 -49.474493 
25.916201 -9.951602 -49.887564 
25.355004 -9.830621 -50.706357 
25.476800 -10.420739 -51.504434 
26.347610 -10.436414 -51.995803 
26.218127 -10.118897 -52.935173 
26.305196 -11.111001 -52.844898 
25.330045 -11.095473 -52.623903 
25.189034 -11.908416 -53.188916 
24.217585 -11.871707 -53.423309 
23.939910 -11.198737 -54.108880 
23.208910 -10.520843 -54.186976 
23.732730 -10.050408 -54.897120 
23.801379 -9.079137 -54.669263 
24.800208 -9.099649 -54.713080 
25.159385 -9.922906 -55.152671 
25.617819 -10.765572 -54.870269 
25.242237 -10.480937 -53.988271 
24.444625 -9.916245 -54.200254 
23.667405 -9.546428 -53.691170 
23.034354 -8.859177 -53.334895 
24.005493 -8.621490 -53.354745 
24.948294 -8.354164 -53.155589 
25.710194 -7.941936 -53.655164 
26.664624 -7.737090 -53.872197 
26.466369 -6.759424 -53.802457 
25.679207 -6.220907 -53.501832 
25.796109 -5.332807 -53.057295 
26.219890 -5.406823 -52.154560 
26.948534 -5.820232 -52.700610 
27.022210 -6.808333 -52.565605 
27.725852 -7.199497 -53.158799 
28.051376 -6.515940 -52.505512 
28.740952 -7.008375 -53.036542 
28.710507 -7.709460 -52.324114 
29.275269 -8.220779 -51.676351 
28.796781 -8.722621 -50.955793 
29.667176 -9.183864 -50.783550 
30.285362 -9.406053 -51.537525 
30.628558 -8.487066 -51.731638 
30.230945 -8.133638 -50.884883 
30.232581 -7.215440 -50.488765 
29.916533 -6.297848 -50.729884 
30.682133 -5.951481 -51.271997 
31.375376 -6.155229 -50.580694 
31.494150 -7.143896 -50.672506 
32.049490 -7.902977 -50.332810 
32.635493 -7.093433 -50.367986 
32.659053 -6.360776 -51.048177 
32.115603 -6.471118 -51.880335 
33.113577 -6.484056 -51.942621 
33.391168 -7.215700 -52.565229 
32.867790 -8.065111 -52.497579 
32.747793 -8.379539 -53.439246 
32.368120 -9.300746 -53.354244 
33.151288 -9.718688 -53.814650 
33.424677 -9.247866 -52.975850 
34.276191 -9.769565 -52.923363 
34.911931 -9.517541 -52.193761 
35.819887 -9.909127 -52.044509 
36.310175 -10.742750 -51.790166 
35.888277 -10.646725 -50.888623 
35.708227 -11.552499 -51.272232 
36.246919 -12.357699 -51.024311 
36.926289 -12.610752 -50.335529 
36.451970 -12.092347 -49.623997 
35.552338 -11.903576 -50.017732 
35.075188 -11.119337 -50.414338 
34.898091 -10.503435 -49.646678 
34.060980 -10.327263 -49.128790 
34.879185 -9.960057 -48.686411 
35.542550 -9.553913 -49.314896 
35.051530 -8.839019 -49.812717 
36.048914 -8.794030 -49.869295 
35.959849 -9.618496 -50.428154 
36.607788 -9.402722 -51.158644 
37.373509 -9.008351 -50.650566 
37.012184 -9.111730 -49.723874 
37.084530 -9.981895 -49.236453 
36.931241 -10.139753 -48.260962 
37.456698 -10.350181 -47.436575 
36.897235 -10.619175 -46.652583 
36.199019 -10.629887 -47.368389 
35.684870 -9.785395 -47.218443 
35.724532 -10.348403 -46.392944 
36.160499 -10.178541 -45.509157 
36.395014 -9.359169 -46.032255 
36.601594 -8.415678 -46.291389 
36.453818 -8.627920 -45.325410 
37.268357 -8.878300 -44.802116 
36.619732 -8.594397 -44.095940 
36.858038 -9.415004 -43.576503 
37.848071 -9.555231 -43.589570 
38.413302 -9.026869 -44.223090 
37.802253 -8.269644 -43.992375 
13.165307 -5.234945 -2.774593 
12.993886 -5.358046 -3.752070 
13.863170 -4.865947 -3.798807 
13.582382 -4.127827 -3.185343 
13.078684 -3.958071 -4.032380 
13.614831 -3.407243 -4.672017 
13.957581 -2.961129 -5.498760 
13.887716 -1.989485 -5.272868 
13.689221 -1.013150 -5.187020 
14.309939 -1.405058 -4.507963 
14.942352 -1.190070 -5.252164 
15.235624 -0.327826 -5.665114 
14.757518 0.521411 -5.889190 
15.110741 1.428977 -5.662130 
14.694666 1.773978 -4.820788 
13.933659 1.757045 -4.172267 
14.090481 1.240114 -3.330727 
14.951503 0.803124 -3.070571 
14.661189 0.804552 -2.113641 
14.045520 0.929261 -1.335567 
14.136004 -0.059749 -1.218638 
15.052379 -0.281916 -1.551654 
14.613622 -1.141040 -1.815091 
14.380641 -0.480700 -2.529004 
14.382615 0.031400 -3.387927 
14.906855 0.063644 -4.238886 
15.341314 0.886865 -4.604335 
16.106726 1.448731 -4.918105 
16.668238 2.091441 -4.396926 
17.667850 2.114228 -4.380891 
17.868298 1.808924 -5.311810 
17.486823 2.720089 -5.156068 
17.706010 3.573952 -4.683972 
17.507374 4.550183 -4.597279 
17.862939 4.242468 -5.479823 
17.569930 4.272240 -6.435469 
17.247182 4.478389 -7.359231 
17.377666 5.089981 -8.139571 
16.618415 4.569461 -8.530209 
16.693948 5.256197 -9.253181 
17.687242 5.269500 -9.368035 
17.930255 4.400906 -9.799877 
17.597103 3.822686 -9.055114 
18.365252 3.223428 -8.829643 
18.737673 3.834360 -9.528260 
19.046222 4.183371 -10.413126 
19.494103 5.035343 -10.684321 
20.061558 5.442703 -9.968742 
19.989687 4.850993 -9.165802 
20.013236 4.022021 -9.724595 
20.541193 4.169955 -10.560883 
19.823487 3.975761 -11.229603 
19.916497 3.161799 -10.656179 
19.644247 2.718281 -11.510095 
19.346431 2.975504 -12.429411 
19.814102 2.857614 -13.305416 
20.596515 2.712811 -12.699725 
21.281293 2.861064 -11.986213 
21.964600 2.643955 -12.683318 
22.794614 2.848640 -13.202145 
21.931216 2.897047 -13.704341 
21.410100 3.333220 -14.437957 
21.354160 3.457415 -15.428636 
20.659389 3.810037 -16.055493 
20.350278 3.552246 -16.970914 
20.063945 2.597399 -16.891659 
19.567573 1.731321 -16.832306 
19.649406 1.161960 -16.014302 
20.300828 0.602172 -16.526442 
20.495670 0.555069 -15.546739 
20.655501 0.795946 -14.589435 
19.716510 0.492759 -14.427038 
19.114260 0.047672 -13.764322 
18.931481 -0.534711 -12.972222 
18.435342 -0.143331 -12.197194 
17.930280 0.712262 -12.310648 
17.338180 -0.068482 -12.111008 
16.923723 0.640839 -12.681174 
16.964599 1.275144 -13.453175 
16.278982 1.691762 -12.856216 
16.919318 2.447042 -12.716499 
17.895187 2.268901 -12.842780 
18.137178 1.391006 -13.255987 
18.527849 1.738568 -14.108382 
12.810607 44.708455 -15.204233 
13.232991 45.321271 -15.872102 
13.739487 45.332390 -15.009931 
13.705057 46.023375 -14.287883 
12.751394 46.273141 -14.455643 
12.679870 46.708503 -15.353053 
13.403485 47.214719 -14.883876 
13.829743 47.552189 -14.044580 
13.396043 46.766990 -13.602577 
14.017034 46.068498 -13.246940 
14.889752 45.652915 -13.503171 
14.347238 44.846388 -13.738101 
14.779028 43.980760 -13.991568 
15.711733 43.969165 -13.631112 
15.379247 43.104501 -13.254537 
14.445713 42.916656 -13.559870 
14.279691 42.028152 -13.132088 
13.366759 41.740509 -13.421599 
13.817688 41.107978 -12.791864 
13.125286 40.829534 -12.126245 
13.463029 40.233881 -11.397461 
13.862672 41.142983 -11.279912 
13.880892 42.129752 -11.441018 
13.077930 42.617218 -11.098048 
12.608445 41.762729 -10.875713 
12.555810 41.691548 -9.879640 
12.513254 42.659146 -9.630758 
13.394509 42.445882 -9.208967 
13.516501 43.250262 -9.790422 
12.741017 43.870532 -9.672559 
11.763688 44.054446 -9.567662 
11.776512 44.337489 -8.608641 
11.580899 45.315303 -8.683584 
12.288731 46.010236 -8.556931 
13.164100 46.103597 -9.031287 
13.339841 45.699367 -8.133672 
12.849944 44.827956 -8.159058 
13.443762 44.748565 -7.358386 
14.368590 45.094751 -7.200749 
14.446943 45.182755 -8.193783 
14.882765 45.310614 -9.084687 
15.517714 45.324002 -8.312249 
15.032567 45.818218 -7.590873 
15.967424 45.553527 -7.354273 
16.657274 46.238369 -7.119541 
17.115685 46.899192 -7.713824 
16.431827 47.311110 -8.316039 
16.072074 46.401444 -8.108470 
15.337575 46.783917 -8.669028 
16.023849 46.520935 -9.347163 
15.193565 46.521590 -9.904503 
15.200155 47.229456 -10.610819 
14.816902 47.735869 -11.383259 
13.931844 47.955758 -11.793528 
14.336372 48.683212 -12.347756 
14.654643 48.736970 -11.401281 
15.086898 49.589189 -11.106530 
14.236941 49.935888 -10.709828 
14.698329 49.798318 -9.833360 
14.807504 48.998875 -9.242621 
15.249770 48.105423 -9.164242 
16.182897 47.803931 -9.360140 
17.162770 47.982576 -9.271061 
17.352350 47.788836 -10.233622 
16.922644 47.424407 -11.059785 
17.761815 46.906779 -11.226680 
17.465056 47.357263 -12.068700 
16.484544 47.300605 -12.256811 
16.827769 47.059993 -13.164722 
16.638355 48.026669 -12.992498 
16.459230 48.039620 -13.976239 
16.948449 48.423004 -14.759617 
17.876209 48.710206 -14.997895 
18.392358 48.352492 -15.776118 
17.958980 48.306484 -16.676156 
17.147933 48.864821 -16.850692 
16.551862 49.635874 -16.626690 
16.144464 49.011015 -17.292707 
16.631110 49.737522 -17.777848 
15.999631 50.352396 -18.250251 
15.659975 50.061014 -19.144527 
14.689171 50.294828 -19.198096 
-18.991793 72.868055 30.562207 
-19.422464 72.903960 31.464001 
-19.732715 73.560907 32.151144 
-20.439560 73.180801 32.747710 
-20.989470 73.210524 33.582405 
-20.160195 72.653890 33.632031 
-19.357164 72.122373 33.362533 
-18.789056 71.467458 32.864195 
-18.163995 71.009494 32.232082 
-18.920404 71.119628 31.587323 
-19.176315 70.289012 32.081881 
-18.321862 69.825263 31.847688 
-18.330658 69.066925 32.499490 
-17.926154 69.704543 33.155097 
-18.268919 69.315243 34.010058 
-18.114865 70.303303 34.007709 
-18.249986 71.027168 34.684290 
-19.193449 70.718646 34.563081 
-18.918504 69.872862 35.020306 
-18.249873 69.229623 35.393369 
-18.972247 68.538463 35.415149 
-18.273067 68.386892 34.716455 
-18.434865 67.402664 34.787985 
-19.418818 67.574004 34.738193 
-20.343469 67.801296 34.432647 
-20.744836 67.267844 33.688111 
-20.738337 68.262726 33.587282 
-20.866682 69.193147 33.930565 
-20.108206 69.080389 34.572437 
-19.908232 69.145208 33.594782 
-19.435597 70.003208 33.393653 
-20.081082 70.494633 33.978333 
-21.078051 70.416834 33.977747 
-21.257954 71.387494 33.818205 
-21.717121 71.110000 34.662103 
-21.539264 72.090985 34.584412 
-21.736338 71.750511 35.503781 
-21.227563 71.158262 36.128592 
-21.154365 71.826461 36.868966 
-20.174696 72.001325 36.770626 
-20.690192 72.835160 36.573184 
-20.770283 72.944554 35.582418 
-20.971265 73.164411 34.627814 
-21.715330 73.114085 35.294023 
-21.204946 73.973831 35.275456 
-21.349205 74.638484 36.008549 
-21.883568 73.872614 36.366179 
-21.341794 73.480807 37.109796 
-22.096534 73.275085 37.732730 
-22.947201 72.754898 37.808694 
-22.876540 72.089048 38.551426 
-23.791102 71.790739 38.278318 
-24.663476 72.175574 37.976881 
-25.045140 72.178060 38.901179 
-25.811234 72.185835 38.258497 
-25.710220 71.192026 38.304740 
-26.298280 70.572384 38.824576 
-25.937325 69.954533 39.523126 
-25.857534 68.996847 39.799661 
-25.939229 68.359916 39.033082 
-26.538663 68.283497 38.236314 
-25.919864 68.939328 37.803909 
-26.879429 69.125044 37.592378 
-27.151583 68.393614 36.967125 
-27.304747 67.789280 36.185255 
-27.206344 66.800157 36.075927 
-28.123882 66.423160 35.949448 
-28.023385 65.883008 35.113902 
-27.668280 66.671421 34.611601 
-28.536899 67.096480 34.356995 
-29.493672 67.233527 34.100472 
-29.487173 68.091458 33.586750 
-30.447149 68.369246 33.622538 
-30.396429 67.888916 34.498158 
-31.136206 67.920355 35.170276 
-31.356207 68.754951 34.665253 
-31.352932 69.580507 35.229564 
-31.850190 69.594636 36.097052 
-31.174112 69.120071 36.660706 
-31.575511 68.301256 37.071098 
-47.670053 22.792055 24.719407 
-47.726318 22.671512 23.728294 
-46.795884 22.629327 23.364273 
-47.272329 21.764055 23.520171 
-47.196562 21.708398 22.524600 
-47.525506 22.192642 21.713858 
-46.900143 21.503017 21.348702 
-47.020736 20.513101 21.423018 
-47.792328 20.937707 21.896679 
-48.393574 20.849832 22.690896 
-48.326279 19.917312 22.336104 
-48.052004 19.905201 23.297679 
-48.266513 18.985098 22.969963 
-49.246667 18.935521 23.161899 
-49.001377 19.459573 23.977498 
-49.240536 18.870959 24.749726 
-50.234003 18.939611 24.840886 
-50.970265 19.528957 25.173435 
-51.036825 20.392554 24.673664 
-51.620116 19.867354 24.054038 
-51.937975 19.566626 23.154856 
-51.884202 20.557215 23.280722 
-52.566787 20.937485 22.656644 
-52.109955 20.518380 21.872006 
-52.157487 21.153058 21.100693 
-51.280547 21.333553 20.655275 
-51.007364 21.705574 19.768160 
-50.589670 21.608663 18.864756 
-51.258489 21.157343 18.274000 
-50.499792 21.592076 17.788834 
-50.952257 21.409704 16.915899 
-51.221618 21.776282 16.025356 
-50.781336 22.566208 16.452170 
-50.065215 21.974118 16.082577 
-50.443861 22.129718 15.170209 
-49.639433 21.551041 15.035937 
-49.684681 21.436166 14.043589 
-49.069197 20.649596 13.993712 
-49.910104 20.422962 14.485150 
-50.819912 20.008290 14.502358 
-50.330156 19.819589 13.651165 
-49.806913 19.346533 12.942338 
-48.856522 19.635978 12.828412 
-47.925940 19.316027 13.006311 
-47.659989 18.448568 12.585855 
-47.207137 17.665757 12.159085 
-46.675321 18.309812 12.708961 
-45.838311 17.959802 12.288358 
-45.237635 17.251465 11.917618 
-45.117326 16.304660 12.216090 
-45.386179 16.870741 12.995366 
-45.465848 17.050926 13.975767 
-46.196635 16.984040 14.655088 
-46.835418 16.231264 14.814100 
-47.816877 16.422790 14.821610 
-47.757893 15.571343 14.300496 
-46.852160 15.174484 14.151664 
-46.160509 15.076984 14.867285 
-45.239774 14.925974 15.227066 
-45.291805 15.806202 15.698756 
-45.998014 16.477745 15.923028 
-46.641206 17.170391 15.596613 
-47.185980 17.665426 16.273489 
-47.157073 18.410890 16.939408 
-46.692906 19.062142 17.539758 
-47.322520 19.832796 17.441371 
-47.176143 20.623267 16.846620 
-47.424485 19.924140 16.176136 
-48.238007 20.038522 16.746309 
-49.057238 19.552208 16.442401 
-49.773868 20.200014 16.700835 
-50.407460 19.436223 16.824059 
-50.771121 20.364915 16.896727 
-51.428491 19.840741 17.438119 
-51.810148 20.415170 16.713986 
-52.756875 20.249662 16.990239 
-53.061085 19.301128 16.902262 
-53.181622 18.311625 16.822556 
-2.654693 64.239155 -2.547893 
-3.359793 63.546763 -2.394831 
-3.051734 62.737329 -1.894914 
-3.150983 61.807290 -2.248718 
-2.898645 61.719613 -3.212377 
-3.861679 61.984055 -3.263732 
-4.243874 61.671894 -4.133492 
-5.175718 61.547436 -3.792645 
-5.096233 60.626195 -4.173430 
-5.483146 60.731714 -3.257371 
-6.143018 60.358759 -3.909654 
-7.079515 60.088910 -3.685703 
-7.386555 60.005373 -4.633727 
-7.179952 60.911504 -4.264618 
-7.443042 61.621744 -3.611669 
-6.909102 62.204344 -2.998901 
-5.988364 62.504389 -2.749473 
-5.941588 63.062371 -3.578007 
-5.342672 62.645014 -4.261463 
-5.192696 63.363725 -4.940404 
-5.000334 64.101800 -5.587121 
-5.092199 64.839051 -4.917778 
-4.902361 65.132583 -3.980868 
-4.691546 64.296055 -3.475123 
-4.279294 64.038572 -2.601194 
-5.164415 64.211545 -2.169173 
-4.585225 64.936353 -1.796087 
-4.608732 65.149777 -0.819411 
-4.132709 66.011347 -0.995761 
-3.728556 66.260925 -1.875744 
-3.250367 65.388134 -1.777906 
-3.412831 64.983600 -0.877930 
-3.786932 65.306770 -0.008671 
-2.984582 64.817982 0.333849 
-2.276386 64.398343 -0.233920 
-1.500767 65.010400 -0.388196 
-0.972601 65.859487 -0.378612 
-0.024439 66.141144 -0.525785 
-0.577781 66.801165 -1.033903 
0.366387 67.101757 -1.168782 
0.970038 67.516275 -0.487767 
1.179380 67.941248 -1.368434 
2.075309 68.040185 -1.801473 
2.191800 67.565127 -2.673683 
1.250033 67.897328 -2.725813 
1.725691 68.772978 -2.642219 
1.865822 68.253910 -3.485387 
1.072377 68.147524 -4.084659 
0.984992 68.786774 -4.848677 
0.827361 67.827385 -5.082611 
0.325285 68.476714 -5.653830 
-0.472875 67.885704 -5.537003 
0.347389 67.483423 -5.943620 
1.175390 67.022539 -5.624246 
1.973814 67.622309 -5.571384 
1.621385 68.478952 -5.948155 
2.611915 68.465315 -6.084771 
2.506275 67.692307 -6.710310 
3.426630 67.696639 -6.319249 
3.572871 68.518139 -6.870385 
2.750765 69.005017 -7.165498 
3.120554 69.633829 -6.481501 
3.537126 70.283464 -7.117458 
3.749465 70.946770 -6.399867 
3.278042 71.098493 -5.531109 
2.512678 71.723571 -5.684393 
2.759470 71.952101 -4.742656 
3.088440 72.871290 -4.959151 
2.140911 72.900833 -5.277451 
1.618629 72.666279 -4.457569 
1.166166 72.136510 -3.740198 
1.665263 72.267022 -2.883537 
1.478408 73.049862 -2.290034 
2.455341 73.106807 -2.495849 
2.560376 73.410493 -1.548884 
2.108156 72.921254 -0.803134 
-12.193093 23.440955 -74.334293 
-12.929485 23.077769 -73.763483 
-13.230242 23.864790 -73.224835 
-12.904849 24.426353 -73.985602 
-12.801876 24.233989 -74.961508 
-12.132241 23.643041 -75.411362 
-11.264840 23.380127 -75.833845 
-10.645941 23.805805 -75.173723 
-10.104212 24.526590 -75.606156 
-10.214346 25.370596 -75.081251 
-9.893910 26.052853 -75.738401 
-9.392726 26.902070 -75.572133 
-9.346010 26.746597 -74.585398 
-10.301681 27.038332 -74.625193 
-10.846388 26.309443 -75.039940 
-11.716192 25.859307 -74.837904 
-12.254632 25.575123 -75.631202 
-12.755815 25.789642 -76.469532 
-13.473108 25.825623 -75.773690 
-14.365683 25.790057 -75.324197 
-15.125433 25.232776 -75.659187 
-14.670770 24.349879 -75.776550 
-14.257230 23.989652 -76.612745 
-14.377829 23.173709 -77.178159 
-15.005366 23.409144 -77.920296 
-15.610602 22.627084 -78.068859 
-14.799933 22.042633 -78.033746 
-14.245733 22.290289 -78.828433 
-14.600060 22.316104 -79.763198 
-14.218344 21.436828 -79.478301 
-14.351168 20.530993 -79.076032 
-14.051319 20.257213 -79.989889 
-14.859194 19.702758 -79.790093 
-14.906188 19.027934 -79.053612 
-15.093354 18.049183 -78.969855 
-15.194240 17.635969 -79.874884 
-15.513058 18.502173 -80.259650 
-15.219638 18.405159 -81.210699 
-15.395371 18.739052 -82.136784 
-16.207119 18.360205 -81.692329 
-16.495423 17.683434 -81.014936 
-16.814673 18.624579 -80.903919 
-17.633565 19.049963 -80.518608 
-16.946129 19.745901 -80.310997 
-17.235906 19.710796 -81.267447 
-16.913434 20.412374 -81.902899 
-17.890272 20.430864 -82.116079 
-18.460334 20.802513 -81.383341 
-18.772275 19.968337 -81.838140 
-19.090570 19.021179 -81.877891 
-18.691986 18.407128 -82.559120 
-17.861197 18.504525 -83.107119 
-17.781296 17.579302 -83.478034 
-17.477647 16.879738 -82.831190 
-18.048198 16.571245 -83.592310 
-18.932732 16.709817 -84.037728 
-18.448179 17.443684 -84.513804 
-18.721845 18.397974 -84.633960 
-18.728202 19.096436 -83.918341 
-17.754092 19.249478 -84.084741 
-17.251749 18.783539 -84.813131 
-17.546764 18.539461 -85.736924 
-18.134011 19.250092 -85.349438 
-18.126803 20.241165 -85.482565 
-19.106656 20.413002 -85.380780 
-19.281131 20.845023 -86.265606 
-20.273421 20.942461 -86.189010 
-20.351264 19.948407 -86.265156 
-33.228373 27.131255 -20.061233 
-34.115743 26.756040 -19.793299 
-34.411850 27.544409 -19.254044 
-34.794373 28.350468 -19.705647 
-34.741348 29.152770 -20.300206 
-35.596268 29.661569 -20.199036 
-35.040568 30.116672 -20.894794 
-35.705686 29.581689 -21.415764 
-36.605591 29.984790 -21.582144 
-37.359129 30.598610 -21.346761 
-38.122465 31.172816 -21.050779 
-38.906440 31.587416 -21.512828 
-38.618743 32.502369 -21.229824 
-37.692063 32.206779 -20.997679 
-37.438774 33.172933 -20.948782 
-38.018281 33.552034 -21.670206 
-38.451578 34.199307 -21.043076 
-39.225788 33.936965 -20.467077 
-38.436219 33.447755 -20.096599 
-37.525368 33.103042 -19.869610 
-36.777124 32.440596 -19.905611 
-36.511019 31.974159 -20.749189 
-36.730040 31.129508 -20.260728 
-36.825824 30.156812 -20.049334 
-37.734136 30.480317 -19.784166 
-37.739142 30.413018 -18.786446 
-37.892283 30.645812 -17.826053 
-38.596240 30.511749 -17.128577 
-38.114418 29.681490 -17.408786 
-37.398852 29.323698 -16.808828 
-37.341876 28.391441 -16.451546 
-37.780452 27.496178 -16.373081 
-37.715805 26.660930 -15.827022 
-37.704222 26.089602 -16.647661 
-37.136678 25.858343 -17.437859 
-36.917845 26.732450 -17.871505 
-37.749443 27.051480 -18.326108 
-37.896313 27.415635 -17.406423 
-36.941203 27.711833 -17.412107 
-36.630449 28.246445 -18.197996 
-35.722676 27.829464 -18.243569 
-36.046567 28.015224 -19.171248 
-36.131071 27.067320 -18.864106 
-37.067422 27.394869 -18.990437 
-37.012549 26.437913 -19.275435 
-37.448658 26.782107 -20.106903 
-37.559669 26.028188 -20.754424 
-38.125898 25.723888 -19.988404 
-38.254707 25.284194 -20.877267 
-38.871303 24.636437 -21.324727 
-37.937793 24.554774 -21.673852 
-37.098822 25.053798 -21.890885 
-37.315530 24.761875 -22.822453 
-36.549738 24.923584 -23.444878 
-37.049546 24.076938 -23.627588 
-37.670289 23.368381 -23.963185 
-37.572767 24.198519 -24.512149 
-36.717771 24.447016 -24.967375 
-36.004507 25.000934 -24.537922 
-35.008506 25.051417 -24.611635 
-34.921648 24.664536 -25.529665 
-34.079647 24.943517 -25.991406 
-34.335997 25.630346 -25.311295 
-33.474334 25.928523 -24.900652 
-32.853267 26.046600 -24.125840 
51.392607 -37.926345 -27.210673 
51.079878 -37.958251 -26.261367 
50.856816 -36.984339 -26.303059 
51.306095 -36.798770 -25.429152 
52.071436 -36.332508 -25.872834 
52.798381 -37.014609 -25.952134 
52.059916 -37.422158 -26.489324 
52.938253 -37.899584 -26.465062 
53.065153 -37.691747 -27.434959 
53.787067 -38.164977 -26.930089 
54.381747 -37.377232 -26.769420 
54.643675 -37.569681 -27.715124 
55.389611 -38.013967 -27.218949 
56.327347 -38.182662 -26.915315 
56.451358 -39.075303 -27.348689 
56.933374 -38.967099 -26.479234 
57.342246 -39.838266 -26.207404 
57.585227 -40.776253 -26.454671 
58.345297 -40.988289 -27.068947 
58.894069 -40.882839 -27.898241 
59.168432 -41.781273 -28.241084 
60.121938 -41.542049 -28.057785 
61.059368 -41.733014 -28.348917 
61.953550 -42.064786 -28.649526 
62.306865 -41.309900 -28.096972 
61.803506 -41.384704 -27.236138 
61.024932 -40.757465 -27.255974 
61.373084 -40.164702 -27.982213 
61.077014 -39.287220 -27.604896 
61.126626 -38.294739 -27.493003 
60.461023 -37.650555 -27.869831 
59.965972 -38.176941 -28.561093 
60.708280 -37.864024 -29.153597 
60.517144 -38.517489 -29.886025 
59.736462 -37.902451 -29.775285 
59.099973 -38.575162 -29.398003 
58.299587 -38.990361 -29.830431 
57.493426 -39.540990 -30.047022 
57.090908 -39.660882 -29.139495 
57.769647 -39.510412 -28.420696 
57.326526 -38.616274 -28.356203 
57.485208 -37.763663 -27.858333 
57.673794 -36.866722 -27.458419 
58.121186 -36.392331 -28.216571 
58.689613 -35.601979 -28.445118 
58.298109 -34.980672 -27.766368 
58.040646 -34.760066 -26.825599 
57.751495 -33.900303 -26.404650 
57.216045 -33.894983 -27.249200 
57.193356 -34.749619 -27.767932 
56.765687 -35.366735 -27.107426 
56.272183 -36.232676 -27.188664 
55.423640 -36.006309 -26.710403 
55.028276 -36.532823 -25.957760 
56.006941 -36.330960 -25.919464 
56.393082 -36.575945 -25.030151 
57.187556 -36.248620 -25.541687 
58.074836 -35.800140 -25.433982 
58.181079 -34.808488 -25.360919 
57.338677 -34.287980 -25.500313 
57.792034 -34.165244 -24.617474 
58.638194 -34.479703 -24.187209 
59.549731 -34.717629 -23.851810 
59.484902 -35.073454 -24.784111 
59.294338 -35.675703 -25.559341 
60.240194 -35.594329 -25.873560 
59.570830 -35.330831 -26.568197 
59.987347 -34.554586 -27.041437 
60.594706 -34.080477 -26.403992 
-17.646893 -14.182625 -13.726113 
-17.930838 -14.653212 -14.561531 
-18.466569 -13.872010 -14.241038 
-18.483458 -13.049463 -13.672592 
-17.630777 -12.839399 -14.150931 
-18.071501 -11.943124 -14.200455 
-17.081697 -11.828882 -14.285522 
-17.325875 -10.940270 -14.673782 
-16.444435 -10.787541 -15.120703 
-16.393992 -10.767289 -16.119224 
-17.208741 -11.207079 -15.741376 
-17.416728 -10.727064 -16.593625 
-18.089348 -10.633561 -15.859568 
-18.898553 -10.861777 -15.318176 
-18.791091 -11.654835 -15.917767 
-17.939475 -12.174631 -15.850211 
-17.723979 -13.120639 -15.608076 
-18.677424 -13.049193 -15.901057 
-19.317086 -13.655337 -16.373732 
-19.222955 -14.440894 -15.762143 
-18.345015 -14.800528 -16.078190 
-17.767590 -15.430984 -15.559438 
-16.880459 -15.673047 -15.952383 
-16.816519 -16.638849 -16.203658 
-17.427479 -17.428308 -16.144654 
-18.030050 -17.660828 -16.908094 
-17.312333 -18.354984 -16.963129 
-17.113394 -17.629064 -17.621509 
-16.453124 -18.066081 -18.232295 
-16.254083 -18.006886 -19.210497 
-15.432070 -17.505001 -19.479583 
-15.257027 -17.274998 -20.436901 
-15.989230 -17.940359 -20.582414 
-15.675658 -18.873295 -20.405481 
-15.452057 -19.020339 -19.441956 
-14.456081 -18.961903 -19.509896 
-14.225412 -19.146324 -18.554500 
-14.497875 -18.201761 -18.371291 
-13.833220 -18.233917 -17.624833 
-13.347150 -18.154426 -18.495130 
-13.765226 -17.678760 -19.269051 
-14.370254 -16.948045 -19.585273 
-14.577095 -16.533451 -20.471461 
-14.479275 -16.802733 -21.429541 
-13.815589 -16.650612 -22.161921 
-13.622987 -16.074378 -22.956187 
-14.270773 -15.758986 -23.649657 
-15.123890 -15.295205 -23.888612 
-15.026667 -15.569483 -24.845335 
-14.873004 -16.363033 -25.434119 
-15.471731 -16.468170 -24.640095 
-16.372405 -16.052667 -24.513044 
-16.966390 -16.648037 -25.054077 
-17.267779 -17.389281 -24.454308 
-18.185364 -16.993424 -24.490840 
-17.841723 -17.297522 -25.379342 
-17.544967 -17.391258 -26.329684 
-18.358048 -17.895544 -26.038831 
-19.297340 -17.836020 -26.376748 
-20.278413 -17.764675 -26.196734 
-20.100743 -17.014841 -25.559410 
-21.048901 -17.301923 -25.695717 
-21.640989 -18.069082 -25.448942 
-22.131786 -17.450524 -24.835342 
19.429307 -24.389545 64.568507 
18.839448 -23.882853 63.939753 
18.306997 -23.037088 63.905456 
18.675612 -23.242628 64.812030 
17.818826 -23.299460 65.324561 
18.633326 -23.743622 65.697802 
19.370983 -24.415629 65.632473 
20.031088 -24.915134 66.193505 
19.364320 -24.323695 66.646958 
18.521205 -24.690853 66.254081 
17.925958 -24.617982 67.054312 
17.374493 -24.011557 66.481481 
16.908216 -24.873339 66.281688 
16.789324 -25.864708 66.336928 
17.274739 -26.732362 66.229463 
16.995945 -27.688991 66.313929 
17.078758 -28.639866 66.612224 
16.316754 -28.883563 67.212192 
15.885376 -29.228974 68.045621 
15.709083 -29.296605 69.027632 
15.613258 -29.044256 69.990512 
15.068537 -29.877095 69.892236 
14.683119 -29.412157 69.095188 
14.329790 -29.006125 69.937979 
13.507473 -28.654795 70.385596 
12.547074 -28.859802 70.196900 
12.311920 -28.251595 69.438754 
13.105256 -28.793452 69.161249 
12.937515 -29.683955 69.584178 
13.545288 -30.476602 69.632361 
14.150052 -30.274082 70.402587 
14.427964 -30.658905 71.282743 
14.640338 -29.913065 71.914107 
14.307028 -30.315879 72.766542 
14.945728 -30.610748 73.477256 
15.439364 -29.954393 74.047802 
16.173280 -29.332350 74.320619 
16.861131 -29.200803 75.034451 
16.084311 -28.588285 75.180642 
16.868533 -27.976048 75.281442 
16.212169 -27.241675 75.454311 
15.410073 -26.778770 75.077004 
15.458284 -26.163007 75.863460 
16.135672 -25.847005 75.199165 
16.582299 -26.073326 76.064788 
17.390381 -26.618635 76.287596 
18.242812 -27.068257 76.554431 
18.684912 -26.274720 76.136286 
18.048710 -26.637129 75.455179 
17.394246 -26.130634 74.893805 
18.269570 -25.664434 75.022123 
18.040091 -24.702844 74.871509 
17.903636 -23.918215 74.266748 
18.108645 -23.669916 73.320006 
18.732590 -23.018849 73.752215 
19.664511 -23.109575 74.103346 
20.600311 -23.365055 74.346260 
20.325870 -24.240929 74.743157 
21.250855 -24.601643 74.623621 
21.806121 -25.232062 75.166072 
22.629314 -25.395299 74.622283 
22.866952 -25.860955 75.474746 
23.808202 -26.183912 75.573476 
45.917607 -2.150305 20.238007 
45.907203 -1.936472 19.261192 
45.671295 -2.856252 18.947581 
46.178303 -2.748908 18.092350 
45.286436 -2.819758 17.645636 
45.573653 -1.893733 17.400721 
44.845377 -1.236058 17.208166 
44.471767 -1.018128 18.109787 
44.103596 -1.267033 19.005609 
43.493795 -1.256594 18.213123 
42.497925 -1.222199 18.297141 
42.140877 -1.977148 18.847203 
41.328297 -1.548266 19.241885 
41.179458 -1.824605 20.191350 
40.516759 -1.771563 20.938355 
40.028729 -2.555550 21.322010 
40.235043 -3.256075 20.638855 
40.885559 -2.973986 19.933693 
41.500554 -3.443776 19.300384 
41.550077 -4.371246 19.670986 
40.701020 -4.691766 20.090951 
40.118828 -5.232628 19.483892 
40.289275 -5.134326 18.503441 
40.703305 -5.552994 17.695173 
39.706330 -5.630703 17.696326 
39.121731 -4.850383 17.918462 
39.128188 -3.858218 18.043228 
39.819311 -3.318926 18.524386 
40.623320 -3.872098 18.742492 
40.968320 -4.183653 17.857106 
41.355708 -3.276318 17.693783 
40.406750 -3.361239 17.390027 
39.985316 -3.143041 16.509810 
39.277173 -3.422277 15.861303 
39.494290 -4.344096 15.540196 
40.216835 -4.778852 15.002687 
41.132846 -4.728020 15.400606 
41.169028 -4.984991 16.366347 
42.119382 -5.001605 16.677074 
43.060288 -4.744106 16.457096 
44.040921 -4.889392 16.588435 
44.939651 -5.326574 16.622455 
45.693924 -4.800252 16.229952 
46.651894 -4.527097 16.317587 
46.620875 -3.564766 16.587695 
46.078080 -2.804513 16.944609 
45.381233 -2.786502 16.227615 
44.593880 -2.235757 15.950567 
43.844256 -2.038702 16.582417 
43.462339 -2.307983 17.466513 
43.905556 -2.228080 18.359360 
43.721928 -3.185715 18.581210 
43.143698 -3.787348 19.132288 
43.886860 -4.456153 19.152549 
43.492147 -4.525124 20.068762 
44.236907 -5.065120 20.460854 
43.622558 -5.702935 20.925363 
42.646502 -5.502206 21.009168 
41.838342 -6.025455 21.279514 
41.953889 -6.074171 20.287407 
41.494688 -5.917407 19.413016 
40.988365 -6.167172 18.587635 
41.273100 -7.064224 18.249666 
-12.670193 -36.276745 -55.902193 
-13.607368 -36.311736 -56.249295 
-14.355054 -36.077712 -56.870744 
-14.542338 -35.775630 -57.805448 
-14.971633 -35.953244 -58.690975 
-15.075327 -34.988593 -58.448702 
-14.527655 -34.286600 -58.903961 
-15.159578 -33.872600 -58.248769 
-15.971814 -33.989538 -57.677281 
-16.249953 -34.244609 -58.603336 
-16.662388 -35.073567 -58.981127 
-17.089943 -35.757125 -59.572689 
-16.670517 -36.575768 -59.180381 
-16.163889 -36.677288 -58.324214 
-15.873485 -37.621120 -58.166587 
-16.564176 -38.344265 -58.163719 
-16.884820 -39.192595 -57.742385 
-16.248131 -38.830001 -57.061832 
-15.563694 -38.787389 -56.334007 
-16.201815 -39.556540 -56.299239 
-15.718204 -40.298309 -55.834591 
-16.542119 -39.989881 -55.359158 
-17.538148 -40.046297 -55.290280 
-17.914845 -39.668251 -56.135964 
-18.663832 -39.031380 -55.953167 
-19.646957 -38.867757 -56.034973 
-20.370423 -38.553800 -56.649812 
-21.135060 -38.003241 -56.314827 
-20.516361 -37.217855 -56.295339 
-20.504966 -36.503734 -55.595410 
-19.718190 -36.261336 -56.163060 
-18.988613 -36.388004 -56.835126 
-18.910563 -37.318076 -57.194117 
-19.359899 -36.968031 -58.016044 
-19.776901 -36.304637 -58.637348 
-19.399697 -35.380072 -58.691172 
-18.507582 -35.153791 -58.300112 
-17.574065 -35.182025 -57.942694 
-17.816359 -35.514024 -57.031063 
-17.960353 -36.379442 -57.510977 
-17.907664 -36.377362 -56.512369 
-18.055653 -35.897717 -55.647475 
-17.300260 -36.230730 -55.083132 
-17.126050 -35.251919 -55.190741 
-17.260088 -35.614179 -54.268352 
-17.820790 -34.843287 -53.966128 
-18.376993 -35.302957 -53.273783 
-18.415100 -34.458586 -52.739381 
-18.217441 -34.155678 -51.807084 
-17.294093 -33.956185 -51.479011 
-17.972852 -33.365776 -51.042315 
-18.613097 -33.050550 -50.341802 
-18.287885 -32.284569 -49.787265 
-19.126468 -31.748126 -49.882171 
-19.797268 -31.982265 -50.585880 
-20.599749 -31.645283 -50.093471 
-20.163558 -31.440265 -49.217284 
-19.977016 -31.356819 -48.238387 
-19.507823 -31.896293 -47.539226 
-18.645973 -31.908610 -48.046239 
-18.063462 -32.384252 -47.387113 
-18.380202 -32.878308 -46.577431 
-18.180053 -31.991855 -46.160130 
-18.378451 -32.578525 -45.374983 
-19.005982 -33.291905 -45.686903 
-19.833473 -33.820949 -45.498832 
-44.275653 -41.955545 38.543607 
-45.231289 -41.725889 38.359165 
-45.968504 -42.305408 38.011786 
-46.264816 -41.408700 37.682978 
-46.960476 -42.039302 38.027070 
-47.859305 -41.794267 37.663664 
-48.357674 -42.605665 37.358276 
-47.877839 -43.222785 36.734641 
-47.822274 -43.998564 36.106088 
-47.209058 -44.761335 35.900792 
-47.416809 -45.708894 35.657950 
-48.229773 -45.180179 35.413922 
-48.871191 -45.870632 35.748376 
-49.269149 -45.053471 35.331389 
-48.679313 -44.746935 34.584308 
-48.478148 -43.769667 34.651241 
-48.333230 -42.960242 34.082181 
-49.031360 -43.577207 33.718905 
-49.431865 -43.860853 32.847619 
-50.354044 -43.693560 33.196328 
-50.359107 -44.093953 34.112658 
-50.032289 -43.241869 34.521488 
-49.563453 -42.640405 35.168353 
-48.974193 -42.870751 35.942764 
-48.053727 -42.807997 35.557011 
-48.307434 -42.062961 34.940121 
-47.914790 -42.022858 34.021305 
-47.233593 -42.179078 34.736543 
-46.340035 -42.267879 34.296467 
-46.837108 -43.016605 33.857915 
-47.572617 -43.446459 33.334225 
-46.889291 -44.109572 33.639751 
-47.269682 -44.842368 34.203943 
-47.933323 -44.626361 33.487757 
-47.526109 -44.486078 32.585262 
-48.378800 -44.710575 32.113542 
-47.591433 -44.476855 31.543078 
-48.209835 -43.696713 31.448439 
-48.736374 -42.871063 31.651072 
-48.830040 -42.438815 30.754196 
-49.161063 -41.619339 30.286347 
-48.258700 -41.216399 30.439250 
-47.693512 -40.417116 30.643481 
-48.131803 -40.459318 29.745639 
-48.449751 -40.787540 28.856156 
-47.984495 -41.657347 29.020392 
-47.035444 -41.623737 29.333716 
-47.129188 -41.954442 28.394650 
-47.483941 -41.803434 27.471965 
-47.146136 -41.434364 26.606127 
-46.419885 -41.827015 26.041872 
-45.825022 -41.935848 26.838297 
-45.941101 -40.961720 26.644392 
-46.072657 -40.059014 27.054044 
-46.031564 -40.355668 28.008144 
-13.926693 5.287955 56.348207 
-14.423023 4.804315 55.627270 
-13.794475 4.037315 55.756261 
-13.159036 4.809466 55.755329 
-12.392175 5.417575 55.550080 
-13.160857 6.007895 55.796353 
-13.760416 5.652801 55.079111 
-13.869946 6.209644 54.255747 
-14.335435 5.544543 53.671828 
-14.941030 5.884178 52.952173 
-14.401191 6.721076 53.042587 
-13.886453 7.372076 53.600480 
-12.999707 7.313841 54.059054 
-13.472276 7.685504 54.858145 
-12.827066 7.245736 55.482891 
-12.242778 8.055927 55.436017 
-12.172506 8.900882 55.966217 
-12.638723 9.784474 55.922546 
-11.792911 9.955028 56.428031 
-12.286539 9.513876 57.177508 
-12.870686 10.304211 57.362288 
-12.067956 10.838886 57.098195 
-11.090506 10.628290 57.113719 
-11.534561 10.022402 57.773807 
-11.790504 10.690727 58.472259 
-12.617263 10.206421 58.758470 
-12.153902 9.379998 58.438593 
-11.817536 8.549337 57.994904 
-11.713452 8.195561 57.065383 
-12.688194 8.070227 57.250231 
-12.370243 7.122258 57.234054 
-13.089815 6.943487 57.905066 
-13.562388 6.866449 57.027148 
-12.886062 6.130015 57.011423 
-12.326880 6.180109 57.838954 
-12.087845 5.259592 58.148003 
-12.867385 4.930964 58.681221 
-13.340186 4.822800 57.806716 
-14.203257 5.327198 57.832995 
-14.723789 5.800603 57.122407 
-15.445149 5.341969 57.641345 
-15.046096 6.002497 58.277317 
-15.857969 5.635426 58.731320 
-15.654958 4.668217 58.883942 
-16.637632 4.651756 59.068548 
-16.792641 3.783035 58.598127 
-15.795113 3.731541 58.550305 
-14.984751 3.307227 58.954373 
-15.749979 2.812838 59.366689 
-15.608600 2.387527 60.260626 
-15.583781 1.394298 60.147132 
-16.433316 1.442810 59.621835 
12.627607 29.385255 25.736607 
13.444574 28.838852 25.921018 
12.868415 28.282714 25.322061 
13.472313 27.881555 24.633310 
14.127387 28.373997 24.060267 
13.412593 28.926408 23.631418 
12.925677 29.070520 24.492895 
12.938334 30.007175 24.842920 
13.133632 30.984940 24.766540 
13.928335 31.316189 24.257893 
13.897071 31.626097 25.208145 
13.812148 31.060181 26.028223 
13.614108 30.392507 26.745852 
14.525473 30.028632 26.553472 
15.377706 30.414790 26.200514 
15.434452 30.962170 27.035472 
15.922234 31.171524 27.882962 
15.383390 32.013491 27.855769 
16.170770 32.166911 27.258697 
15.373954 32.693441 26.962302 
15.597839 32.603132 25.991879 
14.678956 32.234264 26.131847 
14.299652 32.443256 27.033207 
13.585433 33.132559 26.911752 
12.627261 33.417073 26.942725 
12.851824 34.044822 27.688045 
12.808174 34.303276 28.653082 
13.726386 34.352601 29.046090 
14.366414 35.085751 28.816188 
14.129662 35.142593 29.786094 
14.583707 35.540908 30.583081 
13.640531 35.826529 30.413257 
13.090764 35.179546 30.941621 
12.439430 35.311924 30.194467 
11.770065 35.887469 29.724681 
11.097789 35.152608 29.635102 
11.584558 34.300913 29.829195 
10.779127 33.717415 29.725223 
11.062868 33.449816 30.646028 
11.532542 33.734900 31.481572 
11.588305 34.509567 32.111479 
11.234623 33.663886 32.511145 
10.836293 32.746875 32.490545 
10.265418 33.302176 31.885779 
9.333323 33.008333 32.097568 
9.087222 33.975254 32.164641 
10.028354 34.301640 32.076648 
9.901251 35.281479 32.230791 
9.814103 34.984376 33.181651 
9.993734 35.965131 33.258152 
5.416107 -54.528745 2.420007 
5.480508 -55.368233 2.959554 
5.665575 -55.318188 3.941005 
5.133309 -55.399962 4.783623 
4.470360 -54.773337 5.193305 
4.139603 -55.702409 5.027705 
4.403322 -56.565042 5.459350 
5.367350 -56.362859 5.631894 
5.781227 -56.464745 4.727281 
6.545978 -56.820920 4.190350 
5.728066 -57.295339 3.864853 
6.066327 -56.498836 3.363691 
5.381751 -56.685385 2.659025 
4.516189 -57.183262 2.604969 
5.099766 -57.967998 2.813838 
4.264740 -58.513597 2.742759 
3.674247 -57.934422 2.180732 
2.947647 -57.247364 2.182735 
2.415307 -56.590480 1.648771 
1.742533 -57.050206 1.069094 
0.930680 -57.406576 0.606606 
0.706641 -56.442937 0.752227 
0.532801 -56.651207 -0.210271 
0.724738 -57.476821 -0.740857 
0.777550 -57.513863 -1.738774 
1.024806 -58.449194 -1.485755 
1.222656 -58.602135 -0.517528 
0.325087 -58.937593 -0.803600 
0.887893 -59.464652 -1.440355 
0.821658 -60.028958 -0.617451 
1.360315 -60.423152 -1.362072 
2.133299 -60.980948 -1.664327 
1.511818 -61.032870 -2.446033 
2.121742 -60.628037 -3.127283 
2.732195 -59.920943 -3.484167 
2.723722 -59.700714 -2.508756 
3.442097 -59.110987 -2.877755 
3.554483 -59.260001 -1.895327 
3.190481 -59.405523 -0.975367 
3.000907 -58.924437 -0.119436 
2.075527 -58.572263 0.020723 
1.812336 -59.276116 0.680512 
2.224495 -58.899649 1.510209 
2.883698 -58.173557 1.314652 
3.359090 -59.017393 1.065767 
3.139714 -59.985682 1.185308 
3.832747 -60.264788 1.849992 
4.495082 -61.008347 1.941822 
21.988607 -81.264845 -44.448193 
22.517183 -82.048441 -44.121722 
22.789930 -82.519972 -44.960333 
22.208329 -83.328645 -44.872089 
22.020048 -83.807035 -44.014363 
21.107691 -83.533039 -44.318552 
20.537260 -83.298734 -43.531336 
20.077227 -84.028729 -43.025888 
19.116975 -84.298851 -42.955529 
19.574343 -83.993523 -42.120311 
19.614609 -84.765497 -41.485935 
18.804202 -84.901150 -40.915988 
18.231181 -84.829309 -40.099602 
17.705045 -85.669021 -39.965199 
18.461696 -85.948916 -40.556079 
17.879665 -85.890323 -41.367132 
17.154798 -85.524027 -41.950566 
16.903749 -86.445920 -42.245672 
17.140370 -86.576685 -43.208434 
16.877288 -86.706928 -44.164375 
16.361120 -87.027499 -44.958608 
17.290771 -87.367370 -45.100865 
17.894669 -88.054628 -45.504576 
18.332109 -87.667055 -46.316015 
18.200364 -87.058764 -47.098718 
18.171969 -87.079247 -48.098105 
18.963737 -86.479383 -47.982924 
18.061697 -86.117482 -47.747654 
18.755870 -85.434292 -47.974314 
18.113168 -84.881707 -48.504958 
17.321229 -84.469243 -48.955187 
17.613425 -84.029579 -48.105883 
12.176407 -64.452045 20.170607 
11.203932 -64.558496 19.963334 
11.473437 -64.120470 19.105721 
11.771739 -63.166027 19.113093 
12.610811 -63.705100 19.186291 
12.811365 -62.725826 19.157999 
13.508084 -62.156362 19.594227 
13.750731 -63.118782 19.472280 
14.731050 -62.921514 19.464507 
14.260362 -62.882474 20.345943 
15.258735 -62.890724 20.402358 
16.170332 -63.081094 20.766708 
16.953072 -63.316806 21.342692 
17.260507 -63.773071 20.507643 
18.019921 -63.209580 20.832864 
18.563026 -62.459137 20.456206 
18.382570 -62.577256 19.479741 
17.567248 -62.027547 19.661594 
16.613148 -62.128578 19.379662 
17.322423 -62.600372 18.855888 
17.347485 -63.113265 19.713975 
17.359866 -63.931917 19.139819 
17.927271 -63.747135 18.337381 
18.351955 -62.908026 17.997469 
18.549357 -62.135291 17.394217 
19.463525 -62.058068 17.792129 
18.701675 -61.799680 18.386116 
18.920680 -60.825845 18.446807 
18.723879 -60.528918 19.381208 
19.452692 -60.208184 19.986155 
20.432880 -60.369353 19.871019 
20.621613 -60.950587 19.079472 
20.814474 -60.895402 18.099799 
20.578460 -61.793947 17.729781 
20.378892 -62.710544 17.383337 
20.831684 -63.576685 17.594947 
21.525741 -63.455019 18.304512 
20.988546 -64.028193 18.923295 
20.301241 -64.754466 18.911482 
19.633765 -64.759142 18.166866 
19.584278 -65.679284 18.555312 
18.860655 -65.633637 19.243997 
18.716726 -66.068456 20.132938 
17.914695 -66.558438 19.791377 
17.395954 -65.971327 20.412834 
17.350146 -65.831517 21.401952 
17.448603 -66.568839 22.070279 
17.762348 -66.941456 22.943619 
18.557005 -66.339129 22.867973 
17.728574 -65.788579 22.970910 
18.451215 -65.453724 23.575611 
19.336962 -65.868723 23.367700 
20.175483 -65.372852 23.593521 
20.994889 -65.203271 24.141077 
21.280960 -65.916066 24.781456 
21.272413 -66.912991 24.859354 
21.401089 -66.908549 23.867678 
20.427927 -67.132479 23.920714 
21.004444 -67.939095 24.051094 
21.813379 -68.507833 23.902226 
21.524377 -69.155124 24.607557 
21.560749 -69.872270 25.303531 
21.219720 -70.476107 26.024003 
20.520581 -69.864209 25.654158 
20.482980 -70.129588 24.690747 
20.056806 -69.237931 24.843470 
19.551039 -68.425518 25.133616 
20.338035 -67.829661 24.973640 
20.523584 -67.026976 25.540445 
19.901090 -66.272230 25.333418 
20.278146 -66.328708 26.257884 
20.726722 -65.695154 26.888273 
21.514779 -65.101717 26.724574 
21.549342 -65.245699 25.735597 
22.166945 -64.460361 25.693040 
22.943738 -64.621327 26.301876 
23.796236 -64.667164 25.781160 
24.482485 -65.383680 25.906330 
24.198484 -65.866852 25.078147 
24.622905 -66.170742 24.225200 
24.711854 -65.195591 24.428099 
24.775487 -64.902499 23.474135 
24.250800 -64.059081 23.358595 
25.098741 -64.033416 23.888065 
25.217955 -63.072002 24.135998 
25.485635 -62.721190 25.033371 
24.529940 -62.810273 25.313926 
24.236331 -63.764529 25.257455 
23.362207 -63.455906 24.882409 
23.121976 -62.498062 25.039962 
Snapshot 5000 46.050034
-0.142895 2.450375 2.624899 
-0.796889 2.637456 1.436074 
-1.608165 2.190042 0.868673 
-2.394097 1.648453 1.587860 
-1.475909 1.205678 1.877639 
-1.815835 1.840130 2.201144 
-2.168966 0.956372 2.297214 
-2.886472 0.363890 1.470925 
-3.680354 0.152362 1.372354 
-3.051318 1.387353 0.921349 
-2.258706 2.724891 0.173981 
-1.887144 2.612378 0.696686 
-2.963218 2.353584 1.133807 
-2.942188 2.289764 1.872300 
-2.695961 2.146545 2.438990 
-2.301817 1.139096 1.863688 
-1.905917 0.001345 2.795761 
-2.599635 -0.165477 2.698509 
-3.342844 0.571297 1.993859 
-2.955144 1.901515 2.235268 
-2.458146 2.135293 1.347437 
-2.671241 1.157582 0.799086 
-2.892753 0.830727 0.850184 
-2.559805 0.821284 0.388145 
-2.302775 -0.019188 0.844098 
-2.117483 -0.286876 1.400195 
-2.456246 -0.601454 1.966688 
-2.107190 -0.761901 2.603522 
-2.115729 -0.366461 2.432871 
-1.568545 0.784317 2.648579 
-0.693061 1.691542 2.002977 
-0.229538 1.471704 1.884636 
-0.248718 1.053938 2.628660 
-0.050108 0.449655 3.279295 
-0.645345 0.416067 2.863264 
-1.511147 0.243144 3.105557 
-2.012454 1.238050 2.965386 
-1.569120 1.857347 3.012451 
-1.609649 2.812997 3.754266 
-0.249105 2.995688 4.598174 
0.605183 3.132819 4.913294 
1.280883 3.724258 4.850193 
0.093766 3.971344 5.121858 
-1.206593 2.854596 4.440802 
-0.581418 1.571113 3.137518 
0.233813 1.009163 2.790660 
0.998770 1.131215 3.249631 
0.494403 1.883276 3.359891 
0.269801 2.254391 3.775114 
-1.075666 3.113294 4.911905 
-0.389113 3.500883 5.476518 
-0.386803 3.965980 5.105900 
0.234662 5.004437 4.585232 
0.472432 5.941413 3.387716 
1.080558 5.657260 3.619324 
0.464856 5.222582 4.286564 
0.055809 5.658797 3.514208 
0.834735 5.781105 3.305836 
0.914727 5.191138 4.408963 
1.148177 5.085880 4.409651 
1.043233 5.397682 3.923825 
0.580916 5.291714 3.030043 
0.674840 5.254980 1.804647 
0.448363 5.549439 2.157306 
0.554076 5.776449 2.589645 
1.698635 4.680301 3.392760 
1.833021 4.607975 3.023936 
1.554791 4.978501 3.434350 
0.968732 4.401511 4.056160 
0.501583 3.487093 3.079284 
0.871259 2.598854 3.785938 
1.921155 3.073029 3.378859 
2.135679 3.968586 2.475399 
1.717208 4.989983 2.125319 
1.984665 4.942257 2.251084 
2.308366 4.250401 2.148725 
2.493181 4.045713 3.184565 
2.125466 3.813469 3.881481 
1.762751 3.601264 3.464347 
1.205607 4.009354 2.767034 
0.486809 3.103399 1.580964 
1.089052 4.467493 1.261577 
1.285047 5.012284 0.934763 
2.185675 4.201172 1.562514 
2.021917 4.538513 1.285290 
1.296251 4.950664 0.798728 
1.153508 4.716185 1.631519 
2.125469 3.373904 1.639635 
2.358614 2.636413 1.951394 
1.696719 2.996028 1.642225 
1.711846 3.337600 0.241659 
1.205521 3.420383 0.015846 
0.808425 3.971929 0.427459 
0.551050 4.422847 0.919902 
0.829735 3.328913 1.548598 
1.319874 4.301582 1.821332 
1.081490 3.993159 1.061668 
0.475580 3.467923 0.553995 
1.337173 3.917973 0.656113 
1.481969 2.930227 0.366818 
0.796196 2.728084 -0.184336 
1.398807 3.343607 -0.005721 
4.252642 0.194191 -6.954053 
3.134560 -0.502096 -6.806986 
2.229416 -0.937705 -6.216243 
2.228784 -2.536400 -5.848354 
2.700408 -1.820640 -6.409449 
2.912532 -1.113837 -5.845228 
2.388494 -1.563949 -5.471210 
3.220783 -0.256160 -4.863990 
3.319536 0.922431 -4.198447 
2.447148 -0.480984 -4.189198 
2.533868 -1.306848 -4.213684 
2.960295 -1.256455 -5.131920 
2.030452 -2.561611 -5.208286 
1.112037 -1.685847 -4.001883 
1.466039 -0.265582 -4.539875 
1.651449 0.150957 -4.999145 
1.064042 1.858093 -4.663106 
1.852122 1.513403 -4.234828 
1.680951 0.185486 -4.690009 
2.355489 0.552532 -5.292436 
2.150053 -0.426798 -5.144709 
2.405320 -0.426857 -6.259768 
2.001206 -0.683628 -6.379916 
1.554361 -0.148304 -6.416302 
2.725561 -0.158481 -5.782900 
2.489305 -1.016795 -5.251401 
2.459568 -1.781123 -6.145163 
1.546673 -0.969449 -5.993872 
0.966208 -1.560247 -6.163485 
0.565792 -0.729595 -6.051467 
0.404246 -1.026830 -5.808660 
1.916029 -2.255723 -5.398137 
3.038190 -2.852075 -5.784515 
3.709484 -3.420474 -5.538943 
2.632046 -3.214284 -5.838651 
1.902123 -2.764225 -5.490958 
1.625130 -1.109987 -5.045747 
1.698124 -1.613103 -4.503424 
1.155162 -1.086010 -3.548745 
0.720344 -1.405031 -4.953916 
1.037372 -1.981151 -5.551586 
1.397384 -2.293699 -5.928596 
2.523123 -3.266987 -6.060092 
3.043757 -3.024040 -5.327871 
2.828546 -2.720901 -5.244462 
2.408383 -2.992352 -5.027090 
1.421561 -2.776371 -4.910787 
1.814913 -1.913462 -4.701716 
2.226333 -2.354793 -4.148355 
3.369973 -2.652430 -5.336839 
4.273345 -2.968488 -4.888561 
3.636464 -2.757521 -4.922590 
3.730109 -2.109324 -4.412615 
3.714803 -2.788172 -4.173518 
3.814919 -3.468903 -3.806761 
4.308349 -3.326506 -3.492106 
4.318759 -3.117594 -4.340916 
3.740343 -3.537346 -5.303394 
3.568107 -4.188454 -5.211591 
4.074227 -3.326260 -4.817423 
4.041067 -3.280445 -3.761955 
3.334392 -2.998357 -2.963561 
1.992314 -2.415618 -1.668508 
2.695615 -2.547941 -2.219355 
3.036367 -2.354868 -2.574168 
3.457652 -2.621785 -2.606387 
3.151841 -2.724411 -4.056265 
3.169123 -2.521274 -4.822251 
2.109905 -2.149579 -3.574235 
3.695568 -2.346589 -3.527334 
3.309184 -2.456189 -3.643146 
3.575273 -2.110677 -3.422159 
3.884064 -2.515613 -3.031686 
3.926108 -2.505132 -1.953445 
4.729339 -2.976527 -1.730063 
4.033185 -3.511868 -1.613641 
4.173742 -3.448229 -2.162453 
4.608573 -3.514402 -2.350417 
3.664997 -2.560303 -1.810145 
2.010544 -2.150830 -2.187804 
2.359668 -1.753216 -1.975551 
2.462778 -1.208084 -0.591079 
2.397790 -1.419859 -0.923376 
2.650356 -2.050709 -1.818265 
2.983227 -2.453784 -1.722518 
2.800582 -3.638559 -1.151881 
2.157871 -4.464100 -1.198645 
2.834937 -3.116666 -1.016585 
2.933715 -1.846123 -1.389821 
3.352784 -1.185343 -1.750902 
3.233286 -1.225746 -2.518087 
3.051936 -1.055540 -3.184931 
2.276382 -0.599724 -3.124437 
1.820269 -0.344706 -2.615820 
0.908359 -1.262265 -2.793089 
2.593074 4.585413 -0.865870 
0.973432 3.829313 -1.267777 
0.620924 4.473183 -0.802362 
-0.735992 3.630594 -0.494015 
-0.447771 3.301467 -1.240185 
0.642763 3.057078 -0.958184 
2.131843 3.713583 -1.282948 
1.199925 3.392381 -1.647840 
2.012939 3.002989 -2.349673 
1.042696 2.727220 -1.938962 
-0.155768 2.640353 -0.366595 
-0.329106 3.307297 -0.256297 
-0.298081 3.548055 0.484360 
0.236250 3.862201 -1.007813 
0.475594 3.213469 -1.934990 
-0.124815 3.460532 -2.334078 
0.143582 3.710247 -1.640069 
-0.673052 3.221435 -0.494849 
-0.017773 1.960285 0.371343 
0.486608 1.417645 0.016176 
1.283090 0.241774 -0.091876 
1.238162 -1.674964 -0.581154 
0.561583 -2.703450 -0.577069 
-0.534636 -2.934103 -1.269572 
0.076561 -3.342951 -1.507120 
0.948685 -3.352988 -1.106502 
1.517356 -3.226376 -0.587850 
1.193957 -3.964178 -0.392008 
0.844211 -3.918986 0.455586 
0.863832 -4.225961 -0.578385 
0.566652 -4.617809 -1.182244 
0.705833 -3.734335 -2.097120 
0.607490 -3.043242 -1.167792 
0.775417 -2.425673 -0.107777 
1.465542 -2.244772 0.200853 
1.928590 -1.920513 0.980178 
0.757161 -2.036747 1.868546 
0.949034 -2.520868 2.375142 
0.544397 -2.769220 1.640148 
0.378540 -3.578648 1.130401 
0.086000 -3.059055 0.705488 
0.976055 -2.843786 1.361370 
1.279030 -1.748623 1.791263 
1.250931 -1.002632 1.548996 
1.018038 -1.184587 0.434815 
1.464859 -1.069798 -0.652513 
2.064861 -1.072269 -0.407035 
2.234430 -2.043627 0.145302 
1.793234 -2.176103 0.578324 
1.905492 -0.909987 1.324962 
2.308590 -0.033988 1.936531 
3.470562 -0.095721 1.594648 
3.618480 0.644976 1.257679 
3.672360 -0.540651 1.283484 
3.842383 0.295996 0.236076 
4.263884 0.698235 -0.133336 
3.732500 0.333589 -0.898564 
4.404748 0.367571 -1.122129 
4.399356 -0.356407 -0.825800 
3.850276 0.184680 -2.115795 
3.176674 0.832719 -1.696806 
3.629976 1.755911 -0.841572 
3.636905 2.247604 -0.928470 
3.692537 1.652408 -0.674851 
3.426629 1.794985 -1.064140 
3.622097 0.783425 -0.129380 
4.390421 1.024241 -0.273740 
4.434332 0.489283 -0.423264 
4.594423 -0.324786 0.177629 
3.854924 -0.471111 0.296001 
4.051474 -0.644265 -0.460616 
4.013607 -0.666163 -1.559558 
3.532695 0.204211 -2.161560 
2.952077 1.242605 -1.709467 
2.412830 1.572302 -1.699388 
3.017406 1.331659 -1.260941 
3.850548 0.244665 -1.543639 
3.448483 0.067120 -1.954004 
2.381332 -0.529563 -2.831932 
3.467161 -0.011055 -2.455354 
3.648712 -0.588585 -2.378437 
2.907395 -0.254887 -2.784336 
1.808398 0.201588 -2.360617 
2.118494 0.971494 -2.519028 
5.240378 3.388772 -2.349197 
3.832812 3.699147 -2.870146 
3.144625 4.246429 -2.576975 
2.006337 5.084788 -2.011415 
0.771942 6.057257 -1.743707 
0.164771 5.457519 -2.105869 
1.756564 5.016118 -2.023891 
1.671333 3.896943 -2.397283 
1.991891 3.543185 -3.164993 
2.678952 2.705322 -3.951561 
3.487415 2.279474 -4.058130 
3.307320 2.668258 -3.460425 
2.552854 3.518128 -3.397543 
1.363772 4.966465 -3.207792 
-0.043595 6.120814 -3.209240 
0.838591 6.358062 -2.798419 
0.535623 6.799578 -2.048396 
-0.610107 5.895590 -1.789941 
0.895695 5.729818 -2.293808 
1.746278 5.150377 -2.519457 
0.667561 4.867960 -2.327591 
-0.137687 5.218765 -2.804221 
-0.595948 5.269141 -3.041166 
0.091148 3.818110 -3.208135 
0.512575 4.724901 -3.364873 
0.397470 4.178618 -3.125971 
0.280931 3.604367 -4.403585 
-0.925084 4.773287 -3.693264 
-2.003576 4.975793 -3.114902 
-1.781197 4.373843 -3.754467 
-0.865025 3.989125 -3.532473 
-0.231431 3.325527 -4.027497 
0.264618 3.960722 -3.861953 
0.642738 5.146011 -3.818192 
-0.138558 5.085984 -3.509952 
-0.711626 4.677364 -4.181141 
0.252267 4.662829 -4.403788 
1.310526 4.827220 -3.905366 
0.814480 4.355441 -3.289213 
-0.448659 4.181724 -4.280682 
-1.925741 4.614201 -3.860993 
-1.247407 4.529332 -3.544560 
-1.332401 4.355974 -4.107757 
-1.152613 3.349128 -4.362368 
-1.074040 2.489024 -5.073307 
-0.386805 2.191499 -5.477936 
-1.154398 3.276984 -5.014533 
-2.149843 3.359671 -4.547985 
-2.598879 3.840700 -3.818277 
-1.993207 3.750957 -3.964262 
-1.528480 2.690798 -5.078411 
-1.416721 3.196878 -4.802437 
-2.420002 2.468721 -3.830042 
-2.856439 2.482252 -2.842312 
-2.710592 2.981445 -1.799031 
-2.645917 2.648557 -2.375330 
-2.679630 3.205283 -2.154545 
-2.757378 2.219399 -2.316506 
-3.348980 2.176618 -2.983624 
-2.806797 3.223489 -3.184214 
-1.867338 3.336111 -2.730898 
-1.491493 3.718310 -1.784725 
-2.128589 3.550995 -1.837623 
-3.166216 3.324910 -2.765098 
-2.342987 2.124604 -2.769955 
-1.404992 2.135484 -1.295985 
-0.517456 1.023388 0.186193 
-1.053013 2.089001 1.453736 
-1.171675 2.715228 1.121714 
-1.946701 3.768086 2.042277 
-2.469557 3.792349 2.016014 
-1.858426 3.751220 0.182131 
-1.478272 3.758479 -0.782604 
-1.434464 3.256940 -1.392769 
-2.302063 1.975333 -1.852876 
-1.435823 2.185628 -2.337500 
-0.957360 2.071609 -3.015864 
-1.275140 1.807714 -2.381211 
-1.640291 1.119523 -2.369231 
-1.667630 2.118126 -1.607627 
-1.346114 1.445083 -1.354094 
-1.618830 0.696159 -0.592578 
-5.280965 3.192326 -0.170320 
-3.875937 2.521357 -0.215413 
-3.897563 1.833105 -0.450506 
-4.914046 1.866068 0.974195 
-5.050664 2.515397 2.037388 
-5.195610 3.033822 1.610932 
-5.102519 3.970013 1.200886 
-5.054762 3.991472 2.126860 
-4.677856 3.170221 3.141856 
-4.114231 3.557793 4.309661 
-2.772932 4.058347 4.257231 
-3.214689 4.606606 2.858594 
-4.209221 3.405622 1.916312 
-4.772270 2.083365 1.987939 
-4.943669 1.970367 1.580888 
-4.807236 2.262877 1.196048 
-3.542789 2.084391 0.640282 
-4.176499 2.264236 2.047985 
-3.935188 3.164288 2.679957 
-4.043148 2.658976 3.377711 
-4.229132 2.337189 3.014486 
-3.032031 2.830457 3.889396 
-2.388111 2.586024 4.698342 
-2.687026 3.365179 4.841111 
-3.334627 2.878296 5.071070 
-4.063776 3.358245 4.327740 
-4.479165 3.611081 3.498998 
-4.168159 3.588604 2.913524 
-4.362553 4.699128 2.967499 
-4.050686 4.427592 3.468748 
-3.146143 3.909286 4.333425 
-2.450955 2.216568 5.002294 
-3.095487 2.843928 5.233057 
-3.092727 2.796262 4.443102 
-3.458322 3.252237 3.048230 
-3.668891 4.148827 3.477091 
-3.362711 5.160160 3.567084 
-2.451283 5.323066 3.367641 
-2.143334 4.196714 2.761233 
-2.439668 3.787208 3.372076 
-2.545820 3.558277 4.205011 
-3.004190 4.210990 4.351345 
-2.064899 5.351043 3.587237 
-2.069176 5.022562 4.386409 
-2.056592 4.395367 4.400018 
-1.566026 3.930521 5.326296 
-1.619761 4.359608 4.887813 
-0.785058 4.482920 4.906979 
-0.423498 3.844360 4.608250 
-0.965901 5.264073 5.252001 
-1.526752 5.134254 4.673236 
-1.419366 4.549536 4.964856 
-1.908347 4.560999 3.809584 
-2.327918 3.989739 3.179751 
-1.845347 4.643154 3.365274 
-0.960855 5.093509 3.792805 
-0.382741 4.868371 3.548838 
-0.100940 4.476362 2.236843 
-0.789910 3.719066 2.447061 
-1.671356 2.809963 2.603481 
-2.352393 2.893972 3.338642 
-1.679844 3.211026 3.032202 
-0.744752 4.211058 3.300714 
-0.124405 3.410782 3.726813 
-0.698779 3.426235 3.720972 
-1.050690 4.481631 3.819612 
-0.913067 4.745248 3.676982 
-0.946290 4.621933 2.918536 
-0.988061 5.604692 2.971088 
-0.556807 5.058451 2.860837 
-0.439616 3.454084 2.676245 
-0.664950 3.340440 1.887267 
-0.630890 4.983987 1.898155 
-0.435542 5.759951 1.856562 
-0.987073 5.114555 1.875264 
-1.480855 5.477610 1.960001 
-1.533458 6.045709 2.067814 
-1.354838 5.682668 2.306945 
-2.846486 5.283750 3.065104 
-3.237017 6.591391 3.827380 
-7.031828 2.870339 -0.936400 
-6.007611 2.071754 -1.185054 
-5.301047 1.480638 -0.981817 
-4.861616 0.609498 -0.914479 
-5.011216 0.643448 -0.213356 
-5.403550 0.855629 0.116325 
-5.527462 0.281558 0.515773 
-5.805050 -0.663331 -0.022095 
-5.905811 -0.978439 -0.743782 
-5.617290 -0.845961 -0.496237 
-6.012537 0.301932 -0.630429 
-5.589222 1.236906 -0.610824 
-5.030757 1.477198 -0.548904 
-5.798464 0.486195 -0.288679 
-5.640692 0.005955 0.439183 
-4.571194 -0.771467 0.703565 
-4.068004 -1.227874 -0.092197 
-4.168340 -0.989109 0.375880 
-4.390398 0.661000 0.985843 
-5.077738 -0.510886 1.341774 
-4.277056 -1.238454 1.525162 
-4.448044 -1.988232 1.880113 
-4.537904 -1.809389 2.227161 
-5.345340 -1.206094 1.961760 
-4.712612 -0.843266 1.323950 
-4.614373 0.567273 1.393998 
-4.795189 0.662329 2.183952 
-3.848963 -0.187129 1.735416 
-3.716112 -1.185785 1.370836 
-3.862098 -1.545945 2.476181 
-4.242501 -2.041460 3.155535 
-4.925063 -1.769475 3.411016 
-5.409744 -1.531204 3.070278 
-5.085311 -0.523886 3.299585 
-5.323021 -0.531862 2.269452 
-4.998681 0.378754 2.198502 
-4.767809 -0.433203 3.164141 
-3.176254 -0.613645 3.113690 
-2.899200 -0.718470 4.801034 
-3.760626 -0.648608 4.365727 
-4.457739 -0.252800 3.656519 
-4.776615 0.542510 2.744291 
-4.416252 0.290324 3.265350 
-3.744668 -0.188433 2.412084 
-3.308314 -1.240701 2.493612 
-2.734225 -0.884495 3.575657 
-2.516569 -1.047774 4.388700 
-2.909565 -0.136720 4.136277 
-2.230330 -0.036994 4.690221 
-2.325706 -0.883462 5.297271 
-2.611336 -0.715901 5.039430 
-3.961300 -0.333693 4.491675 
-4.461327 0.002326 3.918789 
-3.445053 0.351286 4.785611 
-4.356877 0.366801 4.438698 
-4.718559 1.372478 4.472220 
-4.972487 1.420297 3.875667 
-4.904868 1.712194 3.190012 
-3.991356 0.848276 2.949255 
-2.878429 0.560598 3.679640 
-1.761496 0.857686 4.868341 
-2.584877 0.580934 4.719117 
-3.479694 -0.720360 3.645792 
-4.362933 0.921900 4.203819 
-4.954586 1.790599 4.313085 
-4.598087 0.831826 4.014263 
-3.915175 1.656098 4.674241 
-3.484850 1.946855 5.065616 
-3.276375 1.257019 5.073457 
-2.935203 2.068208 4.916631 
-1.773881 2.127036 4.464764 
-2.549810 2.807446 4.701827 
-3.989684 2.722582 4.681877 
-4.105170 2.042879 4.712091 
-4.263924 2.518408 4.005707 
-4.138367 2.627289 4.255640 
-3.640284 3.085698 4.450807 
-3.123190 3.959115 3.480923 
1.111101 5.983362 -0.242340 
-0.959163 4.767741 -0.024562 
-2.269495 3.931983 0.521914 
-2.982142 3.935078 0.891913 
-2.878578 4.824616 1.210226 
-2.618454 4.435534 0.903626 
-2.903829 4.735362 -0.372336 
-3.823553 4.474331 -0.948626 
-2.206724 5.029096 -1.157125 
-2.650170 5.132752 -1.495740 
-1.867749 6.340064 -1.351692 
-1.400644 7.647512 -1.401301 
-2.370172 6.077222 -0.975540 
-3.065569 5.724526 -0.015056 
-2.537319 4.889530 0.370076 
-2.231988 3.951827 -0.312799 
-3.562825 3.994082 -0.380933 
-3.356275 4.625402 0.350523 
-3.872747 5.141674 0.988604 
-3.732025 5.465803 -0.083365 
-4.126433 5.300262 -0.908193 
-3.848948 5.065350 -0.504777 
-4.216746 3.941484 0.506033 
-3.461605 3.468015 1.351802 
-3.053892 4.375506 2.327075 
-3.545449 5.402587 1.758325 
-3.959798 6.184384 1.038415 
-3.881458 5.982473 0.108785 
-4.558679 5.739332 0.539378 
-4.668193 5.081758 1.699763 
-4.211568 5.051976 1.895385 
-4.526580 5.852727 1.191339 
-3.756872 6.054478 1.162460 
-2.963221 6.695560 0.794745 
-2.738241 6.468466 0.177056 
-2.836634 7.184611 -0.079866 
-2.180736 7.235538 -0.427860 
-2.389879 7.123778 0.661982 
-2.810942 6.083673 1.655440 
-2.945365 5.720687 2.172428 
-2.531191 6.035621 2.216937 
-2.919147 4.961391 1.952707 
-2.125132 5.645676 2.124113 
-0.772843 6.117698 2.033755 
-0.508433 6.830139 0.998945 
-1.243967 7.213771 1.457066 
-1.594102 6.865793 1.257195 
-2.368955 7.343910 0.938666 
-2.137123 7.080850 0.207388 
-0.419030 6.298463 0.368498 
-1.317813 5.911216 0.137244 
-2.086532 4.751903 -0.258859 
-2.439910 5.455407 -0.532201 
-1.459913 5.881305 -0.722227 
-0.290619 6.109061 0.035237 
-1.214143 4.825034 -0.313658 
-0.490248 4.661274 -0.411634 
-0.144776 5.173780 0.701165 
0.219161 5.829175 1.900603 
-0.620401 6.346825 2.103768 
-0.597677 6.488646 1.485789 
-0.788511 7.071083 0.969733 
-0.865599 6.243904 0.174128 
-1.650261 6.744911 0.299129 
-1.931432 6.697898 1.535842 
-1.998855 5.840338 1.279969 
-0.638436 4.870974 0.944461 
0.127053 5.935125 1.328922 
-0.094217 5.830370 0.614406 
-0.538044 5.438905 0.092571 
-0.991902 5.046707 -0.784521 
-0.667235 5.384775 -0.642779 
-0.856033 4.916079 -0.846737 
-0.379267 5.417265 -0.097583 
-1.284945 5.924149 -0.963011 
-1.142472 5.368682 -1.374153 
2.667587 3.967795 -5.229755 
1.403447 3.320982 -4.514249 
1.364587 2.583137 -5.473409 
0.350726 2.913243 -5.870172 
1.021553 2.836184 -5.966160 
0.994439 1.584836 -5.719124 
0.381177 1.757041 -5.582850 
1.870891 1.889646 -5.279035 
2.701187 1.377052 -5.400152 
2.326406 1.440541 -4.960994 
1.020898 1.099829 -4.063991 
0.453695 0.866209 -4.941713 
0.475005 -0.392454 -3.814370 
0.550247 -0.821319 -4.902415 
-0.466554 -0.256184 -5.785528 
-1.492260 -0.315056 -5.601887 
-0.478500 0.788034 -6.115200 
0.350112 0.378726 -5.564888 
-0.499081 0.822417 -5.094691 
-1.041665 1.719730 -5.965074 
-1.219208 2.128195 -5.737516 
-0.282496 0.779414 -5.659712 
-1.550947 0.540004 -4.617113 
-1.965180 0.987653 -4.963979 
-1.920126 1.059308 -4.168608 
-1.319328 0.356261 -5.184151 
-1.984455 0.524170 -4.278639 
-1.960278 1.827650 -3.142736 
-2.344374 1.793469 -3.589428 
-1.376379 1.582419 -4.830397 
-1.465546 1.047093 -5.588555 
-1.581824 0.379830 -5.266358 
-0.896839 -0.579614 -5.631264 
-1.203840 -0.950252 -5.444596 
-1.438331 -0.754802 -5.636966 
-1.243989 -1.067160 -4.751676 
0.243434 -1.486822 -3.673309 
0.166284 -1.496728 -4.439922 
-1.230054 -1.439189 -4.949195 
-0.102787 -1.652447 -5.062299 
-0.446247 -0.897004 -5.340715 
-0.514312 -0.923108 -5.105835 
-1.301992 -1.202989 -3.872703 
-1.234836 0.142971 -2.789910 
-0.734052 0.701960 -2.115436 
-1.744739 0.782696 -2.361720 
-2.072329 -0.238777 -2.874145 
-1.941054 -0.851891 -2.849794 
-0.989684 -1.223331 -3.250834 
-1.258712 -1.059671 -3.659202 
-1.733563 -1.560854 -4.567168 
-1.738144 -1.173709 -3.688525 
-1.638983 -0.014591 -2.590298 
-2.000691 -0.048324 -2.425425 
-1.910366 0.158797 -2.992153 
-0.785901 0.109334 -2.790270 
-0.451184 -0.423068 -2.903808 
-0.471333 0.293278 -2.437333 
-0.820296 0.780839 -3.609268 
-0.415220 0.265749 -4.208345 
-0.277271 0.064469 -4.726193 
0.013420 0.236725 -4.107686 
0.073722 0.190555 -2.769989 
0.779093 -0.160966 -2.039791 
0.031243 0.437735 -2.000495 
-0.751370 0.193147 -3.852905 
-1.987673 0.167897 -3.464182 
-2.405841 -0.601823 -3.994999 
-2.897853 6.721269 -3.716315 
-3.237569 5.741329 -2.181679 
-2.782980 6.033510 -1.582853 
-2.249887 6.370921 -2.547068 
-2.686297 6.360298 -2.060526 
-2.998254 6.953959 -1.340604 
-3.467673 6.883036 -1.586421 
-2.373057 6.850494 -1.406771 
-1.824557 6.401609 -2.117023 
-2.018647 5.162782 -2.661223 
-2.178224 4.512092 -2.517997 
-2.093561 5.050585 -2.180008 
-2.373108 5.402997 -3.052643 
-1.862084 5.585143 -2.878227 
-2.668477 4.287074 -1.960653 
-2.955815 3.911037 -2.033930 
-2.554878 4.242599 -1.773545 
-1.610817 4.897780 -0.564258 
-1.698396 4.998643 -1.041656 
-1.835497 5.521904 -1.619031 
-2.173631 7.063790 -0.999438 
-1.303614 5.967101 -0.401044 
-1.296573 5.008759 -0.890515 
-2.089031 3.738554 -1.773009 
-1.939775 4.004077 -1.157079 
-1.877504 3.181294 -0.995581 
-1.961304 1.860291 -1.346814 
-2.047639 2.701598 -1.316069 
-1.704346 3.338956 -0.545954 
-0.462064 2.869064 0.335641 
-0.041662 3.236777 0.965128 
0.300591 2.931103 1.153089 
1.075284 1.943957 0.156271 
0.942349 1.213769 -0.929677 
-0.132184 1.056484 -1.471227 
-0.786300 1.532353 -0.854593 
-1.549690 1.608901 -0.737759 
-1.007141 1.451965 -0.819211 
-1.133329 1.162446 -1.492480 
-2.213728 1.403739 -1.563153 
-1.503628 1.859382 -0.310042 
-0.793781 2.091104 -0.246859 
-1.313537 1.948778 0.295960 
-1.038591 2.139424 0.003553 
-0.937022 1.947454 -0.034960 
-0.273504 1.572699 -0.730161 
-0.514624 1.902945 -1.054734 
0.421762 2.175065 -1.291884 
1.179036 2.234471 -1.616156 
1.715792 2.475559 -1.174685 
1.327660 1.466817 -1.734348 
0.451837 1.439369 -1.732764 
-0.469122 1.544764 -1.622151 
0.134050 1.031867 -1.782026 
1.610706 1.315532 -1.635696 
0.983402 2.123968 -0.800703 
-0.226445 1.917133 -0.386549 
-0.568774 1.131739 -1.407706 
-0.421185 0.881915 -1.061611 
0.836986 1.779176 -0.382508 
1.576224 2.197840 -0.959947 
2.129786 1.311696 -1.658494 
1.309004 0.773635 -1.829581 
-0.075670 -0.025251 -2.280260 
-0.961912 -0.448230 -2.204994 
1.798714 -4.880558 -7.067851 
1.975755 -4.393853 -5.592383 
1.925039 -3.893278 -3.922572 
1.832615 -4.422665 -4.137410 
1.810730 -5.309467 -4.654277 
0.710936 -5.330703 -4.732308 
1.092005 -5.075984 -5.195664 
1.877673 -4.421019 -5.134766 
1.797586 -3.440559 -5.492227 
1.396790 -4.520091 -4.882775 
1.554844 -4.858515 -3.808387 
2.260813 -4.389577 -3.286019 
1.528245 -4.127696 -4.317077 
1.846531 -3.835947 -5.051606 
2.715276 -4.287142 -5.171106 
2.535989 -5.391653 -5.079674 
2.515776 -5.660261 -5.180281 
3.253760 -5.065986 -4.962649 
3.272681 -5.680883 -4.685606 
3.636835 -5.671589 -3.589925 
3.247444 -5.113625 -3.094751 
2.929890 -3.897901 -2.264685 
2.446822 -4.304142 -3.320699 
3.573636 -4.774947 -3.229698 
4.571652 -3.846318 -3.733216 
4.319614 -4.269689 -3.857864 
3.964860 -5.321298 -2.954709 
4.117200 -4.802474 -3.064283 
3.795161 -5.586706 -3.523483 
2.535059 -5.503534 -3.712901 
2.215792 -4.705726 -3.975224 
2.568457 -3.515382 -4.118564 
3.103523 -3.696578 -2.705890 
4.112131 -4.872334 -2.436353 
4.242127 -4.360520 -2.437140 
3.273802 -3.772281 -1.551955 
3.241202 -4.749267 -1.527410 
4.046689 -5.200859 -1.934697 
4.408091 -4.867213 -2.952103 
3.566718 -4.768856 -3.534538 
3.539084 -4.147584 -1.826532 
3.927929 -3.362880 -0.581569 
2.724042 -2.846995 0.271196 
2.956975 -3.572138 -0.944231 
4.034471 -3.662862 -0.248662 
4.599520 -3.801131 -0.815210 
3.955368 -4.560889 -0.885656 
4.277473 -4.255640 -1.115623 
4.645623 -4.276515 -0.610497 
3.666773 -4.362144 -0.189912 
4.453792 -4.537348 0.265739 
5.027516 -3.934888 0.230750 
5.196326 -3.058028 0.808751 
4.624066 -3.175078 0.679776 
4.592387 -3.020763 -0.658692 
3.985247 -2.400970 -0.968915 
4.899681 -2.285286 -0.640360 
4.955303 -2.616619 -0.207943 
5.195587 -1.923193 0.352866 
5.071893 -1.689003 -0.444884 
5.298008 -1.700240 0.209542 
4.646045 -1.411777 0.777414 
4.543142 -0.494937 0.884642 
4.614768 -1.281153 1.376500 
4.709057 -0.968214 0.698290 
4.855846 -1.282354 0.595884 
3.984800 -1.206446 -0.074451 
4.166407 -1.464127 -1.235547 
5.659472 -0.945798 -1.901380 
2.585297 0.369884 -2.103686 
1.597550 0.780228 -3.268882 
2.071661 1.911393 -4.018153 
0.733543 2.221664 -2.815853 
1.307079 1.967592 -3.183349 
1.156885 0.293210 -3.871493 
0.150275 -0.229154 -3.125866 
0.701984 1.413106 -3.353179 
0.844185 2.759128 -2.855463 
1.449818 2.646749 -3.373413 
1.488524 1.831890 -3.596088 
1.273698 1.130445 -3.815399 
0.160761 0.998641 -4.038558 
-0.613282 1.387906 -3.903884 
-0.821075 1.029629 -4.119411 
-0.577286 1.356114 -3.033237 
0.313718 1.186770 -2.333759 
-0.398281 0.871995 -1.968701 
-0.614938 0.052990 -1.765859 
-0.408371 -0.464649 -2.110828 
0.699183 -0.295858 -2.554892 
-0.086610 0.160630 -3.877235 
-0.110968 0.863888 -3.481432 
0.644963 0.244750 -3.178593 
2.215304 0.425408 -3.305450 
1.562621 1.459247 -2.745561 
0.369328 2.745047 -2.386347 
0.428280 2.352438 -2.944742 
0.742575 1.236903 -1.628753 
0.158984 0.084957 -1.302129 
0.508794 -0.027548 -0.791676 
0.244514 0.630460 -0.447289 
0.668601 -0.046691 0.334864 
-0.076405 0.084990 0.799082 
-0.451303 0.885332 0.848026 
-0.157789 1.139488 0.773980 
-0.334022 1.167182 0.071049 
-0.340010 -0.463284 -0.553204 
0.665486 -1.246774 -0.847548 
0.796378 -0.267431 0.098640 
0.478064 1.045084 1.353759 
0.915486 0.698388 1.303055 
-0.108558 0.768302 1.366255 
-0.118750 0.573291 -0.154029 
-0.563856 -0.170332 -0.773064 
1.039528 0.203079 0.469483 
1.909434 1.558238 1.336421 
2.752307 2.046441 1.721723 
2.949758 2.544919 2.454935 
1.385819 2.085745 2.465746 
0.994738 0.916166 1.260357 
0.560472 2.085493 1.395085 
1.094082 1.579305 1.237475 
2.511319 0.491529 0.997783 
3.237273 0.497490 0.395098 
2.626829 1.190607 0.078900 
2.888795 2.448500 -0.186013 
2.181515 2.742567 -0.615651 
2.188769 2.256485 -0.701593 
2.226373 1.326928 -0.669512 
2.180708 0.040453 -0.362470 
1.115648 -0.041798 -1.143916 
1.377045 0.409366 -0.637950 
1.697270 1.311625 0.167531 
-1.005416 -2.921337 1.562154 
-0.807514 -3.783118 3.105360 
-0.781856 -3.071803 2.880677 
-1.219501 -2.694499 2.649039 
-1.621000 -3.113049 3.119466 
-1.334504 -3.724457 3.937590 
-2.043964 -3.352103 4.300071 
-1.791113 -3.467366 4.488366 
-0.868603 -3.553825 4.023968 
-0.001910 -2.864984 3.674864 
0.596122 -2.574295 3.184263 
0.813336 -1.760033 3.467517 
0.892167 -3.138512 3.809967 
1.416336 -3.503861 4.676721 
1.450651 -3.188331 4.619626 
1.379336 -2.909537 4.802481 
1.194101 -3.791301 4.487038 
1.539755 -4.226931 4.662900 
1.500675 -4.580377 4.455939 
1.725749 -4.665700 3.998190 
0.432699 -4.426503 4.186791 
-0.452661 -3.463903 4.372826 
0.620553 -3.676600 4.390741 
1.933386 -3.098586 4.325011 
3.225457 -2.346342 4.019730 
3.383204 -3.434617 3.819039 
3.180126 -2.827763 3.514586 
3.174678 -2.751221 4.170387 
2.780785 -2.862585 3.650667 
2.614076 -4.335908 3.306376 
1.609332 -4.286851 3.420486 
1.586796 -3.331920 4.352178 
2.284846 -3.739846 4.596043 
1.908810 -3.048772 4.866189 
1.698734 -2.207075 5.388661 
2.315592 -2.378532 4.636785 
2.540240 -2.272035 4.234606 
2.045552 -2.419362 3.364106 
1.831607 -3.045774 4.547403 
1.124985 -2.648861 4.321383 
0.166794 -2.367253 4.830638 
0.497308 -2.052747 4.170280 
1.718642 -1.307169 4.000977 
1.845489 -0.415616 4.727560 
1.064101 -1.309037 4.614070 
1.240205 -1.278836 5.212630 
1.318841 -0.339196 5.643908 
1.549498 -0.558542 5.848746 
0.590641 -0.956319 5.771104 
1.382604 -1.659353 5.604250 
2.640600 -1.449315 4.994500 
3.394960 -0.872766 3.873473 
3.063455 0.316218 3.375706 
2.521256 0.792384 4.194424 
1.586518 1.103407 4.159560 
0.618656 -0.015386 3.806006 
0.610648 -0.620843 3.913599 
1.207958 -0.801998 3.926422 
1.328531 -0.428526 5.211193 
2.363086 -0.210486 5.444006 
2.669037 0.602117 4.779537 
3.307990 0.474375 4.568249 
3.698885 0.257869 5.271104 
-1.899580 -1.080397 0.320658 
-1.500893 0.262387 1.198943 
-0.774427 0.505189 1.778852 
-0.496148 -0.374204 1.762546 
-0.083938 -0.517329 0.805157 
-0.788405 -0.673634 0.508389 
-0.808857 -0.655026 1.450577 
-0.170539 -0.588720 1.938618 
0.482326 -1.108839 1.176458 
-0.100977 -1.402812 0.884163 
0.163377 -0.872078 1.696814 
1.164406 -0.530704 2.001414 
2.204516 0.253223 2.709738 
3.499516 0.543502 3.552917 
3.844313 -0.197759 2.842377 
3.697437 -0.606492 3.757884 
2.732332 -1.148613 3.837592 
3.513775 -1.420578 3.215302 
3.378834 -1.229150 4.365868 
3.332916 -1.399620 4.586755 
3.176700 -1.493076 3.602311 
2.691172 -0.918316 3.006883 
2.115947 -0.238810 3.194863 
1.789644 0.016851 3.559199 
1.767793 0.537539 2.485218 
2.868261 -0.064627 2.822853 
3.420200 -0.940037 3.182542 
3.188577 -1.812438 2.658318 
3.804404 -1.425321 2.287388 
3.609667 -0.445974 2.597542 
2.376794 -0.157207 2.539330 
0.711000 0.092288 2.860959 
1.090044 -1.539067 2.704735 
1.771714 -2.960710 2.492309 
1.954093 -2.309576 1.797510 
2.931668 -2.152850 2.047873 
3.951926 -2.668952 1.994779 
3.823119 -2.622083 1.409616 
4.373468 -2.132610 0.953111 
3.662303 -3.095332 1.496853 
4.125636 -3.774061 2.107220 
4.806015 -3.834906 2.058573 
4.465987 -2.829986 2.929357 
4.594061 -2.660115 2.721479 
4.532125 -1.887239 2.994411 
4.409849 -1.607724 2.872775 
4.327016 -1.606095 1.646835 
4.190482 -2.724712 1.673348 
3.287395 -4.276583 2.084552 
2.447845 -3.810432 1.979878 
2.914075 -2.970177 1.195625 
3.067736 -2.403337 0.398741 
2.629486 -2.772527 1.621223 
3.051284 -3.354204 1.842250 
3.932137 -3.379191 2.523662 
4.529453 -3.599367 1.438920 
4.000695 -4.058770 0.742259 
3.251465 -3.572998 1.278272 
2.261362 -3.040299 2.263486 
2.851330 -3.633417 2.171790 
3.545887 -4.228121 2.643512 
4.132608 -4.126566 1.746793 
4.289505 -3.344191 2.820388 
-1.111206 -4.201048 -5.991582 
-0.372004 -3.326813 -5.240131 
0.039656 -3.630372 -5.557243 
-0.139082 -3.045344 -5.854272 
0.747575 -1.920905 -5.016244 
1.404922 -0.629362 -4.219075 
1.789753 0.005690 -3.451438 
1.834605 -0.143741 -1.652966 
1.415257 -1.547215 -1.592400 
1.385679 -2.387128 -2.415495 
1.125332 -3.391597 -3.989339 
1.675049 -3.409918 -2.648413 
1.430611 -3.410502 -1.463666 
1.941813 -2.934375 -0.806255 
1.741577 -2.716967 -2.045602 
2.294933 -2.426663 -3.021831 
1.294373 -2.234045 -3.431884 
0.297433 -1.712624 -1.894239 
0.596055 -1.610005 -1.963378 
1.641484 -1.160569 -2.372122 
2.190705 -1.296378 -3.013591 
2.300547 -1.069814 -2.292094 
1.841256 -0.170263 -0.920092 
1.381810 -1.132314 -1.036320 
1.590267 -0.678682 -2.079548 
0.938305 -0.986273 -2.311886 
0.828237 -1.808662 -1.438723 
0.210519 -2.491143 -1.992498 
1.258132 -2.139308 -2.977398 
1.049611 -2.346837 -3.878971 
0.328960 -1.914447 -3.214993 
-0.060477 -1.398748 -2.854683 
0.589312 -0.659748 -1.628519 
-0.084382 -1.114137 -1.380334 
0.095907 -1.040369 -0.623987 
-0.416076 -0.805180 -1.316797 
-0.118871 -1.486929 -2.377011 
0.298936 -1.313957 -1.821937 
0.108281 -1.510519 -0.624154 
1.002820 -1.044842 -0.689131 
0.738778 -0.256397 -1.569823 
0.354933 0.104799 -2.493312 
0.680160 -0.646151 -2.865564 
1.254786 -1.503649 -3.183879 
0.651839 -2.681891 -2.809318 
0.320225 -2.470220 -3.063581 
-0.456461 -2.356653 -3.068337 
-0.616443 -2.517998 -3.484148 
0.043867 -3.007983 -3.368152 
0.292872 -2.660778 -2.951589 
1.885567 -2.415912 -2.608165 
1.174522 -2.570371 -2.978264 
0.198414 -2.490846 -4.079785 
-0.415107 -1.892070 -3.947763 
-0.601270 -1.376994 -3.070188 
-0.826952 -1.159456 -2.613960 
-0.972878 -1.720310 -3.096154 
0.434447 -2.786199 -3.716111 
0.479779 -3.378094 -4.315818 
0.203261 -2.599034 -4.357868 
0.827594 -1.596472 -3.471094 
0.910308 -1.327686 -3.224672 
0.464275 -2.365065 -3.336144 
1.661202 -2.916333 -3.629073 
2.041487 -2.943269 -4.205214 
0.702311 -3.949968 -5.702431 
-5.231757 -2.225732 -1.680254 
-4.701341 -2.063959 -0.341804 
-4.208385 -2.479665 0.248907 
-3.909796 -2.351231 0.810159 
-3.527866 -3.061121 1.087051 
-2.677268 -4.196601 0.113009 
-3.225892 -4.217504 0.508453 
-3.319845 -3.994311 0.507245 
-3.023201 -4.848846 1.041820 
-3.965907 -3.276909 0.540930 
-4.891431 -2.175241 0.030599 
-4.868800 -1.912928 0.488682 
-4.209496 -2.483016 1.199413 
-3.703147 -2.616136 1.011535 
-3.026328 -3.557286 1.283778 
-2.184257 -3.123395 1.285136 
-2.153351 -3.300457 1.817203 
-2.477452 -2.714833 1.409529 
-2.777315 -3.656967 0.627541 
-2.569006 -4.413257 1.274444 
-3.287153 -3.585020 2.480492 
-3.478794 -3.756672 2.348388 
-3.772843 -3.943149 2.249492 
-3.157760 -3.901136 2.847868 
-2.920136 -4.593443 2.882780 
-2.885777 -3.892450 3.266697 
-3.198443 -2.517679 3.037246 
-3.455044 -2.174163 3.683679 
-3.282236 -2.194317 3.812533 
-3.819777 -2.973821 2.754519 
-3.597264 -2.174117 2.779418 
-2.398276 -2.347009 2.711165 
-1.846404 -1.794879 3.038978 
-1.314104 -2.253153 4.299387 
-1.626575 -2.558296 4.754943 
-2.526736 -1.986257 4.548769 
-2.898490 -2.401808 4.214874 
-2.446307 -3.184560 3.691903 
-2.431104 -3.702165 2.757824 
-2.365986 -2.765713 3.147109 
-2.698302 -2.394663 3.894962 
-1.519892 -2.183876 3.605621 
-0.669772 -2.262570 3.544794 
-1.496975 -3.514883 2.912152 
-1.835560 -2.897654 4.133710 
-1.645428 -2.071296 5.284258 
-1.762363 -1.904368 5.481065 
-1.448673 -1.776866 5.312957 
-1.248214 -1.544320 5.378836 
-0.833017 -1.498725 5.754033 
0.240259 -0.657578 5.316650 
-0.111142 -0.322061 4.689882 
-0.545736 -0.806538 5.079920 
-1.007091 -1.556024 4.800551 
-0.045781 -2.817935 5.204455 
-4.225712 -0.114418 -2.162311 
-3.781125 0.235295 -0.938673 
-4.226778 0.348908 0.187402 
-3.741290 0.384491 0.288541 
-3.642901 1.149135 1.467553 
-3.295874 1.646102 1.459277 
-3.194276 0.463620 2.365798 
-3.204476 1.008679 3.958472 
-1.982427 1.183143 4.398998 
-0.803416 1.871970 3.681311 
-1.792148 1.079134 3.321463 
-1.591495 -0.644433 3.502346 
-0.343135 -1.008903 2.961918 
-0.498956 -1.276227 3.326419 
-1.297119 -1.133050 3.155646 
-1.386902 0.064962 3.683011 
-1.419610 1.382348 3.920030 
-1.004043 0.565016 4.960112 
-0.465989 -0.311199 4.953399 
-1.525342 -0.278349 5.032878 
-1.525549 0.410092 5.035216 
-1.335174 0.847016 5.437286 
-0.659375 1.137764 5.651833 
-1.349431 1.465370 5.465278 
-0.795435 2.054623 5.299227 
0.600316 2.882460 4.831916 
0.384110 2.730275 5.122532 
-0.658256 1.618610 5.753840 
-0.114349 1.353109 5.800535 
0.641051 0.882185 5.841412 
-0.095169 1.698938 5.144848 
0.707470 1.447000 5.740012 
0.333839 2.115679 5.392569 
-0.389308 2.226211 5.719006 
-0.347846 1.830148 5.464793 
-0.706694 0.338295 5.694284 
0.056468 0.457372 6.162849 
0.571290 -0.392062 6.091884 
0.166772 -0.185003 5.713666 
1.208772 0.761942 5.291272 
1.380822 1.466957 4.955915 
1.748818 2.989574 4.516803 
2.620233 2.651668 3.927877 
1.607194 2.267519 4.451846 
2.083159 1.638299 4.464766 
2.226276 1.824775 4.083321 
2.547103 1.358562 3.860860 
1.245332 1.295732 3.185403 
0.807939 1.537224 4.407491 
0.439590 1.036055 4.723712 
0.314327 0.407112 3.724714 
-0.750920 0.276285 3.860588 
-5.090278 3.918481 -1.963184 
-4.526478 2.909218 -1.518672 
-3.934631 2.607566 -1.084321 
-2.265065 2.776320 -0.799633 
-0.971875 3.829236 -1.684335 
-0.874659 4.998934 -2.231135 
0.023603 4.589413 -1.959299 
-0.815210 4.101430 -1.560919 
-0.518262 4.351057 -1.886723 
-0.676945 2.977112 -1.913665 
-0.859721 2.755472 -2.049277 
-0.375121 2.793222 -0.657757 
-0.826554 2.667597 0.661204 
-1.287996 3.598472 1.636920 
-2.671818 3.973792 2.027980 
-2.740940 3.195972 1.481992 
-2.266741 3.210735 1.002741 
-1.406517 4.129617 -0.065587 
-0.396301 3.733839 0.112645 
-0.802840 3.884811 0.784407 
-1.000847 3.659484 0.022474 
-0.417302 2.891982 0.122787 
0.599262 3.080694 0.819219 
0.756973 2.878695 1.151913 
1.101248 2.129882 1.512688 
1.873645 2.873437 1.558335 
2.589306 2.800945 1.389082 
3.674085 1.768859 1.111852 
3.648461 2.304037 0.723826 
3.606004 2.080333 0.937441 
3.880415 2.123137 1.743929 
3.794302 2.231911 2.393042 
3.886939 2.184095 1.344846 
2.861514 2.621939 1.003846 
2.952478 3.438762 2.214900 
3.076006 2.956976 2.358044 
3.253950 2.089707 2.573749 
2.440137 2.572071 2.318257 
2.230815 2.011589 2.023784 
2.627644 2.197745 1.267533 
2.416116 2.176232 0.725115 
1.766846 1.846160 0.380014 
2.442899 1.976694 0.782723 
3.065282 1.662681 1.349601 
3.033032 1.727695 2.593672 
2.830126 1.475700 2.032372 
4.115586 1.314516 2.056513 
3.715456 1.622626 3.168378 
3.964103 1.981431 2.948098 
4.546020 1.223103 2.489556 
-1.679654 -2.334758 -0.365030 
-1.351855 -3.067806 -1.482250 
-1.231827 -3.446103 -2.345959 
-1.917257 -3.543447 -2.838019 
-1.340873 -3.780055 -3.018894 
0.364815 -3.216008 -2.940658 
-0.362074 -3.980164 -1.421197 
-0.530398 -4.671715 0.066227 
-0.953771 -4.112847 0.017728 
-0.506623 -3.730232 -0.577138 
-1.065827 -4.597156 -0.887881 
-1.331982 -4.111983 -0.416673 
-0.227262 -4.283548 -1.561028 
0.454422 -4.703117 -0.542924 
0.185298 -3.988815 -0.299497 
0.633367 -4.249682 0.581067 
1.119497 -4.183665 -0.237847 
1.088233 -4.302782 -1.656493 
1.671938 -4.191913 -1.982391 
2.549765 -4.236015 -0.243138 
2.199184 -4.301337 0.546845 
1.796671 -5.127807 0.396858 
1.718311 -4.632826 -0.050705 
2.074536 -5.943684 -0.252742 
2.734988 -6.542819 -0.846562 
3.396431 -6.280858 -0.528091 
3.178749 -5.942414 0.609907 
3.138107 -5.189440 0.590690 
3.338576 -5.879637 0.408183 
2.575574 -5.769196 -0.101457 
2.187505 -5.161843 0.677385 
1.704342 -4.960969 1.076553 
1.345455 -5.248481 0.727754 
1.194607 -4.532144 0.644404 
1.784873 -4.225209 1.160975 
1.883247 -4.881900 1.913044 
3.221583 -5.077003 0.847198 
3.854095 -5.467131 -0.359422 
3.881090 -5.863462 -0.233849 
2.953708 -5.137264 -0.351533 
1.855971 -5.961345 -0.389562 
1.913321 -6.362290 0.522912 
2.427727 -5.278400 0.806644 
3.301927 -5.326759 0.709302 
3.218360 -5.818013 0.762979 
3.372140 -5.815099 -1.162688 
3.543566 -6.465686 -0.386948 
4.364664 -6.604503 -0.840210 
-1.777236 -4.029308 -4.680616 
-0.588453 -4.358771 -3.398482 
-0.225189 -4.932523 -2.298365 
-0.025635 -4.841777 -3.039047 
0.224978 -5.119954 -4.098388 
0.033300 -3.679460 -3.658102 
-0.151214 -5.198746 -3.629563 
-0.647021 -5.092635 -3.672771 
-1.164886 -5.384060 -3.633279 
-0.960264 -5.986672 -3.068797 
-0.303713 -6.481240 -2.905918 
0.835990 -6.174836 -3.315039 
1.898657 -5.454109 -3.671597 
1.935569 -5.942228 -3.374722 
1.083201 -5.753928 -3.468449 
1.215971 -5.644855 -2.523825 
1.039233 -6.423754 -2.763746 
0.316147 -6.025601 -3.160193 
0.301953 -6.399104 -2.033833 
1.148925 -5.925831 -1.423391 
1.661113 -5.767300 -2.353385 
2.198967 -5.212570 -2.537553 
1.916227 -5.474201 -2.140969 
1.926901 -4.326509 -1.974144 
2.138410 -3.856497 -2.933378 
2.427991 -5.517589 -2.724668 
2.767744 -6.452394 -2.419594 
2.180859 -6.279319 -2.069622 
1.836883 -6.570576 -1.346253 
3.150696 -6.222006 -1.345148 
3.904549 -5.740428 -1.708822 
3.544868 -5.921026 -1.976983 
-5.328304 -5.361037 0.991059 
-5.104933 -4.697082 -0.266927 
-4.037980 -3.647452 -0.992483 
-2.696512 -2.486265 -1.635533 
-1.304942 -1.540479 -2.347351 
-1.933015 -2.050415 -1.754915 
-2.060549 -3.116124 -2.237410 
-2.950799 -3.419933 -2.131430 
-2.694932 -2.484781 -2.395216 
-2.684069 -2.146140 -1.777668 
-2.268203 -3.297331 -1.301957 
-1.970150 -4.623193 -0.680044 
-2.563181 -5.376619 -0.600955 
-3.277438 -5.796113 -0.067051 
-3.464115 -6.886762 0.626279 
-4.081381 -6.087482 0.825769 
-4.418204 -4.991102 -0.222924 
-4.916809 -4.441425 -1.304966 
-3.797736 -4.274534 -2.103096 
-2.922283 -3.620433 -1.698574 
-2.405082 -4.711497 -1.965564 
-2.432630 -4.520257 -2.525989 
-2.585848 -4.785084 -1.635651 
-2.845702 -4.523766 -0.507732 
-3.215967 -4.843016 -0.873912 
-3.175325 -4.135845 -0.434491 
-3.465450 -4.294558 -0.970630 
-2.392353 -4.937708 -1.655626 
-2.134054 -5.455566 -2.863543 
-1.465977 -4.616812 -3.201917 
-0.838630 -5.202445 -3.749503 
-0.979448 -5.100547 -2.879536 
-1.620502 -5.649673 -2.433754 
-1.967188 -5.829761 -1.463345 
-2.041670 -6.121641 -0.782554 
-1.832686 -5.575841 -0.937928 
-2.353130 -5.199854 -1.069477 
-3.132088 -4.168908 -1.909476 
-1.844616 -4.900539 -1.530639 
-2.043519 -5.340183 -0.016704 
-1.881773 -5.846690 0.472581 
-0.851077 -6.305228 -0.201367 
0.055456 -6.649508 -0.982492 
-0.184642 -6.592073 -2.171378 
-1.016674 -6.502533 -1.181812 
-0.899622 -6.874321 0.097173 
-0.712168 -6.579589 -0.367140 
-1.128249 -6.056025 -1.351602 
-0.716669 -5.909450 -1.291533 
-0.038446 -6.173612 -1.122773 
0.962934 -6.657942 -0.433119 
0.715010 -6.088436 -0.224923 
0.208665 -5.331121 0.680087 
-0.981428 -5.316513 0.724507 
-0.428829 -5.864840 -0.611184 
-0.307813 -6.398759 0.083340 
1.015083 -6.713321 0.269569 
0.488927 -6.554205 1.391374 
1.413526 -6.625318 1.086950 
0.170996 -6.500562 0.889894 
0.152580 -6.456498 1.809011 
0.184503 -6.321758 2.154599 
0.508376 -5.992744 2.681793 
-0.341049 -6.116310 2.977602 
-0.913301 -6.175961 3.753526 
-0.505447 -5.614768 4.339008 
0.392447 -5.243130 4.083175 
1.272331 -5.239226 3.400722 
1.633181 -5.115345 3.008479 
1.973553 -5.538010 1.983158 
1.007072 -5.729239 2.247620 
0.002290 -6.367367 1.200256 
-0.589704 -5.807879 1.225341 
-0.535412 -4.579115 1.055361 
-0.200875 -4.088440 1.823363 
0.042571 -3.476200 1.964420 
0.153318 -4.109327 2.392025 
-0.560030 -3.259486 1.727029 
0.547114 -3.448134 2.186287 
-0.060232 -4.463278 2.158205 
-1.062542 -5.551182 1.798324 
-0.844665 -5.891219 1.696587 
-1.668255 -5.473170 1.836378 
-1.606941 -5.414063 2.444582 
-0.530439 -5.178533 3.658652 
-1.024513 -4.509167 3.590674 
-1.436818 -4.850972 3.200233 
-0.455143 -5.570620 3.383860 
0.388481 -6.078790 3.780765 
0.894560 -6.858485 4.726406 
