Snapshot 0 0.000000
28.573559 -32.185330 -7.150560 
28.564471 -33.152733 -6.897481 
27.618853 -33.231325 -7.213122 
27.479164 -32.423168 -6.640961 
27.214620 -33.316926 -6.278730 
26.226306 -33.317993 -6.431156 
26.189720 -34.078754 -7.079155 
26.080484 -34.943615 -6.589172 
26.335624 -34.773709 -5.637313 
26.400554 -35.632511 -5.129136 
26.190275 -36.607814 -5.196717 
26.465756 -36.835724 -4.262818 
27.423350 -36.721922 -3.998122 
27.405095 -37.372007 -4.757765 
26.914086 -37.792028 -3.994553 
27.803051 -38.237686 -4.100057 
28.026754 -38.925382 -3.409383 
28.395625 -39.819306 -3.664008 
29.327151 -39.526561 -3.448232 
29.554245 -40.489300 -3.301395 
30.477606 -40.110876 -3.236595 
30.634672 -39.685779 -2.345179 
30.726598 -38.900650 -2.957652 
30.127644 -38.702456 -2.181784 
30.276266 -38.003317 -1.482415 
29.362243 -37.753714 -1.802198 
30.111862 -37.287446 -2.271948 
30.414525 -37.774161 -3.091402 
30.240631 -37.559877 -4.052569 
30.637330 -36.790983 -3.551140 
31.418217 -36.644756 -2.943823 
31.021113 -35.728254 -2.992138 
30.979306 -34.784808 -3.321017 
31.525293 -34.455982 -2.550452 
32.191072 -33.719289 -2.668867 
32.223349 -32.793890 -3.046485 
32.842533 -32.489104 -3.770167 
33.556735 -31.805835 -3.922023 
33.684118 -31.437200 -4.842827 
33.392756 -30.484791 -4.753241 
32.497496 -30.064033 -4.606711 
31.951782 -29.643670 -5.331620 
31.184027 -30.228107 -5.068969 
30.387909 -30.421359 -4.495515 
30.379080 -31.308720 -4.956507 
29.603315 -30.938845 -5.467762 
29.133061 -30.066891 -5.603986 
28.740978 -29.263702 -5.155478 
28.085111 -28.843119 -5.782334 
27.732282 -29.656707 -6.244488 
28.099687 -30.586729 -6.235936 
27.422934 -30.726577 -6.958742 
27.474505 -29.892393 -7.507813 
28.409219 -29.688506 -7.216712 
28.558314 -29.444045 -8.174840 
28.610715 -28.832484 -8.964300 
27.788932 -28.264613 -9.011162 
26.861646 -27.907770 -8.898009 
26.633693 -26.935449 -8.846745 
25.771348 -27.295134 -8.490393 
25.625762 -27.748624 -9.369683 
25.015287 -27.915486 -10.143943 
24.981337 -26.920855 -10.046193 
25.313501 -26.014036 -9.786681 
24.618168 -25.310691 -9.638966 
24.606559 -24.402148 -10.056596 
24.317106 -24.011750 -9.182635 
24.783777 -24.413320 -8.394625 
25.298072 -24.455148 -7.538033 
25.241261 -25.433101 -7.337082 
26.199290 -25.483227 -7.619338 
26.595433 -25.139655 -6.767851 
27.021657 -24.236330 -6.719513 
26.145274 -24.029096 -7.154262 
26.071832 -23.877891 -8.140032 
26.416691 -22.969840 -7.902303 
27.077611 -23.612141 -8.290419 
27.293142 -24.081402 -9.146772 
28.076670 -24.518852 -8.705500 
28.936861 -24.501219 -9.215166 
29.172348 -23.554475 -8.995572 
29.598383 -23.803768 -9.865254 
29.045040 -23.675717 -10.688307 
28.055767 -23.531280 -10.710145 
27.976767 -24.326842 -11.310844 
28.849886 -24.441205 -11.784746 
29.471182 -25.144579 -12.130082 
30.147482 -25.686317 -11.630945 
30.542256 -26.602889 -11.694572 
29.804273 -26.877310 -11.078070 
28.968406 -27.213528 -10.644154 
28.083078 -27.063293 -11.084182 
28.182563 -28.027515 -10.838457 
28.364894 -28.352512 -11.766430 
29.291895 -28.238416 -11.409145 
29.273913 -27.439718 -12.010608 
29.919461 -27.329383 -12.766316 
29.048378 -27.468157 -13.237438 
28.134881 -27.138449 -12.999076 
28.653480 -26.481034 -13.545759 
29.339175 -26.058221 -14.138254 
29.756664 -25.351038 -13.567645 
-33.577841 50.023670 5.465540 
-33.850391 49.509591 4.652251 
-34.524556 50.222908 4.460730 
-34.826203 49.332250 4.120526 
-34.748170 48.411915 3.737259 
-35.214578 47.873061 3.035761 
-35.642995 48.743880 2.794653 
-36.422094 49.253657 3.159526 
-37.327596 49.422616 2.770272 
-36.727760 49.271997 1.984453 
-37.479056 49.112547 1.344040 
-38.153290 48.468871 0.981975 
-38.524413 48.581636 1.903687 
-38.263943 48.700123 2.861871 
-39.019489 49.331439 3.036772 
-39.269561 50.258388 2.757078 
-38.977421 51.197747 2.936689 
-39.391327 52.098995 3.064880 
-39.113117 51.847638 2.137832 
-39.486139 52.740174 1.884389 
-39.903963 53.455530 2.444468 
-40.386302 53.916002 1.699274 
-39.513289 54.399387 1.763980 
-39.587350 55.070104 1.025973 
-38.829233 55.719366 0.965003 
-38.192863 54.990502 0.712433 
-37.693754 54.784906 1.554229 
-36.948381 54.580359 0.919737 
-36.397924 55.114358 1.561486 
-36.116476 55.883244 0.987376 
-35.125771 55.839548 0.858556 
-34.343545 55.473663 1.362789 
-33.637321 54.806449 1.125992 
-32.844922 54.330771 0.744108 
-32.206048 53.627331 1.055573 
-32.998539 53.017634 1.070636 
-33.170096 52.034463 1.007840 
-33.765150 51.315794 1.367598 
-33.111213 50.794074 1.915480 
-32.924062 51.514160 2.583649 
-33.867172 51.190470 2.659595 
-34.177880 51.580651 3.526325 
-34.068873 51.565428 4.520249 
-33.581402 50.692373 4.532384 
-33.119266 51.019941 3.708292 
-32.538612 51.438575 4.406566 
-31.731184 51.077998 3.939615 
-31.420529 50.206496 3.560170 
-31.692557 49.522576 2.883225 
-31.477597 48.550345 2.790704 
-31.435804 47.609497 2.454461 
-30.972198 46.723613 2.471163 
-30.415697 46.703061 1.640570 
-30.403585 47.214477 0.781323 
-30.988263 48.003046 0.590766 
-31.515594 47.167537 0.745192 
-31.625882 47.204279 -0.248028 
-31.749500 46.212612 -0.211774 
-31.276150 45.685021 -0.917173 
-32.143026 45.336326 -1.273457 
-31.404674 44.662329 -1.297199 
-31.234893 43.719094 -1.582652 
-31.712170 43.034831 -2.134005 
-31.787906 42.439514 -2.933919 
-30.806851 42.321807 -2.780047 
-29.886605 42.585121 -2.490542 
-29.296429 43.256609 -2.042440 
-29.118709 43.661969 -2.939155 
-28.459121 42.920295 -3.061076 
-28.138231 41.989080 -2.888252 
-27.334603 42.167931 -2.320630 
-27.393145 43.106263 -2.661376 
-28.071641 43.556610 -2.081005 
-28.336138 43.268665 -1.160609 
-28.501042 43.298166 -0.174741 
-28.467995 44.186521 -0.632707 
-28.111065 44.466235 0.258562 
-27.546780 45.134088 0.743903 
-27.219776 44.358680 1.284098 
-27.770044 43.543366 1.464288 
-27.699007 42.641484 1.890390 
-27.455118 42.406403 2.831270 
-27.433435 42.809954 3.745971 
-27.024394 43.565423 3.234157 
-27.928937 43.966689 3.089982 
-28.479665 43.150262 2.916359 
-29.286770 43.094754 3.504151 
-29.927820 42.822145 4.221605 
-30.816161 43.118073 3.870496 
-31.016914 43.406244 2.934197 
-31.640328 43.436760 2.152900 
-31.669002 42.553150 2.620245 
-32.367558 42.088357 3.164292 
-32.330842 41.137396 2.857167 
-33.019584 40.581870 2.391309 
-16.660241 0.011470 -13.311660 
-16.249170 -0.201792 -14.197967 
-15.487564 -0.452760 -14.795437 
-14.629917 -0.838056 -15.136007 
-14.840883 -1.783818 -15.383042 
-14.203574 -1.844910 -16.151226 
-14.710410 -2.672086 -16.393913 
-14.104541 -2.474932 -17.164661 
-13.891166 -2.102838 -18.067998 
-13.560687 -1.447459 -17.388835 
-14.375056 -0.899603 -17.580293 
-13.959552 -0.668648 -16.700512 
-13.203842 -0.236235 -17.192367 
-12.621644 -1.011303 -16.946774 
-11.767369 -0.563122 -16.683434 
-12.135352 -0.589099 -15.753965 
-12.308891 -1.539652 -15.496409 
-12.520996 -2.031887 -16.340634 
-12.006718 -2.666234 -16.917801 
-11.131564 -2.774136 -16.446141 
-11.391460 -2.403302 -15.554549 
-10.497428 -2.105433 -15.889184 
-11.146352 -1.381693 -16.123911 
-10.238357 -1.170464 -16.485751 
-10.040089 -0.958664 -15.528761 
-10.493834 -0.568243 -14.727707 
-9.772000 -0.058789 -14.259294 
-10.508242 0.031920 -13.588682 
-10.191438 0.841960 -13.095254 
-9.520255 1.550878 -12.878579 
-9.977090 2.433094 -12.764579 
-9.113011 2.586085 -12.285036 
-8.921420 3.389971 -12.848116 
-9.188331 3.423842 -13.811242 
-9.562502 3.251380 -14.722424 
-10.310077 2.698059 -14.355047 
-10.777703 3.095438 -13.565480 
-10.100756 3.699169 -13.144468 
-9.533344 4.461160 -13.456579 
-9.391577 5.436538 -13.625520 
-10.228577 5.509668 -13.083226 
-10.562092 4.955394 -13.845818 
-11.277824 5.491302 -13.398013 
-11.981202 6.201236 -13.362616 
-12.777025 6.783276 -13.529638 
-12.286514 7.137890 -12.733618 
-11.304209 6.984501 -12.626145 
-10.902842 7.177810 -13.521430 
-11.838322 7.363298 -13.822214 
-11.870033 7.109593 -14.788975 
-11.525991 8.016858 -15.030852 
-11.762285 8.259814 -15.971670 
-11.954795 9.234485 -15.857840 
-11.188993 9.654187 -16.345075 
-11.795903 9.177338 -16.980902 
-11.119169 9.247459 -17.713782 
-11.329905 8.338939 -17.352974 
-10.367262 8.585403 -17.465106 
-9.723680 8.346113 -16.738096 
-8.831810 8.325020 -16.286296 
-7.867712 8.096551 -16.421639 
-8.221186 7.224483 -16.760097 
-8.624494 7.191829 -17.674578 
-9.367793 7.222757 -18.342822 
-9.634894 8.054800 -18.828993 
-8.659704 8.151529 -19.028109 
-7.966047 8.856980 -19.173639 
-7.375404 9.405840 -19.765157 
-7.174915 10.371016 -19.933203 
-6.561879 10.275504 -19.148943 
-5.901181 9.821025 -19.746376 
-5.130105 9.186145 -19.697700 
-4.586655 9.710129 -20.353521 
-5.410623 9.557154 -20.899117 
-4.660217 9.191548 -21.449773 
-3.782603 8.951997 -21.034551 
-2.818477 8.963977 -21.299726 
-2.027669 8.583211 -21.778933 
-1.896505 9.564155 -21.922267 
-2.822778 9.430259 -22.274533 
-2.714049 10.272372 -22.802760 
-3.389928 10.288161 -22.065917 
-3.237362 10.067633 -21.102543 
-2.885268 10.551735 -20.301497 
17.421059 24.430070 -26.543160 
17.900000 23.710191 -26.040775 
18.528220 23.059478 -26.467286 
19.149368 23.822745 -26.289523 
19.480582 24.748757 -26.108416 
19.673123 24.408717 -27.028906 
20.552429 23.932477 -27.033005 
20.406704 23.098569 -26.500688 
21.204709 22.575850 -26.200764 
21.327318 21.771308 -25.619663 
20.939507 22.520019 -25.082044 
21.737559 22.996665 -25.450718 
21.903848 23.943332 -25.726709 
22.711039 23.864783 -25.141668 
23.548205 24.042533 -24.624408 
23.998394 24.874864 -24.947757 
24.626443 25.482259 -25.434199 
24.363683 26.388917 -25.104157 
23.577478 26.894869 -25.458972 
23.401551 26.871515 -24.474845 
23.917512 26.484534 -23.710627 
24.652723 25.852114 -23.954575 
25.422753 25.255717 -23.727939 
25.483916 25.851746 -24.528569 
25.306821 24.921350 -24.849506 
25.851130 24.890445 -25.687821 
25.777775 25.131368 -26.655589 
24.805349 25.232396 -26.445398 
25.312588 25.990247 -26.035068 
25.408469 26.594332 -25.243938 
25.248432 27.271787 -24.525994 
25.519431 27.466824 -23.583381 
24.730068 28.008461 -23.294357 
24.182129 27.692877 -22.519650 
25.052562 27.469016 -22.081207 
24.688228 26.539811 -22.143166 
23.992463 25.989863 -22.605193 
23.677579 25.177820 -23.096553 
22.966692 25.656198 -22.580999 
22.785362 26.556239 -22.184712 
21.801432 26.646609 -22.338712 
21.721750 27.171676 -23.186034 
22.062283 28.097522 -23.022191 
21.455506 28.379946 -22.279186 
20.957290 28.346045 -21.412796 
20.831750 29.323502 -21.582555 
19.977608 29.669392 -21.970887 
19.458339 30.143844 -21.260074 
19.224836 31.018177 -20.834611 
18.989154 31.836048 -20.309691 
18.731367 32.772573 -20.547319 
18.725077 33.144863 -21.475414 
19.599080 32.953927 -21.028578 
19.976714 33.406227 -20.220608 
19.537731 34.293857 -20.081298 
18.674160 34.432910 -20.565974 
18.095914 35.245985 -20.633359 
17.313203 35.800676 -20.351082 
17.418871 35.793754 -21.345459 
18.146730 36.340829 -20.932022 
18.572573 36.549921 -21.812328 
18.843445 36.135657 -22.681243 
19.701537 35.846847 -23.105821 
20.439165 35.315170 -22.689619 
20.026695 34.991340 -21.838148 
20.890594 35.388600 -21.528530 
21.712297 35.283350 -20.968418 
21.743247 36.247949 -21.230315 
22.018686 36.040995 -22.169093 
22.223754 35.086763 -21.951404 
21.779199 35.051997 -22.846481 
21.550236 34.219761 -22.341546 
21.505195 33.339055 -21.870030 
22.093657 32.937741 -21.168133 
22.533528 33.636077 -21.732792 
23.440181 34.051922 -21.803873 
23.823826 33.129957 -21.856762 
23.993368 32.890982 -22.812872 
24.542606 32.327009 -23.429535 
25.203434 31.772593 -22.923640 
25.575264 30.854793 -22.784410 
26.328808 31.099780 -23.394454 
72.041659 -1.513030 -30.238360 
72.654921 -1.706781 -31.004108 
72.411695 -2.404932 -31.677478 
71.701675 -1.728007 -31.483459 
70.790431 -2.128116 -31.385751 
70.906420 -3.091237 -31.628538 
70.299548 -3.378091 -30.887309 
69.615447 -4.049943 -30.603371 
68.947962 -3.413096 -30.989233 
68.042324 -3.242600 -30.600966 
67.297820 -2.992284 -29.982051 
67.572696 -2.103063 -29.616360 
67.310840 -1.979794 -28.659158 
67.591565 -2.415944 -27.804192 
67.680226 -3.182082 -27.167660 
67.213588 -4.026305 -26.903964 
67.347123 -5.011328 -27.013038 
67.386427 -5.863576 -26.491379 
67.042125 -6.706946 -26.903912 
66.735115 -7.134904 -27.753969 
67.060967 -6.523048 -28.474700 
66.720492 -5.611887 -28.242615 
66.939285 -4.650196 -28.407777 
67.834860 -4.216057 -28.310468 
68.130903 -3.261152 -28.333157 
68.954377 -3.747320 -28.625615 
69.044463 -3.354117 -29.540643 
69.608902 -2.571360 -29.278534 
70.530696 -2.936429 -29.148076 
71.491017 -2.853217 -28.881881 
72.298234 -2.788436 -29.468572 
72.473125 -2.067713 -28.797772 
72.168411 -2.447936 -27.924513 
71.693684 -3.324224 -27.842339 
71.855142 -4.165111 -27.325775 
72.289549 -4.571133 -28.129788 
72.594185 -5.400017 -27.660589 
71.945388 -5.170888 -26.934942 
71.428088 -5.146847 -27.790408 
70.888008 -4.326028 -27.976338 
70.658418 -4.595843 -28.911479 
70.754644 -5.590799 -28.883127 
69.900159 -5.845723 -28.430502 
70.061542 -6.822047 -28.574541 
69.965821 -7.796959 -28.373585 
70.320855 -8.645434 -28.766064 
69.827886 -8.158787 -29.487283 
69.822736 -8.686773 -30.336521 
70.014317 -9.625911 -30.051362 
70.421273 -10.472248 -30.395020 
69.717435 -10.451992 -31.105092 
70.499448 -10.941079 -31.491419 
69.868650 -11.600150 -31.900952 
69.228874 -10.872065 -32.147081 
68.821377 -10.322746 -32.876598 
68.960661 -10.114219 -33.844646 
68.352614 -10.897897 -33.971636 
68.241072 -11.865723 -33.746087 
67.751218 -12.138144 -34.574236 
67.415494 -13.075818 -34.664003 
67.055692 -13.009738 -33.733318 
67.701747 -13.306801 -33.030206 
68.072120 -13.988944 -32.399726 
67.845109 -14.322115 -33.314856 
66.972324 -14.095496 -32.882548 
66.511649 -13.651948 -32.113754 
65.585890 -13.298774 -31.978703 
65.712390 -14.081266 -32.588378 
65.709701 -14.740686 -31.836608 
65.833663 -14.419476 -30.897748 
64.848492 -14.280885 -30.998894 
64.872419 -13.317458 -31.265794 
64.306566 -12.908294 -30.549976 
64.011302 -11.960069 -30.432980 
63.581012 -11.057626 -30.454130 
63.417288 -10.104982 -30.710378 
63.224793 -10.538387 -31.590778 
62.668090 -9.715061 -31.701309 
62.374734 -8.860754 -31.272241 
62.048489 -7.926742 -31.417798 
59.704159 -25.765770 11.552940 
59.364975 -25.098221 12.215762 
59.539525 -24.177299 11.867288 
59.388576 -24.619445 10.983138 
58.512827 -24.947696 10.629138 
58.344180 -25.820448 10.171031 
58.131738 -26.790326 10.290212 
57.394820 -26.527871 10.913165 
57.134806 -26.733835 11.856548 
57.819452 -26.004973 11.861051 
57.639859 -25.495979 12.702878 
58.532887 -25.944908 12.733914 
58.507030 -26.262926 13.681646 
58.639849 -26.029592 14.644929 
58.214514 -26.916154 14.462996 
58.216032 -26.906407 15.462948 
58.958953 -26.332427 15.807354 
59.900529 -26.669127 15.815544 
60.295211 -26.024261 16.470047 
59.920970 -25.130153 16.716045 
59.228316 -25.664927 17.200035 
58.232526 -25.748094 17.161496 
57.939469 -26.533202 17.707136 
57.010454 -26.308589 18.001211 
57.493908 -25.504762 18.347814 
56.606651 -25.299303 17.934824 
55.895322 -24.648931 18.201334 
56.126549 -23.679692 18.285654 
56.325245 -22.778513 18.670876 
55.793833 -22.187270 19.277533 
56.441899 -21.723938 18.673105 
57.292212 -22.235121 18.798243 
57.985276 -22.913107 19.043187 
58.970486 -23.062200 18.958732 
59.271231 -22.619338 18.114086 
58.645189 -22.096656 17.535402 
57.742296 -21.674333 17.455226 
58.119505 -20.762467 17.617132 
58.247704 -20.538680 16.650962 
59.238909 -20.628720 16.747945 
59.723863 -21.485468 16.572442 
60.408489 -22.214328 16.565260 
60.542943 -21.438257 17.181406 
61.139649 -20.747664 17.590091 
61.801819 -20.001151 17.655272 
61.478784 -19.055962 17.702871 
62.349742 -18.898852 18.168434 
62.463932 -17.910800 18.271942 
61.827970 -17.140350 18.227696 
62.239367 -16.233471 18.136466 
62.327328 -16.594291 19.064944 
61.648572 -15.888416 19.267504 
62.207696 -15.263215 18.722981 
62.852510 -15.139368 19.477220 
63.231008 -14.261715 19.183169 
63.258911 -13.675882 19.993120 
63.956158 -14.012058 20.626234 
63.657811 -13.297768 21.259305 
63.186443 -13.837725 21.956628 
62.732523 -13.253007 22.628984 
62.011796 -12.598872 22.399509 
61.704117 -12.372885 21.475245 
61.166820 -11.933166 20.755552 
61.584328 -11.092541 20.410533 
62.224797 -10.968387 21.168415 
62.398191 -11.544185 21.967408 
62.627134 -10.968321 22.752243 
62.691276 -9.996802 22.524126 
62.053682 -10.156248 23.277816 
62.383059 -10.762078 24.002027 
62.626127 -10.713459 24.970817 
62.692282 -11.709092 24.904949 
62.370484 -12.642949 25.061018 
62.831636 -13.167628 24.345441 
62.908743 -14.156440 24.217749 
63.150811 -14.653759 25.050862 
62.603432 -13.853635 25.296177 
61.717017 -13.392421 25.256807 
50.527239 19.319370 -35.180360 
50.229929 18.603343 -35.811955 
50.510994 17.789646 -36.320777 
49.994335 16.935868 -36.385012 
50.567891 16.117216 -36.414043 
51.004007 15.488998 -37.058361 
51.154460 15.180804 -37.997712 
50.445647 14.484744 -38.112096 
51.225367 13.994650 -37.722422 
51.559158 13.168019 -38.175483 
51.469757 12.172572 -38.208551 
51.240606 11.199182 -38.208225 
52.122279 11.037910 -37.764779 
52.918269 10.455839 -37.598665 
52.701185 9.498091 -37.787328 
52.874340 8.644291 -37.296366 
52.616242 7.916621 -36.660850 
52.281489 6.992076 -36.842940 
52.197674 5.997045 -36.789202 
52.044785 6.222097 -37.751479 
51.172196 6.699975 -37.650377 
50.871905 6.085091 -36.921170 
50.273295 5.589343 -37.550376 
49.552492 5.644545 -36.859438 
48.766757 5.476399 -36.264167 
48.158803 4.686877 -36.348106 
47.277626 4.842949 -35.901823 
46.746346 5.510137 -35.379711 
45.762513 5.415143 -35.531532 
46.228841 5.211573 -36.392402 
46.662539 5.434306 -37.265498 
47.333451 4.882026 -37.760335 
47.490655 5.139786 -38.713670 
47.471032 5.903757 -39.358622 
47.411144 5.491192 -40.267579 
48.063483 5.437325 -41.023591 
48.495752 4.918501 -40.286051 
49.486629 4.994076 -40.174462 
49.917795 5.624935 -39.529395 
50.513092 4.975278 -39.056566 
50.514897 4.270963 -38.346681 
51.027889 3.532683 -37.908752 
50.925899 2.642700 -37.464310 
51.157509 1.670293 -37.492229 
52.092706 1.468840 -37.200983 
52.841042 1.248803 -36.575222 
53.249788 1.579533 -37.425836 
53.691256 2.164687 -36.745614 
54.647437 2.357907 -36.965573 
55.627188 2.554610 -36.928215 
56.380952 2.703737 -36.288214 
56.961227 1.889950 -36.320342 
56.190510 1.364576 -36.680867 
56.994478 1.186779 -37.248338 
56.332297 1.854495 -37.588443 
55.583746 2.365681 -38.010771 
55.229778 3.085702 -38.607659 
54.537712 2.636829 -38.042365 
54.234504 3.544205 -38.333457 
53.743405 4.119466 -37.679320 
53.670901 4.306729 -36.699689 
54.095837 4.986213 -37.297796 
53.287856 5.449023 -36.933142 
53.845733 5.858270 -36.211138 
54.710414 6.216801 -35.859311 
54.876348 5.280085 -35.551043 
55.821735 5.566118 -35.394745 
56.610903 5.755114 -35.979120 
56.209849 6.440852 -36.586506 
57.061208 6.151568 -37.024116 
57.717511 5.670420 -36.442943 
58.311196 5.131073 -37.040139 
58.749545 4.526098 -37.704861 
58.317181 4.968999 -38.490290 
57.623725 4.252001 -38.561230 
57.092458 3.405045 -38.540687 
17.691659 72.744570 26.771740 
17.706798 71.768607 26.989152 
16.948789 71.239619 27.370719 
16.592278 70.325245 27.178834 
16.117834 70.749433 26.407493 
15.716618 71.665018 26.380462 
15.722937 71.434254 25.407473 
16.388738 72.065735 25.010055 
16.858029 71.649113 25.788638 
17.820823 71.919348 25.789292 
18.124089 71.017306 25.482130 
18.939364 70.864787 24.923502 
19.158022 71.051811 23.965791 
19.442404 71.858946 23.448433 
19.775534 71.430504 22.608515 
19.967931 70.858643 23.405985 
19.253960 70.321365 22.957010 
19.709099 69.437069 22.852762 
18.773963 69.083287 22.833767 
18.409568 69.916124 22.417115 
17.725960 70.628548 22.258586 
18.112983 70.809366 23.162753 
17.641854 71.616731 23.517998 
17.886303 72.037763 24.391483 
17.149992 71.397564 24.610554 
17.104103 70.400340 24.669201 
17.926090 69.845130 24.796002 
18.706220 69.387974 25.223092 
18.984818 69.166160 26.157534 
18.897947 69.509401 27.092755 
18.020178 69.047142 27.218602 
18.383221 68.199106 26.832550 
19.171517 67.946418 27.393564 
19.333943 68.732983 27.989327 
18.515822 68.515151 28.521518 
17.548508 68.693328 28.701953 
18.111865 69.495904 28.505737 
17.170022 69.717455 28.253056 
16.389838 69.094642 28.194616 
16.047569 68.398601 28.825788 
16.409139 68.299464 29.752847 
17.095054 67.698958 30.163838 
16.782672 68.358055 30.847949 
17.615882 68.154187 31.361952 
18.149053 67.924298 30.547778 
18.316883 68.827477 30.152682 
17.894478 69.121259 31.010158 
18.262351 70.045383 31.113433 
17.863236 70.962265 31.119312 
18.053170 71.902902 30.838017 
18.832961 71.340714 31.113463 
19.694284 71.623865 31.535303 
20.406672 71.742007 32.227073 
19.518533 71.915107 32.652801 
19.248112 70.952414 32.662461 
18.991881 71.499772 33.459170 
18.222232 71.964922 33.896520 
18.283460 72.140174 34.879138 
18.850625 72.026881 35.694913 
18.929384 71.172166 36.208001 
18.484225 70.281403 36.299513 
18.027776 69.500616 36.726159 
17.361792 68.865616 37.117617 
18.211570 68.440482 36.805948 
18.662869 67.548686 36.838048 
18.835524 67.370248 37.806733 
19.805793 67.596624 37.721101 
20.205693 67.521946 36.807589 
29.943559 26.068070 14.324340 
29.219306 26.692899 14.615968 
29.637112 27.600339 14.571357 
29.810552 27.707163 15.550391 
30.751233 27.903580 15.827049 
30.861641 27.264910 15.065530 
31.063513 28.116638 14.581993 
31.677946 28.553621 13.925093 
31.450241 29.421983 13.484527 
30.957218 30.291139 13.523189 
30.185878 30.278298 12.886896 
30.564626 29.364392 12.740865 
29.892797 29.544888 12.022488 
29.814865 29.362050 11.042438 
28.833236 29.179223 10.987862 
29.049047 29.130986 10.012619 
28.444684 29.924509 10.083805 
28.836239 30.820302 10.294139 
28.210974 31.258134 10.940163 
28.982987 31.655207 11.436479 
28.387481 31.525214 12.229242 
28.129774 30.566589 12.108306 
27.582696 30.125838 12.819956 
27.512320 31.028390 13.244747 
26.603672 30.621046 13.152933 
27.187044 30.346378 13.917285 
27.598930 29.436773 13.862794 
28.451953 29.955669 13.807108 
29.013504 30.560826 14.371417 
29.603183 30.156340 15.070466 
30.429293 30.569842 15.453295 
30.545551 29.587753 15.305022 
29.666244 29.151286 15.495587 
29.339674 29.355430 16.418451 
30.070010 28.902909 16.930148 
30.548619 28.075230 17.223203 
30.490421 27.433721 17.988107 
30.290093 27.324695 18.961751 
31.135372 27.483094 19.472059 
30.894096 26.552851 19.195592 
30.084895 25.965514 19.210672 
29.450375 25.759283 19.955557 
30.291864 25.839207 20.489888 
30.940893 26.410282 20.992515 
31.641454 26.143266 21.654268 
32.501153 26.548812 21.343704 
31.914685 27.322307 21.584037 
31.425109 27.620739 22.403338 
31.579912 28.447749 22.943793 
30.977487 28.930562 23.579383 
30.077650 28.513267 23.452262 
30.118699 27.761307 24.110193 
30.489604 28.474601 24.704870 
31.031110 28.998292 25.362533 
30.104911 29.305695 25.144221 
30.534564 29.564955 24.279246 
30.222006 30.513914 24.237008 
31.214099 30.427658 24.145842 
31.104760 31.219339 24.746913 
30.651258 30.740242 25.498447 
31.581954 30.565477 25.819793 
32.226664 30.714233 26.569606 
32.649910 30.213395 25.814607 
32.560522 30.946294 25.140168 
32.247109 30.907031 24.191363 
-66.364441 34.573570 -7.450560 
-66.523202 35.192212 -6.681095 
-65.823568 35.779556 -6.274230 
-65.868924 36.294828 -5.418405 
-66.833645 36.356116 -5.674445 
-67.495699 35.649787 -5.925011 
-68.427494 35.873441 -6.210910 
-68.494771 36.454433 -7.022034 
-68.019373 36.969789 -6.309009 
-68.145690 37.443338 -5.437347 
-67.919040 38.085984 -6.169218 
-67.181343 38.653074 -5.802867 
-67.262515 39.543973 -5.355979 
-68.220034 39.830463 -5.323101 
-68.768036 40.392757 -5.942391 
-69.713001 40.600532 -6.195116 
-69.663327 41.244668 -6.958412 
-68.740494 41.451695 -7.283249 
-68.852244 42.205868 -7.930347 
-68.879941 41.268330 -8.277124 
-69.185626 40.320259 -8.189271 
-68.280402 40.272619 -7.767015 
-68.062894 40.117667 -6.803335 
-68.941510 39.724370 -7.074168 
-69.793949 39.532629 -7.560567 
-69.411611 38.620256 -7.706835 
-69.238084 38.960248 -8.631115 
-69.686071 38.616551 -9.456451 
-70.278143 37.975983 -9.945454 
-70.964602 37.338384 -10.295084 
-70.949947 36.560123 -10.922854 
-71.160226 35.617278 -11.181361 
-72.123847 35.393430 -11.327397 
-72.773692 35.322169 -10.570678 
-72.953439 34.693874 -11.327604 
-73.771558 34.929831 -11.852013 
-74.583750 34.940223 -11.268716 
-73.797271 34.829620 -10.661084 
-73.944555 33.975088 -11.159164 
-74.902139 33.734538 -11.317805 
-74.658903 32.821238 -11.644484 
-74.584344 31.953563 -12.135992 
-75.109999 32.494707 -12.792384 
-75.840851 32.824666 -12.194905 
-76.260699 33.545198 -12.746776 
-76.459043 34.180864 -13.492824 
-76.759617 35.022751 -13.941023 
-76.505898 35.168345 -14.897281 
-76.194050 36.012424 -15.333493 
-77.179358 36.158315 -15.422287 
-77.189735 36.538484 -14.497428 
-78.108886 36.186397 -14.320803 
-78.535601 35.423451 -14.806425 
-77.689858 34.892793 -14.862287 
-78.243350 34.077973 -15.034669 
-78.107595 33.453870 -14.265212 
-77.643612 32.790665 -14.852476 
-77.895830 32.532858 -15.785172 
-77.148913 33.187050 -15.666229 
-76.491099 33.317955 -16.407946 
-76.846733 33.745957 -17.238813 
-76.238584 34.474172 -17.554813 
-77.208104 34.714367 -17.603156 
-76.615858 35.148800 -18.281766 
-76.463131 35.255974 -19.264206 
-76.245958 35.886170 -20.009651 
-77.189082 35.681642 -20.271728 
-77.613873 35.758836 -21.173722 
-78.603809 35.649123 -21.263111 
-3.838741 4.822370 15.517540 
-3.827396 3.872901 15.831197 
-4.574685 3.250488 16.063924 
-5.515588 3.493013 16.300318 
-6.086282 2.679868 16.414789 
-6.484008 1.768440 16.520207 
-5.873907 0.995824 16.344588 
-5.973290 1.196775 15.370041 
-6.039471 1.719383 14.520041 
-6.928400 1.847266 14.080210 
-7.797555 1.374833 13.934004 
-8.569691 0.840631 14.278148 
-8.533628 1.066309 15.251683 
-8.834975 0.276141 15.785372 
-8.163008 -0.306184 16.242928 
-7.531607 0.002773 15.531677 
-6.776323 -0.468467 15.076178 
-6.880068 -1.267482 14.483884 
-6.366430 -2.057687 14.818178 
-5.971902 -2.233226 13.916216 
-5.190980 -1.717739 14.268967 
-4.770219 -2.601072 14.062368 
-5.132384 -3.249684 13.392936 
-4.331485 -3.628262 13.856874 
-3.784227 -3.513697 14.685961 
-4.117245 -4.456538 14.698210 
-3.380340 -4.661589 15.342356 
-2.951331 -5.219189 14.631699 
-2.814622 -6.022817 14.052481 
-2.021050 -6.613266 13.905469 
-1.368173 -7.296952 13.579394 
-0.723557 -6.976867 12.885121 
-0.611043 -6.523773 13.769455 
-0.892964 -5.578200 13.931975 
-0.126638 -5.307517 13.349330 
0.775853 -5.220751 12.927451 
1.445993 -4.716184 13.471808 
0.599722 -4.486387 13.952452 
0.214236 -3.687888 14.414837 
0.719331 -2.861450 14.166081 
0.254756 -1.988727 14.316164 
0.757537 -1.705933 15.133010 
1.147622 -2.615298 15.277543 
1.932935 -2.020407 15.448974 
1.566066 -1.564795 16.260038 
1.182648 -1.106313 17.061776 
0.420081 -1.728650 16.885172 
0.011323 -1.214422 16.131192 
-0.635646 -0.460325 16.244190 
-0.886118 -1.116775 16.955763 
-0.835865 -0.385930 17.636453 
-1.511051 -0.630208 18.332479 
-1.770071 -1.084035 19.185092 
-1.570247 -2.061529 19.117449 
-0.728312 -2.342617 18.656868 
-0.360305 -1.462023 18.955405 
-0.139710 -0.978841 19.802679 
0.448290 -1.771770 19.962426 
1.298508 -1.780153 20.488790 
1.036205 -2.739951 20.588721 
1.794593 -3.326461 20.873070 
1.911703 -4.297126 21.083057 
2.150890 -5.218522 21.389355 
3.141217 -5.314788 21.289428 
-33.785741 -54.899530 -28.790360 
-33.445279 -55.138261 -29.699806 
-32.627875 -54.580557 -29.555527 
-32.441400 -54.633258 -28.574482 
-32.835475 -53.751938 -28.835210 
-33.116795 -52.800341 -28.958992 
-33.249821 -52.221645 -28.154371 
-33.975382 -52.254966 -28.841721 
-33.808834 -52.679715 -29.731581 
-33.260033 -51.955835 -30.149691 
-33.775321 -51.099601 -30.186313 
-33.806957 -50.667228 -31.087453 
-34.726423 -50.936842 -31.373619 
-34.945760 -51.174691 -32.319833 
-34.801869 -50.425319 -32.966159 
-34.420444 -49.561370 -32.637364 
-35.309619 -49.114681 -32.538180 
-36.123613 -49.011186 -31.966601 
-36.595035 -48.458147 -31.279645 
-36.271878 -48.709849 -30.367387 
-36.634504 -47.832432 -30.053315 
-35.673333 -47.579460 -30.163563 
-35.147397 -46.739316 -30.031087 
-35.740107 -45.944998 -29.897842 
-36.424238 -45.552301 -30.512458 
-35.925300 -44.957116 -31.142391 
-35.120291 -45.546576 -31.209460 
-34.800879 -46.494179 -31.204544 
-35.075735 -46.166327 -32.108407 
-35.901882 -45.627323 -31.944224 
-36.633732 -46.286747 -32.116139 
-37.550319 -46.149290 -31.740673 
-37.585179 -45.552519 -30.939019 
-38.352610 -45.469834 -31.574796 
-38.761574 -46.009924 -30.839235 
-39.367758 -45.459788 -30.264873 
-40.063847 -46.151784 -30.073551 
-40.467455 -46.649617 -29.305917 
-40.799276 -45.829410 -28.839919 
-41.485459 -46.466915 -29.190263 
-41.608599 -45.543909 -29.554813 
-41.350367 -46.167269 -30.292877 
-40.744640 -45.376791 -30.383659 
-40.431553 -45.112424 -31.295847 
-39.817034 -45.582152 -31.929663 
-40.212291 -44.859425 -32.496618 
-40.113265 -45.301910 -33.387909 
-39.258675 -45.819724 -33.348594 
-38.502075 -45.943136 -33.990721 
-38.421904 -45.477857 -34.872247 
-37.453836 -45.720455 -34.809073 
-36.565736 -45.267627 -34.887979 
-36.197300 -44.756970 -35.664821 
-36.333761 -43.900033 -35.167792 
-37.109168 -44.211329 -34.618394 
-37.790488 -43.686335 -35.128477 
-37.119841 -43.050713 -35.510859 
-37.459221 -42.611896 -36.342881 
-36.582618 -42.302554 -36.711494 
-36.498961 -41.751523 -37.541775 
-35.684854 -42.278923 -37.298713 
-35.721861 -43.019694 -36.627975 
-34.768034 -42.721312 -36.662361 
-42.636841 -13.724010 -26.580660 
-43.624428 -13.613312 -26.692091 
-43.347862 -12.780549 -26.212490 
-44.065978 -12.243957 -25.769343 
-44.646787 -12.461105 -26.553886 
-45.125733 -11.959121 -27.274040 
-44.175221 -11.662249 -27.182426 
-43.255030 -11.461698 -27.518624 
-43.520535 -10.886548 -28.292387 
-43.087443 -10.215825 -27.690255 
-43.245617 -9.564377 -28.432277 
-42.263583 -9.379789 -28.393070 
-42.791678 -8.726834 -28.935994 
-43.281370 -7.913651 -28.621453 
-43.741664 -8.389578 -27.872038 
-43.599314 -7.962578 -26.979061 
-43.016886 -8.507621 -26.375981 
-43.040265 -9.200534 -27.096623 
-42.293878 -9.826818 -26.871515 
-41.305944 -9.938694 -26.978618 
-40.795739 -9.211293 -26.519728 
-41.713370 -8.955115 -26.215878 
-41.689179 -7.976178 -26.418601 
-40.831012 -7.915730 -26.928402 
-40.025702 -7.593759 -26.430598 
-39.078396 -7.474745 -26.727998 
-38.998403 -8.418324 -26.406656 
-38.890802 -9.254301 -26.944768 
-38.406595 -9.692845 -26.187653 
-37.738576 -9.659699 -26.931058 
-37.994577 -10.589403 -26.666268 
-37.050387 -10.686475 -26.351496 
-37.607798 -10.132833 -25.732808 
-36.787490 -9.716433 -26.124860 
-35.976976 -9.211064 -26.420951 
-36.048379 -9.297753 -27.414625 
-35.571575 -8.469632 -27.709367 
-35.016917 -8.988472 -28.359873 
-34.828709 -9.489965 -29.204316 
-34.584782 -9.938929 -30.063926 
-33.793483 -10.399035 -30.466604 
-32.846270 -10.687824 -30.327363 
-32.144364 -11.064706 -30.931754 
-31.223668 -11.344978 -31.203353 
-30.313416 -11.629750 -31.503929 
-29.725298 -10.913831 -31.127660 
-28.881179 -11.149763 -30.646205 
-28.351401 -10.433497 -30.192004 
-27.638223 -10.739098 -29.561145 
-27.792003 -11.421848 -28.846859 
-27.202872 -11.480543 -28.040956 
-27.566158 -11.015737 -27.233504 
-27.462403 -10.277925 -27.900488 
-27.114427 -9.368475 -27.672863 
-27.333907 -8.439325 -27.375358 
-28.140864 -8.469229 -27.965211 
-28.106943 -8.532901 -28.962606 
-28.137447 -8.910179 -29.888203 
-27.593092 -9.707222 -29.626667 
-27.175277 -8.858087 -29.303557 
-27.185429 -9.000603 -30.293298 
-26.203110 -8.836889 -30.384112 
-25.700243 -9.098910 -29.560419 
-21.293641 37.777770 43.960340 
-22.135535 37.733599 44.498173 
-22.500078 38.525087 44.007607 
-22.928884 38.506252 43.104407 
-23.858200 38.531517 43.472827 
-23.572643 39.484533 43.573902 
-23.517075 40.477653 43.470821 
-24.274553 40.154787 44.038258 
-25.144672 39.739224 43.773305 
-25.839294 39.068286 43.513801 
-26.385940 39.374883 44.293015 
-27.369923 39.553058 44.298567 
-27.791254 39.321752 45.175481 
-27.958288 38.376078 45.454410 
-27.256719 38.406899 44.742476 
-26.766303 38.606548 45.590787 
-26.242832 39.446373 45.734566 
-25.497520 40.057700 45.468502 
-24.850778 39.304665 45.347414 
-24.540411 38.619038 46.005889 
-23.587941 38.435790 45.762536 
-22.790815 38.940428 45.430978 
-21.964436 38.465797 45.734000 
-20.983780 38.644373 45.653846 
-20.679488 39.585383 45.801854 
-21.309244 40.228190 46.237979 
-21.695878 41.135122 46.070683 
-20.945510 41.404284 45.466944 
-20.764713 41.422037 46.450304 
-20.039196 41.817741 45.887239 
-19.586019 41.335025 46.636650 
-19.698116 41.297443 47.629636 
-19.683997 42.257427 47.349940 
-20.513501 42.695926 47.695832 
-20.271918 43.665255 47.650671 
-19.443010 43.249555 47.276364 
-18.570532 42.765869 47.345857 
-18.063212 42.319653 48.083094 
-18.972819 42.183472 48.475611 
-18.497136 42.875276 49.018872 
-17.856114 43.634339 48.905232 
-16.919011 43.554688 48.565390 
-16.879379 44.260922 49.272259 
-17.594590 44.946237 49.135086 
-17.950494 45.539335 49.857281 
-18.099162 46.388544 49.350584 
-18.951162 46.908162 49.414566 
-19.256085 46.348824 50.185386 
-19.712905 47.164255 50.540895 
-19.445157 47.859674 51.207756 
-20.390883 48.150910 51.351923 
-20.759058 49.056137 51.139764 
-20.141422 48.667994 50.455754 
-19.152585 48.787190 50.366344 
-19.408973 47.963983 49.859790 
-19.145110 48.544340 49.089360 
-18.188470 48.817377 48.987917 
-18.414139 47.875520 48.738960 
-18.049165 48.307528 47.914240 
-17.925214 49.144295 47.380896 
-17.098342 49.682473 47.544135 
-16.121618 49.733507 47.752477 
-15.609521 49.404423 48.545863 
-16.227944 48.673298 48.833976 
-17.116424 48.742758 49.287603 
-16.873455 48.637880 50.251951 
4.294959 -58.519730 32.615440 
3.565733 -57.855453 32.779649 
3.155012 -58.290382 33.580988 
2.810694 -58.845648 32.823939 
3.284133 -59.459142 33.455984 
3.871507 -60.077940 32.934370 
4.192797 -61.024808 32.948983 
4.350249 -60.802068 33.911061 
3.520565 -61.149672 34.347864 
2.818598 -61.509539 33.733260 
2.101079 -61.327779 33.060854 
1.815197 -60.752151 32.294744 
2.672050 -61.136008 31.950568 
3.198683 -61.804688 32.475473 
4.185473 -61.819108 32.314110 
3.728203 -62.207260 31.513959 
3.351681 -62.564067 30.659020 
2.456436 -62.721318 30.242115 
2.671554 -63.696416 30.188197 
3.631320 -63.643710 30.464006 
4.189994 -62.925540 30.049137 
4.863385 -63.291443 30.691524 
5.667644 -63.698156 31.124827 
5.845956 -64.587951 31.544911 
5.089972 -64.241421 32.100253 
4.187633 -64.669689 32.148949 
4.627749 -64.600774 31.253657 
3.900196 -65.286708 31.266339 
3.570365 -66.116057 30.815350 
2.691462 -66.328042 31.242659 
3.335825 -66.942575 31.697791 
3.555141 -67.170335 32.646488 
4.332364 -66.756972 33.120889 
4.104200 -66.684190 34.091787 
3.467513 -67.427581 34.296723 
3.737592 -67.883446 35.144806 
4.546269 -68.362257 34.803073 
4.819502 -68.899957 35.600708 
3.949654 -68.845330 36.090994 
4.147947 -68.844541 37.071137 
4.774543 -68.242282 37.565771 
5.773195 -68.285045 37.595190 
5.697826 -67.756321 36.749749 
5.884090 -68.514321 36.124656 
6.234093 -69.349931 36.548040 
6.809708 -70.094736 36.210503 
6.484245 -70.258118 37.141836 
5.579311 -70.676026 37.222129 
5.414263 -70.422976 38.175400 
4.957387 -71.285986 37.959811 
4.937205 -72.113179 38.521366 
5.478598 -71.550272 39.145889 
6.149286 -71.030109 38.617108 
6.670557 -70.186735 38.747475 
6.872357 -69.209322 38.810251 
16.212359 -47.380930 -32.026360 
15.376138 -47.608157 -32.525461 
16.140230 -47.578871 -33.169903 
17.082137 -47.823121 -32.939354 
17.102094 -48.205187 -32.015434 
16.667555 -48.529091 -31.175040 
16.981666 -49.116038 -30.428831 
16.012609 -49.343038 -30.331880 
16.297255 -50.081105 -29.720133 
17.291963 -50.183636 -29.713493 
17.501197 -49.435220 -29.084134 
16.628455 -49.024235 -29.347596 
16.265813 -48.385212 -28.669259 
16.418534 -47.665927 -27.991539 
15.556384 -47.668139 -27.484891 
15.160089 -47.258268 -26.663334 
15.274168 -47.740881 -25.794962 
15.699538 -48.038821 -24.940391 
15.786443 -48.754244 -24.247125 
16.722497 -48.937418 -23.946709 
17.447989 -48.918935 -23.258727 
17.568127 -49.590409 -22.527502 
18.118808 -48.992048 -21.945509 
18.958943 -49.524543 -21.842446 
19.657915 -48.816601 -21.943717 
19.479046 -48.534162 -22.886179 
20.149882 -47.793197 -22.855372 
20.020449 -47.542130 -21.896095 
20.966083 -47.311304 -21.666974 
21.132898 -48.241966 -21.341334 
22.045391 -48.650447 -21.363665 
23.038898 -48.623987 -21.253016 
23.795009 -49.171971 -20.895229 
24.072824 -50.036778 -21.313472 
24.982147 -50.278582 -21.652092 
25.651185 -50.305878 -20.909365 
25.026451 -51.061317 -20.711831 
24.059576 -51.127639 -20.465349 
23.378088 -51.347110 -21.163495 
22.904816 -50.558091 -20.771751 
22.233021 -49.820147 -20.707484 
21.665083 -49.409554 -19.994139 
21.774841 -48.420839 -19.892180 
22.579424 -48.310754 -19.308633 
22.525483 -49.305978 -19.227274 
22.354794 -50.289565 -19.285774 
22.510081 -51.066665 -19.895693 
21.782749 -50.900359 -20.561525 
21.167707 -51.382005 -19.937233 
20.711301 -50.776712 -20.589393 
19.781664 -51.141257 -20.535701 
19.513148 -51.859032 -21.178117 
10.820659 -11.364850 -41.680360 
10.796478 -10.770647 -42.484311 
9.961561 -10.552086 -41.979194 
9.578991 -10.999599 -42.787508 
9.231948 -11.749360 -43.350909 
9.493585 -11.499774 -44.283246 
10.296997 -11.594589 -43.695421 
10.521088 -12.454980 -44.153145 
11.497343 -12.308542 -43.993511 
11.606937 -11.449709 -44.493905 
11.041529 -10.624953 -44.484416 
10.989203 -11.221920 -45.284973 
11.097604 -10.239660 -45.437989 
10.197858 -10.343627 -45.861839 
10.766220 -10.171703 -46.666456 
10.896615 -9.265398 -46.264449 
11.324253 -8.873349 -45.449941 
11.351187 -7.883287 -45.311909 
10.460133 -8.335219 -45.354089 
9.950187 -8.213916 -44.502479 
10.349276 -8.460889 -43.619454 
10.889755 -8.886021 -42.893407 
10.641019 -8.504403 -42.003183 
9.766804 -8.022936 -42.065930 
8.994664 -7.790737 -42.657440 
9.782034 -7.276200 -42.996999 
9.515080 -6.668709 -42.248874 
9.873002 -5.919619 -41.691419 
10.094968 -5.128259 -42.261050 
9.506912 -5.461618 -42.997977 
8.958305 -4.632741 -42.888465 
8.796247 -4.189035 -43.769863 
7.873690 -4.488556 -43.526605 
7.042973 -4.568534 -44.077526 
7.692839 -5.166058 -44.547248 
8.674378 -4.991118 -44.469931 
9.668051 -4.993164 -44.582220 
9.489382 -4.011630 -44.650537 
9.337911 -3.824144 -45.621055 
8.669828 -3.990695 -46.346263 
9.392806 -3.479752 -46.811280 
9.952396 -2.690412 -47.063869 
10.428121 -1.972598 -46.555510 
10.427398 -2.174250 -45.576053 
10.371708 -2.966263 -44.968093 
10.996264 -3.641366 -45.360732 
10.752458 -4.138134 -46.193667 
10.901436 -4.380517 -47.152341 
10.538905 -5.063638 -47.786311 
11.328314 -5.645058 -47.983246 
-54.891441 -14.414770 31.685240 
-54.127112 -14.509787 31.047453 
-54.803885 -14.050907 30.471774 
-55.640963 -14.234007 29.956239 
-56.457805 -14.522394 30.455841 
-57.048698 -14.558271 29.649889 
-57.777677 -14.790640 30.293779 
-58.241603 -14.130150 29.703419 
-58.967329 -13.713058 29.156285 
-59.530415 -13.891788 28.349445 
-59.590598 -14.888378 28.405892 
-59.066774 -14.939844 29.256162 
-59.066486 -15.889722 29.568782 
-59.295664 -15.302198 30.344857 
-59.618077 -15.114956 31.272753 
-60.378538 -14.530136 31.555038 
-61.266182 -14.759808 31.155865 
-60.809441 -15.510260 31.633579 
-61.089128 -16.282040 31.062500 
-60.812303 -17.090810 30.543598 
-60.554005 -18.045850 30.689137 
-61.034134 -18.450071 29.910624 
-60.170410 -18.031598 29.629800 
-60.718102 -17.245433 29.343482 
-61.639689 -17.337402 29.720600 
-62.242418 -17.325807 28.922738 
-62.967018 -17.277938 29.610244 
-63.661222 -17.923703 29.292333 
-63.944520 -17.510073 30.157581 
-64.614487 -17.499505 29.415265 
-65.599498 -17.645890 29.324024 
-65.486092 -16.658090 29.430752 
-66.183331 -15.993173 29.162905 
-66.026230 -15.025873 28.963782 
-66.061050 -14.030538 28.873802 
-65.421750 -14.054955 28.105232 
-64.474425 -13.758047 28.225316 
-64.526838 -14.497138 27.553753 
-63.574618 -14.191864 27.544559 
-63.578959 -13.617257 26.726142 
-63.242341 -14.469286 26.325224 
-62.692245 -14.517767 25.491531 
-62.775873 -13.857416 24.745245 
-62.675653 -13.870157 23.750362 
-63.578887 -14.259440 23.930992 
-63.776027 -13.914141 23.013438 
-64.191662 -13.567703 22.172469 
-64.790162 -13.875758 22.911996 
-71.344441 21.327570 57.158040 
-71.274049 22.305952 57.352495 
-70.871410 22.216245 58.263448 
-70.567917 23.098143 57.902688 
-71.160811 23.807146 58.284513 
-71.653115 22.938767 58.344140 
-72.089891 22.257371 58.931444 
-72.934216 22.335291 58.401308 
-73.106780 21.443865 58.820331 
-73.715756 21.048265 59.507825 
-74.424051 20.891532 58.819528 
-74.591314 20.500536 59.724594 
-74.226459 19.784269 59.129747 
-74.177691 19.516184 58.167587 
-75.123272 19.217168 58.039264 
-74.623535 18.558524 57.476725 
-75.235417 17.793915 57.679142 
-75.126131 18.054552 58.638374 
-74.401639 17.993426 59.324941 
-73.627293 18.126381 59.943578 
-74.430623 18.632465 60.257488 
-75.142496 19.247374 60.596787 
-74.563551 18.848188 61.307754 
-75.118684 19.648466 61.534431 
-74.761832 20.226918 60.800911 
-74.305871 20.984931 61.267297 
-73.727081 20.200437 61.489946 
-73.016013 20.014269 60.811917 
-72.750144 20.563746 61.603996 
-71.828276 20.273048 61.860225 
-71.764289 21.235913 62.122516 
-71.178120 20.697152 62.727613 
-40.232841 -43.373330 38.161740 
-40.081620 -43.817359 39.044900 
-40.505249 -43.555863 39.912170 
-40.693535 -44.380342 40.445820 
-41.273829 -45.041349 40.921561 
-41.783968 -45.880382 41.110721 
-42.389758 -46.331847 40.455588 
-41.670540 -46.227609 39.768668 
-41.562812 -46.200862 38.774848 
-42.309349 -46.801269 38.488154 
-41.437115 -47.290214 38.476291 
-40.929198 -47.915415 37.883717 
-39.986132 -48.016166 38.200698 
-39.630471 -47.639747 39.056159 
-39.602046 -46.760017 39.530783 
-40.254606 -46.084810 39.186892 
-39.793047 -45.466566 38.550703 
-39.954865 -45.021016 37.670191 
-39.492967 -44.244304 37.241976 
-39.381140 -43.264782 37.074545 
-38.518406 -42.832327 36.812490 
-37.526120 -42.928885 36.734745 
-37.854027 -43.872286 36.685027 
-37.679905 -44.741872 37.147090 
-37.152608 -44.842631 37.990776 
-36.900492 -45.764004 38.286593 
-37.406382 -45.810594 39.147932 
-37.938260 -46.654890 39.213286 
-38.740446 -46.940352 38.688873 
-37.844996 -47.199621 38.327005 
-38.472768 -47.462254 37.594252 
-39.059202 -47.275743 36.806021 
-38.841333 -46.853605 35.926059 
-39.674520 -47.402377 35.857878 
-40.642002 -47.648395 35.916653 
-40.772334 -47.403496 34.955905 
-41.203110 -47.087472 34.110588 
-40.454759 -46.491497 33.819409 
-39.609757 -46.286505 33.325497 
-39.726715 -45.470953 33.892239 
-40.543447 -45.611845 33.332687 
-40.396964 -45.746370 32.352664 
-39.443551 -45.470874 32.229760 
-39.031417 -45.802805 31.381251 
-39.603203 -46.583603 31.633076 
-38.886640 -47.163642 31.245659 
-38.109075 -47.574580 31.721603 
-38.229617 -48.091286 30.873969 
-37.281445 -47.873150 31.105024 
-36.937708 -46.940158 30.998393 
-36.539555 -46.080840 30.677384 
-36.365190 -46.058658 31.661815 
-36.398479 -46.753325 32.380376 
-37.151675 -46.397196 32.933430 
-36.514692 -45.855004 33.481408 
-36.653741 -46.514143 34.220462 
-36.376162 -47.468733 34.328658 
-35.664796 -46.766645 34.296558 
-36.000032 -47.060113 33.401297 
-35.517995 -47.908175 33.621370 
-36.112048 -48.570427 33.164726 
-35.442972 -48.985012 33.781537 
-35.550385 -48.527310 34.664130 
-34.959265 -49.179695 35.138440 
-35.744243 -49.717536 34.830972 
-35.576277 -49.601367 35.809896 
-36.568789 -49.696294 35.886758 
-36.473904 -49.539202 36.869774 
-36.113001 -50.336082 37.354263 
-35.285794 -50.173718 37.892192 
-34.503239 -50.755186 38.114682 
-35.307922 -51.345302 38.049494 
-35.391590 -51.465706 39.038687 
-36.288564 -51.654565 39.438397 
-36.900920 -52.286934 39.912875 
-36.210999 -52.895273 40.305217 
-35.860804 -52.464357 41.136887 
-35.728455 -51.820555 41.890546 
-36.716997 -51.746346 42.021996 
-37.006650 -52.216105 42.855919 
-36.280652 -51.548063 43.019156 
-36.359627 -51.377058 44.001256 
-36.046540 -50.564642 44.493147 
-36.211500 -49.766886 43.913170 
-36.808193 -49.054201 43.544337 
-36.183791 -48.709336 42.843487 
-35.695680 -48.207120 43.557298 
-34.969093 -48.885693 43.449546 
-34.637130 -48.682625 42.528371 
-33.939187 -48.060592 42.173477 
Snapshot 5000 47.174585
1.629642 -0.139678 3.435439 
2.166614 -0.267658 2.345662 
2.591846 -0.729138 1.390464 
2.662558 -1.393640 0.311778 
1.984791 -1.622785 -0.527549 
2.673811 -1.822295 -0.711653 
2.244647 -2.244030 0.137612 
2.195943 -2.308885 1.437916 
2.577622 -2.382607 2.340322 
2.719861 -1.389811 1.805379 
2.863969 -0.065730 1.579219 
2.904859 -0.295538 0.889175 
3.386494 -0.963379 0.659895 
3.588947 -1.544503 0.194133 
3.206400 -2.242560 0.064519 
1.915305 -1.880009 0.496747 
1.182790 -3.156101 0.186412 
1.627590 -3.217625 0.945620 
2.714264 -2.633598 1.500576 
3.478275 -2.165316 0.387312 
3.173970 -1.243902 0.153715 
2.456945 -1.438215 1.169973 
2.204350 -1.708566 1.408627 
1.767626 -1.045843 1.796837 
1.202767 -1.822973 1.526871 
0.965915 -2.087839 1.013084 
1.240485 -2.693104 1.527886 
0.853424 -3.037555 0.847138 
1.284472 -3.012584 0.851106 
1.647319 -2.429388 -0.371641 
1.959906 -1.285712 -1.437840 
1.484290 -1.024855 -1.788278 
1.204848 -1.842015 -1.957768 
0.872068 -2.682024 -1.866193 
1.006281 -2.624199 -0.989679 
1.462706 -3.025960 -0.417196 
2.421078 -2.626812 -0.427220 
2.649094 -2.271966 -1.134961 
3.524795 -2.838726 -1.970867 
2.889258 -3.136247 -3.395501 
2.578998 -3.217747 -4.296128 
2.582258 -2.771402 -5.120962 
3.491937 -3.252494 -4.337613 
3.389756 -3.228157 -2.621429 
1.883595 -2.407829 -1.849360 
0.912942 -2.018479 -2.173096 
0.419663 -2.232873 -2.806185 
1.390024 -2.152153 -2.856700 
1.888479 -2.474969 -3.245321 
3.516234 -3.612017 -3.041786 
3.431808 -3.898334 -3.877669 
3.810441 -3.363743 -4.019174 
4.274265 -2.502347 -4.739810 
4.848882 -1.075589 -5.092512 
4.260297 -1.291018 -5.401995 
4.367904 -2.139667 -5.026654 
4.800511 -1.388487 -4.624591 
4.542727 -0.973662 -5.349557 
4.032091 -2.091392 -5.298225 
3.785915 -2.168555 -5.485344 
3.996897 -1.570653 -5.386031 
4.125883 -0.918725 -4.771007 
3.870328 0.246594 -4.451552 
4.368754 -0.021516 -4.534979 
4.532995 -0.297573 -4.730298 
2.852548 -1.132622 -5.334436 
2.885507 -0.831973 -5.370990 
3.327527 -1.258366 -5.518935 
3.187780 -1.988190 -4.861347 
2.537315 -1.278868 -3.704723 
1.735898 -2.265351 -3.879024 
1.314120 -1.556810 -4.800409 
1.973494 -0.420387 -5.103038 
3.221007 0.128783 -5.331396 
2.819966 -0.016380 -5.539580 
2.099563 -0.137318 -5.327851 
1.976492 -0.978803 -5.692168 
2.081576 -1.715138 -5.469580 
2.005130 -1.453299 -4.870226 
2.697808 -0.768856 -4.440164 
2.320285 0.222609 -3.134192 
2.990695 0.724959 -4.334184 
3.387258 1.083471 -4.870380 
2.112879 0.433639 -5.138843 
2.513909 0.800392 -5.200514 
3.356347 1.224078 -4.784980 
3.260090 0.388673 -4.532795 
1.500980 0.289735 -4.600417 
0.892724 -0.226267 -4.388044 
1.477918 0.261959 -4.132178 
1.374579 1.765938 -4.493337 
1.750041 2.135971 -4.279084 
2.703535 1.739075 -4.040808 
3.252482 0.992849 -3.908513 
2.227599 0.263147 -3.417874 
2.701571 0.275855 -4.577894 
2.547913 0.916047 -4.082255 
2.429082 1.564282 -3.568239 
2.315338 1.457133 -4.306180 
1.338564 1.557942 -3.853584 
1.350461 2.393570 -3.834496 
1.368795 2.032553 -4.415646 
-3.195972 7.742553 0.908798 
-2.861887 6.644610 1.673628 
-2.443178 5.746268 2.223599 
-3.682416 4.898010 2.827750 
-3.621732 5.929486 2.334904 
-3.080831 5.618333 1.643781 
-3.124808 5.052122 1.928847 
-2.692497 5.441938 0.376374 
-1.868370 5.338618 -0.587511 
-2.348364 4.436907 0.795937 
-2.900472 4.297413 1.254524 
-3.261801 5.111719 1.218250 
-3.629714 4.354830 2.600571 
-2.338011 3.237483 2.164330 
-1.512713 4.070391 1.767956 
-1.363187 4.625884 1.413565 
0.264836 4.698132 0.487408 
-0.655426 4.485883 0.176773 
-1.314200 4.608569 1.140646 
-1.342653 5.416752 0.794825 
-2.137676 5.035513 1.337377 
-2.478025 5.937096 1.743975 
-2.214288 5.954601 2.159029 
-1.450980 6.145035 1.939033 
-2.221541 5.851182 1.139119 
-2.833929 5.013379 1.460818 
-3.331303 5.536007 2.344408 
-2.100868 5.350174 2.397575 
-2.144585 5.184917 3.161677 
-1.337146 5.283669 2.815732 
-1.412765 4.780079 2.788751 
-3.270021 4.312239 2.426384 
-4.468984 4.850620 2.015147 
-5.353042 4.663525 1.886912 
-4.442169 4.726229 2.669601 
-3.670328 4.473748 2.930851 
-2.192460 4.254891 2.421952 
-2.501113 3.842870 2.557198 
-1.776460 2.573122 2.567868 
-2.057141 3.857279 2.906721 
-2.530817 4.405432 2.733618 
-3.074644 4.872977 2.881962 
-4.645403 4.925736 2.851293 
-4.663032 4.462350 2.075787 
-4.325161 4.378619 1.884136 
-4.048552 4.022748 1.839199 
-3.579922 3.516577 2.330116 
-2.991140 3.622238 2.273498 
-3.355232 3.275376 2.676338 
-4.486671 4.402749 1.651325 
-5.426959 4.469411 0.996998 
-4.715438 4.606352 1.062224 
-4.495436 4.256204 0.617291 
-4.997709 3.768600 0.740682 
-5.329974 3.058682 1.101434 
-5.481054 2.915291 0.476642 
-5.560818 3.841278 0.814356 
-5.475752 4.410676 1.734044 
-5.795599 4.017465 2.198094 
-5.628545 4.194527 1.201327 
-5.465101 3.220805 0.772703 
-4.707020 2.379370 0.721260 
-3.137554 1.301838 0.747095 
-3.908915 1.735677 0.412154 
-4.249188 2.415207 -0.317233 
-4.478562 2.284960 0.010874 
-4.400739 3.541215 0.887570 
-4.251795 4.143520 1.336011 
-3.374324 2.872881 0.972318 
-4.671193 3.411442 0.043156 
-4.599472 3.275163 0.238000 
-4.624128 3.338868 -0.185561 
-4.948089 2.814172 -0.105476 
-4.856995 1.815994 -0.660069 
-5.567932 1.486944 -0.795983 
-5.425464 1.207829 -0.017517 
-5.463243 1.739554 -0.015505 
-5.798983 2.030813 -0.204394 
-4.545737 1.598156 -0.551235 
-3.222938 1.573231 -0.109890 
-3.151544 1.842488 -0.669411 
-2.596506 0.625117 -1.207372 
-2.712688 0.924042 -0.820184 
-3.530246 1.495201 -0.838614 
-3.904415 1.375086 -0.427571 
-4.602942 0.490021 0.568707 
-4.708418 0.131033 1.623432 
-4.046913 0.516983 0.345010 
-3.328040 1.138724 -0.760965 
-3.455730 1.848445 -1.318192 
-3.603784 2.740653 -1.374346 
-3.749958 3.431721 -1.328519 
-2.622021 3.577928 -1.294841 
-1.950437 3.182508 -1.326746 
-2.106709 2.661708 -0.255635 
-1.210781 -0.183877 -1.466672 
0.333127 0.231519 -0.268471 
1.059179 -0.552624 0.415281 
2.106857 -0.010801 0.392954 
2.400399 0.962002 -0.214888 
1.749481 0.832329 -1.134320 
0.517668 0.691460 -1.786472 
0.969919 1.095774 -1.182017 
0.002632 1.262626 -0.935398 
0.704756 1.674731 -0.289249 
1.558346 0.533449 0.827419 
2.118011 1.067579 1.415653 
2.073625 0.464709 1.882859 
2.488022 0.962656 0.989720 
1.487501 1.742890 -0.217371 
1.651227 1.428425 -1.045420 
2.444629 1.078469 -1.278367 
2.916255 0.607853 -0.888625 
1.910285 -0.329130 -0.575040 
1.373323 -0.059783 0.267795 
0.403754 -0.385237 1.254635 
-1.450499 -0.052683 1.602099 
-2.047189 -0.454218 1.853135 
-1.668970 -0.040380 3.038040 
-2.548771 0.151589 2.803615 
-3.001813 0.106540 1.834829 
-3.005901 0.002203 1.214836 
-3.520426 -0.630335 1.701731 
-3.114431 -1.398354 1.673521 
-3.554058 -0.665936 2.228914 
-3.919334 -0.478497 3.019146 
-3.239342 0.492159 2.890890 
-2.525831 -0.015964 2.136251 
-2.128996 -0.512759 1.234431 
-2.418750 -0.517031 0.397275 
-2.572017 -1.025224 -0.523129 
-1.807379 -2.205563 0.045460 
-2.103511 -2.788519 0.115027 
-1.910952 -2.263598 0.845145 
-2.508940 -1.929667 1.494386 
-2.126901 -1.515916 1.670982 
-2.395444 -1.948117 0.679965 
-1.910884 -1.824056 -0.383625 
-1.254167 -1.412603 -0.777528 
-1.207772 -0.462203 0.281624 
-1.733814 0.785027 -0.069008 
-2.236874 0.734939 -0.703857 
-2.794880 -0.167987 -0.104723 
-2.315316 -0.600999 0.023553 
-1.796909 -0.933760 -1.358624 
-1.282876 -0.973020 -2.579215 
-2.218441 -0.592273 -3.195012 
-1.859857 -0.113992 -3.652195 
-2.623148 -0.479233 -2.969358 
-2.443542 0.639130 -3.397634 
-2.503450 1.284173 -3.744615 
-2.353101 1.802769 -2.955670 
-2.863404 1.997081 -3.318654 
-3.737034 1.688807 -3.068629 
-3.099794 2.922712 -2.808354 
-2.156004 2.748365 -3.017339 
-1.599283 2.251436 -4.096829 
-1.254554 2.535646 -4.347277 
-1.531344 1.952772 -3.827514 
-1.452099 2.516214 -3.824602 
-2.112876 1.277194 -3.485994 
-2.561664 1.405040 -4.082447 
-2.970568 1.519180 -3.763023 
-3.430489 0.663845 -3.350252 
-2.939721 0.356346 -2.942394 
-3.395839 1.098490 -2.829656 
-3.572738 2.063682 -2.297088 
-2.807596 2.862959 -2.588605 
-1.677912 2.915760 -3.109117 
-1.009975 2.937755 -2.957125 
-1.595456 2.396770 -3.329184 
-2.942249 2.496514 -2.974026 
-2.983701 2.755506 -2.551739 
-2.619553 3.606065 -1.558114 
-3.012812 3.101148 -2.312686 
-3.324081 2.568109 -1.985057 
-2.811784 3.639348 -1.853146 
-1.694722 3.455979 -1.768709 
-1.511964 4.174929 -2.484888 
-0.443397 4.863786 -4.635477 
-0.075035 5.066559 -3.310935 
0.805438 5.369593 -3.079572 
1.983221 4.661369 -3.188692 
3.494434 3.920049 -2.995255 
3.326096 3.402279 -1.977105 
2.096235 4.459799 -2.952530 
1.317686 4.109002 -2.101336 
0.900802 4.454516 -1.745224 
-0.280046 4.956657 -1.549117 
-1.043967 5.398357 -1.489984 
-0.545884 5.518283 -1.866608 
0.603462 5.196122 -2.052956 
2.391381 4.815015 -2.380026 
4.021790 4.762877 -2.305643 
3.724559 4.733052 -2.923251 
4.228046 3.988359 -3.177434 
4.212964 3.198667 -1.742475 
3.415549 4.280933 -2.681064 
2.408907 4.372898 -2.769915 
2.731025 3.551440 -1.821872 
3.288774 3.795772 -1.599767 
3.448759 3.942657 -1.126716 
2.337953 3.944604 -0.567328 
2.592969 4.233273 -1.317338 
2.462780 3.806713 -1.015457 
1.961985 5.112918 -0.406089 
3.750257 4.573743 -0.741328 
4.843322 4.132124 -0.495387 
4.305840 4.753890 -0.025275 
3.206737 4.360229 -0.330160 
2.103485 4.704256 0.057581 
2.158328 4.565112 -0.527795 
2.693447 5.015317 -1.591549 
3.382269 4.852304 -1.365351 
3.447159 5.413104 -0.578929 
2.631036 5.547563 -1.219647 
2.143139 5.036639 -1.734951 
2.134895 4.374722 -1.245580 
3.078633 5.164424 -0.346191 
4.459712 4.879346 -0.147710 
4.176343 4.443315 -0.574127 
3.969345 5.074069 -0.149408 
2.936452 4.871701 0.561525 
2.144566 5.142591 1.256464 
1.408878 5.650097 1.326215 
2.763813 5.418917 0.888060 
3.552642 4.848518 1.282625 
4.292691 4.313368 0.906003 
3.833418 4.598329 0.531995 
2.683868 5.262434 1.559847 
3.013853 5.352760 1.056125 
3.194273 3.730026 1.453214 
3.428168 2.974612 0.867630 
3.575755 2.995285 -0.311952 
3.500295 2.630281 0.531840 
3.827430 2.876205 0.087532 
3.079681 2.909635 0.594960 
3.464792 2.775011 1.535999 
4.181381 3.469150 0.896951 
3.593062 3.322172 0.134515 
3.718138 2.582121 -0.609397 
3.992377 2.059204 -0.095100 
4.307183 2.963168 0.815586 
2.905824 2.891438 0.953512 
2.392577 1.836066 -0.320001 
1.201223 0.338339 -0.764213 
2.280863 -0.692666 -1.289497 
2.882802 -0.632274 -1.250296 
4.180555 -1.126295 -1.576589 
4.567740 -1.171335 -1.247692 
3.954454 0.631912 -1.075770 
3.738507 1.550955 -1.108198 
3.311736 2.395356 -1.037287 
2.560086 2.953559 -0.146791 
2.270084 2.436817 0.347118 
2.079328 3.168077 0.768344 
2.012573 2.609416 0.327431 
1.615080 3.055077 0.135127 
2.279992 2.436530 -0.845285 
1.745932 2.233802 -0.832789 
1.718435 1.156927 -0.702405 
2.512080 0.743401 3.266940 
3.415581 -0.040085 2.041629 
3.900976 -0.296650 2.362412 
4.611044 -1.713756 2.284858 
5.220540 -2.456397 1.548849 
5.580719 -1.867268 1.531622 
6.221492 -1.204782 1.277088 
6.189073 -1.946924 0.881825 
5.492362 -3.108750 0.390525 
5.749490 -3.716877 -0.848623 
5.202816 -3.180992 -2.015174 
5.717061 -1.927968 -1.182494 
5.272898 -1.817302 0.515638 
4.650295 -2.577453 1.433876 
4.689067 -2.285687 1.914148 
4.821044 -1.677859 1.895386 
3.677110 -1.142838 1.401535 
4.547342 -2.308509 1.032428 
5.089895 -2.425532 0.074054 
4.830442 -3.288276 0.050809 
4.665866 -3.142187 0.511224 
4.394865 -3.337612 -0.929388 
3.879662 -3.984523 -1.747670 
4.589866 -3.913686 -1.853793 
4.721068 -4.421101 -1.265512 
5.525241 -3.737701 -0.700022 
5.960365 -3.073378 0.037376 
5.592846 -2.532655 -0.038944 
6.483527 -2.310674 -0.508366 
6.109024 -2.694253 -0.748188 
5.248575 -3.250724 -1.611033 
3.640369 -4.320139 -1.450157 
4.547884 -4.500621 -1.461420 
4.506769 -3.982225 -1.138421 
4.865001 -2.578851 -0.497881 
5.726755 -2.513525 -0.903185 
6.336626 -2.205015 -1.665787 
5.910298 -2.024697 -2.365960 
4.719819 -1.619018 -1.864129 
4.831620 -2.403368 -1.724374 
4.609772 -3.282767 -1.889183 
5.402957 -3.304258 -1.931170 
5.814735 -2.082323 -2.884388 
5.615238 -2.845775 -3.010165 
5.160456 -3.040428 -2.682672 
4.534508 -3.814367 -3.350262 
4.802247 -3.314363 -3.268326 
4.411792 -3.128240 -3.942437 
3.715223 -2.892182 -3.757302 
5.193700 -2.941678 -4.327083 
5.166485 -2.778395 -3.570015 
4.839024 -3.261101 -3.476170 
5.099000 -2.460264 -2.603483 
4.772594 -2.094800 -1.840847 
5.038532 -2.046620 -2.544102 
4.751449 -2.101908 -3.559735 
4.200998 -1.599580 -3.908964 
3.721167 -0.409896 -3.478541 
3.328925 -0.966478 -2.604396 
3.356283 -1.819063 -1.376731 
3.966302 -2.612272 -1.245822 
3.797472 -2.064255 -1.860607 
3.854887 -1.672156 -3.170594 
2.911974 -2.111263 -3.352305 
3.345296 -2.206583 -2.933180 
4.447828 -2.164977 -3.270011 
4.415081 -1.854644 -3.346117 
4.354192 -1.226676 -3.063310 
5.216737 -1.224281 -3.697962 
4.521167 -1.056737 -3.592488 
3.149825 -1.332967 -2.831946 
3.169102 -0.546121 -2.292340 
4.534273 -0.281482 -3.113582 
5.046432 0.007984 -3.791596 
4.855720 -0.348354 -2.958056 
5.390569 -0.394224 -2.751889 
5.878721 -0.270266 -2.966609 
5.556242 -0.670184 -2.978283 
6.183921 -1.700051 -1.876548 
7.596327 -1.998625 -1.970028 
6.408632 -0.050838 3.472256 
5.291705 0.346002 3.811245 
4.253675 -0.113747 3.682356 
4.560797 -1.261186 3.878584 
3.792336 -1.386489 3.691063 
3.549862 -1.143705 3.851084 
3.639844 -2.030007 3.811944 
3.157997 -1.686412 4.832691 
2.777927 -1.313641 5.251053 
3.069097 -1.428270 5.013184 
3.913831 -0.881268 4.735794 
4.027048 -0.602406 3.841223 
4.087057 -0.429206 3.351110 
4.018670 -1.301529 4.412552 
3.622347 -2.106419 4.138777 
2.718335 -2.617099 3.797160 
1.992529 -1.927312 4.162215 
2.214842 -2.237503 3.757518 
3.544115 -2.146049 2.655159 
3.115699 -3.236894 3.558723 
2.026853 -3.267675 3.341657 
1.761610 -3.872336 3.732788 
1.926418 -4.134264 3.572720 
2.897036 -3.862567 3.846642 
2.597602 -3.065610 3.523427 
3.568713 -2.552134 2.597267 
3.744398 -3.295851 2.246527 
2.516171 -2.935527 2.537492 
1.583926 -3.072539 2.968350 
1.558156 -4.069241 2.842891 
1.604031 -4.891303 2.973316 
2.260607 -5.181906 3.147752 
2.779470 -5.003619 3.534006 
3.252259 -4.685109 2.640910 
3.334148 -3.897495 3.305189 
3.682027 -3.426720 2.567476 
3.026433 -4.451739 2.452475 
1.910588 -3.947689 1.477710 
1.668328 -5.384991 0.523618 
2.267308 -5.237256 1.251684 
3.172355 -4.651107 1.743897 
3.721161 -3.748424 2.000107 
3.390752 -4.291937 1.675442 
2.507682 -3.383252 1.875009 
1.435301 -3.655834 2.163614 
1.404254 -4.415617 1.017329 
1.198955 -5.167192 0.629885 
2.169624 -4.551607 0.537787 
1.802490 -4.729931 -0.286503 
1.346173 -5.681583 -0.029619 
1.656768 -5.502968 0.261563 
2.624080 -5.332224 1.198585 
3.168630 -4.973041 1.536853 
3.038722 -5.140059 0.347511 
3.391707 -5.188691 0.940804 
4.445888 -4.877893 0.810903 
4.603110 -4.473666 1.184391 
4.615931 -3.843007 1.155309 
3.352479 -3.483142 1.169159 
2.578599 -3.920365 0.332888 
2.164089 -4.536160 -1.118624 
2.451065 -4.772115 -0.368984 
2.058544 -4.565419 1.429614 
3.834765 -4.728258 0.817419 
4.880429 -4.752265 0.750704 
3.886969 -4.787892 1.134319 
4.114881 -4.803830 -0.133815 
4.144023 -4.978974 -0.687604 
3.440960 -4.759981 -0.415090 
3.872780 -4.469219 -1.051417 
3.193209 -3.773816 -1.770845 
4.168022 -3.930534 -1.754266 
5.016230 -4.308143 -0.591253 
4.581648 -4.767854 -0.243829 
4.903157 -4.048516 -0.000866 
5.002814 -4.065724 -0.236021 
5.087552 -4.028448 -0.945610 
5.294715 -2.560874 -1.355794 
3.916528 2.371508 -3.523496 
3.566352 0.857833 -1.181089 
3.721409 0.169600 0.318836 
4.312768 -0.031962 0.609065 
4.646642 -0.255500 -0.469171 
4.726045 0.019184 0.175878 
4.529758 1.070094 0.470660 
4.943041 1.333149 1.165151 
4.564714 1.818155 -0.375259 
4.744030 1.850309 0.214452 
5.179820 1.967593 -0.939315 
5.887923 2.888410 -2.286979 
5.503660 2.101421 -0.755221 
5.970365 0.962497 -0.476598 
5.048391 0.545321 -0.768967 
4.114193 0.634379 -0.075949 
4.832011 0.717475 0.933781 
5.399288 0.222602 0.059110 
6.125128 -0.175587 -0.272871 
6.093316 0.885553 0.259559 
6.071700 1.468334 0.909047 
5.793049 1.179206 0.615784 
5.384530 -0.305095 0.988806 
4.795667 -1.004747 0.288617 
5.400702 -1.403726 -0.960059 
6.315910 -0.734359 -0.811475 
6.940264 0.120781 -0.532575 
6.539964 0.765920 -0.129229 
6.781644 0.380578 0.418821 
6.624147 -0.847399 0.149756 
6.468299 -1.072397 -0.172262 
7.072190 -0.338001 -0.085774 
6.878092 -0.033874 -0.745307 
6.873562 0.694892 -1.382780 
6.599700 1.046321 -1.323154 
7.143221 1.438700 -1.499661 
7.113155 2.021094 -2.082659 
7.102734 0.916047 -2.165844 
6.580649 -0.275324 -1.743565 
6.343975 -0.788930 -1.666937 
6.409233 -0.734739 -2.211958 
5.626128 -0.789730 -1.247566 
5.746698 -0.499377 -2.269774 
5.483765 -0.114002 -3.596485 
5.988470 1.184428 -3.830176 
6.713610 0.435423 -3.354591 
6.541523 0.656157 -2.959742 
7.259449 0.848301 -2.364111 
6.843763 1.348847 -2.202790 
5.438345 1.548957 -3.701251 
5.594704 1.374029 -2.421325 
4.833375 1.181791 -1.223485 
5.479730 1.656906 -1.389834 
5.480488 2.006028 -2.115657 
5.311896 1.885014 -3.544409 
4.385316 2.445519 -2.715026 
4.030701 1.966678 -2.824525 
4.295865 1.267144 -3.693494 
4.730329 0.176834 -4.357410 
5.696055 -0.142728 -3.791313 
5.784845 0.381441 -3.729910 
6.406315 0.917476 -3.732665 
5.750440 1.798990 -3.328802 
6.377617 1.508675 -2.571315 
6.280486 0.263580 -2.550691 
5.726362 0.109743 -2.219065 
4.298798 0.557126 -2.874966 
4.786713 0.752122 -4.169427 
4.845567 1.191579 -3.682018 
4.793498 1.373643 -2.791423 
4.779740 1.603001 -2.001399 
4.794985 1.770801 -2.453165 
4.580966 2.018438 -2.274652 
4.575271 1.558254 -2.910850 
5.521989 2.370925 -2.037324 
5.174283 2.011984 -1.422336 
0.647274 6.369655 -1.273136 
0.868477 4.868763 -0.631047 
0.300712 5.873554 -0.108493 
1.294275 6.257552 0.452258 
0.730498 6.346541 0.017350 
0.012052 5.800775 0.847960 
0.382663 5.635541 1.097668 
-0.370039 5.535892 -0.131348 
-1.193050 5.628977 -0.200855 
-0.893012 5.105415 0.067114 
-0.002176 4.053780 0.467267 
0.134515 4.472870 1.618319 
-0.706274 3.129435 1.989919 
-1.256579 4.165545 2.493296 
-0.225297 4.957348 3.016758 
0.472784 4.391894 3.420315 
0.545869 5.637747 2.430916 
-0.320998 5.040634 2.032298 
0.724938 4.636896 2.363179 
1.752184 5.708180 2.325326 
1.931109 5.680077 1.764575 
0.312867 5.218568 2.064596 
1.206886 3.993172 2.403412 
1.736904 4.073815 2.668647 
1.862073 3.702110 1.939411 
0.912477 4.335838 2.904250 
1.481677 3.557789 2.644200 
2.474911 3.318854 1.029677 
2.594730 3.567911 1.419948 
1.901919 4.483190 2.113991 
1.513693 4.950264 2.734207 
1.146904 4.432306 2.886563 
-0.069711 4.511024 3.299451 
-0.370159 4.135650 3.297157 
0.050694 4.321389 3.552035 
-0.341433 3.478116 3.153084 
-1.688959 2.879564 1.888926 
-1.672217 3.171409 2.532920 
-0.703349 3.610882 3.148996 
-1.736704 3.927492 2.226770 
-0.903001 4.239338 2.886092 
-0.653066 4.210740 2.763389 
-0.667779 3.457050 1.692281 
0.363051 3.172028 0.368049 
0.675188 3.256413 -0.427560 
1.418757 3.361871 0.131876 
0.598883 3.227126 0.882867 
-0.057710 3.352144 0.688977 
-0.911092 3.135148 1.082639 
-0.528265 2.963890 1.723069 
-0.472349 3.071829 2.931807 
-0.363021 3.319100 1.782160 
0.519744 3.384956 0.459556 
0.949539 3.428667 0.423377 
0.920164 3.092166 1.085419 
0.062473 2.760728 0.529390 
-0.120826 2.067578 1.401786 
0.464275 2.105436 1.007611 
0.745448 3.337103 1.339238 
0.144858 3.810255 1.874252 
0.131326 4.233266 2.434432 
-0.105703 3.750240 1.717010 
-0.199881 2.795561 0.577885 
-0.962460 2.504792 -0.735237 
-0.043413 2.478367 -0.219343 
0.260223 3.413006 1.776475 
1.114366 3.188896 1.522561 
0.854069 3.092823 2.233854 
6.203019 4.328563 -3.138117 
5.941003 3.407319 -1.903741 
6.031204 2.717897 -0.929873 
6.305452 3.647591 -1.156566 
6.433392 3.310604 -0.824097 
6.934909 2.500798 -0.843557 
6.993466 2.483736 -0.363801 
6.748757 2.567251 -1.444036 
6.124638 3.489889 -1.416378 
5.014451 3.776017 -0.767312 
4.837003 3.230839 -0.435556 
4.987748 3.103738 -1.025010 
5.212248 4.209540 -0.658067 
5.361611 4.181017 -1.133209 
4.543690 3.340840 -0.938364 
4.389077 3.266282 -0.440928 
4.508357 3.084964 -0.985649 
4.541301 2.790150 -2.504962 
4.729926 2.915889 -2.172163 
5.335125 3.241237 -1.989313 
6.950221 2.419698 -1.781774 
5.630300 1.662456 -2.238543 
4.768833 1.803938 -1.654227 
4.064422 2.306251 -0.452753 
4.037979 2.694223 -1.620223 
3.328089 2.816523 -1.684051 
2.261489 3.175080 -1.066990 
2.861803 3.035447 -1.016496 
3.249974 2.459715 -2.001741 
2.512586 1.858797 -2.870249 
2.601985 0.645828 -2.727353 
2.235515 0.631370 -2.808597 
0.958402 1.426724 -2.678312 
0.199830 2.043899 -1.928765 
0.670616 2.220176 -0.794296 
1.396214 2.477947 -1.567559 
1.764449 2.775882 -1.717100 
1.503876 2.655764 -1.531154 
1.234967 3.571529 -1.509873 
2.047967 3.292893 -0.576486 
2.042342 2.934409 -2.503291 
1.963867 3.062880 -3.199663 
2.474625 3.133560 -3.662015 
2.145056 2.997797 -3.322670 
1.948728 2.967390 -2.973141 
1.375753 2.523665 -2.199551 
1.327279 3.122160 -2.461126 
0.818480 3.564409 -3.158605 
0.195626 3.688312 -3.050893 
0.266040 3.066407 -3.567350 
-0.334766 2.868355 -2.085238 
0.219417 3.199181 -1.958234 
0.946213 3.132658 -1.490867 
0.130476 3.147023 -1.477843 
-0.661125 3.028930 -2.427244 
0.481773 2.491788 -3.017531 
1.529292 1.970155 -2.084609 
0.825937 2.716766 -1.270058 
0.604189 3.308346 -1.631443 
0.742243 1.938268 -2.688977 
0.083771 2.626307 -3.418464 
-0.906348 2.916196 -2.594973 
-0.757227 2.676449 -1.668224 
-0.344324 3.607094 -0.933781 
-0.368462 3.738806 -0.487689 
-5.184688 5.204266 4.641583 
-4.842707 4.008727 3.580316 
-4.246046 2.649900 2.807924 
-4.588470 2.543137 3.261185 
-5.342670 2.865552 3.905632 
-4.587144 2.798411 4.823099 
-4.742272 3.497425 4.676235 
-5.005393 3.629107 3.661601 
-4.185516 4.275262 3.386364 
-4.660233 3.081433 3.857088 
-4.869660 2.124026 3.451402 
-4.952660 2.090524 2.433241 
-4.232659 2.712573 3.404690 
-4.281183 3.550234 3.276610 
-5.316468 3.808931 3.000817 
-6.047888 3.198654 3.632440 
-6.205960 3.398108 3.795377 
-6.307665 3.485264 2.848626 
-6.756467 3.134284 3.131987 
-6.824724 2.178437 2.515231 
-5.947495 1.762910 2.072917 
-4.842811 1.366803 1.322676 
-4.854966 1.996553 2.495507 
-5.944170 2.059301 1.882709 
-6.139056 3.137932 1.004161 
-6.375541 3.034035 1.345399 
-6.753662 1.742940 1.878000 
-6.426413 2.131640 1.356643 
-6.769558 2.196428 2.291544 
-5.841192 2.038084 3.178399 
-5.107157 2.377459 3.016366 
-4.578027 3.033447 2.171159 
-4.878787 1.948109 1.334867 
-6.382511 1.458982 1.269029 
-6.120528 1.624855 0.943880 
-4.940495 0.929129 0.667554 
-5.659576 0.501310 1.287231 
-6.518342 0.870065 1.256408 
-6.561788 1.963554 1.133514 
-6.086140 2.324442 1.887696 
-5.434585 1.075032 0.816776 
-5.040067 0.369585 -0.490021 
-3.714094 -0.435125 -0.269275 
-4.564624 0.369899 0.416196 
-5.229329 0.017020 -0.412581 
-5.944998 0.547006 -0.475705 
-5.925953 0.213165 0.403007 
-6.121864 0.654940 0.155656 
-6.141489 0.225125 -0.289217 
-5.572951 -0.471696 0.211678 
-6.273394 -0.796389 -0.418567 
-6.178999 -0.273319 -1.025315 
-5.644781 -0.694612 -2.089276 
-5.438061 -0.605584 -1.611057 
-5.456501 0.647154 -1.092973 
-4.591892 1.025052 -1.096112 
-5.171913 0.802162 -1.903570 
-5.420834 0.411309 -1.893424 
-5.066419 0.071854 -2.727605 
-4.984701 0.780230 -2.601231 
-4.966400 0.312272 -2.939034 
-4.158185 -0.183159 -2.876917 
-3.344052 -0.028256 -3.423582 
-4.038898 -0.648764 -3.106698 
-3.942493 0.078521 -3.227266 
-4.269507 0.076097 -3.042833 
-3.642920 0.480946 -2.288825 
-4.158346 1.415138 -1.962568 
-5.264410 2.314998 -2.662517 
-1.892972 1.452667 -1.567958 
-1.333409 2.586557 -0.353038 
-0.507659 4.017613 -0.602338 
0.652371 3.016496 -0.598062 
-0.171738 2.525744 -0.655023 
-1.250967 2.872576 0.607239 
-0.864505 2.205436 1.428904 
-1.194105 1.730214 -0.075098 
0.051401 2.150106 -0.281198 
0.128325 3.013199 -0.607301 
-0.109795 3.415026 0.118300 
-0.520294 3.510045 0.968391 
0.489243 3.862003 1.339727 
1.109345 3.908071 1.334688 
1.281535 3.683955 1.836188 
1.565414 2.688548 1.420652 
0.785132 2.277093 0.600758 
1.150121 1.620389 1.119808 
0.634034 1.094029 1.640488 
0.106430 1.190881 1.715224 
0.155525 1.654656 2.551763 
0.327700 2.977697 2.363885 
0.956643 2.848583 2.129759 
-0.004535 2.525253 2.000635 
-0.704893 1.966086 1.314737 
-0.027251 2.129094 0.698528 
1.382620 2.381070 -0.060817 
1.241695 3.072271 0.271381 
0.917009 1.387066 0.834811 
0.888454 0.737102 1.820982 
0.476649 0.318442 1.193688 
0.631317 0.586708 -0.250752 
-0.242479 -0.085037 -0.162915 
0.259648 -0.776009 -0.012408 
1.071657 -0.531620 -0.737971 
1.170018 -0.074349 -1.052452 
1.200534 0.569704 -1.123519 
-0.192736 0.889751 -0.132272 
-1.254330 0.802645 0.388529 
-0.714795 0.237427 -0.705928 
0.739306 -0.502500 -1.788498 
0.245137 -0.368131 -1.939875 
0.891253 -0.844380 -1.062830 
0.854695 0.030859 0.220610 
0.082341 0.982311 -0.072218 
-0.389391 0.404864 -1.349340 
0.078115 0.222348 -3.085959 
-0.007951 -0.126747 -4.159624 
0.241857 -0.676978 -4.747358 
0.944164 -1.032662 -3.436815 
0.339883 -0.647943 -1.778984 
1.529811 -0.038371 -2.528008 
0.754475 0.058288 -2.525845 
-1.107826 0.002531 -2.729830 
-1.685667 0.599548 -3.248138 
-0.904214 1.179261 -3.300233 
-0.331201 1.831826 -4.303833 
0.313515 2.456425 -4.157864 
-0.081557 2.453893 -3.623931 
-0.728736 1.937546 -2.778829 
-1.381482 1.161032 -1.819051 
-0.866286 1.551891 -0.722457 
-0.727038 1.315935 -1.611481 
0.002266 1.149465 -2.731569 
-2.296436 -3.913865 2.788779 
-1.962554 -4.382562 1.616009 
-1.534010 -3.862464 1.196175 
-0.892037 -3.709691 1.412868 
-0.921613 -4.441245 1.782141 
-1.585682 -5.230161 1.573917 
-0.855183 -5.720314 1.708931 
-1.004994 -5.764264 1.548474 
-1.722237 -5.090759 1.062423 
-1.763491 -4.170481 0.359669 
-1.722667 -3.566834 -0.196718 
-1.436543 -3.349570 -0.928210 
-2.417360 -3.914365 -0.329458 
-2.790086 -4.613995 -0.746502 
-2.773050 -4.969380 -0.880817 
-2.549622 -5.063799 -1.047855 
-3.061678 -4.800802 -0.422319 
-3.607843 -5.141593 -0.350768 
-3.813324 -5.011438 0.040245 
-4.099743 -4.838852 0.016491 
-3.135038 -5.140539 0.684745 
-1.897015 -5.293340 0.614120 
-2.668174 -5.268894 -0.092519 
-3.195213 -4.562729 -1.253856 
-3.476526 -3.643817 -2.475981 
-4.357227 -3.881485 -1.838725 
-3.938840 -3.371675 -1.957054 
-3.693057 -3.921441 -2.028626 
-3.522150 -3.422052 -1.560852 
-4.638012 -3.794327 -0.423967 
-3.840494 -4.162514 0.136889 
-3.140333 -4.778067 -0.940967 
-3.792189 -4.844180 -1.223247 
-2.939255 -4.823637 -1.434381 
-2.186125 -5.036894 -2.085946 
-2.744564 -4.429099 -1.992745 
-2.949846 -3.897857 -2.019032 
-2.761455 -3.246033 -1.202932 
-2.943915 -4.491136 -1.191470 
-2.191557 -4.440633 -0.824287 
-1.368490 -5.081948 -0.695231 
-1.430726 -4.251776 -0.712520 
-1.666873 -3.504551 -2.107577 
-1.008054 -3.851844 -3.007679 
-1.232355 -4.241418 -1.698725 
-1.251262 -4.667575 -2.246567 
-0.650874 -4.806511 -3.161864 
-0.859286 -4.900249 -3.086241 
-0.565078 -5.336566 -2.201348 
-1.658096 -5.243723 -2.211030 
-2.439890 -4.323943 -2.968273 
-2.532012 -2.928972 -3.424371 
-1.466823 -2.105953 -3.759245 
-0.664359 -2.868945 -3.942034 
0.095522 -2.967456 -3.422184 
0.055782 -3.137346 -1.994158 
-0.348245 -3.668292 -1.686273 
-0.902833 -3.455071 -2.005715 
-0.691038 -4.364985 -2.789686 
-1.134203 -4.310330 -3.850073 
-0.859050 -3.274514 -4.120780 
-1.461034 -3.231341 -4.405807 
-1.692801 -3.601503 -4.937139 
0.141529 -1.791712 1.560668 
1.083129 -1.711776 0.108012 
1.030685 -1.748021 -0.964610 
0.284515 -1.775262 -0.672315 
-0.164347 -1.070110 -0.247679 
-0.044639 -0.995002 0.550659 
0.140398 -1.757658 -0.244772 
-0.257236 -1.685390 -0.816921 
-1.146663 -0.977313 -0.373762 
-0.824753 -1.166911 0.228469 
-0.760645 -1.746688 -0.535980 
-1.198548 -1.530456 -1.422637 
-0.951863 -1.574733 -2.775659 
-1.651441 -2.163946 -4.183780 
-2.481846 -1.663781 -3.871297 
-2.686774 -2.726159 -3.826238 
-2.273213 -3.050495 -2.827033 
-3.099808 -2.534797 -2.979695 
-2.707658 -3.568271 -3.432262 
-2.675427 -3.775265 -3.300276 
-2.766904 -2.888945 -2.687883 
-2.081168 -2.270340 -2.425983 
-1.210634 -2.386700 -2.603191 
-0.739174 -2.557692 -2.749601 
-0.455011 -1.336396 -2.798539 
-1.675406 -1.759746 -3.229577 
-2.662860 -2.329838 -3.133159 
-3.179329 -2.208532 -2.290144 
-3.420227 -1.715425 -2.741830 
-2.428705 -1.522148 -3.299489 
-1.458148 -1.694704 -2.650786 
-0.081868 -2.261989 -1.801155 
-1.463043 -2.600787 -0.864471 
-3.033635 -2.686816 -0.362412 
-2.669269 -1.894615 -0.785417 
-3.092022 -1.693281 -1.579440 
-4.278609 -1.725525 -1.896913 
-4.361773 -1.224397 -1.566432 
-4.430709 -0.585025 -2.043397 
-4.517275 -1.531745 -1.319697 
-5.214763 -2.197945 -1.328433 
-5.725491 -2.026725 -1.501474 
-4.751663 -2.576664 -2.486225 
-4.800772 -2.320378 -2.627668 
-4.074194 -2.271939 -3.168372 
-3.859160 -2.117480 -3.343957 
-4.057112 -1.136486 -3.063904 
-4.679507 -1.611510 -2.034438 
-5.018544 -2.500275 -0.570613 
-4.073172 -2.503496 -0.250542 
-3.879540 -1.222380 -0.766595 
-3.739836 -0.401426 -0.814348 
-3.515699 -1.651321 -0.781295 
-4.145515 -2.056813 -0.823346 
-4.801115 -2.483036 -1.656535 
-5.459743 -1.381063 -1.445757 
-5.387136 -1.136808 -0.649327 
-4.503597 -1.535737 -0.644654 
-3.442879 -2.403860 -0.597844 
-4.275594 -2.446678 -0.661932 
-5.160880 -2.942856 -0.937072 
-5.588161 -1.969637 -0.945592 
-5.053828 -2.828451 -1.938720 
-2.232512 4.010838 5.936757 
-2.458933 3.286825 4.764535 
-3.018761 3.526799 4.805411 
-2.429853 3.685151 4.786546 
-1.986670 3.403985 3.520608 
-1.195775 3.145553 2.767440 
-1.057750 2.766566 1.940949 
-0.151158 1.069296 2.282755 
-0.984191 0.746014 2.942831 
-1.978044 1.616821 3.196770 
-3.336097 2.387972 3.387267 
-3.570178 1.449725 2.297793 
-3.317887 0.599980 1.790494 
-3.198206 0.355317 0.933242 
-2.843529 1.216787 1.841155 
-2.992457 1.777818 2.606941 
-2.653526 2.423510 2.175252 
-1.756835 1.528136 1.064396 
-1.518480 1.424218 1.124213 
-1.207828 1.384972 2.897288 
-2.070462 1.737743 2.446195 
-1.521831 1.142879 2.432632 
-0.214580 0.106060 1.768539 
-0.888020 0.314081 1.647282 
-0.789261 1.248736 2.133919 
-0.918258 1.815247 2.637792 
-1.367865 0.602801 2.233128 
-2.158586 1.249249 2.702437 
-2.675148 1.857187 1.678706 
-2.745818 2.734178 1.408585 
-1.957282 2.729730 0.815543 
-1.564848 2.663418 0.327296 
-1.253191 1.874803 -0.380736 
-1.139257 1.399855 0.367341 
-0.718213 0.772884 0.297990 
-0.398764 1.060316 0.853672 
-1.130518 1.648808 1.741196 
-1.156398 1.134691 1.498754 
-1.319529 0.521160 0.613973 
-1.473485 0.917168 -0.142284 
-0.810214 2.070406 -0.446671 
-0.759181 3.383207 -0.915114 
-1.543387 3.973513 -0.920082 
-2.442036 3.849760 -0.411582 
-3.048686 3.019301 -0.116111 
-2.704433 3.327364 -0.049463 
-2.111095 3.135353 0.322690 
-1.917558 2.554575 0.966901 
-2.789975 2.508692 0.475816 
-2.711501 2.975782 0.018689 
-3.407161 2.230044 -0.390100 
-3.022497 2.416938 0.431335 
-2.596644 3.125310 1.237716 
-1.849743 3.312115 1.272102 
-1.398518 3.557549 0.393530 
-0.972470 3.889937 -0.051925 
-1.351622 3.586625 0.527642 
-3.045295 3.128937 0.831300 
-3.486982 2.598424 1.407348 
-2.711066 3.189132 1.505146 
-2.377427 3.720326 0.406753 
-2.346524 3.589877 -0.299324 
-2.543890 2.787819 0.383741 
-3.645608 3.011933 0.946243 
-3.967293 3.476295 1.389473 
-3.396861 4.407451 3.852785 
2.237048 -3.474561 6.531096 
1.835887 -2.690448 5.368359 
1.235906 -2.829764 4.794211 
0.985060 -2.684106 4.117710 
0.144902 -3.076612 3.973131 
-1.125256 -2.253038 4.408586 
-0.888660 -2.920248 4.635908 
-0.641724 -2.702108 4.814310 
-1.371764 -3.356204 4.902414 
0.322976 -2.947783 4.841829 
1.795105 -2.510641 5.040308 
2.012318 -2.721909 4.616817 
1.183330 -3.240702 4.146746 
0.615140 -2.941657 3.888849 
-0.385755 -2.252207 3.158353 
-0.611601 -2.808947 2.623347 
-0.730217 -3.359703 2.850638 
-0.110006 -3.023138 2.790772 
-0.807344 -2.471262 3.794069 
-1.360520 -3.257359 3.919214 
-0.258318 -4.388459 3.502132 
-0.466498 -4.335441 3.832717 
-0.370633 -4.455772 4.203883 
-0.583833 -4.805883 3.338285 
-1.184896 -4.826462 3.616132 
-0.553238 -5.177105 3.147128 
0.585522 -4.596270 2.653785 
1.017196 -5.038654 2.238341 
0.876430 -5.213235 2.104288 
0.564643 -4.727332 3.374536 
1.024764 -4.389050 2.783765 
0.178129 -3.916820 1.932130 
0.030926 -3.779344 1.127250 
-0.411036 -5.003043 0.550032 
-0.439662 -5.625410 0.718609 
0.661343 -5.487243 1.139547 
0.490452 -5.445196 1.810552 
-0.441474 -5.165734 2.108508 
-0.852599 -4.517271 2.880368 
-0.204756 -4.412157 1.962127 
0.294398 -4.998211 1.723231 
-0.217025 -4.328692 1.055044 
-0.872719 -4.136977 0.413457 
-1.264264 -4.324400 2.034436 
-0.494049 -5.229531 1.355574 
-0.094796 -5.911524 0.251619 
0.169739 -6.070734 0.195786 
0.054811 -5.832631 -0.129091 
0.183096 -5.618671 -0.438704 
-0.069124 -5.806012 -0.844285 
-0.148551 -5.002940 -1.950879 
0.298279 -4.348691 -1.598511 
0.223556 -5.015549 -1.162013 
-0.039435 -5.095275 -0.253240 
-1.637891 -5.859579 -0.315480 
5.703918 -2.892787 4.078264 
4.739925 -2.367953 3.647287 
3.566766 -1.978757 3.134112 
3.115570 -1.514047 2.734349 
3.372412 -2.049786 1.577821 
3.373677 -1.895850 0.980798 
2.614397 -2.823612 1.244890 
3.134433 -4.051077 0.184014 
2.645233 -4.042699 -1.016117 
2.352873 -2.775093 -2.043196 
2.265179 -3.002835 -0.652269 
0.929414 -3.789694 0.125330 
-0.202833 -3.121577 -0.427295 
-0.421570 -3.452694 -0.201399 
0.260212 -3.437072 0.327925 
1.083875 -3.588952 -0.535461 
2.269778 -3.341124 -1.321206 
1.427902 -4.330798 -1.540335 
0.471148 -4.719825 -1.424996 
1.186835 -5.019546 -0.763856 
1.785278 -4.806211 -1.199874 
1.979783 -4.807691 -1.768703 
1.849546 -4.743992 -2.512977 
2.540370 -4.651283 -2.058188 
2.572508 -4.161115 -2.743120 
2.380035 -3.239642 -4.107214 
2.351375 -3.543428 -4.029465 
2.275360 -4.747175 -2.805344 
1.681035 -4.763412 -3.038725 
0.858108 -4.684620 -3.496370 
1.792467 -4.024954 -3.042324 
1.166875 -4.542545 -3.888235 
1.936602 -3.987879 -3.646713 
2.489676 -4.476696 -3.366932 
2.191307 -4.382895 -3.104426 
1.403635 -5.097358 -2.081046 
0.905319 -5.241002 -2.840691 
-0.080865 -5.485687 -2.651322 
0.307717 -5.326655 -2.362853 
0.315273 -4.242248 -3.544118 
0.706911 -3.680927 -3.995066 
1.542885 -2.689572 -4.973294 
0.656569 -2.075389 -5.147405 
1.083709 -2.860579 -4.409401 
0.367661 -2.953984 -4.337782 
0.460943 -2.614797 -4.528642 
-0.141351 -2.393889 -4.373124 
0.524608 -2.101035 -3.097759 
1.059988 -3.324813 -3.354980 
0.958352 -3.773442 -2.932968 
0.513339 -3.081844 -2.012084 
1.215154 -3.336764 -1.498208 
3.142716 1.833444 4.028380 
3.504762 1.518618 2.842569 
3.658495 0.947155 2.370557 
3.317211 0.772403 0.913304 
3.060521 2.099740 -0.474545 
3.527606 2.632654 -1.025505 
2.803745 2.362517 -1.477288 
3.095969 1.992097 -0.714968 
2.802916 2.562817 -0.909256 
2.062512 1.828951 0.078067 
1.641772 1.242296 0.407197 
2.278628 0.492362 -0.259756 
2.715030 0.077852 -1.086349 
3.521176 -0.435552 -1.893738 
4.616594 -1.110713 -0.990271 
4.084103 -1.098738 -0.294877 
3.859964 -0.421850 -0.541201 
4.021502 1.102677 -1.463552 
3.093095 1.242427 -2.441271 
3.237501 1.771600 -3.128545 
3.258239 2.399379 -2.786415 
2.476275 2.303220 -3.192496 
2.154646 1.187343 -3.271969 
1.943316 0.765604 -3.078697 
1.268404 0.041280 -3.032488 
1.187080 0.408430 -4.142611 
0.529715 0.409405 -4.570083 
-1.129023 0.384711 -4.538967 
-0.936805 0.959175 -4.900454 
-0.797471 0.712609 -4.620098 
-0.756941 -0.040132 -5.004908 
-0.550731 -0.630365 -5.164246 
-0.924810 0.345447 -5.134165 
0.163326 0.817449 -4.677934 
0.968108 -0.259662 -5.304020 
0.498276 -0.553769 -5.168069 
-0.200530 -0.880285 -4.838219 
0.576565 -0.495199 -4.397648 
0.388621 -0.244480 -3.781436 
0.014719 0.443070 -4.378385 
0.098141 0.831853 -4.010449 
0.355500 1.172605 -3.155936 
-0.099975 0.853549 -4.009263 
-0.581695 0.039945 -4.234521 
-0.352183 -0.894933 -4.269356 
-0.522605 -0.453504 -3.912957 
-1.606530 -0.541040 -4.836294 
-0.988125 -1.546261 -5.100382 
-0.820933 -1.215537 -5.414821 
-1.883713 -0.904457 -5.160790 
-0.229623 -1.005278 2.965627 
-1.342501 -0.238963 3.602375 
-1.907118 0.753580 4.094495 
-1.449740 0.909174 4.998199 
-1.983063 1.369686 4.712950 
-2.721588 1.559632 3.126662 
-2.767399 -0.221506 3.580283 
-3.055363 -1.763688 3.288507 
-2.269389 -1.403104 3.218995 
-3.075563 -0.879234 3.392162 
-2.632735 -0.929552 4.059084 
-2.151462 -1.288258 3.701652 
-3.041325 -0.060103 3.495781 
-3.750082 -1.002684 2.831896 
-3.073070 -1.224289 2.520985 
-3.332631 -1.858833 1.894378 
-3.694217 -0.937558 1.835390 
-3.846865 0.314355 2.446664 
-4.200544 0.777638 2.215010 
-4.614492 -0.514698 0.879581 
-4.357173 -1.405141 0.930450 
-4.738659 -1.544087 1.686123 
-4.377800 -1.074579 1.632967 
-5.753738 -1.413761 2.254105 
-6.675822 -0.859793 2.411560 
-6.749282 -0.814529 1.636291 
-6.344730 -1.854545 1.249608 
-5.745543 -1.613918 0.849810 
-6.324950 -1.386641 1.038257 
-5.787617 -1.225990 1.733220 
-4.857952 -1.762228 1.296491 
-4.415207 -2.241730 1.309519 
-4.540047 -2.179291 1.896761 
-3.876762 -1.932273 1.710122 
-3.976843 -2.163319 0.880825 
-4.474898 -2.917571 0.933310 
-5.663668 -1.728174 0.580767 
-6.530642 -0.690372 0.811905 
-6.746242 -0.993195 1.071532 
-5.624554 -0.799728 1.208546 
-5.485966 -1.274610 2.507344 
-5.782869 -2.159341 2.332813 
-5.144269 -1.748482 1.196178 
-5.742506 -1.496754 0.674882 
-6.177331 -1.835937 1.058088 
-6.557469 -0.167884 1.739652 
-7.003475 -0.929683 1.646168 
-7.705030 -0.466322 1.472205 
-1.853595 2.388748 5.484578 
-2.809340 1.529106 4.432585 
-3.603894 0.396633 4.325304 
-3.676330 1.149338 4.317693 
-4.218115 2.089252 4.639150 
-2.842304 2.056793 3.761858 
-3.923872 1.460081 4.868751 
-3.387344 1.513173 5.138479 
-3.381357 1.227422 5.666189 
-3.774871 0.552875 5.692439 
-4.629675 0.500095 5.557190 
-5.246663 1.079064 4.497474 
-5.497568 1.801082 3.442035 
-5.830254 1.590792 3.840201 
-5.051516 1.364268 4.272454 
-4.979238 0.658862 3.696627 
-5.342502 0.543378 4.338233 
-4.751530 0.893435 4.885294 
-5.063594 -0.208025 4.602919 
-5.067066 -0.378651 3.441519 
-5.452107 0.553567 3.328193 
-5.421352 0.991698 2.663405 
-5.329741 0.484313 2.830847 
-4.479985 0.808428 2.133044 
-4.341911 1.742808 2.127426 
-5.742608 1.030447 2.816766 
-6.652342 0.383536 3.138486 
-6.051864 0.145230 3.167210 
-5.907108 -0.509351 3.293627 
-6.629716 -0.175055 2.170855 
-6.800415 0.438144 1.551455 
-6.776228 0.612715 2.007659 
0.120458 -3.671695 6.840677 
0.555115 -2.104807 6.670515 
0.430786 -0.987685 5.824617 
0.161380 0.038603 4.304021 
-0.424466 1.311228 3.112292 
-0.204406 1.487225 4.138856 
-1.110975 0.755746 4.689971 
-0.685856 0.012114 5.160499 
-0.285459 0.488174 4.553272 
0.201728 0.463183 4.150933 
-0.729478 -0.526158 4.352567 
-1.997285 -1.431754 4.552374 
-2.234586 -1.836266 5.362842 
-1.866827 -2.524789 5.914062 
-2.172530 -2.956199 7.314096 
-1.017188 -2.777733 7.264942 
0.038833 -1.908430 6.796162 
0.641122 -1.115354 6.814327 
-0.528360 -0.568573 6.118725 
-0.537524 -0.521731 5.034763 
-1.768822 -0.378046 5.381108 
-1.759345 0.137793 5.623060 
-1.647912 -0.716365 5.437064 
-1.279189 -1.689218 4.971496 
-1.274881 -1.760413 5.502446 
-0.774496 -1.958328 5.044974 
-0.731956 -1.599540 5.433192 
-1.903025 -0.744272 5.383137 
-2.621612 0.333477 6.051580 
-2.462461 1.026787 5.257174 
-3.267382 1.504228 5.378414 
-3.142984 0.683780 5.011288 
-3.118144 -0.114500 5.647278 
-2.850602 -1.007365 5.501106 
-2.944968 -1.683714 5.508182 
-2.866605 -1.474746 5.097381 
-2.211069 -1.357115 5.391010 
-0.892107 -0.444505 5.600374 
-2.448460 -0.729328 4.962300 
-2.522863 -2.245766 4.933839 
-2.777672 -2.863865 4.839919 
-3.921185 -2.065637 4.684114 
-4.889743 -1.202013 4.610247 
-4.770943 -0.344891 5.328669 
-4.129024 -1.306465 5.355404 
-4.361446 -2.436464 4.645988 
-4.394709 -1.897087 4.664766 
-3.770354 -1.054294 5.198539 
-3.807475 -0.881384 4.793976 
-4.518974 -1.031680 4.470740 
-5.481932 -1.477146 3.838833 
-5.003646 -1.718144 3.439792 
-3.983271 -2.293829 2.915651 
-3.117030 -2.698850 3.754572 
-4.034511 -1.482061 4.184970 
-4.549764 -2.197078 4.107076 
-5.444174 -2.187619 3.311532 
-5.035978 -3.298236 3.118938 
-5.542220 -2.829062 2.683378 
-4.777777 -2.894335 3.501253 
-4.574658 -3.790727 3.182985 
-4.466622 -4.023679 2.959769 
-4.413352 -4.317146 2.310176 
-3.923698 -4.877706 2.746001 
-3.630042 -5.796966 2.770414 
-3.357226 -6.230133 1.982739 
-3.777481 -5.351684 1.341609 
-4.280263 -4.662580 0.866771 
-4.478789 -4.033875 0.730832 
-5.021512 -3.169974 1.335355 
-4.586254 -3.773473 1.914378 
-4.466591 -3.100201 3.400235 
-3.756166 -3.202487 3.651597 
-2.911043 -2.590124 2.854603 
-2.551042 -2.976478 1.889135 
-2.318985 -2.886366 1.390754 
-2.647349 -3.434511 1.740067 
-1.671777 -2.559258 1.839543 
-2.535191 -2.829499 0.992539 
-2.992537 -3.554278 2.052491 
-3.181572 -3.846219 3.540110 
-3.521467 -3.668604 3.614814 
-2.777336 -3.919219 3.961384 
-2.702401 -4.468163 3.559837 
-3.032904 -5.229488 2.198463 
-2.365448 -5.028085 2.054474 
-2.335625 -5.033885 2.813181 
-3.452498 -5.123794 2.415674 
-4.379854 -5.230200 1.958119 
-5.499653 -6.146191 2.051761 
