Snapshot 0 0.000000
1.350202 -1.742340 -0.999193 
0.560082 -2.287197 -0.718407 
0.317675 -1.408935 -1.130589 
0.576770 -0.682439 -1.767043 
-0.365187 -0.467845 -1.508844 
-0.380612 -0.252471 -0.532434 
-0.126086 -1.083302 -0.037524 
0.148581 -1.493808 0.831983 
-0.309480 -0.604889 0.834137 
-0.860601 -1.119588 1.490910 
-0.743288 -1.383414 2.448320 
-0.536063 -0.432014 2.676127 
-0.064387 -0.478157 1.795563 
0.487897 0.020028 1.127137 
0.209378 0.854884 0.652330 
-0.127792 1.545167 0.012154 
-0.237316 2.442025 -0.416391 
-0.532752 3.164419 -1.041583 
0.278612 3.145974 -1.625833 
0.354366 2.263903 -2.090821 
Snapshot 10000 470.120300
-0.393312 2.865086 -0.304963 
1.531429 1.830493 -0.180233 
-0.013838 1.278873 -0.805352 
0.433113 2.723324 -1.008030 
-0.592568 3.400778 -1.442010 
-1.000107 3.454783 -0.259804 
-0.936933 2.563944 -1.760225 
2.248642 2.510882 -1.305653 
0.650789 2.294555 -1.687120 
1.215245 0.361008 -0.340172 
0.744266 2.063900 -0.459324 
-0.848046 1.637366 0.671258 
-0.260866 1.271691 -0.122059 
1.595215 1.111851 -0.909713 
-0.260377 3.010506 1.101036 
-0.912213 2.378452 -0.012455 
-0.754786 1.890629 -0.959669 
0.886653 1.636832 0.758903 
1.929880 0.568709 0.780998 
0.277411 1.339882 0.999103 
