Snapshot 0 0.000000
28.986185 -11.450502 -20.833662 
28.388889 -10.753141 -21.229800 
27.805242 -11.121494 -20.506148 
27.278295 -11.947291 -20.707111 
26.869952 -11.573800 -19.874188 
26.299187 -10.814239 -19.562269 
25.612446 -10.184759 -19.198754 
24.862158 -10.777912 -19.490710 
23.874514 -10.931326 -19.458738 
24.322869 -11.194568 -18.604524 
24.602262 -11.803440 -17.862086 
25.267294 -11.057667 -17.822651 
24.391473 -10.628892 -17.601090 
23.776469 -9.840370 -17.602952 
24.038438 -10.119649 -16.679169 
23.981483 -9.864789 -15.713869 
23.038945 -10.102926 -15.479536 
22.183287 -10.620339 -15.491108 
21.961584 -11.391794 -14.894698 
21.237815 -10.818499 -14.510652 
21.539362 -11.636050 -14.020061 
20.546697 -11.532544 -13.957590 
19.709687 -11.984864 -13.649659 
18.853659 -12.493115 -13.555338 
18.971043 -13.351956 -14.053949 
19.625724 -14.068170 -13.812229 
19.612661 -14.993888 -14.190217 
19.949264 -15.924805 -14.048470 
20.605128 -15.203857 -13.824694 
20.602957 -14.577707 -14.604394 
20.998277 -13.787348 -14.136361 
20.578342 -13.025969 -14.630280 
20.906033 -13.025400 -15.575065 
21.516016 -12.678268 -16.287399 
22.325304 -12.537428 -16.857677 
22.297826 -13.010236 -17.738413 
22.176973 -13.783601 -17.116078 
22.503152 -13.857333 -16.173650 
22.169585 -13.779453 -15.234146 
22.560941 -14.649034 -15.535258 
23.366752 -14.082896 -15.361602 
23.359151 -14.145144 -14.363570 
23.324198 -14.854324 -13.659410 
24.146425 -15.393484 -13.477067 
23.322437 -15.734097 -13.024268 
23.100837 -16.363879 -12.279776 
22.654715 -17.200787 -11.962664 
21.836892 -16.658024 -12.153906 
21.078991 -17.213467 -12.496059 
20.141265 -17.361276 -12.810420 
20.656770 -17.121780 -13.633158 
21.643550 -17.238583 -13.745504 
22.025902 -18.090555 -14.103207 
21.878747 -19.040001 -13.825904 
22.695198 -19.208677 -14.378132 
22.348609 -19.829877 -15.080974 
22.457411 -20.702323 -14.604528 
21.508711 -20.820582 -14.311299 
21.186221 -21.345401 -13.523539 
21.702681 -20.873879 -12.808741 
22.094067 -19.991077 -12.548978 
22.778370 -20.176706 -11.843803 
22.979375 -19.309288 -11.388629 
22.141488 -18.767805 -11.457477 
21.640228 -18.647195 -10.600627 
22.618277 -18.447521 -10.541042 
22.141783 -17.702039 -10.074984 
23.140116 -17.685268 -10.130208 
22.665884 -16.819905 -10.292230 
23.286385 -16.623149 -11.051351 
22.493436 -16.014447 -11.024609 
21.990132 -15.450443 -10.369947 
22.345050 -15.251739 -9.456410 
21.430558 -15.380939 -9.072989 
20.695116 -14.759059 -8.803932 
20.659798 -14.921988 -7.817927 
20.009217 -14.677740 -7.098839 
20.945404 -14.796108 -6.767866 
20.817021 -15.783774 -6.678235 
21.784180 -15.624646 -6.876433 
22.313961 -15.853745 -7.693039 
22.846041 -16.694807 -7.595541 
22.031014 -16.995128 -7.100023 
22.867305 -17.511545 -6.915817 
22.263795 -18.257077 -6.633049 
22.513776 -17.610803 -5.912050 
22.484931 -18.185908 -5.094479 
22.423138 -18.531999 -4.158315 
22.202850 -19.179255 -4.888064 
22.088266 -19.974641 -4.292889 
22.083400 -19.289394 -3.564595 
21.480846 -18.545821 -3.274719 
21.053594 -17.835502 -3.834096 
21.494952 -17.500929 -3.001470 
21.802588 -16.764112 -2.399423 
21.099937 -16.130524 -2.075623 
20.633385 -15.601801 -2.784694 
21.026418 -16.226542 -3.459397 
20.590664 -16.991487 -2.985078 
19.684005 -17.057490 -2.568410 
19.103777 -17.396887 -3.308779 
18.968096 -16.549884 -3.822761 
-38.184715 -6.608802 43.597038 
-37.557372 -6.720496 42.826347 
-37.295637 -7.072245 43.725105 
-36.724951 -7.893089 43.748175 
-36.430735 -7.398853 44.566202 
-35.820325 -8.108320 44.918417 
-35.731405 -7.217583 45.364153 
-34.976293 -7.382006 44.729512 
-34.301018 -6.644682 44.748402 
-34.564071 -6.093899 43.956289 
-35.113692 -5.370433 44.374039 
-35.026636 -4.907601 45.256200 
-34.426463 -4.424190 45.893464 
-34.158987 -4.221420 46.835452 
-35.154558 -4.295322 46.777342 
-36.016208 -4.429530 46.287907 
-36.423762 -5.046537 46.961110 
-37.300137 -4.918677 47.425458 
-37.666111 -5.039641 46.502728 
-37.218484 -4.507271 45.784249 
-38.076043 -4.388860 45.283678 
-38.327379 -3.479512 44.952142 
-39.066890 -3.945660 45.437765 
-39.421204 -4.242174 44.550893 
-39.988851 -4.725461 43.884402 
-40.309954 -5.200699 43.065230 
-41.118110 -4.725648 42.717076 
-41.222442 -3.732091 42.672812 
-40.270414 -4.013958 42.791951 
-39.485960 -4.240337 42.214557 
-38.510452 -4.123348 42.028285 
-38.914427 -3.315253 41.599580 
-38.184443 -2.795705 41.155517 
-39.014132 -2.739690 40.600108 
-39.139611 -2.306525 39.707571 
-39.156594 -3.291150 39.533719 
-38.631603 -3.748290 38.815799 
-39.445268 -3.246485 38.522302 
-39.543852 -2.577854 37.785271 
-38.987476 -3.053327 37.103823 
-39.417109 -3.800415 36.596601 
-39.730776 -4.027225 35.674554 
-39.531077 -4.528332 34.832525 
-39.490626 -5.307404 35.458152 
-38.610981 -4.834930 35.512858 
-38.366561 -4.633349 36.461343 
-38.414181 -5.604073 36.225912 
-37.742677 -6.133809 36.744045 
-36.795923 -6.448163 36.813612 
-37.436470 -7.190280 37.011000 
-37.064369 -8.034245 36.624653 
-36.576366 -8.225187 37.476354 
-36.400184 -7.311274 37.842034 
-35.422626 -7.502593 37.753851 
-34.692113 -7.541685 38.435630 
-33.695956 -7.557037 38.349402 
-33.068531 -6.801259 38.536855 
-33.947543 -6.715771 39.005929 
-33.678975 -6.021634 39.673795 
-34.052778 -6.753246 40.243896 
-34.370498 -7.626676 40.612913 
-35.142383 -6.990916 40.614587 
-35.205378 -6.767467 39.641910 
-34.780176 -5.957639 40.046115 
-34.450943 -5.193446 39.491485 
-34.988752 -4.432352 39.128858 
-34.438278 -4.553936 38.302907 
-33.505614 -4.674742 38.642823 
-32.903852 -5.283946 39.159305 
-33.422135 -5.687583 38.405342 
-34.222905 -5.894889 37.843388 
-34.383811 -6.809629 37.472766 
-33.485870 -6.399388 37.313377 
-32.816571 -6.301585 36.576849 
-32.530992 -7.211349 36.275561 
-33.217922 -7.936291 36.224711 
-32.953753 -8.430084 35.396228 
-32.927394 -7.443095 35.237611 
-32.312821 -7.105965 34.524420 
-32.864175 -6.386897 34.947445 
-32.843396 -5.655241 34.266088 
-32.761290 -5.969906 33.320443 
-31.806333 -5.721069 33.158774 
-31.333348 -4.883746 32.884591 
-31.065372 -5.760718 32.485705 
-30.783792 -6.457835 33.145053 
-31.144101 -7.029677 32.408050 
-31.845527 -7.688289 32.135595 
-31.973974 -8.521301 32.673733 
-32.121938 -8.030040 33.532085 
-32.551969 -8.639383 34.198249 
-33.247436 -9.339075 34.034674 
-33.863490 -8.836531 33.428105 
-34.468803 -8.934195 32.638132 
-34.740325 -8.677408 31.710588 
18.545885 2.792298 10.833438 
18.378819 2.995723 9.868707 
18.319096 2.114534 9.399731 
17.508280 2.310662 9.951195 
17.070072 1.965839 10.781297 
16.144496 2.251121 11.030139 
15.616607 2.790228 10.373864 
16.218970 2.598635 9.598976 
16.305459 3.468111 10.085321 
16.901065 4.209527 9.776200 
16.055143 4.692444 9.549907 
16.157616 4.621215 10.542089 
17.064405 4.593827 10.962783 
17.347873 4.713361 11.914286 
16.894977 4.518301 12.784250 
17.635523 3.873795 12.974526 
16.751071 3.420443 12.863995 
15.941092 2.863551 13.047857 
15.273614 3.563547 12.793928 
15.203197 4.335004 13.426300 
15.019351 4.910962 12.629762 
14.366817 4.993713 11.876534 
14.164503 4.080066 12.229123 
14.008425 3.584075 13.083308 
13.608609 4.336823 13.606298 
13.404877 4.687803 12.692347 
12.997757 4.175163 11.936401 
12.010887 4.037087 11.852601 
12.135565 3.294097 12.510188 
12.122935 2.629730 11.762887 
11.757231 3.288351 11.105255 
11.466873 2.367168 10.846192 
11.868473 1.866450 10.079381 
12.052104 0.921577 9.808281 
11.476606 0.103927 9.792458 
12.303485 -0.163660 9.297818 
11.556865 -0.026567 8.646846 
11.596107 -0.200771 7.662919 
12.437727 -0.733682 7.750566 
12.265793 -1.503040 7.135322 
12.091575 -2.340284 6.616987 
11.364316 -2.996487 6.818215 
10.764605 -2.721498 7.569698 
10.377648 -2.806117 8.487905 
10.508948 -3.725674 8.117534 
10.229644 -3.851772 9.069421 
10.753785 -3.125972 9.514943 
10.478599 -3.532003 10.386385 
9.681483 -3.955622 10.816680 
9.704915 -4.952684 10.889599 
8.795208 -4.792032 10.506682 
9.138156 -5.713564 10.324565 
8.352275 -5.760759 9.707992 
7.725252 -6.251419 10.313050 
7.528623 -6.203131 9.333762 
6.816335 -5.975793 9.997812 
6.225995 -6.636581 10.461338 
5.309814 -7.030328 10.536007 
4.493851 -7.422752 10.960517 
4.981015 -7.942482 10.258696 
4.118813 -8.128098 9.787364 
4.573032 -7.737586 8.986623 
5.433224 -7.475375 9.424018 
5.035051 -6.854781 8.748502 
4.724545 -6.031455 8.273402 
3.891639 -5.514111 8.469929 
3.222159 -5.595640 9.208271 
2.782364 -5.509216 8.314341 
2.059872 -5.039104 7.807390 
2.913012 -4.525146 7.717953 
3.323011 -5.043434 6.967434 
3.425710 -4.078114 6.727414 
3.956966 -4.151159 7.571470 
4.728055 -4.758081 7.764000 
5.161910 -3.857101 7.762240 
5.594652 -3.171322 8.347425 
6.504544 -2.848809 8.086501 
7.393430 -3.019082 7.661191 
8.203648 -3.387878 8.116752 
8.242943 -3.073207 9.065139 
8.512125 -2.219331 8.619678 
7.999291 -1.404153 8.888909 
8.803397 -0.960543 8.493150 
8.891467 -1.712660 7.840032 
-21.288515 -18.466502 -22.681262 
-22.118395 -17.911834 -22.620911 
-21.844443 -17.273374 -23.340159 
-22.132190 -16.362086 -23.045615 
-21.925481 -15.387093 -23.127224 
-22.426647 -15.277990 -23.985670 
-22.590850 -14.401981 -24.439151 
-22.428069 -14.650360 -25.394039 
-21.824757 -15.439786 -25.507274 
-22.722993 -15.852983 -25.357477 
-22.880869 -16.648683 -24.772724 
-22.832821 -17.510747 -24.268206 
-22.471229 -17.906279 -25.112485 
-23.050937 -18.678321 -24.851928 
-23.842999 -19.227099 -25.119285 
-23.417747 -19.902769 -24.517098 
-23.487638 -19.528112 -23.592573 
-23.474646 -19.386179 -22.602782 
-24.165999 -20.079044 -22.807642 
-24.473157 -19.514243 -22.041709 
-24.471247 -19.087438 -22.946051 
-25.242732 -18.777450 -23.501675 
-25.388211 -17.798390 -23.359274 
-25.602889 -16.979621 -23.891749 
-26.274827 -17.626626 -24.252142 
-26.346925 -17.373619 -25.216916 
-25.881963 -16.877161 -25.949951 
-25.756559 -15.949467 -25.598300 
-25.273534 -15.933322 -26.473758 
-25.385840 -15.830582 -27.462106 
-24.429266 -15.688680 -27.207487 
-24.064222 -16.615096 -27.299656 
-23.073605 -16.738923 -27.357484 
-23.214858 -15.961367 -26.744740 
-22.365446 -16.394209 -26.442834 
-23.215240 -16.741004 -26.045868 
-24.187128 -16.930138 -25.905645 
-24.791643 -17.249881 -25.176038 
-24.649000 -17.845740 -24.385719 
-24.295020 -17.043526 -23.904937 
-23.586575 -16.354229 -23.753360 
-23.598738 -17.146414 -23.143201 
-23.385497 -16.624880 -22.317047 
-22.564892 -16.881928 -21.806622 
-22.748138 -16.253400 -21.050730 
-21.753907 -16.176537 -21.125543 
-21.364765 -16.835287 -20.481635 
-20.436352 -16.490722 -20.620648 
-20.075960 -15.709964 -21.131074 
-19.380159 -15.168998 -21.603533 
-18.845475 -15.990201 -21.802877 
-18.720387 -15.279231 -22.494885 
-18.811750 -16.171425 -22.937201 
-19.511953 -16.768749 -23.328249 
-20.131071 -16.020105 -23.565366 
-20.350422 -16.605565 -22.784903 
-19.778884 -16.321852 -22.014935 
-19.849593 -17.218485 -21.577844 
-20.842493 -17.252652 -21.463906 
-21.728688 -17.699976 -21.584573 
-21.506075 -18.604372 -21.220552 
-22.320810 -18.680141 -21.795414 
-23.022644 -18.329354 -21.175432 
-22.435154 -18.674775 -20.443626 
-22.818716 -17.759164 -20.323063 
-23.377799 -18.048507 -19.546078 
-22.711819 -18.101183 -18.801971 
-22.417820 -18.174292 -17.848966 
-22.707934 -18.264426 -16.896227 
-23.664122 -17.972708 -16.871628 
-24.476549 -18.481539 -16.586929 
-24.715278 -19.184586 -17.256805 
-24.977519 -18.565457 -17.997014 
-24.054717 -18.946982 -18.050626 
-23.971295 -19.861959 -17.655838 
-23.312829 -20.214931 -16.991133 
-22.932492 -20.209659 -17.915966 
-22.468651 -20.736761 -17.203916 
-21.964297 -19.913935 -16.942029 
-21.765498 -19.484428 -17.822940 
-20.787529 -19.688442 -17.778737 
-20.313532 -19.833577 -18.647220 
-6.045215 -29.578782 -74.949562 
-5.783536 -28.852052 -74.314434 
-4.972478 -28.446089 -73.893269 
-4.867301 -29.180087 -74.564227 
-4.259515 -29.958951 -74.719041 
-4.770866 -29.901689 -73.861579 
-4.942257 -30.880402 -73.748682 
-5.295854 -30.269718 -73.040138 
-6.000399 -30.398514 -73.738013 
-6.269464 -29.450779 -73.566539 
-7.187568 -29.834239 -73.666761 
-8.119433 -30.192815 -73.721996 
-7.492482 -30.857361 -74.128581 
-6.862361 -30.878335 -74.904795 
-7.406569 -31.023536 -75.731085 
-8.336891 -30.817574 -75.427639 
-9.123066 -30.847202 -76.044932 
-9.816792 -31.249052 -75.447218 
-8.990584 -31.810232 -75.397643 
-9.407507 -32.639416 -75.769972 
-9.248312 -32.941939 -74.830218 
-8.331047 -32.691468 -75.139880 
-7.389827 -32.526129 -74.845315 
-6.597135 -32.723736 -75.422021 
-6.556732 -33.721411 -75.476900 
-7.525497 -33.483065 -75.408449 
-7.220037 -33.019698 -76.240306 
-7.919443 -32.839881 -76.932041 
-8.074476 -33.074353 -77.891722 
-7.153904 -33.201229 -77.522331 
-6.758221 -32.927838 -78.399082 
-7.593826 -32.971182 -78.946700 
-7.452885 -33.825291 -78.446066 
-6.733546 -34.460612 -78.726991 
-7.089729 -34.301073 -79.647687 
-8.037477 -34.543636 -79.854900 
-8.502171 -35.052192 -80.579765 
-9.346213 -35.342463 -80.128836 
-10.219713 -35.208505 -80.596868 
-10.620832 -34.331361 -80.860915 
-11.304536 -35.042092 -81.026478 
-11.624207 -35.528684 -81.839521 
-12.359595 -34.886711 -82.056485 
-13.244152 -35.185167 -82.414932 
-13.172009 -35.239575 -81.419022 
-13.065584 -34.808003 -80.523244 
-13.610760 -34.521277 -79.735480 
-14.490467 -34.871003 -79.413289 
-14.666157 -35.837057 -79.223887 
-15.518077 -35.354466 -79.427205 
-16.003364 -34.652130 -79.947994 
-16.165220 -35.013252 -80.866358 
-16.945727 -34.391129 -80.927760 
-17.703137 -34.958820 -80.605181 
-17.349287 -35.249713 -79.716265 
-16.871188 -36.020737 -79.295619 
-16.046114 -36.206485 -78.761998 
-15.601317 -35.452741 -78.278237 
-16.373587 -35.715519 -77.699837 
-16.656085 -35.358089 -76.809647 
-17.655394 -35.390267 -76.791024 
-17.629325 -36.324994 -76.436613 
-18.265227 -36.334216 -77.208328 
-18.801987 -36.848993 -77.876829 
-19.678264 -37.119267 -77.477969 
-19.514895 -37.490533 -76.563927 
-20.351033 -37.898374 -76.930725 
-19.894453 -38.781896 -77.035248 
-19.516519 -38.404227 -77.880548 
-20.494207 -38.476978 -78.077612 
-21.405161 -38.566616 -78.480262 
-21.172908 -38.608773 -79.452003 
-22.155149 -38.551070 -79.273472 
-22.390687 -37.601458 -79.480253 
-22.561402 -37.953174 -78.559845 
-23.195382 -38.678681 -78.292059 
-23.699300 -38.451556 -77.458703 
-24.022537 -37.743339 -76.831053 
-23.369680 -37.047221 -76.532395 
-22.998805 -37.244820 -75.624977 
31.839185 -4.893602 -67.332862 
32.253031 -5.343978 -66.541727 
31.363541 -5.510533 -66.116207 
30.676446 -6.237057 -66.108256 
30.870180 -7.208157 -66.247653 
30.501131 -8.023499 -66.693769 
30.179501 -8.425626 -67.551002 
31.024607 -8.956771 -67.490342 
31.638963 -8.259664 -67.120736 
31.034953 -7.806539 -67.776364 
30.807976 -8.037995 -68.722361 
29.921025 -7.580886 -68.656264 
29.095176 -7.921217 -69.105874 
28.534731 -7.113890 -69.290602 
27.596986 -6.846934 -69.068411 
27.745941 -6.156522 -68.360497 
27.196843 -5.382741 -68.676336 
26.464840 -6.046926 -68.524576 
25.909952 -5.279481 -68.203441 
25.027321 -5.377942 -67.743803 
25.488868 -5.819521 -66.974399 
26.272229 -6.402099 -66.757725 
26.126594 -5.694818 -66.065956 
26.742163 -4.933700 -66.270346 
27.203912 -4.616524 -67.098710 
26.790064 -4.037607 -67.801265 
26.992033 -4.263130 -68.754338 
26.569549 -4.484005 -69.633384 
25.826195 -3.916372 -69.279523 
26.025423 -2.998107 -68.937327 
26.657766 -2.927911 -69.708829 
26.709558 -2.077287 -70.232046 
26.953208 -2.741593 -70.938680 
26.075352 -3.184575 -70.756651 
25.290805 -3.728012 -71.055252 
26.084286 -4.034717 -71.580915 
25.463000 -3.677818 -72.278501 
25.775177 -4.562014 -72.625981 
25.464409 -4.181509 -73.496980 
25.037098 -4.452088 -74.359646 
25.640834 -5.067663 -74.866173 
25.807531 -5.853359 -74.270443 
26.204704 -6.761782 -74.400905 
25.486150 -7.192702 -74.946788 
24.665949 -7.395886 -75.481564 
24.408650 -6.633990 -74.887164 
24.075571 -7.520326 -74.565499 
23.977203 -8.279769 -75.208594 
23.863024 -8.729025 -74.322517 
24.746913 -9.008891 -74.697237 
25.658236 -8.955107 -74.289073 
26.615096 -9.229318 -74.193012 
27.320749 -9.627436 -74.779149 
26.395376 -9.995641 -74.869212 
25.928571 -9.239529 -75.327892 
25.410894 -10.046892 -75.044739 
25.409258 -9.904019 -74.054999 
25.915702 -9.855650 -73.194084 
24.943127 -9.634329 -73.122568 
24.960484 -10.348705 -72.423021 
25.885073 -10.035705 -72.205841 
25.884083 -9.088780 -71.884389 
25.643745 -9.817279 -71.242885 
25.648947 -10.501873 -70.513979 
26.300002 -9.875619 -70.085104 
26.963875 -9.303512 -69.603476 
27.618574 -8.659658 -69.207470 
28.125668 -8.735291 -70.066036 
28.651594 -9.162260 -70.801631 
29.587598 -9.181933 -70.450194 
30.058878 -9.614834 -69.681759 
30.488904 -10.516482 -69.635822 
29.490748 -10.517050 -69.696516 
29.192685 -11.430377 -69.973990 
29.962452 -11.985978 -70.288260 
29.466169 -12.464265 -71.012791 
29.363962 -13.458785 -71.034777 
28.370076 -13.562547 -70.997043 
36.786585 -45.814002 -35.830362 
36.738255 -45.623286 -36.810817 
36.904640 -44.693233 -37.138410 
37.271442 -44.176310 -36.364945 
37.675801 -43.273351 -36.219487 
37.910283 -43.121224 -37.179631 
38.766033 -43.450492 -36.780539 
38.542093 -44.307433 -36.316316 
38.930548 -45.228174 -36.352903 
39.583110 -44.576160 -36.738962 
39.665138 -44.267808 -35.791233 
40.419720 -43.616053 -35.867536 
40.102979 -42.863750 -36.445216 
39.662866 -42.329373 -37.166841 
39.535594 -42.547092 -38.134518 
39.015000 -43.373461 -37.919820 
39.536301 -44.213556 -38.069769 
38.905068 -44.761449 -38.618730 
38.720259 -45.432457 -37.900682 
39.027597 -46.285129 -37.478197 
39.502357 -46.012687 -36.641311 
40.437171 -45.658573 -36.668282 
40.440951 -46.651947 -36.783147 
40.970858 -46.322865 -36.001543 
41.791960 -46.866205 -35.826692 
42.520255 -46.641173 -36.473953 
41.867511 -46.178663 -37.073962 
42.396563 -45.848601 -37.855732 
43.175533 -46.149826 -38.405703 
42.746288 -45.282341 -38.657137 
42.763963 -44.311354 -38.895615 
43.062388 -43.415381 -39.224514 
43.833385 -44.044762 -39.321692 
44.733995 -44.431537 -39.123431 
45.082585 -43.496890 -39.053294 
46.010619 -43.193700 -39.269693 
46.349613 -43.704779 -38.479832 
46.331367 -44.174562 -37.597239 
46.430310 -43.179528 -37.608004 
46.220184 -43.595480 -36.723227 
45.522348 -43.226387 -36.109390 
45.668469 -44.214689 -36.065709 
44.691543 -44.010176 -36.004136 
44.284938 -43.805302 -35.113800 
43.706821 -43.504838 -35.872418 
43.715534 -43.703914 -36.852364 
44.239310 -42.978114 -37.298315 
43.310697 -42.619660 -37.394167 
43.245769 -42.529452 -36.400362 
42.763345 -41.667223 -36.245997 
42.248044 -42.400800 -36.689089 
42.556264 -41.829422 -37.449700 
41.788880 -41.468684 -37.979785 
42.157552 -40.704956 -38.509692 
42.545618 -40.403018 -37.638924 
43.324079 -40.984640 -37.874961 
44.296477 -40.753357 -37.905808 
45.127570 -40.476601 -38.388187 
44.995481 -41.443191 -38.168511 
45.174926 -41.730316 -37.227576 
44.522838 -42.100471 -36.565936 
43.867753 -41.963661 -35.822871 
44.104760 -41.311522 -35.102771 
44.265269 -41.078156 -34.143721 
43.981587 -42.011576 -34.363382 
44.894129 -42.419840 -34.339124 
44.998496 -43.065200 -33.582409 
44.329741 -42.384523 -33.283334 
45.035669 -41.812836 -32.865196 
45.214594 -40.834947 -32.973452 
46.183101 -40.704961 -33.185814 
47.146062 -40.435949 -33.204210 
47.486533 -39.808411 -33.904406 
47.964006 -39.798918 -34.783001 
47.885259 -39.972767 -35.764620 
47.688355 -40.946968 -35.654341 
-59.873715 -48.993302 18.434838 
-59.638611 -49.408314 19.313753 
-60.423283 -48.865608 19.613353 
-61.085317 -48.300749 20.105942 
-61.466466 -47.617138 20.728358 
-61.217741 -46.760481 21.180326 
-61.019827 -45.825906 20.884693 
-61.329765 -44.929498 20.567846 
-61.427148 -44.705753 19.598076 
-61.690574 -44.459845 18.665265 
-61.542651 -43.655170 18.090273 
-62.224064 -43.150208 18.620076 
-62.891877 -43.642728 18.061998 
-63.792566 -43.797626 17.656085 
-64.173207 -42.873065 17.673389 
-63.579640 -42.450437 18.358271 
-63.121140 -42.903008 19.123096 
-62.840107 -43.717585 19.630526 
-62.999372 -44.467788 18.988786 
-62.759129 -44.928541 19.843180 
-62.643050 -45.864505 20.175592 
-63.145534 -46.022963 21.025534 
-63.933062 -45.479902 21.316882 
-64.028756 -45.476751 20.321476 
-64.288719 -46.003552 19.512217 
-64.513713 -46.705745 18.836716 
-64.929159 -46.520745 17.946109 
-65.096811 -47.427529 17.559283 
-64.581373 -48.149916 17.098327 
-64.695384 -49.092732 16.785120 
-64.289956 -48.920319 17.682840 
-63.353022 -48.885997 18.030659 
-63.699337 -48.222349 18.693711 
-63.299124 -47.634535 17.990644 
-62.656032 -47.183609 18.609593 
-63.254397 -46.384922 18.673301 
-63.470003 -45.435773 18.443888 
-64.389214 -45.072874 18.291060 
-65.185148 -44.942349 18.882203 
-65.634615 -45.378656 19.661701 
-65.121777 -44.719952 20.212253 
-65.405797 -44.116622 20.957454 
-65.888171 -44.933329 21.274162 
-66.870533 -44.766842 21.189042 
-67.488216 -44.561648 20.429856 
-67.104960 -44.537159 19.506539 
-66.904303 -45.012128 18.649718 
-66.198726 -45.172449 17.959459 
-66.081841 -44.224088 18.254329 
-65.449041 -44.608594 17.582228 
-64.864290 -44.263770 16.847952 
-65.478319 -43.518688 17.108375 
-66.303806 -43.291149 17.624899 
-67.273859 -43.392027 17.845854 
-67.507825 -44.273536 18.255979 
-68.466906 -44.487509 18.070563 
-69.432186 -44.736344 17.991101 
-69.059962 -45.207423 18.790810 
-69.058076 -45.670348 17.904415 
-68.618025 -46.107208 18.688958 
-68.430952 -45.942587 19.657412 
-68.012763 -45.300652 19.014732 
-67.680803 -45.433301 18.080812 
-67.276365 -46.243004 18.506031 
-67.792694 -46.899040 17.955556 
-67.083589 -47.475834 18.361116 
-67.125911 -47.949599 17.481482 
-67.214702 -47.598388 16.549406 
-5.248115 -52.524702 -1.303362 
-4.758053 -53.186617 -0.736169 
-4.904025 -53.828888 0.016281 
-5.464029 -53.468064 0.762070 
-4.494835 -53.547400 0.995243 
-4.060448 -54.321849 1.455174 
-5.044140 -54.418447 1.606892 
-5.800160 -55.026110 1.363625 
-6.472101 -54.325108 1.602563 
-6.098852 -54.777678 2.412419 
-7.048702 -54.966417 2.163097 
-7.439430 -54.045914 2.165604 
-7.382714 -53.397598 1.406348 
-7.912497 -53.273344 0.567365 
-8.397040 -53.933960 1.140780 
-8.424705 -53.490840 2.036815 
-9.367334 -53.461346 1.704280 
-9.420587 -53.303904 2.690371 
-10.419690 -53.268102 2.712967 
-11.078148 -53.984201 2.944563 
-11.221539 -53.108369 3.405386 
-10.996851 -52.211854 3.787192 
-11.854308 -51.712988 3.661096 
-11.809220 -51.902577 4.641924 
-11.030609 -51.275972 4.675562 
-11.503459 -50.427158 4.912054 
-12.104063 -50.337584 4.117541 
-11.833228 -50.330382 3.154942 
-11.484162 -49.483964 2.752786 
-10.538973 -49.236297 2.539996 
-9.813306 -48.788789 3.062627 
-9.622524 -47.920603 2.604528 
-8.718972 -47.907757 2.176241 
-8.155689 -47.197386 1.754238 
-8.070877 -46.318257 1.285261 
-8.401297 -46.869224 0.518933 
-9.016684 -47.640541 0.681315 
-9.507884 -46.850684 1.048531 
-9.770498 -46.265542 1.815762 
-9.316100 -45.445457 2.163587 
-10.298165 -45.259223 2.193027 
-10.894387 -45.969913 1.819611 
-10.744903 -46.857089 1.383063 
-10.378862 -46.334150 0.613291 
-10.570105 -45.542811 0.032594 
-11.390647 -46.074517 0.242355 
-11.964237 -45.636852 -0.450063 
-12.743904 -46.125763 -0.058803 
-13.504452 -46.454371 -0.618789 
-14.011113 -45.599137 -0.509839 
-13.154903 -45.082689 -0.523472 
-12.692938 -44.220868 -0.732884 
-12.309078 -44.567304 0.123057 
-11.751460 -43.823528 0.491648 
-12.371928 -43.240328 -0.032657 
-13.222016 -43.009804 0.440851 
-13.338980 -42.568439 1.330524 
-12.991772 -43.496399 1.465937 
-13.399450 -44.386724 1.668719 
-12.870955 -45.228368 1.779753 
-12.038713 -44.699705 1.946752 
-11.484249 -43.873146 1.849951 
-10.798159 -43.597964 1.176486 
-10.504806 -44.505443 0.875780 
-9.672557 -43.951059 0.880199 
-37.092715 29.071098 56.320538 
-36.334422 29.714845 56.423408 
-35.540613 30.006691 55.889841 
-35.571261 30.864740 55.377190 
-36.442410 31.279448 55.640089 
-37.336005 30.838244 55.722715 
-38.193566 30.902895 56.233018 
-38.812570 31.665245 56.044186 
-39.486942 31.026186 55.674286 
-40.044220 30.938166 56.499934 
-40.976042 30.640413 56.707420 
-41.243419 30.675820 55.744479 
-41.832487 30.166694 56.372006 
-41.211363 29.561409 55.874176 
-41.508574 29.114058 55.030646 
-40.662682 29.044534 54.501843 
-40.942520 29.986642 54.686564 
-40.462851 30.750335 55.118641 
-41.107795 31.162081 54.474815 
-40.952673 31.873804 55.159934 
-41.595428 32.152334 54.446291 
-42.142443 31.826751 53.675078 
-41.913657 31.123641 53.001807 
-41.100603 31.700830 53.077942 
-41.620896 32.435047 52.641798 
-40.799044 32.658395 52.117704 
-39.968978 32.840227 51.590514 
-39.676369 33.087416 50.666785 
-39.814527 34.033546 50.959617 
-40.477106 34.079515 50.212038 
-40.598598 35.071860 50.189884 
-40.924569 34.811239 51.098630 
-41.734381 35.292376 51.434356 
-41.938907 36.265909 51.332355 
-41.315742 37.039928 51.444424 
-40.369153 37.314666 51.613208 
-39.502383 37.314956 51.114499 
-40.260532 37.182610 50.475989 
-40.615226 37.543895 49.613629 
-40.637348 37.273385 48.651166 
-39.737971 37.606970 48.933728 
-39.565088 38.294865 48.228808 
-39.264839 39.100458 47.718055 
-38.494169 38.927997 47.104601 
-38.335811 38.521038 46.204986 
-37.443475 38.933846 46.022435 
-37.111390 38.083878 45.613444 
-37.785066 37.383821 45.850257 
-37.826894 37.275827 46.843528 
-37.111393 36.577857 46.813591 
-36.598704 36.376727 45.978907 
-36.498493 37.371585 45.993585 
-36.470181 37.537827 45.007906 
-37.080236 37.673152 44.227189 
-36.731281 38.593131 44.048670 
-37.054123 39.446341 44.458311 
-37.636473 39.989535 43.853490 
-36.997412 40.630505 44.278648 
-36.701276 41.534155 43.969262 
-37.499303 42.125521 44.085186 
-37.084412 42.910080 43.624391 
-36.989901 43.855561 43.936052 
-36.546774 44.033069 43.057344 
-35.637464 43.678176 43.274612 
-35.279955 42.755359 43.418129 
-35.886358 42.985897 44.179134 
-35.067353 43.417380 44.557357 
-34.197852 43.186627 44.994072 
-33.534482 42.739350 44.394168 
-30.143715 9.847498 7.286038 
-29.479108 9.878507 8.032588 
-29.397904 9.767448 9.023078 
-29.382199 10.267048 9.889192 
-28.772126 10.942648 10.303169 
-29.217120 11.199003 9.445112 
-28.495375 10.661227 9.009358 
-27.690181 10.738697 8.421428 
-28.467749 11.290205 8.119390 
-27.952499 11.885972 8.735490 
-27.426507 11.932643 9.584698 
-27.827185 11.379778 10.315313 
-28.151573 12.107233 10.919946 
-28.164892 11.790184 11.868262 
-27.215926 11.739130 11.557044 
-27.395410 12.658848 11.906190 
-28.179628 13.248884 12.098179 
-29.122148 12.991960 12.311830 
-29.707596 13.787109 12.153749 
-29.390326 14.679573 11.833048 
-28.916986 14.549926 12.704336 
-28.879422 14.510482 13.702851 
-27.935639 14.581340 13.379968 
-27.413821 14.254631 14.167983 
-27.259186 13.657085 13.381201 
-26.400117 14.158739 13.279497 
-26.230263 13.928960 12.321190 
-25.837563 13.228423 11.725342 
-25.139362 12.780181 12.283549 
-24.731505 11.977084 12.717930 
-24.092724 11.418972 12.188336 
-23.097339 11.508689 12.222392 
-23.248386 11.490863 11.234026 
-23.629628 12.408698 11.123428 
-23.407807 12.757155 10.212729 
-22.516697 13.089252 9.903481 
-21.929158 12.400489 9.478741 
-21.482758 12.655138 8.620906 
-21.539013 13.489592 9.169105 
-20.736659 14.072865 9.295676 
-21.460112 14.537056 9.806696 
-21.397289 13.655859 10.275252 
-21.174036 14.122498 11.131059 
-20.424069 13.544960 10.808571 
-20.618070 12.694651 11.297793 
-20.305965 12.688093 12.247818 
-19.732301 13.285241 11.687171 
-19.572620 13.278971 12.674320 
-20.321732 12.999345 13.274853 
-20.962474 13.431842 13.909201 
-20.164873 13.014253 14.344464 
-19.338538 13.554121 14.504818 
-19.288421 14.176268 15.286112 
-18.703989 14.674188 14.645397 
-17.945810 14.659021 13.993527 
-17.729642 13.683314 14.029144 
-17.029076 14.207867 14.512932 
-16.728770 14.304393 13.563986 
-16.198483 14.928713 14.137588 
-15.314513 14.461183 14.134032 
-15.778660 14.550840 13.252822 
-15.767227 15.406514 12.735434 
-16.622771 15.870239 12.965663 
-17.514229 16.320930 12.918969 
26.503185 54.694798 -4.503462 
26.807800 54.243899 -5.342449 
26.424211 54.051703 -6.245732 
26.178645 55.016563 -6.339227 
26.874474 55.335316 -5.695630 
27.250407 56.160692 -5.274405 
27.734096 56.665355 -4.559312 
28.323912 56.876294 -5.338813 
28.574617 56.324213 -6.134020 
29.147595 56.559779 -6.919007 
28.294297 56.659076 -7.430890 
28.348999 57.220117 -6.604911 
27.625967 57.836734 -6.916374 
27.087581 58.280324 -7.632871 
26.420504 57.725118 -8.129614 
26.740368 57.160511 -8.890473 
25.850765 56.747741 -9.085993 
25.155697 57.464731 -9.033018 
25.315013 57.899873 -8.146863 
24.857708 57.213042 -7.581942 
24.850044 56.524481 -6.856804 
24.422967 55.630042 -6.724198 
24.345339 54.814758 -6.150364 
25.006410 55.192318 -5.501955 
24.968943 54.222662 -5.260368 
25.392181 53.539429 -4.665338 
24.787436 52.959112 -4.119888 
25.289722 52.761065 -3.278172 
26.276879 52.602213 -3.295108 
25.751341 51.807234 -2.992093 
26.709542 51.526026 -2.939425 
27.215153 52.196163 -2.396033 
28.051079 52.578661 -2.789637 
27.412157 52.505170 -3.555390 
26.855694 52.090690 -4.275498 
26.779081 51.632189 -5.160884 
26.601991 50.963192 -5.882744 
25.718842 51.174347 -6.301625 
25.123248 50.401647 -6.082074 
24.275490 50.771694 -5.702110 
24.428683 51.167548 -4.796665 
25.196380 51.672997 -4.402758 
24.397900 51.536085 -3.816511 
23.411449 51.698980 -3.835974 
22.874171 52.023522 -3.057511 
23.331289 52.364329 -2.235992 
23.639381 52.849853 -1.417857 
22.919600 53.336925 -1.912504 
23.591663 53.238359 -2.646408 
23.496964 53.716313 -3.519674 
22.905306 53.808696 -4.320552 
21.918422 53.893367 -4.457991 
21.651879 53.379168 -5.273192 
21.804731 54.362095 -5.375611 
21.330156 55.192146 -5.668517 
22.090538 54.998898 -6.288577 
22.396298 54.055504 -6.417101 
22.339647 53.579889 -7.294928 
21.345827 53.690889 -7.296074 
20.645422 53.235040 -6.746862 
20.005412 53.996095 -6.852613 
20.177623 54.786526 -7.440457 
21.011054 54.865698 -7.987381 
-16.310815 39.179698 11.170938 
-15.442805 39.243649 11.663349 
-16.209594 39.660161 12.151766 
-16.639753 40.436462 12.612550 
-15.808267 40.586307 12.077593 
-15.599543 41.165697 12.865464 
-15.618583 42.086994 13.253858 
-16.302829 42.811641 13.335685 
-16.863381 42.172122 12.809569 
-16.021414 42.011199 12.294598 
-16.769634 41.551678 11.816051 
-16.563240 40.999976 11.007951 
-16.369358 41.434647 10.128479 
-16.151252 42.404653 10.235804 
-15.928781 42.706667 9.308823 
-16.751155 42.448819 8.801658 
-17.143830 41.534741 8.700334 
-16.769061 40.607747 8.685131 
-17.662122 40.300966 8.356000 
-18.351097 40.086475 7.663680 
-17.615337 40.451605 7.093296 
-18.524204 40.780001 6.836161 
-17.945650 41.555422 6.583183 
-17.962481 42.477542 6.969719 
-16.986587 42.655471 6.843341 
-16.748007 42.498993 7.801774 
-15.772072 42.659560 7.949323 
-15.502260 41.711648 7.780019 
-15.284181 40.836279 8.211494 
-14.357857 41.174216 8.044992 
-13.854506 41.727299 7.381113 
-13.296623 42.189851 8.070179 
-13.753540 42.931494 8.561293 
-14.281965 43.268514 7.782073 
-14.803458 43.684129 8.527264 
-15.440987 44.389752 8.836541 
-14.955173 43.980255 9.608743 
-14.653113 43.034381 9.727413 
-15.016104 42.702963 8.856552 
-14.299229 42.006508 8.888832 
-14.224278 41.821726 9.868749 
-13.811302 42.439193 10.538215 
-13.607328 43.157211 11.203680 
-12.676799 43.500533 11.331141 
-11.890739 43.030724 11.732872 
-11.993389 42.036407 11.761113 
-11.854461 41.309481 12.433628 
-11.217197 41.384778 13.200586 
-10.623179 40.641493 13.508271 
-11.240646 39.857721 13.574885 
-11.876580 40.551864 13.912158 
-11.083493 40.446701 14.512119 
-10.088943 40.372354 14.439018 
-9.909211 40.806189 15.321901 
-9.426021 41.045286 16.164137 
-8.650580 40.448752 15.957159 
-8.222020 40.246487 15.076576 
-8.709283 41.020521 14.672290 
-9.247731 41.137498 13.837790 
-8.361016 41.427203 13.477501 
-7.397135 41.690179 13.519658 
-7.869474 41.793837 14.394959 
-7.675731 41.435502 15.308228 
1.857785 -36.030502 54.666838 
0.975973 -35.740068 54.295280 
0.296235 -36.242099 54.829996 
1.140719 -36.518443 55.288778 
1.886504 -36.644593 55.942911 
2.050759 -36.091129 56.759426 
2.222812 -36.131059 57.743704 
2.631630 -35.845122 58.610369 
3.514709 -36.160862 58.957471 
2.960895 -36.423805 59.747504 
3.481128 -37.013268 60.365477 
3.744451 -37.215525 61.308744 
4.129304 -37.794456 62.027582 
3.899240 -38.340012 62.833460 
4.352546 -37.712871 63.466869 
3.859343 -38.363624 64.044166 
4.051492 -39.344523 64.074447 
3.590764 -39.422380 64.958566 
4.554102 -39.154966 64.936908 
5.301319 -38.547108 65.205565 
5.324864 -37.740304 65.795913 
5.652452 -37.651503 66.736552 
6.347708 -38.057690 66.143567 
6.002717 -38.909934 66.536838 
5.058856 -39.214831 66.663975 
4.965147 -39.737683 65.816719 
5.780618 -40.316351 65.804441 
5.335003 -40.937049 66.449547 
5.911329 -41.615617 65.994142 
6.339246 -41.253603 65.165992 
7.060800 -41.715282 65.681949 
7.068019 -41.772852 66.680265 
7.557086 -42.630577 66.521771 
7.236807 -43.154205 67.311223 
7.003052 -43.893282 67.942985 
6.129928 -43.995294 67.466280 
5.546291 -44.803280 67.547070 
5.100552 -44.714971 68.437867 
5.490569 -43.858952 68.777159 
4.815037 -43.567042 69.454244 
4.852886 -43.003594 70.279528 
4.969574 -43.987618 70.413991 
5.909422 -43.649216 70.367399 
5.824318 -42.749625 70.795761 
6.459262 -42.640788 70.030907 
5.599879 -42.326844 69.627299 
4.657005 -42.358512 69.295656 
4.056752 -41.598866 69.545922 
4.871840 -41.019531 69.544243 
4.532176 -40.118624 69.274069 
4.208486 -40.886222 68.720879 
3.418221 -40.446741 69.147890 
3.358808 -40.645096 68.169562 
3.637767 -40.569484 67.212240 
3.270868 -39.889041 66.577903 
2.702613 -40.691451 66.760180 
1.897850 -40.855452 67.330671 
1.411892 -40.362071 68.052073 
0.543254 -40.851150 68.131256 
0.545846 -39.972639 67.653542 
0.681530 -39.320859 66.907370 
0.836718 -40.288626 66.709020 
1.764624 -40.166082 66.356920 
1.361106 -39.327776 65.990290 
1.815855 -39.876065 65.288447 
2.293477 -39.075594 65.650557 
60.425285 27.988098 -12.150062 
59.561437 27.528714 -12.356783 
59.205350 26.837907 -12.986058 
58.488440 27.390676 -13.410895 
57.658532 27.033951 -13.839848 
56.778049 26.734438 -14.207328 
55.857229 26.386036 -14.382557 
55.559508 27.231210 -13.938661 
56.193828 27.353218 -13.175279 
56.512051 26.607754 -12.589602 
56.980824 25.802196 -12.951995 
57.420862 25.316293 -13.707154 
57.951148 24.475567 -13.597718 
57.687784 23.533065 -13.803461 
58.037382 23.857561 -14.682372 
58.206591 23.743227 -15.661298 
58.658598 24.555653 -16.029610 
58.725253 25.304022 -16.689535 
59.025120 25.450347 -17.632227 
58.075503 25.741024 -17.749419 
57.367344 25.706777 -17.044197 
57.395870 24.746803 -17.322830 
58.117888 24.081357 -17.512230 
58.290889 24.683180 -18.291896 
58.854192 23.882867 -18.497293 
59.235377 23.171428 -19.087676 
59.981574 22.650092 -18.673673 
60.892153 23.062512 -18.646175 
61.800598 23.336895 -18.330832 
61.320836 22.615428 -17.831519 
60.525189 22.532471 -17.231466 
60.050196 21.661235 -17.107654 
60.940978 21.427788 -16.717769 
61.865528 21.052896 -16.786048 
61.935204 21.196011 -17.773299 
61.138217 21.650037 -18.171636 
60.913533 20.834792 -18.705389 
60.484988 21.549674 -19.257923 
60.645339 22.447695 -19.667613 
59.813991 22.176712 -20.152822 
59.937596 22.021368 -21.132919 
59.248764 22.100861 -21.853468 
60.095721 21.882327 -22.338141 
59.359325 21.598792 -22.952413 
58.492806 22.033554 -23.197620 
59.005581 22.752905 -23.666232 
58.011125 22.819065 -23.747957 
57.461476 23.654214 -23.768284 
57.059207 22.996543 -23.131378 
56.279533 22.700365 -22.579665 
56.185318 23.459980 -21.936152 
55.263884 23.081317 -21.849125 
54.845039 22.187233 -21.690440 
55.436039 21.660220 -21.079722 
56.355579 21.948854 -21.346439 
3.485385 35.831798 -49.426762 
3.724922 36.374495 -50.231809 
3.262108 35.588989 -50.642641 
3.248185 35.065145 -51.494342 
3.724403 34.700076 -52.294305 
2.815399 34.347266 -52.072408 
3.001752 34.688155 -52.993857 
3.158673 34.262229 -53.884903 
2.400307 33.918623 -54.438812 
1.890775 33.353491 -53.789965 
2.573360 33.223988 -53.070725 
3.175992 32.621588 -52.547322 
3.291834 31.745656 -53.015641 
2.324347 31.642935 -52.784518 
2.469011 31.317799 -51.849982 
1.707617 31.357355 -51.202900 
0.793250 31.260938 -50.809661 
0.009448 30.911414 -50.296351 
-0.272590 29.952168 -50.313739 
0.386505 29.456406 -50.879259 
0.268290 29.206824 -51.840370 
-0.724765 29.273788 -51.937103 
-0.301487 28.567897 -52.505041 
-0.560906 27.923180 -53.224097 
-0.045659 28.734138 -53.501346 
-0.890705 29.199920 -53.763921 
-1.631514 28.878540 -53.174076 
-1.610002 29.872358 -53.282993 
-1.849324 29.486881 -54.174134 
-2.530832 29.722914 -54.866835 
-3.517497 29.851577 -54.966520 
-4.289842 30.190413 -55.503804 
-4.210966 29.247325 -55.826860 
-3.389416 29.456155 -56.357374 
-3.225698 30.436372 -56.468598 
-3.251721 30.685699 -55.500528 
-3.453892 31.179416 -54.654732 
-2.685963 31.711294 -55.011652 
-2.788714 31.877357 -54.030905 
-2.026658 31.316701 -53.706969 
-1.337312 31.860884 -54.185160 
-0.972292 32.779542 -54.336249 
-1.105656 33.724220 -54.036588 
-2.019921 33.415687 -54.299129 
-2.767119 33.239097 -53.658418 
-3.618439 33.334039 -54.174402 
-4.536417 32.979269 -53.997042 
-4.654224 32.238729 -54.658648 
-5.154537 32.338266 -55.518752 
-4.747692 32.968713 -56.179823 
-4.365200 33.809377 -55.796439 
-3.740153 34.058767 -56.536115 
-8.698615 5.788498 -42.180402 
-9.256771 6.360925 -41.579744 
-9.955873 6.281792 -40.869115 
-10.890743 6.625054 -40.778617 
-11.008604 6.106257 -41.625351 
-11.262112 5.680437 -40.756783 
-12.198642 6.029324 -40.791246 
-12.518242 5.576199 -41.623432 
-12.361460 4.609879 -41.419361 
-11.391738 4.422667 -41.262543 
-11.019812 3.905555 -42.033430 
-10.043016 3.733371 -41.906064 
-9.147975 3.476565 -41.541436 
-8.152720 3.382277 -41.565473 
-7.835570 3.117997 -42.476281 
-7.095265 2.849381 -41.860006 
-6.613989 3.725950 -41.860261 
-7.104311 4.593318 -41.775074 
-6.483993 5.361239 -41.934772 
-6.186515 4.553060 -42.443057 
-6.355219 3.662189 -42.864824 
-5.910624 2.844359 -43.230185 
-5.185447 3.236271 -43.796332 
-5.145643 3.873097 -43.026353 
-4.208430 4.124775 -43.267785 
-3.737612 3.450677 -43.836928 
-3.017440 4.048214 -43.484362 
-2.784923 4.841384 -44.047227 
-2.955480 5.822401 -43.954939 
-3.102607 5.502284 -44.890823 
-2.858352 4.567652 -45.149288 
-2.578282 3.968207 -45.899105 
-3.490200 3.636862 -45.656994 
-4.335102 3.754391 -45.135144 
-4.101141 2.909266 -44.654493 
-4.486797 2.503564 -43.825833 
-4.818051 1.766531 -43.236721 
-5.170948 1.296585 -44.045803 
-4.768195 0.796590 -44.812481 
-4.210248 0.011263 -44.544235 
-3.873144 0.587021 -45.289127 
-4.199798 -0.170930 -45.853757 
-3.890160 0.507337 -46.520148 
-3.019805 0.111539 -46.227186 
-2.876060 -0.609070 -46.905463 
-1.961225 -0.599235 -46.501753 
-1.583121 -0.611220 -47.427439 
-1.713454 0.202015 -47.994592 
-2.204425 -0.625154 -48.267975 
-1.864078 -0.467386 -49.194945 
27.383085 25.059098 50.679338 
27.705278 25.505241 49.844384 
28.402731 25.333171 49.148718 
29.249936 25.310587 49.679504 
29.930690 26.040741 49.620775 
29.517380 26.682175 50.267102 
29.347394 25.980227 50.958748 
29.591940 25.028720 50.772114 
30.492149 24.594174 50.743958 
31.368131 24.839690 50.328775 
31.911449 25.516833 49.832506 
32.398733 24.979347 49.144274 
32.854422 25.863384 49.040226 
33.687918 25.631994 49.541966 
34.141919 25.641688 48.651017 
34.387460 26.608332 48.723889 
35.345058 26.486014 48.463034 
35.689052 25.724771 49.012741 
35.759796 25.334258 49.930616 
34.934750 25.840382 50.181886 
34.036639 26.209548 50.420873 
33.122404 26.402007 50.777431 
33.724429 26.307569 51.570305 
34.453450 25.638214 51.713454 
35.064224 24.848318 51.658493 
35.708621 24.187578 51.273559 
36.046992 23.592206 52.002281 
35.858195 22.661881 51.687876 
36.223200 21.815002 52.074616 
37.053726 22.305612 52.338300 
36.854186 22.729293 53.221860 
37.537563 23.440050 53.055064 
38.121191 24.147793 53.453158 
37.715275 25.050383 53.309760 
38.598211 24.903241 52.863921 
39.407809 25.140323 53.400897 
38.633761 25.398504 53.978991 
38.322892 25.874729 53.156452 
38.571230 26.672604 52.607159 
38.002436 27.095242 53.312744 
38.677251 27.727022 52.931328 
39.393385 28.302831 53.325785 
39.118148 28.264122 54.286381 
39.244527 28.301897 55.277644 
38.770630 27.783949 55.989789 
38.758919 26.818371 56.249637 
39.709449 26.885428 55.946328 
39.436559 25.930351 55.830748 
-9.608315 12.428098 93.861038 
-8.838390 12.696293 93.281999 
-9.099932 13.054810 92.385862 
-9.524479 13.861583 91.974915 
-10.000055 14.722632 92.154978 
-10.993300 14.674000 92.049629 
-11.553021 14.249793 92.761500 
-11.540788 15.249388 92.787207 
-10.937129 15.962191 93.144290 
-10.072552 15.829969 92.659496 
-9.912438 16.816525 92.626763 
-9.670594 17.523352 91.962002 
-8.721400 17.277516 92.158457 
-7.840093 17.424270 92.607635 
-7.446039 17.352187 91.691379 
-8.207647 18.000220 91.688697 
-8.390672 18.240474 90.735397 
-8.094052 18.668218 89.881552 
-8.294664 18.710640 88.902800 
-8.053003 19.677995 88.826489 
-7.157517 20.033008 88.558029 
-6.611635 19.515061 87.899437 
-5.840397 18.919098 88.123086 
-6.337695 19.227594 88.933966 
-5.481122 18.933189 89.357769 
-5.242676 19.875650 89.123438 
-4.360417 20.211596 88.793652 
-4.710667 21.080339 88.443494 
-5.575919 21.535130 88.232535 
-6.176165 21.971143 88.903055 
-6.163187 22.611903 88.135423 
-7.101061 22.359634 87.897198 
20.620885 55.425098 44.534438 
20.118847 55.783740 43.747461 
19.226331 56.193957 43.934911 
19.275222 55.699018 43.067359 
18.551322 55.881279 42.401964 
19.360998 56.344984 42.042237 
19.066531 57.118553 41.481095 
19.915233 56.639788 41.256398 
19.867237 56.576180 40.259578 
20.598113 56.907921 39.663116 
20.253760 57.834255 39.510385 
20.703728 58.544814 40.051342 
21.591284 58.488458 40.508581 
22.582290 58.370889 40.444667 
23.473125 58.325542 39.992608 
22.816700 58.930699 39.542172 
22.949458 59.047445 38.557923 
22.982698 58.155081 38.107832 
22.509963 58.086132 37.229329 
21.967494 57.312000 36.903066 
21.200053 56.708495 36.686696 
22.005764 56.173944 36.941814 
21.812817 55.983647 35.979235 
21.415950 55.274925 36.562510 
21.772647 54.369808 36.793876 
21.938499 53.849613 35.956087 
22.029730 52.872007 35.766447 
21.167994 53.318677 35.525832 
20.934931 52.372031 35.303250 
20.825262 52.601596 36.270345 
20.056960 52.143256 35.823538 
19.465508 52.879590 36.152167 
19.651652 52.152882 36.813413 
20.051435 51.299887 37.148930 
19.456352 51.279246 36.345531 
18.751406 51.233624 35.637739 
18.384273 51.427420 36.547495 
17.393565 51.409622 36.682335 
17.212243 51.428317 35.699089 
16.361036 51.004660 35.389312 
15.954401 50.653134 36.232565 
14.991220 50.474774 36.433736 
14.589895 51.358463 36.674638 
15.281132 51.524837 35.971423 
14.421989 51.718209 35.497630 
14.360436 52.222217 34.636126 
15.098999 52.574654 34.061399 
15.983130 52.985469 33.838816 
16.544296 53.088081 34.660135 
17.103977 53.387108 35.433013 
17.468017 52.624990 35.968412 
18.422331 52.812028 36.201436 
18.558693 53.004256 37.173266 
19.105703 53.599299 37.762081 
19.902172 53.130406 38.143888 
19.978782 52.496718 38.913674 
19.356781 52.899472 39.585168 
19.975496 53.243977 40.291219 
20.230722 54.145466 39.941681 
20.469183 53.775834 39.043622 
21.013996 54.527361 38.671621 
21.034343 54.429493 37.676630 
20.080817 54.720436 37.598264 
19.776608 54.356613 38.478656 
18.878874 54.377355 38.918706 
18.273579 55.173293 38.908685 
18.927635 55.927900 38.961389 
19.273742 56.286047 38.094244 
20.165079 55.906613 38.342332 
20.394437 56.408902 37.508605 
19.952974 56.878711 36.744152 
20.211709 56.627549 35.811428 
19.322566 56.398927 35.414998 
18.445899 56.786554 35.699955 
17.924883 56.208901 35.071577 
17.189349 55.823206 34.514595 
16.259296 55.977876 34.847878 
16.257987 55.038354 34.505392 
16.403761 54.052789 34.419310 
17.073146 54.187380 33.688687 
17.877896 54.419366 33.142281 
17.499766 54.947592 32.382022 
16.606268 54.596538 32.101983 
16.061891 53.917245 31.609830 
16.778383 53.991475 30.916195 
16.320842 54.421246 30.137765 
16.129716 53.982004 29.259963 
16.478571 54.918334 29.220131 
17.208441 55.506668 29.568201 
16.932654 55.792405 28.650434 
Snapshot 5000 45.633011
3.670819 -2.660623 -0.056228 
2.166678 -1.884642 -0.717292 
1.811453 -1.419723 -1.719214 
2.228234 -0.785332 -2.572958 
0.855981 0.028528 -2.997647 
0.961758 -0.486805 -3.240423 
2.043521 0.162243 -3.053449 
3.072960 0.114369 -2.681979 
3.930520 -0.058613 -2.528814 
3.212797 -1.186278 -2.339783 
2.591136 -2.486506 -1.588143 
1.921036 -1.995817 -1.993920 
3.012792 -1.728598 -1.638552 
3.197711 -1.097831 -1.137684 
3.399493 -0.619534 -0.800615 
2.376561 -0.211563 -2.025654 
2.235693 1.198159 -2.771408 
2.973220 1.186164 -2.810888 
3.310831 0.116175 -3.108924 
2.273104 -0.736507 -3.528205 
1.900917 -1.280650 -3.007147 
2.869247 -0.890954 -2.260302 
3.117584 -0.493995 -2.382810 
3.219492 -0.706860 -1.664839 
3.124137 0.397660 -1.597169 
2.712906 0.788605 -1.620775 
3.224782 1.011972 -2.216837 
2.718016 1.652400 -2.111123 
2.630431 1.340074 -2.425107 
1.150103 0.766238 -2.651861 
0.048003 -0.440109 -2.388449 
-0.431795 -0.102417 -2.083428 
-0.251496 0.846874 -2.408268 
0.341804 1.580105 -2.737402 
0.987870 1.205550 -2.393141 
1.801768 1.274464 -3.127877 
1.738501 0.308326 -3.468382 
1.081006 0.016371 -3.807858 
0.706780 -0.113401 -4.945973 
-0.575644 0.581462 -5.218502 
-1.115515 0.839484 -4.692868 
-1.727059 0.486054 -4.164111 
-1.491241 0.477256 -5.366118 
0.102351 0.460792 -5.279034 
0.116064 0.598329 -3.429994 
-0.945856 1.064470 -2.474727 
-1.590333 1.313515 -2.806505 
-0.951475 0.781580 -3.396247 
-1.013025 0.882970 -4.150752 
-0.195782 0.594702 -5.773525 
-1.000806 0.992544 -6.006080 
-1.169850 0.270046 -5.678780 
-2.082216 -0.639875 -5.483253 
-2.091872 -1.938436 -4.652899 
-2.099424 -1.423057 -4.260204 
-2.182886 -0.920026 -5.054816 
-1.814720 -1.856831 -5.153095 
-1.884308 -1.806559 -4.369585 
-2.306127 -0.644764 -4.675160 
-2.355931 -0.593614 -4.512957 
-2.207798 -1.022945 -4.338652 
-1.578259 -1.765343 -4.175108 
-0.826039 -2.572663 -3.566414 
-1.095280 -2.650678 -3.909395 
-1.589305 -2.377144 -4.171868 
-1.263121 -0.937291 -3.421280 
-0.931602 -1.030733 -3.539278 
-1.571452 -1.094412 -3.707874 
-1.553210 -0.440305 -4.325091 
-0.166405 -0.661548 -3.581708 
-0.585896 0.629979 -3.829152 
-0.177324 0.297962 -3.012073 
0.370517 -0.744053 -2.802773 
-0.303895 -1.714739 -3.434533 
0.017012 -1.399711 -3.283202 
0.769145 -1.106916 -3.007948 
-0.168180 -0.429062 -3.100176 
-1.100894 -0.022248 -3.353704 
-0.496306 -0.234870 -3.143095 
-0.754561 -1.077174 -3.179808 
-0.078517 -1.962456 -1.933364 
0.402136 -2.514822 -2.832096 
0.569467 -2.907944 -3.192554 
1.079262 -1.529608 -2.657082 
1.168553 -2.004607 -2.771027 
0.805039 -2.957347 -3.111398 
0.030152 -2.108217 -3.183450 
1.083239 -1.189647 -1.971186 
1.060398 -0.455971 -1.530388 
0.683918 -1.181196 -1.963561 
1.859381 -2.183565 -1.022582 
1.726861 -2.715415 -1.188295 
1.005759 -3.255157 -2.003683 
0.443231 -3.004216 -2.665453 
0.165837 -1.967187 -2.050596 
0.528465 -1.693581 -2.969488 
0.830466 -2.457616 -2.261314 
1.073384 -3.320148 -1.448058 
1.349287 -2.721836 -1.936968 
1.404846 -2.281915 -0.914572 
1.902778 -3.047483 -0.416401 
1.942769 -2.599205 -0.802347 
-6.731410 1.435342 2.793352 
-5.604205 0.882857 3.503103 
-4.876582 0.127114 3.629447 
-3.972269 0.455746 4.883684 
-4.645828 1.167709 4.249269 
-4.384608 1.191553 3.547396 
-3.764187 0.884802 3.679732 
-4.150457 1.519209 2.150403 
-4.261167 1.229110 0.822391 
-3.257771 1.367899 2.059245 
-3.157401 1.611166 2.857899 
-3.988885 1.621271 3.456325 
-3.140023 0.689882 4.453333 
-1.957563 1.030514 3.099250 
-2.933589 -0.052075 2.446159 
-4.133309 -0.495707 2.393080 
-4.269978 -1.495783 0.840302 
-3.783564 -0.310084 0.800472 
-3.754900 0.079416 1.985489 
-4.696923 0.199734 1.987971 
-3.870159 0.693929 2.639670 
-4.784976 0.481922 3.377863 
-5.018998 -0.118729 3.457059 
-5.111392 -0.668257 3.096326 
-4.739344 0.667132 2.813477 
-3.916293 1.258840 3.185856 
-4.453300 0.627713 4.149313 
-4.432630 -0.618985 3.798862 
-4.416405 -1.276449 4.280812 
-4.445194 -1.992758 3.799937 
-4.152903 -2.269056 4.074636 
-4.033746 -0.846387 5.211034 
-4.370161 -0.546616 6.092500 
-4.306144 0.242433 6.613336 
-4.010892 0.182068 5.489877 
-3.700811 0.370290 4.804241 
-4.058276 -0.718489 3.776655 
-3.248464 -0.333748 3.944249 
-3.288564 -1.132437 3.455673 
-3.485796 -1.866573 4.464955 
-3.750560 -1.964637 5.075512 
-4.048647 -1.389565 5.151277 
-4.278019 0.119863 5.674911 
-4.218898 -0.512568 5.866462 
-3.980093 -0.476600 6.227792 
-3.467168 -1.319681 6.130696 
-3.188192 -1.941916 5.687011 
-3.495876 -0.931209 4.594388 
-3.179142 -0.089391 4.373583 
-3.930145 -0.477360 6.073979 
-3.756473 0.217540 6.952704 
-3.448389 -0.739324 6.983679 
-2.988729 -0.739198 6.651946 
-2.825652 0.101154 6.252467 
-3.486070 1.179282 5.768296 
-3.119827 1.251093 5.566276 
-3.373407 0.671826 6.387994 
-4.194774 0.505645 6.672658 
-3.545346 1.038365 6.962749 
-3.539042 0.304912 6.920069 
-3.236714 1.051834 5.922507 
-2.746710 0.965130 4.982833 
-1.637586 0.519258 3.466570 
-1.517115 0.487523 4.431482 
-1.683386 -0.126984 4.840464 
-2.053517 0.428230 4.553223 
-3.015634 -0.216124 5.532245 
-3.446170 -0.636898 5.919724 
-2.009006 -1.027815 5.148150 
-2.558292 -0.212915 5.859279 
-2.236556 -0.230141 5.971920 
-2.208649 -0.298995 5.653498 
-2.550581 0.426173 5.015109 
-2.221798 1.006437 4.022532 
-2.786095 1.983859 3.885133 
-2.547953 2.593730 4.021533 
-2.728399 2.096523 4.413650 
-3.248535 2.329532 4.525200 
-2.134695 1.226364 3.860099 
-1.263043 -0.058802 4.114266 
-0.943669 -0.275022 3.814490 
-1.122248 0.277164 2.319403 
-1.195960 0.143394 2.559612 
-1.242436 0.044428 3.631976 
-1.356633 0.437884 3.942904 
-1.170615 2.018736 3.862324 
-0.624887 2.672864 4.152867 
-1.184531 1.763606 3.504312 
-0.943199 0.440736 3.440944 
-0.290131 -0.117701 3.469870 
0.040023 -0.652379 4.069003 
0.583210 -0.803293 4.729283 
0.682613 -1.645707 4.094012 
0.532118 -1.892237 3.416702 
-0.433647 -1.879196 3.796483 
0.099229 -1.131301 0.906081 
-0.309198 -1.894786 0.234158 
0.108999 -2.574009 0.199085 
1.048407 -2.829858 -0.782443 
-0.392555 -2.692509 -1.089399 
-1.590378 -2.686903 -0.961756 
-2.276838 -3.295796 -0.520349 
-1.871437 -2.580910 -0.426142 
-2.702990 -2.508741 -0.307362 
-1.703871 -1.878601 -0.258275 
0.230033 -1.770178 -0.656580 
0.345414 -2.182242 -0.875097 
0.643386 -1.807827 -0.301513 
-0.499341 -2.441397 -0.289359 
-1.490147 -1.817068 -0.811757 
-2.011118 -1.647449 -1.596739 
-1.780981 -2.604252 -1.435545 
-0.911739 -2.617764 -1.788489 
-1.714288 -1.279924 -1.877442 
-2.009916 -0.988707 -0.994033 
-2.079054 0.088913 0.116710 
-1.366315 0.457831 1.979527 
-0.148489 0.323061 3.123079 
0.932206 -0.042461 4.352849 
0.626684 0.588407 4.275260 
0.133840 0.893079 3.674409 
-0.320324 1.596262 2.927677 
0.297938 2.283925 2.954114 
0.955943 2.438519 2.155375 
0.637645 2.066529 3.003468 
1.024863 1.418107 3.317438 
0.188422 0.860344 4.102536 
-0.157608 0.936672 3.228424 
0.124627 1.182552 2.342759 
-0.296840 1.791023 1.763124 
0.121641 2.629663 1.125711 
0.884400 2.842014 -0.057904 
1.138254 3.432256 -0.017906 
1.533148 2.753446 0.507293 
1.409776 2.714433 1.387500 
1.641951 2.124071 1.421207 
0.933006 2.768414 0.819668 
0.083945 2.710414 -0.010229 
-0.748029 1.594735 -0.258028 
-1.294510 0.679605 0.765919 
-0.944275 -0.416442 2.049683 
-0.702134 0.401508 1.935452 
-0.601814 1.963356 2.088717 
-0.169329 2.195597 1.427983 
-0.779786 1.881777 0.163021 
-0.437663 1.402338 -0.621197 
0.020024 1.828652 0.191898 
0.429715 1.189438 0.075409 
-0.122754 1.955619 0.425570 
0.625105 0.973230 0.876165 
1.329610 0.678665 1.233389 
0.906609 0.013073 1.678416 
0.807250 0.286562 2.000402 
-0.125676 0.723824 2.007750 
0.915509 -0.297752 2.684426 
1.330220 -0.599166 2.137309 
2.358728 -0.382713 1.497885 
2.687390 -0.531572 1.346281 
2.024985 -0.346192 1.353295 
2.280429 -0.744745 1.591355 
1.001287 0.485597 1.144513 
1.647983 0.833541 1.371041 
0.977396 0.754410 1.587007 
-0.097865 1.405317 1.373310 
-0.185517 1.280560 1.017613 
-0.245153 0.643864 1.533825 
-0.041701 0.137995 2.441346 
0.926904 -0.583508 2.829772 
1.685146 -1.060708 2.013801 
1.973741 -1.795148 2.021398 
1.833681 -0.782808 1.786371 
0.801988 -0.089492 2.327164 
0.685443 -0.533336 2.705257 
0.700524 -1.564889 3.679638 
0.892090 -0.843662 3.007815 
0.470870 -0.556343 3.269378 
0.954236 -1.275951 3.648992 
0.984123 -2.126218 3.075108 
2.042693 -2.304245 3.126908 
-4.677961 1.384139 -3.326050 
-4.829444 0.403607 -2.416477 
-4.371768 -0.359141 -2.535036 
-3.741448 -1.406799 -3.340028 
-3.061761 -2.656122 -3.791692 
-2.453382 -2.921887 -3.069559 
-3.582846 -1.513096 -3.143384 
-3.038266 -0.775788 -2.455554 
-3.553814 -0.668269 -1.715474 
-4.152525 -0.004226 -0.715949 
-4.770319 0.399332 -0.431585 
-4.433061 0.355939 -0.866399 
-4.186504 -0.750941 -1.598081 
-3.784045 -1.939250 -2.608609 
-3.542423 -3.742970 -3.177433 
-3.691597 -3.120397 -3.719762 
-3.192643 -3.395536 -4.200438 
-1.794416 -3.497472 -3.320394 
-2.807992 -2.440650 -3.241237 
-3.152616 -1.284466 -3.267219 
-2.629613 -2.134368 -2.736544 
-2.601249 -3.351139 -2.479386 
-2.399775 -3.767033 -1.930249 
-2.614645 -2.782252 -1.592931 
-2.944837 -2.815919 -2.158831 
-3.022346 -2.421494 -1.699632 
-4.207680 -2.787851 -0.650288 
-3.643385 -4.028159 -1.806130 
-2.999948 -5.161989 -2.112333 
-3.610917 -5.001305 -1.411751 
-3.468677 -3.771568 -1.287941 
-4.328038 -2.887553 -1.264739 
-3.854286 -3.202933 -1.509968 
-4.039607 -2.938056 -2.491774 
-3.452192 -3.463206 -2.333155 
-4.200905 -4.071357 -1.666277 
-4.442242 -3.097448 -1.778818 
-3.896086 -2.290652 -2.131002 
-3.230742 -2.420304 -1.856328 
-4.072117 -3.766627 -1.225593 
-3.660365 -5.209679 -1.620670 
-3.552799 -4.411646 -1.732643 
-3.959288 -4.723654 -1.288952 
-4.035248 -4.338809 -0.359838 
-4.417432 -4.193187 0.786962 
-4.675541 -3.380732 1.165121 
-4.389473 -4.177130 -0.006779 
-3.801540 -5.060481 0.067425 
-3.239015 -5.725868 -0.363502 
-3.543560 -5.132273 -0.501930 
-4.202747 -4.703421 0.683594 
-4.008649 -4.389898 0.095490 
-2.777354 -5.209837 0.558838 
-1.680910 -5.537788 0.432749 
-0.859549 -5.680671 -0.262619 
-1.499170 -5.106517 -0.040857 
-1.426030 -5.281111 -0.511307 
-1.216437 -5.537845 0.607831 
-1.786714 -5.956325 0.761188 
-2.385231 -5.681023 -0.218110 
-2.470022 -4.708725 -0.722854 
-1.689859 -3.903596 -1.542617 
-1.539623 -4.604731 -1.051825 
-1.967146 -5.851908 -0.308061 
-1.845940 -4.748737 0.527373 
-1.195729 -3.334190 -0.442756 
-0.865811 -1.505246 -0.976883 
-0.395779 -1.073162 -2.488208 
-0.423522 -1.501445 -2.869259 
0.281772 -1.939802 -4.332336 
0.647649 -2.278541 -4.395636 
-0.523309 -3.033752 -3.028582 
-1.155808 -3.838294 -1.850250 
-0.970966 -4.578141 -0.658479 
-0.903712 -4.810851 0.553750 
-1.449482 -3.921395 0.169216 
-2.366421 -3.769294 0.220516 
-1.660580 -3.819106 0.631706 
-1.097871 -4.173180 1.313229 
-0.558776 -4.142548 0.049900 
-0.552144 -3.459107 0.358717 
-1.061390 -2.802051 0.290480 
3.911901 -3.318798 -3.760505 
2.745747 -2.598220 -2.960355 
3.036608 -2.190782 -2.371659 
4.045449 -1.729384 -3.591342 
3.991867 -1.693422 -4.660611 
3.726357 -2.396937 -4.519627 
3.453950 -3.319871 -4.678947 
3.236798 -2.719672 -5.311568 
3.219390 -1.422513 -5.699285 
2.339509 -0.892873 -6.513057 
1.027320 -0.954671 -6.426114 
1.419686 -2.294517 -5.852270 
2.768559 -2.214583 -4.826123 
3.803577 -1.181954 -4.482277 
4.043314 -1.468568 -4.066340 
3.957707 -1.989464 -3.887269 
2.809457 -1.566389 -2.965776 
3.194683 -1.299458 -4.248363 
2.506792 -1.539428 -4.990060 
2.889494 -0.863276 -5.441131 
3.207728 -0.803060 -5.065739 
1.916331 -0.329881 -5.510647 
1.110168 0.493182 -5.920476 
1.156333 -0.021284 -6.426190 
1.971824 0.273351 -6.346885 
2.442373 -0.674403 -6.311821 
2.904900 -1.573916 -6.029878 
2.598967 -1.768663 -5.491654 
2.448626 -2.461822 -6.367463 
2.195076 -2.038123 -6.432388 
1.476229 -0.871940 -6.397559 
1.570458 0.949108 -5.742095 
1.751771 0.402483 -6.372477 
1.868860 0.033872 -5.918747 
2.066818 -1.313469 -5.214439 
1.862208 -1.803872 -5.911858 
1.283270 -2.320800 -6.688719 
0.454785 -2.284842 -6.381558 
0.574019 -1.792317 -5.202419 
0.951485 -1.270589 -5.583697 
1.051765 -0.518785 -6.048484 
1.217332 -1.022778 -6.659099 
-0.066843 -2.173224 -6.493941 
-0.093915 -1.345135 -6.849194 
0.254972 -0.842437 -6.452152 
-0.146597 0.135250 -6.532377 
-0.273420 -0.419112 -6.534045 
-1.035201 -0.345237 -6.199354 
-1.115408 -0.133457 -5.798936 
-1.437324 -0.811828 -6.917740 
-0.728101 -0.997721 -6.707943 
-0.681369 -0.456383 -6.570313 
0.093603 -1.405628 -6.205569 
0.862070 -1.439389 -5.391490 
0.092174 -1.780839 -5.931947 
-0.988817 -1.451477 -5.873887 
-1.188326 -1.475314 -5.139051 
-0.648714 -2.245995 -3.689300 
0.048781 -1.689377 -3.781002 
0.837582 -0.819180 -4.152295 
1.296098 -0.636022 -4.801163 
0.585518 -0.828955 -4.641144 
-0.516718 -1.254427 -4.996189 
-0.713986 -0.142198 -4.682485 
-0.242632 -0.432678 -5.062858 
-0.520923 -1.170424 -5.850455 
-0.801150 -1.486305 -5.764703 
-0.448225 -1.914050 -5.185893 
-1.114141 -2.489232 -5.852421 
-0.965285 -2.097177 -5.113985 
-0.514483 -0.989600 -4.102884 
-0.641615 -1.636767 -3.279958 
-0.743876 -2.758843 -4.475201 
-1.348143 -3.223668 -4.687682 
-0.654183 -2.813371 -4.793425 
-0.525630 -3.268039 -5.276354 
-0.614889 -3.561156 -5.582420 
-0.597473 -3.073201 -5.534924 
0.840653 -2.684618 -6.331045 
0.727589 -3.061339 -7.670778 
5.823796 -4.522337 -3.211550 
5.380732 -3.716895 -2.303669 
4.701326 -2.957100 -2.062641 
5.500500 -2.167655 -2.524688 
4.834582 -1.725355 -2.051908 
4.923725 -1.811077 -2.605048 
5.461406 -1.206931 -2.515930 
6.162639 -1.066085 -1.482370 
6.465648 -1.437732 -1.061352 
6.377340 -1.180322 -1.312085 
5.809929 -2.244005 -1.705847 
4.770680 -2.463524 -2.041466 
4.330045 -2.429842 -2.222710 
5.613271 -1.868064 -2.031348 
5.631657 -1.118641 -2.346275 
5.255323 -0.160294 -1.701059 
5.160359 -0.436250 -0.682597 
5.128367 -0.137476 -1.223618 
4.348221 -0.797952 -2.771731 
5.581043 0.022297 -2.466786 
5.066949 0.745875 -1.781134 
5.503079 1.511829 -1.704327 
5.580198 1.541581 -2.051202 
5.851018 0.760662 -2.575749 
5.334824 0.393882 -2.037651 
4.655461 -0.606733 -3.042794 
4.659412 -0.128788 -3.703191 
4.309878 0.393248 -2.425590 
4.373604 0.839551 -1.371735 
4.760478 1.789724 -2.071851 
5.212146 2.334462 -2.565298 
5.707050 2.301480 -3.145228 
6.138388 1.649625 -3.281795 
5.299824 1.262417 -3.817153 
5.656524 0.545007 -3.216998 
4.977627 -0.096776 -3.545090 
4.918534 1.182278 -3.661397 
3.577353 1.614349 -3.064232 
3.257356 2.861023 -4.050238 
4.090338 2.298433 -4.020141 
4.567726 1.350292 -4.121376 
4.643085 0.139945 -4.002848 
4.403507 0.726247 -4.233442 
4.065197 0.801585 -2.945808 
4.138233 1.645783 -2.168936 
3.386707 2.315861 -3.043980 
3.208776 2.959225 -3.483050 
3.087057 1.997412 -3.960561 
2.266863 2.253837 -4.069256 
2.764904 3.300198 -4.192100 
3.064843 2.991825 -4.240827 
4.151492 2.108620 -4.495956 
4.356462 1.477205 -4.470752 
3.304084 1.881029 -4.911602 
4.037931 1.548563 -4.937169 
3.826930 0.756432 -5.717922 
4.117996 0.244497 -5.506850 
4.093890 -0.280592 -5.104241 
3.673779 0.218054 -3.916902 
2.738514 1.142126 -3.979690 
1.564422 2.055061 -4.603476 
2.439985 1.999041 -4.710047 
3.857789 1.958294 -3.452167 
3.715397 0.977255 -5.100424 
3.829618 0.419691 -5.895297 
4.011592 0.939975 -5.077763 
2.941822 0.875607 -5.663559 
2.563664 0.998021 -6.018211 
2.477787 1.410830 -5.378835 
2.037805 0.904660 -5.650087 
1.020450 0.863960 -5.077046 
1.289070 0.414121 -6.059881 
2.618449 -0.062016 -6.296630 
2.956468 0.494655 -5.943324 
3.081069 -0.277195 -5.840613 
2.901440 -0.287007 -6.066048 
2.172431 -0.201768 -6.316420 
1.431356 -1.475235 -5.800632 
1.276418 -5.623048 -1.541497 
0.375874 -3.913155 -1.800048 
2.083247 -3.522472 -2.238442 
2.935688 -4.221895 -2.177761 
3.584618 -5.202150 -1.804478 
2.768394 -5.080648 -1.904540 
1.519082 -5.020805 -2.217715 
1.765839 -4.574003 -2.728327 
0.099334 -3.904637 -2.955673 
0.508534 -4.349206 -2.550899 
0.174172 -4.954870 -2.686435 
0.768023 -6.143417 -3.173840 
-0.051028 -4.383245 -3.673175 
0.974404 -4.486658 -4.122769 
0.608855 -3.671778 -3.850874 
0.661515 -3.224080 -2.688920 
1.794516 -4.044543 -3.092362 
1.710053 -3.771105 -3.970440 
1.838470 -3.829951 -4.805333 
1.456831 -4.320637 -4.140582 
1.497788 -5.062135 -3.557498 
1.644013 -4.469985 -3.592226 
2.491316 -3.339534 -3.723949 
2.178384 -2.574341 -3.862924 
1.464574 -2.479670 -5.244725 
1.467791 -3.571545 -5.588153 
1.614711 -4.773091 -5.302091 
1.440826 -4.870068 -4.363318 
2.194527 -4.822790 -4.659711 
2.598313 -3.715667 -5.278106 
2.296171 -3.567039 -5.582082 
2.219714 -4.570522 -5.444667 
1.460168 -4.502486 -5.362769 
0.602288 -5.191298 -5.080161 
0.240287 -5.230919 -4.543711 
0.099279 -5.932411 -4.715493 
-0.772204 -6.000527 -4.979777 
-0.054548 -5.335202 -5.482623 
0.593452 -4.110165 -5.757614 
0.769116 -3.494748 -5.838112 
0.369740 -3.643059 -6.046601 
1.027965 -3.053509 -5.290791 
0.098574 -3.341486 -5.583997 
-1.047649 -3.492331 -4.838102 
-1.501501 -4.444695 -4.855299 
-1.066500 -4.533234 -5.801868 
-0.778731 -4.648086 -5.428962 
-0.121662 -5.437332 -5.699864 
-0.169373 -5.609668 -4.911801 
-0.626209 -4.594440 -4.039360 
-1.213008 -4.555958 -4.111260 
-0.793685 -3.796822 -3.277895 
-1.353341 -4.382286 -3.863152 
-1.745742 -4.895439 -3.572776 
-0.495605 -4.839202 -3.687078 
-0.358705 -5.307373 -2.397686 
-0.118908 -4.760860 -2.364135 
-0.360889 -3.889681 -3.099519 
-1.370834 -3.097969 -4.101591 
-1.469466 -3.476823 -5.310645 
-1.513845 -4.004847 -5.063375 
-1.504243 -4.701880 -5.150065 
-0.812798 -5.129101 -4.017112 
-0.940865 -5.272293 -4.812281 
-0.330279 -4.388251 -5.724090 
-0.033828 -3.908646 -5.139878 
-0.356102 -3.364498 -3.551474 
-1.195844 -3.473664 -4.053366 
-0.648825 -3.842911 -3.806776 
-0.999500 -4.270405 -3.299073 
-1.270568 -4.630056 -2.607657 
-1.089576 -4.954192 -2.894645 
-0.890141 -5.082925 -2.461640 
-0.675737 -4.489575 -2.979668 
-1.529998 -5.246389 -3.547078 
-1.746626 -4.942861 -2.903897 
-5.574371 -1.413505 -1.333851 
-4.321780 -1.496164 -0.554316 
-5.257608 -1.735604 0.396367 
-5.409202 -2.869993 0.522561 
-5.505993 -2.170136 0.433622 
-5.191801 -1.943909 1.653949 
-4.987657 -2.421283 1.585341 
-4.851858 -0.856623 0.841427 
-5.036591 -0.115489 1.309363 
-4.613640 -0.057550 1.140400 
-4.124751 -1.352221 1.464058 
-4.276421 -2.414943 2.127687 
-2.838630 -1.769308 2.791090 
-3.576216 -1.834503 3.594516 
-4.117609 -3.041362 3.507583 
-3.645249 -4.183155 3.638028 
-4.785164 -3.446928 2.709629 
-4.380445 -2.306428 2.786932 
-4.113751 -3.359157 2.448132 
-4.878041 -4.262997 1.780627 
-4.656417 -4.334968 1.393388 
-4.527728 -3.155149 2.458696 
-3.036727 -4.284409 2.530629 
-3.405528 -4.838406 2.398410 
-2.725745 -4.681784 2.040147 
-3.575044 -4.102082 2.997168 
-2.718920 -4.748286 2.581611 
-1.930661 -4.903997 1.012928 
-2.466278 -5.120359 1.303286 
-3.826774 -4.513882 1.709868 
-4.193981 -4.237866 2.540896 
-3.733689 -4.277494 2.842916 
-3.706688 -3.597671 3.759818 
-3.425871 -3.652709 4.174644 
-3.590262 -4.025438 4.142450 
-2.810730 -3.866137 4.053587 
-2.217183 -2.312304 3.923458 
-2.800185 -2.146196 4.248704 
-2.847505 -3.617198 4.354985 
-2.719409 -2.626687 4.580965 
-3.533634 -3.036632 4.027252 
-3.312162 -3.040912 3.978641 
-1.627633 -3.802762 4.004226 
-0.802733 -3.920709 2.647838 
-0.490869 -3.742972 1.941581 
-0.964604 -4.393194 1.696063 
-0.998850 -4.483410 2.883266 
-0.728377 -4.188970 3.424335 
-1.131189 -3.484167 3.866461 
-1.656122 -3.631158 3.655639 
-2.183694 -4.209253 4.420689 
-1.560218 -4.081713 3.855633 
-1.012579 -4.151739 2.410006 
-0.887967 -4.704805 2.552366 
-1.372344 -4.292509 2.401893 
-1.257580 -3.189562 2.372211 
-1.961751 -2.489472 2.263358 
-1.856463 -2.503864 1.501072 
-2.334382 -3.454409 1.914027 
-2.795313 -3.067521 2.527061 
-3.372498 -2.961456 2.836072 
-2.729500 -2.761157 2.611387 
-1.562149 -2.734436 2.211199 
-0.324424 -2.216075 2.472762 
-0.676784 -2.674114 1.736191 
-2.308528 -3.443592 2.456143 
-1.667974 -4.335650 2.476881 
-1.939932 -4.890556 3.456961 
-3.523891 -5.667340 -4.616824 
-2.755981 -5.269952 -3.525991 
-1.551672 -5.607517 -3.446150 
-2.365413 -6.283599 -3.175122 
-2.041379 -6.060066 -3.483567 
-0.736745 -6.367965 -3.808548 
-0.055161 -6.243196 -3.670252 
-1.273472 -6.405861 -3.870369 
-2.127750 -6.330063 -3.042023 
-2.541081 -5.867407 -1.995242 
-2.427540 -5.153076 -1.697875 
-2.151020 -4.991091 -2.548150 
-2.823093 -5.723384 -2.134302 
-2.806188 -5.385595 -2.561897 
-1.447600 -5.913090 -1.388761 
-1.407255 -6.209430 -0.952748 
-1.286028 -5.971653 -1.355449 
-0.547800 -5.679206 -2.351681 
-0.812399 -5.832168 -2.192624 
-1.313811 -6.265798 -2.588858 
-1.137907 -6.332889 -4.146453 
-1.335876 -4.892900 -3.706097 
-1.482975 -4.518346 -2.758673 
-1.430189 -4.811551 -1.200030 
-0.680493 -5.479379 -1.294436 
-0.090460 -5.354403 -0.722594 
0.064208 -5.115099 0.570789 
-0.207056 -5.227022 0.054410 
0.165105 -5.052792 -0.894029 
0.692539 -3.737128 -1.036339 
-0.025780 -2.564711 -1.874503 
0.148848 -2.406763 -1.873520 
0.782516 -2.371448 -0.229301 
0.495575 -2.485940 1.063559 
-0.348443 -3.034072 1.264883 
0.358632 -3.805867 0.522585 
0.361124 -4.401047 0.341347 
0.264436 -4.044918 0.657035 
0.643836 -4.602659 1.411822 
-0.293908 -5.121812 1.049012 
1.136468 -4.762964 0.099249 
1.765098 -4.451991 -0.094957 
1.870148 -4.992055 -0.466847 
1.759260 -4.648707 -0.189040 
1.484946 -4.612532 0.051519 
0.816281 -3.837334 0.351735 
1.252787 -4.121768 0.790037 
2.127379 -3.921841 0.973762 
2.122053 -3.449833 1.613807 
2.373850 -2.903607 1.022186 
1.177080 -2.605874 1.732256 
1.144483 -3.456173 1.661077 
0.527521 -3.844185 1.237854 
0.688869 -3.368929 1.874463 
1.446930 -2.346139 1.953169 
1.653442 -2.872460 0.676680 
0.436600 -3.163295 -0.169130 
0.165962 -3.486090 1.253863 
0.793587 -3.673865 1.458636 
0.958159 -2.482153 0.250948 
1.867857 -2.333005 0.892077 
1.493734 -1.966362 1.990126 
0.594663 -2.227148 2.137356 
0.426855 -3.470860 2.795362 
0.233900 -3.866821 3.114251 
-4.551125 2.700438 5.570801 
-3.010363 1.679870 5.709764 
-1.875528 1.167739 5.203648 
-1.333632 0.614975 5.896997 
-0.991861 0.788845 6.785312 
-0.138717 0.406212 6.388325 
-0.990984 0.439700 6.323179 
-2.035055 0.736147 6.084300 
-2.461241 0.793360 5.169979 
-1.320863 1.053200 5.942283 
-0.871362 1.164772 6.121433 
-1.320879 1.595476 5.550704 
-1.604006 0.611676 5.559939 
-2.523010 0.464056 5.668327 
-2.837993 0.873197 6.436852 
-1.734737 0.964892 7.406225 
-1.718643 0.921493 7.637923 
-2.449925 1.301468 7.502749 
-2.095283 1.833221 7.648909 
-2.037495 2.645160 6.996254 
-1.858332 2.588330 6.026544 
-1.943521 1.993055 4.632441 
-1.580700 1.737638 5.614129 
-2.237889 2.408013 6.069334 
-3.508590 1.827078 6.401952 
-3.250796 1.905515 6.639450 
-2.321078 3.062102 6.214327 
-2.791717 2.631743 6.066664 
-2.226594 2.709771 6.843381 
-1.214044 1.879683 6.695233 
-1.581234 1.177230 6.206074 
-2.915949 0.660560 5.457009 
-2.406829 1.517251 4.991650 
-2.499962 3.070155 5.538753 
-2.869139 2.740068 5.256509 
-1.841391 2.268781 4.276470 
-1.499250 3.121474 4.653218 
-2.233870 3.449734 5.302678 
-2.957312 2.839842 5.910857 
-2.425968 2.222038 6.237879 
-2.174343 2.836022 4.500486 
-2.247158 2.950049 3.174429 
-1.079968 2.952495 2.264381 
-1.423694 2.580691 3.693271 
-1.983028 3.203098 3.166831 
-2.759313 3.262387 3.537875 
-1.968883 3.645753 4.110154 
-2.403149 3.468385 4.164211 
-2.616839 3.747952 3.649364 
-1.541475 3.722339 3.561758 
-2.176473 4.451876 3.229945 
-2.812061 4.017333 2.945689 
-2.737617 3.594462 1.805765 
-2.401787 3.431350 2.181902 
-2.660657 2.583759 3.011015 
-2.097841 1.680952 3.086216 
-2.471917 2.130622 2.461737 
-2.796370 2.649084 2.283068 
-2.275767 2.367812 1.598813 
-1.738105 1.719525 1.944425 
-2.353148 2.145568 1.617371 
-1.650365 2.215468 1.190991 
-0.714093 1.704028 0.934292 
-1.283454 2.599766 0.967499 
-1.164173 1.840406 1.199580 
-1.627667 1.894351 1.219391 
-1.290420 1.147462 1.527652 
-1.445308 1.050633 2.533108 
-3.148082 1.799876 1.419669 
-3.756886 2.428792 -0.020696 
-2.565612 1.298656 0.795562 
-3.565254 -0.032030 0.171738 
-1.964207 -0.418584 -0.853525 
-2.411431 -0.319558 -0.049467 
-2.190559 0.763889 1.166595 
-0.896831 1.590717 1.626516 
-1.752768 0.773600 0.569742 
-1.794172 -0.768885 -0.077812 
-3.000556 -0.769750 -0.362797 
-3.305608 -0.997916 0.411742 
-3.240020 -1.102654 1.148607 
-3.169798 -2.585728 1.711899 
-2.807842 -3.491190 1.480807 
-3.058598 -3.512934 1.683597 
-2.712797 -3.292016 0.728789 
-3.092928 -2.550821 0.508338 
-2.340059 -2.500690 0.590368 
-2.745928 -2.133331 0.847620 
-2.396411 -2.051885 1.346881 
-3.148365 -1.755945 1.608035 
-3.222248 -2.884420 2.272791 
-3.369472 -2.819950 1.409321 
-3.195796 -1.927533 1.941592 
-4.209597 -1.168706 1.834503 
-3.304373 -1.399137 0.442232 
-2.449758 -1.989871 -0.971225 
-3.412432 -1.967333 -0.593516 
-2.986681 -1.292474 -0.189297 
-2.951123 -1.726315 0.530520 
-2.545074 -0.967683 0.331769 
-1.964860 -1.204669 -0.170889 
-1.351995 -0.192471 0.135305 
-1.698145 0.105770 -0.633738 
-1.108913 -0.621779 -1.300636 
-1.067360 -1.206391 -1.100613 
-0.957201 -1.623815 -0.198354 
-1.204889 -1.472848 0.985111 
-1.576620 -0.713300 1.937329 
-1.065732 -0.456504 0.636228 
-0.379938 -0.368557 -1.045430 
-0.637009 0.099179 -0.853229 
-0.994911 -0.277793 -1.334866 
-1.800069 -1.161539 -0.551475 
-1.303185 -1.681969 0.688420 
-0.566407 -0.559739 0.285931 
0.689534 -0.424893 -0.350087 
1.356623 0.043568 -0.691679 
1.053634 0.397356 -1.454726 
-0.168427 0.288895 -2.145357 
-1.113185 0.098728 -1.033391 
-0.010340 -1.320609 -1.037480 
-0.239364 -0.796609 -0.964597 
-0.203289 0.573804 -0.026340 
0.567152 0.413288 0.534678 
1.033116 -0.561896 0.514500 
2.211487 -1.029624 0.295666 
2.497517 -2.069543 0.290110 
2.187378 -2.037137 0.794982 
1.312656 -1.475457 1.183549 
0.073858 -0.448777 1.217327 
-0.600146 -1.279183 1.543263 
0.037161 -1.277209 1.401561 
0.858428 -1.548213 0.413832 
2.561639 2.591576 -0.263294 
2.777636 4.325994 -0.388613 
2.486139 3.698883 -0.548315 
2.871735 3.370002 -0.560064 
3.389303 3.844164 -0.914037 
3.443623 4.875261 -1.001171 
3.806941 4.641861 -1.880940 
3.782954 4.843019 -1.886901 
3.011206 4.950949 -1.174669 
1.910016 4.439527 -1.103892 
1.279597 4.131012 -0.682035 
0.788402 3.654801 -1.341840 
1.184594 4.737272 -0.955230 
0.814034 5.641141 -1.028734 
0.764522 5.690227 -1.354732 
0.664248 5.565370 -1.598563 
0.970451 5.825428 -0.827360 
0.872611 6.507419 -0.423071 
1.081667 6.394508 -0.082151 
0.905950 6.282553 0.215548 
1.904436 5.808655 -0.312841 
2.397725 5.227437 -1.367347 
1.583958 5.696000 -1.035579 
0.104057 5.442807 -0.972016 
-1.309877 4.968760 -0.875909 
-1.176375 5.668576 -0.064581 
-1.100604 5.045350 -0.135280 
-1.105099 5.358391 -0.787952 
-0.635930 5.096110 -0.311220 
-0.062583 5.873203 0.814820 
0.789356 5.556237 0.346206 
0.448898 5.722339 -0.983397 
-0.008520 6.225396 -0.539736 
0.146106 5.780842 -1.311297 
-0.258423 5.484071 -2.266141 
-0.506868 5.380554 -1.574378 
-0.696374 5.046130 -1.181448 
-0.058418 4.434233 -0.534864 
0.185188 5.549426 -1.171089 
0.748385 4.890618 -1.413219 
1.333410 4.827180 -2.320563 
1.032440 4.298355 -1.776507 
-0.381915 4.008685 -1.975073 
-1.051563 3.655269 -2.806190 
0.211121 4.171642 -2.378042 
-0.113115 4.683558 -2.852282 
-0.557432 4.314024 -3.626518 
-0.869986 4.424378 -3.579819 
0.319699 4.622860 -3.666790 
0.049651 5.199183 -2.908920 
-1.157070 4.972192 -2.035192 
-1.565334 3.596392 -1.338084 
-0.583134 2.843672 -1.463684 
-0.973804 2.632648 -2.295475 
-1.472582 2.255460 -3.060512 
-0.026517 2.447419 -2.889975 
0.493793 3.207470 -2.705503 
-0.061142 3.405949 -2.325631 
-0.672032 3.762299 -3.228049 
-1.704812 4.019117 -3.141749 
-1.627152 3.178835 -2.624824 
-1.941327 2.925629 -2.171426 
-2.765021 3.245930 -2.470786 
-2.825123 0.773786 -3.384211 
-0.861821 0.105551 -2.843508 
-0.742876 0.489208 -2.180510 
-1.969390 0.679263 -1.908133 
-1.969956 0.419418 -0.780105 
-2.763149 0.135302 -1.226247 
-2.281487 0.464438 -2.039360 
-2.627135 1.036488 -1.765702 
-2.176720 1.303267 -0.412682 
-2.191186 0.724903 -0.134741 
-2.551452 1.402623 -0.985891 
-1.826010 1.650960 -0.818982 
-0.658801 1.751560 -1.198829 
-0.894511 2.568987 -1.509968 
-0.790752 2.467029 -0.693984 
-1.580470 3.349358 -1.252820 
-1.088758 3.865421 -1.441913 
-1.687834 3.719106 -0.606153 
-2.021894 4.378875 -1.500409 
-1.953591 4.664375 -1.526822 
-1.548761 4.139896 -0.977186 
-1.465072 3.138383 -0.890959 
-1.587787 2.538451 -1.684075 
-1.352857 2.343828 -2.133594 
-0.778680 1.009672 -1.331166 
-1.266224 2.095251 -0.759970 
-1.886391 3.198480 -0.758919 
-1.011512 3.614998 -0.172797 
-1.328320 3.226928 0.072790 
-0.805229 2.554226 -0.387636 
-0.545948 2.213044 -1.058551 
0.089480 1.929786 -1.908277 
0.555452 3.106970 -0.855272 
0.284701 4.104872 0.327049 
0.023317 3.232527 0.388001 
-0.852557 3.825150 0.474349 
-1.777753 4.180509 0.979918 
-1.524932 3.783977 1.445150 
-2.001217 3.065564 1.475156 
-1.343083 4.253331 1.596691 
-1.568261 5.120361 1.413185 
-2.156968 5.206337 1.767719 
-2.250384 4.621106 0.546572 
-2.150866 4.325608 0.611023 
-2.179117 3.827068 0.020749 
-1.934844 3.536338 0.093499 
-1.317550 2.842717 0.849976 
-1.563149 3.998058 1.337237 
-0.705591 5.253491 1.834672 
-0.090040 4.567934 1.458517 
-0.851996 3.516752 1.653281 
-1.014044 2.334662 2.098028 
-0.410327 3.726666 1.323458 
-0.669092 4.474251 1.259643 
-1.632635 4.865588 1.054726 
-2.249282 4.403837 1.946773 
-1.902387 4.525622 2.621152 
-1.020594 4.382106 1.917901 
-0.080822 4.246885 0.673697 
-0.476322 4.797510 1.274550 
-0.995435 5.582857 1.426143 
-1.766705 5.131327 2.008240 
-2.231101 5.199258 0.740691 
0.384091 -1.167142 6.769694 
-0.508756 -0.734643 5.399475 
-0.171014 -0.375667 5.833992 
-0.395317 -0.541824 5.205650 
-1.788216 -0.522033 3.920287 
-2.773712 -0.657189 2.926868 
-3.553308 -0.711508 1.940337 
-3.081036 0.290072 1.373900 
-2.461875 -0.155270 2.198406 
-2.473727 -0.364746 3.356414 
-1.551941 0.283912 4.744927 
-1.620808 1.044686 4.142306 
-0.604192 1.300638 3.727101 
-1.070573 1.695731 3.004083 
-2.176440 0.567783 3.099764 
-2.867826 0.293399 3.515206 
-2.351425 -0.406079 4.102250 
-1.544296 -1.463728 2.993949 
-1.834801 -1.531228 2.777084 
-2.817294 -0.718262 2.350181 
-3.445311 -0.564750 2.950476 
-3.325695 0.271692 2.389318 
-2.755153 0.233032 0.795995 
-2.217923 -0.241691 1.535524 
-3.111772 -0.767667 1.925490 
-2.779783 -1.354012 2.680057 
-2.206496 -0.594683 2.467218 
-1.520434 -0.899445 3.171049 
-1.939638 -1.004546 4.114341 
-2.044443 -1.686507 4.836996 
-1.210381 -2.048511 4.292139 
-0.752536 -2.458656 3.680792 
-0.692280 -1.677925 2.186571 
-1.185893 -1.580297 2.225674 
-1.419186 -1.178608 1.483235 
-1.637795 -1.917183 1.631197 
-2.027768 -1.840928 3.086731 
-1.988985 -1.500185 2.217909 
-1.273240 -1.114919 1.882814 
-1.139961 -0.589949 1.924312 
-0.588122 -1.836567 1.966680 
0.266915 -3.000536 2.842137 
0.716728 -2.937425 3.845381 
0.323811 -2.439947 4.657174 
-0.175777 -1.896764 5.211608 
-0.075673 -2.309516 5.109278 
-0.509794 -2.740255 4.882729 
-1.115660 -2.894069 4.830059 
-0.879617 -2.137589 5.508682 
-0.371723 -2.214558 5.164909 
-0.784334 -0.948504 4.573330 
-1.100839 -1.457931 4.858470 
-1.655758 -2.527604 5.278880 
-1.491491 -3.026520 4.585365 
-0.436129 -3.419402 4.330223 
0.097020 -3.850364 4.004432 
-0.455950 -3.677650 4.487885 
-1.109949 -2.421337 5.711668 
-1.650149 -2.346395 6.227977 
-1.983350 -2.427510 5.240685 
-0.766595 -2.419611 4.612296 
-0.179456 -2.413755 4.296618 
-0.880802 -1.996992 4.919651 
-1.566134 -1.309022 5.573579 
-1.859512 -1.329961 6.460945 
-1.799662 -1.816221 7.935683 
5.797214 -0.801588 1.351808 
5.764585 -0.123961 0.047028 
5.388039 0.491345 0.032022 
5.039286 0.940018 -0.158571 
4.758928 1.654471 0.296526 
4.306955 2.202288 2.026784 
4.997922 2.097655 1.513198 
4.984891 1.581910 1.513458 
4.250548 1.707360 1.437106 
5.130278 1.185234 0.646293 
5.941016 0.047118 -0.327467 
5.820240 0.316349 -0.808202 
5.347488 1.180356 -0.621552 
4.900386 1.235247 -0.130742 
3.957268 1.277932 0.491605 
3.558298 1.912711 0.000686 
3.803195 2.716197 0.173749 
4.314426 2.306075 -0.187780 
4.928446 2.345964 1.153821 
4.344010 2.609802 1.028716 
4.801929 2.918747 -0.492188 
5.103482 2.904666 -0.294788 
5.128397 2.761575 0.093506 
4.905071 3.571637 -0.530221 
4.862886 3.861872 0.034499 
4.755286 3.737470 -0.831891 
4.394353 2.824473 -1.806000 
4.570787 3.031583 -2.550577 
4.287574 3.024981 -2.411344 
5.044594 2.740640 -1.334782 
4.646750 2.317541 -1.926946 
3.670495 2.712247 -1.335303 
2.931717 2.732514 -1.579346 
2.733002 4.034532 -2.316082 
3.128936 4.451629 -2.479547 
3.584669 3.605767 -2.960624 
4.178089 3.640989 -2.474964 
4.078700 3.996369 -1.476346 
4.167762 3.460366 -0.542523 
3.778017 3.255429 -1.386488 
3.876079 3.359176 -2.191322 
2.908953 3.352264 -1.875786 
2.109925 3.670611 -1.565588 
3.276515 3.873441 -0.619522 
3.356566 4.180954 -1.920919 
2.800359 4.482964 -3.177277 
2.880271 4.519163 -3.405819 
2.566997 4.264452 -3.484811 
2.218013 4.182980 -3.474418 
1.751737 4.513950 -3.637748 
0.549879 4.000764 -3.642102 
0.745116 3.239112 -3.424307 
1.291253 3.701089 -3.664269 
2.033617 3.864928 -3.033030 
1.741934 5.506690 -2.348849 
5.026854 -2.792301 -0.067333 
4.768607 -1.848366 -0.885626 
4.453910 -1.145592 -1.967239 
4.118899 -0.862571 -1.840974 
3.408546 -0.690335 -3.257020 
2.684917 -0.855932 -3.442990 
3.213871 0.360483 -3.154375 
2.714517 0.993355 -4.446758 
1.577444 1.339347 -4.662788 
0.317674 0.678913 -3.971736 
1.337339 0.692598 -3.442098 
2.130973 2.174224 -2.730536 
1.306108 2.439552 -1.816125 
1.549127 2.824940 -1.883125 
2.284809 2.407973 -1.973754 
1.739967 1.943968 -3.152996 
1.179120 1.098938 -4.100289 
1.004489 2.418300 -4.292793 
1.047594 3.399344 -3.780749 
1.848849 2.995258 -4.045056 
1.447080 2.491832 -4.431003 
1.064780 2.454400 -4.991068 
0.397936 2.588451 -5.015254 
0.927706 2.063253 -5.409035 
0.136467 1.668532 -5.265394 
-0.935312 1.079300 -4.708929 
-0.920431 1.318008 -5.006288 
0.273674 2.310659 -5.478696 
-0.131147 2.636541 -5.112756 
-0.791306 3.252634 -4.704861 
-0.129892 2.239509 -5.125632 
-1.021414 2.743024 -4.676689 
-0.807508 1.937959 -5.106074 
-0.464793 1.942185 -5.539676 
-0.179058 2.175808 -5.611172 
0.837403 3.169532 -5.020216 
0.048357 3.665292 -4.922939 
0.165015 4.454808 -4.230780 
0.304599 4.035038 -4.338576 
-0.542691 3.145357 -3.938622 
-0.949082 2.449572 -3.929114 
-0.786945 1.210249 -3.864059 
0.172351 1.088422 -2.834435 
-0.365338 1.514644 -3.506707 
-0.696345 2.072094 -3.156165 
-0.068456 1.734608 -2.744042 
-0.544345 2.236367 -2.407263 
-1.219386 1.306321 -2.630432 
-1.075203 1.935338 -3.973372 
-0.477534 2.355612 -3.892628 
0.425467 2.292424 -2.936688 
1.164085 2.181555 -3.259242 
4.391781 -4.512022 -3.306097 
3.409624 -3.553025 -2.472259 
2.801417 -2.843448 -2.210262 
1.202432 -2.125747 -2.125663 
-0.782894 -2.531121 -2.229256 
-1.230093 -3.733369 -2.232362 
-1.898037 -3.197785 -2.107929 
-1.172702 -2.785422 -2.253700 
-1.349266 -3.009525 -1.948014 
-0.645840 -1.541927 -1.627753 
-0.289889 -1.398894 -1.106700 
-0.637921 -2.227152 -1.422913 
-1.107371 -1.975538 -2.412135 
-0.027264 -2.101735 -3.634080 
1.113077 -2.237113 -4.590686 
1.553094 -1.952710 -3.836399 
0.594361 -2.366233 -3.298611 
-0.808092 -3.518274 -2.777054 
-0.197715 -3.615333 -1.750458 
0.507033 -4.203912 -1.560658 
0.505403 -4.589845 -1.498593 
1.150855 -4.151321 -0.875576 
0.842806 -2.813836 -1.356086 
0.578302 -2.386319 -1.302651 
0.343198 -1.178412 -1.086929 
1.251409 -1.230270 -1.464350 
1.577877 -0.512751 -1.196179 
1.810419 0.733102 0.019567 
2.350290 0.201593 0.004087 
1.970048 0.185429 -0.068975 
1.731711 0.856751 -0.644903 
1.398018 1.036826 -1.135312 
1.880046 0.727702 -0.430744 
1.964502 -0.631392 -0.659333 
1.144797 -0.258458 -2.079642 
1.233111 0.160964 -1.633328 
1.044906 0.869227 -1.429566 
0.835599 -0.064836 -1.511456 
0.917378 -0.178917 -0.776671 
1.728757 -0.317871 -0.630525 
1.690102 -0.857944 -0.376074 
1.192725 -1.561207 -0.144914 
1.561434 -0.715755 -0.340206 
1.501943 0.243709 -0.389678 
0.881353 0.761220 -0.983511 
0.788498 0.670864 -0.601906 
1.115088 1.590663 -0.572177 
0.569277 1.813658 -1.481034 
1.013826 1.540180 -1.394058 
0.843364 2.114743 -0.903402 
3.580654 0.032965 3.680409 
2.618223 1.592856 3.948783 
1.968874 2.340835 4.004481 
2.388017 2.785083 4.554656 
1.549434 2.029676 4.385730 
-0.124987 1.430523 3.728550 
1.646163 1.275072 3.308809 
2.248565 2.317280 2.457777 
2.527190 1.381260 2.380326 
2.285607 0.620010 2.913772 
2.882623 1.375589 3.148542 
2.961951 1.290391 2.759579 
1.428919 1.453758 3.785777 
1.355508 2.130958 2.989274 
1.379471 1.508332 2.703884 
1.298130 2.451585 2.481753 
0.563627 2.542686 2.864551 
0.224348 1.989853 4.207737 
-0.426656 1.864410 4.410951 
-0.720082 3.503046 3.377804 
-0.260092 3.436386 2.817988 
0.384881 3.716066 3.187972 
0.247542 3.079458 3.307069 
0.428882 4.278855 4.295073 
-0.123766 4.521039 5.214144 
-0.816326 4.707603 4.949457 
-0.469622 5.193231 3.864890 
-0.572320 4.789907 3.431694 
-0.702019 5.214384 4.062681 
-0.130096 4.406143 4.158476 
0.012361 4.134907 3.182661 
0.463338 4.193154 2.524333 
0.872616 3.951672 2.757856 
0.750608 3.339478 2.294016 
0.410759 3.923544 2.018747 
0.627183 4.859267 1.945161 
-0.695974 4.773357 3.140901 
-1.407033 4.554487 4.390248 
-1.263430 4.858667 4.477876 
-0.820037 3.823175 3.975871 
0.465875 4.024247 4.407041 
0.769964 4.954104 3.983351 
-0.053517 4.421353 3.204337 
-0.675001 4.957587 3.323734 
-0.430392 5.121948 3.682200 
-1.142583 4.115546 5.092221 
-0.844224 4.982906 5.019138 
-1.163189 5.265814 5.649156 
2.567561 -0.736826 5.343778 
1.695968 0.390452 4.773536 
1.606026 1.502848 4.613932 
1.053605 1.346328 5.171531 
0.609450 0.874626 5.929575 
0.512622 1.134290 4.495811 
1.288323 1.150428 5.914309 
1.676723 0.721512 5.627384 
2.308444 0.810335 5.931484 
2.627437 1.356301 5.770348 
1.987785 1.917633 6.274520 
0.613533 2.006621 6.559356 
-0.730050 1.593544 6.596627 
-0.389249 2.020267 6.766503 
0.338878 1.669166 6.461560 
0.350805 2.308098 5.850768 
0.736458 2.656564 6.448164 
1.195231 1.827385 6.314394 
1.616927 2.692029 5.589741 
0.786555 2.850129 4.946143 
-0.055460 2.620299 5.770757 
-0.669916 2.346162 5.688395 
-0.235553 2.651554 5.357288 
-0.710900 1.861808 4.634310 
-1.628328 1.215720 5.064454 
-0.907261 2.481679 5.881236 
-0.552298 3.593872 6.492245 
-0.048037 3.519061 5.978610 
0.459706 3.706977 5.437311 
-0.777808 4.193026 5.424201 
-1.707737 4.059215 5.483487 
-1.466829 3.719517 5.711175 
2.536467 7.510240 4.068905 
3.564671 6.550599 4.418015 
3.639040 5.347078 3.937052 
2.395466 4.332138 3.616107 
1.104221 3.116886 2.963411 
1.466148 4.006757 3.971843 
2.485499 3.485351 4.178932 
3.696490 3.866745 3.825103 
2.660748 3.948713 3.380355 
2.532719 4.053662 3.861960 
3.550747 3.275073 4.094063 
4.072787 1.945854 3.385374 
4.623539 1.761524 3.505971 
5.724819 2.494829 3.306944 
6.271374 3.963649 3.107832 
5.709910 5.194131 2.999599 
4.592542 5.703079 3.582798 
4.180308 5.476738 4.483828 
4.760627 3.720038 4.272621 
3.935048 3.620006 4.223210 
3.535465 2.300926 4.427038 
3.589327 2.631442 4.798466 
4.134755 2.411370 3.935053 
4.959069 2.366014 2.912127 
5.063953 2.798822 2.980722 
4.826121 3.141537 2.453975 
4.677827 2.875369 2.852249 
3.782682 2.011240 3.893540 
3.450833 1.473055 5.319215 
2.295976 1.571371 5.028876 
1.918711 0.850579 5.671106 
2.288737 1.312858 4.993783 
3.239455 1.473537 4.948146 
3.611007 1.605656 4.134603 
3.742730 1.377111 3.624838 
3.684158 1.834381 3.521312 
4.358225 2.160837 3.742426 
4.304547 3.626623 3.977680 
3.771464 2.379158 4.302520 
3.785368 2.293946 2.846946 
3.619007 2.572746 2.432644 
2.843197 2.958533 3.536761 
2.109186 3.228975 4.820428 
2.196359 2.528344 5.711213 
2.864460 2.769092 4.533852 
2.836451 3.423388 3.155988 
2.432503 3.223803 3.534422 
3.023293 2.486040 4.157184 
2.537030 2.251072 4.305667 
2.020238 2.968303 4.614675 
1.532558 4.002488 4.676530 
1.461774 3.466893 3.791090 
1.741038 3.482797 2.542021 
3.001351 3.045628 2.236720 
2.229686 3.048219 3.626001 
2.208820 3.645872 3.302423 
1.474794 4.576573 3.928557 
2.105954 5.015052 2.900362 
1.390128 5.245163 3.446882 
2.161370 4.648148 2.990367 
2.652092 4.968941 2.352604 
2.596404 5.181418 2.126527 
2.293943 5.538767 1.842833 
3.127793 5.598914 1.532614 
3.815740 6.018286 0.994550 
3.351136 6.499165 0.322959 
2.375589 6.307567 0.433470 
1.422110 6.047407 1.034578 
1.036755 5.697340 1.226534 
0.664010 5.373583 2.331622 
1.699490 5.414654 2.054316 
2.482614 4.556298 2.626955 
2.898168 3.888641 2.226760 
2.444466 2.910635 1.724156 
2.222727 3.518987 0.993517 
2.038573 3.368822 0.527567 
2.258207 3.960040 0.584830 
2.483945 2.632322 0.680284 
1.546176 3.629518 0.506798 
2.170350 4.191989 0.952154 
3.367253 4.115822 1.772617 
3.308733 4.176110 2.069072 
3.989687 3.825602 1.657070 
3.990486 4.467339 1.143801 
3.201259 5.500079 0.384926 
3.487042 5.109643 -0.136545 
3.809484 4.829924 0.324465 
3.226446 5.584577 0.968612 
2.619463 6.428724 1.268618 
3.149505 7.583293 1.885070 
