Snapshot 0 0.000000
28.821349 1.904364 25.229229 
28.952456 2.782277 25.689751 
28.802396 2.548827 26.650472 
28.019650 2.477458 27.268707 
28.469847 3.368070 27.204414 
28.464273 3.677347 26.253458 
27.585228 3.271725 26.002957 
27.348820 4.162405 26.391287 
26.560717 3.548583 26.437294 
27.146525 3.040056 27.068348 
26.540655 3.661073 27.565600 
26.499233 3.188910 28.446138 
27.354027 3.506402 28.856656 
27.695525 4.378384 28.505905 
28.684715 4.239764 28.553740 
28.639915 5.233321 28.657847 
28.801075 5.203889 29.644337 
29.772711 5.147114 29.414775 
30.568045 5.655207 29.745358 
30.974823 5.533451 28.839980 
30.728160 5.072190 27.987692 
31.603269 5.554858 27.952830 
31.324896 5.511302 26.993345 
30.562407 6.158253 26.985252 
30.047630 5.335952 26.742709 
29.210464 4.839428 26.972093 
28.887800 5.618495 27.509628 
28.081599 5.052098 27.680606 
28.225842 4.767495 26.732875 
28.180740 5.647562 26.260171 
27.202413 5.519637 26.422994 
26.590812 5.093153 27.089369 
25.740007 5.570142 26.868885 
25.025144 6.044971 26.355554 
24.676354 5.306206 25.778864 
25.599002 4.927549 25.851941 
26.188248 4.577098 25.123948 
26.945510 4.772837 24.500859 
27.586779 4.085271 24.160229 
27.693820 4.145776 25.152641 
28.604687 4.477877 24.907628 
28.319414 5.075654 24.158441 
29.133131 5.431840 23.699098 
29.360319 4.535112 24.078920 
30.254819 4.981446 24.053312 
31.240879 4.950103 24.216721 
31.817755 5.697596 24.546067 
31.464643 5.352892 25.415832 
30.560544 5.143451 25.788309 
30.455073 5.703054 24.966287 
29.771673 5.951906 24.279965 
29.455616 6.899957 24.316129 
30.263839 7.485512 24.378575 
30.342353 8.424136 24.042688 
31.241998 8.364879 24.475270 
32.132560 8.735778 24.211959 
32.775019 9.434324 23.896872 
33.389692 10.193058 24.112511 
33.846289 11.073853 24.237884 
34.148941 10.598832 23.411594 
34.790037 10.997708 22.755931 
33.946714 10.919996 22.224173 
34.399311 10.225677 21.664640 
35.343185 10.118743 21.977157 
35.576344 9.785205 22.890606 
36.477818 10.038402 23.241657 
35.824578 10.696298 23.616423 
35.970165 10.048181 24.363918 
36.463461 9.975517 25.230739 
35.787332 10.702499 25.110953 
34.813987 10.874464 25.262697 
34.924368 10.216968 26.008026 
34.393257 9.848922 25.244833 
35.259894 9.418825 24.991935 
35.739249 8.837741 24.334242 
34.837807 8.501483 24.061603 
34.932318 7.944364 23.236566 
35.147735 7.130861 22.696373 
35.806633 6.536307 22.235548 
36.355654 6.747940 23.044120 
37.229906 6.262550 23.035229 
37.863406 5.489242 23.061183 
37.254721 4.712183 23.221440 
36.924639 4.252466 22.396997 
37.225048 3.840693 21.536650 
37.735839 4.669375 21.765514 
38.531169 4.408379 21.218401 
39.460050 4.316843 21.577289 
39.988783 5.101227 21.252969 
40.817825 4.631579 20.949456 
41.026722 3.859096 21.549150 
41.451441 4.375708 22.292605 
42.402344 4.073668 22.360098 
42.594532 4.369821 21.424493 
42.543350 5.311578 21.092116 
42.290253 5.878173 20.307953 
42.954057 6.615157 20.435302 
43.555197 6.243750 21.142896 
43.657262 5.589040 21.891853 
42.945849 5.177764 22.461717 
42.829029 5.054573 23.447200 
43.152411 5.596486 24.222928 
-36.307351 -28.389436 -34.458071 
-37.116954 -28.062292 -33.970712 
-37.461738 -27.147313 -33.761097 
-38.417977 -26.892831 -33.616720 
-39.247657 -27.286623 -33.221045 
-39.097338 -27.831124 -34.046225 
-38.806159 -27.251591 -34.807380 
-38.731748 -28.172116 -35.190912 
-38.210477 -27.995789 -36.025888 
-38.832295 -28.330245 -36.734042 
-38.882517 -27.352826 -36.939298 
-38.325089 -27.914996 -37.550231 
-37.560445 -27.940653 -36.906290 
-36.720061 -28.478577 -36.840016 
-36.366289 -29.216241 -36.264953 
-35.991830 -29.464057 -37.158467 
-35.166408 -29.013101 -36.818883 
-34.485424 -29.724618 -36.992103 
-34.365448 -30.561674 -36.458302 
-35.017720 -29.974107 -35.979442 
-35.157081 -28.997850 -35.813609 
-35.133059 -28.284333 -35.113383 
-34.432456 -27.618025 -35.368705 
-35.291335 -27.114736 -35.273692 
-36.203658 -27.162352 -34.866997 
-36.210295 -26.516451 -34.103605 
-35.660733 -26.285004 -33.300851 
-35.607473 -26.843339 -32.472947 
-36.358835 -26.420158 -31.966613 
-36.119896 -25.449168 -31.957370 
-35.605139 -25.205536 -32.779361 
-34.631873 -25.401984 -32.898358 
-34.246714 -25.034267 -32.051933 
-33.387374 -25.307847 -31.619859 
-32.875792 -24.482594 -31.380608 
-33.378311 -24.619657 -30.526975 
-34.236496 -24.661123 -31.038637 
-34.266059 -24.885621 -30.064611 
-34.692741 -24.924693 -29.161053 
-34.141153 -25.758780 -29.153976 
-35.092026 -26.036638 -29.290490 
-35.842571 -26.171216 -28.643520 
-35.859496 -26.431382 -27.678104 
-36.839583 -26.346476 -27.857605 
-37.055149 -25.441109 -28.223449 
-36.655704 -24.576028 -27.920002 
-35.816171 -24.157336 -28.266240 
-36.178873 -23.234296 -28.138001 
-35.409599 -23.359264 -27.511422 
-35.853039 -24.076883 -26.974408 
-35.258757 -24.738765 -26.517525 
-35.340357 -25.698467 -26.248614 
-35.089597 -25.930101 -27.188542 
-34.362931 -25.642757 -26.564530 
-33.762294 -25.034899 -27.083898 
-32.976213 -25.490528 -27.501604 
-32.450386 -26.339687 -27.452257 
-32.899712 -27.046681 -27.998395 
-33.715505 -26.522644 -28.243073 
-34.644120 -26.711809 -27.923870 
-34.771440 -27.488847 -27.307427 
-33.785291 -27.650449 -27.270081 
-34.117931 -28.150119 -28.069881 
-34.781053 -28.811352 -27.719111 
-33.963612 -29.387270 -27.729584 
-33.633655 -29.034037 -26.854168 
-34.291779 -28.880746 -26.117028 
-34.872108 -29.552260 -25.656280 
-35.281190 -28.701064 -25.985092 
-35.998250 -29.376654 -25.813616 
-36.906182 -29.511385 -25.416747 
-36.910312 -30.376611 -24.915382 
-37.094212 -29.664575 -24.237750 
-36.135200 -29.947142 -24.259006 
-35.270840 -29.461030 -24.387760 
-34.485924 -29.847402 -23.903381 
-34.980092 -30.551544 -24.413265 
-34.567784 -30.479863 -25.321485 
-35.146133 -30.587072 -26.130200 
-34.817079 -31.447236 -26.519866 
-34.045091 -31.457423 -25.884311 
-33.738673 -32.232270 -25.331391 
-34.726561 -32.290788 -25.475105 
-34.844382 -31.636626 -24.727983 
-34.326039 -32.332226 -24.230530 
-33.420765 -32.501484 -23.840874 
-34.147387 -32.264885 -23.195861 
-33.308199 -32.024769 -22.707899 
-33.081466 -31.216178 -22.164968 
-32.721809 -30.588406 -22.855293 
-32.201254 -29.736124 -22.906669 
-31.582491 -29.058291 -22.509588 
-32.550234 -28.975739 -22.271556 
-32.731660 -28.392727 -23.063503 
-32.905928 -27.446272 -22.791742 
-12.373251 9.632064 -15.506271 
-12.392015 9.681001 -14.507645 
-13.134680 10.348377 -14.452342 
-13.533395 11.049238 -15.043798 
-13.960414 11.925653 -14.821197 
-13.102584 12.425645 -14.940090 
-13.507455 12.967584 -15.676556 
-13.338667 13.800001 -15.148737 
-12.400397 13.455505 -15.179896 
-11.796191 12.998478 -15.832629 
-12.010449 12.320481 -15.129484 
-12.384933 11.838291 -14.337490 
-12.241509 12.486220 -13.589415 
-11.582445 13.157840 -13.250945 
-10.868855 12.471875 -13.108674 
-9.929755 12.603657 -12.791302 
-9.782516 11.664993 -12.479485 
-8.917306 11.474937 -12.015490 
-7.971408 11.169513 -12.125001 
-7.406662 11.749651 -12.711943 
-6.864596 12.229259 -12.021913 
-6.331614 12.902228 -12.534789 
-6.911271 13.506327 -11.987923 
-5.965544 13.386622 -11.685814 
-5.003780 13.651986 -11.618049 
-4.089572 13.351930 -11.345671 
-4.152158 13.359356 -10.347659 
-4.835076 12.646202 -10.505882 
-4.949351 12.444100 -9.533207 
-4.888002 11.445990 -9.529478 
-5.739795 11.234887 -9.050014 
-5.139594 11.872825 -8.567526 
-4.430496 11.498783 -7.969804 
-5.189188 11.919686 -7.472583 
-4.756082 12.401678 -6.710938 
-5.036935 13.235452 -7.186273 
-5.029816 14.087213 -6.662391 
-4.399514 14.351344 -5.932355 
-4.765207 14.245334 -5.007677 
-4.719989 13.294072 -4.702627 
-4.740551 13.362794 -5.700051 
-3.864905 13.223488 -5.237625 
-3.171205 12.748558 -5.779126 
-3.316752 13.357411 -6.558942 
-2.430982 13.790869 -6.393036 
-1.560747 13.437557 -6.049723 
-1.451080 14.005029 -5.233667 
-1.012053 14.468853 -6.003162 
-0.708586 15.173205 -6.644875 
-0.075071 14.404841 -6.735841 
-0.186791 13.411212 -6.750649 
-0.738467 12.595870 -6.926352 
-0.065545 12.280504 -6.257233 
-0.878947 12.325306 -5.677259 
-1.210451 11.978687 -4.799785 
-0.538012 11.450929 -5.318724 
-1.416705 10.978999 -5.390698 
-1.268806 10.807704 -6.364753 
-0.356006 11.188797 -6.511604 
-0.289759 11.739019 -7.343990 
-1.101975 11.651996 -7.920820 
-0.925945 10.768498 -8.354923 
-0.799202 11.526054 -8.995271 
-1.195356 11.890075 -9.838213 
-1.119404 12.710613 -9.271689 
-1.620875 13.475939 -9.675177 
-2.353661 14.146414 -9.559045 
-3.259906 14.565407 -9.615301 
-3.183158 15.373827 -10.198882 
-2.269457 15.036982 -10.426225 
-1.296001 14.847955 -10.297179 
-1.207796 13.897137 -10.594104 
-1.669418 13.966899 -11.478434 
-0.889816 14.202332 -12.058771 
-1.575572 14.869098 -12.350597 
-2.242779 15.108811 -13.055844 
-3.124036 15.341349 -13.467319 
-3.978849 15.483523 -13.966399 
-4.461384 15.860481 -14.757008 
-5.323729 15.374728 -14.899856 
-5.527547 15.233143 -15.868573 
-5.608236 14.321525 -16.271614 
-6.255240 14.550536 -16.998896 
-7.126736 14.686789 -17.469991 
25.079749 -7.419036 -32.719071 
25.428556 -7.251558 -31.796962 
25.476896 -6.414855 -31.251444 
26.466134 -6.379504 -31.393429 
27.076044 -6.149784 -30.634984 
27.851986 -6.752728 -30.449589 
28.093875 -7.687095 -30.187962 
28.645849 -8.486893 -30.423859 
29.539759 -8.927854 -30.504352 
30.026661 -9.647664 -30.999125 
30.947722 -9.443441 -31.330696 
30.631087 -10.362171 -31.566657 
31.087929 -11.064615 -31.020884 
30.553063 -11.882207 -30.807667 
31.176357 -12.643184 -30.627617 
31.717751 -12.045831 -30.035957 
32.512660 -11.975039 -29.433373 
32.283566 -11.029398 -29.202551 
33.016473 -10.359435 -29.320862 
34.009743 -10.474233 -29.305501 
33.918867 -9.600062 -29.782541 
34.181123 -8.828979 -29.202324 
34.073657 -8.077938 -28.550873 
34.850203 -8.697134 -28.434374 
35.301794 -7.828975 -28.228548 
36.042425 -7.620060 -28.867157 
35.699221 -8.461703 -29.284108 
35.723301 -8.775719 -30.233220 
34.983316 -8.399831 -30.791010 
34.266962 -7.746914 -30.544970 
34.442452 -6.989463 -31.173836 
33.523543 -6.717436 -30.888166 
32.695683 -6.229234 -31.164400 
33.536972 -5.710193 -31.013311 
33.561220 -6.065637 -30.078929 
33.149585 -6.457216 -29.255993 
32.150670 -6.436118 -29.214474 
32.571657 -7.158727 -28.666198 
33.003213 -8.023290 -28.923666 
32.891568 -8.101646 -27.933012 
33.190662 -8.159482 -26.980543 
32.586728 -8.938532 -27.148904 
31.939679 -8.375103 -26.635215 
30.967834 -8.513310 -26.444385 
31.053655 -8.258310 -25.481260 
31.987065 -8.394808 -25.149426 
31.481530 -9.022994 -24.557974 
30.593437 -9.281544 -24.938029 
29.808564 -9.726999 -25.368778 
28.826493 -9.761178 -25.183391 
28.581057 -9.291620 -26.031492 
28.905352 -10.232842 -26.126016 
28.496259 -11.003980 -26.613857 
27.726293 -11.509508 -26.224506 
28.385738 -12.135779 -26.640341 
28.977057 -12.937616 -26.554327 
29.434700 -12.413893 -25.835803 
30.057493 -12.010148 -25.165639 
30.117480 -13.007329 -25.210715 
30.545604 -13.478406 -24.439485 
31.174387 -14.088083 -24.922109 
31.461549 -13.184101 -25.238898 
32.148383 -12.468666 -25.110788 
31.692646 -11.711534 -24.642755 
32.276360 -11.439798 -23.877616 
32.620227 -10.657269 -23.358575 
32.016505 -9.864276 -23.440317 
32.094893 -10.287992 -24.342714 
32.540032 -10.934921 -24.961854 
33.476573 -11.285335 -24.971901 
33.725317 -10.826954 -25.825138 
33.291228 -9.963649 -25.567704 
33.637596 -10.216531 -24.664333 
33.921996 -10.705816 -23.839883 
33.471428 -11.414468 -23.296927 
33.379712 -12.118785 -22.592992 
32.868801 -12.654586 -21.920766 
33.328719 -12.139111 -21.197744 
32.748213 -12.804761 -20.728783 
33.302765 -12.198827 -20.158418 
33.465807 -11.229425 -20.341928 
33.402162 -10.238926 -20.220019 
73.461549 11.783164 3.486329 
73.502942 12.703684 3.097833 
73.390096 12.769195 4.089283 
72.552252 13.251343 3.833253 
71.953234 13.794004 3.244445 
71.917729 12.830507 2.979090 
71.937031 12.839728 1.979318 
72.850217 13.246543 1.954958 
73.487633 12.780995 1.340983 
74.220731 12.208697 0.973502 
74.578678 13.140396 0.911769 
75.176879 13.149934 0.110480 
75.216515 14.013111 0.613822 
75.076327 14.869989 1.109915 
74.289621 14.383018 0.730503 
73.758139 15.217414 0.584529 
72.970020 14.806163 0.126554 
72.205176 15.070583 0.714003 
72.847022 15.829372 0.603220 
73.178990 16.436126 1.325471 
73.874220 16.474378 2.043239 
73.313014 17.287909 2.195604 
73.911240 18.013132 2.536452 
74.744936 17.461008 2.525975 
74.581556 17.221988 1.568804 
73.895602 17.151067 0.844624 
74.801837 17.425053 0.522647 
75.270406 16.570185 0.745459 
74.774656 16.272394 -0.070356 
75.699165 16.058758 -0.386017 
75.840360 15.412731 0.364125 
76.407370 14.904791 1.012583 
76.836118 14.809048 1.910920 
77.209231 15.736037 1.949371 
77.889233 16.465947 2.018863 
77.971920 16.206477 1.056658 
78.734514 15.831009 0.529900 
79.330108 16.075552 1.295058 
79.487222 17.057478 1.189527 
79.289110 16.809425 0.241254 
80.160442 17.277888 0.095229 
80.496327 17.120349 1.023864 
80.813096 16.496841 1.738633 
81.222965 16.410118 2.646646 
80.880259 17.193725 3.164828 
79.963152 17.572437 3.289296 
80.162526 18.102136 2.464876 
80.132640 18.072480 1.465763 
79.140507 18.188766 1.512121 
79.052426 18.893302 2.216302 
78.567932 19.261149 1.422606 
78.189169 20.127826 1.097936 
78.119315 19.947704 0.116775 
77.942384 19.750874 -0.847566 
78.903557 19.548585 -0.659884 
79.569394 20.220705 -0.335976 
80.171024 20.688099 0.311777 
80.526553 20.735349 -0.621694 
81.395568 20.974167 -1.055029 
81.581537 20.269120 -0.370687 
81.494775 19.917928 -1.302962 
82.281610 19.302548 -1.349846 
82.301325 18.564638 -0.675234 
81.327721 18.730872 -0.831634 
81.324547 17.756525 -0.606610 
82.152343 17.413593 -0.162592 
81.441042 16.736572 0.026334 
80.727106 16.230011 0.509752 
80.502832 15.374852 0.042415 
80.784513 14.527018 -0.406844 
80.434143 14.497676 -1.342995 
79.841666 15.232799 -1.672487 
80.079661 16.077065 -1.192306 
79.303158 15.915196 -0.583339 
78.508274 15.729277 -1.160916 
77.552077 15.967685 -1.330766 
77.048548 15.192778 -0.948696 
76.583957 14.441019 -0.480708 
76.470556 13.452583 -0.380037 
76.764506 12.643522 -0.888971 
55.372949 -18.997636 32.933929 
55.160248 -19.560520 32.135230 
55.215400 -19.165727 31.218117 
55.825160 -19.232916 30.428384 
55.435864 -18.317385 30.327129 
54.574407 -18.068703 29.884356 
54.295732 -17.218936 29.436877 
54.013115 -16.547905 28.751424 
54.660824 -16.493346 27.991492 
53.743478 -16.295200 27.646219 
53.755823 -16.320613 26.646618 
53.858314 -15.330646 26.549360 
54.277360 -15.004692 25.701919 
53.692610 -14.249791 25.404948 
54.014048 -13.310620 25.525922 
53.395703 -13.517944 26.283990 
52.470585 -13.606229 26.653262 
52.024313 -13.062233 27.363832 
51.571604 -12.927784 26.482368 
50.638657 -13.215350 26.698967 
49.700532 -13.140528 27.037084 
49.337699 -13.933251 27.526924 
48.541650 -14.513181 27.700092 
48.174526 -13.905946 26.995476 
48.183293 -14.854404 26.678695 
47.219127 -14.709510 26.900935 
46.698899 -13.982908 27.349725 
47.306063 -14.381125 28.037311 
47.698768 -13.467299 27.933846 
47.968302 -12.531353 27.707227 
48.381705 -11.669502 28.001013 
47.691561 -11.258998 27.405036 
48.123499 -11.744324 26.644847 
48.362729 -11.823049 25.677081 
47.542677 -11.263612 25.797686 
46.632160 -11.653777 25.934544 
45.727173 -11.662486 25.509194 
45.873814 -12.592217 25.171413 
46.243798 -13.276617 25.799672 
47.066988 -13.192845 26.361224 
47.432593 -13.745629 25.612383 
47.069060 -14.598648 25.237947 
47.435339 -15.428603 24.817217 
48.021489 -16.236740 24.759396 
47.611925 -16.889467 24.122054 
48.570426 -16.669091 23.941195 
49.185483 -15.884183 24.016193 
49.011887 -14.900984 23.959778 
48.830724 -14.112009 23.372668 
49.446174 -14.161532 22.586049 
48.703534 -14.078848 21.921482 
48.678518 -13.312136 21.279978 
48.742728 -12.382403 20.917385 
48.485257 -11.976242 21.794164 
49.373283 -11.993514 22.253633 
49.404047 -11.039956 21.953997 
48.693053 -10.336759 21.954113 
49.366334 -9.724632 22.368833 
50.292192 -9.571641 22.714351 
50.134954 -10.541977 22.897992 
49.424189 -11.243313 22.952222 
50.078288 -11.921100 23.288017 
49.665081 -12.813098 23.471321 
49.931595 -12.947358 22.516887 
49.633677 -13.377171 21.664534 
50.513509 -12.949152 21.457906 
51.074200 -13.112307 22.269698 
52.002925 -13.327232 22.571819 
52.216079 -14.304038 22.551423 
52.776773 -13.995097 21.783193 
52.996163 -13.946405 20.808771 
53.407466 -13.036923 20.748170 
52.759009 -13.268020 20.022844 
52.553734 -13.904204 19.279116 
52.061409 -14.354666 20.023898 
51.326546 -13.677157 19.992935 
50.691465 -13.992086 19.287603 
49.716186 -13.771463 19.275126 
52.086189 -0.508636 -36.142071 
52.748377 -0.962304 -36.738471 
53.216375 -0.908096 -37.620536 
53.982872 -1.412036 -38.018690 
54.023883 -2.408101 -38.097263 
54.193907 -3.085701 -38.812770 
54.716812 -3.394176 -39.607385 
55.541242 -3.039514 -40.048442 
56.173128 -3.716394 -39.670878 
56.675540 -3.141653 -40.316832 
56.952591 -4.055148 -40.614776 
57.470152 -3.748940 -41.413755 
58.437370 -3.581441 -41.604628 
58.447684 -3.176130 -42.518749 
58.423730 -2.609963 -43.342691 
59.338295 -2.272876 -43.566169 
59.491400 -2.207080 -42.580152 
59.899706 -1.340540 -42.293106 
60.855786 -1.147028 -42.072963 
61.578420 -1.593425 -42.600723 
61.842486 -2.201086 -41.851713 
62.248384 -2.250455 -40.939129 
62.060278 -1.273629 -41.041248 
62.778926 -0.809779 -41.559309 
62.778013 -0.941486 -42.550598 
62.573564 0.028949 -42.422315 
62.648990 1.025846 -42.399792 
63.613435 0.878079 -42.618910 
64.078141 0.139490 -42.130511 
64.320508 0.196714 -43.099007 
64.960134 0.648042 -43.721246 
64.673557 0.373960 -44.639262 
63.784441 0.278528 -44.191641 
63.515564 1.208224 -44.443376 
63.510187 2.053366 -43.908862 
63.094281 2.814920 -44.405912 
62.475980 3.315331 -45.011958 
62.098457 3.356228 -45.937054 
61.863855 3.232092 -46.901187 
62.078693 2.284618 -46.664254 
62.064190 1.342084 -46.998047 
61.489249 0.524125 -46.978404 
61.998008 0.514596 -47.839260 
61.657839 1.439069 -48.011408 
60.678087 1.639088 -48.002601 
60.474294 2.597299 -48.203353 
59.671652 2.975790 -47.742364 
60.134065 2.373654 -47.091514 
60.237228 2.045211 -46.152641 
60.468104 2.463342 -45.274083 
59.861403 2.173083 -44.534041 
59.629285 1.254673 -44.213659 
59.014841 1.255092 -45.002620 
58.405160 0.729489 -45.595941 
57.963446 1.172669 -44.815889 
58.129648 1.275321 -43.835155 
58.830583 1.665069 -43.237838 
59.750421 1.783834 -42.863949 
59.058948 2.158478 -42.246287 
59.667532 2.877277 -42.582372 
58.712474 3.107781 -42.768739 
58.075424 2.356586 -42.595902 
58.300262 1.475341 -42.180143 
57.914621 0.554863 -42.243392 
58.527161 0.360969 -43.009682 
59.510480 0.236992 -43.142770 
60.501782 0.166694 -43.254036 
60.601311 -0.144499 -44.199157 
60.717019 -1.115843 -43.991550 
60.007018 -1.148121 -44.695010 
60.815780 -1.466425 -45.189566 
59.948880 -1.899255 -45.436836 
60.171845 -2.869346 -45.532808 
59.260928 -3.242502 -45.356785 
59.137766 -3.469687 -44.390753 
58.701584 -2.617454 -44.679620 
-1.846351 -63.478936 -28.889971 
-1.157889 -62.794738 -29.130582 
-0.559853 -63.499705 -28.749302 
-0.448172 -64.490937 -28.678684 
-1.022604 -65.309077 -28.704647 
-1.161177 -66.005838 -29.408438 
-1.815112 -66.748738 -29.551508 
-2.596630 -67.372515 -29.540008 
-2.381680 -67.488672 -30.509701 
-1.883371 -68.126878 -31.096541 
-1.561773 -68.650338 -31.885568 
-1.643881 -69.404440 -31.233963 
-2.086154 -70.284600 -31.406337 
-2.747582 -70.860475 -31.886840 
-2.081217 -71.521426 -32.231951 
-2.516818 -71.615995 -33.127109 
-2.179658 -72.521802 -33.383697 
-1.330676 -72.891165 -33.761585 
-0.675115 -72.154737 -33.928662 
-0.183112 -72.546462 -34.706148 
-0.453920 -73.455637 -34.389817 
-0.000026 -74.345953 -34.426112 
-0.847181 -74.531259 -34.924097 
-1.772773 -74.908018 -34.960615 
-1.065753 -75.433998 -34.487889 
-1.559650 -74.788312 -33.905519 
-1.918793 -73.860740 -33.802428 
-2.797025 -73.426252 -33.602607 
-2.862157 -73.729816 -32.652025 
-2.974169 -72.736503 -32.680025 
-3.607629 -72.306964 -32.036423 
-2.815665 -71.948929 -31.541848 
-2.033904 -72.068510 -30.929843 
-1.620163 -72.295978 -30.048324 
-1.600751 -73.232949 -30.397191 
-1.550094 -74.231640 -30.390160 
-0.583042 -74.295441 -30.143706 
-0.502687 -74.734920 -31.038357 
-0.565717 -75.513336 -31.662934 
-0.366717 -76.454869 -31.934807 
0.298314 -75.812386 -32.315529 
1.031361 -75.802736 -31.635420 
1.530460 -75.365477 -30.887285 
1.641526 -74.731543 -30.121915 
0.787091 -74.981818 -29.666609 
0.111181 -74.858094 -28.940084 
-0.603816 -74.774864 -28.245929 
-0.055795 -75.495876 -27.821884 
0.310217 -76.401962 -28.034122 
1.277830 -76.496906 -27.800220 
2.272097 -76.562397 -27.715696 
2.675079 -76.047403 -26.959133 
2.673954 -76.068562 -25.959358 
1.760000 -75.734918 -25.728337 
1.901860 -75.281211 -26.608124 
1.515982 -75.036804 -27.497710 
2.149910 -74.334266 -27.174329 
2.282644 -73.579472 -27.816722 
3.018658 -73.303548 -28.434904 
3.368952 -72.405699 -28.701665 
4.165952 -72.495563 -28.104408 
3.589695 -72.958499 -27.430896 
4.272093 -73.673630 -27.582295 
4.985657 -73.394272 -28.224778 
4.489449 -72.945787 -28.968174 
5.218407 -72.612785 -29.566280 
5.213779 -71.948840 -30.314047 
4.915456 -71.284758 -29.628483 
23.091349 -37.585916 -12.316671 
23.560006 -36.875277 -11.791929 
23.571088 -36.490785 -12.714991 
23.187360 -36.399347 -13.633899 
23.310432 -35.769158 -14.400524 
23.929972 -36.187814 -15.064526 
23.627829 -36.953165 -14.496241 
22.655256 -36.966077 -14.264002 
21.949926 -37.006021 -14.971755 
21.306900 -37.721777 -14.699337 
20.721732 -38.224259 -15.335805 
20.217164 -38.614930 -16.105731 
20.879233 -39.257190 -16.491953 
20.314571 -38.925545 -17.247710 
20.594580 -38.132053 -17.788048 
20.926996 -38.391784 -18.694712 
20.748535 -39.375621 -18.679987 
21.302930 -39.994108 -19.236871 
21.192502 -39.143587 -19.751088 
21.068170 -39.809105 -20.487041 
20.231516 -40.297096 -20.735789 
19.478721 -40.344860 -20.079269 
19.113599 -39.447322 -20.326477 
18.137832 -39.582639 -20.154525 
18.073986 -39.309333 -21.114331 
17.399910 -38.897430 -20.501178 
17.056882 -38.036060 -20.875842 
16.168963 -37.626846 -21.085949 
15.339808 -37.524281 -21.635478 
14.878190 -37.931993 -20.847646 
14.232350 -38.168705 -21.573496 
14.045967 -37.196217 -21.433749 
13.925853 -37.338998 -20.451310 
13.453721 -38.141117 -20.816956 
14.189274 -38.623414 -20.341193 
14.964546 -39.200278 -20.598451 
15.138365 -39.332519 -19.622593 
15.666527 -40.108230 -19.277171 
15.362410 -40.271754 -18.338676 
14.365838 -40.217683 -18.276056 
13.531145 -39.929178 -18.745153 
13.688513 -39.508448 -17.851721 
14.423541 -39.102531 -17.308613 
14.976345 -38.893501 -16.501945 
15.786706 -38.713804 -15.944249 
16.305408 -37.859627 -15.980718 
16.344749 -38.119194 -15.015794 
16.886088 -38.926622 -15.250342 
16.674331 -39.483610 -14.447271 
17.631887 -39.298579 -14.668291 
17.854406 -40.267699 -14.562028 
17.022416 -40.687228 -14.199004 
16.489163 -40.551597 -15.034017 
15.633787 -41.021441 -14.815892 
14.762783 -40.950804 -14.329721 
14.475181 -40.031005 -14.596656 
15.217783 -39.520958 -15.030700 
15.222967 -39.387547 -14.039653 
14.827509 -39.878341 -13.263293 
14.165456 -40.534530 -12.901212 
13.906212 -40.113839 -12.031838 
14.080003 -39.148686 -12.227481 
14.110133 -38.604085 -11.389327 
15.099517 -38.526624 -11.512282 
14.947997 -39.514944 -11.495994 
-71.252051 5.414564 -28.485271 
-70.704798 6.170395 -28.125779 
-71.049596 7.096342 -27.971713 
-71.397132 7.769172 -28.624797 
-72.083443 8.096299 -27.975209 
-72.498308 7.489850 -28.653520 
-71.939121 7.145503 -29.407665 
-71.158986 6.643006 -29.780340 
-71.005809 6.835236 -30.749661 
-70.777508 6.715133 -31.715816 
-70.129025 6.093677 -32.155430 
-69.548786 5.281893 -32.089632 
-68.678791 4.943081 -32.447844 
-68.918225 5.538592 -33.214680 
-68.927462 4.755265 -33.836221 
-69.055913 4.029295 -33.160598 
-68.299799 3.446972 -32.861948 
-68.043999 2.679023 -33.449161 
-67.048876 2.682108 -33.350566 
-66.908275 1.964019 -34.032167 
-67.322769 1.222049 -33.505218 
-68.010027 1.217681 -34.231618 
-68.621123 1.662129 -33.576616 
-69.145530 2.463789 -33.289668 
-69.587016 2.625432 -34.172256 
-70.087865 3.161524 -33.492730 
-70.821100 3.840766 -33.461170 
-70.730122 3.875931 -32.465938 
-70.985723 3.063082 -31.942540 
-71.166032 3.963481 -31.546597 
-70.736735 4.745868 -31.095405 
-70.428375 5.693815 -31.015962 
-69.489551 6.035159 -30.970217 
-69.759780 5.544391 -30.141892 
-69.707792 5.187754 -29.209097 
-70.518232 4.604955 -29.149665 
-71.516665 4.556104 -29.176946 
-71.864998 3.715829 -28.761491 
-71.542763 4.153210 -27.921930 
-71.616036 3.214189 -27.585967 
-72.426606 3.125638 -27.007057 
-72.743988 2.195787 -26.820922 
-72.276132 2.078390 -25.944949 
-72.122444 1.226550 -26.445697 
-72.242707 0.658307 -25.631672 
-73.212878 0.657818 -25.389253 
-73.178853 0.490877 -26.374633 
-73.994570 0.812315 -26.855552 
-74.083545 0.234505 -27.666859 
-74.238609 -0.470773 -28.358624 
-73.478834 -0.401654 -29.005126 
-73.627548 0.430757 -29.538958 
-74.378644 0.629414 -28.909364 
-74.078353 1.502621 -28.525521 
-73.510073 1.793169 -29.295353 
-72.938765 1.962997 -28.492381 
-72.079011 2.347150 -28.155853 
-71.586968 1.870957 -27.427063 
-70.772741 2.443045 -27.328323 
-70.765584 3.092927 -26.568321 
-69.844218 2.930350 -26.921384 
-68.993501 3.005526 -26.401164 
-68.996770 2.440355 -27.226131 
-68.038724 2.726156 -27.247702 
-67.650773 2.555223 -28.153393 
-66.845405 2.121226 -28.557160 
-66.382608 1.907354 -27.696883 
-66.275440 0.927278 -27.864112 
-67.093483 0.801924 -28.425443 
-17.786751 -10.032336 6.043329 
-17.833613 -10.889399 5.530253 
-16.878064 -11.181972 5.493830 
-16.614027 -10.261849 5.783065 
-16.143535 -10.254449 4.900692 
-15.656261 -10.000184 4.065280 
-14.765043 -9.546642 4.070693 
-14.600585 -9.721031 5.041539 
-13.761335 -9.805578 4.504407 
-13.707975 -9.858237 5.501593 
-13.292222 -10.362158 6.258701 
-13.395970 -9.395400 6.492401 
-12.781598 -8.640808 6.722917 
-12.571615 -7.672790 6.860203 
-13.363750 -7.098048 7.065615 
-13.393588 -6.099742 7.015662 
-12.919096 -5.633836 6.268810 
-13.869497 -5.847294 6.042597 
-14.354179 -5.336460 5.332573 
-14.364187 -6.027275 4.609611 
-13.490446 -6.075466 4.125613 
-13.702599 -5.887417 3.166640 
-14.025672 -6.436998 2.396195 
-13.396538 -6.910710 3.012464 
-13.087257 -7.838480 2.803688 
-12.165948 -8.216375 2.712113 
-11.699531 -8.157303 3.594703 
-11.386832 -7.209214 3.536864 
-11.597758 -7.198063 2.559426 
-10.905321 -6.496356 2.727166 
-11.471763 -6.039647 2.041192 
-11.800700 -5.135464 2.313685 
-11.742605 -5.142034 1.315396 
-12.675013 -4.871576 1.075675 
-12.099034 -4.065213 1.209940 
-12.151214 -4.437084 0.283123 
-11.172927 -4.586169 0.427099 
-10.936097 -5.547869 0.289096 
-10.170419 -4.904647 0.287516 
-9.377535 -5.440853 0.577027 
-9.601219 -5.924985 -0.268894 
-9.081438 -5.472891 -0.993766 
-9.340707 -4.620947 -0.538825 
-8.741846 -4.490823 0.251386 
-9.229974 -3.621296 0.326584 
-9.582565 -2.752960 0.675399 
-9.974470 -2.313753 -0.132999 
-10.513960 -1.917085 -0.875700 
-10.540631 -2.159949 -1.845394 
-9.815501 -2.512818 -2.436723 
-10.246987 -3.388062 -2.218164 
-10.481331 -4.196202 -1.677801 
-10.689312 -4.746586 -0.869209 
-11.547075 -5.155296 -1.180977 
-11.617262 -4.231692 -0.804110 
-12.598055 -4.353690 -0.651922 
-13.381795 -4.487962 -1.258324 
-13.820803 -4.345506 -0.371206 
-13.763885 -5.328090 -0.548090 
-13.507751 -6.192983 -0.979780 
-13.839555 -5.833166 -1.851811 
-13.557675 -6.726425 -2.201999 
-14.273556 -7.406011 -2.041759 
-14.328747 -6.818832 -1.234186 
-11.653451 55.083664 33.010529 
-12.321857 54.791254 33.694436 
-12.719900 55.032717 32.809418 
-13.003967 54.836010 31.871008 
-13.539840 55.520606 32.365143 
-13.726684 56.203548 31.658971 
-12.930577 56.402243 31.087364 
-11.940072 56.498800 30.989507 
-11.902212 57.464292 30.731840 
-11.374482 58.285879 30.947468 
-11.660854 58.939757 30.247157 
-11.122889 59.781801 30.286590 
-10.238399 59.953392 29.852729 
-10.756379 60.771774 29.603835 
-9.859717 61.200708 29.713438 
-9.675795 62.067941 30.176125 
-10.033078 62.976546 29.959825 
-10.787597 62.978801 29.303551 
-9.886650 63.224446 28.945846 
-10.059467 63.587667 28.030311 
-10.761598 62.892227 28.183202 
-10.778911 63.310214 27.274914 
-9.974861 63.364235 26.682811 
-10.615918 63.974264 26.217074 
-11.462436 64.463109 26.427877 
-11.858129 64.692095 27.317255 
-12.801452 64.866186 27.599802 
-13.564799 64.611370 27.006195 
-14.191852 65.128600 26.423719 
-13.722607 64.428846 25.885059 
-13.073008 63.753807 26.234835 
-12.651840 62.954586 26.663628 
-13.034478 63.067083 27.580652 
-13.157473 62.074887 27.560173 
-12.863314 61.720349 28.447739 
-11.956385 61.367905 28.216949 
-12.478070 61.307094 27.365981 
-13.162772 60.646869 27.057297 
-12.822178 60.238328 26.210485 
-11.955143 60.731879 26.142240 
-12.378591 61.416986 25.549518 
-11.406133 61.305708 25.344721 
-11.236776 62.104422 25.922106 
-11.737913 62.289703 25.076806 
-12.665181 62.033706 24.803605 
-13.457575 62.436016 24.345065 
-12.567129 62.784839 24.052782 
-12.747272 62.857702 23.071844 
-13.439905 63.568584 22.949754 
-14.089993 64.302847 22.754196 
-14.639905 64.389822 21.923513 
-14.321175 63.657221 21.322093 
-14.404924 62.895636 20.679462 
-14.735127 62.024377 20.316318 
-14.300530 62.088036 19.417946 
-13.411664 62.460432 19.151039 
-12.441861 62.615654 18.962921 
-12.131967 61.805749 19.460937 
-12.400276 62.263477 20.308578 
-12.289331 63.099175 20.846445 
-12.221419 63.613176 21.701541 
-12.663466 62.724226 21.821385 
-12.873407 61.746605 21.834846 
-18.769351 40.529464 -8.434271 
-18.068950 40.191818 -9.063106 
-17.561792 40.474773 -9.877187 
-16.927674 39.726553 -10.072277 
-17.730824 39.267713 -10.452300 
-18.362309 39.494828 -11.193680 
-17.861562 39.681741 -12.038852 
-17.684709 40.662553 -12.120896 
-18.300250 41.449245 -12.168054 
-18.359510 42.272291 -12.732930 
-17.436156 42.026911 -12.437624 
-17.046152 42.548017 -13.196798 
-16.112984 42.594423 -12.840365 
-15.285496 42.744811 -13.381334 
-15.333128 42.577185 -14.366033 
-14.392224 42.329929 -14.597468 
-13.411103 42.483627 -14.714853 
-13.537306 43.052516 -13.902179 
-14.366181 43.473028 -13.533212 
-14.942266 44.220122 -13.201587 
-15.274126 43.748038 -12.384883 
-15.355569 44.436073 -11.663791 
-15.691158 43.703324 -11.071795 
-15.847152 42.726384 -11.217582 
-14.907538 42.384775 -11.238281 
-13.912578 42.367561 -11.337066 
-13.590231 41.475073 -11.652593 
-13.383570 41.054143 -10.769355 
-12.993777 40.371220 -11.387156 
-12.369204 39.590260 -11.390161 
-11.815452 38.787389 -11.610970 
-11.737842 38.090501 -12.323938 
-12.732801 38.179808 -12.369566 
-12.502124 37.825002 -13.275601 
-12.093689 38.616773 -13.729780 
-11.968926 38.723687 -14.716190 
-12.816710 39.235534 -14.577360 
-13.549977 39.832929 -14.252645 
-14.363550 40.055251 -14.789928 
-14.499190 40.808901 -15.433056 
-15.372623 41.084551 -15.834468 
-16.129017 41.282110 -16.458038 
-16.187026 40.399793 -15.990970 
-16.975199 41.004125 -15.874491 
-17.292828 41.830397 -16.339664 
-17.947580 42.335550 -16.901910 
-18.439812 41.515690 -16.609443 
-18.077665 40.971844 -17.366464 
-18.715213 41.318264 -18.054597 
-19.423408 40.743715 -18.464907 
-18.926511 40.666479 -19.329273 
-18.130154 40.355272 -19.847892 
-17.705368 40.176281 -18.960469 
-17.984577 41.118329 -19.146449 
-18.459107 41.703961 -19.803607 
-18.000231 42.320156 -20.443714 
-18.087206 43.274668 -20.728918 
-17.609870 44.061161 -20.337026 
-18.246475 44.579366 -20.908163 
-17.869779 45.040554 -20.104792 
-16.902210 45.250727 -19.964662 
-16.370829 44.443256 -20.220834 
-15.537801 44.961366 -20.026863 
-39.106351 -53.258236 -5.544071 
-39.072875 -53.429187 -6.528782 
-39.777395 -54.132363 -6.624675 
-40.341714 -53.443818 -7.080141 
-40.953532 -52.808328 -7.551130 
-41.909440 -52.681077 -7.815796 
-41.937982 -53.530784 -7.289315 
-41.754985 -52.921190 -6.518013 
-42.338148 -53.706982 -6.311974 
-42.913542 -54.187047 -6.974137 
-43.736629 -53.844152 -6.521423 
-44.029076 -52.997090 -6.077619 
-43.486546 -52.171945 -5.920153 
-43.410124 -51.364400 -5.335320 
-43.044007 -50.452629 -5.149221 
-43.587016 -49.788997 -4.634698 
-44.195476 -49.802246 -5.428172 
-44.515363 -50.504780 -6.063874 
-45.186524 -50.362334 -5.336377 
-45.742448 -51.193376 -5.354178 
-46.069603 -50.607491 -4.612755 
-46.412672 -51.543660 -4.536000 
-45.856621 -52.112772 -3.930263 
-45.354391 -52.609778 -3.222625 
-44.825492 -52.201464 -3.966631 
-43.938869 -52.158886 -4.427161 
-43.716035 -53.112999 -4.227130 
-43.781208 -53.535842 -5.130987 
-44.093576 -54.453542 -5.376448 
-44.250155 -55.421200 -5.178655 
-43.527828 -54.981309 -4.645044 
-42.831534 -55.653095 -4.897785 
-42.888858 -56.649045 -4.967051 
-43.056525 -56.127759 -5.803800 
-42.331591 -55.946189 -6.468258 
-41.783192 -56.307804 -7.222242 
-40.888605 -56.644501 -6.928390 
-40.807224 -57.494964 -7.448092 
-41.738214 -57.573738 -7.091648 
-41.491699 -58.508940 -7.345868 
-41.695638 -59.212295 -6.664912 
-41.512883 -60.078398 -6.199653 
-41.625732 -61.071821 -6.180300 
-42.370910 -60.926797 -6.831206 
-43.057272 -61.602337 -7.100561 
-43.127955 -62.554960 -6.804734 
-43.044913 -63.487415 -6.453120 
-42.743037 -62.956962 -5.660977 
-43.090261 -62.466510 -4.861670 
-42.898734 -61.967570 -4.016462 
-43.427132 -62.814263 -3.953958 
-43.571939 -63.648408 -3.421762 
-44.473377 -64.074178 -3.500050 
-43.861364 -64.779081 -3.858591 
-42.893696 -64.800143 -3.607242 
-42.416223 -64.597618 -2.752254 
-41.742018 -63.927200 -3.062069 
-41.201620 -64.402376 -2.367679 
-40.717419 -63.531970 -2.456806 
-41.211641 -63.031204 -3.167425 
-41.453745 -62.148067 -3.569238 
-41.307980 -61.375719 -4.187487 
-40.502150 -61.179197 -3.628901 
-40.708450 -60.600423 -4.417863 
-40.580621 -59.881950 -3.734156 
-39.642187 -59.961477 -4.070336 
-2.488451 7.168264 75.213729 
-2.057532 6.999731 74.327216 
-2.614250 6.362987 73.793715 
-2.775955 5.388505 73.638036 
-2.377782 5.617452 74.526316 
-2.312551 5.810657 75.505303 
-3.160192 5.286553 75.422727 
-3.027863 4.306378 75.275264 
-3.275492 3.918776 76.163208 
-3.930495 4.651160 75.977235 
-4.063470 5.032627 75.062467 
-5.021652 4.757094 74.985216 
-5.190132 3.775912 75.079537 
-5.219825 2.817479 74.795771 
-4.811167 1.941778 75.052962 
-4.396563 1.134877 74.632232 
-5.113773 0.574527 75.046499 
-5.054331 -0.199466 74.416101 
-5.485350 0.119379 73.571969 
-6.248059 0.492979 74.099889 
-5.600181 1.215780 74.340331 
-5.735279 1.235968 73.349705 
-5.039492 1.882903 73.037686 
-4.404323 2.298422 73.688766 
-3.651753 2.749607 73.209109 
-3.643090 3.332190 74.021834 
-4.100505 3.239968 74.906292 
-3.510853 2.465286 74.677866 
-2.668120 1.930848 74.613244 
-2.667923 1.043114 75.073602 
-2.377852 1.068208 74.116926 
-1.438292 1.233363 73.817007 
-1.562038 1.971268 73.153544 
-1.509940 2.349742 74.077688 
-0.622839 2.763400 74.282479 
-0.236342 3.634324 74.585980 
-0.157834 3.949169 75.531871 
0.396971 4.780438 75.566269 
1.163079 5.363251 75.295333 
2.087709 5.573095 75.613179 
2.886472 5.103474 75.237104 
3.431561 4.344656 74.880630 
3.274871 5.070561 74.210921 
3.822479 5.223514 73.388284 
4.389539 5.884782 72.897196 
4.888963 6.750673 72.925621 
5.287587 7.510866 73.438657 
4.733481 7.640304 74.260978 
5.044724 7.309024 75.151698 
4.627495 7.995112 75.747689 
4.334155 7.663379 76.644297 
3.526979 7.345657 77.141810 
3.010292 7.328527 76.285807 
3.261345 6.574326 75.679050 
2.305998 6.518797 75.969273 
23.831149 45.021164 36.888329 
23.175229 44.834675 37.619759 
22.426280 44.783651 36.959099 
22.279932 44.284548 36.105004 
22.321457 44.688171 35.191022 
22.309921 45.534976 35.722801 
21.501793 45.997440 35.358031 
21.395859 46.368059 36.280755 
22.313464 46.452992 36.669069 
22.813949 46.646783 35.825292 
23.303396 47.026908 35.040470 
22.403623 46.696342 34.755631 
21.552355 46.749637 34.233614 
22.165630 47.134075 33.543613 
23.134355 47.092487 33.788239 
24.087131 47.180824 34.078781 
24.103662 46.260855 34.470423 
24.609466 46.200238 35.330939 
23.729078 46.061187 35.784351 
24.038021 46.242030 36.718080 
24.237250 47.000365 36.097406 
24.455403 47.929267 35.798155 
25.377615 47.769435 36.150262 
26.154968 47.176167 36.359441 
25.638372 47.061214 37.207919 
25.255787 46.528006 37.962450 
26.238488 46.417019 37.814189 
25.951532 45.834626 37.053614 
26.185769 45.042624 37.617409 
25.578646 44.459368 37.077766 
26.442374 44.677107 36.623274 
27.183305 44.880935 35.983371 
27.825288 44.768835 36.741850 
27.662003 45.587018 37.293135 
27.599317 45.193034 38.210113 
26.881116 44.611588 38.592354 
26.889006 45.516047 39.018843 
26.923251 45.433696 40.014858 
26.388522 45.344743 40.855187 
25.909842 45.634122 41.684117 
24.933723 45.669638 41.469803 
24.429477 46.512175 41.280417 
23.790051 47.248621 41.059549 
23.839452 46.923031 42.003769 
24.069065 46.059569 42.452890 
23.504568 45.334416 42.058560 
23.109885 46.177711 41.693762 
22.203086 46.597973 41.726864 
22.419897 47.573200 41.682988 
21.999734 47.433496 42.579618 
22.809055 46.948077 42.910326 
22.988688 47.931734 42.922590 
36.287249 31.354664 -12.932771 
35.959720 30.621121 -12.337255 
36.947738 30.469884 -12.306478 
37.772757 31.025784 -12.204893 
38.437997 31.526938 -11.651450 
38.226574 31.541817 -10.674169 
37.541451 31.010910 -10.175427 
37.515209 30.829645 -9.192342 
37.864579 31.754271 -9.344021 
37.229269 32.141938 -10.011925 
37.541167 33.084702 -10.129894 
38.400163 32.578416 -10.053730 
39.187861 33.187840 -10.143916 
39.645336 32.753170 -10.919660 
40.546392 32.631418 -11.335923 
40.949850 33.165967 -12.078540 
40.280184 32.665147 -12.626925 
40.367339 31.668957 -12.623750 
39.617046 31.008771 -12.588879 
40.318300 30.885667 -13.291082 
41.027319 30.727742 -13.978361 
41.107966 31.069962 -14.914513 
41.134166 30.071431 -14.867098 
41.089216 30.311974 -15.836695 
40.262388 30.017792 -16.316084 
40.225894 31.005089 -16.470722 
40.322073 31.438447 -17.366797 
40.530952 32.217799 -17.957543 
41.038218 31.639868 -18.596821 
40.846235 32.495184 -19.078047 
41.446712 31.894466 -19.605841 
40.950903 32.079986 -20.454226 
41.734981 32.584579 -20.815624 
42.664841 32.824036 -21.094947 
43.522233 32.729824 -20.588980 
43.886393 31.922622 -21.053534 
44.370784 31.516124 -20.278857 
44.940287 31.520184 -21.100836 
45.599973 32.260373 -21.230972 
45.229780 32.838625 -20.503935 
45.337169 31.907932 -20.154251 
45.981435 31.486159 -19.516263 
45.873358 30.795835 -18.800880 
46.757421 30.507573 -19.168763 
47.236779 30.971076 -19.914002 
48.114718 30.920819 -20.390129 
49.034317 30.535011 -20.464220 
49.199069 30.075576 -19.591422 
49.004333 31.054758 -19.534151 
48.588328 30.706995 -18.693913 
-61.044051 -1.557036 26.388829 
-61.897249 -1.052725 26.255699 
-62.613459 -1.340549 26.891467 
-63.069221 -0.709757 26.263468 
-63.782756 -0.389915 25.640116 
-62.962067 -0.411442 25.069146 
-62.900493 -1.403094 25.182430 
-62.409962 -1.005748 24.406869 
-61.793368 -0.239217 24.586431 
-61.962064 -0.071504 23.615136 
-61.382671 0.640584 24.011665 
-60.663458 -0.032803 24.182787 
-59.684789 0.121282 24.318666 
-58.874538 0.186860 24.901069 
-59.086727 -0.627207 25.441691 
-60.066951 -0.431108 25.415093 
-60.553839 0.417556 25.208432 
-60.903269 1.311517 25.489024 
-60.654802 2.236531 25.201599 
-61.595527 2.307393 24.869915 
-61.216969 2.389493 23.947986 
-61.620508 2.814688 23.137822 
-62.370245 3.106614 22.543959 
-61.988528 3.330314 21.647159 
-62.576151 2.967877 20.923737 
-62.660767 2.816687 19.938861 
-61.986995 3.207550 19.311759 
-61.441204 2.576861 19.863433 
-60.774593 2.092629 20.430133 
-60.070361 1.416741 20.212803 
-60.721575 0.751620 19.847381 
-59.922135 0.324148 20.269475 
-60.006404 0.721710 21.183173 
-60.964925 0.649503 20.907449 
-61.213015 1.289642 21.634548 
-60.487527 1.681857 22.200087 
-61.153006 1.058868 22.611209 
-62.017177 1.558219 22.549103 
-62.907344 2.006191 22.632309 
-62.943600 1.875885 21.641498 
-63.828864 1.442977 21.811496 
-64.612614 1.866069 22.266170 
-63.883482 1.521528 22.857489 
-64.091925 0.610967 23.214463 
-64.843361 0.211141 23.739328 
-65.591770 0.276363 24.399351 
-65.289793 1.215121 24.565307 
-64.743707 0.518504 25.030618 
-93.163051 -20.028336 1.927829 
-93.000517 -20.750562 2.600118 
-93.864939 -20.248073 2.616847 
-94.648075 -19.626363 2.603683 
-95.017194 -20.552909 2.676230 
-95.294107 -21.154131 1.926663 
-95.721759 -21.565340 1.121666 
-96.309332 -22.234791 0.667140 
-96.281092 -21.573456 -0.082419 
-96.235108 -20.882940 -0.804272 
-96.778529 -20.072863 -1.024430 
-96.169788 -19.372799 -1.397718 
-95.689079 -18.630702 -1.864850 
-95.993901 -18.383811 -2.784702 
-96.277297 -17.472171 -3.082360 
-96.693543 -17.658997 -3.972211 
-96.943074 -18.238247 -4.748229 
-97.505363 -17.435800 -4.948005 
-98.079029 -17.029429 -4.236830 
-98.153676 -16.207631 -4.801697 
-99.147473 -16.200005 -4.912645 
-99.869926 -16.467909 -4.275237 
-99.556951 -17.176941 -4.907155 
-100.360743 -17.686596 -4.600283 
-101.225876 -17.266387 -4.874088 
-101.774068 -17.856821 -5.466433 
-102.425328 -17.617106 -4.746436 
-102.680291 -18.584002 -4.756712 
-102.797550 -18.426076 -3.776248 
-102.470285 -17.533650 -3.465645 
-102.880639 -16.763988 -2.976534 
-102.709456 -16.449778 -2.042742 
-58.269051 32.148464 36.686529 
-57.521133 32.587003 37.184829 
-56.893224 32.968045 36.506200 
-57.512144 33.646552 36.901886 
-57.587204 34.561731 36.505889 
-57.912276 35.336326 35.963367 
-57.076174 35.636675 35.504320 
-57.705553 35.336081 34.787713 
-58.482603 35.638930 34.235920 
-58.027091 34.871745 33.784326 
-57.776722 34.034005 34.269617 
-57.041014 34.245980 33.626345 
-57.435005 34.506193 32.744834 
-56.554280 34.127329 32.460607 
-55.883157 34.047967 33.197693 
-55.271202 34.778483 33.500775 
-54.837578 35.668578 33.641138 
-54.319165 36.333290 34.179102 
-54.219411 36.328953 35.174104 
-54.349107 35.353216 35.350501 
-54.275513 34.648546 36.056209 
-53.581533 34.837028 36.751096 
-54.126297 34.008245 36.878968 
-54.735811 33.281990 36.561089 
-54.588602 32.541757 35.905052 
-54.675286 32.063387 36.778921 
-54.461152 31.087509 36.821455 
-53.751522 31.672546 37.214081 
-53.228917 31.665786 36.361533 
-52.748806 30.790650 36.421802 
-51.794428 30.591186 36.644009 
-51.311831 31.340234 37.097912 
-50.843642 30.890735 37.858669 
-51.457912 30.108453 37.755197 
-51.110242 29.552690 38.510348 
-50.643300 29.405183 37.638450 
-50.186220 29.056225 36.820339 
-51.045446 29.383970 36.427512 
-50.502981 30.200848 36.623577 
-50.731902 30.516591 35.702762 
-51.630020 30.328950 35.305049 
-52.070880 29.559059 35.766470 
-52.459829 28.820316 35.216036 
-52.130510 29.343846 34.430246 
-52.865770 29.941900 34.749189 
-53.283781 30.844109 34.855415 
-53.718469 30.907972 33.957101 
-54.434903 30.388384 33.491537 
-55.085129 29.758845 33.066227 
-56.085028 29.753342 33.079291 
-55.921629 29.817615 32.094827 
-56.475366 30.047533 31.294507 
-57.190805 29.406393 31.572151 
-57.148159 28.484749 31.186466 
-56.733475 28.556699 30.279349 
-57.329595 28.685300 29.486820 
-57.955755 27.922789 29.649611 
-57.267183 27.752356 28.944755 
-57.253602 28.587509 28.394907 
-56.611095 27.848472 28.192400 
-56.336027 26.938167 28.501725 
-55.721823 27.064169 29.280748 
-55.541552 27.291574 30.237716 
-55.488653 28.262835 30.469781 
-54.951572 28.439705 31.294561 
-54.648779 28.111904 32.189470 
-54.353840 27.591679 31.387987 
-53.977372 28.070183 30.594699 
-53.489184 28.345965 29.766679 
-53.991832 29.130476 30.129843 
-53.003380 29.246904 30.226832 
-52.652268 29.836596 30.954145 
-52.205065 30.679816 30.655835 
-52.309963 31.131887 31.541628 
-51.885826 31.268526 32.436858 
-51.267530 31.812954 31.870017 
-50.931884 31.999870 30.946760 
-51.510395 31.397934 30.396306 
-51.064495 31.095514 29.553861 
-51.228078 30.119277 29.411724 
-50.602255 29.418089 29.753310 
-51.178770 28.868904 30.358310 
-51.352425 28.207926 31.088346 
-52.183305 28.756065 31.184172 
-52.082089 28.050794 31.885847 
-52.379943 27.366974 31.219758 
-51.491305 27.234777 31.658901 
-52.289927 26.765250 32.035392 
-52.465849 26.724248 33.018942 
-51.736568 27.197782 33.512820 
Snapshot 5000 45.208894
-0.027669 -2.129724 1.743780 
1.133386 -1.497459 0.849254 
2.039205 -0.923679 0.776111 
2.325295 -0.439022 1.721239 
2.353250 0.581965 1.425539 
2.973499 0.439640 1.313501 
2.318614 0.328722 2.041252 
1.803816 -0.496665 2.665747 
1.914744 -1.059056 3.286643 
2.473041 -1.134192 2.069611 
2.989526 -0.750421 0.691841 
2.387011 -1.366137 0.644639 
1.750262 -1.866668 1.319119 
0.994990 -1.551424 1.675847 
0.497931 -1.405484 1.893960 
1.477423 -0.124929 1.812077 
1.361102 1.129246 2.487355 
1.599848 0.501163 3.100503 
2.301774 -0.433587 3.006537 
3.345441 -0.150611 2.063873 
2.967636 -0.630025 1.327927 
1.964522 -1.127456 1.859307 
1.828423 -1.111881 2.251614 
1.345323 -1.319417 1.700185 
0.805185 -0.530190 2.344578 
0.756356 0.113581 2.289893 
1.058311 0.074374 3.043714 
0.905732 0.802815 3.041704 
1.256723 0.645566 2.881404 
2.159549 1.140074 1.836870 
2.685099 0.951383 0.467585 
2.188944 1.177333 0.151947 
2.181160 1.962386 0.660873 
1.791315 2.494311 1.179314 
1.728854 1.870079 1.742410 
1.839059 1.523730 2.384641 
2.601475 0.773183 2.134439 
3.242378 1.122041 1.597840 
4.320051 1.800010 1.553089 
4.340701 3.400423 0.920995 
4.258018 4.208566 0.370979 
4.475669 4.409012 -0.438088 
5.266478 3.976560 0.582107 
4.450398 2.729610 1.537019 
2.741372 2.165870 1.073745 
1.867970 2.371340 0.575570 
1.827296 3.250717 0.309639 
2.737717 2.876552 0.316444 
3.310217 3.227309 0.280551 
4.851863 3.087620 1.472081 
5.201493 4.000858 1.363683 
5.422067 3.655536 0.808917 
6.008247 3.561533 -0.352741 
6.343175 2.788123 -1.619794 
5.916433 3.288294 -1.647270 
6.005033 3.430921 -0.754315 
6.360754 2.538136 -1.235884 
6.112491 2.970287 -1.886995 
5.755763 3.730987 -0.981680 
5.677354 3.950054 -1.048391 
5.814292 3.607511 -1.441350 
5.603312 2.605935 -1.653001 
5.134585 1.742111 -2.301158 
5.648626 1.791509 -2.130215 
5.940426 2.209936 -2.032910 
4.624928 3.549520 -1.828895 
4.608619 3.420869 -2.301473 
5.095029 3.605447 -1.882124 
4.889288 3.636846 -0.841978 
3.884694 2.536671 -0.785828 
3.295786 3.549755 -0.286371 
3.211323 3.742555 -1.363832 
3.589020 3.228002 -2.455112 
4.785305 2.723721 -2.873205 
4.509691 2.956659 -3.022116 
3.803309 3.194088 -2.822437 
3.887916 3.970093 -2.371171 
4.031872 4.259763 -1.662620 
3.741758 3.630555 -1.409609 
4.133431 2.774407 -1.654453 
3.258722 1.454162 -1.561307 
4.247770 1.613880 -2.659086 
4.485542 1.513412 -3.134429 
3.520761 2.561663 -3.110908 
3.860978 2.198198 -3.235709 
4.492696 1.384189 -3.208371 
4.408735 1.966751 -2.483617 
2.883331 2.624916 -2.671569 
2.399100 2.893607 -2.230322 
2.696726 2.180311 -2.186199 
2.654025 1.162464 -3.214218 
2.753657 0.600662 -3.275562 
3.593837 0.708470 -2.904459 
4.184954 1.019478 -2.528104 
3.329149 1.604725 -1.745150 
3.993259 2.225823 -2.381692 
3.685671 1.476916 -2.714369 
3.429578 0.624158 -2.487511 
3.407894 1.330915 -3.102940 
2.393237 1.065385 -2.735191 
2.465609 0.263214 -2.676910 
2.715071 0.868706 -3.178059 
-4.320816 -2.624860 -6.355067 
-4.395153 -3.037583 -5.052454 
-3.981390 -3.243419 -4.060106 
-4.969334 -2.951706 -2.997616 
-4.914706 -2.452334 -4.174308 
-4.325437 -2.099387 -4.227386 
-4.441478 -2.108947 -3.514501 
-3.571110 -1.149315 -4.357299 
-2.549604 -0.727717 -4.736992 
-3.264953 -1.214255 -3.361910 
-3.950737 -1.283901 -3.087844 
-4.454824 -1.458971 -3.766898 
-4.944010 -2.331738 -2.663251 
-3.598483 -1.897190 -1.769483 
-2.753887 -2.468142 -2.934698 
-2.565480 -2.619076 -3.610221 
-0.776610 -2.739911 -3.971419 
-1.370283 -1.978096 -4.085089 
-2.480348 -2.264961 -3.390266 
-2.590944 -2.388502 -4.394414 
-3.407279 -2.146642 -3.679192 
-3.769361 -2.832477 -4.367908 
-3.629994 -3.337938 -4.163852 
-3.227973 -3.615950 -4.340714 
-3.552560 -2.282813 -4.338636 
-4.102803 -1.871524 -3.623643 
-4.589113 -2.747680 -3.757993 
-3.563505 -3.504797 -3.441023 
-3.617329 -4.049253 -2.904623 
-2.804807 -4.415565 -2.980813 
-2.787836 -4.460184 -2.524484 
-4.401068 -3.531228 -2.226938 
-5.472912 -3.784750 -2.512659 
-6.093488 -2.910712 -3.069393 
-5.520828 -3.171784 -2.784611 
-4.899505 -2.723926 -2.708197 
-3.450089 -3.163022 -2.760103 
-3.727296 -2.684856 -2.211892 
-2.597926 -2.485881 -1.566354 
-3.031998 -3.904998 -1.876785 
-3.646204 -4.329246 -1.981918 
-4.216411 -4.165690 -2.419193 
-5.683134 -3.572652 -2.952933 
-5.486448 -3.155938 -2.485522 
-5.126430 -3.210290 -2.324827 
-4.873334 -3.798519 -1.593258 
-4.208909 -3.983158 -1.279592 
-3.829999 -3.211802 -1.982361 
-4.280198 -2.477875 -1.597921 
-5.368564 -3.463824 -2.248197 
-5.832847 -2.571034 -2.521014 
-5.660034 -3.433448 -1.768497 
-5.241531 -3.078600 -1.463290 
-5.048781 -2.151742 -1.915266 
-5.336695 -1.305576 -2.320127 
-5.294949 -0.880473 -2.607787 
-5.583759 -1.703376 -2.819104 
-6.102644 -2.508539 -3.096020 
-6.674880 -2.338871 -2.619679 
-6.022921 -2.263646 -2.613139 
-5.350957 -1.231501 -2.552227 
-4.696824 -0.696760 -1.874091 
-3.190121 -0.337636 -0.692797 
-3.941678 -0.474105 -0.923067 
-3.980808 -0.798476 -1.419125 
-4.205711 -0.625880 -1.750613 
-4.598842 -2.203170 -1.814323 
-4.919104 -3.011508 -1.752079 
-3.809171 -2.153783 -1.015594 
-4.483968 -1.424911 -2.124610 
-4.677958 -1.779518 -1.604297 
-4.457372 -1.504821 -1.828089 
-4.361936 -0.793461 -2.210522 
-4.019961 0.210480 -2.100303 
-4.586816 0.958187 -2.395242 
-4.839425 0.823063 -1.626550 
-4.904522 0.383868 -2.008830 
-5.164100 0.427979 -2.482785 
-3.939497 0.336911 -1.913502 
-3.141387 -0.907742 -0.845321 
-2.943295 -0.568071 -1.283750 
-2.135222 0.682204 -1.167564 
-2.272069 0.337755 -1.030519 
-3.189751 -0.331408 -1.185327 
-3.595063 -0.034603 -1.358897 
-4.366175 0.626507 -0.476857 
-4.976151 0.559450 0.302062 
-3.968650 0.798395 -0.583391 
-3.088487 0.332791 -1.305117 
-2.965083 0.307575 -2.076044 
-3.026879 -0.571756 -2.132812 
-3.048407 -1.224634 -2.463898 
-2.303757 -1.328724 -2.125726 
-1.660906 -1.317826 -2.020751 
-2.007444 -2.122866 -1.027913 
-0.402988 1.582824 -1.272161 
0.480883 0.310567 -1.648466 
1.218543 0.940916 -0.905314 
2.045034 -0.023795 -0.534293 
2.075822 -0.685977 -1.803889 
1.999134 0.007734 -2.467038 
1.741174 0.483087 -3.906417 
1.757012 -0.253089 -3.467845 
0.569740 -0.681240 -3.990121 
0.929468 -0.857141 -2.892876 
1.198470 -0.704963 -0.937896 
1.267671 -1.196729 -0.608801 
0.851385 -0.935554 0.279155 
1.130184 -0.343369 -1.187479 
1.182634 -1.116695 -2.541115 
1.818964 -1.099760 -3.225047 
2.551821 -0.465510 -2.987481 
2.806621 -0.195920 -1.531015 
2.037526 0.535238 -0.679799 
1.081624 0.388246 -0.871881 
-0.401290 0.700230 -0.783610 
-2.020294 0.046074 0.287282 
-2.620106 -0.199930 1.353506 
-2.807542 -1.414076 1.464237 
-3.463048 -1.023576 1.278401 
-3.574432 -0.217900 1.026778 
-3.384421 0.453063 0.550026 
-3.853910 0.640367 1.216646 
-3.512226 1.191525 1.791656 
-4.038916 0.418284 1.494856 
-4.697564 -0.063021 1.763655 
-4.225435 -1.104468 0.795572 
-3.186011 -0.443379 0.899788 
-2.438112 0.353008 0.893152 
-2.322498 1.047387 0.365277 
-2.058585 1.952724 0.150981 
-1.303480 2.019194 1.507724 
-1.673194 2.361229 1.979060 
-1.916412 1.516239 1.884075 
-2.802023 1.418775 2.193521 
-2.484848 0.758025 2.144565 
-2.239651 1.694501 1.516339 
-1.381069 2.278375 0.999725 
-0.752427 2.087947 0.370219 
-1.127479 0.937974 0.251553 
-1.472739 0.109329 -0.645487 
-1.762952 0.808560 -0.823809 
-2.567655 1.364151 -0.249036 
-2.199311 1.479046 0.216612 
-1.092266 2.242919 -0.176168 
-0.214290 2.945622 -0.849984 
-0.831219 3.311104 -1.679938 
-0.357939 3.056087 -2.256764 
-1.294939 3.300087 -1.824764 
-1.162240 2.528239 -2.676003 
-1.110191 2.303661 -3.405650 
-1.326999 1.278862 -3.312422 
-1.793570 1.459238 -3.569844 
-2.407477 1.676360 -3.175928 
-2.070678 0.384564 -3.312679 
-1.122978 0.410055 -3.284878 
-0.224647 1.379007 -3.771762 
0.084069 1.300136 -4.044289 
-0.264033 1.382434 -3.546236 
-0.197541 1.005180 -3.730413 
-0.769390 1.983331 -3.055555 
-1.036314 2.291459 -3.691603 
-1.566293 2.060955 -3.493492 
-1.999676 2.746562 -2.841947 
-1.773882 2.422449 -2.173666 
-2.238727 1.857916 -2.609446 
-2.540677 0.941793 -2.906859 
-1.844073 0.215195 -3.132253 
-0.690223 0.310088 -3.339053 
-0.139428 0.036796 -3.161763 
-0.472656 0.772939 -3.224276 
-1.876530 0.885673 -3.194916 
-1.920758 0.266146 -2.900638 
-2.095965 -1.159876 -2.175394 
-2.166531 -0.060736 -3.093682 
-2.545465 0.063384 -2.748098 
-2.119734 -0.660732 -2.685065 
-1.157289 -1.036334 -2.152361 
-0.930255 -1.336495 -3.011020 
-0.950127 1.317789 -6.294088 
-0.251973 0.331950 -6.058014 
0.808539 0.234814 -5.684659 
2.242556 0.133369 -5.352148 
3.703491 -0.535215 -4.789369 
3.329840 -1.080228 -4.045731 
2.223925 0.054681 -5.028341 
1.294444 -0.405100 -4.601117 
0.660160 -0.929437 -4.909010 
-0.540532 -1.312111 -5.271166 
-1.308406 -0.795536 -5.328988 
-0.897414 -0.482508 -5.434818 
0.298030 -0.818781 -5.348772 
2.022920 -1.144148 -5.323069 
3.864940 -1.950152 -5.102157 
3.593805 -1.180596 -5.549296 
4.275292 -0.958086 -5.068794 
4.103971 -1.543510 -3.575322 
3.216639 -0.961649 -4.661406 
2.416143 -0.335844 -5.132719 
2.564171 -1.057301 -4.156277 
3.145415 -1.745427 -4.183768 
3.321095 -2.147556 -4.019532 
1.918456 -2.153800 -3.786304 
2.222034 -1.822013 -4.497761 
2.024985 -1.848515 -4.091382 
1.062362 -2.957881 -4.503558 
2.952824 -2.938101 -4.168255 
4.003083 -3.322352 -3.649844 
3.218107 -3.786451 -3.894983 
2.455411 -3.072325 -3.759831 
1.291481 -2.879995 -3.863468 
1.586416 -2.671964 -4.418721 
2.363795 -2.131197 -5.139767 
2.875155 -2.470766 -4.771545 
2.608448 -3.353721 -4.728946 
2.092352 -2.871981 -5.288758 
1.817159 -1.919807 -5.459744 
1.751689 -1.794716 -4.580452 
2.207095 -3.400707 -4.479643 
3.493678 -3.945293 -3.963391 
3.138501 -3.307090 -3.918990 
2.936756 -3.900387 -4.226307 
1.799113 -3.959380 -3.853228 
0.875048 -4.491099 -3.680308 
0.031566 -4.461928 -4.048493 
1.477137 -4.446166 -4.115892 
2.251264 -4.842924 -3.485411 
3.138762 -4.588915 -3.043261 
2.764441 -4.187802 -3.545016 
1.271030 -4.930945 -3.590680 
1.649759 -4.477066 -3.966171 
2.179901 -4.584649 -2.386576 
2.715039 -4.066826 -1.411936 
3.514110 -3.252925 -1.360892 
2.972249 -3.594416 -1.423496 
3.402323 -3.419705 -1.760633 
2.773175 -3.673517 -1.061192 
2.722773 -4.568258 -1.255340 
3.070954 -4.258764 -2.256367 
2.767102 -3.255937 -2.582351 
3.313906 -2.146200 -2.323357 
3.412578 -2.737571 -2.146738 
3.431180 -4.186064 -1.971776 
2.136541 -3.787864 -1.419411 
2.228868 -1.957560 -1.187673 
1.494609 -0.339153 -0.318427 
2.875114 0.516319 0.241380 
3.292005 0.254884 -0.043456 
4.668851 0.323028 0.384539 
4.828465 -0.028041 0.706081 
4.107293 -0.915861 -0.874122 
3.654560 -1.391832 -1.882741 
3.272312 -2.076194 -1.981955 
2.463799 -3.147972 -1.001866 
1.893495 -2.933956 -1.776319 
1.181360 -3.063190 -2.418781 
1.497933 -2.741725 -1.729808 
1.266200 -3.099738 -1.166504 
2.380831 -2.476078 -1.365879 
1.708599 -2.113145 -0.995866 
1.633829 -1.670267 0.011252 
1.214031 -3.792960 1.316657 
2.381715 -2.719219 1.148190 
2.766949 -2.394001 1.503778 
3.584848 -2.197710 2.832865 
4.579597 -1.543638 3.193708 
4.777289 -1.982230 2.757062 
5.411185 -2.253410 2.028013 
5.694911 -1.499352 2.454547 
5.372857 -0.431349 3.153876 
6.035465 0.689803 3.064194 
6.071732 1.454237 1.952026 
6.012579 0.055820 1.214546 
4.890616 -1.146250 1.992603 
4.107845 -1.324532 3.225316 
3.819284 -1.731265 3.125693 
3.793029 -1.913773 2.598599 
2.981044 -1.454075 1.690726 
4.046091 -0.855056 2.657224 
4.909286 -0.350395 2.379540 
4.847851 0.014459 3.171275 
4.528258 -0.238149 3.216858 
4.815038 1.115396 2.541623 
4.806766 2.175987 2.475767 
5.608550 2.024767 2.605613 
5.313659 1.692724 3.321906 
5.769869 0.762932 3.221859 
5.798197 -0.298729 2.976422 
5.436938 -0.353486 2.371049 
6.524636 -0.730682 2.135331 
6.451431 -0.140175 2.213692 
5.951344 1.224894 2.316265 
4.548106 2.319345 2.978575 
5.253993 2.053498 3.200063 
5.061398 1.475849 2.893894 
5.074228 0.159540 2.247011 
6.005429 0.155839 2.081150 
6.848246 0.418292 1.516641 
6.683563 0.855020 0.770891 
5.416031 0.704547 0.715658 
5.480096 1.013125 1.331167 
5.418222 1.576067 2.040855 
6.259782 1.397962 2.169136 
6.675390 1.385390 0.501149 
6.616460 2.002856 1.248991 
6.177895 1.982134 1.488124 
5.904820 3.035264 1.809716 
5.980392 2.636044 1.375868 
5.866585 3.149280 0.743066 
5.087884 3.143968 0.604288 
6.780122 3.174630 0.524257 
6.574556 2.523967 0.902245 
6.120945 2.891880 1.092397 
6.020771 1.592370 1.001203 
5.374438 0.910157 1.113342 
5.894237 1.307612 0.582393 
6.049289 2.278987 0.070871 
5.553737 2.296265 -0.536401 
4.910246 1.577022 -1.213790 
4.445625 1.313793 -0.241050 
3.833258 0.838510 1.007226 
4.512499 1.030594 1.765941 
4.444445 1.253070 0.897466 
5.067372 1.968189 -0.075055 
4.233249 2.657069 0.096484 
4.404554 2.178571 0.502499 
5.599803 2.130960 0.353594 
5.706990 2.080196 0.055643 
5.469772 1.495263 -0.287872 
6.384742 1.619226 -0.582076 
5.723533 1.686527 -0.851366 
4.252961 1.724322 -0.170614 
3.936638 0.949148 -0.462785 
5.395355 0.917690 -1.184337 
6.071572 1.083085 -1.781214 
5.667440 0.682217 -1.007325 
6.119394 0.372314 -0.886006 
6.697110 0.394701 -0.983942 
6.387219 0.717764 -0.796077 
6.669735 0.243682 0.837629 
8.127704 0.424400 1.203720 
5.060983 -4.467752 2.244953 
3.883755 -4.396100 2.245166 
2.825867 -3.804705 2.313513 
2.886836 -3.659457 3.386403 
2.271949 -3.123677 3.146182 
2.848078 -3.011276 3.339504 
2.416747 -2.709638 3.881901 
1.590037 -3.471519 4.385639 
1.096676 -3.863700 4.515457 
1.228261 -3.689133 4.263113 
2.149925 -4.077716 3.566620 
2.526258 -3.469151 2.770273 
2.777315 -3.390289 2.426521 
2.319295 -3.578287 3.692926 
2.159463 -2.919312 4.091669 
1.270066 -2.130710 4.107243 
0.323768 -2.579724 3.708818 
0.846835 -2.110846 3.830467 
2.510175 -1.765393 3.325570 
1.928962 -1.808298 4.631418 
1.048790 -1.197207 4.519404 
0.620493 -0.956864 5.179477 
0.873798 -0.861114 5.377070 
1.656434 -1.507349 5.344256 
1.419533 -1.662844 4.459843 
2.549051 -1.484321 3.749193 
3.060064 -1.167681 4.211873 
1.697700 -0.925948 3.856881 
0.632615 -0.846592 4.066893 
0.779950 -0.193199 4.807568 
0.919358 0.083636 5.670794 
1.514015 -0.018469 6.024477 
1.775453 -0.770152 6.134975 
2.558419 -0.421498 5.539029 
2.288355 -1.330950 5.260150 
2.841528 -1.310487 4.377310 
2.495913 -0.337430 5.119651 
1.725500 0.558507 4.045832 
2.060055 2.070089 4.597701 
2.276745 1.191445 5.125154 
2.678731 0.222737 4.964112 
3.132093 -0.712727 4.424807 
2.956375 0.010442 4.503646 
2.024276 -0.311072 3.957275 
0.949270 0.127538 4.240720 
1.460864 1.314856 4.045632 
1.472299 2.095084 4.468747 
2.402281 1.507056 4.065567 
2.354737 2.282477 3.735181 
1.896722 2.829245 4.469443 
2.097888 2.429060 4.641544 
2.636865 1.163674 5.147683 
2.957070 0.480712 5.068852 
3.304248 1.654596 4.474516 
3.414177 0.898983 5.041622 
4.349346 0.510040 4.662629 
4.265834 -0.069435 4.592058 
4.178959 -0.607087 4.039745 
3.048359 -0.185561 3.677757 
2.782892 1.171065 3.414657 
3.060216 2.838351 3.256517 
3.049591 2.155827 3.825136 
1.939268 0.882510 4.547377 
3.777690 0.750534 4.600442 
4.678163 0.362102 4.544599 
3.743383 0.477527 4.785854 
4.450709 1.328524 4.192021 
4.755113 1.815401 4.041004 
3.898561 2.075295 4.027676 
4.480379 1.959164 3.410955 
4.084198 2.357966 2.335057 
5.021124 2.064338 2.613232 
5.392548 1.087865 3.552457 
4.868316 1.136277 4.029058 
5.053651 0.468066 3.579716 
5.260157 0.577581 3.578382 
5.563655 1.099302 3.196999 
5.822356 0.561049 1.815203 
4.354208 0.448936 -4.389000 
4.050001 -0.356830 -2.121383 
3.807133 -0.603425 -0.260902 
4.428009 -0.745875 0.304149 
5.312019 -0.501224 -0.199320 
4.756231 -0.348984 -0.474238 
4.503923 -1.527982 -0.618689 
4.362826 -2.537182 -0.297148 
4.202308 -2.051285 -1.692015 
4.544804 -2.303478 -1.494955 
5.306527 -2.253324 -2.618024 
6.190808 -1.829577 -3.864296 
5.177950 -2.294844 -2.090710 
5.608776 -2.030789 -0.838136 
5.022484 -1.391479 -0.644023 
3.701592 -1.569126 -0.614726 
4.081423 -2.446449 0.243674 
4.918285 -1.981761 0.050242 
5.825994 -1.850860 0.386102 
5.464227 -2.485146 -0.356196 
5.247501 -3.254439 -0.457373 
5.072268 -2.792300 -0.292727 
4.725262 -2.174733 1.071092 
4.471355 -1.194829 1.147110 
5.626379 -0.328437 0.995225 
6.380820 -1.055219 0.509891 
6.699108 -2.073228 -0.071796 
6.078407 -2.538328 -0.520473 
6.107725 -2.724242 0.271638 
6.178622 -1.854269 1.262922 
6.256807 -1.505741 1.283293 
6.656399 -2.289401 0.594637 
6.694619 -1.777603 -0.008587 
6.842406 -1.782349 -0.954776 
6.486152 -1.878952 -1.327657 
7.065299 -2.158145 -1.671996 
7.005029 -1.999899 -2.467216 
7.287444 -1.346121 -1.566890 
6.804593 -0.760451 -0.374492 
6.781316 -0.476047 0.189198 
6.912195 0.001020 -0.192785 
5.940147 -0.561377 0.463928 
6.366347 0.047027 -0.429076 
6.483242 0.919096 -1.605993 
6.698815 0.221602 -2.606559 
7.343078 0.031445 -1.961167 
7.096449 -0.372044 -1.729465 
7.470548 -1.213521 -1.472277 
7.065241 -1.461127 -2.053106 
6.175812 -0.056154 -3.000172 
5.835949 -0.779285 -2.308278 
4.765051 -1.498052 -1.404891 
5.406756 -1.707260 -1.980181 
5.599605 -1.450691 -2.698150 
5.840930 -0.221234 -3.207682 
4.854071 -0.976201 -2.380485 
4.410133 -0.698245 -2.760837 
5.111737 0.410477 -2.613307 
5.873994 1.506332 -2.319522 
6.677253 0.933665 -1.659430 
6.644297 0.589539 -2.092230 
6.991087 0.057408 -2.415594 
6.186701 -0.589549 -2.756728 
6.636646 -1.061485 -2.275668 
7.108434 -0.396335 -1.217916 
6.293612 -0.336389 -1.042325 
4.989193 0.278518 -1.740039 
5.842623 1.057930 -2.627737 
5.580718 0.484827 -2.885663 
5.193620 -0.210433 -2.709707 
4.797739 -1.128832 -2.746119 
4.912157 -0.838253 -3.190968 
4.551161 -1.104366 -3.071706 
5.056370 -0.294427 -2.835753 
5.596272 -1.621961 -3.100751 
4.911103 -1.589481 -3.108791 
0.243881 -2.307124 -6.410279 
0.268566 -2.332153 -4.852368 
-0.610309 -3.253087 -5.121751 
0.059136 -4.101697 -4.981415 
-0.425712 -3.641214 -5.264961 
-1.329384 -3.733098 -4.542329 
-0.898549 -3.824178 -4.266226 
-1.539997 -2.720686 -4.961508 
-2.114117 -2.171686 -5.109421 
-1.925417 -2.514203 -4.695681 
-1.065476 -2.434858 -3.535383 
-1.180331 -3.541256 -3.336862 
-1.716469 -2.870293 -1.978181 
-2.555162 -3.650310 -2.340929 
-1.803989 -4.734725 -2.594507 
-1.035779 -5.463287 -1.971683 
-1.112593 -5.096851 -3.460448 
-1.771927 -4.184809 -3.313492 
-0.890462 -4.452571 -2.920710 
-0.062898 -5.400057 -3.585813 
0.389960 -5.014837 -3.710223 
-1.067240 -4.451212 -3.329793 
-0.018874 -4.645215 -1.911261 
0.298129 -5.206231 -2.237426 
0.673288 -4.625375 -1.899964 
-0.665981 -5.062183 -2.184158 
0.223720 -4.779864 -1.501645 
1.719110 -3.764913 -1.687556 
1.556588 -4.526216 -1.710960 
0.436270 -4.666602 -2.769929 
-0.192093 -5.147831 -2.864063 
-0.563092 -5.172451 -2.389448 
-1.727048 -5.205185 -1.988043 
-1.816198 -5.241354 -1.565178 
-1.494598 -5.436997 -1.683503 
-1.529651 -4.937657 -1.024419 
-2.210003 -3.217275 -0.712523 
-2.609149 -3.704399 -1.289864 
-1.819302 -4.923319 -0.788433 
-2.634208 -4.426549 -1.330888 
-2.191481 -4.749302 -1.760822 
-1.957659 -4.728756 -1.697380 
-1.185264 -4.134520 -0.273592 
0.210480 -3.144423 -0.774011 
0.492544 -2.320008 -0.995924 
1.124231 -3.201192 -0.778595 
0.354620 -3.808060 -0.148601 
-0.100188 -3.678234 0.273166 
-1.136003 -3.492121 0.003319 
-0.983407 -3.981318 -0.486780 
-1.290513 -4.917566 -0.348010 
-0.745787 -4.287957 -0.092959 
0.470836 -3.338619 -0.408250 
0.653662 -3.571231 -0.150978 
0.436069 -3.724885 -0.667462 
-0.207233 -2.911352 -1.019526 
-0.806722 -2.766169 -1.111773 
-0.131931 -2.391750 -1.176722 
-0.055705 -3.485342 -1.907404 
-0.898857 -3.677770 -2.111092 
-1.268605 -4.001094 -2.405705 
-1.049307 -3.384028 -2.256142 
-0.590827 -2.407422 -1.585052 
-0.786989 -1.407786 -1.252601 
-0.106921 -1.767108 -1.310769 
-0.593863 -3.718156 -1.701897 
0.263616 -4.085298 -0.928197 
-0.013955 -4.963116 -0.572599 
5.953311 -2.360083 -5.175257 
5.442190 -2.463227 -3.663544 
5.541410 -2.976277 -2.488361 
5.753784 -3.214109 -3.527736 
5.715651 -3.334170 -3.023273 
6.488115 -3.156023 -2.369711 
6.412250 -3.525002 -1.908868 
6.434700 -2.640526 -2.790784 
5.758214 -2.901270 -3.427194 
4.463450 -3.232582 -3.367692 
4.002304 -3.199390 -2.971676 
4.471932 -2.653697 -2.973346 
4.493678 -3.677255 -3.616614 
4.682549 -3.206388 -3.901232 
4.360424 -3.219866 -2.420860 
4.182488 -3.584581 -1.931505 
4.357979 -3.113669 -2.246845 
4.943261 -1.527871 -2.374203 
4.780532 -1.938895 -2.714570 
5.086225 -2.382210 -3.182654 
6.673643 -2.390589 -2.720750 
5.688780 -1.143866 -2.593045 
4.688223 -1.452643 -2.569395 
3.615404 -2.625053 -2.323036 
4.130157 -2.210055 -2.127178 
3.592113 -2.057962 -1.550837 
2.458297 -2.533223 -0.757559 
3.094057 -2.484767 -1.272132 
3.626124 -1.496358 -1.522762 
3.114195 -0.246547 -1.802360 
3.345417 0.704693 -1.489038 
3.097204 0.944731 -1.405450 
1.673029 0.638964 -1.948662 
0.738253 -0.414368 -1.880929 
0.715963 -1.574163 -1.326041 
1.857478 -1.461764 -1.213176 
2.451589 -1.802175 -0.903789 
1.996594 -1.535880 -0.954785 
1.407144 -2.132308 -0.970759 
2.099154 -2.906630 -0.540571 
2.782388 -1.255673 -0.808497 
2.832401 -0.747397 -1.419407 
3.288519 -0.528772 -0.780732 
3.061651 -0.641846 -1.198148 
2.777010 -0.781135 -1.137079 
1.821167 -0.991951 -1.521737 
2.162494 -1.442493 -1.591220 
1.763904 -1.154926 -2.549310 
1.184972 -0.906323 -3.183026 
1.230740 0.015858 -3.301474 
0.313483 -0.612559 -2.640396 
0.747281 -1.354789 -2.151307 
1.307070 -1.736579 -1.565626 
0.562809 -1.577173 -1.608843 
0.008301 -0.495960 -2.600322 
1.435966 -0.149291 -2.529006 
1.983242 -0.554874 -1.412914 
1.105909 -1.665386 -1.167346 
0.984190 -1.262527 -1.040913 
1.409224 0.050987 -1.923020 
1.085468 0.190068 -2.894686 
-0.201317 -0.119515 -2.727257 
-0.318572 -0.803089 -2.027023 
-0.309087 -2.117271 -0.882491 
-0.045627 -2.617947 -0.055233 
-7.219163 -1.469335 -3.895374 
-6.523862 -1.894687 -2.458479 
-5.464081 -1.681531 -1.098297 
-5.908766 -2.140433 -0.559463 
-7.008098 -2.314188 -0.676248 
-6.658699 -2.971476 0.022309 
-6.817689 -3.140900 -0.829364 
-6.547652 -2.580638 -1.620097 
-5.832424 -2.408135 -2.166714 
-6.489084 -2.340624 -0.906575 
-6.215870 -1.786660 -0.216722 
-5.798596 -1.211553 -0.727359 
-5.731510 -2.302929 -0.902185 
-5.780971 -2.804392 -1.529980 
-6.557285 -2.419083 -1.970131 
-7.564251 -2.168472 -1.136648 
-7.776503 -2.150838 -1.282650 
-7.419958 -1.722762 -1.964829 
-7.949613 -1.254333 -1.822119 
-7.367851 -0.483854 -1.461491 
-6.429573 -0.368518 -1.122876 
-5.068310 -0.161490 -0.936329 
-5.704662 -1.100540 -0.901154 
-6.364638 -0.483395 -1.528869 
-6.067904 -0.885359 -2.832472 
-6.411837 -0.833558 -2.541540 
-6.938230 0.151823 -1.477165 
-6.438646 -0.125797 -1.966643 
-7.339528 -0.379575 -1.575715 
-6.835805 -1.081361 -0.675904 
-6.275654 -1.751020 -0.654923 
-5.274854 -1.960567 -1.617435 
-5.071868 -0.510444 -1.295521 
-6.221218 0.521418 -1.727471 
-5.856351 0.426999 -1.923200 
-4.768894 0.625618 -0.951639 
-5.646073 0.813362 -0.561013 
-6.446751 0.931062 -1.271233 
-6.499878 0.159774 -2.144960 
-6.507823 -0.743923 -1.752876 
-5.388761 0.667374 -1.257241 
-4.515491 1.701009 -1.434371 
-3.319488 1.708572 -0.275167 
-4.277654 1.023774 -0.565534 
-4.527901 1.983260 -1.066267 
-5.051415 1.854755 -1.717171 
-5.437572 1.535751 -0.906315 
-5.473517 1.538387 -1.356663 
-5.317074 2.204477 -1.409078 
-5.098284 2.021098 -0.379251 
-5.374946 2.891122 -0.825985 
-5.120951 2.946093 -1.456772 
-4.225147 3.695815 -1.713603 
-4.104147 3.094856 -1.275269 
-4.307418 1.895267 -2.020005 
-3.726412 1.254246 -1.797719 
-3.864306 2.063056 -2.448376 
-4.068811 2.603332 -2.164537 
-3.448338 3.165379 -2.536383 
-3.480956 2.401842 -2.861158 
-3.238744 3.014497 -2.700022 
-2.685347 3.208569 -2.065608 
-1.892537 3.286597 -2.388172 
-2.485563 3.775839 -2.010314 
-2.403244 3.128411 -2.408715 
-2.727295 3.147857 -2.344700 
-2.468880 2.065623 -1.921355 
-3.117437 1.064141 -2.409063 
-3.888774 1.106025 -4.044565 
-1.580698 0.846576 -2.147716 
-1.539701 -0.696579 -2.998251 
-1.009906 -1.471151 -4.321244 
0.245564 -1.247598 -3.166851 
-0.524259 -1.043501 -3.529181 
-2.065190 -1.408342 -2.850947 
-1.779990 -1.383732 -1.270049 
-1.218322 -1.051088 -2.845099 
0.113667 -1.204603 -2.847875 
0.053496 -1.697397 -3.858164 
-0.576157 -1.914019 -3.568085 
-1.287896 -2.418556 -3.201499 
-0.555519 -3.059512 -2.729555 
0.109738 -3.448469 -2.594406 
-0.172938 -3.691497 -2.509930 
0.469263 -2.814034 -2.165529 
-0.044081 -1.698959 -2.094139 
0.317432 -1.852708 -1.288450 
0.058115 -1.824013 -0.557101 
-0.644670 -2.144544 -0.387387 
-1.255187 -1.814283 -1.077700 
-1.009501 -3.249642 -1.930252 
-0.486597 -2.925300 -2.123786 
-1.160163 -2.376362 -1.949993 
-1.927758 -1.872181 -2.883494 
-0.575729 -1.465531 -2.873871 
1.096238 -1.725654 -3.004764 
0.546793 -1.823256 -3.191218 
0.074880 -0.792433 -1.895337 
-0.145162 -1.096976 -0.677296 
-0.339838 -0.372258 -0.647341 
0.445571 -0.226151 -0.875529 
-0.069751 0.583780 -0.221529 
0.460523 0.753054 0.373451 
1.473313 0.395466 0.376390 
1.552204 0.214902 -0.167897 
1.460486 -0.290113 -0.644080 
-0.044286 -0.730117 0.091627 
-1.304017 -0.424388 -0.141426 
-0.341842 0.311036 -0.356988 
1.412782 1.208850 -0.208461 
0.989308 1.450454 -0.402117 
1.416097 0.886414 0.320613 
0.701226 -0.209043 -0.349247 
0.147667 -0.951040 -0.111030 
0.125925 0.785567 -0.735171 
1.094202 2.067222 -1.616595 
1.512423 2.850986 -2.278071 
1.980972 3.579413 -2.234608 
2.190920 2.747674 -0.925416 
0.928719 1.575051 -0.534053 
2.345673 1.299952 -0.955090 
1.571883 1.542917 -1.202771 
-0.053839 2.208139 -1.557443 
-0.449705 2.241304 -2.364203 
0.227623 1.496404 -2.439549 
1.094172 1.661676 -3.562461 
1.453623 0.820686 -3.456547 
0.963293 0.621904 -3.212443 
0.163209 0.537471 -2.581071 
-0.757097 0.812255 -1.792905 
-0.706086 -0.468346 -1.444530 
-0.197745 0.150414 -1.450984 
0.802453 1.047202 -1.951013 
-1.347699 0.912931 3.094657 
-1.737871 2.268778 4.034819 
-1.383860 2.077029 3.493971 
-1.071277 1.515243 3.614312 
-0.974788 1.791039 4.319715 
-1.375392 2.597809 4.743740 
-0.689830 2.468023 5.237021 
-0.809607 2.647649 5.297888 
-1.255997 2.990981 4.350993 
-1.133540 2.994596 3.207064 
-1.217749 3.040699 2.374719 
-0.597086 3.280818 1.914354 
-1.663669 3.555375 2.566801 
-1.717966 4.546971 2.964929 
-1.641381 4.802638 3.021315 
-1.358675 4.894503 2.990157 
-2.090356 4.400590 3.126696 
-2.670307 4.878059 3.115030 
-2.986008 4.624956 3.239514 
-3.161194 4.484745 3.128174 
-2.516954 3.890234 3.956609 
-1.322025 3.369296 4.188643 
-1.942632 4.025385 3.490146 
-1.874447 4.716646 2.311333 
-1.885130 5.182850 0.836079 
-2.891450 5.162959 1.196137 
-2.422787 4.827362 0.821967 
-2.155471 5.127327 1.231959 
-2.146079 4.446456 1.217338 
-3.532222 4.278620 1.916059 
-3.036903 3.971378 2.686211 
-1.854477 4.638822 2.664983 
-2.437741 5.248426 2.511019 
-1.670522 5.136832 2.493222 
-0.671292 5.411350 2.429497 
-1.256789 5.315548 1.779259 
-1.472318 4.979877 1.308605 
-1.688487 3.917972 1.415423 
-1.648137 4.781410 2.369426 
-1.106539 4.225726 2.625303 
-0.372316 4.123120 3.395762 
-0.542871 3.707539 2.689610 
-0.269193 4.380025 1.335238 
0.760042 4.871295 1.077845 
-0.020286 4.336154 2.148731 
0.228130 4.863986 2.157709 
1.154853 5.385033 1.864361 
0.892500 5.531832 1.986943 
0.996698 5.034779 2.858177 
-0.001473 5.505647 2.676654 
-0.637866 5.694140 1.235579 
-0.709656 5.147039 -0.192387 
0.219734 4.575208 -0.766146 
1.229906 4.770884 -0.157821 
1.756725 4.160100 0.284244 
1.167376 3.415157 1.320653 
0.731550 3.471830 1.795594 
0.250975 3.847673 1.433983 
0.931971 4.837720 1.711604 
0.828189 5.873759 0.930889 
1.191466 5.446946 0.088673 
0.701957 5.618386 -0.446553 
0.725106 6.337789 -0.473124 
-0.247049 -0.416678 2.097378 
1.082778 0.416293 1.526424 
1.624100 1.190979 1.087550 
0.613755 1.405749 1.090846 
0.120022 0.343649 0.864144 
0.067031 0.935083 0.547320 
0.378599 1.270755 1.458310 
0.266928 1.853088 1.197182 
-0.732839 1.368958 0.774215 
-0.570753 0.850642 1.201402 
-0.264268 1.758319 0.782386 
-0.230304 2.359935 0.132229 
0.328651 3.370700 -0.469406 
0.354024 4.841631 -1.174749 
-0.536427 4.485132 -1.381161 
-0.590613 5.267220 -0.630511 
-0.613124 4.710520 0.309171 
-1.471854 4.785650 -0.237692 
-0.798973 5.519356 0.314849 
-1.022731 5.677308 0.458614 
-1.168016 4.763773 0.270906 
-0.744816 3.991542 -0.053941 
0.248633 3.885128 0.109934 
0.634941 3.745562 0.352653 
0.691112 2.993143 -0.506027 
-0.187745 3.926528 -0.731313 
-0.989866 4.623577 -0.539696 
-1.771261 4.113165 -0.090224 
-1.831148 4.126456 -0.888260 
-0.790792 4.200759 -1.188464 
-0.185728 3.498267 -0.425491 
0.883673 2.758888 0.715236 
-0.793065 2.837103 1.238454 
-2.349384 3.048464 1.393613 
-2.023201 2.718841 0.546168 
-1.995966 3.416874 -0.178927 
-3.022831 3.980139 -0.417250 
-3.173879 3.483603 -0.643462 
-3.019567 3.180333 -1.393732 
-3.530397 3.456294 -0.177132 
-4.016868 4.170197 0.058936 
-4.260447 4.421178 -0.504935 
-3.156876 5.053260 -0.399645 
-3.074602 4.924507 -0.554551 
-2.322158 5.039395 -0.837248 
-2.067577 4.986801 -0.910591 
-2.394504 4.061700 -1.488378 
-3.406475 3.865935 -0.772066 
-4.116577 3.825178 0.830103 
-3.401805 3.114523 1.153550 
-3.101268 2.679012 0.002365 
-3.099009 2.135082 -0.755143 
-2.771061 2.882907 0.361368 
-3.274793 3.363701 0.453893 
-3.522124 4.299950 0.154800 
-4.223019 3.708222 -0.697458 
-4.681524 3.154556 -0.398545 
-3.719014 3.063557 0.114248 
-2.623235 3.163973 0.970919 
-3.432526 3.400211 0.852855 
-4.091245 4.338925 0.842002 
-4.536763 4.030652 -0.078578 
-3.542845 4.947110 0.043744 
-4.307064 -5.771049 0.610222 
-4.537656 -4.325525 -0.068221 
-5.170780 -4.271191 -0.309781 
-4.622225 -4.580069 -0.515960 
-3.573414 -3.425270 -1.504909 
-2.803637 -2.606458 -2.184588 
-2.108534 -1.852413 -2.397532 
-1.601157 -0.426466 -1.566771 
-2.266222 -0.744309 -0.041194 
-3.257726 -1.498217 -0.132907 
-4.716754 -2.443209 -0.571506 
-4.389576 -1.223736 -0.095528 
-3.819325 -0.343525 0.493424 
-3.389236 0.518321 0.080469 
-3.492612 -0.844526 -0.120758 
-3.873110 -1.394330 -0.861624 
-3.413273 -2.135022 -1.255474 
-2.000644 -1.514423 -0.078709 
-1.686191 -1.672581 0.127023 
-2.572929 -1.419222 -0.652735 
-2.803719 -1.497012 -1.477167 
-2.534031 -0.681956 -1.531272 
-1.316080 0.343825 -1.235125 
-1.890975 -0.157655 -0.331937 
-1.953942 -0.909107 -1.132332 
-1.891521 -1.564415 -0.771172 
-2.185708 -0.957585 0.428672 
-2.427974 -1.804243 0.619147 
-3.161781 -1.935249 -0.674328 
-3.440974 -2.852921 -0.728773 
-2.352702 -2.775587 -0.407448 
-1.485067 -2.668764 -0.279484 
-1.031585 -1.219422 -0.745927 
-0.889258 -1.360721 0.034212 
-0.775762 -0.605463 0.198223 
-0.595546 -1.590437 -0.031629 
-1.757737 -2.320528 -0.372341 
-1.599220 -1.604352 -0.193550 
-1.157779 -0.696410 0.643240 
-1.314945 -0.151704 -0.365727 
-0.762980 -1.028943 -1.148979 
-0.529592 -2.012944 -1.198165 
-1.295028 -2.268337 -1.067988 
-2.440391 -2.405044 -1.052895 
-2.907379 -2.483463 0.211415 
-2.630847 -2.901061 0.038481 
-2.054057 -3.234146 0.368636 
-2.344360 -3.601331 0.437265 
-3.016394 -3.068211 0.537205 
-2.657202 -2.649334 0.297621 
-3.274494 -1.468749 -0.656268 
-3.133752 -2.131203 -0.364802 
-3.080432 -3.594540 -0.356069 
-2.210931 -3.769223 -0.275959 
-1.337147 -3.140542 0.099844 
-0.698179 -2.907248 0.353855 
-1.348742 -3.434834 0.449171 
-3.194061 -3.205001 0.140921 
-3.740765 -3.630690 0.328540 
-3.186116 -3.887186 -0.448348 
-2.520613 -2.698358 -1.031559 
-2.215144 -2.514239 -1.186528 
-2.728780 -2.898209 -0.203430 
-3.954656 -2.549814 -0.435124 
-4.571145 -2.973977 -0.574071 
-5.696477 -4.565789 0.032776 
-0.832119 -4.122358 3.649692 
-0.328931 -2.915285 4.202138 
-0.444226 -2.232023 4.557540 
-0.366275 -1.581126 4.428854 
-1.046850 -1.079915 4.718129 
-2.652538 -1.281848 4.422113 
-2.245679 -1.304332 5.016498 
-2.135348 -1.427671 4.717221 
-2.649866 -0.751659 5.051320 
-1.115584 -1.796691 4.830862 
0.135921 -2.791793 4.673339 
0.391424 -2.425695 4.790378 
-0.133005 -1.396803 4.812063 
-0.678279 -1.179799 4.366923 
-1.473754 -0.627654 3.686764 
-1.152316 0.168900 3.670614 
-1.503267 0.322324 4.287094 
-0.800080 -0.190089 4.079475 
-1.943761 -0.936995 4.447157 
-2.407494 -0.118846 4.708183 
-1.007148 0.264890 5.358822 
-1.182723 0.059270 5.642544 
-1.306123 -0.111824 5.858486 
-1.193227 0.688909 5.622724 
-1.882480 0.890460 5.793491 
-1.078225 1.129138 5.666340 
0.069146 0.689883 5.052311 
0.679628 1.017923 5.330747 
0.652898 1.266416 5.283647 
-0.088087 0.262075 5.544241 
0.502938 0.237645 5.068981 
-0.191735 0.853362 4.204516 
0.026381 1.369456 3.684732 
-0.014591 2.658008 4.175871 
0.091583 2.982254 4.701013 
0.834968 2.246367 4.952217 
0.460149 1.852654 5.331682 
-0.650812 1.746786 5.249884 
-1.311158 0.997873 5.035062 
-0.374065 1.288455 4.659148 
0.346934 1.631699 4.946512 
-0.063967 2.060395 3.973616 
-0.489742 2.538898 3.366499 
-1.400399 1.732558 4.344442 
-0.431524 2.442783 4.740421 
0.616103 3.469699 4.698966 
0.788284 3.455177 4.848531 
0.870062 3.460957 4.471203 
1.012080 3.685979 4.254587 
0.938250 4.113596 3.933774 
1.243925 4.476970 2.781841 
1.453246 3.687913 2.442713 
1.262878 3.747892 3.279474 
0.706025 3.257695 3.769203 
-0.601087 4.216424 4.093836 
0.725882 -4.651733 2.217950 
1.436074 -3.505256 2.553559 
1.958698 -2.392100 3.007998 
1.791955 -2.079280 2.826151 
2.883356 -1.011039 2.709996 
3.125688 -0.760218 2.091918 
2.404251 -0.109870 3.059107 
3.311926 1.132435 3.531600 
3.342042 2.231157 2.829717 
3.216245 2.266864 1.327342 
2.684043 1.360171 2.231411 
1.237696 1.799943 3.081651 
0.389889 2.356102 2.102096 
0.296239 2.249412 2.537976 
0.378096 1.510730 2.937537 
1.595133 2.065486 2.580529 
3.019863 2.105245 2.245247 
2.533180 3.207124 2.657580 
1.515901 3.635222 2.899254 
2.033372 3.112450 3.509526 
2.657186 3.118929 3.225229 
3.116021 3.479561 3.125153 
3.198768 4.028251 2.488134 
3.636212 3.322491 2.738523 
3.927544 3.660213 2.039608 
3.981494 4.117197 0.446320 
3.894673 4.296426 0.704410 
3.671091 4.146732 2.406883 
3.211593 4.477773 2.168816 
2.461295 4.822047 1.773529 
3.351321 3.893240 1.621745 
2.802623 4.986502 1.442085 
3.555310 4.343866 1.219156 
3.949841 4.196139 1.890982 
3.601762 4.038470 1.795526 
2.665025 4.054676 2.901961 
2.507404 4.797563 2.631446 
1.509440 5.227901 2.732626 
1.801364 4.754426 2.763392 
2.155305 4.959822 1.275900 
2.515653 4.778484 0.619480 
3.530267 4.599520 -0.539889 
2.751914 4.632352 -1.392035 
2.894594 4.504658 -0.203478 
2.275788 4.788854 -0.304793 
2.245098 4.637165 -0.606103 
1.679250 4.596266 -0.919040 
1.861442 3.291977 -0.210470 
2.601784 3.866084 0.711774 
2.378382 4.019048 1.305832 
1.519500 3.017220 1.395607 
1.987332 2.857156 2.002819 
4.119546 -4.675982 0.617530 
3.147237 -3.652448 0.831200 
2.870990 -2.973377 0.693777 
2.510826 -1.726488 -0.284811 
2.754084 -1.461419 -2.223976 
3.503945 -1.803702 -3.057483 
2.969069 -1.175373 -3.441820 
2.944281 -1.525704 -2.391192 
2.771736 -1.504693 -2.914001 
1.752113 -1.537897 -2.020434 
1.630574 -1.971950 -1.923774 
2.264617 -0.367670 -1.598303 
2.962560 -0.037188 -0.634044 
4.203357 0.460373 -0.363387 
4.974181 -0.211008 0.662280 
4.142820 -0.600448 0.931132 
3.917574 -0.825388 0.198446 
4.271311 -0.981885 -1.489192 
3.597408 -0.193367 -2.069540 
4.056711 0.050160 -1.925491 
3.886784 -0.802971 -1.860088 
3.369772 -0.223369 -1.724608 
3.078952 0.876128 -2.035991 
2.859183 1.223896 -1.813112 
2.272459 1.741911 -1.238200 
2.488894 2.204668 -2.232415 
2.043532 2.596147 -2.794046 
0.551861 3.015403 -3.027075 
0.848546 2.732226 -3.658977 
0.847476 2.664513 -3.211023 
1.159849 3.444173 -2.912554 
1.400239 3.960064 -2.614924 
0.903824 3.235652 -3.302782 
1.684505 2.488032 -3.038395 
2.707190 3.467885 -2.788890 
2.254952 3.546880 -2.594931 
1.553207 3.834800 -2.128982 
2.117877 3.170757 -1.946509 
1.699429 2.670133 -1.785679 
1.475525 2.512535 -2.683201 
1.431785 1.904329 -2.555619 
1.282554 1.173675 -2.172773 
1.279751 1.940008 -2.534505 
0.954902 2.833690 -2.458361 
1.302063 3.667949 -1.892050 
0.962383 3.167283 -1.946850 
0.286416 3.988494 -2.664719 
1.041658 4.671645 -1.996963 
1.312540 4.638354 -2.390925 
0.294329 4.481551 -2.786999 
-5.464100 -1.196636 2.026214 
-4.151287 -1.826543 2.056568 
-3.583342 -2.284289 1.613629 
-3.508283 -3.008762 2.025882 
-4.000362 -2.897854 1.501415 
-4.098475 -1.792508 0.180532 
-4.055233 -1.017679 1.713282 
-4.066825 0.199178 2.922062 
-3.572228 -0.295517 2.976286 
-3.500169 -0.664619 2.281267 
-4.136566 -1.098006 2.840651 
-3.605667 -0.684205 3.186368 
-4.479454 -1.101912 1.929636 
-4.469682 0.139183 2.119571 
-3.623704 0.046770 2.000179 
-3.745746 0.876384 2.253546 
-4.204957 0.745088 1.525915 
-4.681852 -0.328893 0.940653 
-4.946326 -0.349334 0.236312 
-4.644340 1.546345 0.287789 
-4.250580 1.895714 0.995955 
-4.932872 1.628243 1.589591 
-4.629415 1.205772 1.266853 
-6.022060 1.491790 1.511458 
-6.981862 1.428887 0.887039 
-6.701788 1.965710 0.329174 
-6.060752 2.592415 1.099779 
-5.375556 2.612335 0.760942 
-6.236545 2.568883 0.740896 
-5.860735 1.750313 1.074544 
-4.967331 1.989068 1.483009 
-4.499366 2.166319 1.926104 
-4.702652 1.696699 2.300923 
-4.066359 1.593552 1.972059 
-3.839400 2.282122 1.554554 
-4.135707 2.846524 2.035860 
-5.156774 2.658635 0.668959 
-6.162229 2.161816 -0.176616 
-6.417234 2.330111 0.030012 
-5.523549 1.635548 0.407881 
-5.992418 1.076860 1.653043 
-6.037255 1.961675 2.228375 
-5.083921 2.296226 1.405420 
-5.528759 2.798771 0.693244 
-5.829411 2.646122 1.106019 
-6.519834 1.339832 0.011343 
-6.932639 2.150194 0.382900 
-7.515951 2.188081 -0.340277 
-5.089317 -4.469981 1.815742 
-5.044204 -2.867756 1.216801 
-5.165508 -1.677437 1.832631 
-5.411428 -2.090711 1.148603 
-6.208010 -2.752093 0.631811 
-4.677713 -2.408511 0.364858 
-5.863183 -2.556991 1.168042 
-5.680003 -2.933919 1.553082 
-5.633616 -3.156452 2.076678 
-6.079019 -2.696067 2.525498 
-6.571496 -2.080354 2.347981 
-6.863149 -1.680916 1.039282 
-6.696909 -1.502594 -0.291920 
-7.089377 -1.282248 0.099103 
-6.736961 -1.766512 0.743304 
-6.457462 -0.859251 0.904580 
-7.124072 -1.140566 1.290701 
-6.631140 -1.897351 1.472254 
-6.557903 -0.978409 2.200620 
-6.097611 -0.172710 1.592119 
-6.607220 -0.439950 0.564928 
-6.070288 -0.427900 0.070407 
-6.194135 -0.238385 0.532375 
-5.052989 -0.375139 0.070341 
-4.993512 -1.073518 -0.763722 
-6.440167 -0.474327 -0.163413 
-7.387875 0.343424 0.270341 
-6.921065 0.064973 0.783661 
-6.739420 0.444098 1.366758 
-6.854431 1.107915 0.248954 
-6.753150 1.166115 -0.817110 
-6.879635 0.748782 -0.561619 
-3.195752 0.197118 7.257295 
-3.292638 -0.596325 5.980859 
-2.962457 -0.925041 4.239608 
-2.215655 -1.330032 2.584181 
-1.969281 -1.649805 0.727845 
-1.620767 -2.221774 1.761991 
-2.810440 -2.598675 2.094524 
-2.631024 -2.872956 3.055338 
-2.201008 -2.579041 2.290717 
-1.976452 -1.929700 2.446343 
-2.931495 -1.801235 3.003109 
-3.907663 -1.363707 3.722795 
-4.170795 -1.692491 4.453915 
-4.059755 -1.935054 5.455594 
-4.969529 -1.560879 6.390021 
-5.003697 -0.431941 6.322244 
-3.843079 -0.682497 5.628936 
-3.089704 -1.565914 5.735148 
-3.145490 -3.140442 4.352723 
-2.872926 -2.370539 3.419152 
-4.055451 -2.718245 3.374633 
-3.958984 -3.105333 3.053545 
-3.818332 -2.601066 3.747005 
-3.233616 -1.926462 4.571012 
-3.251109 -2.328633 4.927242 
-2.644828 -2.130770 4.760706 
-2.789204 -2.597491 4.585318 
-4.046736 -2.448335 3.659197 
-5.183350 -3.164176 3.134008 
-4.659203 -2.969465 2.052456 
-5.666264 -3.085079 1.727141 
-5.261962 -2.475923 2.149434 
-5.382831 -2.448365 3.172040 
-4.957021 -1.919532 3.876376 
-4.996067 -1.406946 4.298084 
-4.704087 -1.488738 3.931760 
-4.154328 -1.992245 4.119071 
-3.020983 -2.948545 3.635347 
-4.191557 -1.855207 3.283418 
-3.966955 -0.970315 4.300150 
-4.154110 -0.385214 4.621754 
-5.343233 -0.228219 3.887939 
-6.250339 -0.302864 2.972815 
-6.602844 -1.391921 2.691806 
-5.834270 -0.933749 3.658114 
-5.596048 0.160442 4.135867 
-5.749744 -0.152928 3.732963 
-5.547762 -1.330235 3.590232 
-5.424625 -1.039116 3.131363 
-5.908928 -0.541354 2.833560 
-6.529716 0.510475 2.643610 
-5.824841 0.673434 2.639096 
-4.578706 1.046114 2.992333 
-4.092017 0.390418 4.007511 
-5.255529 -0.231547 3.169249 
-5.637714 0.436428 3.614167 
-6.143738 1.347833 2.905005 
-5.476111 1.990476 3.762609 
-5.895555 2.154791 2.959316 
-5.494235 1.362838 3.716284 
-5.027265 2.132770 4.223478 
-4.783580 2.406819 4.240278 
-4.444869 2.857816 3.992638 
-4.084681 2.740701 4.682277 
-3.537541 2.937705 5.585859 
-3.266839 3.817147 5.460790 
-3.181257 3.849198 4.398092 
-3.689843 3.803482 3.538229 
-3.819890 3.643526 2.953487 
-4.727817 3.036408 2.433839 
-4.494115 2.840777 3.365959 
-5.216286 1.458386 3.953789 
-4.600948 1.157279 4.173007 
-3.608036 0.985834 3.338224 
-2.873957 1.471541 3.061633 
-2.316190 1.768450 2.699433 
-2.619075 1.522522 3.336102 
-1.862329 0.843619 2.699947 
-2.352380 2.034340 2.406006 
-3.066445 1.907524 3.421110 
-3.982518 1.244262 4.595463 
-4.302523 1.264928 4.573970 
-3.586762 0.850720 4.948308 
-3.357127 1.447204 5.161196 
-2.944735 2.859461 4.897729 
-2.329676 2.542315 4.900953 
-2.540852 2.030444 5.092111 
-3.370310 2.782359 4.850595 
-4.059069 3.704253 4.540573 
-5.137633 4.754614 4.781426 
