Snapshot 0 0.000000
2.342012 -1.857432 -1.131314 
1.982527 -0.964654 -1.402828 
1.213082 -1.528303 -1.102406 
0.781173 -2.176438 -0.475209 
0.164471 -2.292440 0.303394 
0.752020 -1.483340 0.291484 
0.499518 -0.536287 0.093157 
-0.379891 -0.060568 0.111379 
-0.232992 -0.210537 -0.866338 
-0.701272 -0.962475 -0.402331 
-1.169237 -0.968788 0.481393 
-1.732630 -0.149267 0.586155 
-1.667508 -0.219556 -0.409244 
-1.521998 0.684588 -0.007560 
-0.916439 0.889795 0.761328 
0.050402 0.977597 1.001137 
0.166411 1.927784 1.290423 
0.688991 2.220379 0.489612 
0.255245 3.105180 0.319342 
-0.573886 3.604762 0.068426 
Snapshot 10000 477.814535
-1.708895 -0.062353 -3.094235 
-1.126624 -2.225688 -1.970032 
-0.960714 -0.977561 -2.764820 
-2.295339 -0.648236 -2.029167 
-2.499216 0.482233 -2.337975 
-1.643800 0.942497 -3.105428 
-0.914334 0.327243 -1.763782 
-2.017675 -1.800289 -1.220617 
-1.503081 -0.681006 -1.507960 
-0.466765 -2.876638 -2.993350 
-1.902073 -1.575805 -2.715998 
-0.789465 -0.786434 -4.466442 
-1.628230 -1.663944 -3.545770 
-0.625743 -2.077322 -1.610391 
-0.496036 0.198175 -3.707930 
-2.209396 -0.302417 -3.813128 
-1.051430 -0.087812 -2.834237 
0.084063 -1.326772 -3.029707 
0.296185 -2.859243 -2.572538 
-0.201450 -1.564268 -3.764689 
