Snapshot 0 0.000000
-0.689558 3.537450 3.466318 
-1.212511 3.527330 2.614016 
-0.725332 2.884985 2.022367 
-0.357234 2.526776 1.164351 
0.319027 1.801467 1.035522 
1.033795 1.365874 0.488380 
1.187839 0.741571 -0.277465 
2.051167 0.856642 -0.768813 
2.742355 0.139424 -0.680170 
2.011729 -0.258147 -0.125082 
1.563181 -1.106694 -0.405745 
0.921681 -1.492070 0.257553 
0.071453 -0.994202 0.428552 
-0.017081 -1.282486 -0.524891 
-0.689872 -1.103042 -1.242632 
-1.062491 -1.970857 -0.913921 
-1.315102 -2.855126 -1.306676 
-1.683601 -2.531927 -2.178313 
-1.658153 -1.664403 -1.681570 
-2.491290 -2.122566 -1.371782 
Snapshot 10000 473.023688
1.459246 0.027590 0.414224 
0.818738 -1.537443 -1.222537 
1.104156 -0.754672 -0.163933 
2.057714 -0.309035 -0.849533 
2.745684 0.788173 -0.296082 
1.995339 0.872186 0.757334 
1.462978 0.959690 -0.294317 
1.932756 -0.846371 -2.132750 
1.311718 0.172807 -1.154753 
0.944892 -2.531082 -0.691494 
1.772570 -1.307488 -0.436156 
1.861313 -1.154992 1.160932 
1.864953 -1.727526 0.071969 
0.276439 -1.089654 -1.280722 
1.079454 -0.426127 1.528815 
2.439011 -0.454152 0.869097 
2.623742 -0.376538 -0.199887 
0.445064 -1.474065 0.480897 
-0.237093 -2.448081 -0.467273 
0.846199 -2.046749 0.755122 
