Snapshot 0 0.000000
10.668286 -2.177283 -39.712713 
9.744557 -1.797382 -39.663733 
9.523737 -2.510904 -40.328658 
9.708410 -3.105339 -41.111309 
10.420978 -2.917035 -41.787171 
10.105693 -3.862832 -41.865038 
10.867675 -3.746623 -41.227952 
10.328618 -4.052897 -40.443342 
11.135283 -4.643022 -40.411031 
10.718165 -5.504374 -40.701003 
10.146968 -6.286414 -40.950300 
10.621501 -6.974568 -40.401427 
10.924191 -7.766118 -40.932303 
10.629621 -8.594565 -41.408647 
11.088652 -7.936365 -42.005357 
11.776847 -7.998519 -42.728215 
12.754929 -7.806354 -42.648028 
13.205466 -8.043411 -41.787319 
13.218656 -8.453804 -40.875505 
13.407961 -7.532851 -40.534903 
13.313419 -8.247177 -39.841505 
12.511513 -8.844602 -39.836117 
11.599542 -8.436611 -39.879160 
11.829936 -7.464780 -39.829523 
12.434892 -6.684625 -39.670193 
13.416672 -6.494738 -39.677354 
13.125017 -6.913324 -38.817282 
12.883588 -7.213619 -37.894495 
12.227311 -7.805076 -38.362980 
12.204891 -8.423847 -37.577729 
11.959190 -8.102063 -36.663352 
11.193929 -8.124767 -37.306671 
11.243858 -9.116607 -37.189367 
12.048109 -9.259627 -36.612543 
11.886451 -10.064353 -36.041331 
12.282547 -10.238377 -35.139764 
13.097859 -10.740280 -35.428482 
12.345770 -11.381412 -35.275796 
12.031377 -12.181172 -34.764386 
12.292650 -13.066009 -35.150131 
12.374455 -13.134516 -36.144422 
11.609765 -12.561145 -35.850324 
10.716190 -12.177530 -35.617165 
10.458761 -12.185927 -36.583426 
9.584288 -11.707708 -36.664690 
9.965336 -10.786954 -36.580932 
9.048522 -10.638776 -36.951736 
8.274745 -11.041348 -36.462650 
8.732603 -11.653497 -35.817948 
9.130828 -10.741246 -35.721958 
9.262890 -10.664912 -34.733660 
9.696812 -11.564402 -34.784947 
9.969836 -12.524827 -34.840092 
9.685134 -13.079642 -34.058347 
9.830221 -14.069030 -34.066188 
8.981070 -14.457194 -33.708037 
8.308398 -13.739507 -33.888139 
8.105809 -13.373218 -34.796319 
8.510424 -12.576772 -35.245719 
8.471278 -13.341345 -35.889066 
8.273964 -14.121313 -36.482967 
8.364836 -13.299122 -37.044879 
9.104937 -13.545836 -37.670485 
9.838863 -12.875784 -37.559206 
9.246951 -12.237744 -38.051694 
9.396839 -11.450684 -38.650084 
9.791805 -11.890967 -39.456404 
9.975098 -12.238871 -40.375843 
10.165987 -11.283685 -40.602076 
11.137964 -11.093427 -40.464013 
11.212033 -11.623850 -41.308504 
11.333450 -11.682364 -42.299379 
11.100267 -12.511051 -42.808204 
10.321904 -12.730081 -43.396572 
9.814691 -12.598397 -42.544871 
9.570839 -12.458979 -41.585132 
9.286121 -13.415963 -41.640961 
8.763787 -13.509270 -42.488582 
7.851510 -13.708848 -42.846239 
8.023928 -14.467408 -42.217862 
7.072178 -14.716157 -42.397568 
6.191040 -15.050865 -42.731586 
5.879422 -14.550285 -41.923927 
5.155759 -14.380482 -41.254988 
5.699705 -13.573115 -41.483640 
5.730047 -13.480006 -40.488447 
5.336443 -13.222318 -39.606022 
4.841330 -12.909861 -38.795323 
4.953787 -12.050684 -39.294490 
4.373688 -12.633921 -39.863101 
3.660595 -13.277245 -40.141728 
3.536935 -12.748494 -40.981449 
4.379771 -12.300631 -41.279855 
4.118971 -11.335620 -41.307000 
4.263070 -10.346483 -41.336041 
3.330259 -10.435726 -40.986901 
3.192857 -10.727438 -40.040315 
2.650265 -9.907724 -39.856838 
2.818865 -10.165610 -38.905487 
2.341902 -11.032541 -38.760794 
2.358985 -12.000121 -39.012782 
2.431449 -12.962807 -39.273521 
1.471026 12.539717 52.286927 
1.821633 13.316026 52.810778 
0.910860 13.700035 52.962534 
0.653764 12.744360 53.106014 
-0.178187 12.206282 53.241399 
-0.838737 12.523428 53.921908 
-0.774708 13.468912 54.241219 
-0.391095 14.389508 54.314332 
-0.065378 14.367702 55.259548 
0.717965 13.775218 55.071567 
1.248932 14.307754 55.730717 
1.798417 14.010189 56.511435 
2.302653 13.706734 55.702942 
2.247314 12.710422 55.768524 
2.551775 12.012205 55.120607 
3.324593 12.089969 54.490763 
4.222188 11.650691 54.527620 
3.945765 12.018940 55.415304 
4.306695 12.255410 56.317419 
4.235257 12.501378 57.284061 
4.724693 13.370824 57.216867 
5.649925 13.339453 56.838763 
6.084033 13.408881 57.736944 
6.669702 12.654010 57.441712 
6.013853 11.945226 57.701495 
6.431711 12.507777 58.414890 
7.409159 12.387006 58.588123 
8.328317 12.615826 58.908731 
8.228237 11.652079 58.661395 
7.650746 10.835994 58.683967 
7.293878 10.590998 57.782511 
6.979011 9.747631 57.347092 
6.030630 9.825576 57.039685 
6.570564 9.415196 56.304798 
5.963548 9.381260 55.510833 
5.407235 10.210322 55.454507 
4.571540 9.821055 55.841916 
4.443164 9.439820 54.926395 
3.981106 8.569328 54.756845 
4.710358 7.943010 55.032375 
5.088958 7.057022 55.300122 
5.594784 7.761925 55.797367 
5.485328 8.361811 56.589929 
4.613580 8.831795 56.451471 
4.247098 9.431443 57.162887 
3.888494 9.155688 58.054718 
4.435771 8.319067 58.031213 
4.942367 8.714589 58.797322 
5.898764 8.948503 58.972220 
6.137036 8.249963 58.297484 
6.811930 8.012583 57.598793 
6.421991 7.793643 56.704359 
5.655802 7.153768 56.763642 
5.421567 7.359361 57.713834 
5.235424 7.438116 58.693195 
5.828009 6.828421 59.219611 
5.942412 7.386560 60.041434 
5.121048 6.860324 60.261519 
5.183689 5.929716 60.622136 
5.966218 5.393109 60.306380 
6.562009 5.962695 60.872599 
6.631832 5.147036 61.446902 
6.235769 5.877539 62.003229 
6.662106 6.420508 62.726707 
6.544461 5.789617 63.493607 
7.256784 5.146590 63.774876 
7.196501 5.432727 64.731166 
7.153993 4.683167 65.391736 
7.947954 4.400448 65.929970 
7.905233 5.354378 65.632999 
8.696259 5.959391 65.723753 
8.577095 5.324313 66.486954 
8.177552 5.410447 67.399612 
7.944157 4.550576 67.853648 
7.455630 5.253467 68.370645 
6.481746 5.177341 68.584547 
6.236861 6.019832 68.104715 
7.025740 6.634351 68.110716 
7.090045 6.253678 69.033188 
6.528008 6.230314 69.859969 
5.897357 6.381977 70.621073 
5.952555 7.257751 70.141517 
6.389638 7.798586 69.422868 
6.709200 8.021696 70.343793 
7.503540 8.398770 70.820069 
6.783589 8.553968 71.496520 
7.134047 8.507234 72.431931 
8.012658 8.081370 72.647993 
8.644154 7.612526 73.265567 
9.109573 7.504434 72.387102 
9.290924 7.706692 71.424707 
8.641498 7.667064 70.665316 
7.837610 7.298177 70.198747 
7.979949 7.761615 69.324124 
8.143924 8.748076 69.321475 
-13.516574 -15.547803 11.668027 
-12.597501 -15.891601 11.475392 
-12.191371 -15.153725 12.014463 
-12.574726 -15.704176 12.756111 
-13.067870 -14.911433 13.114397 
-13.851103 -15.531364 13.161655 
-14.445775 -14.936771 13.702788 
-14.587867 -14.092425 14.219401 
-14.090578 -13.286736 13.897582 
-13.448133 -12.764540 13.336711 
-12.654182 -12.257958 13.000531 
-12.006946 -11.922020 13.684805 
-11.677756 -12.859890 13.575104 
-11.415454 -12.599910 12.645799 
-10.576791 -12.123092 12.909028 
-10.402707 -11.141989 12.993478 
-9.809369 -10.752333 13.697836 
-9.758134 -10.005152 13.035194 
-9.782024 -9.189841 12.456663 
-8.838671 -9.128752 12.130544 
-7.924562 -9.402181 11.831142 
-7.534106 -10.256801 11.488841 
-8.176843 -10.374845 12.245779 
-8.775539 -10.970027 12.781802 
-9.624219 -11.212077 12.311533 
-10.068864 -11.803703 11.639023 
-10.076401 -12.667484 12.142835 
-9.640996 -13.025065 12.969005 
-10.059199 -13.929927 12.889436 
-9.913087 -14.696748 13.514445 
-10.618417 -14.097124 13.892544 
-10.953534 -14.992570 13.599506 
-10.734126 -15.568750 12.812183 
-10.130470 -16.133756 12.249717 
-9.834460 -16.620292 13.071704 
-9.622375 -15.877782 13.707077 
-8.958760 -15.564402 13.027806 
-8.391955 -14.746667 12.927601 
-9.006153 -14.844036 12.144479 
-8.161000 -15.080758 11.665231 
-8.046250 -16.072267 11.726418 
-7.130548 -15.768792 11.989842 
-6.610377 -16.587830 12.231917 
-6.073733 -16.003823 11.622861 
-5.176890 -15.658658 11.346212 
-5.407830 -15.734794 10.376228 
-6.166198 -16.276887 10.014271 
-5.320339 -16.774127 10.207338 
-5.137979 -17.260488 9.352822 
-4.192029 -17.564303 9.239359 
-4.551358 -18.200194 8.556333 
-3.561702 -18.057049 8.565917 
-3.214691 -18.443416 7.711339 
-2.392596 -17.874529 7.688376 
-1.704988 -17.168605 7.858281 
-2.354424 -17.122984 8.617327 
-3.027340 -17.003403 9.347317 
-3.686034 -16.632910 10.002189 
-2.851990 -16.082687 9.961857 
-2.705309 -15.715635 10.880420 
-3.609798 -15.407863 10.585166 
-3.477416 -14.866590 9.754806 
-4.004464 -14.026342 9.627510 
-4.625989 -14.446501 10.288701 
-4.185342 -14.624971 11.168461 
-4.451010 -13.663060 11.232864 
-5.244592 -13.686390 11.840880 
-4.419797 -13.407620 12.332816 
-3.494010 -13.038382 12.251694 
-2.907685 -12.293328 12.569684 
-2.918360 -12.143017 13.558265 
-2.810844 -11.703110 14.449849 
-2.953945 -12.673603 14.643920 
-3.013766 -12.871247 15.622367 
-3.983688 -13.092245 15.520336 
-4.756104 -13.325051 14.929426 
-4.899483 -12.512437 14.364536 
-5.148171 -12.670526 13.408941 
-5.284244 -12.441625 12.445048 
-5.425232 -12.470956 11.455472 
-6.017210 -13.060952 10.906412 
-6.731935 -12.894149 10.227188 
-7.705238 -13.097139 10.120058 
-8.151792 -12.590474 9.382577 
40.557126 11.658817 -6.145773 
39.808104 11.004102 -6.044212 
38.854073 11.228181 -5.845182 
38.333657 11.979645 -5.439635 
38.077055 12.821212 -5.914946 
37.751626 13.011068 -6.841256 
37.080854 12.756245 -6.144743 
36.290485 13.337819 -5.952163 
36.542617 14.049417 -6.607951 
36.223631 13.911155 -7.545571 
37.038453 14.490713 -7.558895 
36.666194 14.969454 -8.354024 
35.702514 15.148164 -8.552477 
35.062924 15.357343 -7.812769 
35.199619 16.188558 -8.351654 
34.626635 16.900802 -8.757115 
34.449813 16.782402 -7.780020 
35.294240 17.045916 -7.313647 
36.181750 16.585228 -7.323191 
36.031745 15.606912 -7.466005 
36.942439 15.868561 -7.146358 
36.619959 15.956328 -6.203860 
36.099352 16.067635 -5.357349 
35.519223 16.846921 -5.594337 
36.191349 17.233691 -4.962946 
36.233058 17.383678 -3.975138 
36.628607 16.625377 -3.456949 
37.515776 17.045814 -3.647114 
37.964860 17.239283 -2.774822 
38.494935 17.594254 -3.544897 
39.368484 17.544125 -3.060751 
39.062458 16.819973 -2.442727 
38.774881 17.742082 -2.183854 
39.439380 18.426535 -1.883912 
39.022564 18.558776 -0.984592 
39.076677 17.566625 -1.097320 
38.768943 16.765431 -0.584105 
38.232201 17.077857 -1.367876 
38.322404 16.137968 -1.697226 
38.595866 15.512977 -0.966060 
38.729880 15.177772 -1.898625 
39.725145 15.086441 -1.931884 
40.128138 15.580870 -2.702038 
39.748709 15.612098 -3.626732 
40.334073 15.204731 -4.327732 
41.129281 14.744585 -4.722584 
40.883110 15.055306 -5.640654 
40.870831 15.925630 -6.132979 
41.724480 15.406732 -6.178024 
41.269237 14.940032 -6.936275 
41.471943 14.120697 -6.399991 
42.442437 13.904447 -6.293322 
43.249215 13.433275 -6.649840 
43.775133 12.655765 -6.994642 
44.249156 11.989872 -7.570740 
44.708688 11.731830 -8.420590 
45.531730 12.247174 -8.181795 
45.842468 12.291520 -9.131255 
45.240209 13.089792 -9.137882 
45.813656 13.652098 -9.733676 
46.536450 13.406218 -9.087835 
46.434877 12.671922 -8.416647 
47.080492 12.520366 -9.165120 
47.595127 13.238458 -8.696617 
48.198427 12.440981 -8.688813 
48.821270 13.210249 -8.546361 
49.013772 12.909990 -9.480592 
49.591200 12.283190 -8.957430 
49.805811 13.250131 -8.819713 
50.057108 14.148152 -9.180836 
50.390299 14.265019 -8.245247 
51.308541 13.989830 -8.530033 
51.584509 13.417756 -9.302414 
52.156613 13.466341 -10.121155 
52.571601 12.740250 -10.669405 
52.303982 13.459597 -11.310435 
51.492066 13.106328 -10.845684 
50.852110 13.174224 -10.080278 
50.054915 13.634584 -10.470853 
50.307687 14.347959 -11.124461 
50.200256 14.590486 -10.160283 
51.001886 14.993043 -9.718313 
68.449126 0.921117 -29.244773 
69.240443 0.849235 -28.637607 
69.459421 0.999751 -29.601657 
69.209903 1.241707 -30.539313 
69.278302 0.755020 -31.410207 
69.165163 -0.230390 -31.537361 
69.674347 -0.919004 -32.053637 
70.290153 -0.700583 -31.296620 
71.190558 -1.117502 -31.172325 
71.211380 -0.795026 -32.118674 
71.943761 -0.693691 -32.791986 
71.915657 0.285427 -32.993324 
72.708002 0.476236 -33.572791 
73.094946 0.503705 -32.651097 
73.882998 1.117817 -32.608203 
74.485944 1.467248 -31.891018 
75.357372 1.832489 -31.563585 
75.821834 0.949381 -31.497271 
76.379678 0.940938 -32.327173 
76.090486 0.969412 -33.284020 
76.482785 1.575140 -33.976260 
77.162062 1.982504 -33.365819 
77.259098 1.024573 -33.635917 
77.999555 0.374563 -33.806828 
77.123030 -0.027351 -33.541931 
77.631602 -0.735838 -34.031218 
76.753289 -1.103909 -34.336322 
75.991518 -1.394015 -34.915583 
76.082991 -0.407512 -35.051398 
76.156221 0.155006 -35.874933 
75.516328 -0.178854 -36.567085 
75.936747 -0.074733 -37.468421 
75.652676 -0.199825 -38.419029 
75.020300 0.524280 -38.694296 
74.595749 -0.319825 -39.021776 
74.959247 -1.105923 -39.521695 
73.981920 -1.072391 -39.730755 
73.202347 -1.596617 -39.388041 
72.454785 -1.634555 -38.724933 
72.725047 -1.243313 -37.845224 
73.277124 -0.673774 -38.454186 
72.423927 -0.254947 -38.143319 
72.677760 -0.053061 -37.197374 
71.751640 0.076880 -36.843233 
71.044014 -0.217343 -37.485650 
70.359935 0.472687 -37.722069 
70.186125 1.250981 -37.118703 
70.472271 2.110940 -36.696104 
70.716153 1.387444 -36.050290 
70.141300 0.740785 -35.548916 
70.254496 -0.180180 -35.921758 
69.472297 -0.335607 -36.525087 
69.019931 0.556164 -36.514547 
68.405255 0.725198 -37.285001 
68.510325 0.606711 -38.272382 
68.362410 1.131288 -39.110797 
68.211788 1.530595 -40.015157 
67.565218 2.262453 -40.230402 
66.679220 2.653356 -39.980996 
66.062062 1.868411 -39.926433 
66.273332 1.150881 -39.262719 
66.911500 0.760634 -39.926382 
66.343039 0.807580 -40.747751 
67.018952 0.403679 -41.364197 
66.563944 1.200597 -41.761550 
65.888445 1.155898 -42.497555 
65.367488 1.557873 -41.744547 
64.904749 2.025650 -42.497580 
64.101856 1.543218 -42.847755 
63.208924 1.934445 -43.070494 
62.694018 2.791676 -43.065377 
61.913054 2.455150 -43.591538 
61.448468 2.563042 -42.712607 
61.051267 3.097137 -41.966300 
61.288881 3.799292 -42.637506 
61.216063 3.686115 -43.628409 
60.966488 4.481403 -44.180884 
60.005054 4.755909 -44.163800 
60.169392 4.991433 -45.121673 
60.248522 4.022288 -44.888227 
21.831526 -11.464843 -74.389673 
22.567160 -12.054656 -74.722785 
22.103929 -12.936914 -74.638889 
22.119007 -13.137175 -75.618515 
21.507426 -13.906364 -75.433265 
21.016177 -14.750777 -75.646902 
20.571760 -13.871789 -75.819739 
19.615115 -13.644411 -76.001759 
19.845087 -14.215383 -76.789860 
20.697191 -14.559612 -77.184100 
20.536489 -14.797714 -78.141953 
20.905264 -15.671779 -78.458205 
20.570574 -16.125377 -77.632232 
19.686316 -16.577020 -77.513457 
19.771831 -15.828032 -76.856415 
20.411353 -16.536158 -76.557133 
20.204720 -17.299864 -75.945531 
20.653632 -18.155832 -75.689022 
21.377593 -17.525742 -75.408189 
21.832393 -17.786111 -74.556505 
22.076677 -16.923928 -75.000315 
22.421231 -16.036108 -75.305367 
22.103181 -15.280342 -75.877786 
22.920044 -14.840486 -76.250963 
23.806971 -15.292122 -76.154085 
23.721616 -14.397508 -75.715473 
24.159781 -13.714739 -75.130805 
24.713092 -12.884371 -75.064955 
24.011793 -12.789060 -75.771423 
24.539784 -11.942350 -75.705782 
24.087930 -11.057660 -75.591105 
24.950700 -10.701738 -75.950199 
24.475928 -10.777108 -76.827075 
23.678069 -11.333590 -77.058911 
23.385353 -12.238506 -77.367853 
23.942793 -11.954182 -78.147865 
24.524968 -11.176957 -78.386600 
24.794735 -11.822268 -79.101303 
23.890821 -11.755001 -79.523695 
24.382833 -12.006722 -80.357098 
24.226740 -11.970729 -81.344185 
24.537168 -11.074518 -81.661110 
25.230384 -10.985453 -80.945905 
25.377292 -10.957307 -79.957155 
24.668346 -10.252929 -79.921844 
24.928811 -9.310183 -80.130141 
24.152105 -8.853740 -79.696105 
24.545701 -8.887070 -78.777426 
23.861323 -9.568808 -79.036000 
23.098109 -9.890206 -79.596541 
22.950566 -9.080816 -79.028106 
21.968021 -9.064925 -79.213453 
22.142782 -10.046582 -79.289664 
22.538022 -10.176268 -78.380286 
22.042835 -10.987366 -78.068981 
22.189940 -11.720905 -77.405444 
22.160515 -11.595456 -76.413781 
21.407024 -11.040355 -76.766077 
21.509304 -10.466519 -75.953518 
20.553949 -10.274399 -75.729049 
20.700954 -10.791931 -74.886108 
19.977563 -11.181372 -75.456231 
19.513223 -11.193622 -74.570658 
20.015077 -11.892963 -74.061673 
19.676587 -12.190018 -73.168822 
18.800428 -12.015828 -72.719375 
19.130529 -12.750815 -72.127069 
19.642569 -13.404021 -71.569272 
20.308805 -12.919742 -72.136373 
19.882382 -13.441937 -72.874936 
20.289252 -13.327203 -73.781188 
19.529007 -13.912598 -74.062860 
19.393140 -13.280466 -74.825717 
18.949421 -12.590896 -75.398085 
18.309110 -11.823263 -75.370851 
17.768279 -11.004155 -75.562069 
17.444486 -10.085779 -75.789541 
17.906928 -9.740753 -74.972776 
32.906526 -51.577083 -22.058173 
33.216008 -51.361300 -22.984271 
32.286172 -51.706728 -22.857448 
31.414547 -52.175187 -22.713172 
31.633040 -51.683184 -21.870442 
31.825656 -51.206701 -21.012617 
32.726434 -51.419925 -20.634287 
33.401012 -50.836058 -21.086000 
32.883160 -50.452052 -20.321560 
32.833750 -49.658298 -19.715331 
33.054210 -50.215691 -18.914888 
32.953000 -49.516210 -18.207440 
32.278717 -50.254194 -18.234324 
32.000313 -50.256271 -19.194785 
31.244751 -49.602134 -19.159698 
31.415892 -49.842337 -20.115215 
30.484197 -49.538090 -19.916776 
29.832661 -49.498912 -20.674381 
29.029351 -49.271414 -21.224779 
28.474234 -48.439685 -21.233298 
27.665720 -48.531424 -20.652016 
28.294539 -48.616340 -19.879115 
27.943248 -47.786346 -19.445867 
27.729151 -47.092558 -18.758247 
27.580176 -46.314732 -19.368815 
26.828956 -46.624894 -18.786177 
27.475258 -46.166535 -18.176095 
27.971382 -45.498108 -17.621960 
28.628661 -45.390806 -18.367930 
29.387812 -45.542742 -19.000864 
29.769307 -44.998762 -19.748224 
30.502087 -45.671928 -19.847626 
31.316840 -45.136143 -20.069234 
31.703324 -44.247916 -20.317595 
31.561036 -43.987468 -19.362649 
31.468626 -43.195900 -19.966703 
30.624886 -43.136821 -19.433213 
31.500292 -42.959826 -18.983394 
32.469697 -43.202625 -18.947306 
32.568557 -42.423716 -19.566602 
32.865471 -41.468818 -19.569794 
33.259542 -41.367448 -20.483266 
32.526442 -41.770003 -21.031457 
32.024878 -42.455120 -21.559707 
31.384910 -41.779063 -21.194485 
30.492800 -41.743667 -20.744056 
30.887345 -40.899192 -21.106267 
30.843470 -40.026878 -20.619294 
30.395812 -39.625030 -21.418118 
29.506578 -39.670683 -21.873286 
28.550498 -39.377874 -21.886504 
28.267813 -39.058851 -20.981897 
27.737374 -38.781268 -21.782885 
27.386990 -37.991908 -22.287008 
26.527891 -37.502257 -22.138036 
25.864945 -36.762448 -22.252859 
25.883649 -36.321465 -23.150180 
26.630595 -36.053553 -23.758697 
27.610388 -35.935535 -23.920186 
28.308787 -35.498775 -23.353195 
28.419746 -34.623689 -22.882119 
28.130428 -34.140678 -23.708554 
27.691125 -34.845259 -24.265851 
27.830064 -35.643739 -24.851620 
27.978217 -35.400777 -25.810275 
28.611530 -34.960053 -26.446418 
28.818927 -35.936604 -26.388668 
29.561517 -36.015180 -25.723547 
29.507881 -36.008853 -24.725006 
30.321996 -36.583467 -24.641122 
31.238151 -36.787599 -24.296173 
31.288232 -37.647668 -23.788459 
32.194510 -37.789992 -24.186459 
33.124592 -37.458808 -24.345408 
33.634391 -38.196289 -24.788383 
33.657383 -37.360782 -25.337381 
53.384326 13.656717 55.650027 
52.828924 14.449010 55.397440 
52.272373 15.019897 54.793836 
51.862652 15.832866 55.207613 
51.208755 15.116203 54.965097 
50.664752 14.290817 55.116089 
50.151721 13.994904 55.921840 
49.559414 13.935162 56.725334 
49.975559 14.481840 57.451946 
50.481624 15.184454 57.952178 
50.324988 15.978001 58.540183 
50.808537 16.487665 59.251816 
50.809934 17.176506 59.976728 
50.895336 18.171584 60.026989 
51.082476 18.530794 60.941290 
51.369104 18.101748 61.797890 
51.515500 18.072258 62.786677 
52.033024 18.922486 62.690336 
52.021311 19.858935 62.339727 
52.557540 20.700422 62.405741 
52.572190 21.494663 61.798314 
52.093441 21.115245 61.006581 
51.456042 21.756544 61.433731 
50.827809 20.978661 61.418901 
50.129546 20.537185 60.855403 
49.842624 19.648108 60.498728 
49.555492 18.690261 60.507893 
50.133418 17.929220 60.802544 
49.522588 17.183586 60.536245 
49.061490 16.778537 59.746736 
48.169560 17.180392 59.539433 
47.560957 16.973337 60.305417 
46.864663 16.536100 59.736207 
46.363750 16.251442 58.918860 
46.641022 17.046133 58.378871 
47.081601 16.466463 57.693399 
47.033107 15.578221 57.236589 
47.289211 15.955673 56.346679 
47.921943 16.558091 56.833241 
48.442073 17.183850 57.414525 
49.335854 16.951530 57.798168 
50.331086 16.950453 57.895703 
50.022072 16.218457 57.288502 
49.527345 16.867435 56.710511 
50.517220 16.967442 56.811244 
51.128335 16.368871 57.329175 
51.576142 16.952861 58.006245 
52.539296 16.683911 58.005343 
52.558121 17.181294 58.872669 
53.496737 17.127949 59.213485 
53.281950 16.255908 59.653270 
52.414582 15.876829 59.975716 
52.215562 15.041946 60.488903 
52.931417 15.652473 60.827738 
53.905045 15.880611 60.827981 
53.967431 14.901365 61.020818 
54.686838 14.227703 61.190032 
54.806793 14.566562 62.123190 
54.241821 13.928259 62.646044 
55.029170 13.631296 63.186317 
55.650805 12.942362 62.813570 
56.303936 12.456667 63.394536 
55.811488 11.854284 64.022732 
55.038736 11.457331 64.517991 
54.816227 11.612583 65.480481 
54.845351 11.876264 66.444651 
54.203690 11.119545 66.569744 
53.923103 10.957740 67.515836 
42.644526 -20.205803 20.731227 
41.784185 -20.489158 20.307525 
41.666080 -19.565186 20.671294 
41.969566 -18.739367 20.195986 
41.845190 -18.488882 19.235889 
41.177647 -18.126300 18.585565 
41.424740 -17.162281 18.683612 
42.025836 -16.562174 19.211394 
42.782702 -16.305482 19.812447 
41.852043 -16.202209 20.163459 
40.948740 -15.962006 19.808008 
40.835156 -16.082321 18.821791 
39.869859 -16.009227 19.072506 
39.828347 -16.578278 19.893760 
40.052808 -17.543225 19.757764 
39.348829 -18.040560 19.250742 
39.063675 -17.990080 18.293591 
38.462922 -18.782733 18.189676 
37.749644 -19.368790 18.574087 
38.648506 -19.687015 18.875386 
39.596697 -19.938688 19.069276 
39.501656 -20.302136 19.996029 
39.264660 -21.114314 19.462925 
38.319957 -21.031191 19.780141 
38.058628 -20.675342 18.882879 
37.884090 -21.236636 18.073876 
37.749115 -22.207799 17.877348 
38.214914 -22.783505 17.205341 
38.173085 -21.832578 16.898765 
39.125281 -21.944691 17.182939 
39.899300 -21.982457 17.814973 
39.007516 -21.851212 18.247980 
38.961641 -20.854495 18.314689 
39.114413 -20.066700 17.717998 
39.440960 -19.172062 18.022940 
40.151415 -19.875339 17.997367 
39.924583 -20.580245 17.325314 
40.827487 -20.864065 17.648131 
40.659576 -20.976785 18.627467 
40.168519 -21.586884 19.249273 
40.424230 -21.144177 20.108704 
40.573202 -21.845573 20.805735 
41.003997 -22.496367 20.180528 
41.419814 -23.077822 20.879818 
41.837229 -23.769653 21.468999 
42.650195 -23.716446 20.889123 
42.962051 -22.789587 21.098113 
42.391442 -22.334718 21.781852 
42.728339 -22.959197 22.486499 
42.585085 -22.816817 23.465889 
41.587111 -22.768337 23.507106 
41.305190 -22.464788 22.596953 
40.480669 -22.812081 23.043667 
39.832728 -23.555207 22.876528 
40.085380 -24.158335 22.119954 
39.899604 -24.261982 21.142844 
39.376012 -23.593575 21.671127 
38.955489 -23.090768 22.426339 
39.463120 -22.391291 22.929373 
40.181516 -21.697024 22.972963 
39.689891 -20.917356 23.360806 
39.609763 -21.667990 24.016648 
38.701151 -21.850344 23.640922 
37.713017 -21.740448 23.533620 
37.705764 -22.203771 24.419780 
-23.715274 38.798317 52.778527 
-22.824306 38.349639 52.708785 
-22.000286 38.303163 52.144133 
-22.231532 38.642840 51.232461 
-21.295606 38.670727 50.881370 
-20.357198 38.326160 50.855595 
-20.005017 39.140559 50.394376 
-19.206444 38.841106 50.916496 
-19.458365 37.991159 51.379233 
-19.615533 37.735877 50.425226 
-18.640058 37.598025 50.596824 
-18.981177 37.063966 49.823249 
-18.786032 37.820749 49.199393 
-18.239324 36.989560 49.098230 
-18.369764 36.060597 48.751800 
-18.997776 35.339168 48.460012 
-19.033823 34.793565 47.622743 
-18.759336 33.844144 47.470240 
-18.168662 33.478703 48.189654 
-18.919909 32.867973 48.439927 
-19.643474 32.428589 48.972276 
-20.507615 32.191559 49.416210 
-20.765935 31.470381 48.773426 
-21.326372 31.020056 49.468493 
-21.495793 30.404697 50.238317 
-20.586609 29.990142 50.277419 
-19.975112 30.775288 50.179353 
-19.246349 30.904557 49.506899 
-18.714774 31.716708 49.747395 
-18.948707 32.652888 50.009772 
-19.586355 32.731322 50.776096 
-19.554924 33.537426 50.185157 
-20.183038 33.975672 50.828130 
-19.534816 34.137579 51.572169 
-19.850437 35.073832 51.726486 
-19.797343 36.034333 51.453323 
-18.806747 35.911548 51.513688 
-18.130977 36.390937 52.073618 
-17.765138 35.615751 52.588641 
-18.464633 35.864477 53.258598 
-18.595727 36.855324 53.226405 
-18.889491 37.665052 53.734386 
-19.810244 37.488593 54.082345 
-20.053507 37.922034 53.214617 
-19.578941 38.705784 52.813965 
-19.134445 39.526825 53.172177 
-20.012981 39.860359 53.514125 
-20.985427 39.823971 53.283853 
-21.508615 39.176201 53.837629 
-22.062735 38.379179 53.597410 
-22.495212 38.991512 54.259234 
-21.772344 38.445552 54.682779 
-21.564558 39.146176 55.365386 
-20.623669 39.432391 55.184258 
-19.723234 39.635529 54.799613 
-18.798871 39.989555 54.657422 
-18.184723 39.306037 54.262928 
-18.324608 38.962851 53.334135 
-18.163867 39.942291 53.212243 
-18.475699 40.037453 52.266883 
-17.877184 40.592639 51.689346 
-17.256890 40.500960 50.910353 
-16.859034 41.021309 50.154743 
-16.556996 41.908403 49.805692 
-17.076077 42.088503 50.641227 
-16.518603 41.888147 51.446882 
-16.131965 42.664883 50.949696 
-16.504972 43.592561 50.933006 
-16.267644 44.563838 50.950238 
5.642926 33.682117 17.999627 
5.637988 34.416273 17.320665 
5.280887 33.918784 16.530105 
4.771056 34.566526 15.963976 
5.014027 35.416492 15.496512 
5.311042 35.348505 14.544063 
6.301165 35.282375 14.667688 
6.504168 35.622115 13.749338 
5.628682 35.629963 13.266158 
5.112750 35.628637 12.409529 
5.730625 34.848969 12.511256 
6.722565 34.726169 12.542468 
6.881070 33.945331 13.146759 
7.666995 34.319682 13.638880 
7.430195 34.941936 14.385021 
7.232083 34.444646 15.229683 
7.650670 35.345049 15.348260 
8.489363 34.875175 15.072920 
9.444771 34.583056 15.029760 
9.146042 35.194218 14.296792 
10.045394 34.990730 13.909804 
10.530767 35.857907 14.021238 
11.345527 35.285378 13.929712 
11.488239 34.344122 13.623655 
10.782734 34.006865 14.246969 
10.258395 33.820314 13.416146 
9.967307 32.881059 13.597995 
9.699581 32.412644 14.439963 
9.535113 32.309000 15.420885 
9.993724 33.131208 15.758005 
9.582211 32.563498 16.471000 
9.181330 31.962474 17.162423 
10.088414 31.579393 17.336916 
10.082283 31.152824 18.241349 
10.757708 30.455826 18.482170 
11.186340 31.325807 18.725907 
10.813685 31.098741 19.625667 
11.763853 30.929964 19.887764 
11.843945 31.773607 20.418659 
11.417116 31.415236 21.248953 
11.972136 31.697087 22.031584 
12.249268 32.484768 21.481351 
11.918892 32.766560 20.580548 
12.873570 33.002748 20.399424 
13.751132 32.985449 20.878574 
13.790359 32.228238 20.226583 
13.940174 31.812542 21.123663 
13.741034 30.947518 21.584181 
13.501647 30.637274 20.664158 
14.323491 30.275836 21.104537 
14.374304 29.604678 20.364966 
14.791395 30.383787 19.896964 
15.677074 30.803048 20.096445 
16.047417 31.696476 19.842218 
15.785185 32.231249 19.038942 
15.058861 32.372087 18.366174 
14.868666 32.996491 17.608582 
14.837581 33.359839 16.677447 
15.653878 33.899850 16.472393 
16.520158 33.465082 16.718436 
16.765760 33.278658 15.767160 
17.293574 34.075220 15.472370 
17.903488 34.368115 16.208725 
18.426854 33.638185 16.648373 
-51.691474 -26.428723 -21.464573 
-51.904629 -26.097786 -22.383836 
-52.877498 -26.027988 -22.604410 
-52.905059 -25.472513 -23.435486 
-52.011180 -25.092938 -23.674029 
-52.456708 -25.177586 -24.565286 
-52.195526 -25.815152 -25.290058 
-52.628625 -26.630960 -25.673311 
-52.492962 -27.128949 -26.529817 
-52.007710 -27.885303 -26.091117 
-51.620501 -27.603687 -26.969047 
-51.601630 -28.524687 -27.358152 
-52.189450 -27.879257 -27.845889 
-52.246039 -26.942448 -28.191123 
-51.649843 -26.762173 -28.973460 
-51.359850 -26.235726 -29.772683 
-52.002707 -26.036895 -30.512414 
-51.864332 -25.049398 -30.587923 
-51.144345 -24.913025 -29.907465 
-50.804458 -23.972559 -29.906808 
-51.428261 -24.196240 -29.157918 
-52.072990 -23.441268 -29.038155 
-52.488078 -22.533030 -29.091122 
-52.602705 -22.029087 -29.947219 
-53.238977 -22.747724 -30.227788 
-52.815551 -23.619504 -29.981394 
-53.746155 -23.984707 -30.005972 
-54.581291 -23.813047 -30.528542 
-54.801073 -24.721752 -30.883438 
-54.744314 -24.647932 -29.887783 
-55.629673 -24.692340 -29.425002 
-55.301486 -25.229397 -28.647916 
-54.565737 -25.739511 -29.093400 
-54.495098 -26.688251 -28.785336 
-55.091965 -26.139896 -28.199626 
-55.145650 -25.862960 -27.240238 
-55.227977 -25.844146 -26.243811 
-54.301686 -26.208309 -26.147008 
-54.904542 -26.954591 -25.864821 
-54.586274 -27.765304 -25.373446 
-55.000024 -28.589070 -25.761030 
-55.460041 -28.382332 -24.897524 
-56.234577 -28.028233 -24.373399 
-56.719573 -27.258161 -23.958948 
-57.005867 -27.815081 -23.179285 
-56.676280 -26.984331 -22.730701 
-55.967975 -27.225339 -22.067211 
-55.476169 -26.646177 -22.717364 
-55.336524 -25.655994 -22.711332 
-54.837067 -24.959930 -23.227120 
-54.642823 -24.120689 -23.735002 
-54.124662 -24.277304 -24.575824 
-54.335656 -25.248972 -24.469317 
-54.461617 -25.295055 -25.460281 
-55.450913 -25.189005 -25.360048 
-55.451228 -24.322358 -24.861126 
-55.657304 -23.344075 -24.883352 
-55.018150 -22.980524 -24.205626 
-55.257415 -22.301031 -23.512054 
-56.206483 -22.610270 -23.572396 
-56.781396 -22.526914 -22.758439 
-56.346014 -23.304132 -22.304155 
-56.867641 -24.087236 -22.642761 
-21.607774 29.748917 -11.318473 
-21.443247 28.836208 -11.692495 
-22.028260 28.104517 -11.342653 
-22.100520 27.593158 -12.198977 
-21.120471 27.461642 -12.347995 
-20.908156 27.453688 -11.370826 
-20.268414 27.377671 -10.606004 
-19.470125 27.407761 -10.004483 
-18.759315 26.926333 -9.491670 
-18.205885 26.093477 -9.499769 
-18.437562 26.331912 -8.556650 
-18.514752 26.670484 -7.618881 
-19.228920 26.005186 -7.836464 
-19.154234 25.028463 -7.635382 
-18.744069 24.290788 -7.099097 
-19.689678 23.966878 -7.068994 
-19.093561 23.168434 -7.153445 
-19.537749 22.397080 -6.697693 
-19.865438 21.454296 -6.759153 
-19.593343 21.127395 -5.854112 
-19.186700 20.558686 -6.569103 
-18.188405 20.607356 -6.601321 
-17.748747 20.038064 -5.906622 
-17.823315 19.181550 -6.417330 
-17.298881 18.741424 -5.688456 
-16.640417 19.293678 -5.177143 
-15.831953 18.979901 -4.679218 
-15.231456 18.261732 -5.030837 
-14.647692 17.473333 -4.836809 
-14.464974 17.787729 -5.768350 
-13.620123 17.597677 -5.268243 
-13.400296 16.631025 -5.399621 
-13.356216 15.806612 -5.963890 
-13.354058 16.544427 -6.638889 
-13.815522 15.694159 -6.892058 
-13.413214 16.233206 -7.632042 
-12.488598 15.952576 -7.889592 
-12.804489 15.009437 -7.993042 
-13.177985 14.715232 -8.872783 
-13.376814 14.132143 -9.660485 
-13.864251 14.195076 -10.531372 
-13.534945 15.101966 -10.794255 
-12.949361 15.896633 -10.634268 
-12.253118 16.604646 -10.752437 
-11.772358 15.727855 -10.762828 
-12.294394 14.964869 -11.144050 
-13.063801 14.399493 -11.441308 
-13.987471 14.139479 -11.722780 
-14.937426 14.447075 -11.777291 
-14.657027 14.278045 -12.722174 
-15.014089 15.196416 -12.892765 
-14.742556 15.517924 -11.985625 
-15.318125 15.711457 -11.191103 
-15.264138 14.975989 -10.515698 
-16.179354 14.573947 -10.542918 
-15.896795 13.960426 -9.805522 
-16.006443 13.380749 -8.998087 
-15.520345 13.447836 -8.126761 
-15.988327 13.597492 -7.255787 
-16.306174 12.804346 -6.736274 
-16.857585 11.970426 -6.759131 
-17.521522 12.155307 -7.483704 
-17.920964 12.615972 -8.276316 
-7.453874 -18.167483 67.491927 
-6.518085 -18.435578 67.262963 
-6.589950 -19.415242 67.075628 
-6.527391 -20.076763 67.822941 
-6.828836 -20.814515 67.218910 
-7.704717 -20.451535 66.900981 
-8.200627 -20.216934 66.064898 
-8.550033 -20.238129 65.128166 
-7.948279 -21.016521 65.307051 
-7.724843 -21.990569 65.343184 
-7.115180 -22.759548 65.150876 
-7.836422 -23.361658 65.493330 
-8.282473 -22.755203 64.835111 
-8.896934 -22.801333 64.047514 
-9.645786 -23.127704 64.624318 
-10.318619 -23.331823 65.335395 
-11.228745 -23.732441 65.229674 
-10.799789 -24.453621 65.773638 
-11.018104 -25.348430 66.163069 
-10.603715 -25.870367 65.417507 
-10.746368 -25.493065 64.502469 
-11.722447 -25.374663 64.320123 
-11.395457 -25.348543 63.375456 
-10.592959 -25.327264 62.779182 
-11.185078 -26.131596 62.729740 
-10.923146 -27.086411 62.870167 
-10.434716 -27.702786 62.252496 
-10.171642 -28.567974 62.679394 
-10.855614 -29.226917 62.366385 
-9.959233 -29.669670 62.388089 
-10.245214 -30.589307 62.118863 
-10.580035 -31.028383 62.952594 
-10.641102 -31.660764 63.724841 
-10.017429 -32.242722 63.202962 
-9.237777 -31.680158 63.478033 
-8.472298 -31.419783 64.066460 
-8.408277 -32.367673 63.754358 
-8.131573 -33.289248 64.026633 
-8.559698 -33.148537 63.133935 
-7.820004 -33.732564 62.799624 
-8.197410 -33.165846 62.067235 
-8.418863 -33.687326 61.243209 
-9.356708 -34.026613 61.316215 
-9.269358 -34.993390 61.556448 
-8.841449 -35.879054 61.376186 
-8.971138 -36.116623 60.413512 
-8.073665 -36.242404 59.990757 
-7.299334 -36.810800 59.712660 
-7.258525 -37.748302 59.367082 
-7.348804 -38.041320 60.318917 
-7.525026 -38.932172 60.737639 
-8.100410 -39.716046 60.504239 
-8.054568 -40.147777 59.603402 
-8.888771 -39.622291 59.436165 
-8.807234 -38.934360 58.714984 
-9.414363 -38.805125 57.930961 
-9.657136 -39.514321 57.269067 
-10.410204 -39.771379 57.874715 
-10.192463 -40.697998 57.568177 
-10.535193 -41.354515 56.896224 
-9.724167 -40.952062 56.471644 
-8.947608 -40.348069 56.292344 
-9.289622 -40.219412 55.361499 
-8.859249 -40.917434 54.789184 
-8.140315 -41.326007 55.351503 
-8.321197 -41.832486 54.508437 
-54.505074 -2.993483 -59.740973 
-54.342498 -3.267348 -60.688900 
-55.089525 -3.931928 -60.672054 
-54.783457 -4.874574 -60.805254 
-55.080758 -5.015791 -59.860971 
-55.869615 -5.612864 -59.715343 
-56.350622 -4.764323 -59.494866 
-57.092478 -4.387998 -58.939863 
-56.188920 -4.258606 -58.531402 
-56.499083 -4.758540 -57.722782 
-57.080726 -4.033264 -57.354453 
-56.418986 -3.403013 -57.760512 
-57.263174 -2.933741 -57.501416 
-58.241510 -2.738145 -57.569238 
-59.054283 -2.385640 -57.105406 
-59.854546 -1.796540 -56.993422 
-60.732183 -2.066359 -56.597252 
-61.217095 -2.940710 -56.577993 
-61.658663 -3.586423 -55.955039 
-62.003605 -2.732846 -55.564629 
-62.670938 -2.117987 -55.144372 
-63.460263 -2.669520 -55.414142 
-63.919313 -2.558159 -56.295546 
-64.340984 -3.321652 -55.806392 
-63.893561 -3.680295 -54.987132 
-64.466169 -3.087853 -54.420446 
-64.917283 -2.240115 -54.699437 
-64.002930 -1.981129 -54.388174 
-64.659459 -1.243573 -54.230117 
-64.102347 -0.932192 -54.999966 
-65.026102 -1.260247 -55.197594 
-65.992315 -1.015298 -55.117404 
-66.047270 -0.767046 -56.084539 
-65.450010 -0.614476 -56.871942 
-64.499338 -0.802275 -57.118832 
-64.182479 -0.303690 -56.311977 
-64.060109 0.514390 -55.750043 
-64.906225 0.870489 -56.146629 
-65.775951 0.769711 -56.629766 
-66.476393 1.483420 -56.630051 
-67.463505 1.534929 -56.781564 
-67.126026 0.595707 -56.718548 
-66.927065 0.285446 -55.788950 
-67.374515 -0.350026 -55.159694 
-68.347879 -0.491200 -55.340337 
-69.273915 -0.836646 -55.492403 
-69.116517 -1.530657 -56.194952 
-70.013242 -1.973239 -56.192802 
-70.717961 -2.505916 -55.724159 
-70.987779 -3.320972 -56.236879 
-70.387937 -4.080853 -56.487422 
-69.831848 -4.576723 -57.154414 
-69.236495 -4.783513 -56.378017 
-68.254618 -4.788822 -56.188573 
-68.084308 -4.176006 -56.960228 
-1.902074 23.829917 -54.200173 
-2.132471 22.981098 -53.724332 
-2.538349 23.017943 -54.637517 
-2.995649 22.177261 -54.347464 
-3.353668 21.621972 -55.098114 
-2.901659 21.658612 -55.989375 
-3.192007 22.591913 -55.778074 
-3.917548 22.069604 -56.226162 
-4.866477 22.223189 -55.950579 
-5.424310 21.458562 -55.627826 
-5.766909 22.384477 -55.468744 
-5.606354 23.303821 -55.827950 
-5.590383 24.287925 -56.004824 
-5.875913 24.493125 -56.940969 
-5.418484 24.616549 -57.821608 
-6.258576 25.141180 -57.683742 
-6.064274 26.072398 -57.992091 
-5.222178 25.624423 -57.691771 
-4.762750 26.217961 -58.352558 
-5.548432 26.361498 -58.954307 
-6.305741 26.171753 -59.579190 
-7.036054 26.349312 -58.919557 
-6.587679 27.238143 -59.014101 
-5.970830 27.938785 -58.655495 
-6.241395 28.043114 -57.698463 
-6.109198 28.314819 -56.745206 
-5.193095 28.601851 -56.465262 
-5.304946 28.842386 -55.501087 
-5.549922 29.773345 -55.230345 
-5.445662 30.225143 -56.116352 
-4.530057 30.239163 -55.714519 
-3.953146 30.073203 -54.914749 
-3.068030 29.724632 -55.223079 
-3.027225 28.801693 -54.840301 
-3.612194 28.249480 -54.246271 
-3.208219 27.352745 -54.427022 
-3.535025 26.801162 -53.659588 
-2.838847 26.425786 -53.047682 
-3.218189 27.002950 -52.324508 
-4.052510 26.714508 -51.854710 
-4.808419 26.670772 -52.507925 
-5.429067 27.394601 -52.809367 
-4.956425 28.242693 -52.569888 
-4.233670 28.173779 -53.257548 
-4.554243 28.724257 -54.028397 
-4.846531 27.767945 -54.022377 
-5.602826 27.187645 -54.324486 
-6.589122 27.155933 -54.486392 
-6.284013 26.220412 -54.308324 
-6.123151 25.246214 -54.466634 
-6.413405 25.311422 -53.511908 
-7.361444 25.412068 -53.210093 
13.758046 -25.967883 -22.228673 
14.222309 -26.295416 -23.051584 
14.962490 -26.630455 -22.468592 
15.511811 -27.135867 -21.803156 
16.261705 -27.563438 -21.298337 
15.435526 -27.507481 -20.737716 
14.762660 -28.222137 -20.546621 
15.515812 -28.750301 -20.938801 
16.249369 -28.812199 -21.615604 
15.932271 -28.352405 -22.445084 
15.602839 -28.620447 -23.350417 
15.646394 -29.345266 -24.037978 
14.762176 -29.683697 -24.359882 
14.007607 -29.981553 -23.775153 
14.541745 -30.826760 -23.757251 
14.395832 -30.613227 -22.791273 
14.338622 -31.610830 -22.752361 
13.498949 -32.000292 -23.130870 
12.567500 -31.636502 -23.138607 
11.640201 -31.262193 -23.141700 
11.912523 -31.282248 -22.179703 
11.563298 -30.920527 -21.315296 
12.539931 -30.724639 -21.226896 
12.268767 -31.172392 -20.374846 
12.815593 -32.009497 -20.390201 
13.103509 -32.963805 -20.310187 
13.819047 -33.157254 -19.638932 
13.124452 -32.761206 -19.038363 
12.702003 -32.331771 -18.240163 
11.798131 -32.510337 -18.628917 
11.008668 -32.048123 -19.032780 
11.659819 -31.289730 -19.061808 
12.065833 -30.404554 -19.288999 
12.613294 -29.979658 -20.009936 
11.649600 -29.716492 -19.964799 
10.868447 -30.183925 -19.550906 
10.629706 -30.820723 -20.284044 
10.212021 -30.388244 -21.083107 
9.475045 -29.842380 -20.684485 
8.586695 -29.388773 -20.613240 
7.650600 -29.655217 -20.383604 
7.765217 -30.052896 -21.293941 
7.182750 -29.743431 -22.045582 
6.414052 -30.208998 -22.484159 
5.661723 -30.823136 -22.245756 
5.739110 -31.464189 -23.009341 
5.204142 -32.046617 -23.621376 
4.499626 -32.335523 -24.269597 
4.563731 -32.856963 -23.418720 
3.846683 -32.172311 -23.287981 
-54.703074 -6.750283 21.798527 
-54.509524 -6.439894 22.729225 
-53.722393 -6.999767 22.470444 
-52.756862 -7.014415 22.730322 
-53.167826 -6.103328 22.698230 
-53.654818 -5.964492 21.835929 
-53.776990 -5.446447 20.989346 
-54.216965 -4.638618 20.597127 
-53.927296 -4.335776 21.505080 
-54.346836 -4.580048 22.379332 
-54.515162 -5.222335 21.631579 
-55.412721 -4.971965 21.994488 
-56.368268 -4.697487 21.886828 
-57.156986 -4.811653 22.490891 
-56.468962 -4.271556 22.975575 
-55.749112 -4.889491 23.291758 
-55.803958 -4.205093 24.018800 
-55.032334 -4.097710 24.645749 
-54.435980 -3.796686 23.901608 
-53.955504 -4.592215 24.270765 
-54.457504 -5.346001 23.846735 
-55.223811 -5.743289 24.351648 
-55.970313 -6.334426 24.046212 
-56.807953 -5.960414 23.648124 
-57.044467 -6.101972 22.686863 
-56.916755 -7.027403 22.330118 
-57.080934 -7.745707 21.654038 
-56.868690 -8.716990 21.761566 
-56.114711 -8.478068 21.149658 
-56.181342 -7.492622 20.993272 
-55.323823 -6.978334 21.006241 
-55.201842 -7.951656 20.811907 
-55.262046 -8.428479 19.934972 
-54.411703 -8.642431 19.454201 
-54.331063 -9.436914 20.056109 
-55.236617 -9.834833 20.203188 
-54.761205 -9.621738 21.056754 
-55.566444 -9.375741 21.596268 
-55.943220 -9.397510 22.522317 
-55.606390 -9.868395 23.337677 
-55.101106 -10.729398 23.279706 
-54.763907 -11.170354 24.111484 
-53.805440 -11.229807 23.832546 
-53.674995 -10.287529 24.140924 
-52.742519 -10.013641 24.376453 
-52.122210 -9.229389 24.389298 
-51.833662 -8.910418 23.486526 
-51.404688 -8.043237 23.233589 
-65.736674 21.202217 68.649927 
-65.850855 21.191850 67.656522 
-66.200688 20.257437 67.589518 
-66.677112 20.509917 68.431702 
-67.078927 19.835945 69.051627 
-66.299038 20.366564 69.383618 
-66.395929 20.773616 70.291870 
-67.149008 21.010932 70.905509 
-66.701299 21.867502 71.162111 
-65.797188 22.115732 71.509911 
-65.521214 21.429829 70.836579 
-64.626176 21.687685 70.472688 
-64.764848 22.676287 70.414070 
-64.313798 23.212219 71.127744 
-63.334424 23.137706 70.939928 
-63.396909 22.349502 70.327694 
-62.784514 21.678891 70.746328 
-62.099408 21.109423 70.292086 
-62.066022 20.742043 69.362615 
-61.453235 21.491371 69.613612 
-62.046125 21.699746 68.835756 
-61.495708 22.447173 68.463743 
-61.218380 21.938816 67.648475 
-60.619342 21.268658 68.086699 
-60.592822 20.304528 68.350800 
-60.662371 19.648327 69.102175 
-60.138020 19.014794 68.533235 
-60.519631 18.114178 68.741236 
-60.248418 17.423500 69.411614 
-59.361335 16.989300 69.568311 
-58.733048 16.920680 68.793361 
-58.245539 17.793698 68.806541 
-70.639074 23.907117 6.011527 
-70.944671 24.542168 6.720978 
-70.657743 25.095332 7.503079 
-70.793229 25.779677 8.219539 
-70.567488 26.479948 8.896785 
-71.359623 26.865413 8.423563 
-71.906397 27.568232 7.968498 
-72.332467 28.063137 7.211178 
-72.347663 27.748741 6.262007 
-71.986774 28.271572 5.489733 
-71.670048 28.860704 4.746358 
-71.781670 29.832936 4.540672 
-71.519533 30.458717 5.275303 
-70.686605 30.372399 5.821911 
-69.752374 30.349437 6.177838 
-69.057242 30.843439 5.655579 
-68.107819 31.020403 5.914962 
-67.768020 31.676391 5.241007 
-68.491504 31.452110 4.588115 
-68.217173 32.270208 4.082686 
-68.287448 31.943256 3.140261 
-68.560277 31.197566 2.532388 
-68.826192 32.092121 2.173137 
-69.668133 31.710949 2.555032 
-70.555443 31.298167 2.760679 
-70.332693 30.373397 2.452162 
-71.307205 30.222118 2.286504 
-70.853768 29.687438 2.999605 
-70.064246 29.216534 2.606026 
-70.210614 28.337033 2.153196 
-71.113099 28.671949 2.424031 
-71.259272 29.352910 1.706448 
-70.379306 29.432997 1.238210 
-70.908842 30.279400 1.181701 
-70.757874 29.846320 0.293078 
-71.302034 29.009096 0.347353 
-70.828975 28.257128 0.806438 
-69.997072 27.703512 0.768410 
-70.566366 27.153945 1.379868 
-71.071829 26.335516 1.653147 
-72.014575 26.054000 1.474319 
-71.897427 26.354072 2.421015 
-72.870556 26.538764 2.558525 
-72.739029 26.139686 3.465959 
-72.369783 26.212828 4.392408 
-73.245773 26.413307 4.831101 
-72.825595 26.630429 5.712185 
-73.648785 26.580110 6.277716 
-73.719036 25.754927 5.717237 
-74.558327 25.541672 5.217125 
-74.452542 26.508853 5.448145 
-74.224685 26.712641 4.496015 
-74.130377 26.459221 3.533267 
-74.211331 25.639899 4.100856 
-73.857428 24.821170 3.648709 
-74.617066 24.629600 3.027218 
-74.929635 23.865947 2.462298 
-75.657643 24.223229 1.877187 
-74.719506 24.462894 1.627266 
-74.940006 23.989683 0.774358 
-75.934815 23.973509 0.874822 
-75.908910 24.373412 -0.041369 
-75.004326 24.215920 -0.437506 
-74.673528 25.156926 -0.366227 
-73.687972 25.148419 -0.535364 
-73.256867 24.262871 -0.362297 
-73.771686 23.450751 -0.636929 
-74.035788 23.836429 -1.520955 
-73.297384 23.467434 -2.085405 
-72.819844 22.728999 -2.561503 
-73.259802 21.832610 -2.615564 
-72.361481 21.844991 -2.176399 
-72.745643 21.061670 -1.687698 
-73.147888 20.392941 -2.312999 
-73.611291 19.659485 -2.810291 
-73.126773 18.903208 -2.370647 
-73.948352 18.342307 -2.268678 
-74.616685 18.953494 -2.692685 
-74.311324 18.620335 -3.584739 
-75.280140 18.863607 -3.631805 
-74.958838 19.779265 -3.390279 
-74.366100 20.537560 -3.118891 
-74.323052 21.378875 -3.657718 
-74.261945 22.212433 -3.108676 
-75.229787 22.021700 -2.944660 
-75.649515 22.510324 -3.709562 
-75.076598 22.226865 -4.478598 
-75.945053 22.443738 -4.924413 
-75.689047 22.355026 -5.887009 
-74.929576 22.908787 -6.228407 
Snapshot 5000 42.503834
-1.439289 -2.557984 -2.259839 
0.290997 -1.727313 -1.842037 
0.787228 -1.362923 -2.444375 
0.503416 -1.458977 -3.228089 
0.456792 -0.074483 -2.513037 
1.125639 -0.224061 -2.757910 
0.231719 -0.759495 -3.301586 
-0.110970 -1.147342 -4.329146 
-0.883403 -1.273095 -4.708091 
0.073080 -1.630200 -3.865542 
0.926378 -2.466765 -2.780265 
1.489521 -1.853367 -2.830838 
0.426993 -2.676571 -3.085010 
-0.204905 -2.934213 -2.899865 
-0.827880 -2.746502 -2.746299 
-0.301769 -1.326417 -2.885529 
-0.650347 -0.127944 -3.425754 
-0.869544 -0.289227 -4.153204 
-0.180908 -0.830105 -4.727763 
1.116460 -0.498623 -4.183185 
1.440026 -1.156447 -3.292044 
0.414709 -1.865682 -3.802168 
0.390570 -1.774169 -4.163868 
-0.066864 -2.219424 -3.481594 
-0.957068 -1.820236 -3.127075 
-1.102863 -1.278510 -2.995802 
-1.214115 -0.915479 -3.732606 
-1.205250 -0.005676 -3.939236 
-1.016697 -0.290937 -3.739769 
-0.035851 0.095641 -2.696669 
1.100415 -0.083378 -1.308035 
1.012112 -0.054971 -0.857832 
0.357392 0.831103 -1.059526 
-0.367902 0.862950 -1.663427 
-0.441265 -0.043172 -2.111266 
-0.929691 -0.420491 -2.931506 
0.243921 -0.236828 -3.476871 
0.928194 0.240382 -3.180016 
1.763869 0.947527 -3.775051 
1.712683 1.617187 -2.719985 
1.585752 0.698274 -2.585272 
1.513920 -0.102833 -2.924962 
2.007964 0.805348 -3.400085 
1.569212 1.531630 -3.544315 
0.751076 0.408016 -2.303679 
0.443405 0.500612 -0.741575 
-0.014534 0.201499 -0.650149 
0.760744 0.480675 -1.551630 
1.015090 0.655190 -1.965013 
1.819767 1.879900 -3.510895 
2.126134 2.157319 -2.974268 
2.284436 1.204689 -3.607579 
2.685936 0.109432 -3.681295 
3.490071 -1.288017 -3.471847 
2.936231 -1.498043 -3.490180 
2.819882 -0.372273 -3.629465 
3.638933 -0.683892 -3.376319 
3.338214 -1.626382 -3.400465 
2.469876 -0.670099 -3.521303 
2.319044 -0.808221 -3.513160 
2.636381 -1.305618 -3.463304 
3.295515 -1.450953 -2.948494 
3.837803 -2.304628 -2.004813 
3.929395 -1.776585 -2.417093 
3.880330 -1.729333 -2.728052 
2.271635 -1.811621 -2.555459 
2.232186 -2.105756 -2.348753 
2.486812 -1.810308 -3.010013 
2.229078 -0.423132 -2.917612 
2.358166 -0.935149 -1.716815 
1.299360 -0.052580 -1.865590 
1.093822 -1.306991 -1.769230 
1.914728 -2.644187 -1.803136 
2.991188 -2.937665 -2.403019 
2.647425 -3.265491 -2.452940 
2.021749 -2.974683 -1.868208 
1.514293 -2.195782 -2.060726 
1.363837 -1.497385 -2.219263 
1.583776 -1.220682 -2.059417 
2.327338 -1.738326 -1.818632 
2.818270 -2.163544 -0.368014 
3.449747 -2.959562 -1.311940 
3.897658 -3.435803 -1.651188 
2.415129 -3.593274 -1.679670 
2.861246 -3.740242 -1.631341 
3.905163 -3.482941 -1.568691 
3.311030 -2.841162 -1.713897 
1.848596 -3.469387 -1.176186 
1.099629 -3.048608 -0.979605 
1.957491 -2.632443 -0.815035 
2.401027 -4.249809 -0.312258 
2.932767 -4.135643 0.026114 
3.743952 -3.637766 -0.558398 
3.961206 -2.918815 -1.139983 
2.858646 -2.432302 -0.539620 
2.909172 -2.897308 -1.600599 
3.152220 -3.270291 -0.867651 
3.568625 -3.461893 0.037954 
3.217159 -3.751277 -0.644191 
2.475605 -3.601601 0.186562 
2.910120 -4.236093 0.656901 
2.582494 -4.430420 -0.026410 
1.985635 6.071091 4.146284 
1.189919 4.992357 4.495085 
0.973180 3.883250 4.358421 
-0.287805 3.353587 4.763206 
-0.108300 4.426428 4.420355 
0.242721 4.733913 3.850140 
0.124051 4.297190 3.296325 
0.704470 4.939348 2.183167 
1.586202 5.121316 1.275524 
0.302402 4.730963 1.416069 
-0.407417 4.652341 2.010150 
-0.099368 4.906690 3.014442 
-0.663072 3.785411 3.616736 
-0.586178 3.936305 1.785853 
0.653290 3.371324 1.967741 
1.416104 3.083490 3.049912 
2.773183 2.741513 2.039204 
2.031366 3.265572 1.416299 
1.285846 3.587303 2.401162 
1.697170 3.928461 2.861962 
0.809522 4.068369 3.034539 
0.856006 4.121024 4.059453 
1.312825 3.851160 4.305628 
1.815900 3.581706 4.221246 
1.175767 4.590028 3.428935 
0.220352 4.748715 3.340791 
0.110560 3.927541 4.343017 
1.002613 3.165040 4.420663 
1.080960 2.646006 5.149621 
1.722292 2.284588 4.979000 
1.695702 1.802221 5.272080 
-0.060387 2.037746 5.377241 
-0.603830 2.359371 5.984949 
-1.547657 2.435653 6.220515 
-0.884539 3.007435 5.258655 
-0.421109 3.245591 4.661709 
0.639866 2.520822 4.251788 
0.042850 2.610109 3.866760 
0.512400 1.605552 4.093578 
0.908514 1.294373 5.304283 
0.919870 1.443482 5.886043 
0.447553 2.006428 5.706660 
-0.744376 2.923306 5.568253 
-0.850269 2.040932 5.667159 
-0.804475 1.859875 6.225932 
-0.232332 1.422883 6.220172 
0.255638 0.936764 6.060850 
-0.026583 1.609513 4.927940 
-0.722338 2.143283 4.391053 
-0.878091 2.024790 6.051693 
-1.621221 1.774523 6.810220 
-1.068775 1.343546 6.967849 
-1.099115 0.956398 6.767060 
-1.604972 0.792836 6.259067 
-2.301235 1.007285 5.762156 
-2.603793 0.543150 5.880359 
-2.051141 1.230141 6.386219 
-1.759367 2.270434 6.228525 
-2.145979 2.697991 5.977329 
-1.856745 1.725580 6.505310 
-2.344006 0.885537 6.039883 
-2.032906 0.592667 5.191306 
-1.452099 0.114290 3.480665 
-1.729194 -0.331680 4.549872 
-1.928117 -0.889950 5.457806 
-2.110826 -0.396772 5.026565 
-1.312927 0.705851 5.642854 
-0.842253 1.347886 5.750862 
-0.822627 -0.198125 5.565959 
-1.987279 -0.012890 6.202677 
-1.563667 -0.007098 6.244005 
-1.926998 -0.365408 6.307607 
-2.337580 -0.375557 5.920480 
-2.596429 -1.125997 4.909667 
-3.363082 -1.225899 5.115001 
-3.433229 -0.492923 4.690869 
-3.086206 -0.276992 5.047611 
-3.445745 -0.290267 5.597693 
-2.476733 -0.967409 4.624928 
-1.324148 -0.855920 4.347284 
-1.010972 -1.527340 4.453357 
-1.002569 -1.540284 2.881714 
-1.175753 -1.209472 3.263566 
-1.431256 -1.486161 4.390213 
-1.980232 -1.142390 4.424520 
-3.193063 -0.252623 3.379780 
-3.758504 0.646972 2.853339 
-2.589453 -0.399332 3.323209 
-1.519757 -1.386486 3.790301 
-1.261435 -2.250770 4.197528 
-1.085402 -2.641862 4.729881 
-1.233158 -2.923571 5.480987 
-0.167247 -3.048158 4.923554 
0.482590 -2.934402 4.265113 
0.337997 -1.824981 4.536216 
0.246435 -1.467123 0.866669 
1.220373 -0.185515 -0.094022 
1.162356 -1.310610 -0.327581 
1.626050 -1.623967 -1.386317 
2.452302 -0.442026 -0.806066 
3.108411 0.316464 0.261882 
3.629484 0.659192 1.103820 
3.027243 0.999548 0.402614 
2.454613 1.939842 0.218489 
2.189619 1.018172 0.174096 
1.323235 -0.520023 -0.734348 
1.696520 -0.685242 -1.283701 
1.656548 -1.313501 -0.738738 
2.416228 -0.532351 -0.157011 
2.340998 0.973010 -0.598513 
2.837849 1.524936 -0.896622 
3.147613 0.759363 -0.440770 
3.291338 -0.324574 -0.819848 
2.304458 0.175147 0.160954 
1.835240 0.497575 0.820696 
0.672150 0.941185 1.427864 
-0.785673 0.822478 2.137846 
-1.316451 1.723044 1.828101 
-1.537976 2.738466 0.996030 
-2.005129 2.206502 1.182321 
-1.934826 1.778546 2.161445 
-2.381409 0.907832 2.090936 
-3.408905 0.850865 1.741779 
-4.067738 0.375306 0.946816 
-3.638391 1.120530 1.581920 
-3.619159 2.029731 1.496679 
-2.449977 2.103832 1.622121 
-1.806299 1.432421 1.670914 
-1.458764 0.584635 2.070588 
-1.484466 -0.300985 2.018233 
-2.008148 -1.245821 1.216549 
-2.618534 -1.587915 -0.520407 
-3.295452 -2.455213 -0.865435 
-4.056037 -1.808954 -0.488537 
-4.460755 -0.314317 0.097852 
-4.848153 -0.650727 0.549898 
-3.991615 -1.182023 0.143188 
-2.498306 -1.206202 0.220230 
-1.214699 -0.782253 0.398510 
-0.563824 -0.042035 1.537757 
-0.311031 -0.907454 2.820997 
-0.849268 -1.275408 2.587990 
-1.721781 -0.520123 2.482399 
-1.763501 -0.383129 1.756288 
-1.339833 -1.131512 0.896443 
-0.802671 -1.838776 0.437982 
-1.517082 -2.697911 0.737480 
-1.041097 -3.136658 0.589252 
-1.789123 -2.692060 1.156686 
-1.234999 -3.570452 1.532743 
-1.090365 -4.240067 1.671172 
-0.655055 -3.893544 2.533953 
-0.962568 -4.530819 2.825423 
-1.639277 -4.186293 3.165565 
-0.516227 -4.316114 3.749133 
0.118316 -4.364283 3.022626 
0.075697 -4.785558 1.564471 
0.401686 -5.130355 1.459185 
0.112797 -4.557600 1.705807 
0.431734 -4.785225 1.924699 
-0.689147 -3.981153 1.733590 
-1.127821 -4.610929 1.584299 
-1.308991 -4.579112 2.167449 
-1.908332 -3.892820 2.218749 
-1.506396 -3.248511 2.023807 
-1.572354 -3.308781 2.747037 
-1.315452 -3.162798 3.747550 
-0.370746 -3.969662 3.744836 
0.508647 -4.315176 2.953678 
1.178528 -4.301480 2.588617 
0.362039 -4.523634 2.373431 
-0.709458 -4.198643 3.358724 
-0.638655 -3.960046 3.810544 
0.074027 -3.255526 4.723847 
-0.496257 -3.843031 4.077854 
-0.993031 -3.209466 4.147178 
-0.208789 -3.521383 4.599652 
0.905015 -3.571837 4.084116 
1.347501 -4.625907 4.155887 
2.502771 5.572569 -2.520785 
2.885265 4.631839 -1.660371 
3.923832 4.380157 -1.345142 
4.624243 3.331898 -1.977295 
5.417935 2.128622 -2.186973 
4.792272 1.335931 -1.624010 
4.534463 3.078718 -2.000135 
3.518577 3.195921 -1.678251 
3.375330 3.307940 -0.746824 
2.993300 4.017766 0.327501 
2.800448 4.896378 0.587694 
2.893400 4.738700 0.042631 
3.504524 3.806689 -0.390808 
4.573865 2.651305 -0.944416 
6.019764 1.497767 -0.950919 
5.899839 2.111240 -1.441231 
6.067751 1.875794 -2.202721 
5.262715 0.680573 -1.977049 
4.845824 1.965756 -1.828904 
4.194150 2.842208 -1.712209 
4.298046 1.861872 -1.360068 
4.824423 1.031119 -0.614109 
4.648535 0.452749 -0.044045 
3.832347 1.187824 -0.054859 
4.520322 1.643763 -0.385040 
4.154347 1.787032 -0.262717 
4.450794 2.379011 1.175263 
5.629679 1.384262 0.474347 
6.206671 0.315894 0.524358 
5.937240 0.671135 1.258638 
4.951235 1.185302 1.012233 
4.105122 1.793007 1.117052 
4.494389 1.995805 0.551457 
5.120017 2.279858 -0.309167 
5.394878 1.595131 -0.238110 
5.518305 1.716074 0.829989 
5.238170 2.509987 0.496894 
4.707161 2.801438 -0.260826 
4.223222 2.073496 -0.323758 
5.161076 1.752168 1.105960 
6.283576 0.748654 1.161537 
5.676534 0.980551 0.833431 
5.948417 1.147421 1.412482 
5.045846 1.192546 2.129484 
4.914960 1.530315 3.176656 
4.236499 2.099853 3.341226 
5.315981 1.621408 2.624638 
5.785760 0.826609 2.693034 
6.287833 0.222911 2.380873 
5.869875 0.535371 2.218993 
5.229742 1.268703 3.270611 
5.149934 1.359114 2.519200 
5.172289 -0.261662 3.005715 
5.252752 -1.328757 2.777556 
5.548304 -2.078706 2.137220 
4.934539 -1.382209 2.226714 
5.254791 -1.493870 1.774415 
5.133656 -1.769040 2.886260 
5.603138 -1.358093 3.238493 
5.781526 -0.688902 2.293635 
5.132013 -0.162640 1.617544 
4.409269 -0.393512 0.496843 
4.797802 -0.977655 1.077750 
5.782171 -1.074355 2.271667 
4.534372 -0.895489 2.666221 
3.436265 -0.998875 1.359488 
1.806216 -0.515967 0.499256 
1.904474 -0.088037 -1.111089 
2.437124 0.040245 -1.396911 
3.202854 0.059320 -2.957614 
3.418408 -0.093915 -3.333325 
3.868686 -0.352135 -1.436820 
4.279203 -0.961222 0.099382 
4.671186 -1.762122 1.395557 
4.360237 -1.903827 2.475791 
3.729817 -0.925628 1.965251 
3.807705 -0.069149 2.013746 
3.570946 -0.796467 2.425641 
3.486957 -1.493585 3.051338 
3.869917 -1.906303 1.903541 
3.225602 -1.791295 1.937188 
2.743590 -1.243765 1.424925 
2.015448 -3.670852 -4.697351 
1.692650 -2.122834 -3.994773 
0.895517 -2.061970 -3.663867 
0.810564 -2.207988 -5.387055 
1.591593 -1.679886 -6.005951 
2.205802 -2.071211 -5.971098 
3.077972 -2.321766 -5.648614 
3.054674 -1.512281 -6.066736 
2.306239 -0.467373 -6.396677 
2.653153 0.776887 -6.108057 
3.224642 1.345343 -5.018184 
3.817690 -0.061467 -4.962157 
2.573667 -1.236466 -5.466765 
1.090914 -1.405936 -5.907751 
0.934884 -1.756707 -5.784176 
1.291823 -2.044145 -5.402066 
1.197493 -1.571936 -4.335442 
1.373121 -1.009862 -5.388324 
2.447546 -0.662955 -5.414970 
1.829495 -0.178979 -5.995828 
1.364654 -0.436318 -6.067669 
1.897103 0.640767 -5.281502 
1.565924 1.771020 -4.834360 
2.341253 1.811275 -5.073500 
1.816813 1.718877 -5.604455 
2.391616 0.737741 -6.073009 
2.787019 -0.183539 -6.314454 
2.848833 -0.536260 -5.659089 
3.881455 -0.350191 -5.925100 
3.508664 0.183429 -5.808555 
2.896812 1.211294 -5.210685 
1.083396 1.978412 -4.888367 
1.707033 1.863774 -5.484301 
1.871573 1.212698 -5.338620 
2.508861 -0.106780 -5.001776 
3.304200 0.199469 -5.294329 
4.402622 0.605137 -5.175906 
4.588019 0.935256 -4.330441 
3.433660 0.398594 -3.529465 
3.277689 0.851296 -4.396454 
2.574390 1.381457 -4.819106 
3.338635 1.329322 -5.236978 
4.574401 1.158348 -4.035552 
4.111597 1.821004 -4.105755 
3.285015 1.668280 -4.381705 
2.659662 2.220282 -4.156503 
3.178416 2.159598 -3.885040 
2.865407 1.369175 -3.463136 
2.474519 1.484717 -2.846860 
3.350711 2.584691 -3.074903 
3.720527 1.889344 -3.305050 
3.232990 1.955892 -3.672954 
3.885704 1.334067 -4.003974 
3.326077 0.742377 -4.123146 
3.971817 1.054061 -3.681918 
3.752990 0.908238 -3.140723 
3.558765 0.101730 -2.881145 
3.663881 -0.994728 -1.878165 
2.999217 -0.458366 -1.684033 
2.003924 0.018106 -3.129700 
2.025457 0.492070 -4.136549 
2.410413 0.387736 -3.318277 
3.250902 0.494691 -2.490393 
2.324919 0.730936 -2.239177 
2.642950 1.263927 -2.425428 
3.473274 1.329165 -3.044771 
3.858815 1.271077 -2.717920 
3.857135 0.523513 -2.527233 
4.682469 0.663128 -2.653174 
4.051658 -0.152247 -2.867093 
2.566902 0.105044 -2.105846 
2.826050 -0.525888 -1.398545 
4.263661 -0.588243 -2.085160 
4.819890 -0.900542 -2.208320 
4.469598 -0.134853 -2.245884 
5.093653 0.051067 -2.765512 
5.464406 0.185763 -2.944085 
4.950805 -0.060350 -2.972498 
4.611409 0.450813 -4.543889 
5.690029 0.933741 -5.287600 
-0.609957 -6.159201 -3.500972 
-0.174409 -4.890767 -4.019076 
0.006605 -3.748331 -3.908590 
-0.799842 -3.631221 -5.013415 
-0.641200 -2.872825 -4.458673 
-0.328930 -3.127087 -4.682394 
-1.169031 -2.820332 -5.036136 
-2.185561 -3.007413 -4.299564 
-2.412201 -3.120824 -3.623570 
-2.345047 -3.063714 -3.962422 
-1.382989 -3.725714 -4.092759 
-0.261118 -3.401148 -4.080751 
0.195905 -3.325278 -4.114521 
-1.176937 -3.652311 -4.484439 
-1.425322 -2.970969 -4.875321 
-2.016859 -1.565851 -4.613920 
-2.394028 -1.883986 -4.043583 
-2.189982 -1.495566 -4.339628 
-0.421326 -1.757292 -5.091364 
-1.870841 -1.984076 -5.573211 
-2.316039 -1.233000 -5.049243 
-3.273832 -1.358727 -5.275045 
-3.181006 -1.289365 -5.665386 
-2.483718 -1.855146 -6.027430 
-2.097068 -1.669773 -5.142612 
-0.556771 -1.726939 -5.609116 
-0.504357 -1.300413 -6.194301 
-1.271622 -0.991423 -5.159483 
-2.352747 -0.330258 -4.579414 
-2.760501 -0.534157 -5.581493 
-3.249486 -0.422388 -6.050687 
-2.960975 -0.482111 -6.583717 
-2.744910 -1.090370 -6.885303 
-1.752931 -0.600515 -6.702796 
-1.881224 -1.549971 -6.338111 
-0.757680 -1.383771 -6.063057 
-1.579551 -0.575412 -6.364916 
-1.496608 -0.021915 -4.963607 
-1.772384 1.447462 -5.217750 
-1.795327 0.841747 -5.921532 
-1.212363 0.029127 -6.569919 
-0.513995 -0.844959 -6.382816 
-0.816811 -0.226398 -6.425703 
-1.089762 -0.561414 -5.162485 
-2.329481 -0.425745 -5.054830 
-2.084026 0.498300 -4.683295 
-2.181025 1.288964 -4.811360 
-1.195475 0.975092 -5.010729 
-0.933816 1.370786 -4.367877 
-1.792528 1.933201 -4.578686 
-1.744226 1.716988 -5.047921 
-1.491956 0.984044 -6.224694 
-1.165036 0.402991 -6.420062 
-0.639651 1.257878 -5.669740 
-0.780997 0.853015 -6.500787 
0.259614 0.649610 -6.751563 
0.282290 0.043621 -6.895609 
0.643443 -0.534818 -6.715212 
-0.024782 -0.361414 -5.551406 
-0.419757 0.554516 -4.821115 
-0.390988 1.828504 -4.188308 
-0.520846 1.596389 -4.978635 
-1.927076 0.336398 -5.383813 
-0.189701 0.580980 -6.218819 
0.666447 0.441646 -6.811553 
-0.246389 0.559458 -6.592618 
0.639252 1.121594 -5.992490 
0.809248 1.523949 -5.750358 
0.171300 1.768965 -5.512275 
0.892430 1.424133 -5.234811 
1.075851 1.254632 -3.988404 
1.817363 1.694258 -4.949613 
1.719270 0.957920 -6.029118 
1.038621 1.120329 -6.252598 
1.545677 0.373279 -6.191913 
1.763054 0.664737 -6.159037 
2.111982 1.173293 -5.880721 
3.205238 0.648439 -4.833086 
3.312974 -1.109832 0.177400 
3.175513 -1.481174 -1.487734 
2.411257 -2.474179 -2.901416 
2.462762 -3.490999 -3.628866 
3.066764 -4.314506 -4.044061 
3.187180 -3.925639 -3.353267 
3.954745 -2.822921 -2.629206 
4.279963 -2.839463 -3.369255 
4.357482 -0.919012 -2.576494 
4.297133 -1.813949 -1.970448 
5.065818 -1.720216 -1.957798 
5.752925 -2.969245 -2.766933 
5.434698 -0.957597 -3.047200 
4.948161 -1.622555 -3.545535 
4.357925 -1.077825 -3.273400 
3.306250 -1.237440 -2.534686 
3.490391 -2.614449 -3.559466 
4.044631 -1.939740 -4.138288 
4.499579 -1.492436 -4.783327 
4.886548 -1.983956 -4.118231 
4.851544 -2.391839 -3.464197 
4.537175 -2.275803 -3.806170 
3.137339 -2.155277 -4.438441 
2.733478 -1.367376 -4.276829 
3.739906 -0.322539 -4.565972 
4.784566 -0.757441 -4.946436 
5.552162 -1.709704 -4.787945 
5.418910 -2.353919 -4.139236 
5.127275 -2.480649 -4.850299 
4.239685 -1.841257 -5.533269 
4.290624 -1.358354 -5.540539 
5.222807 -1.872714 -5.490153 
5.492054 -1.430681 -4.766925 
6.176257 -1.450354 -3.859533 
6.029543 -1.464107 -3.135693 
6.729172 -1.841581 -3.085466 
7.335878 -1.312169 -2.487252 
6.746717 -1.140684 -3.465056 
5.581183 -0.484590 -4.190073 
5.207602 -0.131839 -4.379135 
5.537716 0.086277 -4.013532 
4.480720 -0.359984 -4.217487 
5.090206 -0.102428 -3.543709 
5.039887 -0.990249 -2.506844 
5.789626 -1.791253 -2.234255 
6.473988 -0.367321 -2.401316 
6.312625 -0.569972 -2.650269 
6.916530 -1.043285 -3.433682 
6.796717 -1.605532 -2.932840 
5.812318 -2.380842 -1.702844 
5.824376 -1.154988 -1.443793 
4.631810 -0.626362 -1.467072 
5.596776 -0.449602 -1.545712 
5.862251 -1.108239 -0.852781 
5.897162 -2.482860 -1.331005 
5.738937 -2.533791 -0.034472 
5.234852 -2.591624 -0.237896 
4.775125 -2.451494 -1.289693 
4.427062 -1.820516 -2.435470 
5.161030 -0.635479 -2.377996 
5.443543 -1.041866 -2.241260 
6.182739 -0.952001 -2.099862 
6.180702 -1.842603 -1.526713 
6.584286 -1.141212 -2.084297 
6.111693 -0.409161 -2.903157 
5.478536 -0.533952 -2.973753 
4.498554 -1.354043 -1.623645 
4.825652 -2.260722 -2.092697 
5.160138 -2.343857 -1.537160 
5.234606 -1.777331 -0.964899 
5.336865 -1.384994 -0.347187 
5.647843 -1.810931 -0.508912 
5.576186 -1.836711 -0.056143 
5.272799 -2.161392 -0.830822 
6.176047 -1.309366 -0.793579 
5.669510 -0.900243 -0.407528 
4.952325 4.214964 1.178619 
3.785264 3.164642 1.051230 
3.713519 3.550333 2.376224 
4.481481 2.980033 2.761113 
4.145572 3.451435 2.660706 
3.124467 3.048420 3.368514 
3.424982 2.513978 3.252144 
3.011074 3.686254 2.176543 
2.480062 4.360727 2.183681 
2.436568 3.752820 2.369219 
2.239534 2.456079 2.692119 
2.675219 1.916738 3.484707 
1.412100 1.003461 3.628241 
1.454545 1.681227 4.499554 
2.635678 1.477423 5.167474 
3.319337 0.786932 5.665241 
3.609668 1.970033 4.721928 
2.520026 2.101274 4.253851 
3.274229 1.438056 4.185431 
4.676407 1.860168 4.252931 
4.711756 1.765322 3.797146 
3.370561 1.953235 4.283429 
3.801235 0.142442 4.571333 
4.411782 0.310105 4.610947 
4.188135 -0.241628 4.155655 
3.441781 0.630683 4.929928 
4.021710 -0.360080 4.815679 
4.489797 -1.079240 3.255919 
4.790288 -0.563645 3.517397 
4.433819 0.793660 3.941208 
4.177521 1.161895 4.648049 
3.727748 0.794708 4.894741 
2.754034 0.988926 5.526998 
2.528329 0.629338 5.902206 
2.964119 0.792665 5.919710 
2.579200 -0.010984 5.819311 
0.958278 -0.004393 4.943367 
0.910159 0.573664 5.057619 
2.190454 -0.029842 5.815300 
1.251840 0.266112 5.644231 
2.131022 0.874365 5.440737 
2.066310 0.641446 5.305391 
2.267531 -1.033947 5.419563 
2.794839 -1.804931 4.220434 
2.919157 -2.059811 3.440880 
3.600130 -1.705425 3.456406 
3.143619 -1.706638 4.484197 
2.797355 -2.078337 4.970876 
1.900841 -1.577353 5.186654 
2.100526 -0.956604 5.017005 
2.490099 -0.612549 6.037701 
2.532486 -1.286719 5.382753 
3.104436 -1.708966 4.063085 
3.527221 -1.979128 4.395133 
3.238872 -1.404794 4.211807 
2.211081 -1.166926 3.758725 
1.802240 -0.119810 3.479802 
2.212896 -0.300095 2.816659 
2.880092 -0.240881 3.595409 
2.400838 0.300523 4.069009 
2.623890 0.844244 4.238058 
2.172263 0.406885 3.885855 
1.960793 -0.691615 3.492042 
1.174785 -2.005786 3.516366 
1.891652 -1.655061 2.959829 
2.700829 -0.253239 4.079510 
3.329527 -1.106629 4.456729 
3.591813 -1.080286 5.573489 
7.948956 0.959383 -0.705202 
6.781382 0.269676 -0.673611 
6.550439 -0.632938 -1.141010 
7.290895 -0.618849 -0.362118 
7.136207 -0.491856 -0.846695 
7.074895 -1.448855 -1.729700 
6.368406 -2.006994 -2.276272 
7.228922 -1.413541 -1.342212 
7.336770 -1.041150 -0.210226 
6.689763 -0.512124 0.812427 
5.894217 -0.310456 0.837735 
5.870232 -0.365282 -0.035594 
6.706023 -0.230201 0.557015 
6.601916 -0.005634 0.122473 
6.167133 -1.456318 1.064916 
6.202551 -1.707023 1.595133 
6.132133 -1.724565 1.120147 
6.170127 -2.438891 0.063770 
6.268088 -2.260281 0.332382 
6.824873 -1.702936 0.223332 
7.368757 -1.556184 -1.630819 
5.981586 -1.304732 -1.107753 
5.202044 -1.050088 -0.459117 
4.936964 -1.205776 0.944098 
5.493476 -2.147244 0.958594 
5.190307 -2.689940 1.460501 
4.495421 -2.926313 2.642195 
4.924196 -2.702954 2.230537 
5.047786 -2.967318 1.153640 
3.812937 -3.127324 0.468676 
3.267182 -1.929425 -0.430055 
2.906173 -1.891900 -0.384794 
2.221556 -2.778191 0.962444 
1.936387 -2.641531 2.118290 
2.430678 -1.874570 2.465760 
3.239108 -2.694494 1.933555 
3.860149 -2.899727 2.130381 
3.381938 -2.747937 2.202040 
3.676316 -3.364875 3.053050 
4.357714 -2.633727 3.024844 
4.160855 -3.700552 1.822569 
3.964441 -4.217557 1.523765 
4.614755 -4.499942 1.220304 
4.165561 -4.251600 1.430263 
4.113216 -4.038626 1.672970 
3.322261 -3.124174 1.845328 
3.458500 -3.759349 2.132368 
3.053311 -4.612188 2.393646 
2.530212 -4.790296 2.568955 
2.148229 -4.893125 1.858695 
1.793321 -3.515511 2.740983 
2.477479 -3.571596 2.953225 
3.132203 -3.158272 2.886693 
2.405682 -3.138925 3.220822 
1.489337 -3.679889 2.896013 
2.303647 -3.973377 1.684983 
2.874708 -2.684445 1.322171 
2.820280 -2.505573 2.712561 
2.742547 -3.234989 2.902918 
2.278967 -3.101383 1.360431 
2.000524 -4.295841 1.656774 
1.290544 -3.896586 2.794184 
1.319173 -3.070938 3.172174 
2.103281 -2.962658 4.217413 
2.402524 -2.727366 4.500040 
-1.787136 5.385312 5.321097 
-1.772914 3.783387 4.860127 
-2.040535 2.663317 3.779750 
-2.351324 3.088577 3.816478 
-2.909834 3.906781 4.113074 
-3.092003 4.564102 3.231072 
-2.732534 4.692529 3.774739 
-2.251320 3.839248 4.353617 
-1.590725 4.423875 4.118406 
-2.309511 3.885985 3.679006 
-2.950217 3.290582 3.577359 
-2.660232 2.085349 3.841282 
-2.018129 3.328356 3.469018 
-1.489315 3.293172 4.225367 
-2.099051 3.300141 5.145736 
-3.050166 3.724918 4.975940 
-3.031577 3.843884 5.190322 
-2.824258 3.137769 5.657109 
-3.650790 3.352129 5.566298 
-3.998809 2.416812 5.425244 
-3.588210 1.774775 4.698731 
-2.965001 0.798763 4.145728 
-2.780958 1.984624 4.097553 
-3.425636 1.600946 4.954797 
-3.008304 1.287596 6.270432 
-3.048975 1.727004 6.090679 
-4.224650 1.677789 5.244263 
-3.880925 1.291807 5.560282 
-4.028542 2.269550 5.450067 
-3.616782 2.849772 4.356422 
-2.705613 2.780510 4.144781 
-1.846029 2.020805 4.785404 
-2.739649 0.959418 4.680553 
-4.197841 0.779614 5.260384 
-3.815690 0.537344 5.223389 
-3.151252 -0.034846 4.015624 
-4.077459 0.461836 3.864347 
-4.645568 0.649815 4.933873 
-4.003517 1.123978 5.714801 
-3.363675 1.792603 5.266730 
-3.484435 0.302696 4.170172 
-3.387309 -1.170626 3.714141 
-2.749650 -1.214628 2.404074 
-2.972376 -0.343485 3.385818 
-3.664978 -1.174818 3.537347 
-3.943591 -1.122670 4.239001 
-4.439252 -0.328825 3.990115 
-4.195391 -0.513476 4.475244 
-4.380459 -1.024543 4.229388 
-4.360724 -0.698328 3.426526 
-5.166559 -1.451449 3.677354 
-4.628835 -1.838804 3.859361 
-4.215266 -2.646671 3.128392 
-4.081947 -2.162778 3.255507 
-3.442988 -1.643827 4.236953 
-2.653565 -1.691902 4.317091 
-3.110917 -2.541754 4.137249 
-3.507022 -2.547039 3.947166 
-3.256365 -3.326110 3.209521 
-2.780202 -3.137971 3.638707 
-3.159671 -3.552583 3.205856 
-2.715300 -3.154009 2.435795 
-2.267501 -3.552380 1.735578 
-2.677327 -3.016288 1.914565 
-2.382390 -3.358416 2.352310 
-2.711482 -3.318703 2.669761 
-1.922825 -2.704989 2.860139 
-2.041797 -2.539054 3.900443 
-1.077560 -2.384601 3.140465 
0.795626 5.362935 -0.772937 
1.139426 4.196437 0.022054 
2.184237 3.479618 0.740064 
1.899605 2.561595 -0.765928 
1.790069 2.794456 -0.106796 
0.918301 3.665578 0.614093 
0.368756 3.482016 0.167605 
0.920298 3.078218 -0.252319 
1.557655 1.744787 0.116534 
2.218680 2.474997 0.512451 
2.304505 2.463022 1.360534 
1.808729 2.220336 1.942153 
2.522340 0.951413 2.922842 
3.284982 0.384145 3.259048 
3.092070 0.523082 3.476900 
3.297877 0.288387 2.498235 
2.987486 0.836814 2.113113 
2.584627 0.184339 2.107221 
1.902989 0.449754 2.139889 
1.446052 0.300561 2.714177 
1.413906 1.198772 2.840032 
2.424457 0.765460 3.589792 
2.733483 0.997228 3.053537 
1.755651 1.197239 3.058765 
1.273355 2.176745 2.643833 
1.863058 1.982859 1.280719 
2.977746 1.418355 -0.003883 
2.989982 1.666274 0.908859 
2.030226 1.397629 1.137269 
1.922884 0.864844 1.920626 
1.369722 0.855020 1.634525 
1.558664 -0.004374 1.452311 
0.428317 -0.385975 1.284805 
0.624108 0.488539 0.970734 
1.240176 0.115882 0.103689 
1.645152 -0.539304 0.389592 
1.964917 -1.064034 1.124143 
1.281924 -0.963126 2.181185 
0.269998 -0.205108 2.700980 
0.214335 -0.594257 1.696056 
0.989101 -0.918301 0.027607 
0.884171 -0.943911 0.431262 
0.813265 0.040646 -0.108336 
1.594948 0.088959 0.955142 
1.577458 -0.876602 1.976689 
0.782028 -1.523022 1.340359 
0.862874 -2.711548 0.231258 
0.412739 -3.281997 -0.440127 
0.283508 -2.856724 -1.256625 
0.778933 -1.389586 -0.922158 
0.554877 -0.918821 0.495292 
2.123369 -1.804078 0.277573 
1.454971 -1.972435 0.405124 
-0.075197 -2.559542 1.121450 
-0.498132 -3.302339 1.284769 
0.443507 -3.618709 1.241980 
1.021282 -4.591001 0.496922 
1.807709 -4.841451 0.918260 
1.611040 -4.430452 1.414932 
0.948492 -3.497968 1.916105 
-0.068770 -2.483815 2.154152 
0.717826 -1.665672 2.482377 
0.650903 -2.276876 2.183104 
1.341557 -2.868795 1.299292 
-5.613526 -2.305266 -3.630493 
-4.730433 -1.091842 -3.039285 
-4.226220 -1.057007 -2.755992 
-3.950228 -0.841227 -3.411120 
-4.296051 -0.269451 -3.556106 
-5.022602 -0.384610 -3.311368 
-4.431686 0.304268 -3.941076 
-4.642660 0.178662 -3.756630 
-4.735207 -0.435437 -2.913367 
-3.838446 -1.198047 -2.260912 
-3.315036 -1.680126 -1.711776 
-2.603146 -1.006980 -1.541231 
-3.662386 -0.667018 -1.640009 
-3.966454 0.197283 -1.351800 
-4.185655 0.631501 -1.310815 
-3.789761 0.765106 -1.352756 
-4.483362 0.114163 -1.365171 
-5.136928 0.270978 -1.226963 
-5.376991 -0.097730 -1.105720 
-5.400814 -0.582698 -0.938996 
-5.322539 -0.414554 -1.889667 
-4.460410 0.146661 -2.652418 
-4.595397 0.136731 -1.788330 
-3.929619 0.152674 -0.754744 
-3.208655 -0.168191 0.440138 
-4.301351 -0.568282 0.497319 
-3.704804 -0.697621 0.496065 
-3.584729 0.001151 0.226319 
-3.723753 -0.635570 -0.081529 
-5.321673 -1.258612 0.001514 
-5.092790 -0.395249 -0.553547 
-4.268677 0.330543 -1.046474 
-4.587376 0.390457 -0.539845 
-3.983231 0.578309 -0.859441 
-3.160393 1.205610 -0.896194 
-3.226990 0.578653 -0.442156 
-3.190283 0.238909 -0.193485 
-3.138237 -0.640007 -0.589193 
-3.763759 0.323453 -0.953850 
-3.457140 0.087791 -1.516812 
-3.238267 1.076433 -2.269607 
-2.987976 0.058344 -2.013393 
-2.252930 0.415503 -0.761594 
-1.562780 1.036379 -0.790205 
-2.392664 0.840738 -1.641781 
-2.378290 1.430648 -1.456264 
-1.658830 1.857632 -1.568411 
-1.786489 1.870194 -1.134154 
-2.055666 2.199122 -1.875706 
-2.814182 1.748887 -1.199642 
-2.651328 0.957258 -0.201093 
-2.141807 -0.335109 0.156225 
-1.373346 -1.318556 -0.510479 
-1.080242 -0.467257 -1.054723 
-0.515777 0.398997 -1.145847 
-1.148413 0.528610 -1.998288 
-1.848797 0.558815 -2.078805 
-1.787301 0.213151 -1.291329 
-1.505058 1.743929 -1.076225 
-1.722717 0.923839 -1.132636 
-1.415630 -0.011900 -1.217338 
-1.752825 -0.744155 -1.207954 
-2.129537 -0.685028 -1.635488 
1.823266 3.003639 -1.510042 
1.180267 1.179069 -1.394308 
0.564395 1.088704 -1.089891 
0.030623 1.662044 -0.044545 
0.252250 0.750082 0.798943 
0.679964 1.499425 0.743251 
0.393669 1.684238 0.018574 
-0.398511 1.670646 0.365519 
-0.863606 0.605621 1.037305 
-0.304549 0.573145 1.124630 
-0.424968 0.953536 0.498979 
-0.485740 -0.101841 0.563699 
-0.723833 -1.304911 -0.247380 
-1.713715 -1.895945 -0.950540 
-1.760531 -1.956458 0.098199 
-2.079266 -0.820762 0.037963 
-2.069567 0.262049 0.212427 
-2.417207 -0.474520 0.954921 
-2.396155 0.364820 0.510461 
-2.424859 0.617954 0.361220 
-2.335200 -0.048968 0.738367 
-1.836681 -0.671641 0.489686 
-1.191862 -0.109806 0.099182 
-0.850751 0.188485 -0.142504 
-0.184476 -1.228714 0.065771 
-1.143087 -1.176456 0.394431 
-1.890031 -0.543006 0.915412 
-2.612769 -0.997116 0.829220 
-2.362576 -1.787063 1.358100 
-1.711434 -1.852720 0.404704 
-1.352888 -1.363361 -0.165392 
-0.677523 -0.579130 -1.364125 
-2.406911 -1.425579 -1.205465 
-3.589723 -1.887687 -0.250613 
-2.755103 -1.982827 0.077638 
-3.085444 -1.931501 0.683175 
-3.863765 -2.425200 1.303950 
-3.869589 -2.906424 1.706378 
-3.478874 -3.130395 2.328048 
-4.348647 -2.639533 1.484355 
-5.018091 -2.526178 1.412934 
-4.995546 -2.375841 2.040058 
-3.681056 -1.347708 1.527691 
-3.539789 -1.375517 1.707176 
-2.903857 -1.243523 1.531505 
-2.610883 -1.304492 1.456027 
-2.871562 -2.381767 1.784429 
-4.021162 -2.622549 1.726582 
-5.345431 -1.789194 1.355532 
-4.574727 -1.719582 0.704484 
-3.554786 -1.773672 1.712135 
-2.738563 -1.714262 2.408533 
-3.480747 -2.279435 1.051847 
-4.333118 -2.336208 0.859704 
-4.223526 -1.499123 1.457359 
-4.592732 -2.248459 2.515788 
-4.749455 -1.591307 2.829108 
-4.397639 -1.739120 1.773265 
-3.786232 -1.988826 0.216630 
-4.551711 -2.334302 0.593367 
-5.305478 -1.856132 0.984486 
-5.104478 -1.888539 2.115213 
-3.984774 -1.104390 1.782091 
-0.886919 5.652069 1.169744 
-1.490541 4.331631 1.934866 
-1.739935 4.662301 2.518825 
-1.401280 4.793464 2.060150 
-0.581848 3.322205 2.087949 
0.148678 2.963517 2.148623 
0.844047 2.358120 2.363788 
0.050724 2.319442 1.581284 
-0.176533 1.460269 2.523214 
-0.785537 1.870893 3.091831 
-1.626464 2.840042 3.069869 
-2.106659 1.575448 3.279732 
-2.229265 1.273811 2.514055 
-2.163251 0.201467 2.635836 
-1.450242 1.065826 3.382673 
-1.122393 1.747848 3.715283 
-0.502489 1.225013 4.192208 
0.260329 -0.331328 3.891010 
0.167186 -0.015014 3.785452 
-0.039187 1.268381 3.029673 
-0.218275 1.824553 3.464466 
-0.239982 2.308647 2.884974 
0.258610 1.529221 1.727182 
-0.173917 0.887447 2.166783 
0.525787 1.529072 2.649830 
0.654325 1.144302 3.388474 
-0.305197 0.734761 3.321714 
-0.638248 0.390613 3.974331 
-0.471846 0.042399 4.626703 
0.109850 -0.189634 5.428181 
0.458134 -1.111733 5.126143 
0.912626 -1.590072 4.800243 
0.745613 -1.444651 3.395483 
0.537050 -0.829530 3.470776 
0.606237 -0.707515 2.628694 
1.223004 -0.420142 2.941495 
0.936730 0.266333 3.946066 
0.568649 0.184622 3.266500 
0.019084 -0.387593 3.166447 
0.019632 -0.941452 2.723904 
1.117990 -1.522627 3.104380 
1.735545 -2.793769 4.056679 
1.156861 -3.190438 4.960614 
0.473334 -2.653294 5.534927 
-0.258607 -2.083943 6.128792 
0.112044 -2.177350 6.034297 
0.773564 -1.934388 5.986429 
1.002575 -1.280429 5.934660 
-0.029628 -1.312563 6.276566 
0.008191 -1.825935 5.989541 
-1.023530 -1.607519 5.363138 
-0.370474 -1.264299 5.799811 
0.576645 -0.674072 6.116585 
1.238970 -1.042451 5.670291 
1.526250 -2.165554 5.506313 
1.879464 -2.774441 5.293607 
1.718588 -2.283681 5.780252 
0.294425 -1.330826 6.656140 
0.278192 -0.656897 7.028594 
0.640993 -0.346866 6.108825 
0.631601 -1.607133 5.582590 
0.456477 -2.169843 5.157542 
0.145907 -1.291222 5.667537 
-0.601088 -0.600130 6.109101 
-0.614073 -0.298231 7.016372 
-0.017927 -0.138580 8.343314 
-3.816915 -3.211247 -3.091806 
-3.300806 -1.841454 -3.431895 
-3.373279 -0.727931 -3.431844 
-3.277123 -0.185166 -3.985116 
-3.746118 0.795590 -3.921496 
-4.124895 2.056996 -2.507645 
-4.372639 1.710853 -2.833578 
-4.070829 0.989731 -2.685357 
-4.993044 1.584719 -2.768997 
-3.669227 0.263688 -3.150149 
-2.982450 -1.548662 -3.502119 
-3.051769 -1.439398 -3.938499 
-3.528004 -0.803267 -4.377320 
-3.531206 -0.067630 -4.325538 
-4.306703 1.435411 -4.050995 
-4.896158 1.290082 -4.122261 
-4.447862 0.753563 -3.818416 
-3.953185 1.312360 -4.550945 
-4.042494 1.482431 -3.284002 
-5.093923 1.334281 -2.997907 
-4.987436 0.527310 -4.614282 
-5.029559 0.857903 -4.649793 
-5.142739 1.273152 -4.646331 
-5.396184 0.385567 -4.690995 
-5.821290 0.541854 -4.043961 
-5.188185 -0.112523 -4.609357 
-3.691144 -0.116343 -4.883232 
-3.571211 0.284613 -5.565973 
-3.297342 0.649560 -5.535001 
-4.488663 -0.245143 -5.510193 
-3.429594 -0.411326 -5.325900 
-3.220489 0.269763 -4.455933 
-2.575949 0.315670 -3.681996 
-3.083902 1.244589 -3.516997 
-3.512616 1.235323 -3.719001 
-3.105418 1.251068 -4.867172 
-3.571172 0.776705 -5.148140 
-4.431878 0.019029 -4.461836 
-5.197636 0.260415 -4.254177 
-3.922042 0.156229 -4.224932 
-3.609657 0.554660 -4.797711 
-3.197917 0.014229 -3.561249 
-3.172206 -0.296298 -2.759365 
-4.582655 -0.257519 -3.119324 
-3.832969 0.502785 -3.705937 
-3.190990 1.992693 -3.981302 
-2.970066 2.026462 -4.175573 
-2.825805 2.225661 -3.895064 
-2.629849 2.044698 -3.725818 
-2.606618 2.305249 -3.276831 
-1.866293 2.134490 -2.226503 
-1.506462 1.638933 -2.645572 
-1.920466 1.797614 -3.097889 
-2.488678 1.232692 -3.341967 
-3.382837 1.525965 -2.149063 
0.503983 -3.741348 -6.755574 
-0.227136 -3.142275 -5.836512 
-0.533869 -2.190465 -4.896201 
-0.807217 -2.105684 -5.091181 
0.338309 -1.127829 -4.985852 
0.922461 -0.953236 -4.538009 
-0.443948 -0.553381 -4.709328 
-0.045057 0.760872 -5.065301 
0.240816 1.439758 -4.230060 
1.008501 0.932105 -2.776204 
0.307773 0.369573 -3.278173 
-1.454830 0.226094 -3.463559 
-1.919467 -0.762590 -2.176798 
-2.204832 -0.824584 -2.548361 
-1.935886 -0.060528 -3.207576 
-0.945890 0.643923 -3.268169 
0.333867 0.961136 -3.593561 
-0.582167 2.035982 -3.378353 
-1.564727 1.896514 -2.894053 
-1.350166 2.087551 -3.788410 
-0.732605 2.213435 -3.921735 
-0.385222 2.406711 -3.788712 
-0.086198 2.709423 -3.007558 
0.310400 2.353340 -3.807682 
0.663694 2.054634 -3.266406 
1.354791 1.064470 -2.354981 
1.278538 1.468302 -2.323926 
0.246224 2.601377 -3.115533 
0.046462 2.691128 -2.459959 
-0.310952 2.620172 -1.632535 
0.384571 2.014279 -2.598085 
0.075474 2.175072 -1.621487 
0.862690 1.817222 -2.243862 
0.963483 2.567564 -2.614992 
0.698768 2.672355 -2.852827 
-0.741446 2.819762 -3.174154 
-0.664457 2.894272 -2.258209 
-1.617232 2.544191 -1.922273 
-1.415461 2.536003 -2.250914 
-0.609519 1.246042 -1.659696 
0.018049 1.042811 -2.102589 
0.858912 -0.389880 -2.099071 
0.167077 -1.336003 -1.643189 
0.183612 0.217539 -1.855011 
-0.350912 -0.105796 -1.502237 
-0.258536 -0.665821 -1.577810 
-0.769282 -1.109573 -1.365998 
0.007057 0.161075 -1.037310 
0.272986 1.654484 -1.502566 
-0.188963 1.785993 -1.714850 
-0.828204 0.723621 -2.121782 
-0.735880 1.181308 -3.170841 
1.258699 -5.051398 -2.837717 
1.303749 -3.756487 -3.413513 
1.323479 -2.498773 -3.255028 
1.857433 -0.858373 -2.624655 
3.145341 0.307886 -1.619278 
4.400082 -0.143899 -1.032805 
4.189158 0.369244 -0.512834 
3.669754 0.363569 -1.508911 
3.786855 0.352981 -1.201585 
2.237895 0.863065 -1.651910 
1.800456 0.641110 -1.371771 
2.288777 0.216414 -1.007920 
2.908956 -0.265663 -0.575426 
3.106733 -0.753896 -1.902235 
3.293447 -0.434551 -3.742338 
2.486710 -0.906024 -3.824037 
2.905116 -0.758133 -2.451028 
4.100343 -0.903050 -0.985811 
3.884158 -2.149751 -0.017065 
4.404113 -3.026775 0.084459 
4.954321 -3.297497 0.403225 
4.039679 -3.752499 0.695133 
3.160467 -3.055564 0.138955 
2.717313 -2.612489 0.078418 
1.814801 -2.162716 -0.011012 
1.758300 -3.156414 -0.608280 
1.235023 -3.666181 -0.784621 
-0.358775 -3.933348 -0.059514 
-0.121130 -4.511849 -0.098032 
0.039757 -4.069649 -0.067449 
-0.367463 -3.723811 -0.681699 
-0.537620 -3.203122 -1.113501 
-0.487791 -4.076108 -0.450550 
0.904041 -4.071403 -0.382649 
1.035069 -3.369020 -1.579314 
0.462852 -3.298633 -1.490096 
-0.167561 -2.523953 -1.126139 
0.771855 -2.854021 -1.088142 
0.822153 -2.792077 -0.344005 
0.754060 -3.711868 -0.395162 
0.992467 -3.775656 0.093369 
1.515691 -3.132573 0.754103 
0.875260 -3.586743 0.101337 
-0.008292 -3.466462 -0.308856 
-0.305358 -2.696820 -0.895858 
-0.072655 -2.793426 -0.251427 
-1.269726 -3.381373 -0.491682 
-1.030396 -2.352854 -1.204116 
-0.871066 -2.774128 -1.285140 
-1.670854 -3.400714 -0.832155 
-1.106457 3.354912 0.013972 
-2.340723 3.061618 -0.058287 
-2.366429 3.675778 0.101492 
-2.995256 4.132321 -0.333658 
-2.794988 4.112230 0.376758 
-2.321667 3.068427 1.502138 
-3.583543 2.419804 0.459186 
-4.756586 1.398386 0.025178 
-4.192228 1.916852 -0.012108 
-3.872161 2.314944 0.707017 
-4.165703 2.631502 -0.313511 
-3.813711 2.301153 -0.719921 
-3.286943 2.441735 0.794047 
-4.228453 1.659327 1.172158 
-3.757085 1.227266 0.884787 
-4.499841 0.968171 1.088778 
-4.009203 0.755832 1.453299 
-3.103599 1.734203 2.069024 
-3.115638 1.637305 2.544067 
-4.077525 -0.066420 2.467484 
-4.392070 -0.388308 1.907796 
-5.131614 0.497319 1.810887 
-4.337892 0.301163 2.044869 
-5.776974 1.041080 2.396780 
-5.943502 1.323681 3.483276 
-5.895448 0.580201 3.777921 
-6.264467 -0.191287 2.793723 
-5.503433 -0.378868 2.487922 
-5.950233 -0.101580 3.067054 
-5.533189 0.658698 2.812831 
-5.303690 0.185430 1.927525 
-5.515873 -0.014610 1.367774 
-5.494397 0.493194 1.129305 
-4.641366 0.194374 1.187767 
-4.925615 -0.632461 1.365090 
-5.540950 -0.643932 0.639486 
-5.542656 -0.736065 2.452185 
-5.445070 -0.236275 3.771592 
-5.876024 -0.116316 3.725311 
-4.886961 0.131265 3.129016 
-5.519765 1.168366 2.330474 
-6.418813 0.872691 2.060595 
-5.613726 0.015241 2.021896 
-5.645516 -0.588526 2.589111 
-6.061158 -0.248662 2.690314 
-5.306787 0.916648 3.817865 
-6.157348 0.547439 3.838492 
-6.209787 0.586436 4.715037 
-2.869915 5.837937 1.440852 
-3.124885 4.334509 1.209711 
-4.142103 3.463721 1.093462 
-3.452928 3.599902 1.668363 
-3.364387 4.322181 2.396266 
-2.498787 4.279456 1.367823 
-3.754934 4.406752 1.886283 
-3.827784 4.871217 1.390534 
-4.118372 4.989281 0.943322 
-4.713238 4.442982 0.933387 
-5.016891 4.185137 1.782010 
-4.276742 3.611948 2.938571 
-3.485874 3.019062 3.887554 
-3.979040 3.296560 3.760655 
-3.824023 3.738823 2.931015 
-4.089240 2.734613 2.775640 
-4.632814 3.254834 2.785910 
-4.418926 3.933169 2.339895 
-5.076361 3.151547 1.848866 
-4.663125 2.137433 2.154793 
-4.336166 2.456879 3.245595 
-3.781578 1.894141 3.624026 
-4.172616 1.930613 3.185020 
-3.222525 1.267593 3.102291 
-2.340694 1.552181 4.048386 
-3.985469 2.096272 3.975876 
-5.229808 2.264728 3.811272 
-4.974164 2.320011 3.371229 
-5.540176 2.146852 2.846810 
-5.430778 1.230941 3.915411 
-5.076794 0.840021 4.614960 
-5.015499 1.320547 4.478271 
-3.314583 7.241339 -0.540629 
-3.412801 6.816800 -1.539360 
-2.763103 6.104478 -2.331382 
-1.974898 5.180381 -1.713194 
-1.067367 4.310386 -0.786214 
-1.567776 4.887235 -0.613980 
-2.640290 4.335285 -0.733902 
-2.971756 4.261845 -1.736468 
-2.084956 4.376301 -1.503773 
-1.961757 4.409991 -2.052993 
-2.790647 3.691086 -1.657946 
-3.991705 2.855940 -1.357909 
-4.817854 3.215927 -1.860487 
-5.080509 3.644016 -2.983590 
-4.747322 4.908267 -3.848915 
-3.776851 5.594128 -3.800464 
-3.099081 6.196763 -3.049829 
-3.828586 6.170083 -2.087627 
-4.057141 4.713023 -2.333791 
-3.265983 4.445128 -1.960913 
-3.981484 3.954940 -1.097554 
-3.956372 4.431654 -0.937541 
-4.087177 3.677783 -1.516103 
-4.409265 2.952599 -2.441460 
-4.499043 3.275335 -2.660367 
-3.902358 2.907838 -2.794257 
-3.777926 3.267619 -2.605463 
-4.143065 3.613348 -1.282911 
-4.526971 4.850118 -0.330674 
-3.608107 4.670909 0.231400 
-3.866084 5.045227 1.139450 
-4.124202 4.250994 0.587757 
-4.802316 4.237021 -0.053942 
-5.059919 3.669259 -0.690135 
-5.444453 3.190452 -1.020185 
-4.996386 3.011582 -0.965202 
-4.788600 3.362096 -1.390363 
-3.701055 4.194104 -1.915172 
-4.369583 3.489442 -0.781264 
-4.998846 2.284212 -1.471918 
-5.756274 2.244326 -1.597700 
-5.930249 2.459369 -0.270246 
-5.908077 2.746078 1.186966 
-5.400230 3.625401 1.437754 
-5.710222 3.078827 0.153067 
-6.514876 2.381734 -0.179364 
-6.213885 2.527490 0.295656 
-5.472092 3.337383 -0.010761 
-5.107422 2.791662 0.350717 
-5.518867 2.700190 1.002942 
-6.238043 2.157623 1.808563 
-5.801446 1.681624 1.310478 
-5.335782 0.692213 0.338229 
-5.525773 1.556550 -1.113286 
-5.566120 2.404397 0.317341 
-6.348546 2.056137 0.386742 
-6.518475 1.375545 1.425223 
-7.188690 0.922429 0.426038 
-6.855654 0.883130 1.276091 
-6.774471 1.353125 0.274221 
-7.177150 0.713842 -0.433430 
-7.042155 0.441844 -0.493394 
-7.029204 -0.185899 -0.500442 
-7.208485 -0.245756 -1.452746 
-7.472834 -0.726407 -2.283628 
-6.864778 -1.438653 -2.507450 
-6.300320 -1.338811 -1.640730 
-6.168139 -0.975762 -0.635425 
-6.017387 -0.865121 -0.179861 
-6.314873 -0.340164 0.875346 
-6.711924 -0.090530 -0.028931 
-6.736317 1.210182 -0.177654 
-6.285503 1.150247 -0.679300 
-5.274451 0.091464 -0.628731 
-4.998525 -1.217735 -1.252981 
-4.347519 -1.445492 -1.138163 
-5.202359 -2.015288 -1.381360 
-4.693333 -2.645133 -1.916905 
-4.466469 -1.630109 -1.109903 
-5.293966 -0.327959 -1.284672 
-6.388305 0.916933 -1.734841 
-6.496478 0.990004 -1.430009 
-6.315580 1.109138 -2.326685 
-6.560266 0.614896 -2.499932 
-6.250801 -0.636696 -2.397521 
-5.826286 -0.835459 -2.983846 
-6.132839 -0.249207 -2.968598 
-6.802825 -0.481366 -1.916264 
-7.163817 -1.215758 -1.208756 
-7.756483 -2.340486 -0.620645 
