Snapshot 0 0.000000
11.944640 -3.891508 -35.828050 
11.229042 -3.411584 -35.320515 
11.235109 -2.884060 -36.170034 
11.453567 -3.711137 -36.687933 
12.207326 -3.630013 -37.340058 
13.008201 -3.246347 -36.880277 
12.769539 -2.686492 -36.086802 
11.940441 -2.337092 -35.650321 
12.178763 -2.164055 -34.694675 
12.483373 -1.306566 -34.280036 
12.138795 -1.185100 -33.349170 
11.150080 -1.039276 -33.314841 
10.831971 -1.980823 -33.203953 
11.005748 -2.606458 -32.443439 
10.565198 -2.016076 -31.767152 
9.899451 -1.822269 -32.487721 
9.374946 -2.435327 -31.896912 
9.435838 -3.328192 -32.343100 
9.211457 -2.822704 -33.176248 
8.407735 -3.411213 -33.263927 
7.795215 -4.091499 -33.666456 
7.376077 -4.058885 -32.759120 
6.749819 -3.293170 -32.612552 
5.985644 -2.649421 -32.652845 
5.592814 -1.833535 -32.228564 
6.197639 -1.042306 -32.318801 
6.195886 -0.415112 -33.097663 
6.119507 -1.189390 -33.725883 
5.255333 -1.638285 -33.498512 
5.423450 -2.459544 -34.043738 
4.914756 -3.287970 -33.809343 
4.080882 -2.826665 -33.506271 
3.845986 -3.317974 -34.344984 
4.313987 -2.435891 -34.398871 
3.315044 -2.410708 -34.437336 
3.036640 -2.637339 -33.503993 
2.392370 -3.228834 -33.988812 
1.600524 -2.816507 -33.538295 
1.759707 -2.255112 -34.350389 
2.121301 -2.568877 -35.228342 
1.757405 -1.777750 -35.719970 
1.554589 -0.798574 -35.711050 
2.501727 -1.034823 -35.928111 
3.446831 -0.768829 -35.738306 
3.615914 -0.987063 -36.699443 
3.297740 -0.885312 -37.641999 
4.088149 -0.359050 -37.328470 
4.565467 -1.146307 -37.718846 
4.235919 -2.085317 -37.817122 
3.304329 -1.825498 -38.071355 
2.750593 -2.278156 -37.372443 
2.793356 -2.694385 -36.464189 
3.135011 -3.618734 -36.634044 
2.323470 -3.761012 -37.200752 
3.112036 -3.929032 -37.792303 
3.862272 -3.285904 -37.945702 
4.013907 -2.896505 -38.854204 
3.541641 -2.275400 -39.479659 
3.832008 -1.388740 -39.839548 
4.464572 -1.999915 -40.315286 
4.538585 -2.735985 -40.988134 
3.825613 -3.347814 -41.330679 
3.898272 -3.237709 -42.321939 
4.810571 -3.394130 -42.700413 
5.616837 -3.859860 -43.065145 
6.124439 -4.277792 -43.818586 
5.841463 -4.105905 -44.762186 
5.695495 -5.089361 -44.654919 
4.826275 -5.160935 -44.165700 
4.502157 -5.102067 -43.221517 
4.334976 -6.048443 -43.497964 
3.769204 -6.595799 -44.114651 
2.982110 -5.991548 -43.990702 
2.111707 -5.500245 -43.958762 
2.838897 -4.819664 -44.048227 
3.711438 -4.392934 -44.286080 
4.078062 -4.917349 -45.054569 
3.939328 -4.914585 -46.044895 
4.300269 -4.031527 -45.745012 
3.352499 -3.862176 -46.015292 
2.674378 -4.347174 -45.463089 
2.229735 -3.497132 -45.180739 
1.562062 -4.169404 -44.860954 
1.267097 -4.427131 -43.940860 
1.398718 -4.510939 -42.953109 
0.426882 -4.684863 -43.112125 
-0.476653 -5.009337 -43.392018 
-0.877154 -4.940222 -44.305705 
-1.764751 -5.239322 -44.656005 
-2.355051 -5.650308 -43.961285 
-2.023221 -5.524633 -43.026355 
-1.716502 -6.466801 -42.891294 
-2.160351 -7.304182 -43.210340 
-2.950538 -7.265630 -42.598687 
-3.881312 -6.958664 -42.797262 
-3.870192 -6.040424 -43.193132 
-3.249157 -5.261650 -43.104669 
-2.830669 -5.108389 -42.209471 
-3.651236 -4.542744 -42.291426 
-4.172531 -4.273266 -41.481715 
-4.438279 -3.543312 -42.111434 
-5.101259 -3.489900 -41.364704 
0.345840 12.991692 54.540550 
1.234207 12.532570 54.543835 
0.400003 11.981527 54.565191 
-0.551872 12.180078 54.798667 
-1.100806 12.986401 55.018928 
-0.671125 13.744779 54.528788 
-0.633068 14.652449 54.110832 
-0.642625 14.798972 55.099993 
-1.193038 15.526156 55.510174 
-1.399846 15.616006 56.484422 
-1.578451 16.500342 56.915758 
-0.846263 16.434201 56.237874 
-0.586737 17.351595 55.936154 
-0.788758 17.852593 55.094614 
-1.158230 18.322224 55.896448 
-0.949731 19.297407 55.821983 
-1.542057 19.980574 56.249105 
-2.336405 20.407690 55.817153 
-3.136333 21.006823 55.851155 
-3.511896 21.132973 54.932984 
-3.217462 21.991915 54.514023 
-3.044658 22.674625 55.223985 
-3.019024 22.885891 56.201078 
-3.862954 22.664101 56.689538 
-3.005789 22.646947 57.204295 
-3.172655 23.397861 57.843265 
-2.442056 24.002303 58.160873 
-1.650046 23.988720 58.771231 
-1.037737 23.456190 58.186860 
-0.778392 23.044416 59.060463 
-1.508422 23.165854 59.733003 
-1.693563 22.271685 59.325345 
-2.640807 22.028104 59.117028 
-2.528986 22.533232 59.972798 
-3.179157 22.139352 60.622517 
-3.508175 23.016684 60.273180 
-2.871719 23.698810 59.913142 
-3.643270 24.306612 60.100988 
-4.518223 24.135572 59.647995 
-3.761610 24.488883 59.097805 
-2.770145 24.364098 59.060029 
-2.271533 25.221152 58.930241 
-2.356590 25.813142 58.128797 
-3.106406 26.062873 57.516089 
-3.523326 25.363898 58.097133 
-4.071234 25.126330 57.295037 
-4.693198 25.109349 58.077900 
-5.674562 25.096950 57.886144 
-6.368870 25.805085 58.014522 
-5.731937 26.541710 57.787149 
-5.456063 26.098501 58.640060 
-5.002696 26.104711 59.531363 
-4.025058 26.308868 59.581802 
-4.567862 26.914895 59.000342 
-4.734099 27.479016 59.809126 
-5.594295 27.958439 59.982956 
-4.797580 28.526811 59.777537 
-5.609851 29.039227 59.498887 
-5.760197 29.671928 60.258549 
-5.993483 30.504787 59.756629 
-6.262568 31.376883 59.347921 
-7.174496 31.623778 59.675686 
-7.449014 32.585184 59.657293 
-8.269931 33.090610 59.391512 
-8.400788 32.159233 59.051786 
-8.407480 31.239296 58.659776 
-8.458016 30.506742 57.980945 
-8.801939 30.800191 57.088978 
-8.627254 30.083909 56.413385 
-7.824664 30.282768 56.975794 
-7.023303 30.011675 56.442569 
-6.033273 29.875357 56.478046 
-6.059517 28.883189 56.355926 
-6.999399 28.569458 56.221039 
-7.862905 28.323572 56.661377 
-8.306083 28.456604 55.774869 
-8.830995 28.157429 54.978024 
-7.966115 28.515599 54.626317 
-8.552858 28.315952 53.841540 
-8.783801 27.768513 53.037192 
-8.050897 27.205288 52.655578 
-7.055821 27.116320 52.611908 
-6.594624 26.388751 52.104028 
-7.403701 26.413586 51.516851 
-7.615278 26.499068 50.543235 
-8.469889 26.899342 50.212447 
-8.658001 25.950189 49.960015 
-7.987105 25.336037 49.544424 
-7.796146 26.309660 49.419556 
-8.495068 26.851419 48.952644 
-9.257336 27.449915 48.706169 
-8.809063 28.236490 49.130847 
-9.546968 28.499567 48.509327 
-9.766059 28.328884 49.469987 
-10.429014 27.595525 49.319406 
17.163340 -0.775808 -2.030550 
18.110195 -0.650484 -2.326792 
17.901522 -1.628137 -2.301282 
16.972658 -1.941761 -2.104172 
16.608292 -1.680162 -1.210414 
15.815003 -1.307763 -1.692090 
15.031982 -1.323466 -2.313888 
14.931909 -2.188522 -1.822295 
14.751359 -2.481560 -0.883396 
14.400133 -3.406930 -1.025985 
14.054116 -4.049994 -1.709169 
14.282257 -3.704697 -2.619511 
13.544262 -4.336870 -2.855564 
12.862436 -3.631492 -3.049358 
12.262695 -4.365412 -3.368219 
11.656113 -3.833331 -3.958938 
10.772941 -4.123379 -3.590321 
10.806127 -4.970228 -4.121118 
10.886303 -5.768166 -4.718501 
10.834161 -5.053312 -5.415827 
11.356623 -4.208688 -5.532637 
12.239185 -4.528506 -5.187962 
12.183795 -4.944650 -4.280352 
12.518931 -5.834084 -3.969562 
13.315043 -6.435302 -4.038428 
13.549483 -6.397722 -5.009832 
13.917280 -7.165846 -5.533960 
14.404195 -8.027521 -5.391024 
13.960602 -8.632818 -4.730085 
14.431541 -8.987831 -3.922507 
14.558134 -9.947173 -3.670241 
13.577039 -10.019673 -3.490807 
12.703002 -10.476525 -3.325442 
13.377296 -10.512664 -2.587864 
13.021593 -11.431513 -2.758721 
12.494112 -12.248310 -2.525039 
12.413489 -13.206040 -2.801180 
11.796516 -13.979699 -2.945391 
11.806346 -14.975526 -3.036120 
12.192517 -14.594138 -3.876010 
11.223224 -14.388181 -4.010370 
10.329905 -14.294890 -4.450005 
9.879935 -13.403256 -4.500171 
10.070560 -13.561644 -5.468972 
9.355656 -12.869107 -5.372516 
9.155900 -11.922377 -5.119930 
8.597137 -11.401536 -4.474555 
7.677291 -11.793708 -4.465362 
7.669494 -12.287521 -5.334896 
6.692317 -12.275565 -5.546984 
6.303051 -11.541400 -4.990681 
6.284579 -10.583540 -4.704042 
6.117815 -9.607777 -4.562350 
6.949376 -9.407219 -5.080310 
6.618247 -9.668342 -5.987045 
6.931894 -9.446547 -6.910318 
7.826256 -9.184811 -7.273100 
8.200260 -9.496378 -8.146626 
7.267490 -9.141714 -8.211077 
7.155511 -8.169536 -8.005336 
7.818020 -8.171432 -7.256284 
8.163464 -7.267729 -7.509246 
7.540371 -6.643967 -7.037362 
6.649573 -6.197977 -7.124384 
5.734412 -6.304526 -6.735633 
4.783771 -5.996324 -6.699651 
4.036224 -6.659534 -6.736070 
4.222488 -6.762972 -7.713109 
4.901777 -7.363658 -7.291514 
5.330267 -7.758307 -8.104317 
5.812267 -8.173463 -8.875888 
6.112081 -9.086241 -8.598492 
6.186263 -10.074661 -8.730869 
6.418314 -10.565399 -7.891030 
5.574285 -10.212329 -7.487353 
4.938183 -10.949946 -7.713840 
5.089611 -10.755293 -8.682953 
4.581787 -11.493927 -9.126274 
4.499686 -11.581971 -10.119002 
3.586810 -11.203497 -10.272025 
3.436179 -10.544524 -11.008954 
4.043443 -9.854220 -10.615620 
3.686162 -8.931584 -10.470381 
3.104094 -8.573354 -9.740403 
-33.995840 20.254792 -3.736350 
-34.046701 20.697322 -4.631660 
-34.515380 20.379179 -5.455751 
-34.536283 19.789585 -4.648321 
-35.492421 19.638681 -4.397267 
-36.138565 19.674161 -3.634877 
-35.388207 19.140063 -3.245387 
-36.084051 18.865902 -2.581582 
-35.545270 18.110292 -2.954098 
-35.113277 17.307227 -2.543648 
-35.065881 16.311480 -2.464652 
-34.819693 15.640289 -3.163861 
-34.377880 14.824374 -3.536803 
-35.043445 15.298517 -4.113181 
-35.269540 15.724791 -4.989064 
-35.615603 16.408681 -5.631354 
-35.195898 15.684960 -6.179146 
-34.582249 16.030490 -6.889107 
-34.853172 16.954018 -6.617637 
-35.706725 16.515930 -6.899638 
-36.182514 15.733678 -6.497510 
-36.254768 15.105310 -5.722957 
-37.049936 15.703937 -5.819670 
-38.003687 15.451851 -5.655926 
-38.001581 16.451003 -5.697067 
-38.312312 17.384694 -5.875016 
-39.251013 17.253255 -6.193708 
-39.426325 17.253019 -5.209195 
-38.951288 16.834787 -4.434972 
-39.725206 16.898978 -3.804948 
-40.481199 17.471184 -4.122838 
-40.486294 17.195099 -3.161719 
-39.646698 17.613653 -2.815466 
-39.163706 17.895828 -1.986553 
-39.194787 18.863438 -2.237084 
-39.434278 18.692751 -3.192861 
-40.425384 18.561901 -3.217086 
-41.153372 18.499334 -2.534357 
-40.948117 18.076490 -1.651706 
-40.703594 17.968543 -0.688090 
-39.954414 17.396894 -1.022675 
-39.011837 17.066409 -0.974434 
-39.230448 16.237453 -1.489256 
-39.110155 15.499755 -2.153583 
-40.038630 15.129890 -2.187246 
-40.903252 15.548770 -2.464676 
-40.563605 15.859830 -3.352303 
-40.595144 16.111727 -4.319543 
-39.849534 15.445822 -4.344763 
-39.961006 14.564378 -3.885818 
-39.561373 14.958158 -3.058031 
-39.120640 14.237868 -2.522367 
-38.233739 13.777689 -2.562894 
-37.588890 13.324698 -1.947289 
-38.338198 12.696858 -1.736685 
-38.151374 12.995747 -0.800863 
-37.379895 13.560339 -0.507510 
-36.553617 13.105062 -0.175868 
-35.776694 12.651688 -0.612723 
-36.310538 11.940154 -0.155854 
-35.350382 11.967001 0.122318 
-34.779594 11.743179 -0.667685 
-34.000977 11.213469 -1.004082 
-33.216189 11.832878 -0.983088 
-32.358578 11.406780 -1.271086 
-32.132566 11.223622 -2.227837 
-31.561117 11.442278 -3.018808 
-31.601217 10.445612 -3.089859 
-31.446951 10.904924 -3.964636 
-31.279868 11.198324 -4.905912 
-31.289553 11.890051 -5.628005 
-30.826830 11.034234 -5.859229 
-30.681982 10.260515 -6.475977 
-30.476743 11.133516 -6.918408 
-29.890844 11.802630 -7.375582 
-30.226205 12.377707 -8.121784 
-29.702213 13.162032 -8.453850 
-30.687768 13.331358 -8.450580 
-30.275009 13.996063 -7.827846 
-30.274594 14.820320 -7.261629 
-30.671871 14.792819 -6.344342 
-30.715643 14.601844 -5.363724 
-48.539960 13.805692 -53.086050 
-48.611397 14.034486 -52.115200 
-49.327017 14.732603 -52.092365 
-49.822485 15.522564 -52.453575 
-50.073077 14.951630 -53.235392 
-50.308075 14.072600 -53.650220 
-51.153996 13.581267 -53.442833 
-51.402980 13.220248 -54.341539 
-52.135473 13.584986 -54.916362 
-52.702851 14.341365 -54.590828 
-52.197131 14.567125 -55.423463 
-53.091476 14.160495 -55.610007 
-52.484286 13.541127 -56.107706 
-51.530165 13.828031 -56.193371 
-50.653838 13.624485 -55.756771 
-50.821206 14.608473 -55.695480 
-50.360484 15.432447 -55.365628 
-50.733265 15.740551 -56.240903 
-49.753598 15.908150 -56.351190 
-49.564376 16.890073 -56.346377 
-48.947158 16.626243 -57.087618 
-49.588602 17.328906 -57.395538 
-49.847088 16.374627 -57.545662 
-50.004167 16.808754 -58.432713 
-49.339782 16.905930 -59.173759 
-48.463630 17.205143 -58.795832 
-47.931240 17.324159 -59.633923 
-47.432807 18.176244 -59.793658 
-46.583031 18.233408 -60.317694 
-45.583384 18.244986 -60.341595 
-46.070334 18.779570 -59.650870 
-45.172528 19.205307 -59.538208 
-44.400575 19.104549 -58.910566 
-44.957507 19.502258 -58.181419 
-45.172581 19.801150 -57.251685 
-46.115969 19.677156 -56.944041 
-46.736585 19.784254 -56.167275 
-47.313215 19.993024 -56.957156 
-48.007970 19.413213 -56.531557 
-48.583039 19.109318 -57.291125 
-49.529738 19.428166 -57.245324 
-50.194851 18.681436 -57.241020 
-50.482661 18.852818 -58.183248 
-51.061004 19.163573 -57.428960 
-51.162174 18.195099 -57.656608 
-51.327722 17.418181 -57.049161 
-52.315390 17.393910 -57.203830 
-52.860247 17.531401 -58.031010 
-53.746994 17.624971 -58.483695 
-54.439732 17.821822 -57.789890 
-54.746310 18.763909 -57.925836 
-54.569562 19.511929 -57.286127 
-54.140203 20.063920 -58.000938 
-53.412736 20.580182 -57.548981 
-52.503254 20.578104 -57.964720 
-51.784669 19.888365 -58.053576 
-51.923514 19.711313 -57.079218 
-52.582901 18.962149 -57.142168 
-51.874990 18.717274 -56.479674 
-51.454425 18.591190 -55.581216 
-51.902215 19.482521 -55.510422 
-52.176839 20.147527 -56.204936 
-52.915885 19.508168 -55.992730 
-53.591719 18.779353 -55.882839 
-54.325350 19.445479 -55.748447 
-54.915597 19.071700 -55.032977 
-54.992560 18.160392 -54.628509 
-54.017948 17.966817 -54.741024 
-54.356632 17.079111 -55.052906 
-55.339841 16.995773 -55.215247 
-55.836330 16.815631 -54.366101 
-55.494059 17.155112 -53.489971 
-56.177314 17.045325 -52.768093 
-55.218013 16.866066 -52.549905 
-54.991379 16.061125 -52.001536 
-55.385016 15.618216 -51.196005 
-55.836502 15.772306 -50.317132 
-56.387191 14.999248 -50.631973 
-57.367043 14.847761 -50.501813 
-58.353459 14.750633 -50.369341 
5.761840 9.431792 -68.410050 
5.401635 8.504804 -68.514677 
4.855565 7.932268 -69.126241 
4.951958 7.465660 -70.005437 
4.729840 8.438689 -70.067720 
5.569797 8.626967 -69.558775 
6.523360 8.325884 -69.550582 
6.901076 8.442801 -70.469092 
5.950986 8.142085 -70.552153 
5.482093 7.473242 -71.129031 
4.792819 7.803408 -71.773928 
4.866994 8.781548 -71.579660 
5.842897 8.568544 -71.532314 
5.569149 9.105699 -72.330140 
5.191919 9.916623 -72.777466 
5.814775 10.405190 -72.166440 
6.208847 10.322329 -71.251103 
5.379608 10.804770 -70.968944 
4.528928 11.052028 -70.505040 
3.726335 11.257602 -69.945053 
4.366222 10.730051 -69.386273 
4.952109 11.499881 -69.639448 
5.336642 12.278832 -70.134797 
5.616008 12.206342 -71.092241 
6.371299 12.686353 -70.646007 
7.322956 12.714230 -70.340112 
7.716438 11.867421 -70.698002 
6.788039 11.779440 -70.336984 
6.529844 10.953351 -69.836072 
7.094575 11.536685 -69.252291 
6.780870 11.930664 -68.388364 
6.207741 12.737978 -68.247765 
5.603310 12.951907 -69.015162 
5.504757 13.655450 -69.718947 
5.987742 14.457896 -70.069383 
6.652129 14.377144 -69.326369 
6.881028 14.903733 -68.507645 
7.355942 14.053897 -68.279096 
7.565780 13.520545 -67.459643 
8.419072 13.908780 -67.111554 
8.287303 14.619976 -67.802089 
9.243240 14.333185 -67.864828 
9.119594 15.295545 -68.106854 
9.116490 16.295538 -68.108575 
10.024233 15.896511 -68.238107 
10.839517 15.664110 -67.707728 
10.773611 15.128838 -68.549832 
11.467364 14.497009 -68.204147 
11.648073 13.625871 -67.747571 
10.766975 13.601990 -67.275240 
11.285905 14.394159 -66.954024 
10.410480 14.821201 -66.727605 
9.807289 15.399157 -66.177943 
10.507848 14.866815 -65.702729 
10.589351 14.041001 -65.144706 
9.721114 14.001153 -64.650159 
9.071110 14.754941 -64.553738 
8.742835 13.815506 -64.455261 
7.747386 13.766456 -64.373564 
7.079587 14.506185 -64.290813 
6.227145 14.894340 -63.940559 
6.033019 14.349880 -63.124546 
5.216827 14.904764 -63.285587 
4.634961 14.880168 -64.098500 
4.603768 13.927097 -63.797367 
4.888294 13.079729 -64.245712 
5.849288 12.989981 -64.507315 
5.272566 13.225842 -65.289467 
5.133725 13.249698 -66.279494 
4.246879 13.705325 -66.202630 
3.804581 13.222453 -65.446848 
3.983023 14.018095 -64.867960 
4.388597 14.702074 -65.474328 
4.068483 15.578425 -65.834240 
3.102362 15.423022 -65.628181 
3.054648 16.342753 -66.017821 
2.544998 16.316361 -66.877799 
3.105717 15.671331 -67.396961 
-1.383360 48.340592 -48.410050 
-2.140194 47.904409 -48.896823 
-2.764532 48.315639 -48.232676 
-2.210480 47.537926 -47.935711 
-2.896581 47.541190 -47.208212 
-3.865169 47.746355 -47.348725 
-4.320406 48.576825 -47.027664 
-4.112403 48.922457 -47.942690 
-5.010565 49.288963 -47.699837 
-5.754939 48.653325 -47.904458 
-6.600826 48.987152 -48.320434 
-7.543208 49.304671 -48.215086 
-7.653761 50.044260 -48.879003 
-8.493936 49.929572 -49.409053 
-7.646784 50.090529 -49.915438 
-8.252338 50.664040 -50.467153 
-9.140061 50.220106 -50.589095 
-8.841559 49.855557 -51.471139 
-9.264643 50.164236 -52.323029 
-9.900462 49.408104 -52.477946 
-10.847535 49.481431 -52.165416 
-11.546642 49.109113 -52.775849 
-12.112626 49.923869 -52.901685 
-11.901687 49.745112 -51.940670 
-11.288703 50.447098 -51.578086 
-11.928501 50.086751 -50.899257 
-12.413320 49.257503 -51.177284 
-13.366436 49.287169 -50.876138 
-14.071693 49.107403 -51.561920 
-14.317719 49.864199 -50.956337 
-14.456615 49.332307 -50.120993 
-14.284411 48.670485 -49.391379 
-15.043254 48.382090 -48.807439 
-16.022774 48.396936 -48.606641 
-16.219471 47.524729 -48.158797 
-15.581936 46.865244 -48.557080 
-14.773340 47.198387 -48.072118 
-14.312970 46.767413 -48.848211 
-13.705019 45.983165 -48.972111 
-13.042351 46.714619 -49.132881 
-12.077123 46.731431 -48.872013 
-11.897778 47.517140 -49.464040 
-12.295677 47.394833 -50.373281 
-13.198632 47.218367 -50.765113 
-14.156528 47.477469 -50.641420 
-14.749724 46.791036 -50.220791 
-13.808042 46.454974 -50.238051 
-14.307953 45.588902 -50.240932 
-15.243028 45.290669 -50.049384 
-15.641133 46.071474 -49.567870 
-15.550646 45.381945 -48.849287 
-16.089872 45.371745 -48.007188 
-15.762935 44.508097 -48.390884 
-15.413797 44.376748 -47.463064 
-14.887016 44.992841 -48.048667 
-14.404617 44.680232 -48.866938 
-13.816593 43.936346 -48.549352 
-13.158782 43.275255 -48.910245 
-12.243201 42.956197 -49.155017 
-11.444405 42.574218 -49.619793 
-12.030564 41.844461 -49.267838 
-11.323411 41.320914 -49.743057 
-11.415959 41.176949 -48.757811 
-10.639448 41.805693 -48.716434 
-10.159079 41.686882 -49.585416 
-10.109330 41.235230 -50.476222 
-10.945347 40.807368 -50.819746 
-10.816347 40.426394 -51.735288 
-10.946304 41.074732 -52.485468 
-11.534663 40.266510 -52.510191 
-12.231472 39.810965 -53.064208 
-11.326607 39.399106 -53.171876 
-11.303745 40.147576 -53.834651 
-11.021518 39.901794 -54.761980 
-11.864274 39.367718 -54.694699 
-12.611844 38.981433 -55.234998 
-52.200560 41.482192 48.794550 
-52.652727 41.005598 48.040624 
-53.119353 40.966864 47.157018 
-53.834026 41.616470 46.897681 
-54.372868 42.458400 46.869342 
-54.544968 42.305572 47.842494 
-54.935968 43.216738 47.712512 
-55.799647 43.711817 47.807143 
-56.294553 43.592262 48.667826 
-56.919431 43.356580 49.412125 
-57.326955 42.571459 48.945746 
-57.203604 42.513577 47.955073 
-57.234946 42.454169 46.957331 
-57.801315 43.277027 47.003482 
-57.950021 43.853317 46.199880 
-57.758297 44.777086 45.868379 
-57.680940 45.760926 46.029855 
-58.499189 46.277021 46.283064 
-58.817092 45.933040 47.166588 
-58.534084 46.633842 47.821404 
-58.916667 47.253236 47.135852 
-58.639408 48.203070 47.280568 
-59.490886 48.717547 47.382050 
-58.877774 49.171220 48.028792 
-58.270976 48.939830 48.789223 
-58.593055 47.997998 48.885236 
-58.394340 47.488697 49.722568 
-57.648605 48.129676 49.904298 
-57.878738 47.849760 50.836331 
-58.774671 47.424515 50.707999 
-59.729148 47.340306 50.421845 
-60.382860 47.702197 51.086446 
-59.628302 47.342440 51.635279 
-60.380680 46.692633 51.743342 
-59.903971 46.874629 52.603358 
-59.693493 46.193039 53.304167 
-59.086346 45.747375 52.646326 
-59.616868 45.491367 51.838238 
-60.315876 44.790931 51.694096 
-60.380099 45.238451 52.586061 
-60.809362 45.707015 53.358188 
-61.617438 46.277242 53.210351 
-62.436572 46.547188 52.704240 
-63.171093 46.999348 52.198247 
-63.889894 47.455806 51.673870 
-64.242104 47.059588 52.521784 
-64.883891 47.625253 53.039599 
-65.766531 47.811649 52.608086 
-66.313550 47.998840 51.792163 
-66.732712 47.481377 51.046150 
-66.358009 47.316248 50.133829 
-65.488605 46.887803 50.379942 
-64.667853 46.347194 50.564622 
-63.855733 46.890812 50.352629 
-63.326225 46.631305 49.544992 
-64.036715 46.352742 48.898767 
-63.532066 45.514568 48.691898 
-64.017558 45.713018 47.840478 
-64.924295 45.388480 47.571216 
-64.607429 46.188692 47.062045 
-64.787085 46.440813 46.111172 
-65.462407 46.212793 45.409783 
-65.477846 45.216015 45.331068 
-64.723808 44.841251 44.791643 
-65.281496 44.067055 45.090984 
-65.254595 44.117451 46.089351 
-66.042111 43.507988 45.997847 
-65.926889 42.805202 45.295838 
-10.701560 47.798592 1.074550 
-9.827241 48.282856 1.042087 
-9.924395 47.500609 1.657433 
-9.476757 47.034833 2.420763 
-8.949968 47.842296 2.686277 
-8.472699 48.132728 1.856902 
-7.842331 47.674109 1.230559 
-7.460816 48.286974 1.922545 
-7.300304 49.079089 2.511433 
-7.301097 48.981166 3.506626 
-8.108716 49.078429 4.088255 
-8.494564 48.730103 4.942532 
-7.535239 48.448722 4.965375 
-7.700707 49.148796 5.660009 
-7.331589 49.476697 6.529626 
-6.413787 49.758655 6.250091 
-5.446212 49.727371 5.999450 
-5.584497 48.746819 5.860183 
-6.436044 49.110481 5.482535 
-6.588201 48.381754 6.150221 
-6.129374 48.702152 6.978969 
-6.789126 49.250352 7.492976 
-6.838507 50.249074 7.503760 
-5.971708 50.112725 7.983415 
-6.687178 50.383970 8.627255 
-7.123670 51.261580 8.825432 
-7.305368 51.118343 7.852565 
-8.067291 51.752892 7.722872 
-7.829710 52.537433 7.150116 
-8.640841 53.084589 6.943509 
-8.900233 53.559178 7.784628 
-9.718018 53.911331 8.239837 
-9.968460 52.952883 8.103246 
-9.637743 53.117955 7.174064 
-10.528350 53.205669 6.727828 
-10.425681 52.829985 5.806785 
-11.278633 53.191639 5.430382 
-11.319396 54.184986 5.538087 
-11.204994 55.153046 5.314991 
-10.364701 55.303215 4.794072 
-10.890932 56.151864 4.847690 
-10.699959 56.625292 3.987810 
-10.998486 57.113080 3.167478 
-10.336675 57.857562 3.079429 
-9.339830 57.919194 3.029411 
-8.701652 57.180890 2.811157 
-8.718864 56.848778 3.754239 
-9.513884 56.898800 4.358756 
-10.124678 57.649919 4.108254 
-9.563297 58.443819 3.874640 
-10.298221 58.957056 4.317896 
-10.755060 58.277226 4.891594 
-10.481040 59.100586 5.388576 
-10.047362 59.992993 5.513205 
-10.619925 60.262645 4.738957 
-9.937034 60.501265 4.048508 
-9.342563 59.865518 3.556136 
-10.120015 59.889218 2.927640 
-9.936520 59.755826 1.953712 
-10.315838 59.395143 1.101641 
-9.637460 58.695502 1.325927 
-9.695332 58.345927 0.390807 
-9.876318 57.437768 0.013327 
-9.099297 56.911938 0.359362 
-8.340951 56.536471 -0.173495 
22.495640 -25.850208 63.080430 
21.820324 -26.564931 62.898438 
20.880833 -26.222382 62.902548 
20.605805 -25.986565 61.970480 
20.126447 -25.465838 61.264039 
19.732221 -25.097268 62.105907 
20.465289 -24.417873 62.073748 
21.105908 -24.928306 61.500107 
21.624500 -24.255230 60.972821 
21.501709 -23.298858 61.237917 
20.963617 -22.457300 61.190630 
21.148404 -21.774037 61.897034 
21.580046 -21.551605 62.771224 
20.724434 -22.012262 63.007281 
19.828048 -22.451564 62.948061 
19.518457 -21.773096 62.281852 
19.010195 -22.283782 61.588404 
18.766355 -23.244342 61.454738 
17.932092 -22.736220 61.240688 
17.132102 -22.149200 61.364881 
16.925355 -21.955697 60.405813 
17.298503 -21.057057 60.175150 
16.530534 -20.919223 60.800629 
16.539435 -20.147305 60.164969 
17.407130 -19.764963 60.482648 
17.526131 -18.795090 60.270083 
17.847306 -18.124723 59.601162 
16.862700 -18.184682 59.765347 
16.611439 -17.667016 60.583203 
16.750571 -16.744041 60.224372 
15.787697 -16.536727 60.051470 
16.180796 -16.257167 60.927438 
15.500262 -16.630893 61.557678 
16.348890 -16.521891 62.075316 
16.653931 -17.472337 62.135339 
16.894338 -17.420010 63.104599 
17.319513 -18.323515 63.050698 
18.096510 -17.911724 62.574564 
18.877946 -18.086558 63.173555 
18.777347 -17.676211 64.079919 
18.916166 -17.608805 65.067940 
19.735957 -17.123005 65.371156 
20.062595 -16.637750 66.182227 
20.253905 -16.795680 67.150968 
19.754223 -17.615315 66.870760 
20.512014 -17.586099 66.218916 
21.284317 -17.715523 66.840846 
22.142545 -17.906725 66.364521 
21.744643 -17.032702 66.085671 
21.701051 -17.079369 65.087712 
22.023233 -16.440128 64.389450 
22.016995 -17.326999 63.927476 
22.491745 -18.044275 64.437503 
22.344327 -19.019206 64.270834 
22.525641 -19.473593 63.398677 
22.845574 -19.128053 62.516495 
22.087286 -19.446575 61.947688 
21.445243 -19.940213 62.534290 
21.147687 -19.911196 61.580027 
21.511804 -19.690294 60.675250 
20.957378 -18.964901 61.083193 
20.081692 -18.721916 61.500484 
19.456834 -18.482034 60.757511 
18.732897 -18.672455 60.094446 
18.404102 -17.885983 60.617279 
19.216799 -17.585456 60.118074 
19.769945 -16.753295 60.078854 
20.442457 -16.674197 60.814702 
21.175405 -16.803770 60.146871 
-13.836860 -9.088008 17.337650 
-13.492371 -8.176063 17.114754 
-12.970181 -7.691721 16.412807 
-12.391247 -8.056868 15.683763 
-12.273474 -7.900548 14.703104 
-11.490477 -7.365954 15.021106 
-10.548333 -7.600097 14.781227 
-10.104819 -7.369916 15.647432 
-9.236562 -6.970761 15.352804 
-9.001957 -7.783962 14.820203 
-8.118090 -8.238694 14.929743 
-8.051123 -7.872079 14.001784 
-7.733985 -7.327104 13.225622 
-7.541696 -6.688699 12.480328 
-6.861973 -6.215692 11.919756 
-6.056800 -6.656973 11.523567 
-6.384511 -7.585284 11.347942 
-5.947863 -8.209306 10.699917 
-5.738622 -8.764275 9.894792 
-6.704581 -8.511356 9.840445 
-7.021423 -7.616252 9.526758 
-6.707619 -7.175987 8.685513 
-5.927778 -6.659792 9.039619 
-5.644280 -5.723612 9.247453 
-5.495315 -5.982040 8.292978 
-4.724654 -5.962427 7.656035 
-5.199831 -5.572457 6.867282 
-4.669735 -6.357329 6.546387 
-4.392945 -7.127885 5.972252 
-3.653010 -6.455207 5.973312 
-3.651827 -6.008225 6.867855 
-3.133009 -5.159251 6.767507 
-3.494616 -4.283503 6.447651 
-3.940144 -4.344345 5.554453 
-3.855930 -4.259964 4.561584 
-3.558267 -3.451266 5.068934 
-4.020938 -2.717920 5.567070 
-3.378711 -1.966059 5.716228 
-3.101334 -2.322272 4.823942 
-2.427772 -2.691793 4.183809 
-3.133411 -2.668451 3.475623 
-3.622514 -1.997515 4.032958 
-4.183840 -2.650178 3.524092 
-4.302978 -1.815416 2.986525 
-4.687351 -2.456317 2.322068 
-5.308786 -1.757245 1.968351 
-6.086012 -1.129658 2.013683 
-6.577999 -0.424225 1.503474 
-6.739804 -0.517109 2.485916 
-7.733631 -0.598205 2.561616 
-8.319413 -0.271765 1.819796 
-8.537570 -1.180068 1.462874 
-8.519780 -2.099369 1.069722 
-9.519289 -2.080932 1.095026 
-10.467619 -2.373617 1.217530 
-10.235656 -3.327564 1.407737 
-10.149142 -3.715496 0.490118 
-10.858443 -3.949312 -0.174879 
-11.478533 -3.834756 -0.951001 
-12.130570 -4.483450 -1.343484 
-11.700249 -5.309104 -1.708339 
-11.571479 -5.735376 -0.812956 
-11.330204 -4.861305 -0.391311 
-12.195392 -4.361879 -0.346345 
20.864840 -68.209308 -5.689650 
20.461954 -69.057567 -5.345936 
20.402657 -69.156291 -4.352589 
21.158234 -68.519814 -4.197664 
20.787920 -68.447293 -3.271593 
21.449571 -69.182333 -3.419691 
20.710491 -69.815141 -3.650592 
19.806054 -69.677889 -3.246667 
18.819289 -69.695865 -3.407827 
18.586293 -69.928508 -2.463587 
17.634105 -70.042146 -2.179995 
17.198307 -70.683656 -2.811300 
17.320326 -69.995194 -3.526234 
16.655212 -70.707515 -3.750333 
17.002569 -71.629037 -3.923941 
16.388505 -71.337146 -4.657238 
17.006818 -70.854593 -5.277586 
16.700701 -71.722867 -5.667959 
16.570444 -71.194370 -6.506842 
16.286971 -70.882768 -7.413785 
15.770336 -71.036737 -8.256034 
15.639732 -70.245761 -8.853780 
14.792679 -70.776457 -8.883168 
14.536191 -71.248184 -9.726784 
15.141972 -71.890933 -9.257846 
15.330526 -72.846794 -9.483184 
14.455951 -73.003525 -9.024322 
13.848848 -73.217040 -9.789722 
13.217444 -73.271717 -10.563246 
12.301612 -72.916535 -10.375903 
12.260138 -73.515160 -11.175859 
12.897934 -73.969738 -11.797611 
13.856125 -73.909108 -11.517979 
14.707337 -74.190397 -11.074905 
15.221739 -73.924728 -11.890264 
15.370743 -73.042558 -11.443527 
15.729731 -73.179930 -12.366704 
15.237569 -73.703449 -13.062192 
15.044439 -72.931981 -13.668442 
14.519629 -73.282046 -14.444348 
15.283497 -73.926696 -14.474870 
16.054421 -74.308185 -14.984912 
16.464232 -74.078690 -15.867741 
17.350689 -73.618301 -15.820449 
18.162308 -73.574811 -16.403016 
17.387988 -73.052784 -16.760670 
17.022717 -72.214542 -17.165549 
17.138652 -71.759912 -16.282446 
17.838052 -71.515048 -16.953923 
18.570211 -70.990808 -16.519051 
18.862010 -71.730560 -15.912735 
19.836763 -71.517590 -15.979816 
19.377416 -71.848461 -16.804149 
18.762493 -71.892686 -17.591494 
19.411943 -72.354196 -18.195831 
19.182434 -72.564915 -19.146053 
18.224910 -72.584553 -19.433738 
18.652621 -73.258232 -20.036416 
17.786262 -73.569025 -19.645481 
16.993555 -74.091890 -19.958893 
16.136741 -74.275792 -19.477176 
16.870463 -73.884631 -18.921618 
16.131491 -74.114309 -18.288241 
-11.312760 -46.782488 18.043250 
-11.490945 -45.801599 18.121393 
-11.904236 -44.964451 17.763098 
-11.983931 -44.048540 18.156487 
-11.035795 -44.046501 17.838628 
-11.311223 -43.120637 18.097306 
-10.382787 -42.847737 17.845249 
-11.121473 -42.246859 17.539817 
-11.866857 -41.585084 17.620171 
-11.356118 -41.787491 18.455741 
-12.311477 -42.078931 18.407240 
-12.633590 -42.345197 19.315726 
-11.904425 -42.812314 19.815846 
-11.287703 -43.104780 20.546680 
-11.500843 -43.828835 21.202664 
-12.289695 -43.479588 21.708370 
-12.927096 -44.004074 21.143893 
-12.456445 -43.725983 20.306544 
-13.026414 -42.937386 20.075784 
-13.064365 -43.370783 19.175380 
-13.930950 -43.820925 19.390789 
-13.910396 -44.018005 18.410616 
-13.680669 -43.057673 18.252538 
-14.154149 -43.064475 17.371759 
-14.580988 -42.448847 16.709331 
-15.471244 -42.891633 16.816032 
-15.547878 -43.813072 16.435143 
-14.603389 -43.938856 16.131631 
-14.929050 -43.858412 15.189572 
-15.085016 -42.906440 14.926089 
-15.633232 -42.099471 14.706409 
-15.801992 -42.731322 13.949914 
-16.372671 -43.377532 13.443221 
-16.322005 -43.475253 14.437144 
-17.193870 -43.820051 14.089343 
-17.946358 -43.216342 13.826100 
-17.527407 -42.380681 14.181278 
-16.750235 -42.090033 14.739424 
-17.618713 -41.933043 15.209636 
-17.211301 -41.030600 15.069598 
-16.878730 -40.098657 14.925102 
-16.424884 -39.354297 14.435252 
-15.469448 -39.391520 14.728094 
-15.513094 -39.501598 13.735130 
-16.100142 -39.356260 12.938731 
-15.229717 -38.864905 12.969245 
-14.313341 -39.032392 13.332841 
-13.866565 -39.802586 12.877657 
-13.966203 -40.730380 12.518115 
-13.090967 -40.660168 12.039542 
-12.144469 -40.401373 12.232334 
-11.762944 -39.497487 12.425795 
-11.351863 -38.695777 11.991888 
-11.752527 -38.999669 11.127528 
-12.688232 -38.929480 11.473257 
-13.309142 -38.678206 12.215774 
-13.332788 -37.679976 12.161210 
-12.349454 -37.543036 12.041614 
-12.050822 -37.058034 12.863557 
-12.275048 -36.087325 12.949863 
-12.978641 -36.483596 12.360009 
-12.481628 -36.594998 11.499447 
-12.101257 -35.745896 11.132920 
18.917740 39.183192 55.253150 
18.610285 38.645717 56.038384 
19.083786 38.387664 56.880527 
19.502716 38.185436 57.765740 
19.151230 38.909830 58.358791 
18.392557 39.415928 58.769010 
18.166542 38.935767 59.616573 
17.322289 39.113737 59.111039 
16.976531 39.220566 60.043262 
15.977019 39.237345 60.016927 
15.145709 39.780393 60.135346 
14.655623 39.565736 60.980176 
15.373767 39.014845 61.405369 
16.160442 39.567869 61.130948 
16.635101 38.715968 60.909670 
16.978434 39.220142 61.702092 
16.477700 38.368706 61.858053 
15.701123 38.558698 62.458745 
15.853927 39.194859 63.215018 
15.393601 39.879368 62.649733 
15.558304 40.709583 62.117177 
15.505673 41.694021 62.284842 
14.925390 41.253479 62.969820 
14.048711 41.732076 62.921060 
13.508811 41.732655 63.762789 
12.627578 41.750723 63.290453 
12.468609 41.436405 62.354540 
11.686634 40.997269 61.912189 
10.814971 40.728743 61.502193 
11.108666 40.064286 62.189390 
11.084419 39.161324 62.618425 
11.093254 39.583474 63.524908 
11.134276 39.467090 64.517265 
11.713914 38.654995 64.450026 
12.639239 38.345965 64.669741 
12.863687 39.198689 64.198057 
13.110225 38.644000 63.403363 
14.043579 38.316238 63.256999 
13.640497 38.675294 62.415213 
13.276361 37.794476 62.112616 
14.231361 37.726535 62.401337 
13.916731 37.239983 63.216368 
14.384754 37.664025 63.991702 
14.701338 38.110442 64.828652 
14.707967 37.760585 65.765432 
14.376461 37.242846 66.554134 
15.268171 37.549298 66.887213 
16.238268 37.642482 67.111326 
16.202917 38.518716 67.591914 
16.292753 38.605994 66.599789 
16.737224 38.329583 65.747707 
16.631532 37.398935 65.397388 
17.187016 36.632894 65.720836 
16.594730 35.890442 65.407845 
15.677489 35.628679 65.708093 
16.412817 35.533824 66.379134 
16.461881 36.433150 66.813653 
15.549824 36.677463 66.484313 
15.011421 35.835856 66.441657 
14.456933 36.348684 67.097057 
13.592189 36.849334 67.057467 
13.260408 37.546270 66.421698 
13.144547 36.784965 65.783741 
13.741738 35.984162 65.738160 
13.280673 35.159911 65.409480 
12.352841 34.815306 65.552219 
56.481840 -25.267608 -37.007050 
56.352404 -26.067298 -36.420754 
56.752509 -26.352879 -37.291592 
57.002307 -27.250027 -36.927276 
56.610014 -27.987162 -36.377058 
57.300201 -28.408347 -36.965485 
57.295882 -29.297536 -37.423004 
58.011404 -28.991163 -38.050828 
58.406024 -28.073826 -38.103452 
58.814572 -28.379302 -37.243352 
59.730449 -28.410209 -36.843085 
60.275765 -27.783619 -36.286295 
61.163835 -27.497317 -36.645965 
62.052313 -27.244790 -36.262772 
61.994394 -28.105213 -36.769051 
61.400450 -28.862979 -36.498827 
60.482617 -29.258747 -36.467997 
60.038855 -29.236303 -35.572133 
59.370297 -29.974851 -35.659173 
58.646739 -29.869136 -34.977052 
58.206687 -29.947765 -35.871576 
57.462274 -29.337723 -35.600102 
57.967648 -28.893745 -36.340021 
58.199771 -28.454411 -35.472205 
58.908805 -28.354942 -34.774081 
58.590417 -28.163474 -33.845659 
58.060800 -28.933056 -33.488939 
57.496256 -28.958530 -32.663929 
58.152322 -28.205971 -32.720784 
58.441622 -28.736679 -31.924132 
58.953092 -28.867941 -31.074915 
58.789690 -29.075859 -30.110514 
58.373734 -29.736431 -30.735515 
57.835023 -30.381901 -31.276957 
57.320916 -30.051703 -30.485336 
56.728905 -29.249474 -30.408194 
56.438890 -29.543035 -31.319080 
55.903928 -30.369096 -31.496391 
56.194570 -31.137278 -30.925932 
56.399171 -32.073782 -31.210709 
56.511970 -33.038920 -30.974518 
57.491105 -32.836680 -30.954721 
58.102985 -33.243657 -31.632934 
58.610073 -33.430198 -32.474399 
59.530583 -33.683082 -32.176555 
59.944948 -34.574745 -32.358868 
60.826895 -34.915011 -32.032696 
60.440905 -35.422165 -31.262107 
59.883537 -35.004189 -30.544725 
60.761591 -34.542274 -30.419601 
60.849437 -34.537203 -29.423480 
60.530561 -35.484723 -29.400611 
61.287707 -35.899248 -28.895735 
60.680246 -35.570983 -28.172386 
61.130991 -34.691948 -28.327714 
-13.214760 -43.470088 -45.553050 
-13.994092 -42.850682 -45.647800 
-14.345379 -41.951699 -45.386213 
-13.677522 -41.328630 -45.793340 
-13.593067 -40.640542 -45.072644 
-14.212237 -40.048745 -44.556501 
-13.531028 -40.598253 -44.072771 
-14.343097 -40.270872 -43.589693 
-15.318129 -40.082116 -43.472713 
-16.180138 -40.446438 -43.120279 
-16.336202 -39.499126 -43.399998 
-16.788386 -39.197499 -42.560623 
-16.457095 -38.273480 -42.369746 
-16.098507 -37.753402 -41.594547 
-16.925730 -38.208483 -41.264995 
-17.268427 -37.675851 -40.491133 
-16.556313 -36.976791 -40.556014 
-16.994604 -36.947976 -41.454385 
-17.840169 -36.761080 -40.954295 
-17.940826 -36.829814 -39.961751 
-18.453180 -37.649026 -40.219403 
-18.564059 -38.507305 -39.718341 
-19.552903 -38.510883 -39.867257 
-19.162350 -39.387018 -40.149846 
-18.842415 -39.557189 -41.081878 
-18.328724 -40.398855 -40.915383 
-19.141416 -40.881464 -40.588856 
-19.605984 -40.222344 -41.180242 
-18.948045 -40.450594 -41.897890 
-19.742041 -40.513167 -42.502585 
-19.252256 -40.994465 -43.229539 
-18.497708 -41.642579 -43.332525 
-18.499225 -41.708430 -42.334697 
-17.633658 -42.150544 -42.099473 
-17.515228 -41.532176 -41.322559 
-16.753394 -41.388667 -40.690883 
-17.170451 -41.593647 -39.805419 
-17.255596 -40.642012 -39.510223 
-16.717382 -40.517848 -38.676610 
-16.079015 -40.624884 -37.914357 
-15.728974 -39.690567 -37.981609 
-15.232653 -40.374983 -38.515688 
-14.725081 -40.478221 -37.660285 
-14.421310 -40.059672 -36.804400 
-14.660042 -40.452512 -35.916321 
-15.256127 -41.229740 -36.117816 
-14.549079 -41.470355 -35.452843 
-14.425594 -42.204401 -34.785064 
-14.420099 -43.192268 -34.940268 
-14.735035 -44.066928 -34.571777 
-14.515702 -44.215199 -33.607460 
-13.562240 -44.481329 -33.749186 
-30.857200 -18.385508 -24.351550 
-31.555207 -18.845019 -23.802336 
-31.733071 -19.789770 -23.527001 
-32.691763 -19.607848 -23.308339 
-33.574201 -19.278958 -22.971983 
-33.730765 -18.431136 -23.478625 
-33.938720 -17.624655 -24.032107 
-33.662541 -16.664646 -23.986202 
-33.942027 -17.013764 -23.091772 
-33.902942 -17.170648 -22.104929 
-34.627252 -17.854608 -22.191961 
-34.884844 -17.832595 -23.157964 
-35.598748 -18.528054 -23.076231 
-35.304824 -19.008746 -22.250069 
-35.038144 -18.791950 -21.310983 
-35.575250 -18.056898 -21.724765 
-36.555425 -18.021088 -21.529895 
-36.706214 -17.247272 -20.914695 
-37.266924 -16.909964 -21.670888 
-38.101398 -17.447392 -21.549132 
-38.068806 -17.782431 -20.607492 
-38.993287 -17.540188 -20.901861 
-39.236565 -16.905933 -21.635711 
-38.983180 -17.529288 -22.375457 
-38.936597 -16.952898 -23.191304 
-38.461521 -17.244393 -24.021565 
-38.531599 -18.120825 -23.545165 
-37.949743 -18.366720 -22.769936 
-37.258614 -17.644199 -22.752487 
-36.788589 -17.542359 -23.629245 
-36.168278 -17.799375 -24.370297 
-36.820378 -18.108825 -25.062400 
-37.106472 -17.204639 -24.745228 
-37.422015 -16.670838 -23.960696 
-37.900088 -15.832551 -24.222842 
-37.743311 -15.144713 -24.931574 
-37.898343 -14.170168 -24.769630 
-37.242619 -13.878450 -25.465996 
-37.537426 -13.071784 -24.953767 
-38.470456 -12.720143 -25.029956 
-38.675655 -12.402421 -25.955669 
-38.466670 -13.253864 -26.436678 
-39.247488 -12.767328 -26.828602 
-40.135033 -12.316582 -26.923956 
-39.696210 -11.818806 -26.175856 
-40.685204 -11.678665 -26.223312 
-40.264273 -11.079684 -25.542107 
-39.371715 -10.746478 -25.845937 
-39.175042 -10.099780 -25.108982 
-39.601800 -9.283903 -24.718827 
50.294640 -9.204208 30.819950 
50.612336 -9.956967 30.243388 
51.242878 -10.375155 30.897250 
50.287916 -10.346215 31.192562 
50.948145 -9.753428 31.653759 
51.725113 -9.162368 31.437038 
51.944389 -9.327846 30.475511 
52.657018 -8.679107 30.742529 
52.446282 -8.011956 31.457022 
52.547033 -7.535540 32.330450 
52.113222 -6.670200 32.581437 
52.540187 -6.193968 31.812734 
53.055288 -5.389961 32.109793 
53.961121 -5.306640 31.694431 
54.051949 -4.861424 30.803626 
53.346909 -5.544260 30.612177 
52.430491 -5.857799 30.860920 
51.921105 -5.216417 31.434640 
50.937879 -5.051112 31.511713 
50.628028 -5.398995 30.626857 
50.437913 -6.162094 31.244543 
49.760944 -5.860081 31.915737 
49.782972 -6.858768 31.961985 
50.112144 -6.437734 32.807193 
49.255237 -6.871490 33.085697 
48.417637 -6.743924 32.554516 
47.952123 -6.004525 32.068114 
48.425298 -5.603542 31.283692 
49.082214 -5.606682 30.529735 
48.778873 -5.227711 29.655455 
48.280421 -5.806769 29.010289 
48.055008 -5.960205 28.048184 
48.267571 -6.933970 27.966962 
48.012402 -7.717249 28.533851 
47.986629 -7.242383 29.413532 
48.251540 -7.793836 30.204558 
48.697817 -8.478410 29.628195 
48.538147 -9.189131 28.943082 
49.480431 -8.965597 29.192348 
49.271160 -9.908433 29.451703 
48.694620 -10.288666 30.174907 
49.222532 -10.772362 30.873009 
49.476411 -11.255298 31.711054 
48.522125 -11.367040 31.988275 
47.740230 -11.847828 31.591433 
47.198121 -11.180133 32.101630 
46.874004 -10.578377 31.371673 
46.296461 -9.772747 31.239749 
68.742240 -3.951408 72.360110 
69.295290 -4.630646 71.877646 
70.279786 -4.771871 71.981684 
71.005615 -4.159317 72.294652 
71.762795 -3.519486 72.163143 
72.244141 -2.764449 71.717917 
71.893589 -2.039823 72.311238 
72.533162 -1.346091 71.980053 
72.805151 -0.387238 71.898678 
71.827721 -0.228175 71.759651 
71.465165 -1.000028 71.237351 
70.635802 -0.870595 71.780862 
69.972075 -0.541772 71.109042 
70.275474 0.244479 70.570748 
70.000160 -0.062228 69.659632 
69.881009 0.499056 68.840630 
70.429836 1.247346 68.468002 
70.885424 1.038867 69.333436 
71.111009 1.963369 69.026175 
71.804167 2.599088 68.686480 
71.576001 3.401503 68.135056 
71.044306 3.042730 67.367865 
70.869991 3.941343 66.965236 
70.586409 3.888098 66.007768 
71.500939 4.288686 65.951531 
71.321590 5.176733 66.374860 
72.128866 5.742435 66.543041 
72.312272 6.237372 67.392394 
72.415887 7.143145 66.981493 
73.215645 6.628118 66.673055 
72.642695 6.827075 65.877980 
72.607852 7.060861 64.906317 
47.032440 -45.008248 18.312150 
46.864152 -44.027682 18.211308 
46.921872 -43.759009 19.172808 
46.240233 -43.485741 19.851552 
46.499492 -43.052198 20.714585 
46.867988 -42.123019 20.685654 
45.870633 -42.050395 20.682910 
45.354700 -41.659478 19.920678 
45.595631 -40.981646 20.615298 
44.971410 -40.497857 21.228729 
44.014735 -40.788991 21.225088 
44.041668 -40.493063 22.179919 
44.742985 -40.847197 22.798582 
44.948776 -41.714702 22.345718 
44.599599 -42.590527 22.678894 
44.779422 -43.383945 22.097387 
45.103263 -43.843235 21.270235 
45.761163 -44.578157 21.105745 
45.512648 -44.165419 20.229453 
45.369234 -44.848679 19.513500 
45.321461 -45.270857 20.418753 
45.364315 -46.094415 19.853142 
45.955656 -46.872463 20.065175 
46.783033 -46.747959 19.517502 
46.815233 -47.645730 19.956785 
46.993441 -48.534483 19.534457 
47.541931 -48.716648 18.718384 
48.145640 -49.273225 18.147633 
48.781334 -49.999154 17.885106 
49.104009 -49.361374 17.185736 
48.635432 -48.487132 17.312769 
48.275706 -47.774793 17.915404 
47.307701 -47.526816 17.953796 
46.645822 -47.220614 17.269577 
47.503792 -46.909783 16.860588 
48.132637 -47.245617 16.159325 
47.835008 -46.323381 15.912551 
47.396616 -45.616223 16.467294 
46.649825 -44.966440 16.609014 
46.195639 -45.765844 17.002292 
45.300438 -46.017936 16.634780 
44.657419 -45.630151 17.295196 
43.666255 -45.613971 17.426850 
43.922401 -45.317055 18.346758 
43.466127 -45.052218 19.196272 
42.954897 -45.540803 19.903329 
42.965144 -46.443369 20.333758 
43.807082 -46.924337 20.578318 
43.831293 -45.944946 20.778836 
43.595523 -44.983586 20.636716 
43.010385 -45.121555 21.435827 
43.278804 -44.161365 21.513189 
43.254330 -43.161667 21.510815 
42.593957 -42.836170 22.187543 
42.206080 -41.960105 22.474005 
42.143549 -42.142134 21.492702 
42.334840 -41.699233 20.616776 
42.199006 -40.889735 20.045582 
42.061512 -40.290696 19.256756 
42.564785 -39.638015 19.823080 
42.522527 -39.430514 18.845759 
42.011516 -38.612037 19.108365 
41.469250 -39.273014 18.589658 
41.347890 -38.919881 17.661990 
42.324191 -38.965715 17.873498 
42.485728 -39.843509 17.422516 
42.006825 -40.572043 16.932730 
41.415949 -39.808452 16.672358 
41.666484 -39.459264 15.769418 
42.320387 -39.712227 15.056382 
41.546521 -39.273981 14.599138 
42.187788 -39.004999 13.880510 
41.332929 -38.511805 13.719341 
41.840681 -38.015618 13.015078 
42.361363 -38.050475 12.162040 
41.571556 -37.465779 11.976744 
40.814257 -37.048032 11.474762 
41.136037 -37.572163 10.686254 
42.052334 -37.421846 10.315034 
42.882076 -37.357129 9.760652 
43.611909 -36.735976 9.475146 
42.866170 -36.206170 9.071191 
42.532768 -36.526874 8.184630 
43.376617 -36.947852 7.851919 
43.289087 -36.334282 7.067145 
42.824905 -35.495214 7.350869 
42.309366 -34.754121 6.920751 
43.232219 -34.582160 6.576117 
44.231128 -34.628823 6.578008 
44.015662 -35.259977 7.323138 
Snapshot 5000 46.978604
3.064324 2.663274 -0.950587 
1.800516 2.089728 -1.489647 
1.048682 1.439361 -2.204338 
0.678572 0.572380 -2.698084 
-0.154493 -0.010259 -2.458992 
-0.478776 0.184170 -3.083698 
0.447588 -0.236031 -3.074885 
1.750652 -0.094323 -3.270493 
2.689223 0.154635 -3.386496 
1.886703 0.983850 -3.051274 
1.322129 2.125506 -2.244132 
0.659392 1.598212 -2.550695 
1.476157 1.094715 -1.955894 
2.021989 0.516131 -1.780016 
2.511804 0.277570 -1.481758 
1.057595 -0.134417 -2.163618 
0.950808 -1.466777 -2.717834 
1.582369 -1.209640 -3.338317 
1.805864 -0.062962 -3.675173 
0.480829 0.579549 -3.857940 
0.060842 1.054663 -3.017451 
1.203696 0.719457 -2.634840 
1.447805 0.508315 -3.038106 
1.907138 0.732816 -2.280226 
1.957008 -0.306137 -2.271861 
1.508470 -0.591324 -2.120929 
1.995175 -0.857267 -2.740986 
1.591156 -1.563298 -2.913752 
1.385850 -1.264665 -2.972944 
-0.004059 -0.773477 -2.866543 
-1.265547 0.125741 -2.239245 
-1.494333 -0.237943 -1.932902 
-1.086873 -1.111792 -2.329840 
-0.965304 -1.991098 -2.504268 
-0.191037 -1.524468 -2.298399 
0.342564 -1.328714 -2.874929 
0.199772 -0.386968 -3.417259 
-0.705529 -0.323613 -3.518253 
-1.516592 -0.526087 -4.430387 
-2.765480 -1.640375 -4.309265 
-3.396143 -2.200880 -4.156338 
-4.272690 -2.176310 -3.912400 
-3.641090 -1.659661 -4.951896 
-1.999775 -1.188082 -4.668729 
-1.229152 -1.092085 -2.951466 
-1.642298 -1.510966 -1.989141 
-1.919061 -2.321506 -2.043338 
-2.136129 -1.616198 -2.730445 
-2.512166 -1.730093 -3.184919 
-2.360925 -1.419846 -5.011444 
-2.975669 -2.000596 -5.280221 
-3.410552 -1.478061 -5.184523 
-4.575941 -0.869497 -5.081269 
-5.292337 0.447052 -4.641550 
-5.375786 -0.251272 -4.306295 
-4.765297 -0.741484 -4.926468 
-4.678726 0.337095 -4.855758 
-5.518821 0.266831 -4.389038 
-4.996694 -0.977188 -4.599609 
-5.149397 -1.136175 -4.541848 
-5.201473 -0.586068 -4.385152 
-4.990967 0.355116 -4.092846 
-4.894438 1.130099 -3.133594 
-4.967171 1.182542 -3.735115 
-5.172038 0.867123 -4.061921 
-5.091601 -0.676264 -3.202266 
-5.178361 -0.568803 -2.837002 
-5.348201 -0.621301 -3.628761 
-4.520348 -1.109815 -3.930994 
-3.316781 -0.548858 -3.311214 
-3.191208 -1.765985 -3.039810 
-4.050906 -1.603630 -2.278779 
-4.787400 -0.570780 -1.945495 
-5.663621 0.276987 -2.612195 
-5.484276 0.053668 -2.389668 
-4.924746 -0.280888 -1.937700 
-5.131681 -1.306709 -2.368049 
-4.813318 -1.699303 -2.912967 
-4.268084 -1.228600 -2.726761 
-4.436429 -0.295514 -2.772421 
-3.504906 0.798485 -1.662513 
-4.751158 1.167901 -2.148756 
-5.211858 1.387617 -2.178598 
-4.260192 0.343084 -1.996311 
-4.489305 0.585726 -2.316873 
-5.227966 1.542717 -2.169248 
-4.894784 0.772459 -2.461811 
-3.905857 -0.051607 -1.601861 
-3.977710 -0.680551 -0.998977 
-3.325081 0.145650 -1.746340 
-2.619722 1.012135 -2.376753 
-2.630826 1.730715 -2.469221 
-3.632629 1.815130 -2.260753 
-4.436360 1.828719 -2.116596 
-3.819660 0.766889 -1.533139 
-4.796313 0.514530 -2.024078 
-4.212450 1.169788 -2.131267 
-3.299189 1.979228 -2.055313 
-3.682740 1.325765 -2.242613 
-2.546682 1.255942 -1.728351 
-1.850909 2.214404 -1.950158 
-2.314697 1.412513 -2.294750 
-3.614301 -1.451170 6.349206 
-2.476792 -0.790125 6.198002 
-1.791142 -0.114052 5.967887 
-0.497062 0.167266 6.317134 
-1.199945 -0.757863 6.518064 
-1.513223 -1.264009 5.943118 
-1.257127 -1.127036 5.322744 
-1.950019 -2.095528 4.690813 
-2.749589 -1.944378 3.581287 
-1.268337 -2.298394 4.193154 
-0.348331 -2.569989 4.911297 
-1.127194 -1.938636 5.416770 
-0.250115 -0.797019 5.569210 
0.391642 -1.820046 4.162858 
-1.250887 -1.019110 3.827925 
-2.122489 0.204581 4.342874 
-3.237320 0.906090 3.005029 
-2.557762 -0.318835 2.863540 
-1.806672 -0.525818 3.969708 
-2.585493 -0.697173 4.581372 
-1.394235 -1.060612 4.715344 
-1.995684 -0.451937 5.687747 
-2.115964 0.118728 5.732551 
-2.475593 0.457353 5.366184 
-2.075804 -1.125928 5.264681 
-1.092445 -1.590370 5.407954 
-1.109734 -0.434359 6.033975 
-1.573635 0.696846 5.482601 
-1.347495 1.579655 5.727050 
-2.016471 2.111246 5.374626 
-1.561390 2.638272 5.315059 
-0.175534 1.691239 6.084697 
0.220021 1.592887 6.937797 
0.989720 1.339627 7.116517 
0.089340 0.591611 6.545892 
-0.242622 0.169850 6.076026 
-1.143885 0.946189 5.284109 
-0.609110 0.563832 5.092957 
-0.884974 1.453609 4.605645 
-0.630153 2.593661 5.010033 
-0.443387 2.716623 5.541397 
-0.443042 2.016456 5.848942 
0.207205 0.819303 6.629865 
0.446246 1.606429 6.455136 
0.714162 2.016581 6.660960 
0.474518 2.494640 6.087388 
0.268511 2.936320 5.573243 
-0.060744 1.653816 5.287673 
-0.074554 0.745968 5.535418 
0.638219 1.811223 6.699751 
1.624722 2.195643 6.919944 
1.276212 2.747703 6.674307 
1.507503 2.964487 6.319120 
1.887558 2.285502 5.921949 
2.063955 1.423980 5.775024 
2.304407 1.486467 5.429350 
2.095661 1.875430 6.411706 
1.364810 1.267549 7.049292 
1.522037 0.731473 7.298936 
1.900053 1.734103 6.858130 
2.191013 1.712626 5.822615 
1.807643 1.423998 4.987494 
1.087289 0.806305 3.343256 
1.751568 1.352879 3.898407 
2.395772 1.914467 3.913052 
2.131298 1.502941 4.135835 
1.414461 2.195361 5.335152 
0.874002 2.094750 6.094489 
1.416615 2.602045 4.569674 
2.492011 2.273148 5.127828 
2.280258 2.398744 5.269399 
2.684815 2.483877 4.887997 
2.523584 1.743663 4.556456 
1.974402 0.929178 3.695441 
1.576560 0.095278 4.180663 
2.015625 -0.272236 4.380974 
2.093010 0.535814 4.350580 
2.572808 0.654905 4.464020 
1.523676 0.556169 3.915959 
1.374787 1.597077 3.273094 
1.586808 1.608129 2.776893 
0.584459 0.460931 2.154306 
0.683014 0.752678 2.250174 
1.574438 1.211300 2.912859 
1.897508 1.144920 3.272082 
2.041958 -0.242756 3.265226 
2.637131 -0.480412 3.319452 
1.536634 -0.244107 3.182324 
1.361554 1.060824 2.733383 
1.886184 1.301355 2.179486 
2.533009 1.968822 2.063422 
3.040188 2.319165 2.064224 
2.073813 2.488448 1.611916 
1.334710 2.648524 1.371942 
1.135300 2.842879 2.453790 
2.747604 1.116717 -0.438953 
0.704412 1.225127 0.447907 
1.850138 1.888164 -0.434101 
1.017878 2.327390 -1.116827 
-0.348299 2.339767 -0.691626 
-0.621299 2.050239 0.204762 
0.434656 2.277301 1.075598 
-0.548663 2.242725 0.751484 
-1.614141 2.103596 1.261204 
-1.189076 1.470108 0.907728 
0.168776 1.743751 -0.456134 
0.720377 1.633746 -0.887601 
1.582079 2.614837 -1.030928 
0.580622 2.564097 -0.800863 
-0.821642 1.228210 0.209045 
-1.287547 1.701828 0.234752 
-0.739522 2.237861 -0.624526 
-0.928586 2.067671 -1.954080 
-1.094867 0.946162 -1.096827 
-1.815362 0.686367 0.059815 
-1.739527 -0.186043 1.338124 
0.037171 -0.236637 2.386413 
1.295866 -0.081294 2.096240 
1.931152 -1.160743 2.031098 
2.391059 -0.614578 2.452796 
2.293905 0.153472 2.402578 
1.808485 -0.530916 2.294576 
3.002857 -0.124263 2.124503 
3.114289 -0.116962 0.966706 
3.378608 0.282187 2.094330 
3.662775 0.507580 2.886122 
2.319099 0.143622 3.326758 
1.808504 -0.093445 2.511419 
1.491948 -0.437080 1.697434 
1.220498 -1.090160 1.388179 
1.326837 -2.066144 0.900453 
1.485811 -1.993812 -0.423007 
1.845985 -2.499742 -0.445921 
2.330533 -1.421445 -0.432236 
2.909824 -0.696036 0.218151 
3.027890 -0.092954 0.177084 
2.175055 -1.297924 0.013696 
0.887967 -2.164618 -0.184217 
-0.154068 -1.560128 0.077684 
-0.360858 -0.489135 1.416155 
0.228136 0.998602 1.837371 
0.306512 0.171237 1.824405 
0.869725 -1.244070 1.770406 
1.231648 -1.477305 1.072718 
-0.062946 -2.126333 0.423601 
-1.417394 -2.309167 -0.066183 
-0.651983 -2.280696 0.311964 
-0.937102 -1.662498 0.008197 
-0.467004 -2.183888 0.781656 
0.297976 -1.211760 0.227915 
0.572778 -0.874673 -0.238083 
0.980422 0.001762 0.133403 
1.461646 -0.257456 0.372674 
0.919757 -0.486032 1.270353 
1.803442 0.865971 0.722243 
1.277039 0.859842 0.049983 
-0.143408 -0.008293 -0.696557 
-0.098391 -0.018954 -1.081515 
0.410827 0.024229 -0.804797 
0.523960 0.375397 -0.754425 
0.388635 -0.666218 -0.029088 
0.820368 -0.937261 -0.428173 
1.054002 -0.710286 0.232617 
0.604527 -1.489016 1.045339 
0.229225 -1.370001 1.018508 
0.701090 -0.609516 1.270083 
1.473504 0.320074 1.454891 
1.763491 1.084614 0.723766 
1.021054 1.124434 -0.215344 
0.482784 1.504791 -0.375119 
0.719520 0.686291 -0.344172 
1.414674 0.257269 0.699331 
1.572768 0.961614 0.919947 
1.716210 2.345804 1.447214 
1.962536 1.335429 0.877701 
2.104871 1.346928 1.445995 
2.151932 2.141122 1.122961 
1.264661 2.615884 0.736649 
1.834938 2.661260 0.082112 
-5.840754 -2.086445 1.311220 
-5.047721 -1.177950 1.457387 
-5.039743 -0.099067 1.491791 
-4.944351 0.479749 0.300909 
-4.699584 1.738288 -0.808541 
-3.645121 1.882664 -0.636707 
-4.648177 0.528868 0.219861 
-3.714081 0.058655 0.615179 
-3.569288 -0.047678 1.121147 
-3.241657 -0.937417 2.020087 
-3.449002 -1.410185 2.628282 
-3.880154 -1.069585 2.359048 
-3.964217 0.038144 1.678432 
-4.407304 1.124230 0.418286 
-5.192227 2.585521 -0.440646 
-5.332006 1.920095 -0.317529 
-5.172056 2.295638 -1.067488 
-3.463852 2.622912 -1.388116 
-4.438673 1.514481 -0.472039 
-4.611945 0.558226 -0.111067 
-3.515525 1.465623 -0.330180 
-3.598707 2.593937 -0.190301 
-3.404766 3.135449 0.104913 
-2.950879 2.153928 0.401197 
-3.646232 2.192656 0.328396 
-3.386961 1.703090 0.420398 
-4.192814 1.918960 1.692989 
-4.454484 3.123717 0.240118 
-4.846747 4.222002 -0.676384 
-5.000194 3.942390 0.306649 
-4.195147 3.047530 0.756190 
-3.966289 2.529356 1.633164 
-4.171186 2.289367 1.072640 
-4.634695 1.751841 0.564751 
-4.656148 2.483814 0.165830 
-5.100454 2.982427 0.782406 
-4.904673 1.955857 1.192878 
-4.280203 1.400498 1.084753 
-3.545480 1.574096 0.524190 
-4.741658 2.688760 1.084299 
-5.248047 4.141692 0.354036 
-4.986439 3.443663 0.000216 
-5.245739 3.800061 0.697303 
-4.677100 3.472127 1.756834 
-4.304591 3.485459 2.802747 
-3.870832 2.786321 3.355403 
-4.778850 3.419429 2.338075 
-4.830549 4.513378 1.913082 
-4.713808 4.956932 0.940312 
-4.736501 4.368654 1.133391 
-4.496108 4.034006 2.713594 
-4.458380 3.647214 2.167371 
-3.652690 4.953112 1.587316 
-2.984239 5.230349 0.656682 
-3.021980 5.249269 -0.280082 
-3.000416 4.700054 0.329636 
-3.273980 4.725795 -0.060373 
-2.547620 5.178361 0.531149 
-2.868680 5.684344 1.024023 
-3.927563 5.116741 0.707725 
-3.909517 4.090412 0.405695 
-3.232991 3.211996 -0.845622 
-3.539374 3.998858 -0.382074 
-3.626239 5.333611 0.350124 
-2.802503 4.423108 1.040086 
-2.469784 2.938869 -0.072610 
-1.759711 1.246756 -0.673667 
-1.267534 0.620137 -2.327616 
-1.345536 1.033688 -2.733975 
-1.855495 1.306302 -3.883145 
-1.580748 1.625203 -4.140341 
-2.326209 2.479121 -2.546828 
-3.035887 3.080966 -1.438748 
-3.256524 3.908533 -0.629892 
-2.318887 4.618574 0.306426 
-2.766477 3.597770 0.736891 
-3.194726 3.243100 1.496932 
-2.369866 3.391414 0.945886 
-1.777656 4.053005 1.191540 
-2.378928 3.887854 0.123429 
-2.141675 3.196665 0.363920 
-2.346094 2.481933 0.869377 
2.590648 3.634969 -2.375218 
1.538880 2.612036 -2.819125 
1.621155 2.109389 -3.122065 
2.035144 1.854112 -4.613408 
1.420308 1.617386 -5.509852 
1.126254 2.352009 -5.216776 
0.516167 3.006774 -5.330250 
0.411260 2.485713 -5.846135 
0.383942 1.115686 -6.174446 
-0.612659 0.527803 -6.778273 
-1.736894 0.276020 -6.031885 
-1.468552 1.658338 -5.556926 
0.275150 1.888085 -5.175356 
1.581904 1.255200 -5.150372 
1.883424 1.432277 -4.960863 
1.548841 1.880545 -4.784304 
1.217342 1.496994 -3.590434 
1.006899 1.143880 -4.780714 
0.071978 1.260552 -5.267000 
0.324374 0.571138 -5.865152 
0.711952 0.635958 -5.490850 
-0.560823 -0.150898 -5.541819 
-1.114009 -1.073970 -5.394036 
-1.406540 -0.602470 -6.090751 
-0.765024 -0.793123 -6.359453 
-0.455637 0.373895 -6.644872 
0.011244 1.332613 -6.358849 
-0.238717 1.374736 -5.586275 
-0.722746 2.116871 -6.355393 
-0.808503 1.510782 -6.287434 
-1.421705 0.339088 -6.158350 
-0.821767 -1.442404 -5.510434 
-0.810477 -1.049675 -6.368868 
-0.731022 -0.516132 -5.866032 
-0.469070 0.901261 -5.293800 
-0.977940 1.256163 -5.922600 
-1.934688 1.607797 -6.328070 
-2.597998 1.415321 -5.890648 
-2.048024 1.025583 -4.730808 
-1.695951 0.610209 -5.208831 
-1.520645 -0.160127 -5.646422 
-1.673516 0.399984 -6.334864 
-2.997130 1.130535 -5.887814 
-2.871052 0.315716 -6.269532 
-2.431253 -0.023470 -5.956266 
-2.689035 -1.069152 -5.956633 
-2.759884 -0.610823 -5.869419 
-3.415556 -0.840420 -5.478667 
-3.135576 -1.103265 -4.857643 
-3.908639 -0.623798 -6.142161 
-3.342531 -0.116365 -6.007121 
-3.048278 -0.552148 -5.832526 
-2.538376 0.450035 -5.529017 
-1.805813 0.711757 -4.968614 
-2.672858 0.742423 -5.198254 
-3.573233 0.324002 -5.236476 
-3.891563 0.108346 -4.542368 
-3.741475 0.900809 -3.493781 
-2.683877 0.588677 -3.528848 
-1.290196 0.249559 -3.754374 
-1.086903 0.074513 -4.642229 
-1.762319 0.274260 -4.178493 
-3.107422 0.144693 -4.281819 
-3.004191 -0.845114 -3.785924 
-2.505898 -0.442667 -4.011008 
-3.170507 0.070458 -5.007092 
-3.404087 0.280077 -4.927602 
-3.200896 0.792102 -4.474964 
-3.896934 1.207217 -5.049293 
-3.864573 0.868531 -4.467881 
-2.664401 0.105599 -3.535386 
-2.358124 0.874338 -3.029035 
-3.678900 1.581649 -3.999242 
-4.520099 1.842741 -4.204017 
-3.487823 1.802922 -4.111895 
-3.391931 2.136212 -4.527036 
-3.723808 2.406026 -4.864267 
-3.570554 1.949364 -4.852989 
-2.195034 1.947986 -5.831512 
-2.445601 2.490491 -7.029986 
3.262920 3.574152 -6.024006 
3.336293 3.541112 -4.727086 
2.860697 2.970159 -3.848334 
3.697420 2.498631 -3.299675 
3.394354 1.821600 -3.533531 
3.279529 1.949348 -4.088841 
3.756307 1.431944 -4.162059 
4.889218 1.267085 -3.769286 
5.314371 1.615452 -3.265354 
5.192593 1.419177 -3.518769 
4.316586 2.302158 -4.099163 
3.152987 2.504670 -3.902168 
2.711381 2.598236 -3.703712 
3.976422 2.138789 -4.226290 
4.017562 1.430153 -4.225869 
4.150943 0.356693 -3.327150 
4.373672 0.542508 -2.256455 
4.123760 0.337987 -2.771367 
2.770362 0.940400 -3.950703 
4.015411 0.263308 -4.337618 
4.112381 -0.466748 -3.532195 
4.743575 -1.022908 -3.701709 
4.622202 -1.087528 -4.057366 
4.460775 -0.348911 -4.640897 
4.113939 0.013707 -3.795391 
2.837564 0.620788 -4.187608 
2.602806 0.246220 -4.893869 
3.029395 -0.313159 -3.638874 
3.788782 -0.870424 -2.843082 
3.794791 -1.465013 -3.840292 
4.139416 -1.839239 -4.427521 
4.140811 -1.653871 -5.235348 
4.354094 -1.161142 -5.503036 
3.318963 -0.987563 -5.505569 
3.930302 -0.273630 -5.043203 
2.948653 0.243863 -4.838507 
3.029731 -0.962842 -5.155447 
2.236847 -1.552625 -3.976242 
1.621190 -2.828849 -4.777594 
2.376336 -2.136116 -5.078544 
2.494601 -1.221260 -5.287407 
2.474734 -0.048763 -5.108212 
2.246816 -0.692124 -5.280125 
2.557299 -0.675034 -4.030487 
3.096404 -1.436351 -3.521271 
2.158065 -2.313487 -3.938081 
1.934219 -2.972426 -4.319613 
1.414560 -2.060345 -4.582425 
0.744900 -2.387893 -4.364677 
1.217698 -3.473653 -4.762312 
1.370499 -3.126103 -4.778121 
2.136564 -2.094346 -5.469163 
2.434920 -1.412441 -5.572735 
1.270677 -1.976333 -5.535668 
1.875983 -1.595142 -5.898056 
1.312461 -0.851939 -6.543458 
1.700744 -0.322825 -6.286961 
1.601286 0.144759 -5.791280 
1.696251 -0.258379 -4.682289 
1.011189 -1.256731 -4.439555 
-0.101649 -2.382790 -4.442369 
0.594722 -2.254012 -4.926724 
2.415409 -1.808060 -4.596014 
1.367948 -1.048124 -5.917957 
1.104028 -0.426580 -6.638204 
1.700786 -0.919712 -5.953488 
0.544865 -1.070820 -6.047799 
0.044397 -1.269398 -6.239921 
0.341195 -1.815997 -5.757196 
-0.364912 -1.247305 -5.693564 
-1.027398 -1.393967 -4.788244 
-1.145013 -0.926995 -5.717258 
-0.126651 -0.274793 -6.658543 
0.342212 -0.849581 -6.437723 
0.339279 0.006232 -6.250506 
0.154471 -0.020695 -6.391864 
-0.505084 -0.297483 -6.332098 
-1.295445 0.915177 -5.644163 
0.649894 4.341887 -1.381465 
-0.698215 3.079618 -1.629942 
0.457923 3.148537 -2.668812 
0.999778 3.975865 -2.824376 
1.453498 5.155034 -2.885092 
0.885094 4.719507 -2.734912 
-0.362627 4.316998 -2.630327 
-0.364433 3.638584 -3.042240 
-1.796561 3.057332 -2.317072 
-1.116804 3.765129 -2.191645 
-2.020602 4.246829 -2.327770 
-1.602982 5.366068 -2.796760 
-2.387783 3.573114 -2.736847 
-1.771576 3.671998 -3.762811 
-1.825279 2.865027 -3.377490 
-1.040418 2.347897 -2.604466 
-0.304515 3.103450 -3.254096 
-0.897007 3.156548 -3.881320 
-1.112502 3.292545 -4.702994 
-1.293231 3.790739 -3.925664 
-1.009217 4.496890 -3.463080 
-0.848427 3.835799 -3.503967 
0.167509 3.049275 -4.134466 
-0.151797 2.188708 -4.058926 
-1.259131 1.970748 -5.013752 
-1.583178 2.961777 -5.240850 
-1.607017 4.009711 -4.921445 
-1.498717 4.233267 -4.206404 
-0.953623 4.328226 -4.631639 
-0.621926 3.395324 -5.413061 
-0.823744 3.022952 -5.514197 
-1.141674 4.016512 -5.391683 
-1.785070 3.771402 -5.011047 
-2.610783 4.107614 -4.537085 
-2.641294 4.148668 -3.950725 
-3.026382 4.816308 -4.091260 
-3.969382 5.015958 -4.118982 
-3.428204 4.227497 -4.817232 
-2.589863 3.164221 -5.165485 
-2.288842 2.707401 -5.409423 
-2.918096 2.673283 -5.474918 
-1.848020 2.353968 -4.801447 
-2.933826 2.385363 -4.881534 
-4.369391 2.090577 -4.571668 
-5.014553 3.051269 -4.317865 
-4.395274 3.367416 -5.060514 
-3.941055 3.523813 -4.694900 
-3.505724 4.331220 -4.998720 
-3.634088 4.286268 -4.236518 
-5.160426 3.184580 -3.531044 
-4.040336 3.505460 -3.422133 
-2.704634 3.213634 -2.759513 
-3.073207 3.951697 -2.839163 
-3.975475 4.098291 -2.947116 
-5.336797 3.341398 -3.197314 
-4.709704 3.661347 -1.943767 
-4.613129 3.228711 -1.851301 
-4.793865 2.564706 -2.823863 
-5.106358 1.598904 -3.877346 
-4.541831 2.044888 -4.717011 
-4.662368 2.567249 -4.539255 
-4.854517 3.333694 -4.540499 
-4.917721 3.744439 -3.511401 
-4.104902 4.157466 -4.086021 
-3.650695 3.322258 -4.931866 
-3.091269 2.914638 -4.429617 
-3.695068 2.139450 -3.197798 
-5.080136 2.015555 -3.678332 
-5.179973 2.558740 -3.181876 
-4.434609 3.031264 -2.969147 
-3.967024 3.570127 -2.401971 
-4.616640 3.424914 -2.442165 
-4.355854 3.656655 -2.143314 
-4.768077 2.973647 -2.657581 
-4.535689 4.302266 -2.717989 
-3.548859 4.049000 -2.399413 
-5.389372 0.335847 2.542670 
-3.863977 0.653094 2.008867 
-4.269524 0.898771 3.276432 
-4.766737 1.968160 3.209975 
-4.702228 1.309029 3.392983 
-3.658040 1.331228 4.161731 
-3.773024 1.737193 3.804251 
-3.475316 0.051158 3.559267 
-3.092251 -0.410208 4.091092 
-3.019045 -0.695391 3.720958 
-2.842848 0.741120 3.575878 
-2.862410 2.050125 3.968324 
-1.356573 1.886885 3.755245 
-1.370610 2.177248 4.801188 
-2.122956 3.105554 4.779716 
-2.185600 4.213105 4.436095 
-3.281508 3.025443 4.565042 
-2.449723 2.082895 4.525501 
-2.907274 3.052882 4.056112 
-4.149291 3.787860 4.092636 
-4.228385 3.701658 3.523082 
-3.099300 2.860061 4.199508 
-2.388818 4.187371 3.229900 
-2.757229 4.584403 3.278408 
-2.614004 4.449283 2.670332 
-2.428478 4.049409 3.955243 
-2.211302 4.588853 2.966583 
-2.704556 4.488294 1.331121 
-3.004463 4.785387 1.850249 
-3.472375 4.024497 3.239019 
-3.179781 3.848508 4.043809 
-2.688350 4.168516 3.981826 
-1.828353 3.912937 4.766469 
-1.361447 4.021541 4.661814 
-1.828071 4.369979 4.829079 
-1.136324 4.418030 4.309872 
-0.157079 3.138894 3.764417 
-0.307468 2.881637 4.467322 
-0.747611 4.274126 4.428560 
-0.176712 3.348716 4.431960 
-1.279860 3.384584 4.705369 
-1.122699 3.443945 4.488934 
-0.344760 4.414417 3.223767 
-0.633334 4.187386 1.714297 
-0.842404 3.830509 1.047957 
-1.461942 4.461727 1.215763 
-0.742783 4.849296 1.945303 
-0.140690 4.851215 1.999135 
0.177573 4.297947 2.672437 
-0.459958 4.168505 2.992881 
-0.661431 4.919843 3.872088 
-0.411491 4.808905 2.980030 
-0.916404 4.482156 1.633904 
-0.829066 4.922718 1.661850 
-1.213595 4.456927 1.953157 
-0.847146 3.429656 2.051598 
-1.153775 2.508038 2.737127 
-1.646523 2.421801 2.199017 
-1.922308 3.373638 2.535409 
-1.692537 3.072151 3.310338 
-1.989115 3.053062 3.918272 
-1.583095 2.803579 3.284575 
-1.001871 2.814004 2.271275 
0.110605 2.512326 1.608282 
-0.870370 2.808068 1.435449 
-1.721054 3.643212 2.924972 
-1.393080 4.532430 2.314382 
-1.358260 5.169456 3.046835 
-2.288941 6.559577 -1.736032 
-3.151436 5.498358 -1.856931 
-3.626763 4.898099 -2.289974 
-4.544887 5.406372 -2.098181 
-4.097365 5.129845 -2.178191 
-3.237141 5.395958 -3.065555 
-2.594784 5.453459 -3.118189 
-3.845755 5.368722 -3.151988 
-4.863229 5.350085 -2.084720 
-4.917911 4.750577 -0.830442 
-4.170857 4.607497 -0.588173 
-3.869794 4.108755 -1.406411 
-4.952425 4.681538 -0.932077 
-4.965000 4.324385 -1.168134 
-4.015284 5.324342 -1.053255 
-3.797476 5.620339 -0.568917 
-4.108521 5.154778 -0.987100 
-4.870021 4.309247 -1.940366 
-4.703203 4.505487 -1.769423 
-4.984960 4.815223 -2.018617 
-4.093767 5.147749 -3.449196 
-4.204360 3.825609 -3.142666 
-3.786663 3.705766 -2.174473 
-3.642771 4.107686 -0.554612 
-3.789599 4.473304 -1.158666 
-2.899320 4.589301 -1.082761 
-1.663024 4.862306 -0.382543 
-2.405155 4.754940 -0.670229 
-2.996434 4.116048 -1.344505 
-2.649820 2.846918 -1.540933 
-3.165926 1.497166 -1.709460 
-2.943221 1.313105 -1.767221 
-2.216750 1.784685 -0.646225 
-1.180096 2.375842 0.160837 
-1.289775 2.965453 0.899854 
-1.547790 3.558206 -0.227450 
-1.612750 4.068027 -0.605416 
-1.534695 3.713539 -0.306330 
-0.636653 4.356975 -0.163876 
-1.538246 4.919114 0.121725 
-1.632379 4.128661 -1.247560 
-1.563833 3.791578 -1.691419 
-1.805072 4.338768 -1.860544 
-1.759977 3.921771 -1.708275 
-1.582979 3.966307 -1.516271 
-1.382095 3.349463 -0.700645 
-0.908591 3.766616 -0.951960 
-0.462274 3.368533 -1.506949 
0.139571 3.066553 -1.276375 
-0.272801 2.196345 -1.566398 
0.120665 2.647589 -0.087042 
-0.262031 3.229368 -0.174146 
-0.912232 3.594176 -0.144725 
-0.325162 3.245589 0.202751 
0.386818 2.377644 -0.080404 
-0.941327 2.226141 -1.242026 
-1.992004 2.655530 -0.771571 
-1.032884 3.406599 0.262454 
-0.566998 3.480443 -0.160644 
-1.451141 1.914553 -0.667620 
-0.496500 1.747074 -1.287527 
0.472807 1.920295 -0.208551 
0.337309 2.310852 0.660443 
0.351445 3.859572 0.925940 
0.282370 4.424058 1.156396 
0.485782 -1.297544 8.059925 
0.809308 -0.829759 6.851009 
1.387977 -0.631778 5.365617 
1.598280 -1.047660 5.854887 
2.305836 -1.686067 6.382590 
2.501522 -2.617223 5.833454 
1.807143 -2.420094 6.343080 
1.301163 -1.350479 6.519870 
0.401574 -1.619168 6.148284 
1.765391 -1.722912 6.031016 
2.412479 -1.434728 5.718140 
1.899577 -0.704861 5.504553 
1.186467 -1.332874 5.673998 
0.806961 -0.654765 6.076949 
1.205372 -0.386901 7.050054 
2.129357 -1.022324 7.169374 
2.239467 -1.156064 7.330895 
2.147648 -0.155114 7.387856 
2.675787 -0.554231 7.529914 
3.442506 -0.015636 6.880462 
3.088868 0.075540 5.985716 
2.066671 0.184772 4.781487 
2.324321 -0.207231 5.525872 
2.897007 0.241685 5.948929 
2.779452 1.420552 6.470976 
2.665461 1.092828 6.648910 
3.486759 0.061771 5.805828 
3.351459 0.754333 5.898932 
3.409960 0.137901 6.662763 
2.872071 -0.734577 6.245640 
2.014671 -0.641777 6.138264 
1.196620 0.479759 5.938440 
2.068971 0.791034 5.045793 
3.599993 0.740263 5.060726 
3.142106 0.877205 4.921450 
2.226401 -0.060419 4.149519 
2.962917 -0.513599 4.378038 
3.553305 -0.167535 4.754472 
3.503874 0.886883 5.633997 
2.592810 -0.016774 6.359768 
1.995659 -0.892543 4.836558 
1.156102 -1.815847 4.064722 
1.430815 -1.981787 2.426714 
1.786480 -0.837934 3.489123 
1.359292 -1.845145 3.574044 
1.460650 -1.547840 4.392580 
2.466697 -1.207554 4.213664 
2.209145 -1.143875 4.454312 
1.684364 -1.901288 4.431697 
2.034743 -2.050901 3.792701 
1.957927 -2.747539 4.067183 
1.267924 -2.698162 4.277173 
0.348923 -3.120033 3.567567 
0.797183 -2.476309 3.288212 
0.900850 -1.175155 3.975688 
1.012707 -0.520675 3.399040 
0.469363 -1.058793 3.503860 
0.324099 -1.919063 3.677458 
-0.224473 -2.238732 2.926992 
0.178207 -1.411981 2.737911 
-0.412747 -2.021818 2.973066 
-0.385826 -2.300185 2.140295 
-0.278136 -1.948169 1.279835 
-0.326064 -2.668588 1.825267 
-0.159170 -1.882437 1.789876 
-0.307243 -1.967989 2.115062 
0.176939 -0.966911 1.980769 
0.687563 -0.090541 2.620258 
-0.377982 -1.212503 3.691879 
-2.613062 -2.931005 2.625702 
-1.389533 -1.831819 2.379696 
-2.318643 -0.457529 2.329816 
-1.748654 -0.196588 0.775395 
-1.140228 -0.218702 1.482409 
-0.848397 -1.366568 2.734985 
0.343551 -2.268981 2.338928 
-0.797682 -1.187617 2.098891 
-0.831646 0.383166 1.361661 
-1.661419 0.346699 1.624382 
-2.125888 0.489979 2.305052 
-1.858385 0.460337 2.981682 
-2.327860 2.113567 3.015296 
-2.498451 2.987206 2.593278 
-2.714877 3.303373 2.788933 
-2.792353 2.680563 2.135432 
-3.033645 1.928370 2.081734 
-2.467412 1.888507 1.760067 
-2.605690 1.492003 2.317219 
-1.956042 1.685882 2.598852 
-1.954298 1.307063 3.138781 
-2.186988 2.723539 3.393604 
-2.692702 2.279212 3.029835 
-1.864704 1.706251 3.347502 
-2.315266 0.774941 3.815131 
-2.049156 0.722702 2.266384 
-2.433752 1.404255 0.817529 
-3.019169 1.246303 1.488611 
-2.606838 0.507496 1.560597 
-2.846724 0.757427 2.105928 
-2.256726 0.263379 1.767170 
-2.327673 0.630642 0.847556 
-1.140258 -0.073060 0.839756 
-0.964736 -0.384042 0.207293 
-1.088013 0.299159 -1.037940 
-1.713891 0.807854 -0.789017 
-2.269805 1.223711 0.284656 
-1.563614 1.397016 1.652682 
-0.558364 0.927398 2.339432 
-0.720512 0.525576 0.825935 
-1.707383 0.036779 -0.825774 
-1.727795 -0.316712 -0.459684 
-1.074949 -0.118608 -1.027728 
-1.892056 0.597412 0.431540 
-1.628003 1.578086 1.461819 
-1.622935 0.281900 0.816247 
-3.011731 -0.127071 -0.087131 
-3.304502 -0.873226 -0.448342 
-3.662800 -1.499037 -0.888733 
-2.878060 -1.044020 -1.659149 
-1.878087 -0.591591 -0.192643 
-3.230129 0.567430 -0.733218 
-2.529205 0.001549 -0.569706 
-1.264473 -1.051487 0.172850 
-0.407131 -0.812349 -0.081691 
-0.771394 0.158540 -0.372768 
-1.323829 0.183803 -1.467575 
-1.152817 1.019075 -1.859136 
-0.509552 1.239794 -1.510694 
-0.295625 1.219710 -0.235168 
-0.248296 0.358987 0.870349 
-0.463677 1.303487 1.416303 
-0.716657 1.241626 0.723087 
-1.939221 1.310272 -0.056808 
2.208754 -2.726257 -1.313256 
3.237781 -3.637743 -1.249101 
2.899803 -3.015818 -1.626483 
2.929539 -3.525452 -1.709104 
3.430427 -3.635789 -2.234995 
3.503346 -4.452000 -2.144321 
3.428863 -4.302529 -3.121216 
3.481741 -4.609957 -3.091432 
3.078935 -4.430964 -2.012169 
2.108503 -3.877698 -1.397344 
1.538832 -3.409115 -0.868577 
0.772799 -3.526677 -1.228716 
1.565994 -4.430416 -0.931689 
1.545919 -5.545867 -0.873517 
1.339588 -5.176140 -0.847412 
1.151370 -5.222235 -1.121856 
1.925570 -5.286783 -0.695681 
2.260179 -5.782239 -0.208593 
2.530353 -5.532951 -0.000452 
2.577815 -5.354604 0.253415 
2.915705 -5.192226 -0.732558 
2.590121 -4.855624 -1.991453 
2.230093 -5.372553 -1.136615 
1.171126 -5.353813 -0.331317 
0.040022 -5.138379 0.702539 
0.919827 -5.394536 1.167626 
0.576813 -4.930741 1.036016 
0.416289 -5.478744 0.540853 
0.783862 -4.667963 0.566709 
2.127474 -4.708385 1.087127 
2.298094 -4.490180 0.283278 
1.537627 -5.342043 -0.525363 
1.484583 -5.766021 0.018523 
1.078643 -5.573667 -0.693229 
0.097456 -5.459226 -1.319836 
0.327953 -5.418723 -0.525804 
0.216641 -5.125506 -0.176951 
0.731110 -4.026969 -0.084326 
1.044329 -5.298292 -0.518308 
1.030567 -4.693116 -1.157213 
1.208050 -4.795632 -2.174172 
1.066475 -4.235836 -1.686716 
-0.343794 -4.279538 -1.017449 
-1.420731 -4.352740 -1.552105 
-0.020211 -4.408893 -1.701153 
-0.348493 -5.002110 -1.814662 
-1.300849 -4.883958 -2.455421 
-1.305660 -5.267084 -2.332912 
-0.473622 -5.039412 -2.882388 
-0.093630 -5.451864 -1.963160 
-0.750392 -5.395013 -0.683370 
-1.356476 -4.517354 0.250833 
-2.275880 -3.671235 -0.177481 
-2.514939 -3.687209 -1.245429 
-2.262165 -3.137594 -2.029553 
-0.822049 -2.942439 -2.124056 
-0.112035 -3.408654 -2.042853 
-0.367036 -3.827831 -1.700607 
-1.246598 -4.530475 -2.219366 
-1.818635 -5.140548 -1.539792 
-2.666651 -4.419188 -1.319450 
-2.730198 -4.381937 -0.635811 
-2.837113 -5.236173 -0.668085 
1.387111 -1.024092 -1.445867 
0.134807 -0.819722 -1.881365 
-0.662430 -0.836611 -1.845265 
-0.714804 -1.356757 -0.715576 
-1.149340 -0.735055 0.442700 
-1.876988 -1.073003 0.505799 
-1.050143 -1.410924 -0.703830 
-0.783587 -1.955822 -0.504777 
-0.854109 -1.383433 0.841681 
-1.439390 -1.227767 1.314242 
-1.825237 -1.834900 0.663991 
-1.469120 -2.277039 0.576264 
-1.936448 -2.686696 -0.361460 
-2.691960 -3.892963 0.068787 
-1.715327 -3.384908 0.473093 
-1.762996 -4.424285 0.499143 
-0.954952 -4.471525 -0.256729 
-0.806273 -4.396337 0.835965 
-1.167696 -5.152230 0.119083 
-1.037617 -5.410188 0.092046 
-0.638954 -4.658748 0.358049 
-0.786267 -3.728483 0.000895 
-1.298985 -3.398625 -0.884639 
-1.643564 -3.201191 -1.268657 
-2.083875 -1.885420 -0.684051 
-1.537920 -3.017558 0.120213 
-1.219127 -4.162613 0.587824 
-0.150556 -3.944011 0.818561 
-0.594432 -3.622437 1.279914 
-1.330865 -3.314796 0.644287 
-1.202771 -3.045780 -0.300815 
-0.670940 -2.224666 -1.447564 
0.697372 -2.837102 -0.816045 
1.589156 -3.304894 0.302459 
1.027058 -2.735486 0.229546 
0.427895 -3.411926 0.982777 
0.339183 -3.998311 2.265052 
0.460669 -3.370576 2.335596 
-0.120805 -2.851874 2.747637 
0.943671 -3.485887 2.349967 
1.187714 -4.345613 2.623446 
0.847132 -4.269545 3.311444 
0.079547 -4.739848 2.276286 
-0.049008 -4.493198 2.298005 
-0.658385 -4.453951 1.839926 
-0.872750 -4.188253 1.731250 
-0.302451 -3.069436 1.801868 
0.417189 -3.672239 2.472066 
2.076036 -3.835380 2.098725 
1.890522 -3.206410 1.343442 
0.990466 -2.821168 1.919518 
0.870654 -1.603795 2.372859 
1.248039 -2.863375 1.423257 
1.370095 -3.529411 1.685442 
0.821048 -4.164546 2.215354 
0.932533 -3.515951 3.244634 
1.570093 -3.339180 3.546245 
1.359462 -3.453898 2.236979 
1.389864 -3.357728 0.822899 
1.691430 -3.632629 1.548461 
1.613738 -4.528221 2.050605 
1.508356 -3.767889 2.990250 
0.508670 -5.030799 2.445787 
0.503903 0.473045 5.732597 
-0.062088 -0.652228 6.119052 
0.164154 -1.198773 6.323198 
-0.227732 -1.530996 6.206923 
-0.476792 -1.313418 4.824574 
-1.152431 -0.700733 4.014375 
-1.761385 0.134414 3.697873 
-1.617028 -0.849250 3.021776 
-0.723139 0.121902 3.644148 
-0.176515 0.390894 4.256979 
1.015395 -0.367321 4.798072 
0.988378 0.072640 4.104716 
1.458622 0.179173 3.125886 
1.136005 -0.764569 2.940615 
0.323896 0.155322 3.928539 
0.034879 0.310983 4.688817 
0.435176 1.232646 4.608170 
0.023672 1.885100 2.961529 
-0.111866 1.769526 3.239547 
-0.632107 0.520565 3.699279 
-0.808712 0.731805 4.511391 
-1.040601 0.003853 4.049863 
-1.657932 -0.739040 2.507082 
-0.882743 -0.086101 2.763328 
-1.469961 0.461659 3.416977 
-1.079620 1.199961 3.740537 
-0.267991 0.746402 3.316833 
0.209731 1.286445 3.595537 
0.596041 2.081180 3.916612 
0.646363 3.043838 4.251562 
0.846909 3.456654 3.353500 
0.662550 3.290645 2.550912 
0.056255 2.051724 1.752967 
-0.187008 1.834785 2.120231 
-0.773809 1.293965 2.168168 
-1.082287 1.815014 2.231601 
-0.517861 2.057364 3.396238 
-0.922543 1.549051 3.003878 
-0.286454 1.306807 2.368732 
-0.305928 0.897130 1.961184 
-0.209864 2.159432 1.624948 
0.476136 3.469652 1.123797 
1.374032 3.754503 1.290883 
1.886346 3.572761 2.156186 
2.349502 3.572387 3.029211 
2.145401 3.784281 2.894563 
1.527256 4.121539 3.011841 
1.122387 4.354935 3.508444 
2.018599 3.747924 3.632251 
2.057857 3.587622 3.072309 
2.102823 2.491123 3.152911 
1.727054 3.004379 3.507667 
0.972231 3.673609 4.073702 
0.555260 3.934256 3.466865 
0.971279 4.392288 2.351899 
0.878897 4.608880 1.714819 
0.922482 4.618110 2.479786 
1.789905 4.063769 4.041625 
1.644530 4.152585 4.681062 
0.798190 3.677385 4.402278 
1.198102 3.379357 3.035159 
1.477923 3.237251 2.388538 
1.550587 3.517669 3.449101 
1.798221 2.960330 4.519580 
2.029298 3.507147 5.227961 
2.350496 4.638990 6.196572 
5.878012 1.186004 -1.047857 
5.305238 0.454120 -2.023655 
5.281160 -0.382980 -1.998433 
5.018165 -0.944438 -2.163737 
5.053722 -1.673218 -1.652234 
5.436229 -2.684987 -0.055440 
6.018547 -2.220863 -0.659322 
6.108676 -1.611180 -0.832747 
6.546765 -2.082411 -0.691256 
5.592725 -1.241374 -1.312288 
5.460217 0.176663 -2.530319 
5.301159 -0.085091 -2.867285 
5.053478 -0.922171 -2.631364 
4.869522 -1.223797 -2.091196 
4.528954 -1.121503 -1.187117 
4.020921 -1.822511 -1.553290 
4.141151 -2.731159 -1.543225 
4.545252 -2.185031 -1.916620 
5.591432 -2.590253 -1.201834 
5.493964 -2.328572 -0.925609 
5.025122 -2.573225 -2.606920 
5.369694 -2.483893 -2.536575 
5.785823 -2.394355 -2.385557 
5.086401 -3.037561 -2.810005 
5.309109 -3.369908 -2.379053 
4.755454 -3.250567 -2.952736 
4.003352 -2.311511 -3.609458 
3.544842 -2.639064 -4.159870 
3.520731 -2.712477 -3.922155 
4.841169 -2.351595 -3.574200 
3.974676 -1.953795 -3.817917 
3.391017 -2.485059 -2.791095 
2.521675 -2.562179 -2.649987 
2.277462 -3.949630 -3.073448 
2.540853 -4.304086 -3.377756 
2.567650 -3.445898 -4.091883 
3.373622 -3.279347 -3.969402 
3.881939 -3.699296 -3.055036 
4.430546 -3.107299 -2.280967 
3.559823 -3.003590 -2.823624 
3.230814 -3.158356 -3.555449 
2.388799 -3.180847 -2.838473 
1.960661 -3.564008 -2.092835 
3.525448 -3.161491 -2.060218 
2.960468 -3.900623 -3.012547 
1.907890 -4.415672 -3.770126 
1.809163 -4.483854 -3.995635 
1.486921 -4.335478 -3.895968 
1.204155 -4.401989 -3.693537 
0.849179 -4.753277 -3.678077 
-0.319626 -4.376689 -3.060952 
-0.252236 -3.599787 -2.960324 
0.288717 -3.964038 -3.327287 
1.240184 -3.924485 -3.245772 
1.692700 -5.375878 -2.401938 
4.405171 2.911548 -1.783167 
3.636053 1.941613 -2.446749 
3.102559 1.259180 -3.187454 
2.729163 1.056833 -2.938780 
1.653946 0.745395 -3.840573 
0.999367 0.804800 -3.834395 
1.698044 -0.409733 -3.838986 
0.783634 -1.167349 -4.842746 
-0.200448 -1.761981 -4.557431 
-1.389135 -1.237794 -3.540427 
-0.176843 -0.951109 -3.445719 
1.116042 -2.204187 -3.144160 
0.707631 -2.481218 -1.923090 
1.008413 -2.812511 -2.198034 
1.508033 -2.343782 -2.548195 
0.426436 -2.106235 -3.031915 
-0.513373 -1.513039 -3.817620 
-0.457812 -2.822847 -3.864419 
-0.008958 -3.706016 -3.394426 
0.458677 -3.281974 -4.096999 
-0.074953 -2.886972 -4.318737 
-0.587263 -2.993523 -4.655384 
-1.252618 -3.210473 -4.419566 
-1.102182 -2.633871 -4.976637 
-1.772761 -2.412341 -4.704908 
-3.271437 -2.306765 -4.001018 
-3.065404 -2.626035 -4.074112 
-1.665605 -3.169137 -4.799367 
-1.778407 -3.571731 -4.287012 
-2.063521 -4.090036 -3.606989 
-1.934508 -2.849163 -4.011718 
-2.422526 -3.709091 -3.717918 
-2.587527 -3.007108 -4.020946 
-2.227478 -2.829563 -4.663025 
-2.028809 -2.909980 -4.350608 
-0.742799 -3.617772 -4.290545 
-1.333626 -4.331562 -4.005354 
-0.884750 -4.936132 -3.351045 
-0.795520 -4.394925 -3.358578 
-2.052663 -4.067506 -2.984511 
-2.650207 -3.547740 -2.795179 
-3.964203 -2.572084 -3.057747 
-4.145765 -2.456564 -2.017609 
-3.382713 -2.735768 -2.706376 
-3.274369 -3.284659 -2.294393 
-3.274348 -3.015896 -2.139896 
-3.303626 -3.396992 -1.443456 
-2.325420 -2.206285 -1.670798 
-2.227452 -2.800199 -2.909356 
-1.744443 -3.083575 -3.047867 
-0.822882 -2.522393 -2.331856 
-0.340564 -2.180495 -2.913614 
1.763783 4.672559 -4.314409 
1.545066 3.553395 -3.469271 
1.100032 2.767377 -3.046821 
0.035082 1.837458 -2.015495 
-1.736688 1.943465 -1.146556 
-2.399271 2.975702 -0.994498 
-2.220535 2.549785 -0.260808 
-2.046126 2.081915 -0.997763 
-2.126035 2.160668 -0.616043 
-0.963179 1.013757 -0.584942 
-0.262886 0.917159 -0.419639 
-0.811111 1.540174 -0.975321 
-1.884822 1.536408 -1.734713 
-2.227789 1.329572 -3.211537 
-1.333442 1.630748 -4.259344 
-0.591045 1.358910 -3.785923 
-1.246263 1.937748 -3.086395 
-2.774931 2.822624 -2.500783 
-3.434054 2.475035 -1.705347 
-3.502742 2.890091 -2.159115 
-3.396893 3.418842 -1.738282 
-2.539196 3.130049 -1.837856 
-3.264428 1.760684 -1.618053 
-3.466760 1.253351 -1.308363 
-3.192809 0.299727 -0.852139 
-3.288091 0.053060 -1.565222 
-3.317357 -0.445882 -1.167036 
-1.841894 -1.034228 -0.555500 
-1.785721 -0.859067 -1.341635 
-1.899345 -0.784689 -1.006396 
-2.730250 -1.378934 -0.770655 
-3.148296 -1.835907 -0.858933 
-2.327377 -1.326057 -0.982499 
-2.644451 -0.169976 -1.463927 
-4.155082 -0.975998 -1.477109 
-4.197191 -1.370258 -0.891214 
-3.253977 -1.592073 -0.968785 
-4.049621 -1.000101 -0.696738 
-3.817185 -0.676974 -0.310660 
-2.954819 -0.398211 -0.837143 
-2.502755 0.289791 -0.846606 
-2.191844 1.026285 -0.545643 
-2.269014 0.159256 -0.884979 
-2.854587 -0.925784 -0.425104 
-3.525284 -1.661935 -0.311438 
-2.889397 -1.472897 -0.106700 
-2.450307 -2.076063 0.067668 
-3.377130 -2.874167 -0.605715 
-3.423402 -2.509636 -0.595805 
-2.982016 -2.560741 0.331140 
3.393865 -5.355687 1.643271 
3.795190 -3.455479 2.232000 
3.669372 -3.497671 2.788957 
4.071362 -4.121115 2.896839 
3.468033 -3.525879 3.310485 
2.246497 -2.116909 3.567896 
3.811150 -1.829600 2.527340 
4.231976 -1.042184 1.055168 
4.764574 -0.999959 1.446729 
4.740791 -0.414145 2.251819 
5.046762 -2.118437 2.124148 
5.153343 -2.407651 1.769163 
3.923555 -1.717767 2.736951 
3.929642 -0.148741 2.007198 
3.278444 0.466584 1.734918 
3.577135 0.218167 0.964994 
3.000784 -0.518252 1.967804 
3.091761 -0.417576 3.155532 
2.589088 -0.820248 3.865525 
2.197970 -2.055822 2.775268 
2.397109 -1.652066 2.029252 
3.106570 -1.486057 1.760481 
3.008650 -0.794560 1.732794 
3.991893 -1.068756 2.653271 
4.336219 -0.830256 3.551958 
4.108445 -1.515223 3.753450 
3.513191 -2.447983 3.091775 
2.882674 -2.426389 3.080739 
3.534183 -2.199946 3.222182 
3.694342 -1.323327 2.935163 
2.970319 -1.790124 1.902620 
3.030415 -2.028575 1.276542 
3.390212 -1.579106 1.237652 
2.998909 -1.255111 0.985182 
2.556602 -1.991242 1.178782 
2.852249 -3.117974 1.319409 
2.836978 -2.613856 2.871320 
3.362873 -1.642336 3.925338 
3.620056 -1.835575 3.884627 
3.123790 -1.375152 3.226956 
4.228749 -0.849127 2.723669 
4.026330 -1.582476 2.123545 
2.983121 -2.131992 2.076840 
2.964759 -2.349009 2.778083 
3.264608 -2.510404 3.060390 
3.670989 -1.177354 4.343242 
4.200835 -1.590361 3.847438 
4.857018 -1.319897 4.615606 
3.098199 -4.833463 5.100584 
3.366532 -3.371185 4.350110 
4.244568 -2.347250 3.552602 
3.717990 -2.469366 4.340906 
3.286008 -2.636455 5.189678 
2.682500 -2.754166 4.194580 
3.927971 -2.944184 4.930070 
4.093519 -3.405466 4.634062 
4.674736 -3.690510 4.515041 
5.170768 -3.203566 4.299624 
5.369128 -2.500900 4.730525 
4.238888 -1.836709 5.531361 
2.939387 -1.125508 5.930181 
3.456130 -1.267168 6.199659 
3.685169 -1.838392 5.719659 
3.965522 -1.065419 5.084934 
4.618527 -1.444243 5.511068 
4.622687 -2.219655 5.055159 
5.416912 -1.514385 4.212091 
4.765193 -0.510695 3.616777 
4.359632 -0.561103 5.095990 
3.573752 0.043286 5.165680 
3.911134 -0.017826 4.554265 
3.016257 0.106552 4.005188 
1.946175 0.324937 4.961846 
3.582576 -0.301450 5.510082 
4.641784 0.092883 5.045529 
4.834692 -0.033785 4.583547 
5.078838 -0.441770 3.869068 
4.209902 -0.691606 4.211444 
3.849003 -0.499650 4.659804 
4.182907 -0.067162 4.842903 
3.127744 -7.552086 2.347078 
4.204337 -6.986621 2.254653 
4.471035 -5.948791 2.695137 
3.245488 -4.822622 2.617942 
1.983938 -3.489028 2.439894 
2.614840 -4.433569 2.907089 
3.748832 -4.096636 2.308908 
4.430790 -4.386502 1.455452 
3.377921 -4.411976 1.674034 
3.394627 -4.655024 2.229748 
4.821268 -4.589030 2.316257 
6.078932 -3.601261 2.077844 
6.339264 -3.200679 1.377020 
6.825143 -3.825689 0.637398 
7.597643 -4.859651 1.550946 
6.918007 -5.544950 2.522464 
5.593734 -6.004938 2.863868 
5.167066 -6.408272 2.054210 
5.519414 -4.938949 1.240060 
4.768458 -4.681835 1.779814 
5.131380 -3.706588 2.309979 
5.166828 -4.048353 2.526125 
5.436753 -3.629504 1.629461 
6.130642 -3.328847 0.510981 
6.079523 -3.668228 0.330413 
5.606205 -3.654137 0.030068 
5.529621 -3.592491 0.487948 
5.187836 -3.322713 1.890826 
5.422026 -3.805655 3.382979 
4.256555 -3.634142 3.566628 
4.275406 -3.560401 4.520853 
4.479336 -3.010911 3.679123 
5.465395 -3.205070 3.278860 
5.892532 -2.980801 2.454429 
6.659353 -2.787423 2.071786 
6.345145 -2.869976 2.128817 
6.007087 -3.284394 1.610556 
5.076095 -4.402966 1.352819 
5.537193 -3.378266 2.255387 
6.050347 -2.365826 0.968027 
6.343042 -2.447751 0.629760 
5.975452 -1.819568 1.774063 
5.926824 -1.164308 2.934240 
5.780062 -1.928828 4.080373 
6.338041 -1.818903 2.798523 
6.084202 -1.359041 1.432414 
6.217861 -1.286318 1.921348 
5.971176 -2.331332 2.826458 
5.637808 -2.022686 2.750920 
5.660673 -1.503263 2.921742 
5.487557 -0.341756 2.532555 
5.120914 -0.521712 2.013044 
4.420305 -1.173474 0.795730 
5.232449 -1.560406 0.480609 
5.358843 -1.738292 2.085908 
5.677609 -1.204393 1.495372 
4.862290 -0.924581 1.899346 
4.405334 -2.097015 0.880207 
4.204758 -1.932610 1.611522 
4.810612 -1.883225 0.979444 
4.329260 -2.686069 0.443305 
4.208071 -3.074053 0.435263 
4.039000 -3.688825 0.351830 
4.475652 -4.184652 -0.068046 
4.981511 -4.892366 -0.729168 
4.580788 -5.550696 -0.858472 
3.661883 -5.333516 -0.220971 
3.180961 -4.736720 0.328761 
2.942363 -4.245631 0.628284 
3.241438 -3.202576 1.383015 
3.724410 -3.309218 0.718204 
4.817060 -2.119862 0.798710 
4.860383 -1.837727 0.415668 
4.025023 -1.242902 0.118260 
3.383582 -1.820294 -0.610936 
2.743525 -1.900706 -0.584714 
3.285443 -2.309278 -0.777242 
2.978866 -1.323969 -1.190262 
2.490597 -2.273349 -0.335833 
3.786793 -2.549567 -0.322685 
4.847431 -2.667760 -0.216535 
5.014906 -2.597110 0.239721 
5.213652 -3.121464 -0.510073 
5.030612 -3.660911 -0.833621 
4.027409 -4.699889 -0.932441 
4.007563 -4.522727 -1.561486 
4.485413 -3.961305 -1.381208 
4.290091 -4.471502 -0.578311 
4.161548 -5.222957 0.044140 
4.220676 -6.755202 0.299691 
