Snapshot 0 0.000000
-28.944540 -13.026407 -20.341017 
-29.245572 -13.920097 -20.673732 
-29.729281 -13.358826 -21.345298 
-28.847190 -13.369925 -21.816244 
-28.882851 -13.313783 -22.814030 
-29.811611 -13.383780 -23.178043 
-30.256170 -12.767590 -22.527906 
-29.878372 -12.182801 -23.245743 
-28.999774 -11.820272 -23.556611 
-28.526754 -12.600943 -23.965029 
-27.752322 -13.147885 -23.647053 
-28.224722 -13.975370 -23.343564 
-28.850091 -14.705916 -23.069307 
-28.949600 -15.633703 -23.428902 
-28.037835 -15.826161 -23.791729 
-27.156834 -15.536932 -23.417317 
-26.994828 -16.378510 -22.902049 
-26.965445 -16.124711 -21.935238 
-26.492662 -15.260538 -21.762953 
-27.186710 -14.542112 -21.809440 
-27.701553 -14.791412 -20.989205 
-27.226090 -15.428329 -20.382352 
-26.985818 -15.788704 -19.481020 
-27.858430 -16.203892 -19.738247 
-28.574499 -15.605491 -19.378857 
-28.960596 -15.552121 -20.299770 
-28.436311 -16.239728 -20.802088 
-28.735594 -17.038882 -20.280760 
-28.781317 -17.484782 -21.174674 
-28.048060 -16.920865 -21.554585 
-27.745669 -17.119545 -22.486833 
-28.142027 -17.971199 -22.143923 
-27.956628 -18.221679 -23.094127 
-27.904906 -19.208896 -22.943370 
-27.208275 -18.676784 -22.462160 
-26.810629 -19.041651 -23.304033 
-25.859242 -18.781337 -23.139413 
-26.285027 -18.408786 -23.963981 
-26.784315 -18.232689 -24.812333 
-26.522803 -17.325493 -25.141889 
-25.946017 -17.129358 -25.934889 
-25.059688 -17.001923 -26.380064 
-25.226979 -17.979483 -26.252040 
-25.434782 -18.781421 -26.812141 
-25.140603 -19.261288 -25.985589 
-24.570153 -18.875484 -25.260509 
-24.259725 -18.907706 -24.310458 
-24.341028 -18.004468 -23.889091 
-24.036187 -17.598591 -24.750680 
-23.131370 -17.185853 -24.646018 
-22.678962 -16.940113 -23.788733 
-21.841687 -17.421924 -23.530220 
-21.418743 -18.270171 -23.211482 
-20.736395 -17.911234 -22.574642 
-20.679697 -18.906640 -22.497497 
-21.385646 -19.584119 -22.704035 
-20.602795 -19.843593 -22.138511 
-19.877157 -20.342588 -22.612276 
-19.068574 -19.754590 -22.590988 
-18.391811 -20.370656 -22.994043 
-18.525912 -20.744637 -23.911733 
-18.078011 -21.638681 -23.903350 
-18.544650 -22.520303 -23.832706 
-18.842031 -22.239615 -22.920139 
-19.156207 -21.531148 -23.552094 
-19.054488 -21.886585 -24.481243 
-19.292677 -22.152917 -25.415231 
-19.131951 -22.003939 -26.390922 
-19.625289 -22.607477 -27.017308 
-20.525134 -22.998822 -26.824622 
-21.242912 -23.691689 -26.755842 
-21.104705 -23.189018 -25.902483 
-21.397942 -24.127300 -25.719076 
-20.419282 -24.332694 -25.725311 
-20.927523 -25.192979 -25.685284 
-20.782734 -26.103202 -26.073267 
-20.205469 -26.509713 -25.365090 
-20.458883 -27.008314 -24.536128 
-19.857856 -26.623324 -23.835736 
-20.341074 -25.931885 -23.298696 
-21.220996 -26.399623 -23.215278 
-21.300158 -26.289375 -22.224531 
-21.851250 -25.648420 -21.690233 
-21.392333 -25.270974 -22.494553 
-21.966553 -25.470507 -23.288567 
-21.470686 -24.681058 -23.650350 
-21.740158 -25.348103 -24.344926 
-20.740730 -25.333123 -24.375237 
-19.813603 -25.692921 -24.270447 
-19.084957 -25.901452 -23.618074 
-18.649727 -26.326279 -22.824288 
-18.511940 -27.292727 -22.607507 
-19.317512 -27.875581 -22.713970 
-18.989618 -28.210893 -23.597175 
-18.264803 -28.853279 -23.846140 
-18.128307 -29.213993 -24.768775 
-18.685707 -29.876888 -24.268899 
-19.138592 -29.317585 -23.574583 
-20.121882 -29.277029 -23.752055 
-20.124030 -29.708503 -22.849932 
-20.710984 -29.523015 -22.061846 
-21.189948 -28.718247 -21.711215 
48.337400 24.197393 0.927283 
47.867982 23.835575 0.121842 
47.008600 24.331585 -0.002405 
46.100379 24.152401 -0.380592 
46.036405 25.001579 -0.904810 
46.027872 25.899742 -1.344391 
46.755967 25.388964 -1.801538 
47.242016 26.216385 -1.520238 
46.414800 26.696343 -1.812395 
46.638054 26.063602 -2.553877 
47.351110 25.679088 -3.140138 
47.360514 26.663310 -2.963448 
48.030483 27.252586 -3.414996 
48.244350 27.403751 -4.380091 
48.608333 26.472782 -4.351587 
48.933052 25.549737 -4.145321 
49.253651 25.656160 -5.086538 
48.264270 25.739235 -5.205797 
48.117361 24.962888 -4.592851 
47.239928 24.684126 -4.202462 
47.743933 23.843730 -4.003179 
47.545752 22.909138 -4.298579 
47.085549 22.817642 -5.181665 
46.115353 22.620678 -5.322821 
45.943793 21.672721 -5.054598 
45.252040 21.666148 -4.332494 
44.688608 20.846273 -4.434228 
43.978078 21.283385 -3.882793 
43.126815 20.832182 -4.150689 
42.343545 21.159488 -3.622144 
42.754052 21.457996 -2.760531 
43.401183 21.584034 -2.008643 
43.017884 20.662479 -2.070443 
42.758115 20.159100 -1.246350 
42.503450 19.441056 -1.894083 
42.554958 18.636503 -1.302441 
42.571506 17.738128 -1.741358 
43.393682 17.591469 -2.291374 
43.043993 16.949237 -2.973470 
42.918496 17.890169 -3.287946 
42.667809 18.120470 -4.228222 
42.118882 17.941119 -5.044624 
41.905449 17.187834 -4.422525 
42.464928 16.370796 -4.283128 
42.356608 15.568132 -3.696614 
42.328307 15.581701 -2.697107 
42.206583 14.807542 -2.075930 
41.432806 14.360823 -2.525052 
41.815710 13.654692 -1.929431 
41.531421 12.711471 -2.101224 
42.025010 12.191771 -2.798563 
42.964695 11.850708 -2.772712 
42.522826 11.532613 -3.611501 
43.016148 12.398390 -3.695544 
42.903689 13.358010 -3.437703 
43.273906 14.013644 -4.095795 
42.980156 14.726584 -4.732526 
42.289510 14.817673 -5.449959 
41.376222 14.658632 -5.074978 
40.563137 14.109799 -5.269078 
40.640485 14.745342 -6.037259 
41.593123 14.797222 -6.336909 
42.369400 14.377214 -6.807001 
41.876807 13.508491 -6.858692 
41.187368 13.969871 -7.417085 
40.702045 14.827438 -7.587495 
40.266319 15.588728 -7.107307 
39.862122 16.031954 -6.307197 
39.156309 15.972299 -5.601315 
39.761476 16.368044 -4.910549 
40.025479 17.011231 -4.191791 
40.893884 16.517115 -4.150299 
40.376509 15.688771 -4.365170 
40.211855 15.508022 -5.334819 
39.555904 14.844671 -4.974687 
38.735926 14.319645 -5.202684 
38.610705 13.435087 -4.753376 
39.361587 12.836916 -5.033318 
38.621161 12.177208 -4.904648 
38.616000 11.210863 -5.161844 
37.817147 10.826981 -5.624951 
36.970015 11.069088 -5.151928 
37.526697 11.091998 -4.321518 
37.211733 12.036927 -4.410440 
36.268874 12.332819 -4.257257 
35.319504 12.287782 -4.568173 
35.737788 13.186727 -4.698308 
36.141575 13.937264 -5.221424 
36.689093 14.728354 -4.948661 
36.860622 15.681729 -4.700356 
37.148979 16.583523 -5.022251 
37.845976 15.955746 -4.675710 
37.950281 14.961336 -4.692107 
38.138449 14.453346 -3.851548 
38.309901 15.424914 -3.688270 
-0.516440 10.398773 -10.705617 
-0.509012 11.392424 -10.817880 
0.219079 12.051925 -11.004809 
-0.457161 11.953637 -11.734905 
-0.027358 12.128960 -12.620643 
-0.183405 12.473817 -13.546236 
-0.959199 12.869823 -14.037483 
-0.939684 12.083077 -14.654451 
-0.116794 12.638284 -14.533637 
0.795328 12.710797 -14.937092 
0.520511 13.157435 -15.788555 
-0.293610 12.776055 -16.226455 
-1.244636 12.560797 -16.448295 
-0.893215 13.388878 -16.885085 
-1.216161 14.088892 -17.522020 
-1.071822 14.589310 -18.375687 
-1.747627 15.296054 -18.166402 
-1.981166 16.156071 -17.712716 
-2.261352 16.354547 -16.773512 
-3.208943 16.673979 -16.779381 
-3.663302 17.154795 -16.029465 
-3.958013 16.425555 -15.411926 
-3.430883 16.287040 -14.573506 
-4.005148 16.620478 -13.825816 
-4.475292 16.048841 -14.498271 
-5.136059 16.139205 -13.753139 
-5.357618 16.803488 -14.467030 
-6.004003 17.329588 -13.914394 
-6.369004 16.818641 -13.136122 
-6.813471 15.997188 -13.493423 
-7.064368 16.276036 -12.566442 
-7.873654 15.787867 -12.239721 
-8.344990 15.002860 -11.837717 
-9.187967 14.466865 -11.883532 
-9.153628 14.381782 -10.887750 
-8.320254 14.296423 -10.341672 
-7.680820 14.280708 -11.110358 
-7.402896 13.326325 -11.001219 
-8.380858 13.404103 -10.807467 
-8.022518 13.014578 -9.959020 
-8.516497 12.153543 -10.079866 
-9.480136 12.409834 -10.155461 
-10.405008 12.157012 -10.439524 
-9.878832 11.407805 -10.037246 
-9.452261 11.487847 -10.938152 
-9.018062 11.317483 -11.822712 
-8.539404 11.525307 -12.675763 
-8.251369 11.409142 -13.626310 
-7.294474 11.567996 -13.383167 
-7.127071 11.962023 -12.479442 
-6.127217 11.947028 -12.471301 
-5.162470 11.933330 -12.734125 
-5.359485 12.898991 -12.903493 
-5.261832 13.797250 -12.475013 
-5.161269 13.902365 -11.485650 
-6.099256 13.917623 -11.139316 
-6.164498 14.369959 -12.028774 
-5.855341 15.202913 -12.487696 
-5.414449 15.981243 -12.040687 
-6.296603 16.308234 -11.701747 
-7.190779 16.662408 -11.427865 
-7.062158 17.576349 -11.812792 
-6.615024 18.381469 -12.202475 
-6.650526 18.423806 -13.200947 
-6.366794 19.364626 -13.386297 
-6.824120 19.633871 -14.233859 
-7.752265 19.658607 -13.862461 
-8.594085 19.961125 -13.415447 
-8.580139 19.243603 -12.719051 
-9.091160 18.566893 -13.249071 
-8.212728 18.261811 -12.881265 
-8.788349 17.471914 -13.092743 
-9.653883 17.528206 -12.595067 
-10.605702 17.695276 -12.852222 
-10.669732 17.442605 -11.886791 
-10.497889 18.425411 -11.819251 
-10.177909 18.653395 -10.899666 
-9.784168 17.941135 -10.318586 
-10.665442 18.086711 -9.868960 
-10.593577 18.454277 -8.941743 
-10.230613 18.184828 -8.049748 
-10.623778 17.417435 -7.543261 
-9.721579 17.650952 -7.180623 
-8.766662 17.876924 -7.373162 
18.133660 -39.234207 10.554083 
17.143314 -39.371097 10.575937 
16.176928 -39.215141 10.780327 
15.340756 -39.476368 11.262588 
14.374208 -39.442189 11.008388 
15.069735 -39.153610 10.350388 
15.472009 -40.025732 10.071858 
15.813932 -39.404951 9.366366 
16.604465 -39.581931 8.780076 
16.416820 -40.496190 9.139131 
17.263783 -40.204709 9.583757 
17.311733 -41.201471 9.648303 
16.945203 -41.827307 10.336769 
17.721085 -41.789121 10.966491 
17.090782 -42.148237 11.654789 
16.286469 -41.612194 11.398395 
16.195498 -41.318621 12.349993 
15.246579 -41.592607 12.193518 
14.458657 -41.014816 11.980597 
14.072969 -41.551627 11.230211 
13.614926 -41.196580 10.415265 
13.114095 -40.916094 9.596427 
12.310156 -41.254055 10.085778 
12.111066 -41.627517 10.991807 
11.826898 -41.468545 11.937310 
11.221942 -40.901235 12.496048 
11.302297 -40.158138 11.831706 
10.579211 -40.350709 11.168333 
10.711285 -40.855890 10.315485 
9.739866 -41.021864 10.485188 
10.102173 -41.911454 10.763329 
11.063267 -42.028462 10.513112 
11.814457 -42.606766 10.194870 
12.393691 -43.083682 9.533781 
12.799433 -42.215324 9.248599 
11.961006 -41.706639 9.052951 
11.929376 -40.843080 8.549696 
12.027948 -41.564323 7.864063 
11.454178 -42.316538 8.188039 
10.907617 -41.490793 8.327379 
9.996110 -41.415240 7.923094 
9.190958 -41.655919 7.381057 
9.037996 -40.795072 7.866386 
9.714763 -40.189102 7.448311 
9.040465 -39.455146 7.366875 
8.194877 -39.174994 6.912458 
7.903455 -38.235701 7.093575 
7.005289 -38.523309 6.761040 
7.363263 -38.629445 5.833361 
7.501008 -39.381659 5.189000 
7.173963 -38.603206 4.653228 
8.083878 -38.374119 4.999023 
8.798621 -38.257858 4.309367 
9.793333 -38.291567 4.212355 
10.239548 -38.389665 5.101887 
10.617390 -37.625934 5.625291 
10.360793 -36.659836 5.653794 
9.466249 -36.494244 6.068971 
9.487853 -35.818179 6.805496 
8.563906 -36.181025 6.684398 
8.669294 -36.308863 7.670578 
8.507612 -37.102807 8.256677 
8.368478 -36.835274 9.210127 
7.951124 -37.344685 9.962666 
7.133300 -37.820457 9.638929 
7.763523 -37.900523 8.866653 
7.018731 -38.391252 8.414468 
7.411741 -39.275170 8.667909 
7.545441 -39.943530 7.936185 
7.249229 -40.793091 8.372653 
6.265923 -40.874215 8.535530 
6.066338 -41.835316 8.344607 
5.488305 -41.402318 9.036266 
4.790751 -42.073731 8.786019 
4.833740 -42.857340 8.166254 
5.600403 -43.297552 8.633630 
5.669085 -43.898950 9.429622 
5.648111 -44.439289 10.270808 
6.570984 -44.056200 10.310170 
7.079714 -44.678638 9.715389 
7.401360 -45.570527 10.033316 
8.032046 -45.365288 9.284910 
-22.983040 -74.750307 5.631183 
-22.016896 -74.498099 5.576815 
-21.196667 -74.438583 6.145745 
-20.560825 -75.126434 5.795649 
-19.676549 -75.131590 6.262585 
-19.596995 -76.104647 6.046183 
-19.127955 -76.977269 6.182322 
-19.334811 -76.742665 5.232495 
-20.331978 -76.729522 5.158433 
-20.686152 -75.813578 4.969732 
-21.431009 -75.165126 4.812576 
-21.471914 -74.192764 4.582710 
-20.795335 -73.780236 3.972741 
-20.582799 -73.262158 3.144234 
-19.732548 -73.385579 2.632530 
-20.461318 -73.081135 2.019172 
-20.270909 -73.990424 1.649121 
-20.796823 -73.456788 0.986817 
-21.384000 -73.663672 1.769391 
-21.936115 -74.425661 1.430951 
-22.432234 -75.117892 0.906850 
-22.162588 -75.935399 0.397955 
-21.585617 -76.721160 0.175058 
-22.198351 -77.507784 0.099021 
-23.191219 -77.389142 0.087292 
-24.065579 -77.730506 0.432205 
-23.657970 -78.469093 0.969182 
-24.406127 -78.155592 1.553972 
-24.068904 -79.089944 1.669155 
-23.276044 -78.757216 2.179708 
-22.669346 -78.414053 1.462660 
-22.112743 -78.517038 2.287031 
-21.723858 -78.994290 1.498996 
-21.282035 -79.576953 2.181123 
-21.288700 -80.348281 1.544720 
-20.535286 -80.293760 2.200003 
-20.066186 -79.432310 2.394552 
-19.756705 -78.823410 3.124937 
-18.804788 -78.683209 3.397329 
-18.297467 -78.914729 2.567255 
-17.567373 -79.280822 1.990247 
-17.891703 -79.162548 1.051726 
-18.773392 -79.576525 1.278109 
-18.413178 -80.366350 0.781700 
-17.781427 -80.476243 1.549043 
-17.170817 -80.840413 2.252274 
-16.620897 -80.669846 1.434659 
-16.755075 -80.163751 0.582682 
-16.464543 -79.362530 0.059581 
-17.370226 -79.462369 -0.352451 
-18.271868 -79.889179 -0.282635 
-19.107330 -79.420122 -0.568970 
-19.264745 -79.342607 -1.553456 
-20.101977 -78.870118 -1.828767 
-19.341601 -78.606969 -2.422552 
-19.824583 -78.718433 -3.291059 
-20.021729 -78.608286 -4.265226 
-19.448999 -78.719807 -5.077349 
-19.694828 -77.778156 -5.307264 
-19.259440 -77.170771 -5.971734 
-19.942844 -76.450968 -6.093570 
-20.748475 -76.475418 -6.685482 
-20.642712 -77.320090 -7.210215 
-20.832989 -77.541185 -6.253704 
-20.794861 -77.500341 -5.255267 
-21.540387 -76.836895 -5.318746 
-21.025119 -76.179755 -4.768595 
-20.186528 -76.721654 -4.712818 
-20.745932 -77.179751 -4.022011 
-20.338325 -77.809638 -3.360877 
-20.347206 -77.324488 -2.486491 
-20.918622 -76.618625 -2.067872 
-21.681658 -76.543522 -2.709849 
-22.245259 -75.745634 -2.923694 
-22.937681 -75.620712 -3.634289 
-23.065857 -74.702182 -4.008287 
-22.069170 -74.744770 -4.077591 
-22.433695 -75.544386 -4.554807 
-22.511985 -76.358112 -5.130759 
-22.622537 -77.258874 -4.710750 
-55.050040 -46.380407 -9.499217 
-54.472271 -46.560288 -10.295348 
-54.366157 -47.430665 -9.814532 
-54.096252 -47.502374 -8.854319 
-54.794685 -48.160495 -8.573129 
-55.503429 -48.073863 -7.873003 
-55.603678 -47.834567 -6.907245 
-55.093384 -47.713589 -6.055797 
-54.201307 -47.803205 -6.498705 
-54.402440 -46.873536 -6.190062 
-54.303722 -46.665051 -7.163093 
-53.795585 -45.907706 -6.752940 
-54.257602 -45.182556 -6.242355 
-53.592479 -44.493370 -6.529818 
-53.146924 -44.463680 -7.424580 
-52.246313 -44.066515 -7.601104 
-51.944764 -44.791210 -8.220689 
-52.838481 -44.836982 -8.666978 
-52.666732 -45.084226 -9.620589 
-53.370647 -44.776653 -10.260825 
-52.715619 -44.021749 -10.293357 
-53.155556 -44.024566 -9.395332 
-52.262476 -43.605726 -9.231071 
-51.659734 -44.394434 -9.110064 
-50.872726 -44.796567 -9.577939 
-50.955469 -45.238364 -10.471231 
-50.050024 -44.836203 -10.607007 
-49.837941 -45.177443 -11.522745 
-48.979987 -44.836990 -11.138029 
-49.604749 -44.181796 -11.562756 
-48.952891 -43.567089 -11.118666 
-49.838551 -43.429289 -10.675252 
-49.212373 -42.652786 -10.604931 
-48.331320 -42.716387 -10.136210 
-48.303873 -43.700864 -10.309564 
-48.087726 -43.743511 -9.334135 
-47.635237 -42.884212 -9.095683 
-47.200840 -42.272172 -9.756521 
-46.726892 -43.149637 -9.682835 
-46.209269 -42.539485 -9.083017 
-45.843201 -42.793365 -8.187730 
-45.106527 -42.125369 -8.293047 
-44.649572 -42.126740 -9.182536 
-45.100235 -42.584007 -9.949223 
-44.485071 -42.725027 -10.724907 
-44.310376 -41.889443 -10.204062 
-44.100205 -40.919377 -10.325720 
-44.877894 -41.162232 -9.745874 
-45.431444 -40.719541 -9.040462 
-45.760141 -40.072303 -9.728242 
-44.851072 -39.718672 -9.507925 
-44.213927 -38.959590 -9.641495 
-43.838189 -39.290546 -10.507110 
-44.403213 -39.080048 -11.304880 
-44.242393 -39.919251 -11.824376 
-43.587348 -39.672114 -12.538406 
-43.053058 -38.860306 -12.773994 
-43.676517 -38.080600 -12.831936 
-43.588191 -37.085958 -12.778212 
-43.948965 -37.322270 -11.875993 
-44.836895 -37.418350 -11.426161 
-44.930288 -37.310932 -10.436344 
-44.934157 -38.226184 -10.033482 
-43.962332 -38.214092 -10.268874 
-43.403006 -38.376030 -9.455899 
-43.337507 -37.780164 -8.655490 
-42.698133 -37.090247 -8.994924 
-42.474483 -37.413760 -9.914337 
-41.721585 -36.761593 -10.002775 
-40.876416 -36.324496 -10.310406 
-40.952207 -35.706423 -11.092864 
-41.491126 -35.489334 -10.278961 
-42.166076 -34.778829 -10.478026 
-41.464566 -34.075444 -10.363426 
-41.303378 -33.411091 -9.633594 
-40.711014 -34.207375 -9.510965 
-39.804158 -34.377945 -9.125584 
-39.348273 -35.202402 -8.790264 
-8.976740 -56.092907 -36.131217 
-9.436546 -56.086866 -35.243218 
-9.686145 -55.119392 -35.284365 
-8.796495 -54.708070 -35.482700 
-8.030794 -55.338914 -35.608151 
-7.777262 -55.069049 -34.679230 
-8.244510 -55.580097 -33.957766 
-8.630181 -55.520498 -33.037057 
-7.921265 -56.006493 -32.525933 
-7.891015 -55.686731 -31.578918 
-7.871159 -56.449497 -30.932548 
-8.827807 -56.494115 -31.220357 
-9.103994 -55.912472 -31.985479 
-10.001394 -55.471274 -31.981297 
-10.153701 -55.908311 -31.094843 
-9.975274 -55.290240 -30.329237 
-10.578950 -54.493660 -30.297078 
-10.280974 -53.731484 -29.722362 
-10.402620 -53.250804 -28.853944 
-11.372556 -53.117606 -28.650272 
-11.555637 -52.289506 -29.180112 
-10.641643 -52.069807 -29.521210 
-10.072765 -52.769284 -29.953771 
-10.460400 -52.173920 -30.657533 
-10.706724 -51.210346 -30.761690 
-10.111492 -51.480180 -31.518584 
-9.310162 -51.826383 -31.030718 
-8.533362 -52.452318 -31.099905 
-8.149119 -53.207187 -30.568370 
-7.713080 -54.015368 -30.964241 
-7.246693 -53.893154 -30.088144 
-6.300365 -54.109068 -30.328651 
-5.308790 -54.149089 -30.205458 
-5.447685 -53.902998 -29.246215 
-5.472997 -54.776391 -28.759858 
-5.201285 -55.450777 -29.446427 
-4.207612 -55.344700 -29.483335 
-3.345048 -54.838992 -29.467723 
-3.225568 -55.339334 -28.610179 
-4.062044 -55.122337 -28.106968 
-4.145403 -54.923574 -27.130472 
-4.953723 -55.374503 -26.751947 
-5.039110 -55.960635 -27.557650 
-5.478403 -55.066587 -27.645400 
-6.127756 -54.333890 -27.441696 
-5.704770 -53.502283 -27.081820 
-5.601213 -52.642972 -27.582682 
-4.894148 -52.662692 -26.875808 
-5.487250 -51.907148 -26.597631 
-4.691354 -51.364694 -26.328758 
-4.479180 -50.455091 -25.971540 
-3.715447 -49.821738 -26.096339 
-3.703804 -49.582574 -27.067249 
-2.876023 -49.303604 -27.554028 
-2.826159 -48.881998 -28.459435 
-2.728475 -47.898241 -28.610033 
-3.721566 -47.844753 -28.714481 
-4.145212 -48.427665 -29.407833 
-4.305267 -47.482067 -29.691077 
-4.806215 -47.144719 -30.488101 
-4.112247 -47.654565 -30.996497 
-4.087710 -47.750668 -31.991566 
-3.344429 -47.372294 -32.543259 
-2.915124 -48.204743 -32.192938 
-2.271602 -48.107348 -32.952144 
-2.756224 -48.655070 -33.634158 
-3.590928 -48.394133 -33.149204 
-4.519752 -48.692260 -32.929186 
-4.623800 -49.533129 -33.460328 
-3.881749 -50.187229 -33.313654 
-3.177410 -49.858457 -33.942793 
-2.759421 -50.146933 -33.081359 
-2.835640 -50.102530 -32.085258 
-3.568121 -50.694796 -31.749561 
-2.962317 -51.487326 -31.679584 
-3.482002 -51.594908 -30.832027 
71.306560 -24.288107 17.493383 
71.584996 -25.243227 17.594478 
71.059980 -25.804040 16.954285 
71.819201 -26.327384 16.567381 
72.772909 -26.482148 16.825235 
73.594390 -25.912430 16.849563 
74.344005 -25.670543 16.233472 
74.360009 -26.337908 15.488913 
73.841887 -26.835656 14.793357 
73.551377 -27.785698 14.679239 
72.936301 -28.525050 14.405305 
73.504232 -28.521244 13.582238 
74.373515 -28.244353 13.991725 
75.081609 -28.755431 14.478964 
75.009774 -27.768847 14.625567 
74.496091 -27.817695 15.482155 
74.471255 -28.816864 15.514467 
73.472085 -28.839890 15.480851 
73.198322 -28.801326 16.441875 
72.891011 -27.941156 16.848896 
73.793332 -27.874215 16.423062 
74.397636 -27.996820 17.210326 
74.520753 -28.422962 18.106565 
75.139965 -29.031269 17.610038 
75.423912 -29.579930 18.396388 
74.446643 -29.538174 18.188538 
73.551966 -29.709421 18.601122 
74.249078 -29.209399 19.114945 
74.433186 -28.238556 19.268460 
75.279456 -28.771310 19.268969 
76.183612 -28.979904 18.896155 
76.993701 -28.595568 18.453389 
77.268456 -28.537086 19.413123 
78.058066 -27.989323 19.689656 
78.065779 -27.877965 20.683407 
78.537129 -28.287457 21.464526 
78.644413 -28.909251 22.240324 
79.163592 -28.124824 22.579628 
78.581326 -27.632542 23.226641 
78.556208 -28.244997 24.016747 
78.039095 -28.584057 24.802643 
78.288124 -27.627493 24.954201 
77.783155 -26.932149 24.442826 
78.457337 -26.193925 24.420366 
78.819919 -25.634916 23.674683 
77.913308 -25.619404 23.253001 
77.324413 -25.245783 22.536335 
77.701136 -25.876554 21.857950 
77.286662 -25.902402 20.948256 
76.465577 -25.334312 20.892633 
75.846689 -24.934532 20.216502 
74.939545 -24.646657 20.523451 
75.594600 -24.424638 21.245677 
75.408875 -24.370601 22.226792 
75.436983 -24.364674 23.226379 
74.621440 -24.501239 23.788731 
74.019202 -24.769007 23.036661 
74.069321 -25.735800 23.287260 
74.836132 -25.463660 22.705933 
74.604433 -26.435122 22.756708 
75.357652 -26.335607 22.106509 
74.752508 -26.736055 21.418438 
74.889640 -27.651610 21.040344 
74.441727 -28.539928 21.141657 
74.165391 -29.120936 20.376107 
73.331799 -29.599250 20.652404 
72.554522 -28.996247 20.472881 
72.041068 -28.138962 20.510654 
34.391360 -33.493507 -21.667817 
35.384055 -33.613651 -21.656796 
35.674102 -32.711847 -21.336448 
36.096703 -31.806753 -21.383481 
35.600181 -31.764734 -22.250488 
35.130090 -32.624244 -22.451129 
34.236616 -32.336597 -22.106218 
34.635551 -31.549129 -21.636384 
34.033828 -31.340662 -22.407404 
34.109382 -30.479222 -21.905195 
34.994338 -30.153473 -21.572419 
35.392959 -30.730838 -20.859852 
35.462119 -30.117574 -20.073008 
35.277203 -30.469134 -19.155287 
34.418902 -30.145570 -19.553566 
33.794661 -30.906436 -19.730780 
34.157116 -31.751263 -19.337214 
33.957582 -32.730935 -19.357904 
34.255926 -33.437261 -19.999850 
33.864190 -34.328019 -19.769430 
34.345772 -34.597698 -20.603308 
33.917192 -35.462255 -20.340896 
34.717612 -36.054285 -20.246937 
35.153801 -35.305415 -20.745867 
34.774902 -35.672799 -21.595258 
35.669953 -35.913625 -21.970606 
35.856904 -34.937225 -21.862480 
36.155259 -34.406493 -21.069191 
37.124971 -34.366836 -21.310198 
37.900337 -33.736770 -21.267484 
38.257343 -34.655143 -21.096782 
39.172665 -35.000099 -21.304603 
39.209120 -34.403369 -20.502989 
38.612120 -33.651681 -20.222710 
37.744739 -33.295551 -19.875115 
37.934701 -32.766301 -19.048188 
38.183462 -31.905900 -19.492966 
38.900985 -32.526076 -19.810051 
39.161117 -32.458754 -18.846828 
39.366954 -33.409018 -19.080558 
40.314284 -33.262679 -18.795690 
41.196179 -33.498019 -18.387185 
41.136148 -33.532483 -17.389583 
40.765034 -32.611349 -17.507000 
41.398708 -32.219714 -16.839858 
40.522213 -32.432027 -16.407793 
40.561884 -31.437780 -16.308300 
40.678682 -30.455845 -16.159430 
41.536784 -30.604437 -16.650939 
41.221841 -29.669750 -16.815777 
41.093115 -30.198697 -17.654612 
40.093269 -30.192124 -17.670911 
39.391931 -30.621531 -18.239888 
39.539243 -31.196074 -19.044996 
40.434092 -30.755312 -19.115520 
41.106494 -31.368550 -19.530025 
41.566526 -30.516825 -19.780891 
42.148643 -29.872887 -20.277363 
42.278299 -29.573289 -21.222578 
42.843878 -30.369983 -21.009507 
42.321298 -30.644761 -21.816605 
41.499759 -31.153912 -22.073196 
40.974032 -31.220999 -22.921200 
40.904879 -31.836976 -23.705923 
40.211033 -31.131189 -23.848898 
48.541320 60.250993 13.317283 
49.245591 60.641376 12.724321 
49.675692 60.967881 11.882652 
49.418820 61.309082 10.978441 
49.254847 62.230956 11.329529 
48.799841 62.287131 10.440814 
48.742673 63.279116 10.328131 
48.242250 63.380721 11.187930 
47.454165 63.337229 10.573902 
47.612549 64.152458 10.016842 
47.025729 64.709382 10.604616 
47.103840 65.705510 10.564262 
48.084526 65.641621 10.379403 
48.238627 66.409012 9.757018 
48.904644 67.022947 9.333336 
49.454445 67.496336 8.645134 
49.510631 68.261703 9.286271 
49.646511 69.244714 9.409667 
48.810229 69.176451 8.865634 
48.755791 69.095603 7.870395 
49.104868 69.996870 7.613756 
49.026945 70.655654 8.362041 
49.304580 71.107447 9.209863 
49.277428 71.909711 9.806215 
48.621665 72.201228 9.109800 
48.005088 72.843476 9.565157 
48.167334 71.955609 9.995701 
47.936912 72.207560 10.935609 
47.892753 71.210363 10.996014 
48.310519 70.430026 11.461359 
48.185109 70.224653 10.490743 
48.549465 70.202293 9.559752 
47.972207 70.276892 8.746605 
47.646684 70.411908 7.810761 
47.243314 71.232741 7.406378 
46.695525 71.265952 6.570421 
45.915909 71.886785 6.652670 
46.162203 72.689835 7.195302 
45.576393 72.271664 7.889536 
45.639283 73.029026 8.539497 
45.967752 72.647614 9.403576 
45.921048 73.523895 9.883108 
46.822365 73.833156 9.579817 
47.389228 74.357379 8.944320 
47.907335 74.919482 9.588995 
47.951160 74.988231 10.585666 
47.063051 74.539391 10.684682 
46.828318 75.471250 10.408023 
47.026548 76.398987 10.091783 
46.846044 76.279173 9.115534 
46.171817 76.244476 8.377826 
45.575656 76.271402 7.575412 
46.090870 76.888932 6.981096 
46.858944 76.326396 7.287063 
47.798767 76.298903 7.627619 
47.945291 76.856659 8.444588 
47.702010 77.706868 8.911448 
48.083699 78.431051 9.485793 
48.931312 78.377801 10.013729 
48.132421 78.170466 10.578340 
48.783220 78.868020 10.878141 
49.669698 79.306177 10.729230 
49.448226 80.273423 10.853267 
50.426642 80.146314 11.016190 
50.667482 79.494628 11.735427 
50.818652 78.947410 10.912202 
50.649928 77.990712 10.675008 
49.770920 78.008431 11.151486 
49.593741 78.550746 11.972766 
18.384360 9.032173 23.098543 
17.541096 9.176088 23.616417 
18.088978 9.960594 23.325944 
17.200144 10.411346 23.408386 
16.889292 10.978666 22.645812 
16.579303 11.674346 23.293838 
15.943213 12.183684 23.873462 
15.746491 12.688216 24.714145 
16.314639 13.492386 24.888839 
16.705178 13.900841 25.713851 
16.885062 12.929413 25.868672 
16.481513 12.132271 26.317798 
16.114543 12.016656 25.394778 
16.249296 11.354277 24.657828 
15.346502 10.990996 24.427629 
14.748681 11.516209 23.822023 
15.245186 11.250357 22.995702 
15.582146 11.588717 22.117084 
15.164773 11.447318 21.219417 
15.275507 12.070437 20.445168 
15.726587 11.196994 20.261798 
14.742501 11.140472 20.093336 
14.251946 11.553248 19.325891 
13.386943 11.108170 19.557572 
13.959117 10.290302 19.618478 
14.385130 9.398252 19.769340 
13.463548 9.104880 19.515135 
12.980765 9.148150 18.640465 
12.154394 9.300523 19.182583 
11.818481 8.635688 19.849784 
11.093489 8.713382 19.165422 
10.751710 9.495351 18.644162 
11.387256 10.135675 18.212808 
11.615967 11.059057 17.904496 
11.563266 11.747610 18.627764 
11.153794 10.917502 19.006251 
11.021173 11.390152 19.877465 
10.831164 10.528922 20.348825 
10.134874 10.446645 19.635796 
9.710014 10.928891 20.401911 
9.341518 10.383066 21.154431 
9.666863 9.443551 21.047369 
9.587488 8.767832 21.780242 
10.113175 8.082054 22.283593 
10.551491 8.848942 22.752380 
11.241356 9.225081 22.133829 
11.711190 10.081756 22.346821 
12.099124 10.837860 22.873901 
12.363661 10.788649 21.910782 
12.344413 11.722216 21.552897 
12.518346 12.689823 21.735883 
11.883759 13.151341 21.115964 
11.209961 12.425841 21.256134 
10.908110 12.571397 22.198312 
11.161932 11.619224 22.368432 
11.777614 12.350871 22.661056 
11.803603 12.689373 23.601662 
12.316356 13.501213 23.322378 
12.422783 13.893280 24.236138 
13.049539 13.588522 24.953284 
13.360623 14.434322 24.519869 
14.007071 15.163279 24.745096 
14.172849 15.661392 25.596213 
14.547001 16.012811 24.738008 
-50.648040 27.711993 27.977783 
-51.067860 27.347918 28.809168 
-51.809348 26.677609 28.779472 
-51.501348 26.050475 28.064042 
-51.634582 25.142489 28.461293 
-52.245930 25.303359 27.686455 
-52.919090 25.884462 27.229099 
-53.210796 24.941138 27.387361 
-53.756194 24.153178 27.673124 
-53.555112 23.177883 27.764587 
-53.981488 23.236419 26.861938 
-53.801081 23.837084 26.083057 
-52.914647 24.296261 26.024815 
-53.358001 24.891440 25.354592 
-54.143373 25.341379 24.929451 
-53.455400 24.954021 24.315735 
-53.503560 24.414692 23.475018 
-53.691643 23.961518 24.346372 
-54.205274 23.304070 23.795059 
-54.446571 23.441732 22.834421 
-54.034499 22.539288 22.960087 
-54.478428 21.779761 23.435531 
-54.122903 20.855400 23.297117 
-53.797105 20.361714 22.490811 
-53.263595 19.520165 22.575438 
-54.188209 19.140611 22.607504 
-55.182406 19.175031 22.709425 
-55.248860 19.261308 23.703477 
-56.163518 19.638231 23.849523 
-57.062129 19.637261 23.410778 
-56.621227 18.743543 23.493687 
-56.556193 18.060303 22.766395 
-57.417727 18.561016 22.682459 
-58.108333 18.578037 23.405490 
-58.877709 19.115373 23.060048 
-59.601948 18.611031 22.589817 
-59.084417 18.032982 21.958929 
-58.623842 17.154650 22.087003 
-58.861452 17.144860 21.115691 
-59.335032 16.388787 21.567439 
-59.373646 15.450381 21.224070 
-59.421907 14.477806 20.996541 
-59.693608 13.712741 21.580369 
-58.729274 13.448271 21.569589 
-58.470322 12.608665 22.047088 
-59.049923 11.797991 21.964194 
-58.126791 11.416448 21.916737 
-57.478457 10.657414 21.976153 
-57.008245 10.528044 22.849173 
-56.136340 10.491041 23.337447 
-55.487802 11.133144 23.746229 
-55.112301 11.939821 24.202598 
-55.136177 12.420917 23.326255 
-55.157723 12.015011 22.412594 
-54.229738 11.666205 22.543659 
-53.504692 11.140109 22.099214 
-52.885751 10.361852 22.205178 
-51.969633 10.670357 21.949147 
-52.254741 11.410845 22.557745 
-51.681440 10.847870 23.153049 
-52.271628 11.093523 23.922031 
-52.352895 12.065717 23.702405 
-52.231916 12.892233 23.152646 
-3.840040 20.997193 34.706063 
-4.036612 20.334979 35.429135 
-3.093426 20.300557 35.759612 
-2.158971 20.474455 35.448881 
-2.682712 21.258070 35.114749 
-2.126735 21.854511 35.693667 
-1.654312 21.603512 34.848791 
-1.952579 22.471437 34.451623 
-2.353766 23.060200 33.749905 
-3.077595 23.742907 33.849823 
-3.341128 23.799241 34.812827 
-3.593631 24.286178 35.648970 
-3.599947 25.286122 35.640502 
-3.806408 26.203673 35.980317 
-3.430471 26.079965 36.898667 
-3.007065 25.771621 37.750519 
-3.935417 26.022385 38.024891 
-4.833967 25.617424 38.194049 
-5.286210 25.262319 39.012203 
-6.122067 25.701664 39.341322 
-7.098830 25.914821 39.319007 
-8.034291 26.091173 39.012720 
-8.081354 26.591469 39.877294 
-8.805701 26.943204 40.470256 
-9.254192 26.096740 40.183280 
-10.129153 26.040352 40.664178 
-9.947016 26.887451 41.163428 
-10.428446 27.710879 41.463746 
-11.195531 27.411419 42.031111 
-11.433988 27.525484 42.995542 
-11.701187 28.018302 43.823634 
-11.358782 27.523437 44.622300 
-10.623723 27.466357 43.946704 
-10.045996 26.715572 44.266944 
-10.896375 26.512204 44.752224 
-11.841086 26.558155 45.076893 
-12.170838 27.354336 45.584199 
-12.101150 26.689196 46.327659 
-11.954063 25.831066 46.819572 
-11.443261 26.143151 47.620624 
-11.926867 25.534309 48.249461 
-12.221828 25.063159 49.080735 
-11.855317 24.134094 49.030649 
-12.613019 23.747148 49.556159 
-12.781406 22.945746 50.130093 
-13.281917 22.638354 49.320773 
-13.938151 22.075666 48.818040 
-14.167734 21.105183 48.891892 
-15.103727 20.761691 48.814884 
-15.574208 20.095253 49.393250 
-16.306240 20.758460 49.549087 
-16.406392 20.843768 50.540395 
-17.369482 20.643817 50.720611 
-17.546549 21.404134 50.095659 
-18.380422 20.877652 50.261408 
-18.310316 20.927847 51.257684 
-18.873061 20.636395 52.031230 
-19.521087 21.397137 51.994709 
-20.492055 21.535988 51.799925 
-21.292229 22.126362 51.905667 
-20.679157 22.828358 51.543251 
-20.564583 23.008598 52.520178 
-20.226585 22.530994 53.331136 
54.877000 20.957793 -35.317717 
55.273646 20.748644 -34.423889 
55.845128 20.415599 -33.673896 
54.935780 20.504909 -33.267558 
54.103156 19.992325 -33.057808 
53.600045 19.377330 -32.450635 
53.603189 18.377481 -32.467749 
54.578765 18.198458 -32.340461 
55.024526 17.574335 -32.982153 
54.937772 16.939251 -32.214597 
55.888452 17.033784 -31.919179 
55.337010 16.636297 -31.185750 
55.184598 17.291665 -30.445978 
54.961089 17.975889 -29.751801 
55.357578 18.266814 -30.622525 
55.388546 19.060385 -30.014835 
54.918414 19.912827 -30.243566 
55.875640 20.116354 -30.037913 
55.862902 19.724055 -30.957662 
55.398813 19.642837 -31.839719 
55.984005 20.217892 -32.411437 
56.944345 20.326885 -32.154792 
56.634826 19.442928 -31.804337 
56.490583 18.453944 -31.837570 
56.630185 18.482820 -30.847784 
57.448176 18.654798 -31.396704 
57.503591 17.685408 -31.157514 
57.717004 17.570481 -32.127692 
57.636730 18.127956 -32.953996 
57.255028 19.051303 -32.912344 
57.503434 20.012153 -33.035069 
57.758424 20.926439 -33.349809 
58.440167 21.264704 -32.701115 
58.964096 20.430547 -32.528836 
59.884351 20.601002 -32.176592 
60.349602 19.721320 -32.275081 
60.741510 19.394580 -33.135109 
60.955166 18.430791 -32.975544 
61.193332 17.467981 -32.847973 
61.136194 16.948288 -33.700414 
60.329054 16.383583 -33.872557 
59.511049 15.843999 -33.673266 
60.243280 15.262135 -34.027204 
61.025419 14.702903 -34.302010 
61.215737 15.588455 -34.725773 
60.559628 14.988543 -35.183622 
60.149755 15.900679 -35.187240 
59.329220 15.786980 -35.747415 
58.531556 16.310030 -36.047664 
58.328266 15.463910 -35.554964 
57.886114 15.668812 -34.681742 
57.175707 15.199472 -34.157297 
56.556528 14.597958 -33.652522 
55.819607 15.235946 -33.875945 
55.138127 15.600228 -33.241213 
54.994634 14.612138 -33.296790 
55.212037 13.653918 -33.482666 
56.016595 13.839751 -34.046716 
56.276288 13.037596 -34.584403 
57.170517 13.282529 -34.959052 
57.004214 14.116527 -35.485160 
56.586625 15.025083 -35.473162 
56.649306 15.850509 -36.034183 
55.710955 15.819810 -36.378501 
55.244556 16.303306 -37.119246 
56.203374 16.543886 -36.968286 
-73.572040 24.466893 -10.508217 
-72.816032 25.115422 -10.419554 
-72.710473 25.275590 -9.438125 
-72.217459 24.511591 -9.021900 
-71.571892 24.994615 -8.430351 
-71.198536 24.793680 -9.336016 
-70.625413 25.342297 -8.727288 
-70.351695 26.288469 -8.900022 
-70.498297 26.218323 -9.886728 
-69.699708 25.642611 -10.062257 
-69.476145 26.470234 -10.577096 
-68.833489 26.459822 -9.811013 
-68.503661 26.305147 -8.879729 
-68.729427 25.807841 -8.042044 
-68.821835 25.504455 -7.093667 
-68.647943 24.568940 -6.786141 
-69.279464 25.047295 -6.175930 
-69.586417 25.987236 -6.325228 
-69.924779 26.867713 -5.993156 
-69.746676 27.701358 -6.515951 
-68.770706 27.775616 -6.311091 
-67.854701 28.176409 -6.293762 
-67.127639 27.490123 -6.313571 
-66.804923 26.574811 -6.072619 
-67.133517 26.099274 -6.888641 
-67.897149 26.692638 -7.143174 
-67.475856 26.727657 -8.049422 
-66.744483 27.102427 -8.619195 
-67.652757 27.519180 -8.656000 
-67.034344 28.226680 -8.313935 
-66.781687 28.380903 -7.358750 
-66.423245 29.285808 -7.129258 
-66.916347 28.857338 -6.372116 
-66.789109 28.942281 -5.383888 
-67.426950 29.710795 -5.333450 
-66.573904 30.182688 -5.110672 
-65.998388 30.232979 -5.926915 
-66.927182 30.483187 -6.200295 
-67.815579 30.921997 -6.065403 
-68.451426 31.033518 -6.829119 
-68.696437 31.862926 -7.331167 
-69.141971 31.483439 -8.142024 
-69.506961 30.559867 -8.024565 
-69.279913 30.774137 -8.974585 
-69.284944 30.556195 -9.950534 
-68.285791 30.525793 -9.978286 
-67.914987 30.995687 -9.177222 
-66.994000 30.967344 -8.788662 
-66.952496 31.531048 -7.963728 
-66.718420 32.278693 -8.585207 
-66.509582 32.939554 -9.306074 
-66.130144 33.184190 -10.198363 
-65.202401 32.910780 -9.944314 
-64.765152 32.885404 -9.045332 
-65.242503 33.526044 -8.443904 
-46.426840 -10.717107 31.029703 
-46.031509 -11.481666 30.520623 
-45.121772 -11.090888 30.380366 
-45.030098 -11.835815 31.041183 
-44.750097 -12.623155 30.491915 
-44.033988 -12.035106 30.867928 
-44.061940 -12.513226 31.745778 
-44.435161 -11.801582 32.340982 
-44.077877 -11.091530 32.947756 
-43.419388 -10.426942 32.594605 
-42.834630 -10.182257 31.821180 
-42.752243 -9.328260 32.334892 
-41.786610 -9.552716 32.203846 
-41.746976 -9.479065 31.207350 
-42.333618 -9.739095 30.440384 
-42.222409 -10.600227 29.944317 
-41.691334 -10.437987 30.775964 
-40.739240 -10.314844 31.055879 
-41.053257 -11.072138 31.628503 
-40.378547 -11.412275 30.973467 
-40.499050 -12.395018 31.113810 
-40.274623 -13.259473 31.563644 
-41.144679 -13.595986 31.203420 
-40.451417 -14.308276 31.093738 
-41.071377 -14.564634 31.835311 
-41.609498 -15.379359 32.051295 
-42.153531 -16.052942 31.550982 
-42.899499 -15.733793 32.135513 
-43.063944 -16.653268 32.492617 
-42.904208 -16.488133 33.465866 
-43.728735 -17.053832 33.454068 
-42.994089 -17.692918 33.226330 
-42.587613 -18.418305 33.781839 
-42.185219 -17.663345 34.299637 
-42.401643 -18.519653 34.768569 
-41.860924 -17.824951 35.242924 
-41.476098 -18.385682 35.976061 
-41.566513 -17.576680 36.556873 
-41.586305 -17.897744 37.503724 
-42.490345 -17.978885 37.084048 
-42.651350 -16.993680 37.025309 
-42.917199 -16.558011 37.885261 
-43.833045 -16.215668 38.095088 
-43.205633 -15.696452 38.675406 
-43.497718 -15.313178 37.799172 
-44.349826 -15.084955 38.270156 
-44.359723 -14.762065 37.323771 
-43.903369 -13.872272 37.326791 
-44.109366 -13.103531 36.721314 
-43.338399 -12.634460 36.290521 
-43.615965 -12.772411 35.339771 
-42.883934 -12.208845 34.956985 
-11.623740 -31.608307 34.051663 
-10.908572 -31.443111 33.372514 
-11.165927 -32.314348 32.954526 
-10.644821 -32.785041 32.242560 
-9.669504 -32.935445 32.080890 
-9.387915 -32.897957 33.039693 
-9.930803 -32.132687 32.693812 
-8.965938 -31.956496 32.498897 
-8.615641 -32.680644 31.904842 
-8.503156 -32.611016 30.913631 
-7.892172 -31.938313 31.330965 
-7.360504 -32.652634 30.875910 
-7.730672 -32.221237 30.053188 
-7.618078 -31.645514 29.243333 
-8.487248 -31.403488 28.812093 
-8.857519 -32.288309 29.094919 
-9.121189 -32.714813 29.960120 
-9.677371 -33.398128 29.487107 
-9.671826 -34.395508 29.559242 
-10.104646 -34.760771 28.735076 
-10.427011 -34.869304 27.794703 
-10.148101 -34.967205 26.839389 
-9.430769 -34.273417 26.775400 
-8.589038 -34.251871 26.235933 
-9.079874 -33.385293 26.145805 
-8.713318 -32.545817 25.744660 
-9.156315 -31.730827 26.118217 
-9.763358 -30.946652 25.989500 
-10.186598 -31.636301 26.577082 
-10.253246 -30.738769 27.012966 
-9.595447 -31.209886 27.600630 
-9.402923 -30.228629 27.592294 
-9.049987 -30.390734 26.670797 
-8.826287 -29.416945 26.629648 
-9.177710 -28.739674 25.983270 
-8.382549 -28.492178 26.536861 
-7.837472 -27.992995 27.210440 
-7.881880 -28.181869 28.191437 
-6.897764 -28.004628 28.181416 
-6.481001 -28.155726 27.285046 
-6.661294 -27.447461 26.602511 
-5.856400 -26.869542 26.737252 
-5.525091 -27.329441 25.913403 
-6.198948 -27.716980 25.284332 
-6.101977 -26.850820 24.794063 
-6.311324 -26.781351 23.818692 
-6.059261 -26.828495 22.852131 
-6.790350 -26.150365 22.776981 
-6.605489 -25.216139 22.471942 
-6.520735 -24.339281 21.998722 
-4.852940 58.181293 -20.232017 
-3.956160 58.493323 -19.918295 
-4.526005 59.223550 -19.541407 
-3.771692 59.358169 -18.898843 
-4.299044 59.511927 -18.063224 
-3.944622 58.739327 -17.536466 
-3.112559 58.472036 -17.050433 
-3.913353 58.129685 -16.558981 
-3.149202 57.494887 -16.444508 
-3.466571 57.253570 -17.361592 
-4.139899 57.502974 -18.057600 
-3.871655 57.601436 -19.015906 
-3.328762 57.594763 -19.855682 
-4.007332 56.916889 -20.138577 
-3.896413 57.692358 -20.760143 
-4.107754 57.338940 -21.671423 
-3.867616 58.304266 -21.569061 
-4.831711 58.068826 -21.691892 
-5.770882 57.726382 -21.718190 
-6.136811 57.243148 -22.513539 
-6.937306 57.600650 -22.032497 
-7.759878 57.863982 -21.528483 
-7.946974 57.254201 -22.298653 
-7.980855 57.019939 -23.270236 
-8.690859 57.644999 -23.594573 
-9.623552 57.315300 -23.448346 
-10.001308 58.209203 -23.689672 
-9.561908 59.105205 -23.625583 
-9.693083 59.065973 -24.616165 
-9.530252 59.458124 -25.521540 
-10.280958 60.118754 -25.518795 
-9.823542 60.267801 -26.395467 
-8.849497 60.179496 -26.187045 
-8.357976 60.865129 -26.723994 
-7.511378 60.454532 -27.062641 
-7.034320 59.922110 -27.761886 
-7.035084 60.903743 -27.952665 
-7.242729 61.881086 -27.911644 
-6.279093 62.113281 -28.043897 
-5.481850 61.510779 -28.081251 
-5.310707 62.198258 -28.787000 
-4.380954 62.322900 -29.133444 
-3.836933 62.147075 -29.953886 
-4.465269 61.995518 -30.716923 
-4.125489 61.795278 -31.635865 
-4.221343 60.799983 -31.650038 
-3.235054 60.638916 -31.614095 
-2.763753 59.797207 -31.350653 
32.298360 84.762393 -23.658317 
32.065760 84.433252 -24.573502 
32.697057 84.597727 -25.331402 
32.684602 85.308615 -24.628207 
31.714191 85.400748 -24.851399 
30.919356 84.827704 -25.051040 
31.563569 84.463737 -25.723735 
31.841744 83.514569 -25.576428 
32.098481 82.559555 -25.427989 
32.633810 82.653399 -26.267404 
31.737115 83.038689 -26.485327 
31.748693 82.909168 -27.476836 
32.406521 83.458608 -27.991985 
31.913300 82.842136 -28.605741 
31.349207 83.552853 -28.185408 
31.084159 84.220496 -28.881112 
31.283969 83.649286 -29.677225 
31.482251 83.697349 -30.656191 
31.494697 83.202806 -31.525254 
32.222172 83.886527 -31.582753 
31.411383 84.012354 -32.154408 
32.245153 84.417886 -32.529071 
32.241035 83.599963 -33.104384 
32.799114 82.796744 -33.312680 
31.859732 82.825937 -33.654306 
31.738809 82.112272 -34.344277 
32.299040 81.630198 -33.670670 
33.106377 81.887741 -34.201592 
33.707520 82.608056 -34.547676 
32.779341 82.920458 -34.749886 
31.905825 83.400272 -34.667736 
31.539834 84.135100 -35.238770 
-19.459040 67.754893 10.215583 
-19.639673 66.774890 10.299048 
-19.648487 66.132690 11.065535 
-18.752671 66.030547 10.633009 
-19.029858 65.079909 10.493526 
-19.637117 64.293601 10.379703 
-20.620610 64.387054 10.224752 
-21.233344 63.674111 9.883770 
-20.395829 63.128813 9.918706 
-19.412341 63.301079 9.863245 
-18.773413 62.852201 10.487968 
-18.011194 62.401752 10.952854 
-17.108375 61.989041 11.073629 
-16.957400 62.948042 11.313469 
-16.550871 63.772714 10.920212 
-16.510257 63.687574 11.915753 
-17.486000 63.766610 11.711599 
-17.457312 64.516626 12.372396 
-17.559197 64.237897 13.327346 
-18.478903 64.538361 13.074636 
-18.128188 65.363090 13.518281 
-18.794501 66.099489 13.401049 
-19.746282 66.401437 13.455276 
-19.521464 65.990420 14.338747 
-18.866318 66.737902 14.228953 
-18.346914 65.932077 14.513320 
-18.391081 65.000330 14.873733 
-17.718403 64.398081 14.443849 
-17.221324 64.440853 15.310499 
-17.278621 63.444314 15.250277 
-16.716295 62.842689 15.817584 
-17.390734 62.236498 16.239086 
-18.268186 62.687999 16.401029 
-18.287446 61.764744 16.017326 
-18.627587 62.082333 15.132204 
-18.653500 61.429865 14.374831 
-18.068465 61.899825 13.713870 
-17.764116 61.111011 13.179880 
-18.542622 61.120767 12.552319 
-17.799631 60.696893 12.034347 
-16.863675 61.029675 11.919268 
-16.733580 61.339134 12.861240 
-17.268334 61.923547 12.250912 
-17.791820 62.522198 12.857195 
-18.179122 63.384942 12.532125 
-19.035775 63.052599 12.926708 
-19.445091 62.677705 13.758521 
-20.336781 62.345555 14.066037 
-20.867135 61.502950 13.972534 
-21.234049 61.822786 14.846078 
-22.025189 62.347019 14.530995 
-22.857619 62.354858 15.085069 
-22.733430 61.385396 15.296541 
-22.971464 60.452222 15.565849 
-23.575876 60.915723 14.917888 
-23.383804 60.034477 14.486015 
-23.136918 59.285945 15.101440 
-22.198672 59.358485 15.439718 
-21.958460 59.075597 16.368304 
-22.238013 58.648795 17.228356 
-21.951331 59.346484 17.884895 
-20.981856 59.176144 18.061254 
-21.422389 58.713236 18.830440 
-20.453916 58.605419 19.055017 
-19.708135 58.830447 19.682052 
-20.480664 59.435508 19.874666 
-20.846801 59.176192 20.768366 
-21.684019 58.835691 20.340434 
-22.506614 58.416264 19.956485 
-23.269638 58.948555 19.589796 
-23.480317 58.036011 19.239256 
-24.289589 57.463433 19.107981 
-25.147382 57.173781 19.532589 
-24.861427 56.273076 19.859638 
-25.161488 56.177841 18.910483 
-25.352978 55.197038 18.873636 
-25.327496 55.008767 19.855423 
-26.167368 55.435008 19.519368 
-26.639566 54.778303 20.107389 
-27.344555 55.375578 20.489820 
-26.667011 55.026598 21.137237 
-26.357894 54.119986 21.424465 
-26.492295 53.140085 21.571883 
-26.048157 52.974236 20.691409 
-26.344845 52.880135 19.741082 
-25.628315 52.185903 19.673077 
-24.751474 51.718475 19.785604 
-24.717060 50.799965 20.179502 
-25.593487 50.974439 19.730688 
-26.243788 50.478785 20.306394 
Snapshot 5000 42.857549
-1.604520 0.071604 -3.109883 
-1.467537 -0.705598 -1.296647 
-1.822851 -1.467970 -1.023545 
-2.560288 -1.526525 -1.201356 
-2.324541 -1.199217 0.070042 
-2.174367 -2.130510 -0.037255 
-2.937979 -1.605156 -0.326632 
-3.677741 -0.999948 -1.008929 
-4.239948 -0.790318 -1.642445 
-3.178676 -1.556966 -1.835398 
-1.922166 -1.869445 -2.116846 
-1.617940 -2.176338 -1.328626 
-2.034970 -1.230876 -2.436104 
-2.403670 -0.459784 -2.579002 
-2.434729 0.222586 -2.275469 
-2.624524 -0.640646 -0.912399 
-3.327454 -0.429899 0.386644 
-4.069060 -0.606647 -0.151242 
-4.078516 -1.464324 -1.014710 
-3.310781 -2.669932 -0.632384 
-2.196581 -2.309954 -1.038516 
-2.702299 -1.041869 -1.614161 
-3.199987 -0.873579 -1.580147 
-2.711582 -0.445704 -1.933833 
-2.980961 0.041764 -1.088584 
-3.047437 -0.007546 -0.492213 
-3.870738 -0.139756 -0.741020 
-4.001964 -0.163362 0.160103 
-3.723327 -0.462119 -0.087046 
-2.576863 -1.335831 0.471816 
-0.904589 -2.075622 0.340528 
-0.665459 -1.839171 0.722151 
-1.406028 -1.705826 1.317035 
-2.257937 -1.186944 1.635049 
-2.340230 -0.839451 0.862158 
-3.252074 -0.794147 0.702226 
-3.155901 -1.571446 0.151351 
-2.705160 -2.415207 0.396050 
-2.963474 -3.721205 1.012584 
-2.178324 -3.618457 2.291903 
-1.966324 -3.270371 1.704250 
-2.124876 -3.183436 0.855031 
-2.549711 -3.929807 1.373921 
-2.996030 -3.645160 1.803125 
-2.100870 -2.248707 1.190610 
-0.736676 -1.601310 1.586493 
-0.927346 -1.319685 1.959165 
-1.184052 -2.365010 2.057157 
-1.470082 -2.769299 1.995902 
-3.094546 -3.878651 2.201664 
-2.735712 -4.175121 2.686275 
-2.797223 -4.280041 1.531299 
-2.470065 -4.546735 0.376440 
-1.767724 -4.812921 -1.039185 
-1.998452 -4.385944 -0.988954 
-2.312841 -4.419222 0.038165 
-1.665033 -5.107663 -0.436428 
-1.922782 -4.573445 -1.340603 
-2.427645 -4.058806 -0.259138 
-2.480680 -3.918788 -0.411360 
-2.215588 -4.095117 -0.798920 
-1.347034 -4.435891 -0.876744 
-0.274695 -4.476210 -1.715126 
-0.600842 -4.740541 -1.332487 
-0.997179 -4.753819 -1.360697 
-1.624562 -3.344293 -0.976143 
-1.400896 -3.270226 -1.286119 
-1.856599 -3.674262 -1.072332 
-1.985568 -3.752146 0.267508 
-0.744255 -3.216405 0.137849 
-1.321326 -2.771008 1.171306 
-1.328215 -2.322877 0.091595 
-0.886955 -2.639452 -1.507472 
-1.087122 -3.583137 -2.395891 
-1.072000 -3.275467 -2.361985 
-0.823856 -2.786175 -1.721587 
-1.360155 -2.666039 -0.826572 
-1.941961 -2.694012 -0.275433 
-1.377531 -2.845552 -0.141656 
-0.803737 -3.164081 -0.687130 
0.722512 -3.028304 -1.313267 
0.076183 -3.799682 -2.255897 
0.017416 -4.114926 -2.874343 
-0.475391 -2.747522 -2.467479 
-0.398356 -3.144428 -2.896009 
0.139160 -4.164105 -2.932229 
-0.285213 -3.743225 -2.122505 
-0.154861 -2.133214 -2.214922 
-0.112372 -1.570444 -1.600119 
-0.039661 -2.433481 -1.516964 
0.397060 -2.211303 -3.117889 
0.665642 -2.661734 -3.360556 
0.821056 -3.625375 -3.100316 
0.584702 -4.061948 -2.416682 
0.727785 -2.974136 -1.567925 
-0.255387 -3.297020 -2.002752 
0.464729 -3.296959 -2.525862 
1.246942 -3.305354 -2.955049 
0.448709 -3.180323 -3.055743 
0.801429 -2.266469 -2.845999 
1.139355 -2.314741 -3.665103 
0.578940 -2.218759 -3.458287 
5.045142 2.575252 5.519210 
4.824789 2.346325 4.056345 
4.717570 2.260642 3.067116 
4.592464 3.410912 2.083752 
4.371980 3.501498 3.292234 
3.750429 3.012621 3.637844 
3.429747 2.721698 3.219365 
2.501848 1.950163 4.163304 
1.925144 0.682850 4.474456 
1.634728 2.183961 3.825069 
1.903405 3.168188 3.495386 
2.979780 3.088907 3.777866 
3.438855 3.434876 2.458950 
1.582983 3.211755 2.652782 
2.318214 1.573574 2.906340 
3.691986 0.948557 2.677448 
3.215350 -0.821954 2.773787 
2.393397 -0.136163 3.173643 
2.853750 1.169017 2.983116 
3.587730 1.147019 3.511740 
3.065278 2.083167 3.318713 
4.268191 2.308549 3.344669 
4.632199 1.965990 3.141284 
4.614255 1.410236 3.032348 
3.656023 1.970019 3.871449 
3.218456 2.899009 3.596981 
4.305480 3.170062 2.800922 
4.772382 1.960690 2.278692 
5.487475 1.948923 1.659798 
5.700987 1.103063 1.740960 
5.820149 1.141058 1.137731 
5.304908 2.894945 0.839430 
5.690482 3.823668 0.957739 
5.593222 4.519379 0.644635 
4.895584 3.874676 1.477289 
4.493104 3.424725 1.845544 
4.583585 1.978590 1.812069 
3.949924 2.449497 1.699439 
4.408333 1.662783 0.996291 
5.469528 1.666763 0.358833 
6.023420 1.988138 0.341465 
5.733861 2.514046 0.905571 
5.174604 3.907874 1.354781 
5.293075 3.593161 0.518821 
5.767474 3.827321 0.323098 
6.000459 3.167050 0.069517 
5.972831 2.481552 -0.171066 
4.859227 2.551469 0.645901 
4.246698 3.213235 0.983459 
5.672085 3.813043 0.504581 
5.914666 4.646219 -0.215269 
6.251656 3.996546 -0.367481 
6.039519 3.830153 -0.691351 
5.430159 4.136297 -0.954058 
4.586854 4.479085 -0.892510 
4.601398 4.725713 -1.357617 
5.421174 4.731414 -0.809155 
5.393070 4.738784 0.391461 
5.021428 5.208018 0.655123 
5.564273 4.830620 -0.169004 
4.854982 4.627979 -1.031064 
4.148113 3.967778 -0.996078 
2.934751 2.593197 -0.789320 
3.667230 3.033790 -1.454187 
4.048130 3.369351 -2.113332 
3.810797 3.566516 -1.844424 
5.039876 3.536561 -0.779603 
5.415549 3.449490 -0.114593 
4.993605 2.812473 -1.412627 
4.962670 4.050121 -1.805135 
5.237989 3.869648 -1.658287 
5.055743 4.073240 -2.213957 
4.427200 4.043503 -2.026729 
3.344048 3.526724 -1.881604 
3.043801 3.929003 -1.170739 
2.573832 4.174856 -1.804525 
3.102978 4.262597 -1.867681 
3.396890 4.552748 -2.049939 
3.178195 3.423144 -1.274142 
3.496586 2.479380 -1.632669 
3.323422 2.164664 -2.079434 
2.403916 1.469687 -1.116559 
2.542623 1.617232 -1.255476 
3.099213 2.484207 -1.881116 
3.070975 2.868842 -2.030534 
1.887447 3.629265 -1.628333 
1.469046 4.188651 -1.430263 
2.069596 3.238454 -1.165453 
2.827223 2.289492 -1.614495 
2.599724 2.377107 -2.468628 
3.057486 2.431189 -3.188739 
3.325983 2.714939 -3.781820 
3.376947 1.706265 -3.514729 
3.284482 0.915394 -3.059900 
3.999341 1.203192 -2.420726 
-1.642751 0.940029 -0.922310 
-0.375891 -0.353908 0.356707 
-1.582324 -0.642782 -0.374082 
-1.050708 -1.821415 -0.719385 
0.138602 -2.430101 0.407405 
1.402474 -2.822320 1.030403 
2.357050 -2.601422 1.410200 
1.253858 -2.585193 1.944895 
1.685308 -1.801360 2.649180 
1.089852 -1.653670 1.517608 
-0.290740 -1.280378 0.139203 
-0.760539 -1.444650 0.231984 
-1.544177 -0.696207 0.349784 
-0.385724 -1.330149 1.130582 
0.409719 -1.837940 1.704099 
0.374978 -2.383169 2.153623 
0.619828 -3.074025 1.652449 
0.759425 -3.563302 0.377299 
1.297763 -2.664686 0.433340 
1.815450 -1.908649 0.762060 
2.008924 -0.453677 0.818093 
2.153204 1.371000 0.363208 
1.691092 2.208043 -0.577593 
0.202215 3.236511 0.082504 
0.864724 3.477803 0.031064 
1.602451 2.990180 -0.903425 
1.191011 2.704305 -0.629788 
0.608042 3.275146 -1.371179 
-0.493273 2.937504 -2.073476 
0.346042 3.233858 -1.503548 
0.445396 3.960194 -1.284870 
1.316250 3.484763 -0.094001 
1.746781 2.684249 0.383175 
1.890386 1.657831 0.761647 
0.951460 1.313907 0.325931 
-0.290771 1.908923 0.221166 
-1.643542 1.478456 0.042547 
-2.103253 1.864302 0.034243 
-1.877866 1.866494 -1.081343 
-1.347842 2.561508 -1.584685 
-1.102926 2.322989 -2.178931 
-1.457412 2.045973 -0.970342 
-1.261743 1.397944 0.492014 
-0.138024 0.588038 0.724517 
1.576699 0.539252 0.418717 
2.556952 0.854380 -0.993788 
1.754278 1.244952 -0.909371 
1.070901 1.951262 -0.426919 
0.528712 1.460249 -0.016805 
0.115619 0.939562 0.653775 
0.052110 0.234561 0.676287 
-0.326962 1.094269 0.080385 
-0.118255 0.709203 -0.422811 
-0.204564 1.462087 0.117676 
0.103885 1.267521 -1.301480 
-0.004536 1.430570 -1.998669 
0.924905 1.345628 -2.369504 
0.743362 1.888610 -2.465046 
1.217224 1.916922 -1.420277 
1.534643 1.907141 -3.035686 
1.443579 1.081119 -3.029546 
0.373063 0.709726 -3.329257 
0.253346 0.439145 -3.737206 
0.438019 0.640691 -3.016870 
0.682022 0.588172 -3.488551 
0.350634 1.024323 -1.697596 
-0.194309 1.205616 -2.129160 
0.222625 1.583987 -2.039049 
0.434676 1.979509 -0.812137 
0.271462 1.684628 -0.697000 
0.943251 1.812406 -1.235499 
1.752136 2.114700 -2.151518 
1.755117 1.727521 -3.112789 
1.532503 0.628559 -3.131782 
1.842892 0.075253 -3.577513 
1.042804 0.584424 -3.185892 
1.320732 1.832512 -2.552903 
1.882386 1.683319 -2.830377 
3.175467 1.442551 -3.302001 
2.104179 1.762082 -3.289873 
2.262789 2.314776 -3.076547 
2.797661 1.738429 -3.633307 
3.055404 0.657858 -3.471518 
2.749207 0.370154 -4.434953 
-0.063958 -2.319790 6.600318 
0.833725 -2.441913 5.579895 
0.339881 -2.619448 4.567622 
-0.164254 -3.787069 3.683021 
0.039498 -4.987994 2.732954 
0.420084 -4.478553 2.192883 
-0.244545 -3.671543 3.474188 
-0.116370 -2.778909 3.588063 
0.866493 -2.307435 3.714014 
1.764097 -1.259492 3.971013 
2.042770 -0.715756 4.744070 
1.337662 -1.106244 4.628936 
1.230615 -2.330461 4.188485 
1.106325 -3.877585 3.559428 
1.706084 -5.332528 2.342392 
0.931222 -5.200400 3.083777 
0.343722 -5.666842 2.768596 
0.313060 -4.994125 1.455716 
0.475841 -4.684417 2.841625 
0.327250 -3.982193 3.839379 
0.351107 -3.889796 2.589334 
1.236512 -4.406098 1.883192 
1.551454 -4.592494 1.298600 
1.434567 -3.335391 1.824584 
1.521353 -3.794840 2.554809 
1.571306 -3.244296 2.328614 
3.069825 -2.722713 2.560093 
2.782862 -4.344036 1.796657 
2.985526 -5.201410 0.915363 
3.613204 -4.624068 1.244994 
2.871088 -3.765585 1.627676 
2.894812 -3.360109 2.961210 
2.388363 -3.602309 2.524968 
1.970773 -4.229222 3.064000 
2.007046 -4.347535 2.244725 
3.191646 -4.217459 2.229914 
2.650624 -4.074354 3.086119 
1.789584 -3.654493 3.334602 
1.468104 -3.395768 2.596777 
3.156640 -3.701342 2.141957 
3.590498 -4.987744 1.376583 
3.093736 -4.483273 1.531563 
3.687369 -4.414940 1.668399 
4.154206 -3.367620 1.510048 
5.041692 -2.589830 1.578578 
4.943964 -1.756881 2.037780 
4.533181 -3.222326 1.937555 
4.847972 -3.885726 1.072071 
4.780846 -4.534447 0.606755 
4.328959 -4.069885 0.891416 
5.339749 -2.978275 1.341919 
4.585496 -3.195288 1.652146 
4.882944 -3.452988 -0.018371 
4.738761 -3.853307 -1.085667 
4.074071 -4.327325 -1.753908 
4.111071 -3.778345 -1.039960 
3.746234 -4.285737 -1.142808 
4.577752 -3.566354 -1.604450 
5.243993 -3.830427 -1.199917 
4.547655 -4.241329 -0.225380 
3.509972 -3.903965 0.253340 
2.165069 -3.818808 -0.032353 
2.835513 -4.091896 -0.626311 
4.341024 -4.425310 -0.677293 
4.354105 -3.113573 -0.719686 
2.641844 -2.840021 -0.625482 
0.991413 -1.872644 -0.048354 
-0.419759 -2.575991 0.286505 
-0.365388 -3.288865 0.444862 
-1.513164 -4.571878 0.264379 
-1.716608 -4.649346 -0.027416 
0.209924 -4.226428 -0.050385 
1.748931 -4.029828 -0.551895 
3.143667 -3.741229 -1.485152 
3.923289 -3.046040 -1.686887 
3.264327 -2.727983 -0.774057 
3.431604 -2.699046 0.114183 
3.658843 -2.269484 -0.670676 
4.190795 -2.094224 -1.447036 
3.175976 -2.828122 -1.674663 
2.971203 -2.381028 -1.579638 
2.514135 -2.185467 -0.866174 
-1.813075 -2.157013 -4.019354 
-2.138703 -2.329779 -2.272971 
-2.622469 -2.203125 -1.978400 
-4.167405 -2.740152 -2.438801 
-4.697305 -3.825524 -2.142366 
-3.962546 -4.096665 -2.529597 
-3.573343 -4.846941 -2.624686 
-4.024272 -5.164353 -2.028557 
-4.872646 -4.654188 -1.124910 
-4.743924 -5.210913 0.233942 
-3.715285 -5.465979 0.904181 
-3.156504 -5.801883 -0.426215 
-3.725257 -4.502862 -1.593055 
-4.602330 -3.216530 -1.888847 
-4.406843 -3.053025 -2.266674 
-4.057867 -3.259576 -2.362792 
-3.071483 -2.684119 -1.611012 
-4.216639 -3.274851 -1.468954 
-3.937089 -4.292576 -0.940832 
-4.642953 -4.151094 -0.640815 
-4.778247 -3.716347 -1.015356 
-4.215429 -4.184481 0.368814 
-4.219665 -3.938523 1.575747 
-4.209233 -4.779005 1.417840 
-4.873398 -4.346196 1.077629 
-4.787969 -5.014503 0.195747 
-4.642979 -5.144449 -0.728544 
-4.022986 -4.823712 -0.884851 
-3.915009 -5.996429 -0.908412 
-4.128114 -5.647601 -0.472348 
-3.986151 -5.186994 0.721452 
-4.500483 -3.482185 1.542513 
-4.886995 -4.234106 1.339219 
-4.531592 -4.189764 0.840491 
-3.589249 -4.427149 -0.363041 
-3.607647 -5.267329 -0.165945 
-3.320812 -6.333971 0.150654 
-2.431524 -6.327918 0.580735 
-2.125881 -5.039973 0.342566 
-3.042598 -5.130890 0.586896 
-3.736223 -4.847093 1.067598 
-3.919269 -5.593776 0.824143 
-2.211695 -6.267513 0.864506 
-2.851203 -6.005587 1.654894 
-3.132186 -5.391591 1.448102 
-3.393052 -4.945987 2.252712 
-2.923429 -5.252097 2.123925 
-2.486067 -4.931552 1.754731 
-1.996147 -4.418848 2.056639 
-1.770102 -5.675928 2.647230 
-2.221299 -5.672577 1.945508 
-2.661349 -5.300578 2.092602 
-2.563638 -5.633651 1.223794 
-2.772384 -5.118696 0.549638 
-2.093953 -5.669111 0.903247 
-1.569052 -5.391798 1.168650 
-1.245784 -4.897833 0.525811 
-0.218618 -4.453613 -0.366467 
-0.412488 -3.851066 0.125839 
-2.170164 -3.306519 0.207569 
-3.205777 -3.840792 0.413403 
-2.246133 -4.062362 0.698052 
-1.206606 -4.661311 1.035638 
-1.226500 -3.786577 1.554115 
-1.487685 -4.188579 1.601336 
-1.707684 -5.129760 1.524536 
-1.242960 -5.228068 1.562100 
-0.938091 -5.240994 0.705692 
-0.703593 -5.859926 0.686515 
-0.987870 -5.230053 0.238205 
-0.937679 -3.813191 0.790092 
-0.132708 -3.617294 0.078731 
-0.133123 -5.198205 -0.249484 
-0.098466 -5.566082 -0.856830 
-0.411483 -5.509048 -0.026963 
-0.662957 -6.181463 0.026549 
-0.809827 -6.675992 -0.184232 
-0.840811 -6.222110 -0.104226 
-2.583122 -6.389671 0.117681 
-3.105073 -7.705120 0.452810 
-5.726519 -2.926582 -4.202764 
-4.280848 -3.076110 -4.425882 
-3.409448 -2.452348 -3.663376 
-3.646867 -1.568250 -4.044852 
-3.617750 -1.195603 -3.220706 
-3.969040 -1.677695 -3.285932 
-4.548558 -1.196696 -3.346238 
-4.604586 -0.020941 -3.864858 
-4.022233 0.398959 -4.193860 
-4.336228 0.121223 -4.169985 
-4.120907 -1.234893 -4.409104 
-3.461306 -1.877393 -3.524598 
-3.344806 -2.370655 -3.305915 
-4.399234 -1.584143 -3.977296 
-4.780780 -1.100786 -3.413521 
-4.556278 0.151329 -2.708654 
-3.906373 0.920042 -2.930112 
-4.223244 0.424623 -2.565638 
-4.303380 -1.475034 -2.260428 
-5.223816 -0.502428 -2.628671 
-4.994322 0.347971 -1.986630 
-5.666631 0.823227 -2.021429 
-5.922846 0.526212 -1.940446 
-6.114289 -0.233653 -2.416201 
-5.107645 0.002335 -2.487129 
-4.666478 -1.425009 -2.179855 
-5.241333 -1.725716 -1.893465 
-4.772416 -0.504885 -1.655709 
-4.539748 0.851008 -1.443495 
-5.590757 0.582756 -1.139532 
-6.378972 0.523021 -1.055188 
-6.958701 -0.069312 -1.244214 
-7.030118 -0.246659 -1.816123 
-6.459365 -1.127474 -1.359345 
-6.053960 -0.789931 -2.289609 
-5.360728 -1.541171 -2.151659 
-6.066566 -1.086088 -1.394822 
-4.998232 -0.610116 -0.265558 
-5.690853 -0.793680 1.236942 
-6.118796 -0.903052 0.254224 
-6.177445 -1.308350 -0.635060 
-5.630124 -1.894279 -1.519628 
-5.762976 -1.799875 -0.795804 
-4.936533 -0.780724 -1.021170 
-5.068357 0.227129 -0.818357 
-5.211861 -0.178326 0.447869 
-5.598420 -0.289200 1.138086 
-5.387564 -1.285288 0.759731 
-4.740248 -1.351667 1.398175 
-5.617012 -0.712748 1.863033 
-5.642241 -0.904032 1.529403 
-6.355219 -1.333852 0.233239 
-6.237727 -1.645968 -0.401276 
-5.787953 -2.004459 0.762757 
-6.244142 -2.074199 -0.025595 
-6.065294 -3.086217 -0.126757 
-6.092204 -3.045676 -0.789822 
-5.622120 -3.114486 -1.196713 
-4.892673 -2.086336 -0.857452 
-4.703573 -1.730844 0.353830 
-4.423770 -1.955871 1.862064 
-5.121640 -1.938560 1.261843 
-5.681782 -0.705598 0.004369 
-5.787839 -2.654763 -0.095499 
-5.983376 -3.464774 -0.290888 
-6.081330 -2.454920 -0.317432 
-5.600721 -3.290447 0.581058 
-5.406612 -3.481944 0.961675 
-5.445883 -2.845499 1.242324 
-4.841069 -3.427480 1.105419 
-3.740996 -3.139136 1.439203 
-4.160890 -4.133082 1.472992 
-5.073489 -4.359178 0.398251 
-5.616903 -3.723451 0.510100 
-5.178436 -4.104534 -0.144614 
-5.190488 -4.362733 0.014353 
-4.840457 -4.647584 0.662770 
-3.350804 -5.204658 0.263279 
-1.063954 -2.381895 -3.321375 
-0.251326 -3.199911 -0.845087 
-1.568686 -2.988812 -2.155468 
-1.880457 -3.367485 -3.246505 
-1.912863 -4.067227 -4.126947 
-1.499291 -4.066096 -3.546313 
-0.786805 -4.393748 -2.182995 
-0.782828 -5.070937 -2.369515 
-0.409759 -4.697960 -0.302629 
0.055663 -4.707487 -0.782719 
0.052536 -5.853378 0.682693 
-0.074017 -6.952525 1.417248 
-0.409049 -6.008687 -0.027402 
-1.055358 -5.785849 -0.838393 
-1.090115 -5.133940 -0.665328 
-0.751375 -3.809962 -0.759964 
-1.395185 -4.405989 -2.259787 
-1.593839 -5.175047 -1.835856 
-2.205478 -5.957830 -1.819960 
-1.424904 -5.809851 -1.574791 
-0.810834 -5.656044 -1.603952 
-1.275151 -5.553901 -1.632125 
-2.384570 -4.488618 -2.040528 
-2.620720 -4.149645 -1.401089 
-2.791464 -5.410572 -0.653340 
-2.659607 -6.487981 -1.175690 
-1.967584 -6.895712 -1.741491 
-1.247606 -6.545432 -1.652253 
-1.842538 -6.539879 -2.341399 
-3.008869 -5.996698 -2.331130 
-3.055035 -5.987560 -1.809956 
-2.390965 -6.750081 -2.370693 
-1.845867 -6.692188 -1.589034 
-0.886542 -7.049864 -0.972098 
-0.335826 -6.732783 -0.638404 
0.077435 -7.347837 -0.620417 
0.975442 -7.646998 -0.761568 
-0.282030 -7.730682 -1.111702 
-1.746929 -7.150454 -0.812631 
-2.203365 -6.836114 -0.540818 
-1.792166 -6.992525 -0.349317 
-2.316459 -5.963099 -0.564615 
-1.481807 -6.433087 -0.289416 
-0.418528 -5.900023 -0.993971 
0.383786 -6.405923 -2.220878 
-0.194876 -7.070417 -1.643460 
-0.014969 -6.986334 -1.217971 
-0.256659 -7.944320 -1.253068 
0.302062 -7.417764 -1.052419 
0.924966 -6.142283 -2.209519 
1.060442 -5.957473 -0.868027 
0.469657 -4.734457 -0.212550 
0.944600 -5.625686 0.078861 
1.561768 -5.746568 -0.676737 
1.238392 -6.060937 -2.231330 
2.347113 -5.364132 -2.241995 
1.913560 -4.973097 -2.350446 
0.786790 -5.011268 -2.203646 
-0.380447 -5.170338 -1.656989 
-0.123421 -6.067780 -0.797511 
0.057037 -6.208961 -1.432944 
0.298272 -6.796223 -1.795011 
1.201232 -6.512927 -1.949897 
0.860299 -7.012603 -1.058914 
-0.512083 -7.163374 -1.312507 
-0.576981 -6.462551 -0.721956 
0.367779 -4.992921 -1.107040 
0.095090 -5.409232 -2.029620 
0.728821 -5.409023 -2.069947 
1.260157 -5.381838 -1.444973 
1.866426 -5.102242 -1.061716 
1.815614 -5.386848 -1.435863 
2.153756 -5.203683 -1.526719 
1.452560 -5.329538 -1.760645 
1.805144 -6.091109 -0.874412 
1.955665 -5.234060 -0.366947 
3.160943 -2.408739 4.644175 
2.684019 -1.956507 3.362309 
3.841670 -1.229419 3.440810 
4.377406 -2.103842 2.990080 
4.359023 -1.616955 3.395967 
4.759072 -0.493584 3.009764 
4.737339 -0.979296 2.507706 
3.457297 -0.469726 3.583105 
3.408344 0.294366 4.070275 
3.467501 0.261907 3.517086 
3.761036 -0.172719 2.359708 
4.815262 -0.275620 1.862793 
4.244553 0.624050 0.650762 
5.169164 1.148940 0.982778 
6.036978 0.173581 1.008136 
6.697395 -0.465970 0.242643 
6.025631 -0.681774 1.806626 
5.214605 0.181512 1.718561 
5.616327 -0.892128 1.191302 
6.149303 -2.022215 1.821327 
5.658606 -2.250907 1.638481 
5.503414 -0.680298 1.600986 
5.787175 -1.362797 -0.083474 
6.169491 -1.855419 0.102212 
5.548257 -1.939845 -0.320169 
6.113865 -0.895511 0.333634 
5.977076 -1.600171 -0.586927 
4.793713 -2.814381 -0.960080 
5.186942 -2.893745 -0.568014 
5.666342 -2.127959 0.831525 
6.211560 -1.367980 1.047962 
6.315453 -1.129334 0.392853 
6.406465 0.068593 0.373362 
6.486615 0.245937 -0.043050 
6.787284 0.005027 0.107567 
6.503985 0.005855 -0.702624 
5.150929 1.075085 -0.881114 
5.261401 1.379256 -0.370344 
6.436581 0.409673 -0.696364 
5.787392 1.337573 -0.632625 
6.153427 0.545571 0.178469 
5.916709 0.583259 0.027528 
5.830691 0.030569 -1.696055 
4.780851 -0.985618 -2.112000 
4.019051 -1.349160 -2.079445 
4.539597 -1.997559 -1.821360 
5.319654 -1.309288 -2.071099 
5.470663 -0.841919 -2.612344 
5.385986 0.030948 -2.293307 
5.510028 -0.087527 -1.586589 
6.553181 0.048573 -1.382058 
5.842777 -0.368548 -1.896229 
4.852500 -1.396272 -1.968446 
5.218006 -1.606713 -2.334173 
5.024666 -1.415688 -1.620334 
4.385502 -0.691280 -1.393014 
4.168055 -0.136972 -0.407765 
3.697458 -0.791128 -0.260780 
4.620200 -1.153644 -0.304453 
5.028844 -0.397337 0.043568 
5.317530 -0.216376 0.604969 
4.752333 -0.210425 0.160131 
4.164114 -0.438368 -0.830876 
3.452713 0.179345 -1.969813 
3.494340 -0.731986 -1.554060 
5.018167 -0.776439 -0.532346 
5.389308 -1.343467 -1.312808 
6.417302 -0.934580 -1.548692 
1.991780 -7.241364 2.132746 
2.018556 -6.056709 1.222517 
1.548021 -6.235446 0.503113 
2.599232 -6.655052 0.232013 
1.928351 -6.620206 0.524476 
1.087373 -6.971748 0.100154 
0.517498 -6.479505 -0.427317 
1.681423 -7.029433 -0.235617 
2.716757 -6.541870 -0.282722 
3.380035 -5.529292 0.047199 
3.153265 -4.958788 0.172224 
2.325975 -5.236839 0.143113 
3.116386 -5.573281 0.571232 
2.616337 -5.698782 0.675154 
3.458403 -5.312566 -0.966285 
3.986451 -5.209321 -1.203334 
3.485837 -5.184106 -1.124651 
2.643064 -5.613383 -2.044461 
2.882411 -5.722695 -1.743337 
2.926442 -6.191185 -1.179945 
1.552926 -7.252208 -0.561122 
1.413566 -5.991627 -0.909799 
1.680693 -5.072266 -0.606113 
2.865490 -4.224732 -0.752124 
2.972779 -4.741542 -1.707127 
3.228111 -4.284278 -2.315459 
3.908888 -3.264354 -2.767207 
3.817876 -3.761951 -2.434760 
2.879601 -4.202140 -2.615904 
1.787310 -3.466861 -2.592149 
0.945552 -3.335069 -1.290073 
0.827129 -3.065628 -1.236556 
1.627470 -1.888098 -2.076940 
2.480958 -1.166873 -2.322073 
3.129296 -1.425017 -1.735656 
2.945604 -2.371610 -2.518120 
3.220975 -2.890939 -2.617429 
3.218862 -2.402316 -2.617701 
3.901100 -2.279087 -3.342293 
4.203025 -2.953392 -2.449303 
2.918942 -3.163840 -3.481257 
2.447545 -3.122105 -4.027202 
2.345265 -3.758321 -4.307354 
2.378583 -3.353367 -4.007000 
2.619907 -3.192623 -3.835221 
2.680568 -2.424565 -3.015088 
2.857886 -2.309148 -3.656677 
2.583880 -1.988588 -4.478738 
2.398960 -1.191477 -4.352754 
1.680916 -1.200073 -4.251449 
2.662749 -0.515173 -3.264209 
3.146293 -1.283259 -3.429439 
3.385351 -1.952705 -3.059592 
3.350213 -1.140894 -3.090615 
2.401673 -0.295574 -3.384715 
1.840351 -1.523710 -3.504438 
2.178673 -2.324320 -2.319306 
3.247471 -1.657134 -2.463656 
3.334346 -1.563074 -3.213335 
1.806202 -1.726858 -2.470330 
1.501876 -0.963760 -3.505343 
2.125432 -0.062090 -3.419919 
2.815965 -0.094506 -2.782253 
4.067151 -0.560834 -3.093548 
4.643814 -0.732724 -3.211342 
4.690906 5.792692 3.358122 
4.205489 4.905785 2.022182 
3.011640 4.420945 1.145004 
3.038885 4.959240 1.416461 
2.913815 5.982768 1.637543 
1.999287 6.218039 2.221576 
2.688745 5.974251 2.491133 
3.548176 5.269809 2.032675 
3.432965 4.553858 2.581848 
2.813149 5.368556 2.016670 
2.373503 5.538500 1.242322 
2.919023 4.792247 0.785255 
2.874680 4.683282 1.858499 
3.751152 4.366157 1.657066 
4.290959 5.216043 1.479578 
3.839282 6.215390 1.440638 
3.799134 6.328245 1.619462 
4.428505 5.931051 0.912502 
4.211240 6.622368 0.790944 
3.742992 6.602345 -0.296171 
3.372813 5.730109 -0.458347 
3.039293 4.454012 -0.714517 
3.050680 5.002908 0.234389 
3.646986 5.645447 -0.525867 
4.901875 5.409597 -0.996925 
4.735192 5.574493 -0.521019 
3.391409 6.122318 -1.066593 
3.904018 5.798151 -1.211038 
3.717522 6.575473 -0.491313 
3.089073 6.087086 0.541987 
3.234192 5.254658 0.926531 
4.181275 4.342850 0.470991 
3.578655 4.464075 -0.791412 
3.410639 5.706412 -1.858174 
3.502557 5.237342 -2.027430 
2.529495 4.226397 -1.509787 
2.267831 4.965068 -1.582863 
2.715604 5.746619 -1.928432 
3.923029 5.861938 -1.548925 
3.889549 5.708755 -0.285175 
2.550924 4.610799 -0.444010 
1.956485 3.948948 0.548599 
0.562817 3.037006 0.006208 
1.752121 3.721208 -1.198822 
1.497877 3.959644 0.100883 
2.142896 4.418544 -0.085339 
1.707452 4.822039 -1.301451 
2.025141 4.769121 -1.063071 
1.803143 4.748401 -0.093722 
1.092825 4.792001 -0.526058 
1.059009 4.965429 0.353077 
1.423800 4.501097 0.678168 
1.226274 3.639084 1.603250 
1.398221 3.594252 1.104989 
2.352148 3.696092 0.053172 
2.547336 3.307370 -0.458809 
2.317716 3.137902 0.447583 
2.011500 3.304112 1.167083 
1.589311 2.547341 1.240096 
1.926950 2.269728 0.297929 
1.646498 2.253452 1.125381 
0.909235 2.041828 0.901483 
0.258789 1.842471 0.011238 
0.459048 2.249189 0.917534 
0.819439 1.968873 0.312940 
1.030285 1.948655 0.669627 
1.470924 1.685852 -0.319227 
2.337431 2.202387 -0.763993 
2.707844 2.450750 0.999908 
0.675974 1.322254 5.527396 
0.983160 0.915957 4.161501 
1.771471 -0.300050 3.496582 
0.224888 -1.078594 2.656020 
0.880787 -0.440928 2.987911 
1.151372 1.384099 3.253663 
0.102066 2.198277 3.355406 
0.676456 0.730347 3.190024 
0.841729 -0.548757 1.869568 
1.468317 -1.028141 2.826346 
2.292077 -0.641417 2.541320 
2.702350 -0.058423 2.082089 
4.012622 -0.598647 0.990500 
4.427656 -1.448360 0.538301 
4.813015 -1.303231 0.267105 
4.007203 -1.848138 0.437767 
3.683550 -1.693805 1.177175 
3.419828 -1.527748 0.470351 
3.189750 -1.153776 0.761333 
3.353458 -0.424685 0.475586 
3.702096 0.026036 1.262550 
4.861486 -0.606901 0.520012 
4.304209 -0.922271 1.087553 
3.884918 -0.034418 1.012606 
3.540666 0.398238 1.975000 
2.392960 -0.725843 2.188974 
1.506732 -2.184467 1.716995 
2.285786 -2.146322 2.199923 
2.457378 -1.292945 1.727773 
3.077110 -1.164859 1.320120 
2.521322 -0.826044 1.115842 
2.277035 -1.317059 0.417536 
1.473263 -0.359984 0.222144 
1.468014 -0.898161 0.834517 
0.622995 -1.626323 0.282368 
0.986298 -1.861025 0.124348 
2.110021 -1.881417 -0.221129 
2.603871 -0.716598 -0.531931 
2.730108 0.689289 -0.273132 
1.693458 -0.132434 -0.348713 
0.460083 -1.532784 -0.262251 
0.669916 -1.196625 0.307287 
0.340985 -1.350084 0.398901 
1.837073 -1.498992 0.414433 
2.607371 -0.990648 -0.506961 
1.492152 -0.629341 -0.584457 
0.756970 -1.015052 -1.447927 
-0.015572 -0.722106 -1.594602 
-0.693671 -1.080558 -0.997497 
-0.430604 -1.862480 0.147878 
0.835710 -1.136543 0.704110 
1.209066 -2.312277 -0.797171 
0.841064 -1.501356 -0.591416 
0.620390 0.203294 -0.265670 
0.552027 0.616129 -1.197655 
0.888024 -0.083963 -1.862137 
0.149403 -0.490954 -3.016103 
0.759563 -1.173391 -3.793377 
1.136323 -0.808956 -3.581468 
1.491636 -0.191699 -2.708602 
1.527808 0.410886 -1.529620 
2.442742 -0.006803 -1.271120 
2.160900 -0.164413 -1.771754 
1.653070 -1.174419 -2.051739 
-3.250941 1.838673 0.131907 
-4.094551 2.705481 0.636403 
-3.934661 2.039800 0.273330 
-4.233021 1.964788 0.681976 
-4.945077 2.125859 0.729470 
-5.253280 2.681597 1.180943 
-5.996520 2.051284 1.306319 
-6.121812 2.206344 1.524435 
-4.982799 2.563025 1.485169 
-3.881312 2.005878 1.439602 
-3.135205 1.645628 1.207609 
-2.722687 1.339614 1.715728 
-3.273278 2.402784 1.796039 
-3.391273 2.758728 2.939560 
-3.262047 2.529659 2.659577 
-3.272685 2.296795 2.858161 
-3.241060 2.983907 2.473928 
-3.413692 3.654962 2.807716 
-3.343742 3.831958 2.393364 
-3.065936 3.916303 2.068725 
-3.980581 3.482609 2.021872 
-4.795301 2.557517 2.096499 
-4.230113 3.026172 2.772670 
-2.862471 2.870065 3.165148 
-1.368864 2.426634 3.279734 
-1.466413 3.436726 3.070828 
-1.306370 2.940654 2.787308 
-1.660955 2.787024 3.413997 
-1.776536 2.724373 2.610065 
-1.985592 3.823889 1.824788 
-2.576513 3.420524 1.379396 
-3.153623 2.865804 2.792009 
-2.924999 3.376229 3.401106 
-2.941866 2.548301 3.075810 
-3.126600 1.628612 3.659938 
-2.519072 2.105854 3.552118 
-2.066003 2.134056 3.215147 
-2.109927 2.173930 2.056343 
-2.945862 2.677586 3.284822 
-3.264379 1.987857 2.486799 
-4.108915 1.427259 2.805693 
-3.577538 1.399425 2.264181 
-2.340129 0.864044 2.849890 
-1.899366 -0.014418 3.392865 
-3.064660 0.745350 2.833137 
-2.963268 0.669618 3.454726 
-2.806468 -0.247731 3.784219 
-2.629076 -0.107780 4.083062 
-3.645493 0.023448 3.805347 
-3.311713 1.130487 3.882152 
-1.967474 1.356132 3.952835 
-0.794794 1.164919 2.999342 
-0.661505 0.388380 2.116401 
-1.038431 -0.435719 2.451391 
-1.226381 -1.283675 3.049610 
-2.230362 -0.690249 2.333362 
-2.846550 -0.018452 2.228314 
-2.585087 0.333099 2.367973 
-2.371687 -0.176702 3.513199 
-1.611043 -0.128239 4.245782 
-0.890124 -0.425118 3.587342 
-0.532630 0.152652 3.284952 
-0.549147 0.078471 4.273665 
-2.207044 0.458434 -0.008013 
-1.125012 -0.820263 0.532660 
-0.866882 -1.113847 1.262416 
0.217864 -1.062988 2.098138 
1.279660 -0.455560 1.227108 
1.510042 -0.826460 2.034323 
0.256580 -0.719116 1.747384 
0.644171 -0.705422 2.486974 
1.171670 0.353614 1.690397 
1.502241 0.315524 1.249900 
1.000162 0.216981 2.219719 
0.481375 0.302864 1.773414 
-0.533780 0.076170 1.125212 
-0.363126 0.540920 2.084312 
-0.429443 0.839749 1.472279 
-0.517430 0.931059 2.817302 
-1.392984 1.005025 2.940796 
-0.678953 1.668040 2.669972 
-1.002713 1.396251 3.743515 
-1.294002 1.496349 3.867695 
-1.221793 1.535576 3.079619 
-1.107610 1.117978 2.300351 
-1.387059 0.328808 2.299818 
-1.073058 -0.035216 2.099237 
0.023183 -0.437622 0.817274 
-0.037993 0.559225 1.567739 
-0.517198 1.294720 2.496869 
-0.881316 1.972482 1.921407 
-0.317361 1.794921 1.806466 
-0.519455 1.148991 1.385338 
-1.048164 0.701447 1.295169 
-1.742244 -0.278230 1.217581 
-2.170308 1.236780 1.063872 
-1.958884 2.554252 0.962752 
-1.379822 2.044064 0.444150 
-0.989620 2.422253 1.512677 
-0.136131 3.141395 1.981836 
0.298443 3.043678 1.687489 
0.857835 2.663565 1.499519 
-0.153183 3.412105 1.411850 
-0.151447 3.914517 1.927653 
0.248130 4.259189 2.331029 
-0.106029 3.211055 2.802501 
-0.013353 3.065351 2.621913 
-0.042722 2.422709 2.536595 
-0.008098 2.143911 2.370934 
0.158526 2.245983 1.119467 
0.088754 3.206517 1.664860 
-0.789463 4.156181 1.038578 
-1.055871 3.432553 0.556871 
-0.100024 3.009491 0.725798 
0.885421 2.648322 0.081453 
-0.729846 2.872037 0.695544 
-0.898707 3.401602 1.253662 
-0.284394 3.601123 2.174780 
0.733845 4.067577 1.687941 
0.509181 4.601579 0.972688 
-0.383673 3.762252 1.181564 
-1.466830 2.771635 1.055124 
-1.170847 3.434428 1.085670 
-0.945408 4.002250 1.843771 
0.019778 4.366386 1.402125 
-0.240753 3.845322 2.977620 
1.412977 4.299360 4.425865 
1.905393 4.258810 3.086407 
2.456048 4.269173 3.135265 
2.165128 4.106769 3.471124 
2.309801 2.808614 2.729425 
2.412919 1.679109 2.473458 
3.070194 0.824741 2.190858 
2.149584 1.036419 2.075174 
2.868757 1.429543 1.317909 
3.321529 2.486407 1.161067 
2.620561 3.723232 1.370927 
2.720581 3.510911 -0.090652 
2.242557 2.928431 -0.441613 
1.660525 2.883184 -0.199742 
3.099322 2.725066 0.287231 
3.651241 2.953960 0.891132 
4.021280 2.604285 0.193266 
3.831277 1.050655 -0.801625 
3.761371 1.101017 -0.488354 
3.259621 1.524936 0.846165 
3.828088 1.782916 1.336291 
3.040436 1.948411 1.686615 
2.278461 0.512232 1.700795 
2.423526 0.809505 0.845288 
3.286738 0.735062 1.404093 
3.837228 0.974430 0.777230 
3.397762 1.530882 0.244103 
3.833968 2.122067 -0.195426 
4.342970 2.203437 -0.813395 
5.130219 1.963656 -1.136927 
5.034558 1.291119 -2.025662 
4.577903 0.788702 -2.175990 
3.200957 0.378324 -1.525401 
3.398588 0.339947 -1.079788 
2.704321 0.102943 -0.464914 
3.332625 -0.169192 -0.307647 
4.190157 1.013586 -0.148784 
3.443820 0.490333 0.039108 
3.018521 0.568548 -0.557656 
2.501398 0.693969 -0.682016 
3.198586 0.096564 -1.563878 
3.883556 -0.122022 -2.979627 
4.215539 0.496977 -3.661679 
4.483066 1.306596 -3.491433 
4.847408 2.090406 -3.370416 
5.004809 1.712837 -3.338085 
5.477483 1.208187 -3.094455 
5.758560 1.177421 -2.628388 
5.514583 2.158120 -2.896521 
5.092386 1.903853 -3.222761 
4.158415 2.554077 -2.695352 
4.892113 2.220639 -2.415017 
5.712580 1.747470 -1.895664 
5.561269 0.935131 -1.942606 
5.347963 0.411540 -3.013140 
5.127406 -0.127090 -3.489518 
5.611028 0.288361 -3.171293 
5.900742 2.133973 -2.615651 
6.306480 2.512829 -2.077313 
5.774026 1.846039 -1.459177 
4.856870 1.516747 -2.377349 
4.417569 1.414060 -2.807415 
5.167736 1.801561 -2.525008 
5.331095 2.899088 -1.906400 
6.176727 3.229905 -1.849859 
7.584064 3.187796 -2.137531 
-3.473124 2.108296 -4.683793 
-4.245505 1.718880 -3.496183 
-4.333591 2.077767 -2.601934 
-4.414147 1.984647 -2.019213 
-4.386516 2.724390 -1.459008 
-3.779351 4.391533 -0.555487 
-4.147964 4.094736 -1.248503 
-3.896227 3.789106 -1.814967 
-4.400421 4.483427 -1.970360 
-4.243923 2.990030 -1.879822 
-4.563635 1.647931 -3.166003 
-4.688509 1.393230 -2.896772 
-4.876187 1.805052 -2.231919 
-4.650363 2.110284 -1.904559 
-3.891884 2.842990 -2.281686 
-4.026335 2.345236 -1.040740 
-4.499184 2.556120 -0.219703 
-4.543423 2.120028 -1.061096 
-4.344887 3.547740 -0.881132 
-4.417516 3.938549 -1.252883 
-5.551776 2.569790 -0.804701 
-5.626724 2.773186 -1.209885 
-5.592668 3.220461 -1.451805 
-6.119238 2.700304 -0.706316 
-5.914956 3.348458 -0.625594 
-6.122833 2.397963 -0.399772 
-5.864518 1.131913 -0.615047 
-6.256612 0.643934 -0.166387 
-6.082710 0.874127 0.104906 
-6.192619 1.670783 -1.053660 
-5.784059 0.833058 -0.866463 
-5.021754 1.192394 -0.022783 
-4.466499 0.786003 0.518247 
-5.070412 1.160840 1.758299 
-5.595913 1.339969 1.881010 
-5.973632 0.521603 1.159719 
-6.254933 0.910823 0.595343 
-5.889211 1.908080 0.483492 
-5.349081 2.641267 -0.194285 
-5.369037 1.701456 0.187690 
-5.874000 1.099162 0.486359 
-4.777863 1.094894 0.929078 
-4.156293 1.352795 1.285232 
-4.649752 2.327742 0.165075 
-5.371843 1.610147 1.207979 
-5.535618 0.740325 2.345018 
-5.693623 0.485632 2.391208 
-5.452633 0.349605 2.503289 
-5.112873 0.228667 2.531610 
-4.861106 0.165537 3.092963 
-3.531900 -0.310798 3.280323 
-3.555056 -0.625524 2.583367 
-4.312634 -0.336213 2.657020 
-4.705798 0.398445 2.179269 
-4.762637 1.949943 3.184673 
-2.520978 -0.013593 -4.913155 
-2.982038 -0.705974 -3.704429 
-3.704368 -1.160076 -2.680493 
-3.701809 -0.804330 -2.371361 
-3.851574 -1.999175 -1.438677 
-3.374529 -2.351690 -1.050038 
-4.241623 -1.416005 -0.671882 
-4.833494 -2.294177 0.461506 
-4.064302 -2.272070 1.367636 
-2.365178 -2.646581 1.424938 
-3.099586 -1.950472 0.585471 
-4.035986 -0.435407 0.843215 
-2.833228 0.436440 1.015366 
-3.274856 0.456316 1.215586 
-3.937043 0.210360 0.862906 
-3.695291 -0.843065 1.148313 
-3.442907 -2.150818 1.178923 
-3.845624 -1.616374 2.291818 
-4.136755 -0.702405 2.789920 
-4.773015 -0.945844 2.197500 
-4.551476 -1.695776 2.277314 
-4.329561 -2.065855 2.571811 
-3.549831 -2.193025 3.004624 
-4.127060 -2.720239 2.438978 
-3.361982 -2.767257 2.430417 
-1.991157 -3.111210 2.101206 
-1.984196 -3.101515 2.624491 
-3.521517 -2.725253 2.931488 
-3.075085 -2.259213 3.350239 
-2.574798 -1.824785 3.986460 
-3.087042 -2.626772 2.941329 
-2.131186 -2.251557 3.520320 
-2.350586 -2.830770 2.768561 
-3.006966 -3.051927 3.228836 
-3.338016 -2.962941 3.275918 
-4.170685 -1.717508 3.189704 
-3.505021 -1.623683 3.886154 
-3.516236 -0.529098 3.976505 
-3.743316 -0.807558 3.728560 
-2.425850 -1.160381 2.986929 
-2.138661 -1.654479 2.552813 
-1.881992 -2.598630 1.053630 
-1.590587 -1.643524 0.457973 
-1.986551 -1.925945 1.607696 
-1.605517 -1.421727 1.816705 
-1.638866 -1.045669 1.239313 
-0.972274 -0.730565 2.115142 
-0.575950 -1.679543 2.062227 
-1.585963 -2.183214 2.935779 
-2.087901 -1.596850 3.020194 
-2.417610 -0.932701 2.097976 
-3.241184 -1.209543 1.566125 
-4.046209 -2.944237 -0.879359 
-3.069990 -3.187475 -2.264242 
-2.545029 -2.691106 -1.958375 
-1.533986 -2.455039 -0.526069 
-0.268645 -3.232868 0.886632 
0.624751 -4.321165 1.034221 
1.031874 -3.938460 1.249918 
0.385829 -3.506087 0.790193 
0.325475 -3.493517 0.986628 
-0.480117 -2.160936 1.186226 
-0.212112 -1.653967 0.682612 
0.013071 -2.604917 0.778839 
0.659818 -3.227786 0.095939 
-0.583358 -3.946821 -0.245492 
-2.131600 -4.652718 -0.391861 
-2.318969 -3.583216 -0.700289 
-1.025359 -3.591949 -0.514727 
0.775297 -4.159745 -0.425828 
1.527761 -3.764679 -1.617675 
1.680035 -4.200550 -2.800028 
2.318909 -4.381327 -3.125938 
1.938098 -3.479087 -3.170122 
1.218113 -3.029641 -2.251325 
1.263088 -2.753849 -1.827589 
0.985197 -2.053702 -1.185186 
0.195329 -2.027896 -1.906368 
-0.180590 -1.351109 -2.240317 
-0.453491 0.155866 -1.707253 
-0.706335 -0.044392 -2.359140 
-0.372593 -0.083189 -2.171535 
-0.590171 -0.141270 -1.409503 
-0.961869 -0.345663 -0.786368 
-0.825150 -0.004952 -1.436781 
-0.267387 -0.807025 -2.493625 
-0.924713 -1.656224 -1.613720 
-0.737878 -1.098707 -1.452625 
-0.856783 -0.691922 -0.474088 
-0.237259 -1.374222 -1.260025 
0.459149 -1.161048 -1.398252 
-0.203641 -0.786827 -2.052051 
0.128889 -0.878365 -2.408023 
1.016466 -1.344075 -2.276403 
0.124806 -0.832413 -2.166484 
-0.016553 -0.318435 -1.629407 
-0.414088 -0.433174 -0.678186 
-0.089385 -0.277641 -0.888066 
-0.780508 0.471445 -0.490085 
-1.085934 -0.070019 0.513701 
-1.199575 -0.065755 -0.181795 
-0.805126 0.571784 0.193374 
-2.102382 4.137700 1.152728 
-1.461079 5.027283 1.387187 
-1.043453 5.130333 2.046365 
-1.578565 5.744796 2.065908 
-0.749451 5.580647 1.969283 
0.545395 4.452863 1.559308 
-0.775266 4.765387 0.376186 
-1.859544 4.357788 -0.754706 
-1.867957 4.665735 -0.051545 
-0.986748 4.603677 -0.415404 
-1.705708 5.324411 -0.042190 
-2.170127 5.112151 0.199095 
-0.445033 4.864408 0.310042 
-0.360104 3.950648 -1.226936 
0.307202 3.250820 -1.806415 
-0.343763 3.249718 -2.617795 
0.143781 3.481680 -1.199394 
0.906559 4.234562 -0.323589 
1.426797 4.350937 -0.008583 
0.256086 4.199882 -0.105174 
0.030650 3.693591 -0.878882 
-0.393770 4.093179 -1.938029 
0.041868 3.759310 -2.146513 
0.163098 4.947941 -2.239509 
1.042349 5.758602 -2.532227 
0.815581 5.934753 -1.926681 
-0.257207 5.383111 -0.904846 
0.018031 5.035537 -0.353638 
0.154668 5.564494 -1.117138 
0.203823 5.046340 -1.827110 
-0.541710 4.210374 -1.709044 
-1.012356 3.766564 -1.257510 
-1.181622 3.821766 -1.805630 
-0.991782 3.161512 -1.663778 
-0.967287 3.337630 -0.781305 
-1.487594 4.010955 0.043532 
-0.082878 4.830641 -0.563296 
1.070519 5.494520 -1.385699 
0.789790 5.626639 -1.775876 
0.797057 4.763469 -1.766286 
0.156195 5.131584 -2.278279 
-0.603036 5.009467 -2.060169 
-0.496849 4.498365 -1.253258 
-0.012327 4.916727 -0.797302 
-0.188695 5.219690 -0.739260 
1.436827 5.919338 -1.177677 
0.698623 6.155357 -1.878967 
1.246612 6.475826 -2.652079 
0.515185 6.287893 3.238157 
0.033231 5.771048 1.885770 
-0.401434 5.847628 0.528484 
0.426151 5.875293 1.145239 
1.118902 6.210288 1.660573 
0.504551 4.998507 1.961850 
0.425288 6.495985 1.428675 
-0.064970 6.536329 1.656870 
-0.521105 6.930968 1.521275 
-0.621658 7.005482 0.750997 
0.009342 7.284218 0.362803 
1.330432 6.813135 0.575921 
2.611494 5.948283 0.616169 
2.411080 6.501632 0.695372 
1.627695 6.484123 0.989266 
1.416024 6.190403 0.132972 
1.260994 7.136021 0.259622 
0.583529 6.899494 0.611407 
-0.007256 6.905603 -0.429897 
0.499123 5.961509 -0.961386 
1.671862 6.424246 -0.418026 
2.398581 5.798807 -0.461786 
1.719512 5.895847 -0.491077 
1.961646 4.767914 -0.607399 
3.234239 4.295587 -0.057650 
2.616760 5.955858 -0.278837 
2.134232 7.013589 -1.130280 
1.508697 6.833650 -1.070091 
0.576635 6.654771 -1.641651 
1.572999 6.197024 -1.987618 
2.389461 5.933096 -1.900163 
2.424914 6.333592 -1.705611 
-2.858973 6.653398 5.016614 
-3.522516 6.667500 4.011549 
-2.775437 6.674186 3.227947 
-2.230288 5.151361 3.352389 
-1.006688 3.853285 3.310182 
-1.151017 4.870529 3.523192 
-1.924557 5.214489 2.309455 
-2.940711 5.235814 2.006997 
-2.372710 4.852284 2.732895 
-2.023995 5.304229 3.010927 
-2.613172 6.158680 2.092618 
-2.943609 6.470526 0.515801 
-3.386661 6.029499 -0.052228 
-4.464847 6.144485 -0.064186 
-4.638435 7.517247 0.488078 
-4.020841 7.981092 1.540267 
-3.362046 7.619046 2.735635 
-3.815583 6.730567 2.949210 
-3.806814 6.101882 1.610816 
-3.137737 5.743923 1.947184 
-2.469871 5.876795 1.103153 
-2.280931 6.044709 1.401172 
-2.946339 5.572456 0.694527 
-3.898668 5.557933 -0.129097 
-4.134299 5.257048 0.067155 
-3.930306 4.826188 0.357476 
-3.574028 4.882825 0.400031 
-2.535575 5.507321 0.500845 
-1.750012 6.840589 1.112383 
-0.960854 6.056757 1.522786 
-0.296980 6.674192 1.678251 
-0.735465 6.127196 1.033698 
-1.521161 6.538365 0.478655 
-2.279793 6.423479 -0.028989 
-2.768895 6.650157 -0.582108 
-2.713229 6.460606 -0.275947 
-3.102341 6.042036 0.025204 
-3.394004 5.707270 1.455959 
-2.321579 6.053786 0.591292 
-3.117759 5.416921 -0.980654 
-3.581268 5.678181 -1.283795 
-2.346234 6.129558 -1.491205 
-1.073166 6.645213 -1.432714 
-0.489564 7.191116 -0.357842 
-1.773857 6.828228 -0.925516 
-2.422241 6.215330 -1.922967 
-1.915343 6.379772 -1.670728 
-1.797193 6.652375 -0.423079 
-1.436981 6.294871 -0.605608 
-1.026363 6.469080 -1.029569 
-0.659301 6.100682 -2.337198 
-0.933318 5.444354 -1.936420 
-1.768344 4.135708 -1.624339 
-2.809582 4.985147 -1.356001 
-1.626913 5.900965 -1.021491 
-1.873367 5.757139 -1.919348 
-1.110398 5.258452 -2.434679 
-2.312626 4.559287 -1.947326 
-1.538316 4.681767 -1.898504 
-2.294161 4.919119 -2.139528 
-2.851099 4.279279 -1.563533 
-3.103928 4.146244 -1.069448 
-3.124893 4.005925 -0.195474 
-4.058483 4.109463 -0.015120 
-5.160895 4.602667 0.454354 
-5.226013 4.446987 1.444476 
-4.207863 4.140132 1.537529 
-3.102667 3.937032 1.129809 
-2.569182 3.747189 0.839617 
-1.679958 4.216265 -0.188695 
-2.582696 3.987587 -0.500832 
-2.579376 4.792641 -2.070917 
-3.004823 4.756737 -1.709597 
-2.469485 3.659633 -1.137726 
-2.832874 2.743196 -0.746559 
-2.622751 2.309141 -0.638430 
-2.603901 2.297123 -1.386061 
-3.025321 1.486029 -1.098798 
-2.500348 2.252367 -0.256352 
-3.220944 3.301757 -0.632830 
-3.947381 4.615111 -1.501999 
-3.752051 4.791738 -1.446098 
-4.680965 4.711337 -1.100865 
-4.988244 4.511083 -0.642634 
-4.699322 3.840560 0.655498 
-5.066609 3.352882 0.803378 
-4.978168 3.581277 0.068844 
-4.288981 4.027487 0.410078 
-4.183163 4.347856 1.099170 
-5.284364 4.837639 2.441239 
