-16.914 -11.139 -78.5062
-79.0654 71.07 -65.8901
-62.1478 21.0578 -84.6673
-28.0665 45.4764 -97.8988
26.5541 19.5333 -101.594
14.2166 -4.71944 -59.8027
5.03968 40.3657 -106.536
-27.7959 93.7909 -44.5839
-15.544 47.1144 -57.0313
-111.852 55.6199 -78.8062
-49.3263 25.8687 -55.8381
-79.2733 -33.8532 -100.146
-88.1244 7.32232 -97.9363
-66.7812 58.8241 -27.3953
-41.1926 -37.4734 -38.7402
-29.2752 -26.3346 -103.382
-34.6669 9.68148 -113.036
-100.379 6.63156 -39.6704
-116.832 42.3739 -14.1976
-85.7204 -22.327 -33.1939
