-70.3663 -11.67 46.1274
7.47196 -9.70508 5.61596
-47.681 1.89976 28.9168
-37.2129 -46.3272 34.5826
-79.1547 -74.1538 56.9567
-100.433 -29.6887 70.0754
-60.7431 -23.8453 96.0678
32.0523 -48.4368 15.0056
-18.791 -39.0091 59.8013
1.38412 18.1372 -30.3244
-32.4911 -26.6392 -8.73284
-93.28 10.7584 -3.71512
-61.1267 -20.7167 -17.0051
5.58392 12.2256 28.125
-109.62 32.381 24.6019
-102.657 -26.8179 5.98032
-78.1639 -44.3177 32.465
-37.6772 41.0185 22.0806
13.8947 52.8719 -11.8585
-54.3187 42.9087 -21.6292
