34328 3958
33444 4175
33710 4281
34395 4336
33408 4370
33415 4376
33415 4376
33849 4488
33006 4668
34550 4673
33392 4811
33526 4856
26622 9652
26738 11606
26509 11687
26490 11693
33487 17523
33676 17852
33319 19457
33429 19501
33358 19505
33678 19636
32514 19942
33142 19944
32504 19988
32504 19988
32577 20197
32576 20313
31788 20315
32657 20324
32437 20381
32620 20382
32734 20464
32730 20465
32740 20469
32755 20487
32867 20534
32984 20612
34566 20778
33895 20832
33647 21071
26983 21143
27047 21147
26915 22176
26892 22281
30139 22441
35197 22442
29968 22585
29971 22593
30134 22598
31428 22645
30181 22687
31452 22760
31502 22930
74237 45363
73404 46217
32126 52819
32404 53208
31708 53311
31811 53389
120518 74812
120258 74924
157733 75471
157378 75758
156561 115571
156684 115580
