7549 6806
8506 7179
30661 9456
30732 11252
9575 13103
9751 13121
9641 13421
30742 13710
30747 13732
30552 14166
27498 14184
27508 14188
30978 14192
30656 14193
30651 14194
9284 14224
9293 14235
33689 14281
34241 14289
27194 15517
27231 15520
8928 15548
27177 15638
27177 15638
32737 15673
30649 16560
30746 17235
28840 17457
28892 17580
28970 17796
28970 17796
26567 20720
27407 20937
19590 21073
26565 21426
26570 21453
29160 21844
31214 21851
19455 21901
19190 21901
19221 21945
14577 22288
14550 22476
31102 22533
31102 22533
32997 22593
35485 22795
36534 22867
35530 23177
35851 23237
37214 23279
35706 23315
35460 23329
36677 23421
34705 23566
36117 24162
100602 52893
100574 53030
100633 53130
100578 53291
118534 53716
119178 54774
119051 55641
118487 55960
119010 56005
119217 56081
97513 87580
97513 87580
97764 87728
97731 87767
101327 88279
101337 88586
101337 88586
100284 88664
100795 88683
100680 88699
100670 88700
98703 88719
98703 88719
100225 88721
100225 88721
100168 88724
100163 88732
100210 88841
100210 89183
100210 89183
