85029 16066
85367 16181
94515 16243
85673 16359
94355 16527
94382 16551
85022 16667
85898 16783
94498 16787
85769 16869
86088 16983
85025 17049
85155 17724
85157 17725
85128 18095
83938 19160
83864 20979
94982 21303
84309 21340
84309 21340
95146 21392
95121 21394
94923 21400
95070 21501
94994 21519
83611 22871
97332 23810
96184 23842
97393 24237
97352 24337
98751 27178
98796 27268
98831 27494
98831 27494
98915 27602
98858 27611
100251 27758
100251 27758
99911 27839
99095 27933
97415 46398
97445 46624
97445 46624
96246 46851
97389 46905
97531 47183
97415 47193
97410 47321
97265 49151
96121 49157
103010 52903
103207 54137
102662 56500
99874 56534
97833 56629
100022 57112
99264 57154
99222 57170
102373 57245
98812 57290
98814 57494
98238 57507
98819 57570
98311 57949
98203 57951
98298 57958
98908 57966
98861 57974
99272 58010
98875 58053
98204 58065
99992 58118
102036 58122
102031 58123
97195 58249
96104 58276
96086 58328
96092 58379
97139 58543
97355 58871
83648 60005
83405 60282
83657 60401
83591 60407
82488 61584
82443 61601
69788 62079
70354 62081
70354 62081
69943 62360
72883 62376
72912 62399
79184 66108
83052 66318
79720 66436
82554 66901
69087 67855
69085 67895
102916 88682
99429 88728
102910 88747
102814 88748
132659 88832
102738 88962
99202 89080
132321 89394
90196 98383
89918 98446
72841 112709
72904 112830
