65961 80839
68467 80922
68580 80925
68392 81025
68593 81152
68576 81235
67520 81374
68402 81469
66543 81505
112298 113661
112220 113666
112442 113711
112491 113744
103235 117756
103052 119209
103028 119210
131926 119419
131942 119433
103727 119656
133414 119726
131720 119743
131720 119743
133888 119799
131837 119844
131771 119996
131332 120029
131039 120031
133478 120152
133478 120152
133549 120226
103291 120427
103608 120487
103782 120506
103586 120571
103183 120578
103269 120946
132484 120992
132484 120992
131897 121014
132064 121036
133439 121195
134277 121196
132241 122202
132218 122408
132326 122470
132320 122478
103015 122962
132293 123114
103067 123128
103034 123149
103350 123182
131796 123385
131670 123418
112088 123996
112719 124021
112628 124036
111761 124116
135491 124122
111807 124156
112655 124206
112655 124206
111896 124324
135114 125209
131818 125227
131560 125279
131072 126558
103459 127285
103390 127542
131325 127627
135405 127885
135587 127892
135507 127898
135401 127899
135449 128137
137882 128157
135573 128160
135464 128207
135603 128241
135659 128323
135440 128323
135647 128366
135535 128933
135542 128948
136509 129517
136832 129518
137831 129532
137831 129532
137119 129575
136524 129768
136771 129952
136771 129952
138058 130005
135701 130061
135701 130061
135988 130119
135541 130442
