-13.416356 0.081588 34.513252 
-13.375483 -0.690684 35.147229 
-13.072039 -0.920306 36.071997 
-13.456017 -1.001895 36.991727 
-13.562885 -1.324135 37.932334 
-13.545990 -0.355752 38.181228 
-13.532592 -0.493454 39.171611 
-13.848684 -1.085127 39.913236 
-12.976544 -1.544750 40.080922 
-12.858295 -0.646010 40.503159 
-13.282863 -1.306772 41.122138 
-14.058001 -1.766636 41.555365 
-14.795048 -2.274796 41.109792 
-14.606340 -2.526815 42.058937 
-14.233008 -2.768781 42.954523 
-14.549336 -3.580416 42.463417 
-15.129567 -3.807265 41.681195 
-15.572675 -4.390237 41.000167 
-16.395573 -4.843144 41.343262 
-16.000485 -5.761502 41.320369 
-16.043038 -5.629344 40.330054 
-16.591921 -5.372706 39.534526 
-16.575508 -6.196947 38.968524 
-16.432705 -6.985741 38.370687 
-15.900831 -7.826166 38.474588 
-15.567708 -7.962051 39.407629 
-15.166992 -7.059190 39.251841 
-14.982489 -6.154078 39.634895 
-15.013053 -5.649379 38.772141 
-15.211599 -5.712190 37.794064 
-16.158425 -5.741854 38.114438 
-16.953127 -6.145860 37.661418 
-16.592393 -6.829229 37.026691 
-17.393023 -6.437995 36.572900 
-17.435827 -6.241079 35.593414 
-17.200945 -7.203394 35.730458 
-17.260846 -7.904199 36.441291 
-17.792118 -8.545734 36.994628 
-17.517289 -9.449117 36.665435 
-17.177726 -8.946086 35.870667 
-16.406544 -9.582548 35.884572 
-15.895649 -9.312121 35.068571 
-15.217944 -10.046010 35.114652 
-14.650739 -10.745457 35.549453 
-14.075937 -11.421833 35.088889 
-13.215737 -11.115228 35.496381 
-12.974052 -10.156492 35.346673 
-13.140162 -9.730525 36.236033 
-12.397526 -9.100361 36.009349 
-11.932802 -8.744267 36.820046 
-12.658439 -8.165518 37.192202 
-13.405863 -8.825179 37.270969 
-14.100840 -9.540343 37.196475 
-14.498304 -9.489200 38.112667 
-15.114748 -10.275451 38.155154 
-15.163989 -9.610163 38.900114 
-16.107309 -9.455670 39.193846 
-16.040037 -9.498373 38.197025 
-16.897239 -9.285308 37.728189 
-17.676371 -9.242373 38.353578 
-17.731819 -10.216502 38.572665 
-16.756897 -10.361584 38.403908 
-17.057959 -11.302247 38.247337 
-17.222379 -11.257413 39.232708 
-16.698713 -11.590627 40.016763 
-16.954028 -10.916869 40.710206 
-17.703272 -11.488560 40.375836 
-17.988678 -12.124486 41.092872 
-17.731300 -13.062315 40.859993 
-16.872969 -12.870091 41.335721 
-16.272405 -12.840763 42.134760 
-15.284614 -12.865638 41.980973 
-15.092882 -13.829524 42.165805 
-15.000297 -14.300947 41.288771 
-14.763354 -15.040494 40.658748 
-15.652780 -15.071530 40.202725 
-15.378018 -14.941106 39.250099 
-14.508419 -15.245447 39.638909 
-14.140938 -14.434507 40.094250 
-13.193409 -14.527289 40.400160 
-12.409649 -14.019484 40.042593 
-12.024642 -14.839330 40.466411 
-11.438139 -15.449545 40.999001 
-10.542417 -15.351918 40.565238 
-9.954385 -15.965481 40.038210 
-9.605620 -16.778894 39.572674 
-9.163381 -16.087504 39.001356 
-9.361792 -16.760850 38.289150 
-8.816656 -16.500326 37.492310 
-7.861983 -16.775509 37.378851 
-8.185122 -17.459495 36.724829 
-8.610569 -18.218559 36.232064 
-8.970318 -17.948502 37.125177 
-8.144109 -18.160090 37.647296 
-7.153689 -18.248879 37.541542 
-7.363486 -18.446169 38.499175 
-7.039556 -19.332439 38.830228 
-8.005474 -19.519502 39.009140 
-8.381680 -19.658324 38.093062 
-9.000934 -20.443436 38.104129 
-8.409500 -20.624750 38.889834 
-7.740958 -21.321881 39.148793 
6.159044 -24.296212 -48.953308 
5.375096 -24.710992 -48.491373 
5.338195 -24.530260 -47.508533 
5.088578 -24.054186 -46.665298 
4.446441 -23.798642 -45.942555 
3.976615 -24.026753 -46.795332 
3.983203 -25.024835 -46.733776 
4.130524 -25.729369 -46.039565 
4.636723 -26.531386 -46.356631 
5.288096 -25.834984 -46.055404 
5.586571 -25.058489 -45.500456 
5.267169 -24.682699 -44.630534 
4.499468 -24.514835 -44.012104 
3.964359 -25.359615 -44.010050 
4.501379 -26.177222 -44.217724 
5.381306 -26.003028 -44.659747 
5.950837 -26.625687 -44.123155 
6.211509 -27.144467 -43.308958 
5.507422 -26.517378 -42.975758 
6.205347 -26.632457 -42.268893 
6.912529 -27.322507 -42.422916 
6.207702 -27.808411 -41.906083 
6.841040 -27.374465 -41.265322 
6.035209 -27.515713 -40.690270 
5.508719 -26.671518 -40.589557 
4.950006 -27.275288 -41.158153 
4.940707 -26.432938 -41.697003 
5.533306 -25.771924 -42.157316 
5.762829 -25.468816 -43.082218 
5.030970 -24.877825 -42.742937 
4.276341 -25.531982 -42.691813 
3.847212 -24.651172 -42.891868 
3.476091 -24.767257 -41.970568 
4.190101 -24.496080 -41.325082 
3.258597 -24.651391 -40.996179 
3.297125 -24.554054 -40.001673 
3.371779 -25.473508 -40.387719 
3.143085 -26.298265 -39.870538 
3.692612 -26.394586 -40.700443 
3.444571 -26.491383 -41.664344 
3.231029 -27.069086 -42.452163 
2.857696 -27.791185 -43.034569 
2.453797 -27.988598 -42.141320 
2.510869 -27.192280 -41.539141 
1.893418 -26.621194 -40.998202 
1.488292 -26.696000 -41.909397 
1.877885 -26.283988 -42.733086 
2.185174 -25.803631 -41.911606 
1.970447 -25.074591 -42.561523 
1.842253 -24.219761 -43.064347 
1.649792 -23.298367 -43.401975 
0.953568 -22.607274 -43.596042 
0.173094 -22.563692 -42.972375 
-0.214078 -21.641740 -42.962298 
-0.546295 -20.701775 -42.884209 
-1.140629 -20.507775 -43.664678 
-1.545886 -19.596014 -43.731448 
-1.121161 -19.993413 -44.544886 
-1.339088 -19.287440 -45.218764 
-1.616070 -18.519510 -44.641214 
-1.608772 -17.647211 -45.130133 
-2.370036 -17.210656 -44.650658 
-3.283771 -17.241238 -45.055818 
-3.442843 -18.189508 -45.330553 
-4.439053 -18.199121 -45.244107 
-5.139736 -18.463387 -45.906834 
-5.260144 -17.595964 -45.424051 
-5.337060 -18.213573 -44.641336 
-5.842470 -18.021222 -43.800169 
-5.314362 -18.838883 -43.570970 
-5.370178 -19.816989 -43.370487 
-6.297761 -19.714048 -43.011331 
-6.917767 -20.467625 -43.229765 
-6.785925 -20.149530 -44.168612 
-7.484956 -20.047617 -44.876405 
-8.173317 -19.646291 -45.480637 
-7.551423 -19.031829 -45.966111 
-8.475674 -18.694004 -45.788251 
-8.362376 -17.703488 -45.710526 
-8.919054 -17.708489 -44.879813 
-8.282724 -18.446265 -44.654489 
-8.464322 -18.565232 -43.678339 
-7.752243 -18.301256 -43.027755 
-7.523897 -17.511378 -42.458589 
-6.838833 -16.783486 -42.487950 
-6.993178 -16.758800 -41.500242 
-7.146309 -15.860699 -41.912509 
-7.713660 -15.289953 -42.506111 
-7.032385 -15.320831 -43.237487 
-6.381491 -15.239244 -43.992259 
-6.933035 -15.464324 -44.795463 
-7.664827 -16.139620 -44.887422 
-8.377268 -16.671275 -45.345430 
-9.321981 -16.424028 -45.560804 
-10.151183 -16.007838 -45.187696 
-15.295756 -7.345512 -0.730448 
-15.376540 -6.475100 -0.244797 
-15.188474 -5.933084 -1.063852 
-14.465423 -5.907060 -1.754156 
-15.182953 -5.254926 -1.998844 
-15.047606 -5.886947 -2.761884 
-16.008000 -5.788218 -3.022454 
-16.163288 -4.943435 -3.534535 
-16.795663 -4.278874 -3.932607 
-17.126979 -5.162358 -4.263793 
-16.546105 -5.945129 -4.040510 
-17.211671 -6.676708 -3.892815 
-17.658239 -6.221953 -4.663383 
-17.053637 -6.934291 -5.019798 
-16.143612 -6.538336 -5.142572 
-15.382820 -7.134252 -5.399631 
-15.255396 -7.239467 -4.413379 
-15.307859 -6.242338 -4.358768 
-14.384469 -6.180752 -4.737658 
-13.989902 -6.821367 -5.396392 
-13.184184 -7.371159 -5.176055 
-13.177317 -6.494672 -4.694677 
-13.340809 -5.515357 -4.813890 
-13.027529 -4.623949 -5.141376 
-13.056364 -4.064434 -5.969695 
-12.491275 -4.699440 -6.496423 
-12.121760 -3.772656 -6.563740 
-12.072386 -2.773876 -6.564274 
-11.717158 -2.404125 -5.705730 
-12.410966 -1.811446 -6.114831 
-12.659758 -1.305350 -6.940645 
-12.806434 -0.978273 -7.874190 
-11.887180 -0.709084 -7.586946 
-10.961202 -1.085751 -7.560743 
-11.521121 -1.721787 -8.091731 
-11.533446 -2.658411 -7.741611 
-12.246848 -2.843045 -8.417604 
-12.515567 -3.275989 -7.557168 
-12.393678 -3.919998 -8.312413 
-11.488492 -3.530562 -8.482640 
-11.263626 -4.468434 -8.218384 
-10.462597 -5.065253 -8.171902 
-10.147584 -4.144375 -7.942225 
-9.923438 -3.180561 -7.797929 
-9.017193 -3.601012 -7.841985 
-8.075583 -3.936900 -7.818566 
-7.377476 -3.225083 -7.741347 
-6.791395 -3.608147 -8.455330 
-6.943820 -4.293230 -9.167670 
-6.290412 -4.291826 -9.924675 
-5.585019 -4.993355 -10.026057 
-4.719270 -5.237014 -9.588898 
-4.993998 -5.661766 -8.726279 
-4.531743 -6.446358 -9.139481 
-4.742656 -7.407617 -8.962011 
-3.795209 -7.597223 -9.219684 
-3.560128 -8.331072 -9.857023 
-3.656068 -8.747632 -10.761055 
-4.256907 -8.614224 -11.549214 
-4.101860 -9.553617 -11.854994 
-3.239010 -9.362574 -12.322961 
-2.335903 -9.392481 -12.751334 
-1.881146 -8.509446 -12.867282 
-2.774823 -8.158079 -12.588209 
-2.359730 -8.323939 -11.693676 
-1.477352 -8.131614 -11.264236 
-0.497270 -8.327004 -11.228706 
-1.076037 -8.672822 -10.490168 
-1.240249 -9.617840 -10.207368 
-0.807775 -9.902249 -11.062984 
-0.948367 -10.830122 -11.408361 
0.040061 -10.976359 -11.368038 
-0.172012 -11.761593 -10.786288 
0.456834 -11.494725 -10.055991 
-0.078968 -10.951935 -9.409234 
-0.820146 -10.479143 -8.932659 
-1.721431 -10.098943 -8.724975 
-1.421746 -9.190682 -8.432998 
-1.810851 -8.806147 -7.595902 
-2.800498 -8.924572 -7.514819 
-2.678153 -9.828848 -7.105775 
-2.012393 -9.505411 -6.433353 
-2.378260 -9.880997 -5.581839 
-2.072020 -10.702460 -5.100782 
30.553844 -3.447012 12.831052 
29.718242 -3.880205 13.168862 
28.950599 -3.380513 13.570149 
28.262253 -3.331226 12.846443 
27.312964 -3.473810 13.126657 
26.855504 -3.586647 14.008699 
26.237032 -2.915197 13.600473 
25.517112 -3.256614 14.204749 
25.704970 -4.198240 13.925374 
24.839868 -3.882638 13.535511 
25.176363 -4.751598 13.172633 
24.379873 -4.909413 13.756327 
23.946394 -5.725807 13.374755 
23.928657 -5.780951 14.373076 
23.882498 -5.128428 15.129437 
24.752715 -4.793880 14.767774 
25.483992 -5.434905 14.534708 
25.187242 -6.389432 14.563299 
26.020018 -6.872135 14.834375 
26.835590 -7.167196 15.332152 
26.780176 -6.522549 16.094622 
27.606463 -6.809819 16.579106 
28.109933 -6.301842 17.278018 
27.365124 -6.426790 17.933493 
26.692529 -5.689524 17.869808 
26.991965 -5.997323 16.966704 
26.723381 -5.353879 16.249876 
27.673443 -5.216711 15.969575 
27.949966 -5.353308 16.920824 
27.748939 -4.595118 17.541096 
27.298967 -3.888654 16.994805 
28.005520 -3.474567 16.420946 
28.366305 -4.173056 15.802928 
28.779331 -4.666062 15.037190 
28.912115 -5.614768 15.324114 
28.429698 -5.991934 16.114696 
29.044510 -5.353995 16.578421 
30.016644 -5.542175 16.718225 
30.010343 -6.348895 17.309124 
30.736757 -6.793537 17.833163 
30.940855 -5.970208 18.362761 
31.515997 -5.554563 17.658167 
31.846169 -4.967593 18.397392 
32.815211 -4.724622 18.353560 
32.802257 -4.909559 17.370895 
33.064521 -5.650903 17.988655 
33.802261 -5.133303 18.422050 
34.069947 -5.097161 19.384878 
34.869453 -5.006446 18.791110 
34.819209 -6.005034 18.808348 
34.850065 -5.807676 17.828502 
34.088253 -5.281868 17.450127 
34.261420 -4.381260 17.848772 
35.089429 -3.980062 18.240487 
35.584409 -4.136507 19.095192 
35.068846 -4.663037 19.771181 
34.821593 -4.447981 20.715965 
33.918060 -4.055167 20.544716 
33.204803 -3.622721 21.096309 
34.023520 -3.775893 21.649699 
34.834141 -4.284220 21.940383 
35.798336 -4.446324 22.150266 
35.548088 -5.337853 22.527825 
34.893568 -5.189719 23.269216 
34.967739 -4.960642 24.239794 
35.776401 -4.890220 23.655750 
36.217250 -4.974475 24.549368 
36.566311 -5.773812 24.060271 
37.465908 -5.810260 23.625073 
38.417236 -6.113599 23.679480 
39.224866 -5.593836 23.958013 
39.792742 -6.404605 24.100036 
40.786106 -6.469248 24.195168 
40.608446 -5.554734 23.831713 
40.523157 -4.863940 23.113708 
39.983129 -4.266048 23.706072 
39.376640 -4.482122 22.940904 
38.389893 -4.627964 22.869769 
38.286773 -5.033461 21.961507 
37.484015 -4.503588 21.687986 
37.973953 -4.297215 20.841008 
37.501459 -3.909929 20.049327 
45.210044 11.364288 62.211852 
44.285586 11.734706 62.121477 
44.712219 12.256923 62.859903 
45.690472 12.119562 63.015315 
46.657269 12.112770 63.270768 
46.892999 12.122717 62.299000 
47.085431 11.217014 61.921282 
47.723960 10.580741 61.488341 
47.421753 9.675849 61.188605 
48.089174 9.626051 61.931619 
49.041897 9.927879 61.896701 
49.472551 9.771791 61.007784 
50.235630 10.101608 61.563601 
50.170335 11.011920 61.154861 
51.109789 10.797700 61.422322 
51.393503 11.699479 61.748361 
51.012590 11.697741 62.672970 
50.919063 11.656603 63.667736 
51.782971 11.414504 64.109382 
52.129081 12.277732 64.476866 
51.858575 12.666445 65.357621 
52.281456 12.357058 66.209355 
51.920639 11.544951 65.750777 
52.737783 11.037156 65.477975 
52.308263 10.332086 66.042235 
52.387875 9.584832 65.382482 
51.967759 9.527104 64.476850 
51.945529 8.532143 64.574620 
52.030980 7.648717 65.035332 
52.057757 7.246302 65.950398 
51.185432 6.899022 66.294559 
50.215723 7.002634 66.515756 
50.409554 6.211423 67.095768 
50.234383 5.467042 66.451399 
50.485612 4.854568 67.200905 
49.807159 5.011428 67.918608 
49.305973 4.696857 67.112471 
48.540693 4.127573 66.812034 
48.401779 4.087663 67.801534 
48.997021 3.296933 67.944476 
49.789786 3.387065 67.341649 
50.752986 3.300290 67.596041 
51.511588 3.868868 67.277855 
51.784330 2.964339 66.950075 
52.227509 3.425014 66.181069 
52.791987 3.232828 65.378306 
53.158764 2.889755 66.243046 
54.034432 2.711191 65.794360 
53.654081 2.246656 64.994647 
53.823213 2.223206 64.009333 
54.190964 1.965564 63.115812 
54.869127 1.829685 62.393571 
54.124425 2.110601 61.788175 
53.270177 2.345360 61.324334 
53.096696 1.397283 61.057771 
53.191336 1.732522 60.120403 
53.812764 1.686310 59.338296 
54.261122 1.692412 58.444463 
54.258708 2.689173 58.524845 
53.264859 2.696656 58.414358 
53.779316 2.879099 57.576475 
54.447083 2.531030 56.918496 
53.877552 3.213467 56.460334 
53.495247 3.277627 55.538528 
53.999752 4.133184 55.654711 
53.169161 4.689914 55.641634 
53.996916 5.225150 55.473277 
54.356460 4.922843 56.356079 
54.996688 4.390963 56.910345 
55.193981 3.473957 57.257011 
55.020950 3.441889 58.241405 
55.693217 4.158749 58.426253 
54.958638 4.000237 59.086001 
55.242914 3.043564 59.148966 
56.078246 2.495389 59.107434 
56.547577 1.621478 58.980909 
56.873667 1.447333 59.910070 
56.520861 0.515830 59.821586 
56.250737 -0.439738 59.939580 
55.268146 -0.273785 59.856061 
-8.425956 25.708788 70.586852 
-8.435839 26.676522 70.335072 
-9.006813 26.034175 69.823819 
-8.810624 26.777944 69.184822 
-8.694404 26.786755 68.191637 
-7.731080 26.534986 68.284475 
-7.664383 26.561440 69.281897 
-7.831477 27.491232 68.953923 
-6.964263 27.046273 68.730426 
-6.651219 26.137203 68.455478 
-7.034247 25.214783 68.406185 
-7.476454 24.334160 68.576351 
-7.609819 23.575160 67.939066 
-8.247918 24.140839 67.416729 
-8.702398 25.030034 67.469452 
-9.683929 25.165936 67.334812 
-10.083754 24.270261 67.140118 
-10.032893 23.290265 67.332525 
-10.913693 23.694164 67.579622 
-11.337379 24.402871 68.143736 
-12.134031 23.857472 68.404287 
-12.638415 23.037121 68.673766 
-13.265769 22.381541 68.253477 
-13.663827 21.544994 68.629958 
-14.460573 21.695437 69.215247 
-14.470035 22.591511 68.771444 
-15.304366 22.685212 68.228202 
-15.125769 23.087106 67.330101 
-14.644840 23.703114 67.953993 
-13.986619 24.086937 68.601624 
-13.807249 23.799875 69.542592 
-13.364494 24.684126 69.691146 
-12.997228 23.889920 70.175246 
-12.782949 24.198119 71.102121 
-12.947508 25.151679 71.354399 
-12.045224 25.572591 71.261030 
-11.910930 26.330247 71.899718 
-11.279307 25.722168 72.380646 
-10.498768 25.099062 72.330656 
-10.157203 25.967064 71.970232 
-10.849035 26.674956 72.112562 
-11.081503 27.244988 72.900612 
-11.671416 27.880904 72.403005 
-11.739346 27.968337 73.396856 
-10.907340 28.490471 73.584318 
-10.225258 29.221105 73.553676 
-9.993501 28.570544 74.276904 
-9.894139 27.590847 74.451033 
-10.326595 26.751709 74.121141 
-10.198141 26.439298 73.179919 
-9.216747 26.555329 73.332899 
-9.364140 26.648528 72.348222 
-9.409586 25.744681 72.773657 
-9.077376 25.013151 73.369056 
-8.794350 24.077512 73.579951 
-9.419324 23.334701 73.820034 
-10.109522 22.620653 73.937345 
-10.217692 22.202949 73.035224 
-9.703454 21.461426 72.604292 
-9.895349 20.864747 71.825094 
-9.715748 19.955033 71.450710 
-8.991010 19.546197 72.005334 
-8.242235 18.901882 72.160880 
-8.330988 18.432870 71.282159 
-7.498714 18.896366 70.978033 
-6.615194 19.216337 70.635964 
-7.094084 19.841119 71.252659 
-7.967390 19.770050 71.734620 
-7.776132 19.837267 72.713855 
-7.547859 19.599382 73.657943 
-6.692705 20.016567 73.965626 
-6.093405 20.744796 73.633178 
-5.911503 20.749433 74.616484 
-4.921336 20.757158 74.476803 
-4.241840 21.230486 75.037380 
-4.232304 20.579739 75.796614 
-4.153708 21.336338 76.445752 
-4.132025 21.584154 77.414317 
24.432344 -27.498412 55.682852 
25.131287 -27.983738 55.157556 
25.151552 -28.879133 55.602369 
24.868116 -29.607820 56.225809 
24.032945 -29.364703 55.732469 
23.414430 -28.628160 55.458712 
23.200200 -28.322948 56.386586 
22.838234 -27.653889 57.035695 
23.076040 -27.052894 57.798749 
23.520111 -26.347014 57.246903 
24.216895 -26.206203 57.950227 
24.753817 -25.432391 58.286278 
25.429426 -25.056850 58.920723 
26.366493 -25.355629 58.740064 
26.209846 -24.764053 57.949179 
27.168271 -25.032640 57.852830 
26.991049 -24.048530 57.841881 
27.091898 -23.409423 58.604358 
28.067019 -23.205261 58.518000 
27.967134 -22.223264 58.678324 
28.196325 -22.210064 57.705032 
27.280436 -21.847764 57.532161 
27.916224 -21.122151 57.795333 
27.058684 -21.168206 58.307685 
27.180539 -21.070549 59.295417 
26.421871 -21.647801 58.993419 
26.058145 -21.956513 58.114556 
26.182758 -22.920351 57.879000 
25.921729 -22.675649 58.812801 
25.165602 -23.153016 58.365149 
24.520539 -23.799501 58.772521 
23.991593 -23.616528 59.601216 
24.861973 -23.803029 60.056908 
24.344973 -24.480230 60.580463 
23.771338 -24.890528 61.289405 
23.795282 -25.583056 62.010398 
23.932727 -26.456367 62.477771 
24.145292 -25.927432 63.299381 
23.899395 -24.964384 63.409256 
23.069534 -25.106679 63.948777 
22.994207 -26.021724 63.552520 
23.348464 -25.923322 64.482476 
23.096035 -25.982381 65.448288 
22.783027 -25.180829 65.957739 
23.150238 -24.966280 65.052684 
22.952349 -24.097832 64.598109 
22.937900 -23.688682 65.510462 
23.880131 -23.354207 65.528549 
24.060268 -23.977666 64.767727 
24.695788 -24.731825 64.602324 
24.967549 -24.571604 63.653390 
25.611874 -23.807536 63.621061 
25.855395 -24.490474 64.309750 
26.427574 -24.462659 63.490093 
27.251808 -24.968418 63.235443 
27.987801 -25.644754 63.205735 
27.897677 -26.086493 62.313130 
28.637919 -25.684190 61.774434 
29.624550 -25.682818 61.611469 
29.561444 -24.903619 60.987877 
29.575510 -25.766611 60.482856 
28.794357 -26.333082 60.220347 
28.691310 -26.663685 61.158475 
27.733498 -26.918867 61.290686 
27.418051 -27.472835 62.061149 
27.990798 -28.291837 62.026576 
27.573737 -28.132607 61.131755 
27.192770 -29.032378 60.918972 
26.682512 -29.395391 60.139319 
27.614968 -29.212843 59.827547 
27.387889 -30.144224 60.112091 
27.821195 -30.732268 59.429120 
27.245870 -31.545748 59.514281 
28.011065 -31.416668 60.145006 
27.909784 -32.396450 60.317547 
27.883823 -33.188438 59.707563 
56.897944 -43.151512 -36.848748 
57.330796 -42.706212 -37.632550 
57.667510 -42.192433 -38.421635 
58.245373 -42.956380 -38.708791 
59.198059 -42.752568 -38.483291 
59.023241 -42.154114 -39.265143 
59.052634 -42.841587 -39.990759 
59.498837 -43.736312 -40.009945 
58.704774 -44.149405 -40.455835 
58.110447 -43.608697 -41.051159 
57.438483 -44.182642 -40.583130 
58.014622 -44.997088 -40.651984 
58.420072 -44.973315 -41.565792 
58.165905 -45.534902 -42.353206 
58.485774 -44.772162 -42.915267 
59.401609 -45.069268 -42.645128 
59.294783 -45.758203 -41.928221 
59.539100 -45.654091 -40.964131 
60.104810 -46.097549 -40.268920 
60.952335 -46.129201 -39.739109 
61.184753 -46.584958 -38.879885 
60.901222 -47.540198 -38.795472 
61.469279 -48.261248 -38.398737 
61.485172 -49.231826 -38.639001 
61.095230 -49.515352 -39.515105 
62.053300 -49.608321 -39.786139 
62.730840 -49.735063 -40.510622 
63.481581 -49.396824 -39.943187 
63.580810 -50.197187 -39.351941 
64.239907 -50.651363 -38.752512 
64.101401 -51.623551 -38.941367 
63.461801 -52.328156 -38.634049 
63.257126 -52.095031 -39.584712 
63.883084 -52.853419 -39.402990 
63.096917 -53.406963 -39.128163 
62.647571 -53.164075 -39.987869 
61.747590 -53.472381 -40.296059 
61.112155 -54.239618 -40.383061 
60.320659 -54.790245 -40.648285 
59.506140 -54.372524 -40.245709 
59.287362 -55.345645 -40.173783 
58.671777 -55.830055 -39.552171 
59.023871 -56.606149 -39.029001 
58.831240 -56.283782 -38.102194 
58.266408 -55.697391 -37.521581 
58.093253 -54.794360 -37.914713 
57.212249 -55.155967 -37.609637 
56.702666 -56.015603 -37.572872 
56.492171 -56.991162 -37.635932 
56.991748 -57.837983 -37.818460 
57.605679 -58.580843 -37.551538 
57.266509 -58.094655 -36.746191 
57.130872 -58.999844 -36.343406 
56.260137 -58.749684 -36.766775 
55.481717 -59.180100 -36.309823 
55.842820 -58.321028 -35.947055 
55.593346 -57.683444 -35.218187 
54.594392 -57.670233 -35.174413 
53.896909 -57.945945 -35.835850 
52.993973 -58.352171 -35.695535 
52.953296 -59.141935 -35.083474 
52.221262 -59.214956 -34.406131 
52.649952 -60.112761 -34.305281 
53.087463 -59.889929 -33.434115 
52.258461 -60.278429 -33.031844 
51.974957 -59.532804 -32.428794 
51.045380 -59.826708 -32.206290 
50.705839 -58.887665 -32.260227 
28.768444 -40.260412 14.032352 
28.217223 -39.704201 14.654273 
27.676134 -40.124604 13.925929 
27.401293 -40.260563 14.877758 
26.621313 -40.072669 15.474689 
27.105043 -39.204974 15.589186 
27.923281 -38.740340 15.250656 
28.635625 -38.234231 14.764426 
28.059201 -37.422495 14.858336 
27.183856 -36.939442 14.879114 
26.422974 -36.315331 15.056719 
25.933506 -35.728945 14.411295 
25.608571 -36.068435 13.528592 
25.489456 -35.276327 12.929947 
25.560870 -34.979395 11.977723 
26.230399 -34.970478 11.234991 
26.997841 -35.555972 11.496202 
27.841613 -36.024197 11.758524 
27.154930 -36.214866 12.460030 
27.368988 -36.671752 13.323416 
27.949348 -36.097298 13.900638 
28.946866 -36.158069 13.936195 
29.432936 -35.830046 14.746218 
28.474811 -35.573792 14.874010 
27.597112 -35.917782 15.207651 
26.870804 -35.708903 15.862513 
27.166133 -34.826920 16.229782 
26.997399 -33.846302 16.329371 
27.522509 -33.302310 15.674901 
27.920590 -34.219583 15.686825 
28.666182 -33.605131 15.428868 
29.545047 -33.290866 15.069933 
29.477260 -33.790048 14.206092 
29.382469 -33.674103 13.217370 
29.373272 -32.785351 13.675665 
29.070384 -31.889539 14.000905 
28.410257 -31.952743 13.252415 
28.106369 -32.904791 13.287866 
28.350868 -32.760739 12.328976 
28.450595 -33.734682 12.532665 
28.700531 -33.646365 11.568439 
29.097558 -32.774947 11.280341 
28.744943 -31.926309 11.674644 
29.298680 -31.633365 12.454105 
29.732450 -31.657113 11.553394 
30.056315 -31.559182 10.612373 
30.830085 -32.126824 10.331192 
30.028563 -32.583046 9.944638 
29.711162 -32.983800 9.085189 
30.626440 -32.626970 8.898270 
30.021599 -32.513390 8.110064 
30.891568 -32.059327 7.917757 
31.788948 -32.093930 8.357656 
32.611976 -32.651998 8.463410 
32.874546 -32.914004 9.392071 
33.758774 -32.496372 9.182966 
34.631466 -32.058677 8.966563 
35.117627 -31.946076 9.833148 
35.506368 -32.625301 10.455669 
36.069310 -32.140242 11.124858 
36.022215 -33.117528 11.331486 
36.447115 -33.258714 10.437324 
35.668202 -33.742473 10.038233 
34.867543 -34.307529 10.237369 
35.033529 -33.843070 11.107269 
-7.906456 -5.486512 -72.149948 
-8.286309 -4.904254 -71.431138 
-8.752018 -4.694482 -72.290854 
-8.980529 -3.720948 -72.287197 
-9.666610 -3.897411 -72.992996 
-10.521879 -4.190340 -73.420441 
-9.963886 -4.651994 -74.110021 
-10.363627 -4.597981 -75.025056 
-9.471918 -5.047694 -75.076171 
-9.952367 -5.581705 -75.771872 
-10.773339 -5.743001 -76.319584 
-10.851727 -5.816640 -75.325385 
-11.264331 -5.257867 -74.605988 
-12.129901 -5.076080 -74.139361 
-12.222169 -5.822041 -74.798928 
-11.833490 -6.230606 -75.624762 
-11.429211 -6.535135 -76.487213 
-12.206337 -6.408181 -77.103621 
-12.851663 -7.103331 -76.786889 
-12.956217 -7.953673 -77.302629 
-12.079402 -8.240919 -77.688227 
-11.402641 -7.994485 -76.994495 
-12.160080 -8.146822 -76.359610 
-11.588482 -7.922285 -75.570395 
-11.595695 -8.918911 -75.488635 
-11.282089 -9.850404 -75.672949 
-10.526242 -10.044538 -75.047644 
-9.722925 -9.636690 -75.481627 
-10.342531 -9.066877 -76.021443 
-10.242171 -8.124763 -75.701521 
-9.341136 -8.462204 -75.428997 
-8.983781 -7.610937 -75.813238 
-9.593852 -6.918218 -76.197886 
-9.616504 -6.026818 -76.650537 
-9.627287 -5.289435 -77.325925 
-8.754144 -5.597592 -76.948222 
-8.095867 -5.204156 -77.589999 
-8.383633 -6.046849 -78.045036 
-9.013411 -6.820317 -77.973419 
-9.635271 -7.603339 -77.986300 
-10.114860 -7.759078 -77.122738 
-9.131640 -7.852933 -76.966310 
-8.864712 -8.751843 -76.618875 
-8.823185 -9.600337 -77.146448 
-7.945014 -9.141940 -77.009743 
-7.979308 -8.147063 -77.104842 
-7.181368 -7.590581 -77.336399 
-6.545686 -8.282794 -77.678087 
-6.274162 -9.154792 -78.085388 
-5.791373 -9.866348 -78.595880 
-5.320956 -9.881744 -77.713570 
-6.020080 -9.491725 -77.114311 
-6.849724 -8.973265 -76.907211 
-6.808341 -8.999710 -75.908418 
-6.349164 -9.878656 -75.779534 
-5.877653 -10.599699 -75.271819 
-4.961208 -10.203320 -75.216929 
-5.553624 -9.761186 -74.543460 
-5.355386 -8.952183 -73.990093 
-6.225574 -9.184495 -73.555578 
-6.970013 -9.047885 -72.902013 
-7.183993 -9.581132 -73.720462 
-6.972003 -9.291291 -74.653764 
-7.342932 -8.363925 -74.604729 
-6.996710 -7.590404 -75.135574 
-6.676734 -7.175652 -74.283755 
-7.056686 -6.335962 -74.671772 
-7.868491 -5.928734 -74.253278 
-8.547296 -5.275966 -73.916946 
14.492044 9.025188 -29.974448 
15.468427 8.844675 -29.855745 
15.857191 9.757592 -29.731470 
16.080755 9.046513 -29.064848 
16.894978 9.150517 -28.493688 
17.278980 9.665622 -27.727392 
16.913645 9.051677 -27.027677 
16.119086 9.638081 -26.870176 
15.468545 8.879130 -26.898272 
14.604454 9.004456 -26.410788 
14.188623 8.100592 -26.310219 
13.312698 7.821577 -25.916637 
12.750661 7.965594 -25.102160 
12.428156 7.311907 -25.786765 
12.744065 7.287268 -26.735235 
11.969620 6.690314 -26.525756 
11.485587 7.523000 -26.256784 
10.677395 7.216788 -26.759834 
10.329496 6.443856 -27.290439 
9.859948 6.372969 -28.170496 
9.750979 7.354687 -28.326564 
10.279609 7.505082 -29.161987 
10.946166 6.787945 -28.958475 
11.401324 6.034105 -28.484603 
11.690240 5.082388 -28.380859 
10.898668 4.538926 -28.660259 
10.307731 3.735870 -28.737027 
9.601523 4.247809 -29.226096 
9.209193 3.650472 -29.925571 
9.300766 4.567385 -30.314011 
10.084280 4.735749 -30.912140 
10.377111 4.656301 -31.864998 
10.985202 5.106256 -31.210959 
11.249718 4.562680 -30.414369 
12.225767 4.488875 -30.619021 
12.749355 4.462438 -29.767460 
12.082694 5.192319 -29.918581 
12.903354 5.518366 -29.449316 
12.996014 6.291741 -30.076457 
12.502957 6.622943 -29.271969 
11.747498 6.894730 -29.868134 
11.750434 6.747638 -30.857253 
11.040456 6.589613 -31.543517 
10.506334 7.099041 -32.218200 
10.639215 6.165144 -32.550133 
10.953962 6.310043 -33.488184 
11.471043 7.066433 -33.888809 
11.863040 6.334407 -34.446013 
11.981268 7.141073 -35.025076 
12.580395 7.770548 -34.530296 
12.738755 6.891420 -34.080790 
12.608965 6.893635 -33.089251 
13.320259 6.192148 -33.133713 
13.842191 5.521203 -33.660418 
13.877599 6.489070 -33.909376 
14.609839 7.110891 -34.187160 
14.010879 7.911669 -34.188321 
14.813382 8.309214 -33.743410 
15.748882 8.091024 -33.465499 
16.222786 7.595039 -32.737892 
16.829672 8.136289 -33.319904 
16.343504 8.991811 -33.498012 
16.219534 9.782566 -34.097460 
16.214747 10.587934 -34.690215 
-31.290036 56.003788 0.708552 
-32.223410 56.359731 0.662528 
-31.783075 56.748181 -0.146923 
-31.413606 57.604173 0.214698 
-30.733068 56.912848 0.457470 
-30.263203 56.859837 1.338614 
-31.243224 57.057469 1.360989 
-31.848597 57.841920 1.226229 
-31.113450 58.277350 1.745805 
-31.265684 58.754479 0.880257 
-30.271350 58.663662 0.825001 
-29.357289 58.337955 0.583324 
-28.777767 57.804505 1.199428 
-28.360692 57.904825 0.296110 
-28.226259 56.920137 0.407090 
-27.749068 57.107934 -0.451409 
-27.126237 56.336557 -0.320799 
-26.883101 56.163002 -1.275138 
-26.659078 56.530294 -2.177861 
-27.082420 57.343154 -1.777812 
-26.767402 57.406509 -0.830843 
-26.231067 57.214324 -0.009010 
-26.190900 56.494646 0.684135 
-25.874936 55.558560 0.838763 
-25.206337 55.547641 0.095220 
-25.522462 55.563115 -0.853371 
-26.269029 55.342831 -1.481156 
-26.442041 54.362132 -1.390078 
-27.170705 53.677694 -1.365704 
-27.194778 54.284195 -0.570986 
-26.606676 53.975472 0.176561 
-25.986601 53.572564 -0.496620 
-25.274805 53.655753 -1.194063 
-25.957791 53.014328 -1.543500 
-26.429034 53.411607 -2.330964 
-26.664299 53.870186 -3.187909 
-25.830551 54.417617 -3.115908 
-24.932648 53.978634 -3.083295 
-23.965696 54.022842 -2.832199 
-23.054936 53.985053 -2.420994 
-22.764971 53.147963 -1.957097 
-22.205441 53.587402 -1.254374 
-21.247884 53.480537 -0.986673 
-20.987570 54.151180 -0.292069 
-20.238786 54.604834 0.191172 
-19.397543 54.405397 0.693701 
-19.813566 53.624815 1.160195 
-18.930006 53.171459 1.277620 
-18.282946 52.499270 1.637448 
-17.844189 51.946608 2.346008 
-17.228762 51.409172 2.922559 
-16.712645 51.906413 3.619965 
-15.745883 52.088622 3.799326 
-16.075445 51.831314 4.707721 
-15.737992 50.963240 5.071825 
-16.472009 50.879698 5.745799 
-16.387925 50.180323 5.036008 
-15.668872 49.827638 4.437195 
-14.983106 49.596294 5.127272 
-15.258417 49.492463 6.083003 
-14.360810 49.084209 6.249226 
-13.484736 49.089849 6.731369 
-12.499836 49.258726 6.769491 
-5.763456 35.789188 -30.171748 
-5.177341 36.069509 -30.931938 
-5.911819 35.736148 -31.523050 
-5.177102 35.058049 -31.542357 
-4.783215 35.253961 -32.440394 
-4.607924 36.013105 -31.813519 
-3.824617 36.260735 -32.383703 
-3.295405 36.257198 -33.232185 
-3.379057 36.808141 -34.062525 
-2.636995 37.198290 -33.517432 
-3.054742 37.937346 -32.988959 
-3.107106 38.922679 -32.826553 
-3.062747 38.754966 -31.841716 
-2.262272 39.177179 -31.416303 
-1.807891 39.339254 -30.540364 
-1.131233 39.147189 -31.251170 
-0.437200 38.699573 -30.687292 
0.127916 39.161218 -31.371052 
0.970522 39.399831 -31.853835 
0.554732 38.973038 -32.656933 
1.189761 38.296016 -32.284939 
1.952628 37.733215 -32.603197 
2.128159 37.714218 -33.587488 
3.044773 37.932285 -33.252429 
3.883669 38.042962 -32.719508 
4.761350 37.613475 -32.506863 
5.488827 37.516124 -33.186053 
5.891597 36.760422 -32.669630 
5.787175 35.899654 -32.171459 
5.479274 35.898646 -33.122877 
4.632978 36.200305 -33.561950 
4.352631 36.527589 -32.659570 
3.448305 36.191131 -32.396910 
3.467631 36.149685 -33.395864 
3.609082 37.071824 -33.755936 
2.883884 36.541955 -34.195626 
1.914045 36.652536 -34.412844 
0.990171 37.034737 -34.393344 
1.322881 37.500723 -35.213198 
1.155993 38.394639 -34.797190 
0.416244 39.014193 -35.059725 
0.566208 38.542991 -35.928908 
-0.103097 38.162739 -35.290598 
-0.231585 37.449443 -34.601614 
-0.607054 36.541812 -34.789312 
-1.285760 36.557918 -34.055078 
-1.828472 36.061848 -33.377303 
-2.348547 35.748250 -32.582836 
-1.872216 35.634343 -31.710979 
-0.877951 35.573287 -31.623179 
-0.627455 36.086874 -32.443838 
-0.437627 36.819940 -31.790708 
-0.127155 37.563626 -31.198644 
-1.121134 37.457672 -31.226546 
-1.469478 38.110630 -30.554011 
-1.890293 37.226325 -30.351722 
-2.024573 36.458742 -30.978448 
-2.461684 35.932964 -30.248728 
-1.851406 35.996797 -29.459117 
-1.955471 35.125845 -28.978895 
-1.888152 34.831165 -29.932117 
-1.309757 34.745370 -30.743350 
-2.200313 34.311575 -30.880214 
-8.694056 -60.416412 -34.563948 
-8.247952 -61.233720 -34.199256 
-7.696845 -61.895851 -34.707057 
-7.318384 -62.530190 -34.032979 
-6.628231 -62.226527 -34.689848 
-6.366936 -62.179744 -35.653973 
-6.830215 -63.020036 -35.372402 
-7.647355 -63.320126 -35.864567 
-7.750121 -64.309903 -35.765662 
-7.078410 -64.780503 -36.337798 
-7.891491 -64.903256 -36.906860 
-8.495233 -65.073731 -37.685599 
-9.136693 -65.373464 -36.979420 
-9.034950 -65.951792 -37.788856 
-9.838995 -66.516072 -37.601507 
-9.465704 -67.040710 -38.366627 
-10.002241 -67.661079 -38.938703 
-10.716579 -66.969097 -39.043016 
-11.172783 -67.856391 -38.975277 
-12.123736 -67.791999 -38.672718 
-11.636976 -66.919787 -38.624628 
-12.441819 -66.430106 -38.959951 
-11.909629 -65.831909 -38.360840 
-12.321373 -64.920614 -38.363769 
-11.737643 -64.507268 -39.062628 
-11.988905 -63.555228 -38.888023 
-11.595714 -62.695625 -38.561702 
-11.261711 -61.893476 -39.056676 
-10.654746 -62.209633 -38.327540 
-10.135726 -62.311512 -37.478871 
-10.504735 -62.351066 -36.550287 
-10.081154 -63.134806 -36.096051 
-11.081007 -63.124887 -36.110086 
-10.908864 -64.093665 -35.931656 
-11.329448 -64.982577 -35.750150 
-10.734281 -65.511445 -35.145109 
-10.777103 -64.523830 -34.994165 
-11.676747 -64.753397 -34.622761 
-12.390960 -64.317699 -34.074979 
-12.177274 -63.376796 -34.337732 
-13.040749 -63.106348 -33.911974 
-13.358238 -62.200117 -33.632786 
-12.682719 -62.209086 -34.370074 
-12.376392 -61.337394 -34.752589 
-13.331602 -61.207100 -34.486888 
-14.165373 -61.673159 -34.190891 
-14.869934 -62.378010 -34.108564 
-14.328396 -62.729089 -33.344706 
-14.858217 -63.517409 -33.031908 
-14.586514 -62.902792 -32.291351 
-13.637161 -63.092095 -32.542137 
-12.798439 -63.582652 -32.305709 
-12.267064 -64.408798 -32.118294 
-12.592159 -65.212202 -31.619440 
-13.295437 -65.726241 -32.110525 
-12.536494 -66.354873 -31.940739 
-13.090859 -67.125882 -31.627332 
-12.460165 -66.830518 -30.909707 
-13.226102 -66.872695 -30.268176 
-12.942616 -66.960447 -29.313223 
-12.731712 -67.322667 -28.405304 
-11.919156 -67.717354 -28.834226 
-11.447436 -66.872925 -28.580417 
-11.491340 -65.894157 -28.780630 
-12.095464 -65.103623 -28.881084 
-11.992063 -64.317385 -29.490295 
-56.249356 38.211188 28.590652 
-56.735736 38.895789 28.047738 
-57.196342 38.087342 27.681328 
-56.669787 38.448734 26.911824 
-56.999347 39.345837 26.617554 
-56.968085 38.921311 25.712678 
-57.860622 39.354161 25.586112 
-58.269911 39.079976 26.456344 
-58.163822 38.556022 27.301458 
-59.079838 38.860114 27.563074 
-58.563265 39.655514 27.246071 
-57.793846 40.259796 27.039097 
-58.175146 40.871067 26.345586 
-57.485522 41.226830 26.976340 
-56.901956 42.013639 27.177296 
-56.298738 42.793276 27.009086 
-55.926245 42.951518 26.094641 
-56.187300 42.162024 25.539169 
-55.340570 42.373943 25.051173 
-55.263325 42.049561 24.108406 
-55.552436 43.006577 24.131544 
-54.749108 43.585059 24.273043 
-54.343974 42.751201 24.647940 
-53.552476 42.707990 25.257583 
-53.922050 43.425416 25.848103 
-53.762529 42.530277 26.264371 
-54.653056 42.123256 26.467581 
-54.201255 41.577860 27.173570 
-54.140145 41.741732 28.158157 
-54.023052 42.463334 28.840490 
-53.070324 42.417157 29.140783 
-53.439467 41.487879 29.127461 
-53.766430 40.941972 29.898875 
-53.757790 41.515324 30.718139 
-53.753210 40.602553 31.126584 
-53.205899 41.062310 31.825923 
-52.396752 41.252719 31.270023 
-51.919548 40.413468 31.530664 
-51.948821 39.686519 30.844597 
-51.722723 38.814672 31.279066 
-52.588250 38.376813 31.522256 
-52.937506 38.048729 30.644542 
-51.988152 37.869896 30.386193 
-51.230947 37.954617 29.738533 
-51.034437 37.424423 28.913744 
-51.463607 36.853670 29.613782 
-52.328889 37.345482 29.516785 
-52.573456 36.547363 30.067415 
-53.402090 36.700684 30.605800 
-53.727041 36.006640 29.963375 
-54.409299 35.277462 29.910242 
-54.759431 35.324602 30.845755 
-53.892770 34.826528 30.874408 
-54.606755 34.183528 31.151493 
-55.422674 34.598777 31.553792 
14.888844 51.296788 25.306452 
14.665937 50.871066 26.183421 
14.107949 50.360935 26.837956 
14.259507 49.373465 26.881919 
14.610572 48.767176 26.168360 
14.415147 49.062577 25.233188 
14.177482 49.148977 24.265691 
14.049418 49.263456 23.280554 
14.638528 49.925739 22.817595 
15.300467 50.344336 22.195813 
14.396208 50.367979 21.769486 
13.695076 49.664099 21.883363 
12.964602 49.333270 21.285901 
12.017143 49.515307 21.022875 
12.137060 50.471019 21.291642 
12.670771 50.006219 21.998123 
12.363385 50.856168 22.426025 
12.384821 50.170731 23.153841 
12.209190 51.080789 23.529271 
12.699129 51.657944 24.182610 
13.048698 51.594342 25.117360 
12.823467 52.281978 25.807597 
12.806356 53.276292 25.912703 
13.362034 54.102904 26.001781 
13.344185 54.437170 25.059472 
14.123232 53.815067 24.981540 
14.480774 54.139935 25.857111 
15.161862 54.641436 25.323616 
14.350804 55.210363 25.187575 
13.509393 55.510629 24.738277 
12.909244 55.690227 23.958812 
12.353433 55.137613 24.579853 
11.444479 55.015916 24.978591 
11.670067 55.560852 25.786152 
12.615439 55.372335 26.052110 
12.339977 55.721519 26.947761 
11.499089 55.186775 27.031162 
11.520427 55.566650 27.955954 
12.162623 55.627809 28.720050 
12.685063 55.364380 29.531014 
13.280761 55.516414 30.319703 
13.615328 55.684955 31.246881 
14.424196 55.520878 30.682246 
14.463476 54.855407 31.427635 
14.969531 54.000822 31.544228 
15.369894 53.635789 32.384740 
15.300208 54.632620 32.423109 
16.071630 54.964227 32.966197 
15.342180 54.494468 33.463417 
16.250775 54.170093 33.726545 
16.365775 53.208962 33.977548 
16.831241 52.625396 34.642974 
34.212844 26.886988 19.898252 
34.283658 27.807820 19.514777 
34.012532 28.278914 18.675396 
34.449416 27.859708 17.879532 
34.547195 28.361425 17.020044 
33.707514 28.650478 17.479809 
34.001737 29.146742 16.663014 
33.438157 28.713292 15.959808 
32.455321 28.538768 16.019596 
31.853864 27.882249 16.474823 
31.056313 27.308873 16.287334 
30.612391 26.678803 16.924473 
30.626044 26.699518 17.924165 
30.590975 27.396279 18.640612 
29.637770 27.236744 18.383806 
29.067442 27.912507 18.850785 
28.533713 27.602596 18.063963 
28.653561 28.071770 17.189028 
29.446518 28.634710 16.955966 
30.253535 28.099382 17.205262 
30.929444 28.624648 16.688306 
30.546312 29.065008 17.500275 
30.078119 29.901360 17.215125 
30.101032 29.861982 16.216163 
30.962103 30.368979 16.255030 
31.115695 31.184279 16.813327 
31.671263 31.933034 17.174868 
32.568077 32.211767 16.831310 
32.658019 33.157138 17.144653 
33.647807 33.111448 17.009622 
34.081833 32.230106 16.822922 
34.924082 32.450252 17.315012 
35.922597 32.423107 17.267792 
35.484348 32.813558 16.458172 
35.954567 33.537054 15.952754 
35.793648 34.334669 16.534059 
36.391523 34.801788 15.882642 
35.855200 34.525579 15.085104 
36.802376 34.325448 14.834494 
36.712415 33.669849 14.084763 
37.164134 32.976006 13.523931 
37.897533 33.344310 12.952548 
38.753210 33.855725 12.873358 
39.694833 33.613483 13.107167 
39.957312 33.157317 13.957471 
40.683144 32.477775 13.850752 
40.097909 32.194369 13.091028 
40.143663 31.550910 12.326916 
39.532647 31.042357 12.933574 
39.022950 31.197095 12.087250 
-51.057956 -9.115712 -17.109348 
-50.651564 -8.511768 -16.423712 
-50.424178 -7.726077 -15.848399 
-49.758172 -7.002541 -16.029868 
-49.676712 -6.658141 -15.094585 
-49.780393 -7.615272 -14.824122 
-50.200224 -8.521150 -14.768208 
-49.213224 -8.513036 -14.928721 
-49.273652 -9.470145 -14.645365 
-49.106597 -10.081244 -15.419090 
-49.060892 -9.640736 -16.315675 
-49.322766 -9.356195 -17.237878 
-49.701134 -10.263332 -17.053652 
-48.922246 -10.883617 -16.961020 
-48.217282 -10.777306 -17.662250 
-48.710012 -10.481284 -18.480534 
-49.473784 -10.213378 -19.067796 
-48.916242 -9.392682 -19.192714 
-49.482510 -9.308237 -20.012598 
-50.439061 -9.032738 -20.108044 
-51.225494 -9.497916 -19.701679 
-51.477760 -10.440544 -19.483009 
-51.096924 -9.875202 -18.751331 
-51.498910 -10.334015 -17.958930 
-51.464810 -11.175866 -17.420298 
-50.821013 -11.872271 -17.737387 
-51.459437 -12.425047 -17.201799 
-52.413052 -12.151910 -17.328349 
-52.129484 -11.660918 -16.504628 
-52.025490 -12.183579 -15.658453 
-52.310583 -11.594660 -14.902215 
-51.448312 -12.057472 -14.696559 
-50.481098 -11.812027 -14.761772 
-50.044298 -11.963827 -15.648431 
-49.491697 -11.973524 -14.815041 
-49.003266 -12.136867 -13.957863 
-49.356792 -12.036162 -13.027875 
-49.647865 -11.196459 -13.486323 
-50.228444 -11.573644 -12.764756 
-50.745570 -11.259487 -11.968586 
-50.252891 -10.798207 -11.230692 
-50.993788 -10.329532 -10.749634 
-51.951962 -10.425701 -10.480090 
-52.908989 -10.398967 -10.191327 
-52.936975 -10.548663 -9.202991 
-52.787869 -10.740618 -8.232980 
-53.386147 -9.940256 -8.194454 
-53.275754 -9.602692 -7.259647 
-60.614556 -28.290852 -67.569648 
-61.099570 -28.280802 -68.444097 
-61.818652 -28.917530 -68.165711 
-61.924176 -28.222016 -67.454990 
-62.599555 -28.220923 -68.192460 
-62.540762 -27.380697 -67.653421 
-61.837014 -27.320274 -66.945546 
-61.447039 -27.871673 -66.208065 
-62.366984 -27.946571 -65.823238 
-62.334909 -28.930008 -66.001628 
-62.085175 -29.167483 -65.062885 
-61.595440 -28.808668 -64.268272 
-62.355342 -28.243397 -64.589235 
-61.975664 -28.038878 -63.687007 
-62.763467 -27.529389 -63.340903 
-63.631515 -27.273992 -62.915151 
-64.092893 -28.096301 -63.248227 
-64.286856 -28.897727 -62.682459 
-64.768826 -29.298483 -63.461625 
-65.689463 -29.428081 -63.829908 
-66.164342 -28.759178 -64.401799 
-66.370585 -27.911421 -63.913156 
-67.354244 -27.763955 -64.016452 
-67.145407 -28.732452 -64.152105 
-68.090830 -28.991669 -63.954667 
-68.473743 -29.301430 -64.824970 
-68.021660 -30.070328 -65.277096 
-67.058081 -29.959297 -65.033811 
-66.902499 -29.322118 -65.788660 
-66.936383 -28.325766 -65.866985 
-66.371689 -27.502986 -65.931438 
-66.103793 -27.658874 -64.980686 
-44.597056 35.135788 -41.847948 
-44.478211 36.044630 -41.448096 
-44.574594 36.155511 -40.458947 
-43.947560 35.423293 -40.724812 
-43.773202 34.443856 -40.623307 
-42.780117 34.559977 -40.640538 
-42.272155 35.108255 -39.976185 
-42.162656 35.221097 -38.988624 
-43.115662 34.947252 -39.118188 
-42.596061 34.102202 -38.992070 
-43.054425 33.595554 -39.722282 
-43.831258 33.241428 -39.201584 
-43.102968 32.740813 -38.733633 
-42.619111 32.200677 -39.422207 
-42.611071 32.792515 -40.228224 
-42.953982 31.857516 -40.318719 
-43.332398 31.224060 -39.643786 
-44.089561 31.059781 -39.011555 
-44.994535 30.634349 -39.006159 
-45.462100 29.762808 -39.153806 
-44.630656 29.245155 -38.951979 
-44.801350 28.261006 -38.903863 
-44.499279 27.354265 -39.198095 
-45.248685 26.708504 -39.051864 
-46.017754 26.791731 -39.685588 
-46.865163 27.315216 -39.596918 
-47.552669 27.169602 -40.308348 
-47.986395 26.399754 -39.840143 
-48.082439 27.316919 -39.453381 
-48.185777 28.310359 -39.404410 
-48.753426 27.992917 -38.644802 
-47.839967 27.957671 -38.239402 
-47.863842 28.949694 -38.363176 
-47.612866 29.859149 -38.031659 
-47.751277 30.812609 -37.763784 
-46.764105 30.667425 -37.697356 
-46.951838 30.603125 -36.717243 
-47.944571 30.723426 -36.720143 
-48.489486 31.138706 -35.991714 
-48.557347 31.974317 -36.536828 
-48.867492 32.915726 -36.669337 
-49.218945 32.463057 -35.849843 
-50.141919 32.611924 -35.494937 
-50.763350 33.227457 -35.979645 
-50.047589 33.323988 -36.671286 
-50.449955 34.052293 -37.225970 
-50.857706 34.406816 -36.384511 
-51.405081 34.735158 -35.614724 
-52.266863 34.241174 -35.730096 
-52.797192 34.430685 -34.903756 
-52.903381 33.518580 -35.299722 
-52.468688 32.695394 -35.664971 
-52.316463 33.212991 -36.506946 
-51.394430 33.000230 -36.830346 
-51.450183 33.434490 -37.729407 
-52.444212 33.479592 -37.630055 
-52.627171 34.163432 -36.923734 
-53.479736 34.383630 -36.449766 
-53.733619 35.116025 -37.081542 
-54.534855 35.714181 -37.066375 
-53.946408 36.310572 -37.612312 
-54.446960 37.175742 -37.581849 
-55.360796 36.775500 -37.513216 
-55.813056 36.900875 -38.396246 
-55.179995 37.442134 -38.949665 
-55.231477 37.713315 -39.910816 
-55.208981 36.716227 -39.837948 
-54.530986 37.016765 -40.508768 
-55.462581 37.142833 -40.849704 
-56.371677 36.805418 -40.605378 
-56.311155 35.975146 -41.159441 
-55.605263 35.279668 -41.293705 
-55.529861 34.313818 -41.541591 
-55.214733 33.808249 -42.344769 
-55.772280 33.002702 -42.144185 
-56.250961 32.746887 -41.304290 
-57.204297 32.508188 -41.489150 
-57.822828 31.775835 -41.204408 
-57.797579 32.323151 -40.367863 
-56.853733 32.647789 -40.429225 
-56.499009 32.011984 -39.743717 
-55.745063 32.665327 -39.675103 
-55.197240 33.431123 -39.338285 
-55.018835 34.280847 -38.842158 
-55.209305 35.262497 -38.833046 
-56.151854 35.281131 -39.166594 
-57.145189 35.395834 -39.177980 
-57.649947 34.832653 -39.832232 
-57.161838 34.303455 -39.138186 
-57.631337 34.257788 -38.256435 
