-3.533204 43.782896 -4.400731 
-4.286836 43.159865 -4.191275 
-4.603740 43.951077 -3.668249 
-5.029322 43.890081 -4.571111 
-5.518826 44.350994 -5.311344 
-5.553500 44.646699 -6.265994 
-6.498718 44.523551 -6.568317 
-6.470466 45.513168 -6.427388 
-6.819734 46.133555 -7.129621 
-7.288189 45.458977 -7.700143 
-8.148038 45.307508 -7.212581 
-7.727350 45.584301 -6.348632 
-8.221727 45.227864 -5.555825 
-9.188693 45.017960 -5.700456 
-9.009965 44.034309 -5.678355 
-9.121472 43.306957 -5.001211 
-8.312218 42.779210 -5.259266 
-7.570684 42.287039 -5.715221 
-7.176140 42.864538 -5.000497 
-7.100325 41.882656 -4.826833 
-6.368357 42.476794 -4.493332 
-6.309311 43.086433 -3.702855 
-6.626242 43.665238 -4.454213 
-6.530671 44.543260 -3.985233 
-7.040281 45.102788 -4.638860 
-7.465074 44.334072 -5.117009 
-7.944152 43.654979 -4.560846 
-8.592205 44.390858 -4.364607 
-9.495486 44.784344 -4.535643 
-9.959725 45.163622 -3.735249 
-10.183824 46.095764 -3.450835 
-9.337695 46.260070 -2.943814 
-9.778405 45.574795 -2.364010 
-8.959504 45.169220 -1.957920 
-8.380556 45.696201 -1.335738 
-7.888865 46.521689 -1.612886 
-7.877488 47.376075 -1.093372 
-8.765823 47.808891 -1.246773 
-9.136107 46.951566 -0.889165 
-9.787099 46.656110 -0.189940 
-10.334088 46.598164 -1.025072 
-10.923903 47.403070 -1.090219 
-9.932793 47.502438 -1.178689 
-10.224488 48.034727 -1.973411 
-10.383021 47.851511 -2.943617 
-10.535438 48.500407 -3.689072 
-10.604607 48.991661 -2.820806 
-10.806830 49.951315 -2.625438 
-9.938288 49.915744 -3.119776 
-9.005057 49.936779 -2.761116 
-9.293212 49.148428 -3.304687 
-8.746192 49.543791 -4.042560 
-7.917123 50.040754 -4.298825 
-8.116235 50.103221 -3.320841 
-7.235791 50.421009 -2.968947 
-6.396477 50.018157 -3.333998 
-6.292796 50.435597 -4.236768 
-5.526193 50.456088 -4.878563 
-5.518675 50.816264 -5.811417 
-5.939980 51.100880 -6.672518 
-5.104775 50.664567 -7.007276 
-4.546163 50.854228 -6.199822 
-4.126477 50.044086 -5.790512 
-4.699747 49.359823 -5.339796 
-4.792610 48.689011 -6.075587 
-4.463965 47.866802 -5.610867 
-4.146308 46.925690 -5.495096 
-4.994221 46.396049 -5.517948 
-5.300351 46.041311 -6.401376 
-4.884734 45.340877 -5.821157 
-3.900721 45.503447 -5.748423 
-4.047306 44.798132 -5.054850 
-4.145900 43.936405 -5.552551 
-3.413846 43.319519 -5.841597 
-3.759689 42.880459 -5.012369 
-3.457748 41.928633 -5.065832 
-3.468213 41.091401 -5.612580 
-4.300361 41.406449 -6.068952 
-5.239392 41.063009 -6.052531 
-4.712874 40.302111 -6.431758 
-5.285285 40.033373 -7.206436 
-5.493134 39.059204 -7.294718 
-5.838691 38.860001 -8.211729 
-6.629314 38.575069 -8.753697 
-7.508158 38.249558 -8.404877 
-7.166289 39.123877 -8.060359 
-6.422001 39.784980 -7.965606 
-6.400999 40.532910 -7.302162 
-6.523606 40.963840 -8.196179 
-7.424539 40.839599 -7.780386 
-7.589855 41.752262 -8.154173 
-7.094204 41.666842 -9.018484 
-7.360037 41.165076 -9.841627 
-6.518343 41.462755 -10.292115 
-6.708885 40.810590 -11.025855 
-5.833032 40.613961 -10.585154 
-4.949962 40.238575 -10.303598 
-4.693832 39.784671 -9.450152 
-3.883157 39.862081 -10.030508 
-3.738943 39.078868 -9.425711 
-4.350645 38.291137 -9.352907 
-4.886022 37.473382 -9.564210 
-14.216304 -55.991304 -8.443431 
-14.810873 -56.556216 -9.015587 
-15.387276 -56.278181 -8.247175 
-15.318500 -57.033136 -7.595015 
-15.826442 -57.563782 -6.916480 
-15.418584 -57.971690 -6.099618 
-15.499336 -58.615029 -6.860929 
-16.306517 -58.523568 -6.277753 
-16.720123 -57.622738 -6.409793 
-16.496235 -57.039476 -5.628973 
-16.655390 -56.912159 -4.649963 
-15.819958 -57.425843 -4.454559 
-15.239555 -57.478604 -3.641941 
-14.727235 -58.204480 -4.100887 
-15.345134 -58.511548 -4.824704 
-15.506617 -59.171366 -4.090835 
-14.977669 -59.649515 -3.389702 
-14.261269 -58.967446 -3.536512 
-13.731041 -59.539740 -4.162082 
-12.839972 -59.327494 -4.563265 
-12.036070 -59.100387 -4.013571 
-12.578916 -58.386628 -3.571003 
-12.019858 -58.018297 -2.828180 
-11.544508 -57.142980 -2.739516 
-11.015398 -56.650097 -2.048786 
-11.651472 -57.255300 -1.570101 
-12.244700 -56.468554 -1.740723 
-11.732428 -56.417406 -0.883424 
-10.946654 -56.161896 -0.320154 
-11.205914 -56.475890 0.593187 
-10.928577 -57.299514 0.098488 
-10.390752 -57.339473 0.940597 
-10.410557 -57.623715 1.899145 
-10.383191 -58.022321 2.815859 
-9.493993 -57.609804 2.617977 
-8.894176 -57.028440 3.167736 
-8.999609 -56.051726 2.980880 
-9.917521 -56.168008 2.601518 
-9.995959 -56.499211 3.541812 
-10.696289 -55.955905 4.004798 
-11.101084 -56.688683 4.551769 
-11.984433 -56.301140 4.288131 
-12.089111 -57.290158 4.183798 
-12.026661 -57.695203 3.271637 
-12.327825 -57.724884 2.318526 
-11.817805 -57.508235 1.486095 
-12.728323 -57.232662 1.177848 
-12.549060 -56.312879 1.526939 
-12.188520 -55.424465 1.242806 
-12.222472 -54.710186 1.941843 
-11.344903 -54.433064 1.550594 
-10.940766 -54.724461 2.417635 
-10.508439 -55.523449 1.999652 
-10.097387 -55.106728 1.188862 
-10.999171 -55.124218 0.757028 
-10.522528 -54.895117 -0.091692 
-9.627958 -54.961720 -0.533629 
-9.562362 -55.954063 -0.428973 
-9.339429 -56.668501 -1.092207 
-9.011678 -57.612135 -1.046003 
-8.094369 -57.347340 -1.343371 
-7.962916 -57.954117 -0.559444 
-7.541716 -57.822497 0.337922 
-8.444339 -57.628876 0.722347 
-9.297595 -57.171204 0.972326 
-8.809188 -56.371655 0.622782 
-8.696996 -55.866657 1.478580 
-9.058405 -55.170150 0.858693 
-8.575286 -55.229100 -0.014875 
-7.891958 -55.142326 0.710061 
-8.415765 -54.318178 0.494637 
-8.230814 -53.762799 1.305407 
-7.906945 -53.071631 1.951469 
-7.224867 -53.681088 2.355612 
-7.876811 -53.436036 3.073190 
-8.589644 -53.886059 3.611101 
-9.263421 -54.486254 3.180067 
-9.426744 -54.707485 4.141515 
-8.478893 -54.977446 3.972105 
-8.176826 -55.775589 4.493375 
-8.850629 -56.033183 5.185932 
-8.426946 -56.886784 4.882853 
-7.596004 -57.042930 5.416851 
-6.949034 -56.318657 5.655300 
-6.945048 -55.746873 4.834905 
-7.338691 -54.986119 5.350948 
-7.711246 -54.085694 5.126368 
-7.433585 -54.531563 4.275424 
-6.764197 -54.332256 3.559745 
-6.704541 -53.388074 3.235767 
-6.768858 -52.470765 3.628714 
-6.014520 -51.823474 3.738209 
-6.386432 -51.687197 4.656419 
-6.023375 -50.909416 5.169495 
-5.398253 -51.371456 4.540415 
5.280896 0.005896 -16.819231 
5.373229 0.519191 -17.672462 
4.410470 0.770047 -17.571626 
3.564499 1.302567 -17.544161 
3.731067 1.954816 -18.283638 
3.094377 1.269677 -18.637489 
3.554161 1.348946 -19.521975 
2.611704 1.676486 -19.454939 
2.663037 2.662745 -19.297912 
2.474791 3.068037 -18.403316 
3.328423 3.512532 -18.674861 
3.069069 3.717334 -17.731043 
3.179143 4.602950 -17.279858 
2.252900 4.598972 -17.656762 
3.006107 4.570131 -18.313912 
3.512546 5.209100 -18.892909 
2.583767 5.397703 -19.211967 
2.186780 5.376794 -18.294381 
1.281265 5.181554 -17.917652 
0.652470 5.559004 -18.597466 
-0.183184 5.709504 -18.069231 
-0.737524 5.638800 -17.239950 
-1.459148 5.811543 -16.569562 
-2.196697 6.480292 -16.663355 
-2.219438 5.713072 -17.304337 
-2.814162 5.077802 -17.797019 
-1.952453 4.660080 -18.085057 
-0.964693 4.807153 -18.033091 
-0.112208 4.506217 -17.605649 
0.619124 3.925800 -17.963795 
0.947916 3.807271 -18.900729 
1.394259 2.978945 -19.239336 
0.709983 3.177467 -19.941016 
1.377347 3.922198 -19.941720 
1.594450 4.848761 -20.248882 
1.325623 4.378518 -21.089480 
1.406731 3.766663 -21.876280 
1.119909 2.911521 -21.444463 
0.581539 2.430022 -20.752859 
-0.313714 2.851768 -20.609149 
-0.493570 1.875125 -20.491590 
-0.059676 1.290444 -19.806109 
0.261684 0.471787 -19.330160 
1.186875 0.676935 -19.010886 
1.312100 0.614744 -20.001063 
1.534339 -0.242719 -20.465140 
2.270361 0.371660 -20.180868 
2.624154 1.236700 -20.536585 
3.289688 1.200356 -21.282067 
2.591819 1.740132 -21.752833 
2.429927 2.293268 -20.935623 
3.086605 2.477311 -20.204253 
3.359594 3.046785 -20.979608 
3.723586 3.702219 -21.641360 
4.036780 4.249241 -20.865038 
3.860096 3.692826 -20.053136 
4.795208 4.020421 -20.188216 
4.691785 3.458007 -21.008579 
4.929017 3.388321 -21.977529 
4.396634 3.887338 -22.661306 
3.740777 4.542960 -22.287126 
3.378189 4.806996 -21.393361 
2.847868 5.648715 -21.292034 
3.141934 6.378386 -20.674696 
4.119618 6.373838 -20.884728 
4.537520 5.544804 -21.256293 
5.521643 5.721341 -21.274653 
5.331622 5.431919 -22.212804 
5.122758 5.950155 -23.042145 
4.326163 6.235436 -23.575109 
5.016981 6.595879 -24.201887 
5.568194 7.412199 -24.029297 
5.233894 8.347981 -24.141349 
5.946289 9.049015 -24.173656 
6.738939 9.657539 -24.136171 
7.276895 10.411408 -23.758965 
7.775615 11.208954 -23.419558 
6.854240 11.141084 -23.036855 
7.025615 11.690360 -22.218976 
7.796044 12.019282 -21.672854 
8.073068 12.559823 -22.467255 
8.398754 13.223003 -23.141139 
8.637163 14.193139 -23.185837 
9.261984 14.834584 -22.740700 
-28.659344 5.514496 27.024269 
-28.766866 5.830994 27.966748 
-28.204446 5.549710 28.744285 
-28.292099 4.684001 29.237098 
-27.757390 4.433593 28.430015 
-26.881516 4.592836 27.974509 
-27.199188 5.379562 28.503797 
-27.419072 6.342336 28.346579 
-27.208272 7.317167 28.274000 
-27.393330 7.782621 29.139510 
-27.937375 8.480083 29.605944 
-28.512580 7.708462 29.877496 
-29.202102 7.647693 29.155785 
-29.837785 7.393530 28.426876 
-29.824275 6.593234 29.026329 
-30.742061 6.315877 29.310478 
-31.441525 6.636714 29.949081 
-31.882473 6.242366 30.755341 
-31.810672 5.274299 30.515153 
-32.541212 5.474157 31.168121 
-32.943294 5.048560 31.978798 
-33.043440 4.425373 31.203164 
-33.233401 4.865025 30.325314 
-34.047052 5.200301 30.800248 
-34.261307 5.984769 30.218264 
-33.694561 6.480305 30.876476 
-33.194165 6.286857 31.720385 
-32.342019 6.612946 32.129668 
-32.328235 6.506213 33.123860 
-33.324628 6.499052 33.208417 
-33.589625 6.897946 34.086290 
-34.412174 6.585870 33.610872 
-35.314068 6.161668 33.692358 
-35.977356 5.435804 33.510233 
-35.625252 4.711548 32.917379 
-34.723533 4.875695 32.517431 
-34.641294 3.958517 32.127531 
-33.980285 3.704865 31.421325 
-33.152168 3.772910 31.977736 
-32.640282 3.464586 31.175920 
-32.889705 3.139822 30.263606 
-33.353635 2.272431 30.083601 
-34.283580 1.925074 30.204203 
-34.725512 2.792917 30.431237 
-35.597440 2.863444 30.915764 
-36.000938 3.775522 30.842943 
-36.942717 3.546658 30.596622 
-36.669962 3.018636 29.792385 
-37.600730 2.864128 30.123742 
-37.675332 2.070623 29.519769 
-37.321857 1.753119 28.639856 
-36.328518 1.662845 28.711468 
-36.767918 1.016750 28.087378 
-35.915657 0.612620 28.419537 
-35.187861 -0.059505 28.283299 
-34.607648 0.189202 29.058861 
-34.548278 0.629371 29.954811 
-33.831083 0.545832 30.646658 
-33.157713 0.988529 30.054550 
-32.376681 0.378539 29.920748 
-32.784512 -0.525581 30.048188 
-33.653077 -0.564834 30.542206 
-33.683174 -1.011057 29.647790 
-33.181099 -1.746657 29.193021 
-33.392032 -2.180876 30.068784 
-34.385051 -2.203324 29.952985 
-34.957084 -2.850030 29.448456 
-35.746096 -2.290440 29.194840 
-36.723695 -2.252170 28.987873 
-36.187371 -1.420296 28.845244 
-35.809621 -0.697250 29.423612 
-34.985784 -0.753614 29.987629 
-35.627498 -0.027784 30.235364 
-36.057687 0.314458 29.400015 
-36.671083 0.305506 30.189740 
-36.071947 0.545505 30.953570 
-36.497533 -0.272326 31.340905 
-35.687925 -0.793078 31.611742 
-34.739385 -1.109698 31.606905 
-34.483725 -1.642807 32.413399 
-34.207302 -2.529241 32.042152 
-34.056901 -3.452691 31.689135 
-47.252984 47.967796 38.133569 
-46.744281 47.525527 38.872229 
-47.623551 47.158095 39.175341 
-48.588144 47.402542 39.274370 
-48.925396 46.992614 40.121848 
-49.855429 47.216161 39.830188 
-49.559382 46.364904 39.396924 
-50.168040 45.881286 40.025929 
-50.841022 46.277589 40.650461 
-51.210344 45.471864 40.187419 
-50.657655 44.813376 39.676606 
-50.826363 44.020809 39.090625 
-50.183884 43.875230 39.842973 
-49.843244 43.852338 38.903058 
-49.444145 43.007192 38.547461 
-48.687301 42.465734 38.181388 
-47.889673 43.067418 38.139375 
-46.947119 43.163301 38.459374 
-47.064735 44.077417 38.847392 
-46.265194 44.604544 38.559519 
-46.614084 44.238775 37.696681 
-45.728782 44.037551 37.277455 
-45.615851 43.114750 37.645809 
-46.389317 42.487132 37.557229 
-46.251416 41.886004 36.770065 
-47.162221 42.011787 36.376856 
-46.639897 41.294550 35.915609 
-47.545909 40.937390 36.142718 
-46.853216 40.302244 35.801007 
-47.521560 39.758775 36.308903 
-47.979607 38.944712 35.951840 
-47.810454 37.963841 36.048178 
-47.765225 37.070029 35.602023 
-48.052738 37.806401 34.989575 
-48.925100 37.821905 34.500960 
-49.743190 37.840002 35.075767 
-50.054379 38.203399 35.953892 
-50.061621 38.916820 36.654589 
-49.705866 38.321628 37.375134 
-50.633012 38.022636 37.600978 
-51.306204 38.341840 36.933954 
-51.404661 38.447595 35.944448 
-51.436676 37.460924 35.784905 
-51.743444 36.922584 34.999995 
-52.354839 36.190299 35.299920 
-52.825310 35.884419 34.472216 
-51.942948 35.414367 34.450113 
-51.725508 34.542403 34.011480 
-51.237968 34.726784 33.158070 
-50.461834 35.207876 33.565706 
-50.364265 35.973337 32.929664 
-49.438667 36.350297 32.895464 
-48.688732 36.385041 32.234865 
-47.690773 36.334533 32.195790 
-46.722501 36.559627 32.304339 
-47.136546 36.561017 31.394083 
-47.144708 35.569234 31.521753 
-46.993389 35.020810 30.699357 
-47.206776 35.915168 30.306177 
-46.996030 35.652738 29.364521 
-46.267459 35.030195 29.078822 
-45.548939 34.771157 29.724290 
-45.725513 35.551177 30.324616 
-46.107018 36.462018 30.167067 
-46.678096 37.278114 30.255706 
-47.236664 38.105800 30.201495 
-47.776542 38.904671 30.466707 
-47.888684 39.262455 31.393753 
-47.704183 38.408082 31.879557 
-47.130092 37.854637 31.276134 
-46.385315 38.205774 31.843593 
-45.580269 37.760716 32.235798 
-45.650986 38.754254 32.324572 
-45.154003 38.560109 33.170335 
-44.187389 38.311297 33.109107 
-43.319474 38.714549 32.819085 
-42.422316 38.486012 32.441092 
-41.754031 38.082855 31.815904 
-41.926066 37.372591 31.133315 
-42.870672 37.607750 30.904360 
-1.079704 72.572596 -1.997931 
-1.444652 71.674968 -2.245070 
-0.682399 71.235560 -2.720351 
0.177686 71.528538 -2.302718 
0.276413 72.522936 -2.264965 
0.180232 72.181636 -1.329945 
1.021580 71.728275 -1.035671 
0.183040 71.599715 -0.506216 
0.241360 71.607611 0.492051 
1.164736 71.411201 0.162204 
1.425560 72.039848 0.894852 
0.750490 72.608628 1.364713 
0.616207 73.289035 2.085140 
-0.261390 72.869617 1.852948 
-0.101849 73.658171 1.259038 
0.737178 74.048932 0.880436 
0.784508 73.519407 0.033463 
1.300455 74.371903 -0.050500 
1.982691 73.957347 -0.652743 
2.309224 73.292706 -1.324777 
3.196145 73.105630 -1.747120 
2.879695 72.216242 -1.417199 
3.533162 71.464033 -1.501836 
3.132009 71.610450 -0.597602 
3.162710 70.652485 -0.882841 
4.072747 70.589579 -0.473115 
4.858394 70.239652 -0.983321 
5.348656 69.595913 -1.570895 
5.856291 70.377563 -1.933289 
6.374625 71.150080 -1.566480 
6.207840 71.669733 -0.728540 
6.121030 71.174076 0.135629 
6.388953 70.363878 -0.385712 
6.159810 69.397889 -0.265879 
6.060984 69.538598 0.719227 
6.236551 68.566116 0.566082 
6.745031 67.735709 0.338325 
6.239958 67.103533 -0.249259 
5.959192 66.733779 -1.134952 
6.173740 66.900304 -2.097365 
7.044142 66.962464 -2.585767 
7.658522 66.355189 -3.089508 
7.133606 65.513790 -3.218005 
6.848466 64.992801 -4.022533 
6.243780 65.132812 -4.806594 
5.393753 65.164387 -4.280802 
5.736347 66.096786 -4.395954 
5.333745 65.979538 -3.488119 
5.616845 66.890534 -3.188220 
6.464561 67.396926 -3.346163 
6.845236 68.166952 -2.834161 
7.196433 68.801704 -3.522457 
7.111185 69.780865 -3.706785 
7.571598 70.627555 -3.440073 
8.356950 70.285288 -2.924248 
8.809269 69.404430 -2.784616 
8.224005 68.792443 -3.316534 
8.426605 67.923486 -3.768051 
8.159147 68.049151 -4.723391 
7.378991 67.558288 -4.335562 
7.320873 66.561130 -4.287621 
6.466323 66.945000 -4.637464 
5.884584 67.399433 -5.312052 
5.221728 67.283324 -6.051742 
6.042359 66.909144 -6.483662 
6.470478 66.141429 -6.006873 
5.892594 65.461237 -6.457859 
5.411440 64.591150 -6.564809 
4.835078 65.061913 -5.896836 
4.120825 65.401407 -5.284801 
3.499498 64.650311 -5.507978 
2.967387 64.957969 -4.719179 
3.628884 65.614788 -4.357226 
3.807215 66.073575 -3.486759 
4.041003 65.241718 -2.983413 
4.199500 64.369181 -3.445536 
5.136891 64.053652 -3.298094 
5.547769 64.052117 -4.209783 
-46.234624 40.430196 -23.520531 
-46.269424 41.330712 -23.087103 
-46.689775 41.219303 -23.987599 
-46.453963 41.732893 -24.812594 
-46.322694 42.036889 -25.756181 
-47.233741 42.420306 -25.907785 
-47.748222 42.531406 -25.057511 
-48.202682 42.142408 -25.858851 
-47.971784 42.693296 -26.660853 
-48.719240 42.080329 -26.916940 
-48.898324 42.831896 -27.551823 
-49.624500 42.255672 -27.926837 
-50.200308 42.169927 -27.113761 
-50.789086 42.786025 -26.590536 
-51.197666 41.886918 -26.747601 
-52.038840 41.534813 -27.158025 
-52.557103 41.831565 -27.960112 
-53.444190 42.044668 -28.369578 
-54.018124 41.680162 -29.102882 
-54.403445 42.324022 -28.441844 
-55.067124 42.774154 -29.039265 
-55.702061 43.316373 -29.589587 
-55.293844 43.976181 -28.958704 
-54.413312 43.516049 -28.844940 
-54.767817 43.819205 -27.960393 
-54.499017 44.653346 -28.442011 
-54.051654 44.590838 -27.549846 
-53.289046 44.460999 -26.916149 
-53.581022 43.504851 -26.939196 
-53.975266 42.745000 -26.422285 
-54.685027 43.426311 -26.601322 
-55.239962 44.206879 -26.889003 
-55.802642 44.965369 -27.217767 
-56.488648 45.204070 -27.905093 
-56.868269 46.095794 -28.151497 
-56.577947 46.881164 -27.604772 
-56.645202 47.783588 -28.030339 
-56.529314 48.744558 -28.281548 
-56.024341 49.599180 -28.402477 
-55.858104 50.081207 -27.542236 
-56.598825 50.618774 -27.945168 
-57.255387 51.360744 -27.809500 
-57.478510 52.194639 -28.314311 
-58.383368 52.592029 -28.161625 
-58.397149 52.191597 -29.077848 
-57.558059 51.985279 -29.581197 
-58.206640 51.462296 -30.134217 
-59.099743 51.761727 -29.798497 
-59.277078 52.737273 -29.928353 
-58.709299 53.147862 -30.641826 
-58.684718 53.853601 -31.349871 
-59.099743 54.104637 -32.224363 
-58.825608 53.200209 -32.551260 
-58.589967 52.368426 -33.053863 
-57.912957 51.951162 -32.447606 
-57.066258 51.423940 -32.519284 
-56.358739 51.053817 -31.917265 
-55.511781 51.577700 -31.826670 
-55.534516 51.609653 -32.825901 
-55.532930 51.641551 -33.825391 
-54.893327 51.422315 -34.562171 
-54.451721 50.952062 -35.326269 
-54.504977 51.356373 -36.239339 
-54.816234 52.056562 -35.596802 
-55.655847 51.607004 -35.291927 
-55.902349 52.571106 -35.390640 
-56.870798 52.621832 -35.634635 
-56.690260 53.481305 -35.156397 
-57.429707 53.535666 -35.827413 
-57.906384 54.411860 -35.898571 
-58.780035 53.933529 -35.809501 
-58.989928 54.865225 -36.105960 
-58.453016 55.533006 -36.621512 
-58.743850 56.221759 -35.957408 
-57.750864 56.287228 -36.055852 
-57.672242 56.407670 -37.045454 
-66.325304 -52.256204 18.673989 
-65.875709 -51.458306 18.272462 
-65.980056 -50.783837 17.541570 
-65.543113 -49.936497 17.239750 
-66.262183 -49.248385 17.142590 
-67.039201 -49.867409 17.256839 
-67.604071 -49.700102 16.448798 
-67.773487 -49.351663 15.526904 
-67.415498 -48.418925 15.483956 
-66.700296 -48.755771 14.871567 
-65.898449 -49.141489 14.415208 
-65.292909 -49.776392 14.895020 
-65.200123 -50.428999 14.143026 
-65.723177 -50.384689 13.291879 
-66.218793 -50.555952 12.440390 
-66.324592 -49.627646 12.796839 
-66.392577 -48.630013 12.786567 
-67.069173 -47.895605 12.733057 
-66.940380 -46.959724 13.060989 
-66.090770 -47.286987 13.474586 
-65.974285 -47.755778 14.350181 
-65.791159 -46.931594 14.886077 
-64.805952 -47.054548 14.766709 
-64.792427 -46.982443 15.764014 
-65.726282 -46.850570 16.096465 
-65.954081 -45.918619 15.814376 
-66.835583 -45.572442 15.493260 
-67.803274 -45.754662 15.667528 
-67.958911 -46.742280 15.687252 
-67.062791 -47.185981 15.697178 
-67.465988 -47.313879 16.603310 
-68.144591 -47.945463 16.228342 
-68.827038 -47.589786 16.866903 
-68.035696 -47.435304 17.458438 
-68.333480 -46.625352 16.953163 
-68.794584 -45.758086 16.765459 
-68.008650 -45.397970 17.268075 
-68.267419 -44.519303 16.866848 
-67.364780 -44.846280 16.586976 
-67.965883 -44.766545 15.791792 
-68.770217 -44.207333 15.992609 
-68.124154 -43.445700 15.942429 
-68.653493 -43.161390 16.741784 
-68.940317 -43.813822 17.443257 
-69.371350 -43.044146 17.914223 
-69.932998 -42.223603 18.020338 
-70.447310 -41.857767 17.244678 
-71.136031 -42.341618 16.704723 
-70.440252 -41.909483 16.131005 
-70.844641 -42.733439 15.734058 
-70.491628 -43.158344 16.567627 
-71.190149 -43.193133 17.282370 
-71.786332 -43.993904 17.340086 
-71.481375 -43.844457 18.280653 
-71.634024 -43.166829 19.000041 
-71.926307 -43.319317 19.944137 
-72.628776 -42.690315 19.611129 
-73.111469 -43.502837 19.284301 
-73.996191 -43.382723 19.734677 
-74.483413 -44.078624 20.262253 
-73.850449 -43.635518 20.897085 
-73.300164 -43.229706 21.626814 
-73.671503 -42.808394 22.454222 
-74.646358 -42.741712 22.666852 
-74.328176 -41.812086 22.852740 
-73.877570 -40.940584 23.046233 
-74.544283 -40.363086 22.575076 
-75.507747 -40.095887 22.556561 
-55.481104 -3.871824 -6.172431 
-55.705218 -3.479592 -5.280284 
-55.569827 -2.698700 -4.670467 
-55.222100 -2.449593 -5.574365 
-54.884818 -1.508582 -5.547173 
-55.197091 -1.230109 -4.638912 
-56.111942 -1.151597 -5.034997 
-55.573848 -0.462824 -5.520844 
-55.887815 -0.540639 -6.467083 
-55.030376 -0.883847 -6.850497 
-55.550299 -1.215525 -7.637687 
-54.954846 -0.977448 -8.404991 
-55.103350 -1.315908 -9.334179 
-55.782175 -0.961500 -9.977290 
-56.280344 -0.505888 -9.239560 
-56.820514 -0.654711 -8.411268 
-57.512677 -0.545753 -9.124738 
-57.942582 0.342932 -9.284174 
-57.959999 0.762084 -10.191924 
-58.195910 1.376434 -10.944865 
-58.004110 2.259909 -11.372281 
-57.077418 2.574760 -11.577490 
-56.604922 3.059027 -12.313855 
-57.393548 3.662894 -12.198039 
-57.443664 4.574189 -11.789346 
-57.417887 5.131324 -10.959324 
-57.449647 5.740368 -10.166823 
-58.005545 4.938329 -9.948393 
-58.860026 5.113554 -9.459355 
-59.475499 4.710572 -10.136702 
-59.250676 3.936925 -10.729091 
-58.963947 3.448252 -11.553097 
-58.453262 3.200541 -12.376407 
-58.451210 4.195526 -12.476412 
-58.653239 5.174056 -12.435640 
-59.603785 5.476174 -12.507658 
-60.550270 5.155515 -12.470986 
-60.111946 4.365715 -12.900041 
-59.403943 4.712757 -13.515097 
-59.257157 3.978816 -14.178259 
-59.941371 3.348988 -14.545911 
-60.474102 3.215580 -13.710208 
-61.368775 3.615278 -13.909708 
-61.203918 3.285506 -14.839262 
-61.829281 3.974361 -15.205869 
-62.658020 3.934031 -14.647689 
-62.116151 4.774453 -14.639302 
-61.240576 4.830410 -14.159473 
-60.776769 5.716288 -14.169591 
-60.122862 6.200998 -13.588676 
-59.159482 6.385834 -13.782932 
-59.052735 6.497502 -12.794936 
-58.121854 6.437954 -12.434497 
-57.771943 5.672424 -12.974427 
-57.644962 4.721779 -13.257535 
-57.250343 4.092779 -13.927338 
-56.343983 4.103109 -14.349717 
-56.381397 5.068992 -14.093454 
-56.606040 5.369778 -13.166598 
-56.364524 6.081775 -13.825939 
-56.076467 6.547243 -12.989062 
-56.090984 6.091196 -12.099224 
-56.264564 5.112799 -11.986933 
-56.330237 5.527204 -11.079213 
-56.087632 4.577485 -10.881283 
38.840096 -66.178804 -12.981531 
39.582197 -65.848471 -12.398294 
40.309741 -65.266606 -12.761768 
41.223390 -65.347650 -13.160111 
41.015048 -66.026024 -13.864669 
40.908845 -66.382092 -12.936264 
40.069274 -66.762995 -13.323606 
40.637561 -67.463626 -12.892137 
39.695325 -67.775807 -13.013520 
40.019927 -68.097512 -13.902980 
39.656811 -67.745818 -14.765800 
40.490214 -67.230232 -14.566778 
40.141444 -66.328593 -14.311028 
39.549709 -66.285711 -15.116020 
39.617874 -65.289801 -15.175321 
40.545584 -65.561788 -15.431011 
41.445517 -65.973821 -15.573665 
41.552295 -66.819698 -15.051083 
41.054805 -66.910134 -15.913826 
40.424711 -67.686061 -15.944121 
39.505418 -68.051464 -15.797894 
38.768393 -68.724231 -15.733265 
39.696748 -69.093264 -15.777657 
39.884397 -69.489581 -14.878924 
40.730553 -68.958136 -14.839076 
40.537715 -69.476659 -14.006040 
40.365969 -70.339787 -13.531159 
40.630499 -71.046819 -14.187002 
39.718335 -70.665643 -14.337540 
39.863689 -71.620875 -14.595227 
39.702920 -70.954445 -15.323255 
40.036099 -70.138034 -15.794915 
39.235274 -69.832651 -16.310105 
39.304805 -69.017454 -16.885099 
39.918720 -69.541102 -17.475778 
39.403075 -69.809667 -18.289402 
38.825143 -70.614096 -18.426836 
38.995705 -71.018449 -17.528278 
38.699758 -71.623632 -18.267310 
39.502782 -72.210346 -18.371806 
38.622483 -72.675010 -18.276090 
39.195273 -73.233962 -18.875661 
39.701349 -73.974119 -19.318440 
39.690817 -74.867442 -18.869149 
39.902865 -75.069055 -17.912913 
39.709330 -76.043590 -17.799660 
40.598112 -76.483080 -17.929716 
40.603858 -77.478284 -17.832063 
41.331462 -77.902660 -18.371041 
41.490386 -77.305109 -19.156965 
40.935714 -76.557633 -19.522503 
40.665782 -76.031204 -20.328735 
39.815333 -75.901642 -20.838587 
39.390599 -76.804918 -20.899352 
40.024833 -76.995444 -21.648650 
40.542766 -76.883590 -22.496727 
40.797273 -76.315168 -21.714344 
40.380706 -75.776301 -22.446529 
39.629992 -75.498422 -21.847186 
39.722947 -74.515826 -22.008014 
39.403173 -74.339202 -22.938900 
39.275718 -73.347837 -22.969741 
39.705104 -72.616979 -23.500283 
40.628388 -72.307169 -23.727361 
40.842465 -72.026436 -24.662968 
41.479096 -72.789246 -24.776200 
41.495808 -73.778375 -24.630104 
42.363063 -73.294644 -24.747886 
43.305494 -73.420549 -24.438093 
5.936296 -26.407404 23.566469 
6.187615 -26.173527 22.627245 
6.129052 -25.292174 22.158431 
6.870547 -24.810258 22.625275 
7.307773 -23.927537 22.453122 
7.732128 -23.962353 23.357948 
7.168379 -23.356618 23.919439 
7.089983 -23.149838 24.894681 
7.841871 -22.517694 24.707440 
8.465037 -21.766326 24.924488 
8.469769 -21.573198 23.943326 
9.349682 -21.108247 24.041174 
9.951340 -21.764183 24.496976 
9.850539 -21.184207 25.305349 
10.075033 -20.224697 25.475475 
9.677750 -20.326055 26.387557 
8.781640 -19.905060 26.247022 
8.648161 -20.881247 26.418024 
8.763187 -20.751721 27.402906 
7.973553 -21.344196 27.562444 
7.681365 -20.866361 28.390876 
6.726711 -20.711056 28.644875 
5.843660 -20.306515 28.407034 
6.233445 -19.483109 28.819432 
5.261648 -19.618727 29.012355 
4.988008 -18.859827 28.421430 
4.396979 -18.862811 29.228075 
3.810245 -18.485382 29.944518 
3.235302 -18.740222 29.167023 
3.537672 -19.670418 29.375126 
3.742860 -20.381383 28.702500 
3.277206 -19.964643 27.921799 
4.262863 -19.820729 28.009946 
4.571167 -19.033778 27.475478 
5.367520 -18.575655 27.080580 
5.256450 -18.258922 26.138591 
5.343967 -19.237910 25.954407 
5.509455 -20.011700 26.565849 
5.212715 -20.527353 25.762078 
4.224171 -20.470135 25.901743 
3.868910 -21.106740 25.217254 
4.464847 -20.615775 24.581792 
5.433406 -20.815269 24.730439 
6.174845 -21.467581 24.573096 
5.941021 -21.894038 23.699333 
5.165222 -22.518190 23.606755 
4.644066 -22.764739 22.789682 
4.507591 -21.856280 22.394616 
4.559542 -20.924779 22.754624 
5.333646 -21.172937 22.172232 
6.125200 -21.482516 21.645350 
5.238354 -21.773484 21.286405 
4.510425 -22.436328 21.461783 
4.899302 -23.253977 21.037255 
4.845629 -24.251762 21.076550 
5.776033 -23.914287 20.933514 
5.609637 -24.527900 20.161639 
5.051516 -23.712780 20.006460 
5.789997 -23.292926 19.478853 
6.764090 -23.104761 19.604297 
6.501039 -22.459276 20.321342 
5.859071 -21.734890 20.070060 
6.464082 -21.059661 20.491993 
7.173388 -21.245680 21.171907 
58.513896 25.895496 18.682309 
58.235817 25.065953 18.198025 
57.536908 24.569870 18.713222 
57.969059 25.041561 19.481827 
57.924889 25.413250 20.409134 
58.371793 26.241892 20.072046 
59.028856 26.622086 20.722983 
59.341427 26.365804 19.808314 
60.081556 25.929095 20.319678 
60.179444 25.218395 19.623026 
60.517381 25.167900 18.683213 
61.013852 24.506010 19.244835 
60.128930 24.173681 18.918536 
59.292960 24.284735 18.381115 
59.493749 23.841289 17.507594 
59.362777 23.488407 16.581138 
58.794631 22.909430 17.165941 
58.241955 22.703400 16.358414 
57.864375 23.570964 16.034737 
58.607293 23.598100 15.365905 
58.434125 23.605840 14.381044 
58.458982 23.960349 13.446321 
57.540797 24.287341 13.222685 
58.036433 24.139738 12.366789 
58.364452 25.083700 12.330188 
59.355125 25.071828 12.465927 
59.849343 25.941166 12.467010 
58.892970 26.125622 12.693563 
59.060380 26.918981 12.108282 
58.161262 26.603386 11.804992 
57.428520 26.498284 11.132650 
56.538691 26.427113 10.681940 
55.993870 27.240260 10.886783 
55.553636 26.955857 11.738434 
54.567807 26.924992 11.573547 
54.174095 27.000240 10.657398 
53.999764 27.562386 9.848943 
53.728357 28.523495 9.797869 
52.951165 28.099695 10.263020 
52.402475 27.279319 10.424025 
51.821165 27.109844 11.219862 
51.950121 27.917796 11.794826 
52.843683 28.043936 11.363971 
53.695359 28.418966 11.730031 
53.056417 29.165129 11.917097 
53.995136 29.508153 11.950886 
54.384291 30.020619 11.185421 
53.742046 30.734467 11.464602 
52.893044 30.992522 11.925690 
51.902970 30.929331 11.800145 
51.969149 29.990931 11.460990 
52.123237 29.911142 12.445821 
51.845548 29.959970 13.405250 
51.495353 29.047929 13.618664 
51.404359 28.496444 14.447871 
51.311281 27.928629 13.629994 
51.708381 27.106386 13.222285 
51.628746 26.346911 12.576640 
52.599489 26.210069 12.773954 
52.492809 27.042800 12.230649 
52.510728 27.925682 12.699901 
53.168004 28.439702 13.251056 
52.618809 28.994206 13.876284 
30.407396 -13.534704 24.917769 
30.545363 -14.151435 25.692758 
30.448782 -14.421849 26.650645 
31.062980 -14.608366 27.417439 
31.457892 -15.280320 28.043954 
31.881433 -15.493694 28.924343 
31.957493 -15.597605 29.916017 
31.405342 -16.245582 30.440666 
31.239893 -16.797894 29.623612 
32.033227 -17.372248 29.421775 
31.337301 -17.501753 28.715435 
30.511042 -17.535928 28.153183 
30.170012 -17.057451 27.344012 
29.399568 -17.090156 27.980681 
28.688050 -17.611645 28.451628 
28.673768 -18.515568 28.879085 
28.116217 -18.261560 29.669412 
27.786591 -17.318603 29.622748 
27.022914 -17.690244 30.150651 
26.224894 -18.224053 29.870987 
25.860026 -18.558516 30.739898 
24.946831 -18.191126 30.916246 
24.462389 -17.463246 31.401537 
23.899850 -18.016685 32.015748 
22.958799 -18.184487 32.309457 
21.981249 -18.216513 32.517715 
21.624519 -18.076208 31.594103 
21.231146 -18.594136 30.834493 
21.383951 -18.209996 29.923951 
20.986677 -17.569036 30.580719 
20.262492 -18.037135 30.074320 
19.565981 -18.610129 29.642404 
18.810715 -18.553081 28.989473 
18.063096 -18.429983 29.642093 
18.269770 -19.195316 30.251643 
17.337265 -18.888251 30.441762 
16.464768 -19.376831 30.447878 
15.878110 -19.967787 29.894160 
16.013659 -20.647215 30.615273 
15.377049 -19.890023 30.761526 
14.426552 -19.579998 30.782489 
13.688009 -19.416157 31.436485 
12.737594 -19.136774 31.573075 
11.893776 -19.562943 31.899189 
11.032772 -19.055718 31.861831 
11.146668 -18.121494 31.523819 
10.724572 -18.429682 30.671261 
9.871397 -18.951306 30.672169 
10.131013 -18.576219 31.562062 
9.248419 -18.135335 31.725309 
9.447812 -17.207059 32.039229 
10.116148 -16.788386 32.654079 
10.928915 -16.456036 33.132568 
10.634886 -15.655106 32.610976 
11.037605 -14.743146 32.689368 
10.999175 -14.385657 31.756241 
11.721612 -13.756952 31.468466 
12.552450 -13.370484 31.068029 
12.033212 -12.701734 31.600161 
11.453068 -12.420764 32.364679 
11.337263 -11.862651 33.186323 
10.823869 -12.004904 34.032603 
11.345504 -11.155542 34.113103 
-19.702604 -50.879604 -30.288931 
-20.217674 -50.443662 -29.550922 
-21.114113 -50.886461 -29.532860 
-20.869865 -51.577670 -28.852732 
-20.994992 -52.111829 -28.016659 
-20.874741 -51.525268 -27.215730 
-20.510713 -51.783115 -26.320745 
-20.842351 -52.720071 -26.430875 
-21.515780 -53.299212 -25.971429 
-21.744507 -54.165526 -26.415483 
-20.833561 -54.513437 -26.193819 
-20.109365 -53.892790 -26.494382 
-19.834277 -54.837107 -26.313852 
-19.141855 -54.213547 -26.676791 
-19.226903 -53.713504 -27.538605 
-19.824754 -53.227166 -28.175826 
-18.852937 -53.027507 -28.301155 
-18.154382 -53.742237 -28.335558 
-18.830650 -54.477244 -28.286306 
-17.871416 -54.759752 -28.278548 
-17.164114 -54.386012 -28.878583 
-17.135933 -55.355107 -29.123656 
-17.055913 -56.308374 -28.832317 
-17.132183 -57.286781 -29.024415 
-17.741893 -57.362358 -28.235402 
-16.947559 -56.826248 -27.949709 
-16.774911 -56.476747 -27.028817 
-16.225302 -57.311390 -27.064877 
-16.710283 -57.847370 -27.755905 
-16.912985 -58.794771 -27.508231 
-16.532892 -59.707955 -27.655288 
-15.729489 -59.748941 -27.061265 
-15.029833 -59.036316 -27.112724 
-15.233454 -58.348693 -27.809655 
-14.769301 -58.695413 -28.624730 
-15.352840 -59.475798 -28.849411 
-15.198595 -60.385234 -29.235591 
-14.880896 -61.300380 -29.483732 
-14.643593 -61.626138 -28.568544 
-14.247696 -61.302258 -27.709261 
-13.434802 -61.523845 -27.170649 
-13.035387 -60.912846 -27.854131 
-12.227108 -60.667355 -28.389312 
-12.362348 -59.966353 -27.689093 
-12.817555 -59.117736 -27.958604 
-12.243965 -58.590568 -27.331637 
-11.393348 -58.914831 -26.917748 
-10.751231 -59.641299 -27.162554 
-10.812190 -60.639340 -27.148472 
-10.394468 -61.401679 -26.654157 
-10.174394 -61.987779 -27.433935 
-11.143670 -61.985169 -27.679899 
-11.191502 -62.968299 -27.856445 
-11.140728 -63.721469 -27.200582 
-11.618169 -63.159945 -26.524756 
-12.449764 -63.400737 -27.025225 
-13.260113 -62.843082 -27.205104 
-13.775005 -62.898005 -26.349611 
-13.877869 -62.283019 -25.567811 
-13.640424 -61.443110 -26.055841 
-13.414527 -61.186912 -25.115983 
-12.697838 -61.559981 -25.705200 
-11.953162 -61.374673 -25.064014 
-11.747735 -60.504905 -24.615347 
-11.153605 -60.666258 -23.827327 
-10.914074 -61.628358 -23.957670 
60.061096 41.413696 -24.566531 
61.055872 41.339257 -24.636383 
61.158664 40.805261 -25.475599 
61.379718 40.005058 -26.033103 
61.518003 40.073358 -27.021138 
61.046930 40.049679 -27.902915 
60.338586 40.727685 -27.706558 
59.533193 40.940575 -27.153367 
59.120538 40.064046 -27.401185 
58.771398 40.574534 -28.186999 
57.977829 41.172636 -28.298903 
58.233619 41.058420 -27.338942 
58.074863 40.115188 -27.630679 
57.227359 39.706535 -27.969410 
56.404005 40.208113 -28.234945 
55.683286 40.517707 -27.614691 
55.551140 40.712571 -28.586578 
55.854241 41.233993 -29.384230 
55.566490 42.173987 -29.200897 
55.029939 42.554649 -28.447763 
54.032159 42.575059 -28.511148 
53.217025 42.064221 -28.784281 
52.554163 42.182623 -29.523601 
52.085578 41.299608 -29.550308 
52.297300 40.382469 -29.212625 
52.411627 40.166266 -28.242993 
51.438824 40.393134 -28.289741 
51.712212 39.978576 -27.421755 
51.171381 40.815612 -27.338861 
51.183875 41.075857 -26.373399 
50.527595 40.653593 -25.748107 
50.496247 41.650878 -25.814744 
49.557819 41.657330 -25.469328 
49.817913 40.863407 -24.919749 
49.238855 40.270192 -25.479024 
48.444324 40.585938 -24.960348 
47.451762 40.522969 -24.856151 
47.646120 40.119465 -25.750249 
47.651884 39.261750 -26.264341 
46.818649 39.230693 -26.816387 
45.978650 39.512040 -26.352441 
46.547378 39.782695 -25.575721 
45.918606 39.013470 -25.461979 
45.812000 38.378654 -26.227253 
46.693905 37.965165 -26.453684 
47.587460 37.592620 -26.203146 
46.855954 36.920904 -26.086113 
47.684599 36.373550 -25.968843 
47.771360 36.747226 -26.892336 
48.459183 36.105886 -27.232311 
48.622017 36.694365 -28.024256 
49.245911 37.470921 -27.936408 
50.020720 36.858929 -28.094955 
50.429869 37.761763 -28.227197 
49.987122 38.424830 -27.623611 
27.497596 44.972696 32.323269 
27.088853 44.068524 32.447379 
26.794390 43.962895 33.397186 
27.113668 44.125490 34.330794 
26.402387 43.468480 34.580631 
26.875721 42.597613 34.448170 
27.678728 43.113169 34.149203 
27.839316 43.692764 33.350278 
28.665893 44.031535 33.799728 
28.919343 44.972436 33.575075 
28.219831 45.301481 34.209435 
27.887139 45.044517 35.116786 
27.473910 44.720963 35.967993 
27.497881 43.734045 36.127422 
26.736098 43.589680 36.758964 
26.685688 44.327261 37.432339 
27.332135 44.299899 38.194807 
28.130231 43.717025 38.347455 
28.953501 43.365360 38.793053 
28.898718 42.392175 38.569647 
29.142003 41.485460 38.225146 
29.906287 40.938758 37.883113 
30.899672 40.946969 37.997645 
31.529708 41.694631 37.787750 
30.805884 42.384357 37.806652 
30.516008 43.105587 37.177526 
30.816927 42.843933 36.260473 
30.675047 43.758256 35.881154 
29.962254 43.074044 35.726949 
29.934547 43.811017 35.051596 
29.739603 44.761023 34.807701 
30.468820 45.417488 34.614579 
29.780992 46.071902 34.928641 
29.101626 46.702066 35.304613 
29.899758 47.218099 35.615570 
30.500313 47.360902 34.828842 
31.188122 47.212984 35.539503 
31.743172 47.796386 34.946576 
32.344838 48.412137 34.437805 
33.025758 47.934507 33.882631 
33.614533 47.764258 33.092467 
34.472089 47.302441 32.865924 
34.420985 47.590973 33.822029 
35.345165 47.972748 33.810208 
34.654641 48.342565 33.188587 
35.291364 48.038540 32.479960 
34.537581 48.145911 31.831668 
33.640377 48.444625 31.506408 
33.890035 48.000202 30.646083 
33.769909 48.992708 30.668476 
33.620956 49.676017 29.953702 
34.406278 50.233180 29.683814 
-10.407104 37.044596 37.286569 
-10.949902 36.240205 37.528076 
-11.829866 36.640659 37.783612 
-12.456811 37.145694 38.376807 
-12.336896 37.712498 37.561728 
-11.804588 38.361124 38.105725 
-12.423050 38.956891 37.593313 
-12.193658 38.455216 36.759226 
-12.164288 38.513233 35.761343 
-11.361479 39.012119 36.087855 
-10.574309 39.306839 35.546094 
-9.744642 39.135029 36.077257 
-9.871611 40.040491 36.482247 
-10.029209 40.718723 35.764497 
-9.051257 40.909934 35.848442 
-8.535551 40.230481 35.326531 
-8.919615 39.658838 34.601466 
-8.779892 38.793912 35.083524 
-8.278513 38.568491 35.918871 
-8.889096 37.809417 36.144692 
-9.580985 37.175630 36.490529 
-9.329082 36.666588 35.667473 
-9.482637 35.775615 35.240170 
-9.309319 35.805727 34.255765 
-10.300452 35.938560 34.252420 
-10.973898 36.331140 33.626041 
-10.560865 35.946097 32.800726 
-10.036054 35.095037 32.784271 
-9.883607 35.370725 31.835189 
-9.577728 34.671272 31.189276 
-8.671001 34.318229 31.419943 
-8.928010 34.324501 32.386332 
-9.346638 33.541988 31.925436 
-9.650845 33.285574 31.007989 
-9.111456 32.455246 30.867936 
-9.825212 31.886967 31.277339 
-10.534806 32.537063 31.005582 
-10.117765 32.364967 30.113136 
-9.527591 32.585204 29.336483 
-9.405184 31.594179 29.282776 
-9.866294 30.817762 28.853177 
-10.293744 31.194256 28.031266 
-10.600717 31.967168 27.475950 
-10.374309 32.921394 27.671379 
-9.500008 33.041936 28.141557 
-8.673275 32.721358 27.679234 
-8.417823 33.271072 26.883899 
-8.297451 32.778986 26.021714 
-8.058051 31.809892 25.962170 
-7.091295 31.654572 25.759044 
38.736996 -17.348424 -37.470231 
38.815005 -16.526994 -38.035180 
39.554618 -16.449735 -37.366598 
39.531942 -15.508811 -37.704456 
39.872045 -16.103786 -38.432697 
39.876489 -17.098817 -38.333229 
40.790667 -16.950820 -38.710554 
41.080000 -16.241441 -38.067851 
41.660287 -15.488996 -38.379451 
41.866963 -15.345696 -37.411592 
42.200231 -15.545942 -36.490271 
43.138317 -15.379017 -36.186739 
43.095196 -16.023421 -35.423270 
44.040831 -15.920083 -35.731646 
44.775847 -16.565044 -35.522417 
45.483910 -16.207077 -34.913724 
45.992925 -16.592343 -34.144001 
46.556095 -17.415201 -34.068201 
46.321169 -18.037015 -33.321102 
46.683092 -18.401349 -32.463039 
46.605921 -18.687735 -31.508038 
45.779809 -18.336388 -31.948599 
45.038011 -18.522295 -32.592940 
44.473661 -17.728628 -32.365780 
44.549583 -18.083790 -31.434063 
45.125533 -17.269159 -31.365804 
45.761606 -16.597428 -30.986084 
46.387343 -16.417646 -31.745118 
46.345364 -17.335163 -31.349643 
46.811650 -16.805303 -30.641246 
46.910429 -17.492215 -29.921250 
46.518707 -17.503740 -29.001239 
45.972791 -18.048773 -28.364910 
45.703199 -18.586391 -27.565981 
45.171398 -18.392404 -26.741629 
44.923997 -19.019526 -26.003043 
45.651018 -18.395456 -25.716727 
45.750444 -17.565901 -25.167225 
45.759550 -16.656310 -25.582630 
45.519525 -15.689875 -25.491026 
45.934518 -14.906853 -25.954337 
46.188751 -14.836279 -24.989773 
47.013346 -15.368027 -25.182871 
47.964750 -15.196763 -25.438800 
48.516816 -14.388475 -25.643475 
49.286203 -13.931453 -25.197185 
49.204209 -13.871898 -24.202334 
50.147572 -14.158108 -24.370112 
32.132196 -68.975904 -51.983131 
32.118782 -69.774392 -52.584993 
32.819283 -70.299010 -52.101181 
32.383319 -71.185189 -52.258096 
32.188943 -71.948818 -51.642394 
31.342720 -72.115737 -52.148402 
30.906031 -71.794528 -51.308088 
30.703452 -70.833768 -51.497568 
30.238467 -70.755734 -52.379441 
30.105126 -71.732943 -52.544621 
29.464845 -72.120914 -53.207583 
29.689274 -72.625070 -54.041524 
29.900545 -73.535961 -53.687064 
30.674991 -73.012203 -53.332227 
31.672799 -73.071503 -53.302848 
31.500820 -72.306597 -53.923607 
31.306092 -71.329402 -54.008289 
31.510538 -70.557839 -53.405883 
32.093691 -70.670138 -54.210446 
32.869594 -70.449356 -53.619489 
33.112355 -69.986127 -54.471830 
33.498126 -69.215848 -54.979622 
34.357741 -69.677064 -54.759757 
34.969186 -69.319813 -55.465808 
35.253161 -70.242658 -55.726028 
34.446559 -69.996837 -56.263583 
34.763584 -69.154434 -56.699304 
34.738760 -69.541206 -57.621145 
35.275356 -70.383443 -57.673107 
35.570504 -70.953807 -58.439640 
35.451840 -71.937962 -58.571391 
35.042550 -72.720655 -58.102483 
70.420896 -28.908704 -11.084931 
70.648428 -28.704103 -10.132898 
69.910636 -29.184608 -9.658790 
70.151848 -28.289954 -9.282744 
69.572463 -28.002828 -8.519939 
69.308544 -27.318715 -9.199892 
70.056158 -26.842390 -8.737088 
70.928037 -26.352789 -8.747960 
71.082232 -25.894047 -9.623049 
71.899549 -26.424904 -9.847067 
71.410409 -26.009970 -10.614252 
72.410310 -26.023730 -10.617271 
72.572295 -26.991364 -10.423760 
72.615461 -27.983413 -10.305546 
72.991664 -28.812006 -10.720160 
72.616513 -28.225207 -11.437746 
71.776503 -28.459973 -11.926896 
70.962310 -27.954841 -11.640658 
71.447793 -27.343382 -12.265498 
72.389828 -27.058231 -12.442301 
72.776478 -27.011432 -13.363339 
72.576762 -26.198075 -13.909749 
73.050924 -26.793275 -14.558523 
73.166677 -27.615791 -15.115361 
73.847551 -27.814703 -14.410488 
73.090030 -28.426346 -14.182330 
72.924124 -28.785568 -13.263943 
72.940281 -29.261123 -12.384405 
72.622164 -30.194784 -12.548965 
72.534009 -30.829804 -11.781516 
72.503824 -31.494796 -11.035276 
72.451119 -32.239919 -11.700119 
72.309523 -32.612443 -10.782962 
71.996823 -33.518717 -11.067365 
72.088662 -33.655952 -12.053637 
71.121038 -33.840971 -12.225311 
71.452601 -33.090381 -12.796872 
71.454861 -32.659963 -11.894246 
71.274746 -31.817662 -11.386222 
70.566781 -31.563179 -10.727418 
69.908395 -31.745445 -9.997139 
69.135874 -31.940603 -10.601395 
69.430349 -32.709600 -11.168783 
69.912833 -32.234388 -11.904570 
69.737018 -31.250003 -11.895816 
70.122693 -31.551545 -12.767784 
69.944565 -31.563498 -13.751719 
70.451263 -32.421857 -13.671241 
71.269732 -32.390155 -14.244917 
70.690417 -32.897090 -14.883205 
70.121546 -33.231691 -15.634488 
70.080960 -32.233047 -15.667094 
69.119126 -31.968303 -15.597907 
68.446638 -32.694618 -15.455688 
68.362091 -33.395326 -16.164109 
68.086249 -34.044232 -15.455002 
68.372287 -34.993381 -15.323481 
69.248573 -35.425367 -15.536814 
69.112815 -36.094969 -14.806606 
68.315472 -36.494068 -14.353877 
67.894899 -37.342332 -14.675695 
68.002939 -37.563485 -13.706459 
67.079956 -37.900553 -13.520750 
66.753488 -37.477910 -12.675297 
67.488900 -36.897808 -13.025513 
67.845588 -35.996988 -12.777931 
68.284615 -35.269819 -12.250219 
68.112329 -35.431106 -11.278466 
67.339316 -35.407077 -11.912402 
66.435422 -35.212415 -12.293298 
66.500240 -34.632699 -11.481061 
65.610329 -34.310476 -11.803910 
66.123428 -33.466811 -11.961898 
65.224308 -33.297482 -12.365520 
64.757539 -34.083474 -12.770913 
64.606476 -34.832082 -12.125338 
64.954845 -35.769375 -12.114369 
65.551403 -36.540428 -12.337069 
64.933071 -36.736759 -11.576070 
64.189076 -36.429458 -12.169397 
63.679155 -37.034339 -12.781034 
63.077890 -37.790260 -13.040000 
62.727653 -38.128048 -12.166368 
62.474404 -37.195424 -12.423423 
62.180339 -36.259710 -12.618272 
61.311982 -35.917780 -12.977494 
60.321335 -35.896927 -12.842647 
60.159134 -36.571056 -13.563230 
59.619701 -37.172926 -12.974362 
59.517690 -38.034825 -13.471075 
