Snapshot 0 0.000000
22.235525 -2.420746 -28.262663 
21.519927 -1.940821 -27.755128 
21.525994 -1.413297 -28.604647 
21.744452 -2.240374 -29.122546 
22.498211 -2.159250 -29.774671 
23.299086 -1.775584 -29.314890 
23.060424 -1.215730 -28.521415 
22.231326 -0.866329 -28.084935 
22.469648 -0.693292 -27.129288 
22.774258 0.164197 -26.714649 
22.429680 0.285663 -25.783783 
21.440965 0.431487 -25.749454 
21.122856 -0.510060 -25.638566 
21.296633 -1.135696 -24.878052 
20.856083 -0.545313 -24.201765 
20.190336 -0.351506 -24.922334 
19.665831 -0.964564 -24.331525 
19.726723 -1.857429 -24.777713 
19.502342 -1.351942 -25.610861 
18.698619 -1.940450 -25.698540 
18.279482 -1.907836 -24.791203 
17.653224 -1.142121 -24.644636 
16.889049 -0.498372 -24.684929 
16.667384 -1.405942 -24.328303 
16.289509 -2.019108 -25.022016 
16.287755 -1.391915 -25.800877 
16.211377 -2.166193 -26.429098 
16.379493 -2.987451 -26.974323 
15.870799 -3.815877 -26.739928 
16.335219 -4.508637 -27.291649 
16.100324 -4.999947 -28.130362 
16.568325 -4.117863 -28.184249 
17.451959 -3.751622 -28.475896 
18.415269 -3.948832 -28.293847 
18.815623 -4.822143 -28.016279 
17.816681 -4.796960 -28.054744 
17.538276 -5.023591 -27.121401 
16.894007 -5.615087 -27.606220 
17.559826 -6.056371 -28.207845 
18.052189 -6.854518 -27.860655 
17.720044 -7.285199 -27.021493 
17.595023 -8.264031 -27.183533 
17.764106 -8.482265 -28.144671 
17.075058 -7.757572 -28.139047 
16.756884 -7.655821 -29.081604 
17.300687 -7.127678 -29.733788 
18.091096 -6.601416 -29.420258 
17.921427 -7.428253 -28.884018 
18.398745 -8.215510 -29.274394 
18.803301 -9.112600 -29.452055 
19.701445 -8.704119 -29.289327 
19.368062 -8.242115 -28.467495 
19.410825 -8.658344 -27.559241 
18.732584 -9.135948 -28.117707 
19.074239 -10.060297 -28.287562 
18.262697 -10.202575 -28.854269 
19.051263 -10.370595 -29.445821 
19.801499 -9.727466 -29.599220 
19.953135 -9.338067 -30.507721 
20.243502 -8.451407 -30.867610 
19.416702 -8.807097 -31.303370 
19.490715 -9.543167 -31.976217 
18.777744 -10.154996 -32.318762 
18.850402 -10.044891 -33.310023 
19.762701 -10.201312 -33.688496 
20.568968 -10.667042 -34.053229 
20.770083 -9.852294 -34.597047 
21.277685 -10.270226 -35.350488 
20.994709 -10.098339 -36.294087 
20.848740 -11.081795 -36.186821 
19.979521 -11.153369 -35.697602 
19.812339 -12.099745 -35.974048 
19.246568 -12.647102 -36.590736 
18.376165 -12.155798 -36.558796 
19.103355 -11.475217 -36.648262 
19.208705 -10.613006 -36.152789 
18.372108 -11.135387 -35.987795 
17.550425 -11.562450 -36.365227 
16.734604 -11.161823 -36.782280 
17.607145 -10.735093 -37.020132 
17.128817 -9.967950 -36.592706 
17.755138 -9.319461 -36.160057 
18.403396 -8.571948 -36.304917 
19.057473 -9.038471 -36.900349 
19.983743 -8.756000 -37.149817 
20.304358 -9.686027 -36.970218 
19.576081 -10.025601 -37.565450 
18.628310 -9.856251 -37.835730 
17.964733 -9.134274 -37.639731 
17.520091 -8.284232 -37.357381 
16.852417 -8.956504 -37.037596 
16.557453 -9.214231 -36.117502 
16.689074 -9.298039 -35.129751 
15.717238 -9.471963 -35.288767 
14.813703 -9.796437 -35.568660 
14.413202 -9.727322 -36.482346 
13.525605 -10.026422 -36.832647 
12.935305 -10.437408 -36.137927 
13.267135 -10.311733 -35.202997 
13.573854 -11.253901 -35.067935 
13.130004 -12.091282 -35.386982 
12.339818 -12.052730 -34.775329 
-26.643175 -10.109486 47.306537 
-27.573949 -9.802519 47.107962 
-27.562829 -8.884280 46.712092 
-26.739305 -8.760049 46.158581 
-26.118270 -7.981275 46.247044 
-25.406165 -7.768918 46.916231 
-24.558882 -7.948375 46.416323 
-24.140395 -7.795114 47.311521 
-23.270774 -8.277037 47.418804 
-24.104978 -8.828080 47.440160 
-24.167594 -9.445819 48.224046 
-24.993930 -9.146699 48.701220 
-25.623888 -9.768506 49.166525 
-26.332422 -10.407017 49.466998 
-26.372859 -10.787929 50.390724 
-25.706568 -10.188534 50.834326 
-25.612129 -11.107049 51.218269 
-26.530708 -11.175406 51.607549 
-27.149910 -10.578600 52.117854 
-27.519383 -10.108969 52.919687 
-27.013077 -9.472375 53.501411 
-27.417522 -8.577914 53.310719 
-26.476578 -8.255950 53.415431 
-27.044154 -7.599220 52.918879 
-27.419716 -7.473069 52.000708 
-27.809676 -8.393411 52.030763 
-27.827268 -9.391018 51.963897 
-28.640349 -8.955910 52.350653 
-28.807215 -8.204995 52.989623 
-28.076616 -7.600553 53.307231 
-27.284607 -7.614137 53.917588 
-27.025263 -8.025911 54.791192 
-27.755292 -7.904473 55.463731 
-27.940433 -8.798642 55.056073 
-28.590604 -9.192523 55.705793 
-29.465557 -9.363563 55.252799 
-29.459761 -8.409863 55.553504 
-29.817806 -7.528941 55.862988 
-30.122907 -8.347254 56.350100 
-29.185404 -8.246380 56.683136 
-29.602325 -8.945355 57.264180 
-28.648955 -8.700968 57.441270 
-28.412936 -8.008806 58.123331 
-28.484917 -7.060141 57.815350 
-29.465678 -6.969183 57.642619 
-29.913750 -6.256001 57.103545 
-30.329344 -5.493411 57.599265 
-30.495581 -4.929289 58.408049 
-31.355777 -4.449866 58.581879 
-31.589063 -3.617007 58.079960 
-31.858148 -2.744912 57.671251 
-32.696128 -2.770801 57.126164 
-33.608056 -2.523907 57.453929 
-33.615330 -3.342261 58.028597 
-33.976606 -2.507096 58.443301 
-34.251123 -1.545690 58.424909 
-35.084231 -2.051458 58.201011 
-35.215088 -2.982834 57.861284 
-34.982701 -3.955433 57.868151 
-34.714375 -4.797805 57.400807 
-35.271594 -4.776033 56.570727 
-35.322131 -5.508587 55.891896 
-34.911364 -5.957533 56.685444 
-35.337362 -5.735967 57.562618 
-35.399132 -5.213344 58.412941 
-35.038347 -4.997763 59.320332 
-34.235756 -4.798903 59.882741 
-33.434395 -5.069997 59.349516 
-32.827054 -4.421929 58.890011 
-33.175671 -3.729836 59.522050 
-32.185641 -3.866154 59.557527 
-31.726882 -3.045239 59.217473 
-31.669664 -3.110902 60.213673 
-31.507810 -3.979992 60.681097 
-30.915761 -3.561716 61.369953 
-30.193627 -2.927681 61.646583 
-29.228907 -3.129812 61.815278 
-28.360038 -3.415877 61.411258 
-28.590981 -3.963316 60.606910 
-28.215689 -4.787655 61.030727 
-28.252742 -5.629293 60.491957 
-27.791546 -6.356862 59.984078 
-28.600623 -6.332027 59.396900 
-28.033391 -5.980917 58.651937 
-28.244967 -5.895435 57.678321 
-28.637567 -5.092566 57.229692 
-29.492179 -4.692292 56.898905 
-28.866251 -3.974686 57.204282 
-28.038621 -3.695982 56.717092 
-28.737543 -3.154224 56.250180 
-29.475448 -2.891147 55.628660 
-29.694539 -3.061830 56.589320 
-30.623403 -3.375454 56.786430 
-30.436465 -2.410076 56.968361 
-30.033674 -2.226894 57.865135 
13.400725 -17.031926 0.073537 
13.307777 -16.307712 -0.609747 
12.701196 -15.775632 -1.200466 
11.818023 -16.065680 -0.831849 
12.013180 -16.863960 -0.262056 
12.034849 -17.862714 -0.307006 
11.693692 -18.717043 -0.699095 
12.685076 -18.785608 -0.587484 
13.112369 -18.311803 0.182535 
13.745193 -18.892174 -0.330011 
14.641081 -18.514610 -0.095851 
15.469278 -18.615250 -0.647177 
16.123712 -18.021698 -0.178763 
16.068322 -18.437841 0.728847 
16.864434 -19.039059 0.659981 
17.098874 -19.001479 -0.311423 
17.466671 -19.769604 -0.835551 
16.781952 -20.469981 -0.633981 
16.338359 -21.075279 0.026958 
16.809298 -21.430292 0.834536 
17.754112 -21.158164 0.652128 
18.112857 -22.035476 0.333339 
18.516463 -21.661763 -0.501789 
19.190757 -21.697902 0.235788 
19.110134 -22.655632 -0.040352 
18.493161 -23.429290 -0.184563 
18.879332 -23.047902 -1.024453 
19.291637 -23.799955 -1.538672 
18.322344 -23.593998 -1.673032 
17.429025 -23.500707 -2.112667 
16.979055 -22.609074 -2.162833 
17.169680 -22.767462 -3.131634 
16.454776 -22.074925 -3.035178 
16.255020 -21.128195 -2.782592 
15.696257 -20.607354 -2.137217 
14.776411 -20.999526 -2.128024 
14.768614 -21.493339 -2.997558 
13.791437 -21.481383 -3.209646 
13.772964 -20.523523 -2.923007 
13.606201 -19.547760 -2.781315 
14.437761 -19.347202 -3.299275 
14.106633 -19.608325 -4.206011 
14.420280 -19.386530 -5.129283 
15.314642 -19.124794 -5.492065 
15.688646 -19.436361 -6.365591 
14.755876 -19.081697 -6.430043 
14.643897 -18.109519 -6.224301 
15.306406 -18.111415 -5.475250 
16.054357 -18.567246 -4.992770 
16.873900 -18.008017 -5.117710 
16.521966 -18.426412 -5.955020 
16.708230 -18.529850 -6.932059 
17.387519 -19.130536 -6.510464 
17.933445 -18.293763 -6.468318 
18.361935 -18.688413 -7.281121 
18.843935 -19.103569 -8.052692 
17.986202 -19.511829 -8.365130 
18.286015 -20.424607 -8.087735 
18.360198 -21.413027 -8.220111 
18.592249 -21.903765 -7.380273 
17.748219 -21.550694 -6.976596 
17.112118 -22.288312 -7.203082 
17.263546 -22.093659 -8.172195 
16.755721 -22.832293 -8.615517 
16.673620 -22.920336 -9.608244 
15.760745 -22.541863 -9.761267 
16.557310 -21.976849 -9.976309 
16.890909 -21.037211 -10.052408 
16.007589 -20.693757 -10.371447 
15.856958 -20.034784 -11.108376 
16.464221 -19.344480 -10.715042 
17.270516 -19.524960 -11.278351 
17.614377 -18.596580 -11.419312 
17.032309 -18.238350 -10.689334 
16.981449 -17.795819 -11.584644 
16.206105 -17.274991 -11.227461 
15.737426 -17.593133 -12.051552 
15.716523 -18.182727 -11.244123 
14.760385 -18.333632 -10.993068 
14.114241 -18.298152 -10.230678 
14.864599 -18.832250 -9.841188 
14.168755 -19.106411 -9.177383 
14.707536 -19.862021 -9.549899 
15.139529 -20.665086 -9.139449 
-33.543775 3.857054 -18.167263 
-33.922790 4.310857 -18.973744 
-33.676602 3.639666 -19.672953 
-33.234790 2.823751 -20.045895 
-33.900354 3.297895 -20.622273 
-34.126450 3.724169 -21.498156 
-34.472512 4.408058 -22.140446 
-34.052807 3.684337 -22.688238 
-35.012980 3.438796 -22.821569 
-35.094130 2.843256 -23.620785 
-35.950503 2.328176 -23.584484 
-36.090120 1.353674 -23.408833 
-36.171047 0.605779 -22.749968 
-36.938517 0.776481 -22.132026 
-36.861755 -0.025907 -21.540180 
-36.357051 -0.844271 -21.265308 
-37.210788 -1.357031 -21.174693 
-37.448792 -0.775283 -21.952461 
-38.243960 -0.176655 -22.049174 
-39.186573 0.091125 -21.849738 
-39.184466 1.090277 -21.890879 
-38.895463 0.931622 -22.834968 
-38.055867 1.350175 -22.488716 
-37.572875 1.632351 -21.659803 
-36.975141 2.427318 -21.763443 
-36.399352 1.625614 -21.603014 
-35.762744 1.282216 -20.912501 
-36.490732 1.219649 -20.229772 
-36.285477 0.796806 -19.347121 
-36.040954 0.688858 -18.383505 
-35.291774 0.117210 -18.718090 
-34.951671 0.876836 -19.272435 
-34.009094 0.546351 -19.224193 
-34.227705 -0.282605 -19.739015 
-35.218032 -0.361763 -19.852977 
-35.097738 -1.099462 -20.517304 
-36.026214 -1.469327 -20.550968 
-36.137686 -2.350771 -20.092023 
-36.425028 -3.290389 -19.906143 
-36.025396 -2.896609 -19.078356 
-35.236615 -2.319514 -18.866729 
-34.855648 -1.756087 -19.599815 
-34.668823 -1.457198 -18.663993 
-33.897344 -0.892606 -18.370640 
-33.120421 -1.345979 -18.807496 
-33.050434 -2.329317 -18.975269 
-33.584278 -3.040851 -18.518400 
-32.805661 -3.570561 -18.854797 
-31.815176 -3.585356 -18.991619 
-31.589164 -3.768513 -19.948370 
-31.017715 -3.549857 -20.739341 
-31.057815 -4.546524 -20.810392 
-30.903549 -4.087212 -21.685169 
-30.736466 -3.793812 -22.626445 
-30.746151 -3.102085 -23.348538 
-31.176145 -2.199612 -23.323084 
-30.970906 -1.326611 -23.765516 
-31.669067 -0.697707 -23.423390 
-31.083168 -0.028592 -23.880563 
-31.418529 0.546485 -24.626766 
-30.571358 0.089143 -24.897209 
-30.158600 0.753848 -24.274475 
-30.158185 1.578104 -23.708258 
-30.555462 1.550604 -22.790971 
-30.599234 1.359628 -21.810353 
-30.670671 1.588422 -20.839503 
-31.386291 2.286539 -20.816668 
-31.788343 3.072983 -20.347775 
-30.855449 3.401192 -20.199489 
-30.072518 3.000675 -19.723459 
-30.918439 2.509343 -19.516072 
-30.781314 2.586492 -18.528527 
-31.675660 2.179862 -18.715071 
-31.068470 1.560494 -19.212770 
-30.114349 1.847398 -19.298435 
-29.238021 1.643852 -18.861836 
-29.748695 1.989665 -18.074673 
-29.524733 1.075911 -17.735712 
-30.513260 1.201454 -17.819690 
-31.459669 1.319831 -18.120185 
-32.128601 1.664771 -17.461743 
-31.674716 0.851521 -17.097585 
-29.080775 -1.015646 -71.721663 
-28.326020 -1.076530 -71.068488 
-28.169165 -1.234992 -70.093662 
-27.178067 -1.270200 -69.965263 
-27.388497 -0.599144 -70.676180 
-26.976978 -1.386858 -71.134611 
-27.235464 -2.341136 -71.284736 
-28.142465 -2.725760 -71.113231 
-28.629414 -2.191176 -70.422507 
-29.295964 -2.714102 -70.953788 
-30.002865 -3.320202 -70.589187 
-29.187292 -3.713251 -70.164508 
-29.402367 -3.414359 -69.234773 
-30.022982 -3.307260 -68.458007 
-29.791269 -4.276186 -68.371456 
-29.116713 -4.982494 -68.586172 
-28.900205 -4.418220 -67.789480 
-28.847767 -3.434218 -67.959748 
-27.922487 -3.683342 -68.245746 
-27.778377 -4.575425 -68.674022 
-26.804386 -4.583618 -68.447586 
-26.905555 -5.552092 -68.675234 
-26.853968 -6.314678 -68.030407 
-26.572336 -7.272902 -68.080312 
-26.069784 -7.870960 -67.455998 
-25.283172 -7.254050 -67.481748 
-25.112877 -6.353660 -67.081375 
-25.657734 -6.216169 -67.908555 
-25.511045 -6.975752 -68.542208 
-24.909926 -6.236719 -68.846324 
-25.429274 -5.602431 -69.418999 
-24.701807 -5.086169 -68.967042 
-23.983222 -5.775908 -69.055898 
-24.122067 -5.952960 -68.081540 
-23.791523 -6.656895 -67.452878 
-23.141798 -6.647781 -68.212993 
-22.862186 -5.997063 -68.918956 
-22.117800 -5.810098 -68.277915 
-22.051935 -6.805633 -68.345526 
-21.098660 -7.107515 -68.357098 
-20.424194 -6.641377 -68.929647 
-21.041772 -6.953563 -69.651545 
-21.489562 -6.062231 -69.580752 
-20.733999 -5.408012 -69.547249 
-20.926360 -5.093096 -68.617827 
-21.200984 -4.428091 -69.312341 
-21.854944 -4.154615 -70.017711 
-22.593990 -4.793974 -69.805505 
-22.719951 -4.524381 -70.760205 
-23.137947 -4.798193 -71.626408 
-23.214910 -5.709501 -71.221940 
-24.100168 -5.690721 -71.686661 
-24.438852 -6.578428 -71.998543 
-25.422061 -6.661766 -72.160884 
-26.305256 -6.616048 -72.627657 
-26.653487 -7.038599 -73.464428 
-25.694185 -7.217858 -73.246240 
-26.087822 -7.660768 -72.440709 
-26.213530 -7.295118 -71.518485 
-26.547882 -8.121100 -71.064654 
-27.212674 -8.665411 -71.576295 
-28.192526 -8.816898 -71.446136 
-27.971737 -8.386244 -70.571042 
-28.154382 -7.432910 -70.811446 
-27.314426 -7.244631 -70.302501 
-28.082342 -6.817755 -69.824922 
-29.032432 -7.118471 -69.907983 
-29.501325 -7.787314 -70.484861 
-30.190599 -7.457148 -71.129758 
-30.116423 -6.479007 -70.935490 
-30.390172 -5.941852 -71.733315 
-30.767401 -5.130928 -72.180641 
-31.704602 -4.943257 -72.474639 
-32.533841 -4.460816 -72.192480 
-32.710267 -4.935399 -73.054829 
-33.560947 -4.688141 -72.590925 
-34.363539 -4.482568 -72.030938 
-33.979006 -3.703617 -72.526286 
-33.699639 -3.776107 -73.483731 
-32.944349 -3.296095 -73.037496 
30.772725 14.427954 -58.175663 
30.031387 13.994197 -57.663537 
30.424869 13.147388 -58.021427 
29.489075 13.304281 -58.337138 
28.668792 12.750800 -58.481342 
27.740393 12.662819 -58.120324 
27.482198 11.836731 -57.619412 
28.046930 12.420064 -57.035631 
27.733224 12.814043 -56.171704 
27.160096 13.621357 -56.031105 
26.404805 13.366485 -56.634907 
25.909442 13.302562 -57.501238 
25.105475 13.683756 -57.044809 
25.006921 14.387300 -57.748594 
25.444118 13.725718 -58.357830 
25.927103 14.528164 -58.708266 
26.591490 14.447411 -57.965252 
26.820389 14.974001 -57.146528 
27.295304 14.124164 -56.917980 
28.251241 13.837374 -56.980718 
28.248136 14.837368 -56.982439 
29.155880 14.438340 -57.111972 
29.971163 14.205940 -56.581592 
30.664917 13.574111 -56.235907 
30.845626 12.702972 -55.779331 
29.964528 12.679092 -55.307000 
30.483458 13.471261 -54.985784 
29.608032 13.898303 -54.759365 
29.004842 14.476259 -54.209703 
29.705400 13.943917 -53.734489 
29.786904 13.118103 -53.176466 
28.918667 13.078255 -52.681919 
28.723045 13.969833 -52.273482 
29.239055 14.811276 -52.433816 
28.764242 15.396499 -51.776498 
29.576625 15.936187 -51.555658 
30.486021 16.021235 -51.962801 
30.684576 16.935817 -52.315102 
29.868384 17.490701 -52.476144 
29.286518 17.466105 -53.289056 
29.255325 16.513033 -52.987923 
29.539851 15.665666 -53.436268 
30.500844 15.575918 -53.697871 
31.135930 15.533410 -54.469142 
30.559209 15.769271 -55.251294 
30.742249 14.803054 -55.069850 
30.603407 14.826911 -56.059877 
30.390882 15.209606 -56.958975 
30.796456 15.893585 -57.565344 
30.476342 16.769936 -57.925256 
30.807470 17.667525 -58.216267 
30.759755 18.587255 -58.605907 
30.250106 18.560864 -59.465885 
29.281518 18.766029 -59.606398 
29.489521 19.111662 -60.521424 
30.142982 19.669757 -61.032813 
30.732989 19.523630 -60.238748 
31.332260 19.206298 -60.973714 
32.147642 19.527383 -61.455437 
32.563361 19.426765 -60.551527 
33.410838 19.485074 -61.079148 
33.707489 18.831091 -60.383229 
33.493630 18.445827 -59.485545 
33.931619 19.279167 -59.148334 
32.984546 19.352493 -58.835804 
33.597530 20.054479 -58.473220 
32.957732 19.694132 -57.794392 
32.472913 18.864884 -58.072418 
31.519797 18.894551 -57.771272 
31.273770 19.651347 -57.165689 
31.518994 20.595414 -56.945231 
32.389596 20.817259 -56.506098 
32.072092 21.439569 -57.221585 
31.777117 22.359879 -56.964643 
31.949320 21.698057 -56.235029 
31.084683 21.612535 -56.730093 
30.105163 21.627382 -56.529295 
30.314045 22.287345 -57.250971 
-2.454675 -38.995046 -62.114663 
-2.524635 -37.997927 -62.143990 
-2.870087 -37.280726 -62.749205 
-2.061491 -36.947582 -62.264244 
-1.398823 -36.216129 -62.425014 
-0.509038 -36.103645 -62.867314 
-0.400595 -36.979933 -62.397890 
-0.798493 -37.102241 -63.307130 
-0.490286 -36.466299 -64.014651 
-1.352671 -36.236861 -63.563375 
-2.227706 -36.428122 -63.118703 
-3.185602 -36.169020 -62.995010 
-3.778798 -36.855453 -62.574381 
-4.278709 -37.721525 -62.577261 
-4.817935 -37.731725 -61.735162 
-5.276070 -38.426198 -62.289976 
-5.634030 -39.073798 -62.962642 
-5.151631 -39.386407 -63.780913 
-5.386125 -39.981617 -64.549508 
-4.728315 -40.642708 -64.910401 
-4.349019 -40.443623 -65.814005 
-3.550222 -40.825601 -66.278781 
-2.849003 -40.124570 -66.408579 
-2.141850 -40.648118 -66.883798 
-1.733051 -39.786672 -67.185120 
-1.823848 -39.372393 -68.090729 
-2.822444 -39.376219 -68.037895 
-3.385969 -39.162860 -68.835967 
-3.792233 -39.892796 -68.286292 
-4.082152 -40.485321 -67.534720 
-4.670511 -41.293543 -67.559443 
-5.190763 -41.922033 -66.981223 
-5.392678 -41.983638 -66.003759 
-6.351926 -42.259304 -65.941700 
-6.304605 -43.089292 -66.497471 
-6.382274 -42.229807 -67.002697 
-7.072075 -41.516169 -66.880644 
-6.122474 -41.216408 -66.788988 
-6.099611 -40.467938 -67.451763 
-6.396216 -39.864899 -68.192283 
-6.225302 -39.010360 -68.682743 
-5.633315 -38.765177 -67.914996 
-5.253421 -38.100284 -67.271879 
-5.882198 -37.623085 -66.657940 
-6.421040 -36.781155 -66.686279 
-6.223144 -35.856985 -66.359558 
-6.015581 -35.267230 -65.579105 
-5.568021 -34.515787 -65.094313 
-4.626007 -34.330869 -65.374338 
-4.548650 -33.347029 -65.212861 
-5.366898 -32.830934 -64.959653 
-5.684801 -33.174915 -64.076129 
-5.401793 -32.474114 -63.421313 
-4.605807 -33.055339 -63.252249 
-3.886347 -32.563527 -63.742655 
-3.071611 -33.075357 -63.470195 
-2.987011 -33.495040 -62.566475 
-3.710643 -34.174519 -62.687574 
-3.103845 -34.405909 -61.927143 
-2.837294 -33.797962 -61.179246 
-2.638578 -34.307263 -60.341915 
-1.690721 -34.128349 -60.078179 
-2.344433 -33.766458 -59.413578 
-2.921844 -34.443672 -58.957531 
-2.198424 -34.225989 -58.302338 
-2.901777 -33.517551 -58.243925 
-2.202285 -33.329707 -57.554414 
-3.027137 -32.947075 -57.138226 
-2.393129 -32.176144 -57.199052 
-2.923651 -32.432152 -58.007140 
-3.866283 -32.432237 -57.673306 
-4.295546 -31.963673 -56.901179 
-5.103622 -31.393447 -57.049016 
-4.722730 -31.126290 -56.163833 
-4.621399 -30.143958 -56.006493 
-5.263187 -29.578293 -55.488678 
-78.286975 -28.020746 17.512137 
-77.979854 -28.344026 18.407216 
-78.397203 -27.493009 18.725948 
-77.585083 -26.949391 18.513955 
-78.277846 -26.229927 18.464459 
-77.766381 -25.702349 17.786178 
-78.476870 -25.980913 17.139953 
-77.972222 -26.819086 16.933084 
-77.655356 -26.018874 16.423913 
-77.964485 -25.137760 16.781792 
-77.182275 -24.667424 17.190365 
-76.867583 -25.588913 16.962709 
-76.883021 -26.585690 16.883994 
-76.128984 -26.960454 16.344569 
-75.525681 -27.603990 15.873520 
-76.083369 -28.378187 16.172861 
-76.513592 -29.212596 16.517344 
-76.486691 -29.162200 17.515711 
-77.274208 -29.771663 17.424207 
-77.158985 -30.474448 16.722198 
-77.470210 -30.839837 15.844913 
-76.595891 -30.355573 15.812450 
-76.341965 -30.073183 14.887367 
-75.711597 -30.531802 14.261025 
-75.021301 -31.060422 14.755041 
-75.249415 -32.011996 14.548954 
-75.843714 -32.508812 13.916512 
-75.118186 -33.074897 13.525158 
-74.661135 -32.632587 12.753494 
-75.477896 -32.234544 12.335806 
-74.974224 -31.647450 11.702058 
-75.139692 -30.947376 12.396693 
-74.770573 -30.619475 13.266309 
-74.010493 -30.963211 13.817783 
-73.092691 -30.681253 13.538248 
-72.327019 -30.933006 12.946331 
-71.359444 -30.964291 12.695690 
-71.497729 -31.944843 12.556423 
-72.349276 -31.581181 12.178775 
-72.501433 -32.309908 12.846461 
-72.800029 -32.468243 11.905307 
-71.853225 -32.469938 11.583503 
-71.046530 -32.510925 10.993957 
-71.423956 -31.597721 11.147609 
-71.605653 -31.740958 10.174742 
-71.575462 -31.129972 9.383676 
-72.363053 -31.722949 9.216110 
-72.418551 -32.266773 8.378748 
-73.394853 -32.207817 8.586972 
-73.199143 -32.961258 9.214685 
-72.731866 -33.844820 9.245837 
-72.603912 -34.070558 8.280089 
-71.683711 -34.235814 8.634941 
-71.581042 -34.611498 7.713898 
-72.381486 -34.907545 7.192701 
-72.422249 -33.914198 7.300406 
-73.246570 -34.072616 6.756899 
-73.621653 -34.663251 6.042433 
-74.147884 -33.814602 6.096051 
-74.809451 -33.065625 6.132967 
-74.618478 -32.592197 5.273086 
-75.175491 -31.793707 5.501448 
-75.709228 -32.565018 5.848152 
-75.726440 -32.897130 6.791235 
-76.521461 -32.847108 7.395751 
-77.017587 -32.184841 6.834270 
-77.939967 -31.976126 6.509228 
-77.378587 -31.182226 6.275615 
-29.677875 -36.477346 -14.464863 
-29.642522 -37.213159 -15.141123 
-28.916719 -36.570930 -15.387602 
-28.642699 -35.747570 -14.890620 
-28.684130 -35.276743 -14.009368 
-29.203356 -34.612087 -13.472118 
-28.769678 -33.719679 -13.347489 
-29.212462 -33.931319 -12.476197 
-29.785026 -33.661668 -13.250445 
-30.393736 -32.969530 -12.862608 
-31.171187 -32.945830 -13.491104 
-30.987692 -33.079222 -14.465032 
-31.367011 -33.439904 -15.317103 
-30.672252 -34.050854 -15.696644 
-31.144736 -33.934206 -16.570230 
-31.202608 -34.283780 -17.505349 
-30.425586 -34.809611 -17.159314 
-29.667240 -35.185077 -17.692171 
-28.854247 -34.603842 -17.726922 
-28.832805 -35.367432 -17.081577 
-27.916762 -35.277235 -16.690771 
-27.183694 -34.597840 -16.722930 
-27.185529 -34.037326 -15.894787 
-27.308320 -33.080954 -15.629691 
-27.276408 -32.850361 -16.602217 
-27.814500 -32.008802 -16.649504 
-27.684222 -31.759150 -15.689973 
-28.645092 -31.496363 -15.777559 
-29.500705 -31.957020 -15.541503 
-30.397091 -32.396321 -15.600722 
-30.846397 -32.005208 -14.797507 
-31.189753 -31.241500 -14.250830 
-31.849748 -30.781980 -13.656483 
-31.446817 -31.101308 -12.798767 
-32.246806 -30.514288 -12.674574 
-33.014776 -30.376454 -12.049095 
-32.996676 -29.672868 -11.338716 
-32.036786 -29.901958 -11.177071 
-32.288048 -29.384292 -10.359215 
-32.522341 -30.195544 -9.823513 
-33.485215 -29.988230 -9.996416 
-33.357855 -29.139709 -10.510021 
-32.964757 -28.860149 -9.634053 
-32.766119 -28.107363 -10.261632 
-31.780784 -28.227690 -10.382614 
-30.932156 -28.118689 -9.864977 
-31.182076 -27.729817 -8.978230 
-30.877035 -28.680263 -8.918208 
-29.883557 -28.688954 -8.804514 
-28.900408 -28.507534 -8.826979 
-28.569935 -29.063787 -9.589455 
-27.763798 -29.655460 -9.581258 
-27.523392 -29.603133 -8.611997 
-27.098216 -30.506637 -8.665898 
-26.316780 -30.681471 -8.066907 
-26.417379 -30.271124 -7.160543 
-26.044294 -29.728864 -7.913379 
-25.224503 -29.243064 -7.610163 
-25.033192 -29.400995 -6.641422 
-24.997496 -29.779571 -5.716540 
-24.718064 -28.820727 -5.766895 
-25.406941 -28.176738 -6.099649 
-26.251239 -28.453367 -6.558602 
-27.070191 -28.474213 -7.132085 
-26.748009 -27.834972 -7.830348 
2.899425 -0.251546 69.802577 
2.569241 -0.128179 68.866757 
2.421823 -1.103110 68.700087 
2.603137 -1.557497 67.827931 
2.923070 -1.211957 66.945749 
2.271618 -1.148763 66.189695 
2.797036 -0.385337 65.814040 
2.242610 0.340055 66.221983 
1.746707 1.055063 66.714775 
1.022770 0.864641 66.051710 
0.412842 0.826615 65.260166 
0.084046 1.613088 65.782999 
0.896744 1.913615 65.283794 
1.484756 1.124937 65.104266 
2.037902 1.957098 65.065046 
3.012558 2.173403 65.122133 
3.357047 3.085349 64.899237 
2.610302 3.736424 64.763318 
1.612581 3.740114 64.830684 
1.730354 3.896434 63.850024 
2.598610 4.295589 63.555396 
2.342151 4.039108 62.623491 
3.164580 3.717529 62.154239 
3.481718 4.262504 61.378078 
4.161441 4.735511 60.817506 
4.696756 5.364962 61.380736 
5.315938 4.822401 60.813073 
5.752585 4.198379 60.165049 
6.236145 4.194481 61.040352 
5.843733 4.234463 61.959272 
5.825014 3.900983 62.901844 
5.689739 2.940524 63.145193 
5.768282 2.434131 64.003911 
5.843568 1.840066 64.804797 
4.891408 2.140443 64.861042 
5.102215 1.424242 65.526336 
5.363652 0.459232 65.546496 
5.859023 0.984045 66.238722 
5.696902 0.483343 67.089024 
6.226998 -0.301529 66.768130 
6.503788 -1.072085 66.193995 
7.243723 -0.399407 66.195055 
7.244905 0.047574 67.089597 
7.763723 0.896549 66.989249 
7.318195 0.835708 66.096051 
7.821382 1.617966 65.728797 
7.905595 1.702346 64.735928 
8.203258 2.511044 65.243278 
8.845486 3.262906 65.392436 
8.738666 3.756344 66.255632 
9.158490 3.432015 67.103311 
9.196958 2.621698 66.518583 
9.018595 2.098201 67.351732 
8.534669 1.507632 67.997522 
8.045566 2.178568 68.554857 
7.700731 2.282989 69.487694 
7.712588 1.305574 69.276698 
7.263043 0.640024 69.872477 
6.878671 -0.000877 69.208020 
6.884138 -0.508626 68.346533 
6.106912 0.118960 68.391864 
5.113084 0.037864 68.467564 
4.527303 0.364304 67.725744 
4.309146 -0.543999 67.368822 
5.203830 -0.794815 67.738458 
5.973991 -1.158919 68.262176 
5.991782 -2.078220 67.869023 
6.250562 -2.316914 68.805003 
5.533897 -2.012180 69.432321 
-25.718975 15.465454 14.317437 
-25.477699 16.339526 14.739082 
-25.335372 16.233408 15.723197 
-25.491248 17.159579 16.066576 
-26.356437 17.659005 16.111542 
-26.733170 18.285721 15.429414 
-26.858991 18.983292 16.134796 
-27.832290 19.202633 16.202470 
-27.799231 20.187546 16.372337 
-27.858528 20.088822 17.365684 
-28.091524 19.856179 18.309924 
-29.083490 19.732469 18.283474 
-29.087873 20.410397 17.548358 
-29.523671 19.768887 16.917053 
-29.401652 20.457349 16.202119 
-30.066766 19.745028 15.978020 
-30.159420 20.188504 15.086536 
-30.465538 19.320230 14.696163 
-30.595794 19.848727 13.857280 
-30.879268 20.160329 12.950336 
-31.395903 20.006360 12.108088 
-31.526506 20.797336 11.510342 
-31.782994 20.325609 10.666726 
-31.594440 19.369748 10.441389 
-32.469015 19.213017 10.900251 
-33.076118 18.999503 10.134850 
-33.707522 18.944825 9.361326 
-34.623354 19.300007 9.548669 
-34.664828 18.701382 8.748714 
-34.027032 18.246805 8.126962 
-33.068841 18.307434 8.406594 
-32.217629 18.026145 8.849668 
-31.421600 18.325592 8.323674 
-30.907198 18.591261 7.508315 
-30.758194 19.473432 7.955052 
-31.493926 19.806833 8.544579 
-32.169028 19.143009 8.222748 
-33.002725 19.560163 8.584595 
-32.664129 20.136783 9.328142 
-32.857259 20.908251 8.721892 
-33.382069 20.558186 7.945986 
-32.611145 20.176698 7.435945 
-32.201333 20.406193 6.553116 
-31.314877 20.866582 6.600407 
-30.503258 20.910072 6.017841 
-31.277578 21.432099 5.660187 
-31.642849 22.270341 5.255308 
-31.526913 22.724971 6.138411 
-30.827514 22.969834 5.466933 
-30.095354 23.494075 5.901805 
-29.803556 22.754322 6.508121 
-30.353128 22.163752 7.099050 
-29.703677 21.702241 6.494714 
-28.724164 21.708333 6.695999 
-28.953673 21.497614 5.745777 
-28.675852 20.703370 6.286139 
-29.351523 20.237022 5.715185 
-28.923812 19.563343 5.112508 
-29.790171 19.252550 5.503443 
-30.582878 18.729685 5.190031 
-31.439692 18.545783 5.671747 
-30.705970 18.936944 6.227305 
-30.884155 19.917834 6.305448 
-31.585237 20.380769 5.763070 
39.751125 44.156954 13.918737 
39.736868 44.570972 14.828894 
39.136148 45.155077 14.283040 
38.999496 45.972484 13.723422 
38.254112 46.634259 13.803776 
38.014942 45.819431 13.275710 
38.797490 46.101527 12.720697 
38.284907 46.294537 11.884034 
37.802783 45.485902 11.546891 
38.466800 44.792938 11.266031 
38.569552 44.374133 10.363787 
38.095872 43.504277 10.501547 
37.268038 43.508173 9.940588 
36.698069 44.296770 9.709827 
35.857139 44.835138 9.764568 
34.990554 44.384995 9.979976 
34.480721 44.996903 9.375295 
34.222056 45.229234 8.437684 
34.227189 46.011966 9.060023 
34.456916 46.972297 8.901944 
33.544974 47.038967 8.497078 
33.737945 46.928512 7.522110 
33.967605 47.827090 7.148194 
33.571184 48.630451 6.703828 
33.638230 48.827314 7.681964 
34.108391 49.548810 8.190287 
34.189314 49.585167 9.186344 
34.033348 50.537139 8.922860 
34.842666 51.099458 9.092574 
34.341274 50.720697 9.870486 
34.461467 50.186080 10.706989 
34.512133 50.088359 11.700913 
34.546485 50.157239 12.697946 
35.119674 50.697327 13.314193 
35.412623 49.851843 13.760665 
35.757775 50.599721 14.327717 
36.685320 50.511857 14.690953 
35.977026 50.151252 15.297817 
36.013643 50.660366 16.157736 
35.679041 51.167485 15.363462 
34.807176 50.822688 15.015660 
34.054688 51.426397 14.752418 
33.844403 51.139764 15.687096 
34.621575 51.430412 16.245242 
35.009367 51.075027 17.095723 
35.416780 51.977471 16.955685 
35.719203 52.725050 17.547011 
36.051774 53.656993 17.402515 
37.007210 53.619770 17.695357 
36.963564 53.509692 16.702392 
36.376517 53.655029 15.905993 
35.984453 52.741319 16.012856 
36.585563 52.274804 15.363988 
37.501940 52.107317 15.727584 
38.193364 51.720551 16.337785 
38.093726 50.792757 15.978243 
38.968962 50.862969 15.499670 
39.050457 49.872902 15.614235 
39.516788 49.020724 15.376899 
40.331517 49.153662 15.941296 
41.264859 49.411595 15.691612 
41.105745 48.797544 16.464673 
42.089078 48.934484 16.345077 
1.698025 35.789554 20.437937 
0.775826 36.107810 20.657627 
-0.189125 36.001827 20.417552 
-0.892718 35.605557 19.827698 
-0.395705 35.494154 18.967136 
0.077796 35.236101 19.809280 
0.770352 35.872574 19.469768 
0.583290 35.625117 18.519099 
0.971538 34.793691 18.121614 
-0.027975 34.810470 18.095280 
-0.675818 34.141743 18.460113 
-0.990109 34.240758 19.404261 
-1.750906 33.797327 19.878136 
-2.750431 33.794845 19.908872 
-3.527008 33.984836 20.509564 
-3.374203 34.620997 21.265838 
-3.714384 34.859067 22.175563 
-4.174711 35.543576 21.610277 
-4.227341 36.528014 21.777943 
-4.807624 36.087472 22.462920 
-5.684304 36.566070 22.414160 
-6.224203 36.566648 23.255890 
-7.105436 36.584717 22.783553 
-7.108511 35.587898 22.863195 
-7.890486 35.148761 22.420844 
-8.762150 34.880236 22.010848 
-8.786398 33.977273 22.439883 
-7.923916 33.781742 21.973093 
-8.250254 32.878908 22.253083 
-7.589781 32.509402 21.599445 
-7.343243 31.954714 20.804750 
-6.409890 31.626951 20.658386 
-5.454890 31.559010 20.947108 
-5.769520 31.072458 21.762139 
-5.762891 30.722601 22.698918 
-5.805819 31.139129 23.607027 
-4.914109 31.445581 23.940106 
-3.944011 31.538765 24.164220 
-3.979362 32.415000 24.644807 
-3.889527 32.502277 23.652682 
-3.445056 32.225866 22.800600 
-3.360005 33.221792 22.770635 
-3.806347 33.644283 23.559482 
-4.256166 34.484078 23.255494 
-4.469156 35.304204 23.786558 
-5.386397 35.042441 24.086805 
-5.337333 35.941766 24.521324 
-6.249389 36.186079 24.191985 
-6.137142 37.063694 24.658023 
-6.645923 36.529895 25.333449 
-6.400011 35.561321 25.370743 
-6.243227 34.629430 25.043637 
-5.410089 34.838022 25.555858 
-4.430447 34.736883 25.382444 
-4.546309 33.975577 24.744486 
-4.452523 33.680611 25.695380 
-5.132805 33.963685 26.371461 
-5.885023 34.026362 27.027387 
-5.635225 33.129214 27.391703 
-5.844190 32.204146 27.074556 
-5.848510 31.314957 26.617036 
-5.132987 31.621330 25.989212 
-4.724439 31.315854 26.849313 
-18.132795 -48.395546 49.132237 
-17.787957 -49.330374 49.047489 
-17.872609 -48.958139 48.123219 
-17.918542 -48.053039 47.700508 
-17.461471 -47.859484 46.832394 
-16.916155 -47.232893 47.389183 
-17.318066 -46.740394 46.617230 
-16.955844 -46.607647 45.694639 
-16.063287 -46.164366 45.611909 
-15.698837 -45.727943 44.789285 
-15.477764 -44.774545 44.583954 
-15.942810 -43.897135 44.466125 
-15.757898 -42.944695 44.708337 
-14.827688 -43.304427 44.635513 
-14.244039 -42.606803 45.051054 
-14.754141 -42.321713 45.862546 
-14.378603 -42.126793 46.768624 
-14.674593 -42.275610 47.712151 
-15.592427 -42.671378 47.742982 
-16.036188 -42.648934 48.638846 
-16.704747 -43.387482 48.551805 
-17.428304 -43.281767 49.233926 
-17.868356 -43.360396 48.339403 
-18.612770 -42.750354 48.610876 
-18.107395 -42.306376 47.870958 
-17.241819 -41.808474 47.924543 
-17.329749 -42.241215 47.027323 
-17.266536 -41.428980 46.447428 
-17.122242 -40.773271 47.188525 
-16.796649 -39.847405 47.380258 
-15.935813 -40.350145 47.459096 
-15.917091 -40.288236 48.457002 
-16.842163 -40.280537 48.836716 
-17.627766 -39.891521 49.317855 
-17.549810 -38.953925 48.978977 
-16.879476 -38.417882 48.465841 
-16.858764 -38.718432 47.512300 
-16.202697 -37.965873 47.455445 
-15.777950 -38.203472 48.329022 
-15.941352 -38.411390 49.293423 
-16.056549 -37.458510 49.574044 
-16.033126 -37.517099 50.572052 
-15.128125 -37.903392 50.393863 
-15.663087 -38.729453 50.216552 
-15.550288 -39.694590 50.452744 
-16.006181 -40.100787 49.660806 
-16.795764 -39.900811 50.240951 
-17.706984 -39.500712 50.338921 
-18.319859 -38.946495 49.775690 
-19.233410 -38.959451 49.369174 
-19.758407 -38.816309 48.530193 
-19.344041 -39.707972 48.347880 
-18.462094 -40.048238 48.674052 
-18.490446 -40.637889 49.481212 
-18.876436 -41.145043 50.251801 
-19.253508 -41.889326 50.803035 
-19.803495 -41.607086 50.016998 
-20.340572 -42.407783 50.282391 
-20.897940 -41.989807 50.999773 
-20.810094 -41.984736 51.995894 
-21.080070 -41.051150 52.231542 
-20.322924 -41.465675 52.736418 
-20.930385 -41.137410 53.459767 
-20.834458 -40.231470 53.047370 
-20.648656 -39.902255 52.121575 
-20.780409 -40.454810 51.298578 
71.731225 18.333254 -8.531163 
71.287462 18.849921 -9.263372 
71.371917 19.538008 -8.542676 
70.442836 19.330555 -8.848900 
69.823666 19.922353 -8.332757 
70.504875 19.372844 -7.849027 
69.692806 19.700226 -7.365949 
69.536742 20.647539 -7.645668 
69.700703 21.521618 -7.188391 
69.992177 22.478107 -7.175293 
70.460090 23.354698 -7.062839 
70.007905 23.656325 -6.223463 
69.295922 22.963103 -6.111552 
68.468700 22.508022 -5.782000 
68.126003 23.040654 -5.008138 
68.801839 22.341720 -4.774181 
69.378080 21.628259 -4.375534 
69.683936 20.707876 -4.131919 
69.583280 20.639142 -3.139375 
69.070926 19.819930 -3.397026 
69.930328 19.454365 -3.039551 
69.819449 18.596086 -2.538489 
68.830605 18.592508 -2.687405 
69.150540 18.422337 -3.619437 
69.664231 17.580672 -3.452942 
70.020343 18.213656 -4.140340 
69.555775 18.872776 -4.731726 
68.761779 18.810203 -5.336421 
69.067975 17.885143 -5.561162 
69.066458 17.819292 -4.563333 
68.614249 17.183569 -3.937743 
67.903495 17.297934 -3.243661 
67.484435 17.494201 -4.130152 
66.809473 17.810699 -4.796678 
67.316679 17.087938 -5.266102 
66.664833 17.521899 -5.888014 
67.014874 18.456216 -5.955267 
66.098783 18.560560 -5.568111 
65.166222 18.523129 -5.927179 
64.526469 18.678467 -6.679898 
64.563263 18.596591 -7.675861 
63.967179 17.819362 -7.877355 
64.659520 17.866944 -8.597355 
65.615604 18.158612 -8.568469 
65.354416 17.609614 -7.774503 
64.987162 16.725507 -7.485575 
64.562887 17.175061 -6.699514 
64.686373 16.441015 -6.031735 
64.371436 15.566355 -5.663244 
64.590769 15.418083 -4.698927 
63.606290 15.557960 -4.804920 
63.205292 15.086051 -4.019744 
63.106001 15.997496 -3.620484 
62.407994 15.537986 -3.071270 
62.230130 14.593234 -2.795936 
12.598525 46.650854 -36.368663 
11.716087 46.979744 -36.032307 
11.559523 47.827566 -36.538949 
11.351568 48.634047 -37.092431 
11.279919 48.860017 -38.063927 
10.566016 48.164559 -37.982194 
10.261872 48.971582 -37.476023 
9.497493 48.375098 -37.720830 
9.101279 48.428092 -38.637458 
9.601763 48.748390 -39.441774 
10.184572 47.955976 -39.261733 
9.350098 47.418548 -39.139976 
9.382690 47.083509 -38.198336 
8.458209 47.325752 -38.492705 
7.930157 46.696460 -37.922483 
8.102544 45.738907 -38.153512 
8.032466 44.862475 -37.677112 
8.614322 44.616580 -36.901883 
9.305451 45.339101 -36.884434 
9.078254 46.143022 -37.434062 
9.085145 46.866023 -36.743249 
8.092667 46.985031 -36.771953 
8.266432 46.004056 -36.685385 
7.895791 46.425797 -35.857883 
7.580248 46.959598 -35.073352 
7.737025 47.647435 -35.782083 
7.581993 48.621981 -35.620139 
8.237718 48.913699 -36.316505 
7.942910 49.720365 -35.804276 
7.009881 50.072006 -35.880465 
6.804681 50.389728 -36.806178 
6.023862 50.876264 -37.198103 
6.635154 51.588525 -36.853129 
6.757892 51.726677 -35.870353 
7.733739 51.577415 -35.710842 
8.172562 52.075191 -34.962742 
8.593493 52.674172 -34.281537 
9.486052 53.007379 -34.585367 
9.682724 53.654076 -33.848412 
9.255966 54.469954 -33.458257 
8.331573 54.095441 -33.530618 
7.485024 54.624079 -33.593047 
7.410690 55.189522 -34.414477 
8.376393 55.242404 -34.668682 
8.694090 54.489645 -35.245244 
8.140517 54.909063 -35.964719 
8.781268 55.641826 -36.193840 
9.772969 55.710058 -36.302804 
10.291932 54.859088 -36.383593 
10.718898 55.335319 -37.152296 
11.679275 55.542508 -36.965886 
12.540681 55.993769 -36.732769 
-16.797115 20.368454 -32.724663 
-17.743966 20.506235 -32.433991 
-17.546645 20.072505 -31.554819 
-18.314024 19.493966 -31.278371 
-17.740524 19.079035 -31.984721 
-17.658594 18.107042 -32.204987 
-17.479023 17.130544 -32.324175 
-16.634614 17.585339 -32.607256 
-16.213572 18.461010 -32.843739 
-15.927489 19.368658 -32.536603 
-14.997076 19.164160 -32.232445 
-15.506462 19.805542 -31.658724 
-14.561081 20.039731 -31.431986 
-14.087177 19.971502 -30.554057 
-15.070403 20.136807 -30.476984 
-15.747372 20.438820 -29.805790 
-16.031045 21.273086 -30.278579 
-16.410698 20.691822 -30.998298 
-15.860313 20.823162 -31.822813 
-15.778167 21.815129 -31.726618 
-15.872047 22.546395 -31.051016 
-16.103934 23.103961 -31.848104 
-15.751637 23.496920 -32.697498 
-15.422465 23.917954 -31.852290 
-14.649226 24.548303 -31.921298 
-14.624111 23.955183 -31.116575 
-14.789223 22.975007 -31.007066 
-14.652368 22.684112 -30.060150 
-14.050808 22.172735 -30.673843 
-13.265147 21.571582 -30.527725 
-12.791971 21.972565 -31.312147 
-12.510074 22.500312 -32.113407 
-11.853159 22.497172 -32.867365 
-10.880283 22.723111 -32.916995 
-10.990595 23.309657 -33.719364 
-10.614639 23.457982 -34.634054 
-10.679528 24.053140 -35.435038 
-10.839198 23.342418 -36.120152 
-9.896914 23.565953 -35.870886 
-9.409022 23.556139 -34.998037 
-9.496273 23.391051 -34.015625 
-10.145163 24.151834 -34.027835 
-9.682308 25.028787 -34.157137 
-9.290286 24.533227 -33.382064 
-10.061257 24.661880 -32.758323 
-11.015543 24.550137 -32.481102 
-11.797438 24.069350 -32.877944 
-12.158331 24.955942 -33.167271 
-13.102969 25.139876 -33.438985 
-12.602327 24.519286 -34.042496 
38.940325 -8.340526 49.481937 
37.974084 -8.101891 49.384819 
37.802480 -7.153976 49.653164 
36.812595 -7.289842 49.612327 
36.032981 -6.986414 50.160171 
36.683182 -6.652539 50.842642 
36.105639 -5.846909 50.710718 
35.558640 -6.620041 51.031747 
35.838663 -5.959420 51.728286 
35.134834 -5.383457 52.144088 
35.860663 -4.770903 52.457055 
36.617844 -4.131073 52.325546 
37.320306 -4.470305 51.699871 
38.230236 -4.844523 51.521022 
38.869809 -4.150792 51.189837 
39.141798 -3.191938 51.108462 
38.751605 -2.346582 50.743605 
37.774174 -2.187519 50.604578 
37.533337 -2.407077 49.659172 
37.255446 -2.786671 48.776741 
37.922685 -3.493131 49.012764 
38.616379 -3.119303 48.397102 
39.382993 -2.515634 48.178269 
39.125301 -3.041495 47.367674 
38.468000 -2.637411 46.731536 
38.771398 -1.851161 46.193242 
38.496084 -2.157867 45.282126 
39.044912 -1.409578 44.909498 
39.042314 -1.131375 43.948979 
39.267899 -0.206874 43.641718 
40.124978 -0.673260 43.860576 
39.593283 -1.032033 43.093385 
39.309700 -1.085279 42.135916 
39.340214 -2.082605 42.202320 
38.886118 -2.569742 42.948306 
38.434256 -2.973866 43.743608 
38.815246 -3.805102 43.338768 
38.246776 -4.553180 42.996392 
38.098772 -5.047494 43.852983 
37.283972 -4.846442 44.396747 
37.067780 -5.819269 44.313881 
36.494830 -5.620312 43.518806 
36.459987 -5.386526 42.547142 
36.632342 -5.884824 41.697440 
36.464054 -4.904258 41.596598 
36.625874 -4.409216 40.742931 
37.388227 -3.832206 41.035980 
37.756723 -2.903027 41.007050 
35.173525 -35.056246 84.984737 
34.176169 -34.983621 84.981993 
34.159510 -35.278217 85.937469 
35.087520 -35.527361 86.214462 
35.821851 -35.602764 85.539871 
36.460883 -34.881892 85.808166 
37.162200 -35.236026 86.426829 
37.367991 -36.103531 85.973966 
37.018813 -36.979356 86.307142 
37.198637 -37.772774 85.725634 
37.522477 -38.232064 84.898483 
38.180378 -38.966986 84.733993 
37.931862 -38.554249 83.857701 
38.366600 -38.148878 83.053538 
38.409454 -38.972436 82.487928 
38.202839 -38.382529 81.707338 
39.030216 -38.258025 81.159665 
39.208424 -39.146778 80.737337 
39.418920 -38.564748 79.951886 
40.054615 -39.290677 79.689359 
39.377042 -39.949290 80.016657 
39.393395 -40.446533 80.884114 
38.482935 -40.678745 81.226372 
39.053847 -41.440601 81.532369 
39.034057 -42.065574 80.751973 
39.846333 -42.591195 81.004820 
40.704303 -42.280364 80.595832 
41.333148 -42.616198 79.894569 
42.257630 -42.433121 80.228957 
42.821420 -41.798657 79.700187 
43.512499 -42.380581 80.128876 
43.615309 -42.585060 81.102333 
41.262325 22.176154 38.032137 
40.808138 21.376750 38.425414 
40.043209 21.975404 38.187725 
39.052045 21.991585 38.319379 
38.382339 22.239465 37.619343 
37.645352 21.748501 37.154796 
37.189078 22.013339 38.004311 
36.677848 21.524754 38.711368 
36.181184 21.277113 37.879503 
36.759956 20.550770 38.250244 
37.352906 19.760466 38.404615 
38.116909 19.155679 38.179824 
39.013231 18.937266 37.793945 
39.855170 18.456298 38.038505 
40.723772 18.907043 38.244317 
40.488002 19.868403 38.102197 
40.986760 19.887609 38.968726 
40.401622 19.749639 39.767836 
40.377148 20.749337 39.765462 
39.716776 21.074834 40.442190 
39.868772 21.998257 40.794591 
39.732938 22.807755 40.223398 
39.595444 23.406794 39.434571 
39.609035 23.992603 40.244906 
40.112308 24.645284 40.811231 
40.070050 24.852785 39.833909 
41.031955 24.667800 39.632615 
41.850135 24.246436 40.023811 
41.307869 23.585459 39.505104 
41.186510 23.938592 38.577436 
42.153448 24.187939 38.630875 
42.747945 24.047436 39.422601 
43.052719 23.129714 39.677357 
42.333180 22.478338 39.436580 
42.494717 21.600544 38.985598 
41.815625 21.005960 38.555127 
42.761898 20.877430 38.258398 
43.012433 21.226618 37.355459 
43.666336 20.973655 36.642423 
42.892471 21.411901 36.185179 
43.533738 21.680883 35.466551 
43.603700 20.752252 35.102202 
42.721070 20.316878 35.279445 
43.218909 19.613029 35.786154 
43.739592 19.578172 34.933115 
43.403298 20.081280 34.137007 
42.645999 20.499027 33.635024 
42.967779 19.974896 32.846516 
43.884076 20.125213 32.475297 
44.613909 20.746366 32.189791 
43.868171 21.276172 31.785836 
43.534768 20.955468 30.899274 
44.378617 20.534489 30.566564 
44.404534 19.614879 30.174588 
43.830052 18.807959 30.311885 
44.048005 18.282888 31.134562 
44.679229 19.047356 31.003622 
43.896682 19.593997 31.301624 
43.034582 20.072800 31.135701 
42.136312 19.749714 30.837829 
42.702128 19.043832 30.411704 
42.005832 18.363301 30.183558 
41.674849 18.724443 29.311763 
40.987135 19.408990 29.553519 
40.913942 19.011956 30.468400 
40.347889 18.966484 31.291514 
39.833277 18.844765 30.442774 
39.451517 19.641153 30.911842 
39.227641 20.594330 30.708535 
39.937735 21.179458 30.316883 
40.424769 22.052020 30.279001 
40.314465 21.926302 29.293086 
39.744426 21.105507 29.256316 
39.913768 21.281959 28.286683 
38.955539 21.069537 28.095183 
38.093898 21.264760 27.626714 
37.516029 20.533079 27.988253 
36.842403 19.804791 28.114053 
35.848728 19.900351 28.173022 
34.906120 19.628629 27.978967 
35.248856 18.716794 28.204993 
36.227690 18.533983 28.112989 
36.471542 18.509675 29.082497 
35.747285 19.126469 29.390744 
35.639999 20.119021 29.448454 
35.399046 21.074526 29.278303 
34.925311 21.538063 30.027108 
34.303684 21.143014 29.350709 
33.508835 21.597379 28.948506 
33.354256 21.828747 29.909013 
Snapshot 5000 46.222130
2.381593 -2.972749 -1.291311 
1.098420 -1.841379 -1.631734 
0.840612 -1.038738 -2.358386 
1.425610 -0.259594 -2.951125 
0.553968 1.092703 -2.845228 
0.390366 0.646076 -3.232537 
1.629088 0.698320 -3.063763 
2.720443 0.012442 -3.042658 
3.413716 -0.475721 -3.039804 
2.215383 -1.174963 -3.151842 
1.018819 -2.185136 -2.855705 
0.729078 -1.344824 -3.065012 
1.801172 -1.516228 -2.475209 
2.429821 -1.289637 -2.016437 
2.871238 -1.008778 -1.512502 
1.884521 0.050405 -2.380553 
2.272948 1.639598 -2.469441 
2.841282 1.093489 -2.716012 
2.823808 0.208246 -3.340686 
1.444925 0.106040 -3.860297 
0.807104 -0.432787 -3.492858 
1.872372 -0.622839 -2.923294 
2.231146 -0.506271 -3.201766 
2.280333 -0.980554 -2.437283 
2.784647 -0.061441 -2.046546 
2.559257 0.607018 -1.823047 
3.098517 0.715130 -2.201504 
2.818051 1.489914 -2.106337 
2.596145 1.200281 -2.268329 
1.074437 1.363557 -2.492603 
-0.409144 0.791013 -2.292373 
-0.660868 1.054289 -1.879951 
0.006494 1.915230 -1.778693 
0.717443 2.423553 -2.017780 
1.123428 1.807706 -2.000369 
1.715624 1.862095 -2.720163 
1.531031 1.127166 -3.441551 
0.667961 1.233896 -3.647187 
0.218093 1.791052 -4.676445 
-0.637170 3.129167 -4.360503 
-1.051924 3.290080 -3.788566 
-1.760113 2.981608 -3.425902 
-1.548446 3.364536 -4.603345 
-0.075050 2.658954 -4.665516 
0.156359 1.985908 -2.921332 
-0.759544 2.312888 -1.733361 
-1.253303 3.042508 -1.654444 
-0.834045 2.622083 -2.635650 
-0.839938 2.955951 -3.245502 
-0.278211 3.125602 -5.013758 
-0.855248 3.811306 -5.054712 
-1.280874 3.154001 -4.878657 
-2.551383 2.687718 -4.864284 
-3.336194 1.419823 -4.703509 
-3.081619 1.701681 -4.059495 
-2.700975 2.339441 -4.687256 
-2.759765 1.471680 -5.023295 
-3.169062 1.483259 -4.365786 
-2.788609 2.507749 -4.215541 
-2.856988 2.572700 -4.034070 
-2.875248 2.089973 -4.043095 
-2.746365 1.205892 -4.165188 
-2.388072 -0.048104 -3.970021 
-2.705665 0.238957 -4.367956 
-3.057380 0.656373 -4.469167 
-2.083704 1.536879 -3.208615 
-1.831587 1.261587 -3.225236 
-2.399175 1.551363 -3.533969 
-2.067768 2.300610 -3.815943 
-0.852266 1.302174 -3.512293 
-0.707332 2.547580 -3.135042 
-0.574245 1.842968 -2.558834 
-0.574376 0.688826 -2.863988 
-1.758628 0.480988 -3.691342 
-1.281947 0.605676 -3.505744 
-0.356289 0.381270 -3.295518 
-0.911391 1.228712 -2.972012 
-1.616139 1.989055 -2.834242 
-1.084685 1.581369 -2.837185 
-1.765762 1.005576 -3.075809 
-1.297269 -0.518424 -2.439801 
-1.354214 -0.696142 -3.633787 
-1.235474 -0.914843 -4.176508 
-0.188581 -0.254312 -3.341827 
-0.292625 -0.502396 -3.639775 
-1.188233 -0.987224 -4.212406 
-1.488174 -0.168153 -3.592186 
0.090377 -0.267882 -2.597118 
0.432173 0.025003 -1.790848 
-0.217450 -0.134764 -2.394666 
0.418137 -1.744910 -2.458882 
-0.023880 -2.086537 -2.624196 
-0.891259 -1.959816 -3.324378 
-1.322352 -1.278768 -3.802763 
-1.053236 -0.637748 -2.670548 
-0.948964 -0.095373 -3.401853 
-0.827060 -1.060997 -3.215679 
-0.737746 -2.227987 -2.941979 
-0.353964 -1.564005 -3.174897 
0.098970 -1.793045 -2.182559 
0.198792 -2.797087 -2.078615 
0.456247 -2.229806 -2.290287 
-4.810812 2.318057 4.953886 
-4.286873 1.090537 4.973623 
-3.894395 0.085866 4.785735 
-2.912277 -0.656620 5.648291 
-3.216151 0.431782 5.640600 
-3.163758 0.895375 5.008249 
-2.780619 0.372306 4.661413 
-2.999349 1.726928 3.879453 
-3.336265 2.188025 2.501928 
-2.230305 1.434662 3.463845 
-1.805254 1.097279 4.313868 
-2.633516 1.118383 4.877728 
-2.063497 -0.322517 5.128707 
-0.904591 0.314834 3.794630 
-2.480358 0.634327 2.970001 
-3.726992 0.011799 3.103172 
-4.440107 0.000098 1.349008 
-3.583961 0.858326 1.611519 
-3.142471 0.576027 2.899022 
-3.987040 0.914647 3.328968 
-2.851798 0.812951 3.817830 
-3.924430 0.505601 4.642810 
-4.164500 0.081289 4.453494 
-4.496295 -0.148694 3.932517 
-3.565702 0.869231 4.141841 
-2.600890 0.808657 4.614199 
-3.285914 -0.022000 5.183710 
-3.832354 -0.729476 4.348643 
-4.057311 -1.515007 4.473111 
-4.643810 -1.853327 3.868233 
-4.332228 -2.327313 3.855706 
-3.377321 -1.888062 5.319030 
-3.580332 -1.862105 6.347692 
-3.002984 -1.580526 7.059548 
-2.996360 -1.116778 6.057278 
-2.674662 -0.758576 5.398593 
-3.581142 -1.008935 4.107633 
-2.833693 -0.901977 4.196332 
-3.238036 -1.456209 3.524947 
-3.484842 -2.500539 4.096119 
-3.580484 -2.834112 4.718832 
-3.614000 -2.170522 5.052124 
-3.167492 -1.287357 6.112945 
-3.290070 -1.802454 6.053075 
-3.068303 -2.071215 6.370238 
-3.064136 -2.848444 5.757712 
-3.054954 -3.265249 5.068375 
-2.952754 -1.907352 4.564942 
-2.584249 -1.059019 4.809302 
-3.143622 -2.146756 6.197908 
-2.482073 -2.037228 7.086654 
-2.610673 -2.796061 6.703455 
-2.125854 -2.727961 6.454303 
-1.752737 -2.044314 6.228737 
-1.941570 -0.667307 6.356847 
-1.540866 -0.750570 6.234516 
-2.000664 -1.693210 6.838816 
-2.719608 -1.483276 7.172604 
-2.041480 -1.261247 7.477857 
-2.137015 -1.886397 7.099751 
-1.790762 -0.886779 6.484515 
-1.485481 -0.784978 5.490983 
-0.926394 -0.734336 3.654270 
-0.541614 -1.339664 4.533630 
-0.811768 -1.917426 4.664146 
-1.128106 -1.219777 4.717477 
-2.066112 -1.945354 5.440238 
-2.691461 -2.301292 5.890655 
-1.625973 -2.629826 4.730864 
-1.493868 -2.129490 5.714044 
-1.231484 -2.438777 5.773653 
-1.245542 -2.253924 5.455237 
-1.298917 -1.225586 5.187446 
-1.102113 -0.445457 4.456752 
-1.143105 0.596971 4.824561 
-0.690848 0.962174 5.284740 
-1.098928 0.567516 5.390555 
-1.366523 0.714204 5.760889 
-0.956444 -0.138193 4.455779 
-0.710753 -1.618505 3.872473 
-0.434016 -1.716928 3.478027 
-0.620321 -0.618332 2.416821 
-0.763449 -0.710983 2.626176 
-0.584796 -1.205875 3.616692 
-0.464132 -1.038788 4.049927 
0.159966 0.157263 4.343671 
0.934311 0.318798 4.605365 
-0.048377 0.166893 4.063565 
-0.294320 -1.041573 3.382568 
0.078622 -1.692158 3.077804 
0.448105 -2.423245 3.298534 
0.796477 -3.066214 3.600369 
0.422403 -3.366245 2.656805 
0.028174 -3.273770 1.984771 
-0.733945 -3.128238 2.782079 
-0.117813 -1.268010 0.237096 
-1.003262 -1.472687 -0.223795 
-0.974785 -2.232398 -0.889786 
-0.464135 -2.222182 -1.955434 
-1.655333 -1.553382 -1.615164 
-2.785586 -1.038816 -1.189137 
-3.745359 -1.641968 -0.725115 
-2.995754 -1.186883 -0.785010 
-3.685212 -0.878694 -0.407854 
-2.466048 -0.742922 -0.428657 
-0.701007 -1.240004 -1.104607 
-0.508156 -1.205994 -1.612143 
-0.245317 -1.565994 -0.921390 
-1.516473 -1.566156 -0.786360 
-2.109127 -0.500730 -0.846215 
-2.637427 -0.049511 -1.319417 
-2.731520 -0.801342 -1.655614 
-2.358948 -0.491123 -2.615789 
-2.310020 0.480962 -1.719096 
-2.345545 0.418158 -0.692152 
-1.984995 0.876795 0.754534 
-0.888054 -0.059419 2.320234 
0.235719 -0.997158 2.977658 
1.087480 -2.191714 3.872461 
1.351394 -1.876118 3.456957 
1.027598 -0.947196 3.361135 
0.718838 0.014681 3.223391 
1.679633 -0.058980 2.964825 
2.082829 0.551198 2.288716 
1.816024 -0.443372 2.834885 
1.986892 -1.270564 3.191575 
0.868139 -1.410561 3.662172 
0.628514 -0.798299 3.063033 
0.701332 0.149736 2.662994 
0.636851 0.835671 2.203939 
1.192001 1.715106 2.010338 
1.834900 2.153041 0.771246 
2.295271 2.423063 1.017472 
2.469027 1.693661 1.119564 
2.456400 0.876600 1.603664 
2.517196 0.395108 1.355765 
2.137648 1.513982 1.374440 
1.135765 2.108083 0.890176 
-0.075781 1.819427 0.485897 
-0.941986 0.724386 1.265205 
-0.843196 -0.875376 1.849126 
-0.348514 -0.199120 1.999670 
0.285539 0.771251 2.584058 
0.804241 1.179611 1.982607 
-0.012826 1.845544 1.054867 
-0.074286 1.870550 0.056858 
0.718306 1.525668 0.707941 
0.750649 0.909021 0.348887 
0.605489 1.486013 1.086663 
0.871114 0.183128 0.965614 
1.473581 -0.304980 0.890388 
0.964196 -1.000678 1.076911 
1.183597 -0.854862 1.490446 
0.407167 -0.236806 1.929131 
1.039164 -1.699728 1.945135 
1.166373 -1.868239 1.169870 
2.007863 -1.586393 0.256828 
2.315085 -1.898585 0.099987 
1.858333 -1.407435 0.352389 
1.889250 -1.971919 0.369070 
1.206499 -0.378411 0.785266 
1.899667 -0.391080 0.772527 
1.391271 -0.276293 1.310030 
0.548202 0.644060 1.732616 
0.388492 0.792287 1.297347 
0.302984 0.040543 1.749207 
0.421773 -1.063553 2.230127 
0.923329 -1.998444 1.822710 
1.191611 -2.224849 0.799766 
1.073945 -2.925575 0.357183 
1.486629 -2.022573 0.597013 
0.927361 -1.289063 1.722205 
0.712012 -1.835437 1.908959 
0.354705 -3.209911 2.294837 
0.942331 -2.310796 2.015342 
0.643475 -2.128912 2.534824 
0.834012 -3.056048 2.301905 
0.289939 -3.408346 1.461294 
1.155085 -3.928160 1.291024 
-4.129979 4.248531 -1.020717 
-4.250755 3.175758 -0.616801 
-4.445343 2.489388 -0.930754 
-4.108089 1.756601 -2.195535 
-4.190095 0.509370 -3.390308 
-3.606564 -0.114091 -2.945177 
-3.906334 1.546775 -2.153350 
-3.198025 1.585691 -1.393587 
-3.573350 1.424763 -0.745255 
-3.798557 1.725481 0.620711 
-3.881555 2.381048 1.314924 
-4.042690 2.292500 0.727445 
-4.066130 1.636415 -0.330451 
-4.319208 0.919508 -2.007374 
-5.091302 -0.362805 -3.200976 
-4.943001 0.530877 -3.204743 
-4.673055 0.256254 -3.905373 
-3.385260 -0.795497 -3.606371 
-3.898059 0.444433 -2.952800 
-3.646303 1.295154 -2.424098 
-3.522950 0.283134 -2.384027 
-4.030245 -0.662277 -2.607988 
-4.191379 -1.224970 -2.450636 
-3.662262 -0.670284 -1.560813 
-4.130595 -0.259220 -1.990499 
-4.022831 -0.202505 -1.498132 
-5.047491 -0.409927 -0.433749 
-5.208664 -1.064704 -2.091167 
-5.217003 -2.190745 -3.043235 
-5.489157 -2.120031 -2.131676 
-4.869449 -1.310432 -1.497308 
-5.278495 -0.134843 -0.934730 
-4.920844 -0.387644 -1.392451 
-4.964118 0.305285 -2.082584 
-4.854993 -0.487248 -2.298169 
-5.612505 -0.982291 -1.702055 
-5.450918 -0.011045 -1.567989 
-4.703096 0.695696 -1.425894 
-3.971895 0.080144 -1.522304 
-5.276716 -1.146042 -1.255258 
-5.707339 -2.144929 -2.238761 
-5.322735 -1.473402 -2.358490 
-5.757799 -1.606685 -1.869683 
-5.562472 -1.935514 -0.758600 
-5.760261 -2.274136 0.371125 
-5.480252 -1.588111 1.106593 
-5.929366 -1.951203 -0.235105 
-5.943646 -2.796086 -0.777939 
-5.561246 -3.281619 -1.648201 
-5.607621 -2.721204 -1.366683 
-5.912298 -2.658181 0.103772 
-5.619528 -2.168412 -0.319098 
-4.788907 -3.375730 -0.723796 
-4.004838 -4.095301 -1.327433 
-3.404008 -4.049119 -2.076891 
-3.654299 -3.533748 -1.502659 
-3.650861 -3.523080 -1.977918 
-3.496005 -4.397934 -1.271074 
-4.213736 -4.597485 -1.077355 
-4.746639 -3.625807 -1.653823 
-4.440263 -2.551825 -1.684343 
-3.433378 -1.846077 -2.351372 
-3.539856 -2.712873 -2.212192 
-4.380638 -3.844292 -1.899468 
-3.741125 -3.403449 -0.765331 
-2.670946 -2.014716 -1.289811 
-1.624637 -0.351273 -1.206200 
-1.129883 0.412793 -2.396245 
-1.306899 0.285796 -2.981505 
-0.871390 0.265982 -4.614205 
-0.650856 -0.119938 -4.891562 
-1.979932 -0.799954 -3.662094 
-2.771571 -1.850098 -2.692222 
-3.014613 -3.017194 -2.112612 
-2.933659 -3.688276 -1.162820 
-3.087453 -2.740390 -0.963563 
-3.886575 -2.390654 -0.537233 
-3.108536 -2.736678 -0.484598 
-2.734958 -3.520418 -0.120082 
-2.397181 -3.124607 -1.264815 
-2.139632 -2.707111 -0.897568 
-2.082641 -2.095118 -0.471555 
1.617018 -3.302843 -5.229059 
1.172711 -2.131268 -3.973665 
1.683792 -1.995798 -3.399634 
2.652610 -1.485228 -4.640746 
2.455949 -0.975408 -5.590422 
1.969194 -1.424168 -5.578365 
1.243124 -1.970935 -6.053104 
1.495091 -1.163509 -6.351271 
1.939313 0.059099 -6.307600 
1.338859 1.156030 -6.862153 
0.136124 1.572433 -6.372356 
-0.129456 0.059390 -6.303409 
1.265700 -0.862746 -5.617583 
2.675029 -0.639679 -5.097777 
2.780912 -1.114451 -4.945154 
2.276086 -1.439849 -4.935189 
1.618069 -1.118062 -3.745053 
2.024033 -0.470163 -4.895677 
1.361419 -0.089181 -5.595036 
1.934470 0.559034 -5.840743 
2.175321 0.402375 -5.420580 
1.195893 1.449532 -5.528127 
0.937021 2.426537 -5.323293 
0.717085 2.331982 -6.118115 
1.465328 2.233537 -6.165538 
1.487115 1.256702 -6.687805 
1.610339 0.259792 -6.616533 
1.124666 -0.133414 -6.015403 
0.749823 -0.349176 -7.007300 
0.810829 0.184228 -6.824183 
0.448403 1.477151 -6.462796 
1.357998 2.594747 -5.150438 
1.470621 2.410609 -6.122469 
1.278544 1.846386 -5.737586 
0.963266 0.362081 -5.599429 
0.535223 0.353558 -6.369788 
-0.286824 0.347729 -7.069956 
-1.008169 0.670427 -6.740994 
-0.644307 0.543724 -5.517958 
-0.113572 0.990417 -5.713100 
0.354448 1.778427 -5.926956 
0.240884 1.571834 -6.707787 
-1.351616 0.993963 -6.655571 
-0.960089 1.809345 -6.757065 
-0.506841 1.917837 -6.281847 
-0.537837 2.943393 -5.845213 
-0.759296 2.590201 -6.102626 
-1.441361 2.858736 -5.556824 
-1.185856 2.987596 -5.097811 
-1.967323 2.841900 -6.396473 
-1.411706 2.376442 -6.329387 
-1.083417 2.834978 -6.032535 
-0.853361 1.495920 -6.141445 
-0.277232 0.849325 -5.602813 
-1.045641 1.084590 -5.958336 
-1.869545 1.820934 -5.815685 
-2.081838 1.542013 -5.032514 
-1.928380 0.108989 -4.014459 
-1.065825 0.317024 -4.041723 
0.099970 0.820868 -4.185590 
0.521085 1.104367 -4.882185 
-0.206038 1.122019 -4.625678 
-1.353852 1.438013 -4.951506 
-1.033256 2.208083 -4.197683 
-0.623958 2.030060 -4.576545 
-1.424549 1.920940 -5.576395 
-1.702750 1.748259 -5.663525 
-1.620189 0.976213 -5.345146 
-2.417437 1.022901 -5.930780 
-2.225751 0.971042 -5.211751 
-1.142558 1.245247 -3.999391 
-1.437481 0.324819 -3.465467 
-2.330076 0.110668 -4.959672 
-3.084396 0.076477 -5.202500 
-2.195618 0.076216 -5.208504 
-2.224562 -0.236019 -5.821979 
-2.507490 -0.201279 -6.250875 
-2.212322 0.125919 -6.070897 
-0.728957 0.175036 -6.797783 
-0.719617 0.390635 -8.157671 
3.333015 -4.447823 -5.706658 
3.168632 -4.024303 -4.563538 
2.801420 -3.322632 -3.734862 
3.774969 -2.804782 -4.138567 
3.487827 -2.403105 -3.442181 
3.496718 -2.334741 -3.983845 
4.187184 -1.922971 -3.785620 
5.027420 -2.487434 -3.074557 
5.158978 -3.031990 -2.657503 
5.107725 -2.686072 -2.789255 
4.256857 -3.302766 -3.568321 
3.134573 -2.965458 -3.696556 
2.698467 -2.792468 -3.661027 
4.126513 -2.859034 -3.629372 
4.419866 -2.045687 -3.650352 
4.529174 -1.217530 -2.650831 
4.326076 -1.758036 -1.598941 
4.310667 -1.335690 -2.082604 
3.361415 -1.090442 -3.649976 
4.789980 -0.867020 -3.496660 
4.778818 -0.320883 -2.476965 
5.537198 -0.048675 -2.214767 
5.565790 0.151274 -2.552724 
5.482390 -0.427895 -3.395018 
4.792258 -0.757970 -2.935923 
3.646948 -0.874449 -3.864771 
3.767876 -0.309316 -4.390621 
3.876414 -0.235922 -3.009814 
4.377843 -0.153585 -1.913171 
4.962336 0.673850 -2.427026 
5.588063 1.213388 -2.654077 
5.863241 1.207140 -3.392827 
5.904041 0.564095 -3.755694 
4.963659 0.680959 -4.265391 
5.109215 -0.204532 -3.967118 
4.089630 -0.391721 -4.268678 
4.615349 0.687835 -4.061408 
3.699820 1.286660 -3.004122 
3.765409 2.880892 -3.474875 
4.367713 2.229508 -3.741820 
4.314971 1.168270 -4.290835 
3.900032 0.250372 -4.490282 
3.885464 0.864229 -4.510034 
3.706718 0.433615 -3.313929 
4.289410 0.868593 -2.388738 
3.781384 1.997182 -2.713075 
3.943258 2.920642 -2.887750 
3.301801 2.236994 -3.584289 
2.685393 2.821716 -3.420841 
3.528819 3.468865 -3.346842 
3.608286 3.063558 -3.429075 
4.257919 2.171206 -4.220266 
4.363008 1.481173 -4.458769 
3.399261 2.287907 -4.560154 
4.008835 1.932312 -4.874976 
3.425131 1.434256 -5.741554 
3.608005 0.866616 -5.642236 
3.220730 0.261327 -5.406999 
3.076674 0.535377 -4.201312 
2.634990 1.680798 -3.785278 
2.037408 3.172678 -3.755834 
2.671319 2.666189 -4.053558 
4.087143 1.734959 -3.357640 
3.366060 1.526929 -5.090747 
3.127419 1.326547 -6.039699 
3.684395 1.496534 -5.121870 
2.702445 2.064077 -5.487622 
2.380640 2.530059 -5.714162 
2.589696 2.569307 -5.000285 
1.795073 2.517811 -5.348581 
0.926584 2.505971 -4.562047 
0.940864 2.344036 -5.651324 
2.004023 1.642675 -6.368790 
2.531600 1.856550 -5.922346 
2.241453 1.110495 -6.009680 
2.128696 1.278300 -6.169488 
1.549276 1.500487 -6.170408 
0.275209 0.748370 -6.068062 
-1.641731 -4.644663 -3.886989 
-1.518993 -2.516165 -3.132568 
0.110153 -2.741469 -3.735168 
0.674005 -3.609664 -4.117672 
0.944921 -4.605393 -4.364299 
0.246074 -4.332236 -4.448680 
-1.009196 -3.650034 -4.333952 
-0.532912 -3.080632 -4.511395 
-1.885577 -1.949829 -3.935171 
-1.603013 -2.675118 -3.801432 
-2.278103 -2.860645 -4.213033 
-2.094037 -3.766410 -5.034807 
-2.299202 -2.000453 -4.686834 
-1.398949 -2.263740 -5.421454 
-1.389152 -1.546528 -4.807370 
-1.085325 -1.542206 -3.629858 
-0.259785 -2.460004 -4.465418 
-0.474026 -1.912772 -5.152551 
-0.393711 -1.792386 -5.996468 
-0.975373 -2.441860 -5.522189 
-1.142331 -3.207470 -5.122923 
-0.775173 -2.752769 -5.039889 
0.485004 -2.100057 -5.050224 
0.487486 -1.235383 -4.751020 
-0.094686 -0.418625 -5.851641 
-0.546091 -1.174227 -6.475397 
-0.934064 -2.302799 -6.536541 
-1.175262 -2.774880 -6.008927 
-0.515894 -2.800672 -6.226856 
0.185133 -1.822945 -6.534048 
0.175588 -1.399758 -6.584123 
-0.410971 -2.330278 -6.919841 
-1.066344 -2.035768 -6.583517 
-2.083928 -2.389284 -6.393230 
-2.347226 -2.456930 -5.848067 
-2.865586 -2.847872 -6.239262 
-3.771214 -2.518498 -6.350572 
-2.822231 -2.076218 -6.793927 
-1.561673 -1.245898 -6.720043 
-1.115987 -0.642591 -6.723581 
-1.662775 -0.408649 -6.838856 
-0.740369 -0.687317 -5.942227 
-1.712132 -0.378494 -6.234008 
-2.853060 -0.176445 -5.559815 
-3.675232 -0.951846 -5.737603 
-3.364695 -0.845346 -6.647105 
-2.990409 -1.198951 -6.410422 
-2.854933 -2.003377 -6.982554 
-3.038788 -2.411081 -6.268483 
-3.114663 -1.585674 -5.171275 
-3.561906 -1.297960 -5.015713 
-2.615219 -1.381043 -4.042199 
-3.420332 -1.525315 -4.594978 
-4.065280 -1.576034 -4.543980 
-3.101763 -1.946895 -5.056637 
-2.947135 -3.082060 -4.081794 
-2.587515 -2.603337 -3.919482 
-2.450451 -1.441720 -4.240147 
-3.076551 -0.041048 -4.588100 
-3.203006 -0.004268 -5.727509 
-3.398172 -0.400109 -5.720601 
-3.793347 -0.959593 -6.023587 
-3.430101 -1.974155 -5.255820 
-3.609360 -1.718582 -6.004894 
-2.628862 -1.110028 -6.721978 
-2.143716 -1.104711 -6.014103 
-2.148811 -1.008357 -4.435865 
-3.022719 -0.468184 -4.726721 
-2.942296 -1.043938 -4.585084 
-3.200996 -1.446627 -4.302086 
-3.551680 -2.026456 -3.723162 
-3.610356 -2.282372 -4.032137 
-3.364456 -2.463495 -3.794181 
-3.056424 -1.961130 -4.230484 
-4.247727 -1.918047 -4.655138 
-4.076130 -1.823782 -3.926475 
-5.963832 1.382386 0.125679 
-4.673550 0.579700 0.164043 
-5.432727 0.264126 1.233727 
-6.106764 -0.576026 0.803319 
-5.990404 0.050295 1.122917 
-5.329285 -0.431426 2.200687 
-5.353649 -0.911063 1.706160 
-4.650062 0.660731 1.941341 
-4.369045 1.114220 2.629653 
-4.096779 1.267544 2.369124 
-4.212726 -0.265788 1.983532 
-4.636457 -1.292766 2.147306 
-3.190080 -1.798259 2.576895 
-3.731369 -1.983034 3.481263 
-4.674806 -2.784640 3.102671 
-4.844515 -3.816523 2.542630 
-5.536392 -2.231501 2.404424 
-4.584721 -1.683084 2.833198 
-4.958144 -2.405449 2.048290 
-6.180922 -2.445356 1.466923 
-6.002446 -2.386490 0.948441 
-5.174398 -2.069902 2.194977 
-4.390093 -3.579144 1.427348 
-4.845036 -3.800990 1.112951 
-4.336286 -3.769757 0.736905 
-4.729512 -3.329442 2.000679 
-4.244367 -4.179423 1.204944 
-3.755373 -3.730889 -0.401383 
-4.396203 -3.844843 -0.184275 
-5.312522 -3.060897 0.928791 
-5.442440 -3.083245 1.759479 
-4.966980 -3.539613 1.862130 
-4.542695 -3.316182 3.075934 
-4.243408 -3.803048 3.113256 
-4.733431 -3.754318 3.096383 
-3.910414 -4.138772 2.920452 
-2.633547 -2.942993 3.123269 
-2.988950 -2.853111 3.664718 
-3.624137 -4.182978 3.263486 
-3.042348 -3.432852 3.748744 
-4.017525 -3.245417 3.342873 
-3.775263 -3.250061 3.235200 
-2.726286 -4.513182 2.469136 
-2.153497 -4.139764 0.997279 
-1.903738 -3.720066 0.337404 
-2.634914 -3.939085 0.064637 
-2.545787 -4.632907 1.012027 
-2.126368 -4.903142 1.483099 
-1.996308 -4.446207 2.276090 
-2.607478 -4.122607 2.233477 
-3.427942 -4.567469 2.811921 
-2.776239 -4.596430 2.139932 
-2.467926 -4.134456 0.733483 
-2.511633 -4.784325 0.728015 
-2.865305 -4.176702 0.817586 
-2.284060 -3.287264 1.155148 
-2.721852 -2.356777 1.593624 
-2.692934 -2.111368 0.918057 
-3.436127 -2.826790 1.032855 
-3.601300 -2.844487 1.907345 
-4.056425 -2.565232 2.295838 
-3.406723 -2.548394 1.949614 
-2.397712 -2.687735 1.292122 
-0.949838 -2.844301 1.407222 
-1.656121 -2.779757 0.688865 
-3.495214 -3.158974 1.492016 
-3.190054 -4.150650 0.993662 
-3.679396 -4.954789 1.625252 
-6.288933 -1.139811 -5.081572 
-5.187342 -1.580578 -4.289943 
-4.134583 -2.538695 -4.594364 
-5.203429 -2.775434 -4.516082 
-4.716753 -2.878126 -4.712395 
-3.710379 -3.347857 -5.383692 
-3.025734 -3.468208 -5.259708 
-4.197912 -3.028438 -5.341154 
-5.097884 -2.917309 -4.399670 
-5.123690 -2.930473 -3.242520 
-4.670495 -2.571345 -2.762074 
-4.277714 -2.124675 -3.423831 
-5.370575 -2.607744 -3.289805 
-5.183424 -2.287352 -3.546812 
-4.091609 -3.567079 -3.172762 
-4.069020 -4.054321 -2.724477 
-3.980973 -3.754769 -3.122743 
-3.283559 -3.212126 -4.061528 
-3.624990 -3.412388 -3.988064 
-4.180947 -3.335982 -4.122645 
-4.165997 -2.995664 -5.695884 
-3.862647 -1.787586 -4.786593 
-3.685751 -1.747951 -3.679692 
-3.536479 -2.815328 -2.410343 
-3.185114 -3.542591 -2.987775 
-2.520188 -3.812092 -2.598798 
-2.121059 -4.322614 -1.376560 
-2.512692 -4.166727 -1.921748 
-2.211349 -3.585562 -2.773344 
-1.223181 -2.670261 -2.566804 
-1.460081 -1.180580 -2.666580 
-1.170037 -1.071130 -2.661190 
-0.470293 -2.023600 -1.359714 
-0.700237 -2.655018 -0.219667 
-1.611724 -2.872379 0.064338 
-1.410673 -3.340423 -1.026473 
-1.611770 -3.869692 -1.515925 
-1.517011 -3.696782 -1.076017 
-1.222104 -4.606006 -0.644629 
-2.357764 -4.512391 -1.003182 
-1.231817 -4.266136 -2.071683 
-0.600255 -4.122353 -2.279537 
-0.688266 -4.456603 -2.872836 
-0.718765 -4.094171 -2.492284 
-0.777451 -4.162401 -2.188701 
-0.925298 -3.579107 -1.361723 
-0.595160 -4.082130 -1.357825 
0.255153 -4.384155 -1.269428 
0.604310 -4.165604 -0.651012 
0.955775 -3.588673 -0.910282 
0.030282 -3.338034 0.156383 
-0.378849 -3.909347 -0.169540 
-1.060366 -3.902915 -0.607979 
-0.655160 -3.814404 0.059457 
0.474080 -3.180179 0.366736 
0.194618 -3.129498 -1.031208 
-1.150429 -2.634530 -1.549156 
-1.282672 -3.472555 -0.353160 
-0.766623 -3.904482 -0.394072 
-0.314676 -2.348244 -1.049844 
0.676710 -2.816381 -0.677548 
0.736161 -2.965074 0.435599 
-0.155145 -3.017856 0.855061 
-0.871682 -4.177436 1.003807 
-1.152255 -4.631156 1.127987 
-2.014274 1.054532 7.411670 
-1.521878 -0.269719 6.566917 
-0.716278 -0.910144 5.408690 
-0.228540 -1.953468 5.476998 
0.141654 -2.206868 6.434307 
0.851568 -1.928845 6.006785 
0.031986 -1.481119 6.433866 
-0.880347 -1.319650 6.321070 
-1.505504 -0.615899 5.776597 
-0.186014 -1.299385 6.034453 
0.339863 -1.737689 5.885549 
-0.067712 -1.109330 5.674700 
-0.744771 -1.676134 5.350001 
-1.528812 -1.594596 5.712060 
-1.538792 -1.401569 6.821906 
-0.415678 -2.125560 7.266330 
-0.246152 -2.195242 7.398235 
-0.761038 -1.649783 7.758929 
-0.186826 -1.545795 8.060641 
0.257820 -0.673255 7.631440 
0.191257 -0.388843 6.715726 
-0.347888 0.018217 5.310286 
-0.121155 -0.853457 5.798134 
-0.186479 -0.258249 6.734092 
-1.582197 -0.602678 7.306283 
-1.324480 -0.632142 7.409407 
0.041905 0.184819 7.233057 
-0.596865 0.100728 7.084571 
0.048632 -0.415387 7.583896 
0.427989 -1.443303 6.771101 
-0.213577 -1.778888 6.167813 
-1.711126 -1.224265 5.788456 
-0.922775 -0.407932 5.571725 
-0.250892 0.550190 6.637055 
-0.813886 0.671108 6.444140 
-0.207892 0.381295 5.059004 
0.566412 0.692902 5.688688 
0.221888 0.880735 6.542858 
-0.656147 0.419674 7.018557 
-0.569277 -0.459725 7.016218 
-0.214243 0.794207 5.684010 
-0.402821 1.624046 4.642240 
0.653039 1.511513 3.462373 
0.183898 0.689276 4.503581 
-0.077219 1.787772 4.515276 
-0.575274 1.818659 5.190390 
0.291513 1.642700 5.572379 
-0.175771 1.660473 5.666203 
-0.282835 2.225452 5.411368 
0.555520 1.681349 5.045220 
0.450724 2.726320 5.275557 
-0.295974 2.825928 5.010504 
-0.651251 2.934270 3.845250 
-0.358874 2.610700 3.991077 
-0.897014 1.699117 4.509475 
-0.833025 0.678906 3.887867 
-1.028139 1.520756 3.653536 
-1.064207 2.164009 3.898880 
-0.908979 2.011496 2.909482 
-0.695574 1.052803 2.798311 
-1.110742 1.914403 2.810865 
-0.520690 1.855309 2.288936 
0.009849 1.423072 1.522037 
-0.116022 2.212672 2.170890 
-0.251736 1.422685 2.047887 
-0.546926 1.631908 2.217326 
-0.480716 0.666542 2.125000 
-0.579410 0.107208 2.934680 
-1.940034 1.960973 3.325846 
-2.555613 3.341075 1.994044 
-1.579577 1.863438 1.869093 
-3.203847 1.220808 1.227294 
-1.920208 0.741576 -0.128081 
-2.255573 0.764103 0.599003 
-1.579233 1.131780 2.141393 
0.089114 1.183851 2.453604 
-1.254468 1.071094 1.477442 
-1.926827 0.040379 0.316636 
-2.955103 0.587714 0.379917 
-3.422100 0.241446 0.976490 
-3.300981 -0.167097 1.648004 
-3.809910 -1.667931 1.373034 
-3.874007 -2.536591 0.762716 
-4.342351 -2.441855 0.942267 
-3.811790 -2.042984 0.325517 
-3.936030 -1.174671 0.345686 
-3.249348 -1.454179 0.265969 
-3.406947 -0.976110 0.661314 
-2.958521 -1.348603 1.120391 
-3.486463 -0.986514 1.631282 
-3.905810 -2.280389 1.774540 
-4.116714 -1.797890 1.170877 
-3.478297 -1.362314 1.820868 
-4.160008 -0.433008 2.319742 
-3.515344 -0.179987 0.827809 
-3.288567 -0.294135 -0.832631 
-3.963057 -0.031802 -0.255671 
-3.406660 0.139284 0.232880 
-3.567748 -0.629816 0.598308 
-2.725005 -0.070027 0.727061 
-2.426456 -0.092869 -0.080667 
-1.324361 0.381798 0.396465 
-1.853981 1.194123 -0.181411 
-1.518193 0.603981 -1.079911 
-1.602490 0.025714 -1.188433 
-1.686308 -0.869571 -0.565948 
-1.883728 -1.161483 0.650647 
-1.553682 -0.853473 1.824182 
-1.176207 -0.243292 0.682741 
-0.802873 0.474352 -0.971526 
-0.762931 0.804383 -0.586277 
-1.158900 0.772582 -0.979948 
-2.367024 0.025687 -0.391813 
-1.865719 -1.146369 0.373320 
-0.840932 -0.336484 0.126479 
0.218710 -0.254191 -0.760535 
0.972020 0.144818 -1.057205 
0.716895 0.845787 -1.488567 
-0.441862 1.419634 -1.911515 
-1.189795 0.992929 -0.649486 
-1.218558 -0.227294 -1.722976 
-0.796510 0.003107 -1.211217 
-0.148143 0.716114 0.224292 
0.476393 -0.044915 0.421888 
0.590889 -0.932696 -0.057587 
1.422357 -1.499619 -0.856274 
1.218390 -2.491326 -1.320335 
1.057395 -2.637696 -0.772502 
0.508158 -2.018695 0.127206 
-0.203162 -0.866383 0.905039 
-1.031383 -1.461594 0.952742 
-0.415296 -1.629443 0.710918 
0.094622 -1.723772 -0.454453 
3.618019 2.761239 1.174842 
4.392910 2.847250 0.507318 
3.852031 2.521614 0.076226 
3.973928 1.976775 -0.104087 
4.652336 2.383935 -0.352751 
4.987547 3.265717 0.027310 
5.186650 3.426317 -0.905769 
5.310324 3.523697 -0.829592 
4.571550 3.655819 0.012907 
3.421784 3.515501 0.208490 
2.640586 3.428608 0.517309 
2.077706 3.325136 -0.111619 
2.860139 3.941702 0.718926 
3.080656 5.127306 0.980880 
2.845140 4.981571 0.820241 
2.830108 5.138063 0.542965 
3.300259 4.869030 1.171792 
3.530319 5.122193 1.761733 
3.699958 4.936669 2.069973 
3.566985 4.723628 2.304189 
4.197172 4.298005 1.391418 
4.235001 4.043678 0.036640 
3.683531 4.499030 0.794140 
2.383063 4.863182 1.167350 
0.921514 4.876394 1.568048 
1.494945 5.058745 2.450174 
1.163298 4.618546 2.052013 
1.283821 5.109042 1.669623 
1.563820 4.571733 1.830550 
2.558164 4.441151 2.938833 
3.065094 4.069846 2.185461 
2.828151 4.864898 1.151124 
2.623639 5.450902 1.700625 
2.526813 5.323793 0.914605 
1.946810 5.670103 0.082034 
1.764584 5.391645 0.783252 
1.414139 4.884431 0.976841 
1.659738 3.921724 1.160948 
2.441372 5.108626 1.045806 
2.585738 4.541851 0.371552 
3.056943 4.552254 -0.612451 
2.638905 4.049275 -0.279460 
1.151254 4.328628 -0.080513 
0.416455 4.764567 -0.924111 
1.769055 4.450434 -0.612358 
1.599622 5.080954 -0.696329 
0.990793 5.428397 -1.527061 
0.849075 5.518506 -1.355866 
1.824355 5.291871 -1.643936 
1.927175 5.660517 -0.592899 
0.823892 5.469779 0.325354 
-0.086689 4.270869 0.666245 
-0.122378 3.320826 -0.087020 
-0.165817 3.784120 -0.964313 
-0.690914 3.947787 -1.710822 
0.744064 3.318167 -1.676844 
1.579172 3.561961 -1.240575 
1.169529 3.881089 -0.829435 
0.600574 4.891209 -1.365374 
0.046241 5.507624 -0.881922 
-0.586614 4.605247 -0.940556 
-0.653626 4.350599 -0.298988 
-1.238594 5.008243 -0.432087 
-2.517900 3.064235 -2.172611 
-0.999603 1.594825 -2.362660 
-0.674769 1.825607 -1.728921 
-1.630085 2.299630 -0.865667 
-1.777598 1.449989 0.113847 
-2.606335 1.829789 -0.321966 
-2.100807 2.180561 -1.073750 
-2.058699 2.721359 -0.483359 
-1.590800 2.151127 0.785035 
-1.676716 1.508930 0.783792 
-1.876574 2.517167 0.239119 
-1.155451 2.431246 0.391405 
-0.185983 2.423069 -0.249413 
0.369879 3.217162 -0.231363 
0.173388 2.732327 0.490538 
-0.297842 4.047372 0.630819 
0.445530 4.297289 0.361679 
0.003464 4.024929 1.316401 
0.016755 5.036797 0.782401 
0.191937 5.244178 0.856798 
0.216623 4.383749 1.130475 
-0.115006 3.624957 0.716178 
-0.676780 3.627149 -0.257144 
-0.499015 3.398202 -0.765520 
-0.589428 1.862889 -0.655790 
-0.353346 2.646708 0.387096 
-0.398592 3.715999 0.976987 
0.574450 3.428599 1.377584 
0.050687 3.173559 1.620133 
0.203890 2.686307 0.783815 
0.220586 2.615302 0.073233 
0.597037 2.540996 -1.078178 
1.690431 2.858170 0.236621 
2.080237 3.118979 1.719898 
1.386843 2.619773 1.465690 
0.751354 3.316870 2.083569 
0.289393 3.598680 3.090558 
0.241728 3.022860 3.149335 
-0.403620 2.614265 3.053652 
0.737634 3.294879 3.378492 
0.902914 4.036580 3.788982 
0.271471 4.295945 4.189648 
-0.012381 4.329240 2.848557 
-0.071994 4.090660 2.747382 
-0.313153 3.893835 2.115298 
-0.380323 3.716035 1.972881 
0.019359 2.483561 2.156120 
0.347383 3.284422 3.175394 
1.871434 3.723986 3.742671 
1.926261 3.099805 2.973973 
0.887469 2.433909 2.969064 
0.260177 1.362679 3.004831 
1.299005 2.712883 2.688011 
1.418963 3.340848 3.126692 
0.761079 4.053291 3.277919 
0.138356 3.494683 4.068108 
0.579402 2.992936 4.604658 
1.082165 3.025692 3.553464 
1.778511 3.229166 2.256813 
1.740058 3.424644 3.076664 
1.610242 4.243695 3.641307 
0.793918 3.783876 4.232306 
0.316888 4.660759 3.271910 
-0.441709 -3.316036 1.913928 
-1.048136 -2.292057 2.768155 
-1.578029 -2.471987 3.299715 
-1.322001 -2.149339 3.008080 
-1.832618 -0.703304 3.153725 
-2.403007 0.272788 2.565728 
-3.453602 -0.067603 2.451060 
-2.579145 0.783613 2.039535 
-2.287248 -0.221699 2.764797 
-2.229747 -0.642086 3.531925 
-0.980335 -1.401897 4.348822 
-0.777210 -0.458876 4.299823 
0.270578 -0.432635 3.862048 
-0.001678 0.303358 3.494461 
-1.524027 -0.192644 3.680408 
-2.235291 -0.488158 4.036375 
-1.906911 -1.478147 4.114303 
-1.788138 -2.070769 2.386346 
-1.946908 -1.806588 2.477344 
-2.737695 -0.875570 2.729764 
-3.027590 -0.626596 3.530743 
-2.825053 0.131007 3.212944 
-2.397106 0.639952 1.666707 
-1.980380 -0.121115 1.945976 
-3.058681 -0.493388 2.309327 
-2.952236 -1.338937 2.639457 
-2.053129 -0.856945 2.505004 
-1.959230 -1.407689 3.167446 
-1.866288 -2.118071 3.793883 
-2.041783 -3.042487 4.128014 
-1.477917 -3.379263 3.352772 
-1.275575 -3.459027 2.519940 
-1.064690 -2.031514 1.520950 
-1.477448 -1.875808 1.674665 
-1.687305 -1.193608 1.282171 
-2.241029 -1.685410 1.214458 
-2.408543 -2.229635 2.502546 
-2.419364 -1.519137 2.000152 
-1.672143 -1.329408 1.501115 
-1.142501 -0.956762 1.700887 
-1.253814 -2.135157 1.184935 
-0.733616 -3.785939 1.207283 
-0.242694 -4.343523 1.948027 
-0.195222 -4.211285 3.016177 
-0.226308 -3.759859 3.967715 
-0.339582 -4.126576 3.747387 
-0.990530 -4.545172 3.438008 
-1.597239 -4.387277 3.543308 
-0.835953 -4.119287 4.250069 
-0.540197 -4.004894 3.821879 
-0.484021 -2.669513 3.993403 
-0.945347 -3.103822 4.017569 
-1.876302 -3.884780 4.096548 
-2.036809 -4.184266 3.288752 
-1.241356 -4.676783 2.468120 
-1.100597 -4.983703 1.916016 
-1.423759 -5.023111 2.612595 
-1.270764 -4.363436 4.384456 
-1.672932 -4.369514 4.915306 
-2.164139 -3.838759 4.274858 
-1.141617 -3.814160 3.336213 
-0.626841 -3.815236 2.875170 
-1.016451 -3.668163 3.867443 
-1.136080 -3.248602 4.864184 
-1.441656 -3.615661 5.630269 
-1.528702 -4.527844 6.640929 
5.340975 -3.076802 -0.183798 
5.082949 -2.086060 -1.178103 
5.105432 -1.454617 -0.917016 
4.994441 -0.783484 -0.916933 
5.172421 -0.270022 -0.219234 
5.305177 -0.162987 1.669347 
5.774527 -0.464978 1.087545 
5.698770 -1.039950 0.691496 
6.217046 -0.525292 1.099987 
5.431237 -0.964192 -0.042675 
5.447589 -1.846807 -1.577880 
5.469786 -1.450125 -1.898541 
5.324523 -0.630180 -1.319672 
5.088660 -0.471789 -0.740573 
6.013305 -0.192516 -0.089428 
5.189416 0.469028 -0.080317 
4.842748 0.998904 0.187467 
4.474372 0.394296 -0.167039 
5.277605 -0.151151 0.845599 
5.603685 0.204446 0.770428 
5.847357 1.086545 -0.676191 
6.051077 0.906035 -0.442704 
6.355078 0.756884 -0.249500 
6.097805 1.574429 -0.572874 
6.137083 1.687794 0.111819 
5.918083 1.928149 -0.621914 
5.158137 1.605432 -1.721516 
5.204856 2.022767 -2.348736 
5.069217 2.099235 -2.180760 
5.874979 1.064451 -1.592229 
5.122360 1.133848 -2.137270 
4.449140 1.515395 -1.185644 
3.717106 1.883305 -1.187357 
4.002885 3.295549 -1.369271 
4.469028 3.750248 -1.424979 
4.520792 3.079448 -2.329599 
5.168156 2.727511 -2.011037 
5.294787 2.494626 -0.928904 
5.360674 1.706563 -0.250442 
4.764473 2.014019 -1.059228 
4.832403 2.483788 -1.737715 
3.876257 2.631405 -1.252126 
3.322629 2.950477 -0.622523 
4.552111 2.361184 -0.039982 
4.615103 3.147569 -1.032349 
4.142072 4.228545 -1.923813 
4.098693 4.158256 -2.168831 
3.739795 4.234205 -2.208708 
3.375350 4.170479 -2.144087 
3.197920 4.699841 -2.091470 
1.807656 4.760134 -1.938288 
1.717285 3.863926 -2.137839 
2.424755 4.164524 -2.179780 
3.200819 3.819010 -1.823315 
3.687583 4.824523 -0.537255 
3.658362 -4.184635 -1.751466 
3.338811 -2.994105 -2.520520 
3.317377 -1.683464 -3.025022 
3.048037 -1.343536 -2.887022 
2.448540 -0.457441 -3.828173 
1.859329 -0.280998 -3.974602 
2.777672 0.456350 -3.402169 
2.529905 1.665190 -4.263539 
1.737614 2.526137 -4.079884 
0.331747 2.235699 -3.415965 
1.167782 1.642766 -3.179413 
2.607616 2.167625 -2.201584 
2.056400 2.439145 -1.044929 
2.418887 2.731324 -1.224552 
2.861199 2.217755 -1.545316 
2.077195 2.470317 -2.459966 
1.243779 2.312187 -3.609370 
1.639959 3.491344 -3.209431 
2.095944 4.049679 -2.415906 
2.658466 3.594142 -3.007292 
2.146452 3.555080 -3.484363 
1.761644 3.802953 -3.883905 
1.129759 4.208283 -3.775322 
1.264179 3.661826 -4.426168 
0.502174 3.663343 -4.228104 
-0.910797 3.487744 -3.767258 
-0.678161 3.763496 -3.835823 
0.826082 4.155653 -4.215610 
0.623045 4.484131 -3.639341 
0.224641 5.000911 -2.954496 
0.386595 4.058683 -3.782505 
-0.146328 4.863335 -3.165148 
-0.225927 4.114148 -3.667470 
0.103841 4.245642 -4.282901 
0.395333 4.277229 -4.278522 
1.679208 4.478484 -3.518063 
1.143523 5.028868 -3.082938 
1.575050 5.515037 -2.244343 
1.671102 5.085866 -2.409824 
0.502780 4.630320 -2.395638 
-0.172190 4.173102 -2.388513 
-0.934503 3.150707 -2.794933 
0.011554 2.339773 -2.161893 
-0.216074 3.199521 -2.550051 
-0.251429 3.555716 -1.909569 
0.238628 2.875507 -1.815945 
-0.175023 3.259381 -1.276017 
-0.874282 2.681437 -1.648012 
-0.445987 3.783989 -2.678573 
0.204047 3.852109 -2.536860 
0.937836 3.165687 -1.874668 
1.597853 2.903878 -2.413359 
2.082311 -4.683616 -2.259859 
1.600454 -3.598451 -2.739075 
1.168990 -2.732894 -2.979057 
-0.037720 -1.378629 -2.630405 
-1.915975 -0.864587 -2.425140 
-2.957632 -1.544600 -2.932731 
-3.377399 -1.188554 -2.357953 
-2.504636 -0.879006 -2.553326 
-2.644403 -1.086668 -2.359821 
-1.277882 -0.468155 -1.585293 
-0.948272 -0.927126 -1.062408 
-1.730950 -1.053717 -1.794313 
-2.041663 -0.032222 -2.552246 
-1.187682 -0.054342 -4.020189 
-0.257922 -0.147806 -5.089019 
0.264292 -0.562582 -4.443004 
-0.789635 -0.668778 -3.818759 
-2.531143 -1.266280 -3.595481 
-2.064433 -1.932707 -2.862903 
-1.862269 -2.712216 -3.006665 
-1.833638 -3.076289 -3.313236 
-0.968786 -3.179325 -2.732980 
-0.826154 -1.803256 -2.513199 
-0.845994 -1.403193 -2.289471 
-0.568472 -0.370449 -1.640950 
0.232484 -0.394388 -2.121323 
0.791955 -0.302878 -1.618478 
1.571593 0.151274 -0.248383 
2.029163 -0.262313 -0.595310 
1.657501 -0.262714 -0.728555 
1.611067 0.626209 -0.808602 
1.402516 1.144550 -1.061364 
1.717208 0.376260 -0.680717 
1.134737 -0.613632 -1.390121 
0.424318 0.495322 -2.249364 
0.824881 0.620518 -1.798493 
0.950220 1.218024 -1.200229 
0.385486 0.484455 -1.549619 
0.318378 0.031681 -1.084974 
1.049199 -0.294978 -1.108756 
0.923030 -0.860017 -1.012882 
0.210275 -1.410250 -1.059703 
0.810607 -0.745531 -1.055160 
1.206039 0.073615 -0.762517 
0.845857 1.073253 -0.939234 
0.663393 0.701528 -0.591233 
1.498404 1.363531 -0.206720 
0.861115 2.146189 -0.820181 
1.269832 1.791242 -0.998351 
1.558179 1.835457 -0.210260 
4.250666 2.217541 5.247446 
3.598877 0.513795 4.837835 
3.198839 0.233623 4.819103 
3.982689 0.146963 4.807654 
2.854104 -0.250607 4.359087 
0.983956 -0.271440 3.859413 
2.516384 -1.065945 3.000027 
3.292395 -0.451267 1.875981 
3.313496 -1.363265 2.021861 
2.985339 -1.925019 2.573517 
3.967222 -1.339270 2.837207 
4.047842 -1.162653 2.499970 
2.682382 -0.670869 3.630090 
2.404670 -0.367904 2.823303 
2.054342 -0.828083 2.275056 
2.324948 0.249284 2.233093 
1.854680 0.262923 3.029878 
1.440174 -0.853635 3.928540 
0.938006 -0.483813 4.533258 
1.113069 1.422258 4.322231 
1.421921 1.527440 3.731497 
2.037564 1.134774 3.852534 
1.753091 0.782890 3.547847 
2.505332 1.039112 4.889452 
2.374688 0.862501 6.062624 
2.023914 1.468139 6.151719 
2.407800 2.402410 5.402048 
1.825189 2.353079 4.858091 
2.199029 2.247396 5.587470 
2.151989 1.410842 5.111646 
1.970174 1.675519 4.031105 
2.396444 1.841899 3.385515 
2.629790 1.427631 3.276505 
2.256217 1.154811 2.783524 
2.173625 1.981203 2.951092 
2.757076 2.777062 3.248924 
1.814649 2.532295 4.721776 
1.342516 2.023199 5.917183 
1.674088 1.939586 6.086069 
1.404958 1.272794 5.082326 
2.534052 0.751036 4.794136 
2.926124 1.480139 4.435064 
2.061111 1.973864 4.276285 
1.929717 2.534898 4.967190 
2.205778 2.387350 5.211426 
1.480238 1.097472 6.243178 
2.156954 1.671628 6.326737 
1.942109 1.822458 7.210563 
2.662723 -3.593533 3.910951 
2.345796 -2.035806 4.104907 
2.626438 -1.274724 4.156701 
2.181833 -1.407875 4.784045 
1.706952 -1.649986 5.564693 
1.635177 -0.769320 4.562268 
2.448117 -1.831694 5.331682 
2.958544 -1.328205 5.497586 
3.627618 -1.378593 5.681002 
3.797757 -2.051626 5.264688 
3.258099 -2.499610 5.276254 
1.963117 -2.316816 5.975193 
0.605542 -2.053402 6.422615 
1.120623 -1.700543 6.706927 
1.584554 -2.072477 6.098718 
1.575774 -1.484813 5.448847 
1.821399 -2.196303 5.638535 
2.460526 -2.251418 5.399844 
2.936546 -1.528055 4.902867 
2.461651 -0.518472 4.832373 
1.701932 -0.996749 5.894574 
0.933913 -0.671521 5.940634 
1.515729 -0.538154 5.664408 
0.662417 -0.594090 4.835728 
-0.440979 -0.992297 5.213850 
0.988305 -0.692042 6.291088 
1.797115 -0.228043 6.758671 
2.081953 -0.435265 6.145222 
2.555770 -0.060923 5.567291 
1.748786 0.799184 6.411525 
0.934740 0.994370 6.723578 
1.072217 0.527663 6.698258 
4.304736 3.809642 6.138630 
5.216184 2.874326 5.828283 
5.463003 2.349941 4.846125 
4.032069 1.760172 4.439092 
2.364323 1.391761 3.587187 
3.403337 2.147297 4.301514 
4.064901 1.013395 4.407691 
5.193328 1.038420 3.972367 
4.181901 1.165404 3.967288 
4.198362 1.582284 4.036337 
5.037019 0.553222 4.342268 
5.290771 -0.851299 3.356074 
5.817390 -1.021447 2.945515 
6.816076 -0.283585 2.839307 
7.550644 1.272024 3.246473 
7.296276 2.393371 4.041060 
6.213101 2.771076 4.647870 
6.107129 1.858766 5.399434 
6.212796 0.718973 4.093941 
5.340650 0.668079 4.330164 
4.807144 -0.342755 4.202375 
5.029903 -0.197751 4.655205 
5.360236 -0.312700 3.609786 
6.067501 -0.280893 2.484444 
6.156403 -0.021703 2.594649 
5.953366 0.497266 2.234396 
5.777616 0.387552 2.683163 
4.863637 -0.542708 3.614666 
4.789497 -0.979429 5.127250 
3.490400 -0.809569 4.910013 
3.163641 -1.259935 5.558163 
3.408981 -1.229433 4.700122 
4.520495 -1.502048 4.594489 
4.916276 -1.454617 3.767526 
5.188218 -1.758149 3.154206 
5.181738 -1.270224 3.284116 
5.642747 -0.705412 3.420840 
5.697937 0.709547 3.909758 
5.100250 -0.583779 4.061598 
5.190958 -0.712574 2.459110 
5.106114 -0.443514 2.102532 
4.210522 -0.438816 3.088414 
3.327514 -0.824428 3.971990 
3.369271 -2.097764 4.563250 
3.914124 -1.586840 3.553506 
4.059687 -0.150428 2.617646 
3.824559 -0.558947 2.719085 
4.323877 -1.314668 3.476701 
3.983309 -1.154580 3.798243 
3.558019 -0.714319 4.013589 
3.027623 0.255896 4.177658 
3.102759 0.339527 3.607653 
3.290184 0.785122 2.540455 
4.210063 0.337994 1.919306 
3.742569 -0.315603 3.079452 
3.619211 0.068671 2.816128 
3.316728 0.892885 3.731043 
3.984927 1.726248 2.958930 
3.542345 1.755650 3.783072 
3.971162 1.236849 2.958828 
4.420224 1.845445 2.592548 
4.549319 2.091526 2.674483 
4.599541 2.725525 2.806023 
5.306711 2.687630 2.463682 
6.092355 3.249571 2.082927 
5.861471 4.112289 1.917760 
4.800144 4.036560 2.232453 
3.987568 3.907965 2.708961 
3.523264 3.717420 2.947786 
3.134822 2.908023 3.743852 
3.919994 2.667965 3.069606 
4.165437 1.279650 2.698427 
4.195371 0.921029 2.208762 
3.571112 0.473062 1.449111 
3.516406 1.307576 0.953838 
2.995309 1.542868 0.830647 
3.770519 1.664582 0.977052 
3.247362 1.046456 0.185088 
2.834292 2.148611 1.136130 
3.771445 2.136368 1.712537 
4.888133 1.390120 1.863700 
4.805490 1.200967 2.201110 
5.386814 1.109949 1.756627 
5.596442 1.844684 1.551289 
5.164514 3.292069 1.491806 
5.253541 3.130923 0.797175 
5.458285 2.557990 1.014278 
5.295380 3.057030 1.934921 
5.133926 3.516272 2.795846 
5.620191 4.410496 3.786209 
