Snapshot 0 0.000000
24.126419 8.725124 -24.430638 
24.778984 8.375537 -25.102908 
25.084845 9.175083 -25.619798 
25.684499 9.942928 -25.845250 
26.222420 9.107000 -25.736327 
27.076624 9.431295 -26.142737 
27.707643 9.321840 -25.374730 
26.893569 9.567955 -24.848698 
27.513854 10.338525 -24.995217 
26.771958 10.569870 -25.624557 
27.380266 11.361881 -25.572792 
28.191040 11.871920 -25.285552 
29.100278 12.279393 -25.200399 
29.627892 12.590157 -25.991000 
29.365404 11.776180 -26.509210 
29.657698 11.196934 -27.270155 
29.055171 11.132500 -28.065649 
29.450276 11.668497 -28.811704 
28.839993 12.365044 -29.189033 
29.219284 12.914335 -28.444441 
30.130657 12.607630 -28.169976 
30.341590 12.811277 -27.213924 
29.415431 13.157272 -27.063869 
28.541932 12.990517 -27.521243 
27.616536 13.220210 -27.219774 
27.184442 14.053244 -26.874304 
27.468141 14.632867 -26.110398 
27.422890 13.948112 -25.383031 
27.508910 13.058378 -24.934731 
28.492479 13.080070 -24.755507 
28.509032 14.078095 -24.816111 
28.475019 14.919954 -24.277486 
28.526262 15.036615 -23.285637 
28.084266 14.747932 -22.436342 
27.653884 14.393037 -23.266295 
27.103238 13.883024 -23.927109 
26.364822 14.058749 -23.276062 
25.386337 14.249418 -23.197243 
25.199541 13.376968 -22.745648 
25.116727 12.915794 -21.862212 
25.653601 13.180309 -21.061089 
26.189664 13.988770 -20.818131 
26.999901 14.431693 -21.201973 
27.273351 15.307806 -20.804919 
26.512595 15.867082 -20.475586 
26.000802 15.009839 -20.532178 
25.429829 15.758472 -20.195222 
25.890704 16.316872 -19.505451 
26.305559 16.901266 -20.202859 
26.140690 17.032918 -21.180348 
26.819390 17.756908 -21.057046 
27.699679 17.364976 -20.789685 
27.575258 16.457288 -21.190461 
28.090583 15.747019 -21.670001 
27.904399 16.044279 -22.606469 
28.873178 16.286365 -22.552968 
29.857015 16.179598 -22.409219 
29.757480 15.677874 -21.549937 
30.339079 14.876095 -21.412486 
31.170381 14.487097 -21.015475 
31.697490 13.648758 -21.154558 
32.167178 12.771932 -21.257372 
32.489831 12.547740 -22.176955 
31.772589 11.962433 -21.798829 
30.913320 11.890666 -21.292365 
30.008036 11.565491 -21.565720 
29.835083 12.550337 -21.552854 
29.461481 13.281220 -22.124022 
29.081841 12.388450 -22.366584 
28.405315 11.923015 -21.795898 
28.630747 12.820370 -21.416510 
27.851731 12.745505 -20.793992 
27.676674 13.086234 -21.717712 
27.384640 13.830530 -22.318328 
26.831325 13.007932 -22.449379 
26.467717 12.433264 -21.716204 
27.261070 11.892114 -21.437371 
26.711193 11.115387 -21.744503 
27.440102 10.562336 -21.340984 
27.885016 10.245247 -22.178543 
28.263708 9.530171 -22.766131 
28.998767 9.822321 -22.154300 
29.370558 10.347202 -22.919984 
29.408153 9.437625 -23.333814 
29.324850 9.892368 -24.220532 
28.463631 10.400556 -24.213785 
28.482327 11.138419 -23.539094 
27.518169 11.208417 -23.283166 
27.503398 11.207585 -24.283057 
27.473999 12.173725 -24.026721 
26.484716 12.157766 -23.881588 
25.524066 12.165043 -24.159256 
25.991151 12.120939 -25.042368 
25.191989 12.688922 -25.239183 
25.556587 12.721025 -26.169794 
25.581894 12.773440 -27.168099 
24.750558 12.912849 -27.706100 
24.204972 12.303642 -28.281602 
23.260996 12.314985 -28.611420 
22.426450 11.832922 -28.878157 
21.578839 11.470173 -29.265415 
20.879819 11.722335 -29.934583 
-14.024781 -20.758676 43.763462 
-13.240566 -20.672696 44.377965 
-12.798168 -21.487342 44.002950 
-13.271296 -21.940574 44.758417 
-14.045510 -21.533900 45.243401 
-14.747771 -21.082127 44.693192 
-14.637784 -21.690896 43.907506 
-14.819750 -22.634563 43.631136 
-14.848505 -23.622830 43.481127 
-15.749987 -24.031227 43.337805 
-16.638825 -23.754507 42.972576 
-17.129237 -24.482566 42.493590 
-17.653491 -24.167112 43.284568 
-18.356787 -24.799668 43.608987 
-18.557065 -25.542710 42.970412 
-18.591362 -24.766821 42.340475 
-19.017359 -24.025701 42.859386 
-19.958872 -24.074922 43.192748 
-19.703158 -23.946849 44.150980 
-19.516937 -24.915555 44.315080 
-19.792624 -25.871573 44.415217 
-20.718896 -26.150756 44.162083 
-21.641566 -26.505810 44.011691 
-21.749223 -26.425969 45.002668 
-21.469977 -27.163444 45.617609 
-21.369507 -27.430611 46.576008 
-20.792402 -28.247170 46.562540 
-21.350954 -28.919488 46.076733 
-21.750065 -29.347341 45.265775 
-21.311291 -30.170037 44.904322 
-20.338454 -30.382332 44.996620 
-20.521160 -29.521696 45.471934 
-20.437492 -29.680300 46.455725 
-20.330997 -30.672411 46.389577 
-20.703049 -31.206669 47.148620 
-21.457881 -31.796883 47.434759 
-21.877740 -31.584089 46.552467 
-21.595497 -32.522223 46.351862 
-22.300335 -32.611742 45.648164 
-21.724708 -32.236907 44.921423 
-21.171699 -32.776451 44.286543 
-20.353455 -33.184077 43.881183 
-20.010585 -34.087369 43.623300 
-20.078850 -34.637636 42.791106 
-20.736222 -34.860394 43.510995 
-20.365367 -34.696423 44.425096 
-19.366329 -34.666371 44.393168 
-19.247806 -35.329233 45.132469 
-20.216597 -35.353147 45.379188 
-19.687291 -35.730234 46.139215 
-18.754472 -35.974091 45.873919 
-19.279901 -36.797977 46.086374 
-18.953285 -37.537162 45.497368 
-18.257136 -38.050465 44.995475 
-18.645979 -38.867038 45.422100 
-19.537303 -38.419263 45.493089 
-20.008113 -38.112963 44.665733 
-19.822672 -39.034489 44.324556 
-19.700847 -39.963617 43.975444 
-18.908045 -39.842355 43.378150 
-18.593094 -40.669121 42.912033 
-19.207986 -41.216458 42.344293 
-19.897216 -41.490582 43.014977 
-20.760631 -40.986386 43.032331 
-20.631499 -41.195372 44.001687 
-21.137404 -41.935971 44.443923 
-20.276668 -42.391908 44.670319 
-20.990945 -42.918666 45.131117 
-20.796468 -43.353509 44.251861 
-20.022607 -42.951275 43.762630 
-19.651544 -43.353537 44.599587 
-19.709174 -43.393907 45.597109 
-19.822443 -44.253976 46.094554 
-19.029899 -44.343362 45.491326 
-18.151533 -44.775477 45.286997 
-18.916653 -44.956867 44.669187 
-19.844774 -45.055352 44.310170 
-19.705461 -44.838488 43.343960 
-18.797904 -44.492797 43.582366 
-18.519659 -44.475732 42.622007 
-18.342123 -44.722961 41.669453 
-17.911582 -45.553064 42.023803 
-16.966220 -45.233670 41.958399 
-17.172846 -44.408656 41.432417 
-17.182635 -44.009670 42.349322 
-16.771806 -43.103868 42.245678 
-17.053522 -42.158550 42.081327 
-17.925459 -42.551593 41.789364 
-17.939019 -43.295245 42.457794 
-18.669395 -42.612204 42.455361 
-17.875020 -42.159172 42.859999 
-17.182431 -41.766901 43.465345 
-16.213757 -41.520253 43.436419 
-16.502532 -40.950353 42.667119 
-16.551904 -41.278888 41.723918 
-19.095681 -11.813676 -8.840398 
-19.385995 -12.175214 -9.726404 
-18.965607 -12.678528 -10.481354 
-18.973446 -13.673313 -10.379668 
-19.470761 -14.528795 -10.235347 
-20.007046 -15.365518 -10.124471 
-19.948293 -15.065575 -11.076617 
-19.385994 -15.760925 -11.524176 
-18.883462 -16.516761 -11.943906 
-18.304494 -15.810991 -11.535635 
-18.425512 -15.085201 -12.212823 
-18.350202 -14.299263 -11.599122 
-18.489814 -14.092268 -12.567451 
-19.234861 -14.617614 -12.978445 
-19.889600 -15.137704 -12.429971 
-20.325202 -15.850347 -12.979872 
-19.383124 -16.149293 -13.131923 
-19.675371 -17.076077 -13.367856 
-20.670930 -17.165293 -13.397922 
-21.670924 -17.164543 -13.401096 
-22.102614 -17.978595 -13.789634 
-22.549838 -17.094856 -13.927456 
-23.547575 -17.088898 -13.860481 
-23.432643 -16.096880 -13.808611 
-23.150306 -16.029558 -14.765561 
-22.292072 -15.516432 -14.777218 
-21.972824 -15.479132 -15.724155 
-22.931371 -15.761869 -15.759471 
-23.200097 -16.707775 -15.941260 
-23.189718 -17.615983 -15.522869 
-24.077497 -17.359059 -15.140979 
-24.477029 -18.236427 -14.875274 
-24.206114 -18.886275 -14.165132 
-24.274322 -18.122538 -13.523219 
-25.219126 -18.057625 -13.844360 
-26.141946 -17.717661 -13.663173 
-26.701713 -16.902608 -13.513676 
-26.790137 -16.008781 -13.953283 
-27.694882 -16.014232 -14.379202 
-27.750289 -16.070672 -15.376069 
-27.992834 -16.909144 -14.888076 
-27.156881 -17.132617 -15.389316 
-26.282318 -17.531242 -15.113203 
-25.501612 -17.134347 -14.630531 
-25.662395 -16.317127 -15.183975 
-25.430454 -15.472802 -14.700943 
-25.968105 -14.965190 -14.027696 
-25.008568 -14.780638 -13.815023 
-24.902089 -13.805075 -13.622829 
-23.982537 -14.151502 -13.437324 
-23.153717 -14.705694 -13.360315 
-23.188052 -14.560010 -12.371580 
-22.536770 -14.479724 -11.617003 
-21.544681 -14.560892 -11.521238 
-20.995860 -14.265864 -10.739092 
-21.732514 -14.227124 -10.063933 
-21.013592 -14.835407 -9.727565 
-21.384620 -15.441308 -10.431285 
-21.246928 -15.595497 -11.409685 
-20.605322 -16.265403 -11.783274 
-20.268905 -17.183402 -11.573271 
-19.616342 -17.506414 -12.258709 
-18.742933 -17.975371 -12.127421 
-19.231517 -18.512681 -11.439974 
-18.845633 -19.429100 -11.546133 
-19.660506 -19.840811 -11.138118 
-20.468758 -19.413722 -10.732749 
-20.671905 -18.447934 -10.893945 
-19.768834 -18.533037 -10.472970 
-18.884006 -18.935233 -10.237771 
-18.546491 -18.345067 -9.504431 
-18.908349 -17.483451 -9.860350 
-18.884404 -16.544192 -10.202723 
-18.168280 -16.352800 -9.531504 
-17.468843 -16.973449 -9.885880 
-17.422113 -17.785924 -9.304760 
-16.790912 -18.445314 -8.896362 
-16.828546 -17.614590 -8.340950 
-15.870715 -17.901855 -8.334652 
-15.138540 -17.556139 -8.921508 
-14.608247 -18.382820 -8.733389 
-13.629684 -18.581113 -8.789022 
-13.034912 -18.133716 -8.121128 
-12.294930 -18.227730 -8.787152 
45.947219 -5.732576 10.113962 
46.182343 -4.770827 9.973405 
46.687914 -4.184421 10.606276 
46.107428 -4.855768 11.067068 
46.851442 -5.433065 11.403479 
47.375668 -5.419099 12.254943 
46.409470 -5.371299 12.508275 
45.453976 -5.129888 12.338717 
45.527112 -6.117654 12.200988 
45.109112 -7.021485 12.109533 
45.969542 -7.478442 11.884032 
46.061267 -7.445122 10.888805 
45.388250 -6.725477 11.059561 
44.537539 -7.211295 11.260239 
43.561705 -6.992919 11.267950 
44.009640 -6.446896 10.559986 
43.431139 -5.632742 10.609891 
42.893663 -4.941973 10.126200 
43.618931 -4.655868 9.499997 
44.315588 -3.997403 9.784763 
43.517131 -3.655577 9.289160 
43.693521 -2.683151 9.441715 
44.234427 -2.289093 8.698654 
43.311198 -2.547398 8.414175 
42.379318 -2.637365 8.765608 
41.966934 -1.733129 8.876503 
42.413099 -1.531048 9.748340 
42.077450 -2.340025 10.230932 
41.267803 -2.090509 10.762169 
40.673146 -2.887569 10.867423 
41.236437 -3.243123 10.121578 
40.484726 -3.814268 9.791846 
40.691936 -4.224046 8.903508 
41.411509 -3.531811 8.848502 
40.892152 -2.683642 8.744210 
40.506708 -1.929861 9.276421 
39.785400 -1.538167 9.847639 
40.519984 -0.962972 10.207553 
40.516495 -1.240187 11.168354 
40.987939 -0.857594 11.962939 
41.571196 -0.577764 12.725504 
41.669162 -0.724560 13.709808 
41.161976 -1.035215 14.513708 
42.137209 -0.863640 14.653288 
42.371036 -1.604383 14.023507 
42.129864 -2.366431 13.422575 
41.297760 -2.900459 13.272853 
41.010828 -2.995281 12.319607 
40.381940 -3.642731 11.889132 
39.494182 -3.236994 12.106535 
38.986406 -3.369937 11.255365 
39.675951 -2.963895 10.655649 
39.533454 -3.821632 10.161705 
38.794996 -3.193744 9.915868 
37.887987 -2.807906 9.747156 
37.888355 -2.049415 9.095472 
38.634175 -1.543361 8.662273 
39.517725 -1.969107 8.467131 
39.340299 -1.554599 7.574549 
39.523798 -1.154841 6.676484 
39.534208 -0.265982 6.218421 
39.055189 -0.636450 5.422622 
38.336249 -0.026475 5.755873 
38.297868 0.970920 5.816960 
39.020215 0.670920 6.440029 
39.978358 0.777223 6.174206 
40.776932 0.787490 5.572397 
41.117736 0.035781 6.137009 
41.579962 -0.590029 5.508751 
41.861169 0.334365 5.251035 
41.314171 -0.215282 4.619624 
40.905377 0.318870 3.879645 
39.979378 0.682253 3.982014 
39.654313 1.616793 4.126817 
38.979942 1.301715 3.459022 
38.487905 1.230145 4.326649 
38.279871 0.267689 4.152294 
37.508444 -0.283162 3.833761 
37.501474 0.653668 3.484046 
36.544911 0.930577 3.575202 
36.050836 0.086975 3.785499 
36.110610 0.176535 4.779685 
71.199219 -14.115676 -22.853838 
71.159787 -15.046528 -22.490577 
71.758966 -14.961775 -21.694461 
72.048018 -15.118598 -20.750080 
72.483311 -15.984077 -20.998006 
72.415203 -15.716050 -20.037005 
71.907955 -14.996442 -19.562806 
71.053785 -14.517941 -19.766350 
71.450697 -13.840480 -19.147071 
70.631508 -13.286621 -18.998172 
70.641797 -12.523910 -19.644829 
69.836575 -11.935687 -19.569913 
69.316587 -11.954068 -20.423889 
68.646827 -12.077474 -21.156141 
67.768265 -12.524901 -21.323285 
67.935239 -12.180560 -20.399408 
67.986438 -11.231995 -20.711822 
67.230935 -11.123401 -21.357904 
67.114798 -10.533881 -22.157265 
66.733976 -11.122373 -22.870464 
67.355796 -11.824891 -23.216597 
67.335436 -11.274784 -24.051443 
67.238381 -12.120129 -24.576773 
66.595599 -11.659032 -25.188509 
65.748531 -11.644063 -24.657236 
65.241080 -10.903998 -25.098595 
65.309611 -10.019271 -25.559640 
65.359462 -9.767741 -26.526204 
64.912407 -8.906026 -26.766181 
65.265582 -8.186797 -27.364493 
65.177867 -9.062487 -27.839333 
65.305434 -9.015904 -28.830068 
65.501931 -9.625288 -29.598209 
66.014656 -9.333793 -30.405764 
66.526773 -9.878938 -29.742022 
66.553083 -8.997015 -29.271362 
66.505357 -9.752723 -28.618194 
66.341324 -10.655304 -29.016241 
66.263691 -10.854571 -29.993106 
65.968573 -10.752898 -30.943141 
65.067745 -11.180288 -31.019609 
64.402717 -11.421429 -31.726425 
64.976030 -10.670904 -32.055097 
63.992169 -10.491994 -32.058138 
64.260662 -9.550202 -31.855802 
64.484611 -8.606965 -32.101055 
65.246239 -9.031186 -31.611198 
65.603421 -9.754479 -32.202187 
66.493070 -10.210487 -32.178089 
66.190489 -11.160463 -32.255482 
66.200672 -11.996175 -32.804556 
67.070720 -12.130406 -32.330216 
66.879625 -11.948914 -31.365569 
67.155227 -12.184071 -30.433504 
66.290898 -12.662144 -30.589645 
66.947429 -13.409501 -30.487543 
67.299274 -14.205508 -30.980065 
66.379366 -14.084607 -31.353096 
66.123241 -14.930006 -31.821818 
65.875925 -15.366585 -30.956813 
66.227364 -16.297293 -30.855458 
66.680619 -17.160004 -31.079712 
66.932052 -18.107391 -30.881626 
67.286186 -18.176124 -29.948961 
68.160717 -18.237902 -30.429980 
68.302965 -18.630008 -31.338836 
67.775589 -17.910814 -31.791202 
68.092179 -18.537066 -32.503648 
68.752513 -18.847789 -33.187321 
69.369790 -18.131468 -33.512674 
69.443125 -17.714237 -34.418511 
70.316854 -18.113497 -34.140681 
71.018731 -18.822785 -34.075269 
70.436280 -19.598273 -33.831610 
70.843475 -19.944057 -34.676965 
70.428310 -19.064489 -34.909339 
70.846913 -18.210233 -35.217590 
70.004589 -17.732075 -35.466298 
70.246438 -18.429854 -36.140548 
70.342321 -17.595208 -36.682924 
41.665819 5.301024 -59.138538 
41.513421 5.104250 -58.170005 
41.211816 4.150840 -58.176634 
42.149189 3.832442 -58.035376 
42.500046 4.767341 -58.088890 
43.043803 5.606392 -58.070976 
42.218169 6.131799 -58.276589 
41.627773 6.937554 -58.229775 
41.827598 7.869916 -58.531056 
42.667775 8.302684 -58.204229 
43.538196 8.648276 -57.853612 
43.620430 9.569153 -57.472531 
44.400173 9.652425 -56.851994 
43.808309 10.441577 -56.687873 
44.645505 10.988233 -56.704291 
44.986489 10.459419 -57.481521 
45.680318 11.069217 -57.864597 
46.321454 10.432112 -57.436762 
47.081207 10.925877 -57.013712 
47.842156 11.478979 -56.674547 
47.938165 11.931360 -55.787905 
48.891965 11.680563 -55.622471 
49.400724 12.538082 -55.698803 
48.781837 13.297454 -55.497972 
47.861413 13.293409 -55.888874 
47.653597 14.051374 -56.507179 
47.931590 14.931116 -56.892891 
47.139843 15.530014 -56.772648 
46.824875 16.475050 -56.860409 
47.096598 17.224442 -56.256607 
46.373845 17.731497 -55.787007 
45.731865 17.071639 -55.396560 
46.598473 16.771222 -54.998137 
46.812204 15.991874 -54.409124 
46.249048 16.721405 -54.021000 
45.281317 16.889904 -54.208361 
44.761185 17.297792 -53.457968 
44.036578 17.096028 -52.799001 
44.549809 16.346303 -52.381261 
44.092873 16.889741 -51.677070 
44.989492 17.005680 -51.249714 
44.625667 17.450995 -50.431591 
43.923018 17.913787 -49.891120 
43.280880 17.148098 -49.853998 
42.471904 16.624673 -50.121550 
42.320174 16.371983 -51.077127 
41.887454 17.271756 -51.020893 
41.260557 17.831323 -50.478782 
40.542839 17.970620 -49.796523 
40.029276 17.119041 -49.691317 
40.420793 17.306785 -48.790502 
39.525645 17.715065 -48.611570 
38.556132 17.894303 -48.778658 
38.513607 18.785897 -49.229493 
38.660483 18.126684 -49.966966 
37.965643 17.635010 -50.491804 
37.989215 17.421678 -51.468499 
38.073419 16.470058 -51.764012 
38.872815 16.049641 -52.193215 
38.843198 15.083645 -51.936359 
38.086873 15.432686 -51.383058 
37.117714 15.665732 -51.463195 
36.455287 16.387987 -51.662035 
35.976908 16.792831 -50.882770 
36.353132 15.893695 -50.659143 
37.110315 15.910117 -50.006148 
37.727288 15.528196 -49.318048 
38.502946 14.988835 -48.990262 
39.126456 14.293657 -49.347982 
38.577221 13.672757 -49.907288 
39.222940 14.271339 -50.381362 
40.017750 14.771972 -50.724354 
40.324307 15.351430 -51.479504 
40.808514 15.565747 -52.327803 
40.692584 15.566967 -53.321060 
40.684770 16.565329 -53.264386 
40.086368 17.136449 -52.702482 
39.491084 17.426384 -53.451864 
34.022419 -40.269676 -44.714138 
34.868988 -39.776741 -44.513300 
34.706898 -40.101233 -45.445197 
35.313680 -40.557589 -46.096008 
36.022777 -40.615033 -46.798775 
36.755371 -40.114440 -47.259982 
37.042825 -40.578016 -48.098115 
36.171508 -40.285586 -48.492184 
36.204556 -40.902621 -49.278426 
36.021600 -39.989549 -49.642880 
36.690844 -39.315078 -49.331106 
36.753640 -39.679841 -50.260087 
36.068898 -39.581030 -50.982143 
36.026044 -39.898395 -51.929478 
35.587325 -39.071598 -52.281519 
35.600566 -39.346519 -53.242895 
34.987247 -40.027196 -52.842249 
34.104417 -39.604542 -52.637368 
33.270113 -39.053524 -52.619637 
32.982830 -38.108973 -52.778672 
32.950691 -37.601308 -53.639627 
33.206552 -37.425406 -54.590202 
33.000488 -36.929509 -55.433780 
33.634892 -36.447297 -56.037936 
33.394711 -36.941144 -56.873657 
32.939011 -37.642889 -56.326034 
32.117099 -37.098259 -56.159184 
32.295604 -37.001780 -57.138382 
32.433587 -37.763989 -57.770836 
32.568376 -38.645570 -57.318457 
31.901578 -39.012533 -57.967085 
31.934037 -38.396376 -58.754039 
32.642675 -38.336536 -59.457069 
31.929778 -38.168088 -60.137806 
32.159350 -39.136577 -60.234377 
32.858988 -38.753425 -60.837454 
32.852020 -39.670478 -61.236157 
32.188294 -40.343012 -61.563518 
32.415961 -41.277479 -61.837269 
31.634199 -41.563109 -61.282956 
31.022465 -41.908849 -61.994466 
30.109607 -41.579508 -61.753169 
29.998051 -40.882381 -62.461385 
30.306428 -39.981038 -62.157273 
29.634485 -39.998438 -61.416874 
30.441254 -40.205150 -60.863347 
31.082877 -39.462103 -61.053611 
31.338592 -38.661838 -61.596001 
32.182179 -39.147064 -61.826037 
32.496645 -38.639320 -62.628101 
32.267619 -39.344297 -63.299335 
32.023983 -40.114060 -62.709330 
31.160583 -40.146550 -63.212802 
31.330340 -39.326710 -62.665953 
30.374966 -39.104641 -62.860751 
30.155907 -38.742058 -61.954911 
30.372203 -38.030019 -62.622905 
31.171565 -38.141077 -63.213401 
32.091708 -38.240376 -63.592185 
32.666983 -37.484631 -63.905087 
32.711186 -37.222642 -64.869145 
32.871593 -36.295882 -64.529463 
33.606494 -35.974421 -65.126609 
34.024554 -36.517749 -64.398584 
33.392277 -36.828010 -63.688680 
33.108483 -36.176979 -62.984678 
33.238364 -36.544850 -62.063916 
33.231937 -36.592711 -61.065083 
33.552641 -37.463838 -60.693216 
34.386072 -37.014031 -60.372175 
34.247294 -37.027565 -61.362406 
34.487558 -36.206975 -61.880967 
33.845535 -35.605556 -61.405466 
33.328268 -35.163312 -62.138170 
33.669795 -34.223911 -62.167930 
33.781096 -33.784107 -63.059100 
26.348919 -25.287676 71.445162 
26.689617 -24.516319 70.907637 
27.528649 -24.425797 71.444135 
27.141726 -23.634752 71.917990 
27.288282 -22.808896 72.462493 
26.354356 -23.164759 72.496301 
26.515257 -22.305316 72.011050 
26.375951 -22.134429 72.986443 
25.664527 -21.547961 72.599233 
25.640752 -21.733831 73.581519 
26.122621 -21.444542 74.408631 
26.911056 -21.771495 73.887602 
27.445986 -22.604900 74.026479 
28.298712 -22.954416 73.638284 
28.441879 -23.671238 72.955884 
28.806641 -24.578085 72.744753 
29.519391 -23.945664 73.048121 
29.871636 -24.760995 72.588600 
30.131306 -25.583809 72.083083 
31.086639 -25.879027 72.069476 
31.447656 -24.969385 71.864007 
32.319458 -24.587865 71.556755 
32.475914 -25.219190 72.316326 
32.775882 -26.138814 72.062728 
33.463773 -26.571061 71.479661 
34.201746 -26.180482 70.929348 
33.918331 -25.734207 70.080516 
34.400630 -25.138352 69.438376 
34.940025 -24.400474 69.844072 
35.130023 -23.516797 69.416268 
34.148158 -23.483250 69.229676 
34.552154 -24.012672 68.483686 
33.667921 -24.430705 68.275406 
32.691843 -24.377013 68.064722 
32.398763 -23.697308 67.392334 
32.165058 -23.391988 66.469208 
31.250623 -23.525041 66.086970 
31.981304 -23.942613 65.546841 
32.369402 -23.059543 65.283085 
33.163440 -23.615306 65.036850 
33.172859 -23.144168 64.154841 
34.154009 -22.963058 64.087432 
33.730739 -22.062175 63.991240 
33.234606 -21.278033 64.364031 
33.459546 -21.304116 65.338055 
33.326310 -20.577648 66.012215 
32.471262 -20.925949 65.628055 
32.413674 -21.888168 65.361940 
32.286827 -22.042248 66.341823 
31.323658 -21.816274 66.196080 
30.979495 -21.375659 67.025182 
31.213733 -20.458561 66.702591 
31.369801 -20.491440 65.715392 
31.677746 -19.578491 65.983146 
31.660215 -18.590073 66.133886 
30.905600 -18.423201 65.499291 
30.544050 -18.651674 64.595366 
29.930086 -19.005015 65.301198 
29.958020 -18.008103 65.227800 
28.969579 -18.117567 65.122911 
28.855105 -17.321784 65.717574 
29.584142 -16.850277 65.221402 
29.324434 -16.684654 64.270024 
28.800388 -15.833154 64.288011 
29.466651 -15.693538 65.020541 
30.289074 -15.755843 65.585996 
30.604251 -16.058185 64.686411 
30.291712 -16.710054 63.995480 
25.932219 -43.447676 17.160662 
26.493688 -43.533719 16.337650 
27.478160 -43.665992 16.222245 
28.371030 -43.948119 15.871264 
27.672361 -44.351135 15.280130 
28.364319 -45.069345 15.206858 
27.632146 -45.738928 15.082034 
26.652667 -45.912895 15.183800 
26.842163 -45.155114 15.808188 
26.444470 -44.587658 16.529183 
26.501249 -45.343642 17.181305 
27.231581 -45.971797 16.912907 
27.040651 -46.828444 17.392178 
26.547030 -47.342439 16.690645 
27.381659 -47.267405 16.144967 
26.919392 -46.904130 15.336054 
27.890281 -46.866923 15.099430 
28.537997 -47.329298 15.704965 
29.477489 -47.662453 15.784730 
29.178403 -48.090659 14.931977 
29.426450 -47.827210 13.999739 
28.997810 -48.080738 13.132564 
28.482595 -48.929315 13.012267 
29.472731 -48.957239 12.874967 
30.447456 -49.135366 13.009806 
30.708070 -48.191425 13.212426 
31.434002 -47.791586 12.652826 
32.216881 -47.376642 13.116422 
32.621031 -46.623102 13.634921 
33.354447 -47.103008 14.116368 
33.661660 -47.551299 14.955806 
33.700540 -46.778700 15.589508 
33.481658 -46.040145 14.951835 
33.363181 -45.047206 14.957799 
33.871572 -44.857873 15.797854 
33.256639 -45.626989 15.971972 
33.203838 -45.480696 16.959803 
34.145941 -45.515729 16.626314 
34.367927 -44.908467 17.389174 
34.854497 -44.340908 18.053347 
35.206499 -43.960297 18.908467 
35.692307 -44.733839 19.315436 
34.710880 -44.925528 19.322926 
34.357552 -45.614752 18.690367 
33.979978 -45.996320 17.846659 
33.441466 -46.466661 18.545790 
32.641769 -46.985582 18.847794 
32.550992 -47.782674 18.250797 
33.300081 -47.756226 18.912738 
33.752813 -48.637371 19.049183 
33.974359 -48.549811 20.020394 
34.794442 -48.845586 20.510272 
35.215776 -49.073849 19.632563 
35.015081 -48.278789 19.060200 
35.946285 -48.287378 18.695804 
35.557988 -49.105457 18.271574 
34.658102 -49.518928 18.132840 
34.256916 -49.777422 17.254073 
34.972531 -50.352396 17.650683 
35.942639 -50.594861 17.660674 
36.206716 -51.551173 17.535255 
36.856072 -52.120472 18.039472 
37.222687 -51.305212 18.487741 
37.997534 -51.168449 19.104918 
38.497314 -51.379040 19.945080 
-47.221741 15.095124 58.296862 
-46.240240 14.941318 58.182850 
-45.307404 14.625137 58.010089 
-45.018014 14.231577 58.882650 
-44.550387 13.523959 58.352932 
-44.111601 13.488731 59.250833 
-44.524975 12.701019 59.707595 
-44.217444 12.683725 60.658976 
-43.966840 13.490663 61.193810 
-43.264074 12.914948 61.611748 
-42.986564 12.242983 60.925125 
-42.231247 11.682403 61.264604 
-42.539634 11.397550 60.356994 
-41.685438 11.708866 59.940543 
-40.873326 11.343020 60.395111 
-40.341896 10.573573 60.040803 
-39.802769 11.190359 59.467290 
-39.039271 11.402350 58.857264 
-38.464148 12.214499 58.759047 
-38.075767 13.015875 58.304122 
-37.188820 12.788644 57.902015 
-37.782672 12.180197 57.375581 
-38.073339 11.291617 57.730459 
-38.422027 10.684272 57.016633 
-37.801040 10.228896 57.654604 
-36.920337 10.650783 57.439258 
-36.440335 10.160205 58.166534 
-37.226739 10.414983 58.729258 
-36.889787 11.307717 59.028407 
-36.314450 11.359340 58.212122 
-36.264495 11.915883 57.382806 
-35.779480 12.364735 56.632278 
-35.618696 12.232878 55.654136 
-34.736432 11.870958 55.353100 
-35.491530 11.229803 55.490021 
-36.471175 11.390435 55.610410 
-36.709423 11.208248 54.656447 
-36.336210 10.286698 54.549399 
-36.142287 9.633907 53.817103 
-36.961354 9.642372 53.243467 
-37.665565 10.349998 53.185565 
-37.902879 11.246188 52.810697 
-37.865035 11.691796 53.705125 
-38.012136 12.680910 53.709142 
-38.680784 12.408593 53.017222 
-39.230308 11.842534 52.402730 
-39.433825 10.906852 52.690965 
-40.401239 10.671871 52.785273 
-40.479588 11.635857 52.531123 
-41.441913 11.674688 52.800235 
-41.524398 12.633983 52.530143 
-41.984658 13.521626 52.514351 
-42.130272 14.096280 53.319689 
-42.235431 15.042104 53.626867 
-42.364352 14.459421 54.429276 
-42.707258 15.343446 54.746946 
-43.497213 15.285337 55.357351 
-44.134853 15.925004 54.928117 
-44.743234 15.348747 55.473829 
-45.193800 14.457210 55.427433 
-45.849767 15.020324 55.930035 
-46.374511 14.830812 55.100139 
-46.564278 14.210330 55.861053 
-46.998060 15.111009 55.836354 
-47.732358 15.708256 55.513703 
-47.498791 16.243402 54.701875 
-47.242290 16.948211 54.040474 
-47.911204 16.305443 53.667105 
-47.685255 16.664904 52.761713 
-5.845781 16.581324 32.262962 
-6.075744 15.609914 32.203982 
-6.233446 15.816695 33.169576 
-7.135316 15.456504 33.408100 
-7.609116 14.703531 32.951434 
-8.449323 15.242899 32.895440 
-9.044560 14.980466 33.654928 
-8.550769 14.111823 33.695281 
-8.145053 13.292399 33.290387 
-8.302482 13.081557 32.325627 
-7.612025 13.797301 32.430416 
-6.728729 13.587282 32.011273 
-5.993636 13.567689 31.333591 
-6.373579 14.489671 31.258813 
-6.709682 15.031255 30.488280 
-7.548065 15.398061 30.085083 
-7.978083 16.196471 30.506539 
-8.373920 16.168213 31.424424 
-8.505301 15.179551 31.351711 
-9.025197 15.678345 32.045190 
-9.001967 16.458372 32.670504 
-9.908053 16.796591 32.924702 
-10.416234 17.622053 33.170394 
-9.587198 17.490665 33.713934 
-8.917130 17.953207 33.133361 
-8.815666 18.512729 32.310780 
-9.532027 18.212787 31.680810 
-8.638855 18.199724 31.231286 
-7.698434 18.098953 30.906548 
-6.750816 17.851497 30.704596 
-7.341337 17.048450 30.784607 
-6.722044 16.273060 30.661130 
-5.859181 16.421992 30.178132 
-5.353551 17.269277 30.340754 
-5.108747 17.631357 31.240182 
-5.069346 18.460641 30.682744 
-5.891764 18.574966 31.240023 
-6.007005 18.913561 32.173871 
-6.719657 18.434720 32.686549 
-7.224523 19.256845 32.423450 
-7.952969 19.706309 32.940508 
-8.424805 19.216421 33.673570 
-9.276632 18.870377 34.066817 
-9.755720 19.747986 34.083464 
-10.748099 19.692273 34.193372 
-10.401958 18.826246 33.832562 
-10.725075 18.577157 34.745551 
-9.913040 18.313864 35.266394 
-8.918491 18.357082 35.171500 
-9.443437 19.207628 35.203175 
-9.475703 19.344822 36.193194 
-8.583584 19.267257 36.638287 
-8.271217 18.355086 36.373011 
-8.091245 17.372594 36.421172 
-8.403800 17.794482 37.272242 
-9.065185 18.430686 37.669502 
-9.689307 17.736755 37.310434 
-10.579966 17.912526 37.729757 
-10.484571 18.809603 38.161212 
-10.376196 18.117224 38.874560 
-9.502329 17.704547 38.617550 
-8.937446 16.915460 38.376201 
-9.014485 15.919212 38.415632 
-8.394263 15.499480 39.078316 
-27.606281 45.003224 -40.374538 
-27.633470 45.973221 -40.132944 
-28.445803 46.478625 -39.841942 
-29.123074 47.214318 -39.849633 
-29.458466 46.363068 -40.253224 
-29.939558 46.371151 -41.129857 
-29.695632 47.300273 -40.851949 
-30.338142 47.577559 -40.137601 
-30.779060 47.570148 -41.035118 
-31.773156 47.622567 -40.940118 
-31.981822 47.608334 -39.962234 
-32.513871 47.056563 -39.319995 
-31.851805 46.449843 -38.880039 
-32.260794 45.739739 -38.306908 
-31.766878 45.064812 -37.758711 
-31.420142 44.304108 -38.307440 
-30.637471 44.919485 -38.400919 
-29.771764 44.832900 -37.907913 
-30.186286 45.617518 -37.446886 
-29.505430 45.352372 -36.764147 
-29.583065 45.394134 -35.768041 
-29.001451 46.094695 -36.181488 
-28.250350 45.597954 -36.616339 
-28.358280 44.607112 -36.535193 
-27.771685 43.807725 -36.405244 
-27.747654 44.386862 -35.590368 
-28.112192 45.078044 -34.966365 
-28.658991 45.805606 -34.552043 
-27.903312 46.082901 -35.145386 
-28.017280 46.991751 -35.546639 
-27.276947 46.441056 -35.932181 
-26.810532 46.022391 -36.711397 
-26.743831 46.606932 -37.520015 
-26.685490 46.174748 -38.419912 
-26.533468 47.029729 -38.915792 
-27.097878 47.830122 -39.117813 
-26.585169 48.020386 -39.955027 
-25.958753 48.720907 -40.296894 
-24.990271 48.503046 -40.176149 
-24.682292 48.163025 -41.064706 
-23.945080 47.672803 -40.599733 
-23.826139 47.735253 -41.590668 
-24.597609 47.948380 -42.190177 
-24.287546 48.382867 -43.035802 
-24.506997 49.358165 -43.010640 
-24.335612 50.187317 -42.478535 
-23.853379 51.059184 -42.393109 
-23.627478 51.359989 -43.319653 
-22.755171 51.452613 -43.799759 
-22.997939 51.979567 -44.614242 
-23.536055 52.490726 -43.944058 
-22.895697 53.258488 -43.966043 
-21.919251 53.415172 -44.114379 
-22.064993 53.789719 -45.030061 
-22.453886 52.940471 -45.387189 
-22.055554 52.499221 -46.191322 
-21.293730 52.158269 -46.742118 
-21.510184 51.324602 -47.250199 
-20.961885 50.491117 -47.181859 
-20.198376 50.388163 -47.819397 
-20.006447 50.715542 -46.894201 
-20.435999 51.420833 -46.330242 
-19.950787 51.884893 -45.589151 
-3.294581 42.213324 21.965662 
-3.698787 43.002602 22.427895 
-4.596751 42.802627 22.035886 
-5.442929 43.290810 21.822204 
-5.156297 44.233033 21.648833 
-4.682349 44.644594 20.870378 
-4.094602 44.268874 20.153867 
-4.149438 43.926990 19.215726 
-4.551767 44.094885 18.315757 
-4.687956 45.085321 18.293620 
-4.932864 44.908079 17.340412 
-4.870342 44.759586 16.353477 
-5.044949 44.585602 15.384332 
-5.826362 44.006872 15.150952 
-6.798687 44.207496 15.270681 
-7.430921 44.208342 16.045458 
-7.692122 44.465247 16.975928 
-7.523488 44.720526 17.927976 
-7.968315 43.904355 18.296748 
-8.444914 43.078742 17.994727 
-7.537270 43.032766 17.577512 
-7.983918 42.160206 17.379665 
-7.030957 41.921525 17.566469 
-6.253144 42.545093 17.487925 
-5.958942 42.034041 16.680292 
-5.865382 41.079573 16.963555 
-5.116558 40.704387 17.509904 
-5.374836 40.162837 16.709894 
-6.118660 39.604944 16.341815 
-6.852253 40.272198 16.212922 
-7.565222 40.873855 16.573038 
-8.349432 41.265630 16.091865 
-9.029618 40.962428 15.424470 
-8.267987 40.629045 14.868796 
-7.752465 40.839826 14.038248 
-7.055089 41.075431 14.715121 
-6.743368 40.187545 15.053482 
-6.653807 39.194061 15.123972 
-7.648282 39.100554 15.076259 
-8.503386 39.616007 15.131991 
-9.271812 39.916121 14.566790 
-9.264689 39.487506 13.663331 
-9.532003 40.249450 13.073430 
-10.039979 39.753976 12.368826 
-10.277699 39.027313 13.013379 
-9.565605 38.739066 12.373195 
-10.404342 38.427534 11.926576 
-9.830219 37.622911 12.078117 
-9.803922 36.881803 11.407247 
-10.523250 37.540776 11.187428 
-11.258931 37.840852 10.580199 
-12.230805 37.632354 10.689694 
-12.236249 38.365060 11.370217 
-12.893859 38.748236 12.018851 
-12.908875 39.530792 12.641250 
-13.376664 39.391700 13.514077 
-13.795864 38.831393 12.799705 
-14.358796 38.016084 12.664139 
-14.100407 37.908710 11.704083 
-13.137217 37.703254 11.530725 
-12.543711 37.819495 12.327116 
-11.777669 37.383163 12.799126 
-11.449513 36.561109 12.333786 
-41.282581 -43.216676 49.340162 
-41.298698 -42.316044 48.905877 
-40.817357 -42.393014 48.032730 
-40.008519 -42.949618 47.843067 
-40.334597 -43.168159 46.923331 
-40.088430 -42.199207 46.946469 
-40.925116 -42.133254 46.402772 
-41.401239 -42.652786 47.112274 
-41.692317 -43.502988 47.550943 
-41.890765 -43.555038 46.572214 
-41.912607 -42.703199 46.048866 
-42.672135 -43.283192 45.754377 
-43.239670 -43.982593 46.188824 
-43.117170 -44.970849 46.280162 
-43.241750 -45.498180 47.120639 
-42.560953 -45.994990 46.582406 
-41.753600 -45.404963 46.589329 
-41.721643 -45.670780 47.552823 
-41.479534 -44.706262 47.658118 
-41.214360 -44.517854 46.712504 
-40.290760 -44.379735 46.354891 
-40.703212 -44.230767 45.456174 
-40.148124 -44.903200 44.966570 
-40.275304 -45.363142 44.087776 
-39.547639 -45.903014 44.510910 
-38.648950 -46.268119 44.267899 
-39.132481 -46.963492 44.799552 
-38.893940 -47.683806 45.450894 
-38.395951 -48.525543 45.659425 
-37.418325 -48.631857 45.477917 
-36.607513 -48.125991 45.772336 
-36.273560 -47.280516 46.189047 
-35.867975 -46.366732 46.211419 
-35.116173 -45.713591 46.120862 
-34.466712 -44.960260 46.224272 
-34.247714 -44.301577 46.944116 
-34.809649 -44.521850 47.741430 
-35.434749 -44.070142 48.377990 
-35.376523 -44.347280 49.337054 
-35.075470 -44.555746 50.267596 
-35.011952 -43.579972 50.476952 
-35.839346 -43.024239 50.558072 
-35.000069 -42.522655 50.767897 
-34.497749 -41.742741 51.141273 
-33.541889 -41.466842 51.242318 
-32.895356 -40.707416 51.314895 
-33.463560 -40.244136 51.994981 
-34.181535 -40.018379 52.653423 
-34.857378 -39.315213 52.874315 
-35.141756 -39.694957 53.754612 
-34.987164 -40.657682 53.976564 
-35.422775 -41.195834 54.698114 
-34.874901 -41.336567 55.522753 
-35.843424 -41.131675 55.664118 
-35.479550 -41.222179 56.591159 
-35.176757 -40.506052 57.220029 
-35.405546 -40.180253 58.137367 
-34.924517 -40.977731 58.501564 
-34.400887 -40.328655 59.053391 
-33.990616 -41.225162 58.886199 
-33.972814 -41.375497 59.874673 
-34.943799 -41.232801 60.066576 
-34.489511 -41.245003 60.957348 
-34.594440 -41.960456 61.648083 
-35.419150 -42.316405 62.087576 
-35.864977 -42.672632 62.908758 
-21.399481 19.761224 -61.640838 
-20.523020 20.047027 -61.253368 
-20.356756 20.724106 -60.536486 
-21.202568 21.017784 -60.981859 
-21.347696 20.447895 -60.173055 
-21.460397 19.836033 -59.390160 
-21.146648 18.889639 -59.313348 
-20.556978 19.329353 -59.990801 
-20.098586 19.692446 -59.179604 
-20.120843 19.792839 -58.184905 
-19.300646 19.526680 -57.678509 
-18.518948 19.686208 -57.075600 
-17.831645 19.942344 -56.395888 
-18.309386 20.005176 -55.519637 
-18.370208 19.077528 -55.151168 
-17.383582 19.238970 -55.128712 
-17.435193 18.304886 -55.482016 
-17.878496 17.516453 -55.908462 
-18.685404 17.950074 -55.507372 
-19.510576 18.459779 -55.750872 
-20.208802 17.836661 -55.398447 
-19.943190 17.237291 -56.153567 
-20.128997 16.385837 -56.643977 
-20.906245 16.178072 -57.237879 
-21.815678 16.446911 -56.920612 
-22.339596 17.086919 -56.358562 
-22.850559 17.590878 -55.662184 
-22.172995 17.445970 -54.941137 
-21.569376 16.692389 -55.201447 
-21.642095 15.931174 -55.845855 
-21.048713 15.166205 -56.096297 
-21.062467 14.937393 -55.122924 
-21.477282 14.248437 -54.528560 
-22.448772 14.340616 -54.746987 
-22.339215 14.151680 -55.722846 
-21.612802 13.544273 -55.401318 
-20.834019 13.248036 -55.954256 
-20.114005 12.864737 -56.532756 
-19.995325 11.905477 -56.789145 
-20.318438 11.230385 -57.452356 
-19.628182 11.498126 -58.124562 
-19.158053 11.817788 -58.947237 
-18.715102 11.489511 -59.781520 
-18.424493 12.091157 -60.525542 
-18.623965 13.039417 -60.772553 
-19.353898 12.888332 -61.439164 
-19.025638 12.413679 -62.255835 
-18.748473 11.455876 -62.179722 
-19.516521 11.290347 -62.798352 
-19.696690 12.256329 -62.983871 
-20.661061 12.316402 -62.726227 
-21.548241 12.001181 -62.389261 
-21.863611 12.901927 -62.090600 
-21.837793 12.774725 -61.099059 
-21.266303 13.527109 -61.426651 
25.019119 38.693724 -17.812938 
25.551644 39.510444 -17.590707 
24.566337 39.680998 -17.599684 
23.843296 40.245990 -17.202198 
23.443569 40.523669 -16.328634 
23.729129 39.736745 -15.781636 
22.827505 39.766951 -15.350172 
22.574223 40.445683 -14.660845 
22.264396 40.573251 -13.718649 
22.052701 40.100943 -12.863015 
21.070114 39.989216 -13.011471 
20.692227 39.147721 -13.397590 
21.068201 38.783975 -14.249841 
21.257728 38.038165 -13.611213 
20.954770 38.093159 -12.659797 
21.428407 37.534824 -11.978673 
20.991244 37.578594 -11.080356 
21.335734 38.475741 -11.356858 
21.832444 38.938934 -12.090841 
21.980922 38.206812 -12.755636 
22.514220 37.754504 -13.470486 
22.394629 37.643874 -14.457126 
22.802855 38.092492 -15.252169 
23.692705 38.403366 -15.586123 
24.491280 38.458105 -14.986722 
23.780579 39.158409 -14.919814 
23.977345 38.616570 -14.102689 
24.039091 39.399250 -13.483334 
23.242153 39.515708 -12.890605 
22.804552 39.372229 -12.002957 
22.416377 39.720620 -11.149761 
22.646151 39.605311 -10.183372 
23.591794 39.614513 -10.508447 
24.278228 39.522019 -9.787160 
25.048108 39.131315 -9.282547 
25.267134 38.485158 -8.551446 
26.110418 38.791792 -8.992862 
25.831344 39.715346 -8.729869 
26.355986 40.538544 -8.512853 
26.837938 39.982940 -9.190368 
27.177912 40.810338 -9.637392 
27.637704 40.437443 -10.443332 
28.218094 41.153880 -10.056206 
29.021576 41.015496 -10.635228 
29.456271 40.349052 -11.240944 
29.863004 41.137820 -11.701826 
30.462735 41.398174 -10.945163 
30.478347 42.350762 -10.641300 
30.976766 42.733705 -11.419075 
31.555942 42.479004 -12.193467 
32.079726 42.789412 -11.400185 
31.873917 43.177772 -10.501954 
4.320219 -11.091676 -21.613238 
3.555818 -11.172997 -20.973646 
2.570914 -11.162698 -20.800849 
2.113068 -11.462340 -19.963836 
2.550403 -10.635969 -19.609085 
2.501268 -11.169178 -18.764529 
3.165792 -11.864525 -18.490848 
3.828793 -12.466061 -18.936477 
3.819426 -13.277407 -18.351986 
2.922394 -13.609976 -18.643072 
2.383043 -14.256612 -19.182482 
2.035304 -14.851603 -19.907094 
1.086315 -14.684075 -20.174214 
0.276543 -15.047188 -20.635104 
0.606011 -14.243771 -21.131060 
0.664630 -14.340522 -22.124641 
1.640775 -14.126321 -22.089170 
2.630301 -13.983821 -22.066070 
2.821897 -14.941218 -22.282129 
3.554374 -15.579699 -22.045866 
4.183180 -15.153599 -21.395450 
3.749192 -14.496906 -22.012223 
4.417422 -14.438639 -22.753892 
4.263679 -15.245963 -23.323622 
4.191011 -15.738475 -24.190888 
4.994551 -16.082701 -23.705262 
5.898893 -16.500152 -23.616386 
6.296187 -16.276525 -22.726358 
6.811379 -15.681184 -22.109797 
6.991423 -15.270728 -21.215868 
7.933748 -14.936212 -21.226881 
8.461522 -14.754389 -20.397185 
8.623419 -14.003779 -21.037789 
8.580785 -13.268480 -20.361389 
9.046887 -14.023261 -19.899812 
8.778357 -13.858212 -18.950786 
7.915134 -14.093654 -18.504228 
7.715081 -13.133134 -18.310892 
8.423715 -13.461327 -17.686290 
9.306322 -13.849728 -17.421434 
9.121988 -12.956290 -17.011813 
9.412440 -12.560696 -17.883101 
10.407801 -12.557416 -17.786948 
10.866729 -12.915350 -18.600132 
10.685370 -12.151947 -19.220072 
9.974715 -12.818280 -19.445838 
10.036443 -13.487924 -18.705725 
10.472767 -14.333303 -19.013875 
11.285071 -14.776469 -19.393040 
11.387651 -15.699256 -19.021636 
-59.488781 8.640124 -2.706958 
-60.257053 9.279838 -2.729845 
-60.055716 10.040607 -3.346849 
-59.115137 10.186770 -3.040340 
-58.125096 10.181667 -2.899655 
-57.219035 10.182444 -3.322802 
-56.735020 10.506856 -4.135505 
-57.710710 10.678955 -4.271193 
-58.031036 9.769169 -4.535164 
-57.117470 9.432634 -4.306817 
-56.157762 9.341243 -4.041095 
-56.263094 9.820528 -3.169779 
-56.573722 10.560648 -2.573346 
-56.206150 11.421226 -2.925902 
-55.897377 12.222493 -3.438377 
-56.042161 12.777526 -2.619246 
-55.996958 13.775900 -2.584502 
-55.227415 14.409482 -2.664359 
-54.317523 14.592867 -2.292247 
-53.335873 14.653251 -2.473123 
-52.773421 15.123351 -1.792936 
-53.125232 14.572154 -1.036357 
-53.533350 14.966805 -0.213137 
-53.086075 15.125475 0.667073 
-53.615309 14.619379 1.348086 
-54.132854 15.394466 1.710560 
-54.646024 15.968401 1.072394 
-54.567559 14.985473 0.905977 
-54.700371 13.995332 0.950492 
-54.087337 13.339650 0.509729 
-54.278924 13.246688 -0.467334 
-54.050451 12.279775 -0.353847 
-54.485946 11.413738 -0.599459 
-55.083023 10.744866 -0.156616 
-55.214800 10.002094 0.499832 
-55.949149 10.649775 0.702915 
-56.527525 10.151363 0.057108 
-56.866802 10.996042 0.471122 
-56.715995 11.169288 1.444387 
-56.453999 12.110374 1.658197 
-55.768194 12.721837 1.263503 
-56.504235 12.907289 0.612465 
-56.483681 13.706242 1.213506 
-57.336384 14.114986 1.538814 
-58.032554 14.134455 2.256427 
-58.604072 13.644104 1.598459 
-58.054759 13.786823 0.775121 
-58.246742 13.268181 -0.058038 
-78.794181 -0.486276 40.534562 
-78.834778 0.111382 41.335285 
-78.516190 0.834868 41.947715 
-77.983631 0.769955 42.791615 
-77.666802 1.673209 43.081015 
-78.185613 2.339171 42.544984 
-77.960009 2.842870 43.378885 
-77.577598 3.676887 43.776599 
-76.915395 4.417294 43.661342 
-77.457760 5.037801 44.227743 
-78.096700 5.381491 44.915954 
-77.387377 4.866451 45.397197 
-76.537856 4.400261 45.644142 
-76.972562 3.534224 45.397138 
-76.816502 2.558350 45.244442 
-77.542895 2.644305 45.926325 
-76.952027 2.897933 46.692190 
-76.003833 2.952045 46.379141 
-75.895600 1.965298 46.258248 
-76.315483 1.445704 47.002372 
-75.592650 0.913975 46.561037 
-75.916237 0.362832 45.791925 
-75.519749 0.251377 44.880676 
-74.542575 0.336853 45.075160 
-74.326134 1.311230 45.136348 
-73.732188 1.517318 45.914008 
-73.282825 2.312814 45.507487 
-72.880724 2.455378 46.411915 
-72.584695 3.262755 45.901513 
-73.182119 3.982674 45.548242 
-73.650543 4.495908 46.267388 
-74.127357 5.273485 45.857483 
-55.937181 43.499324 -3.679678 
-55.135348 43.882196 -3.220905 
-55.382149 44.354561 -4.067049 
-55.587845 43.836794 -4.897475 
-56.397122 43.556373 -5.413647 
-56.980275 43.273354 -6.175115 
-57.478566 44.122997 -6.002452 
-58.319860 44.629322 -6.191815 
-58.884056 44.859794 -6.984636 
-58.844895 44.215740 -7.748614 
-57.955989 43.887327 -7.429254 
-58.301195 42.956173 -7.311842 
-59.273531 43.012063 -7.538641 
-59.845047 43.678132 -7.059347 
-60.267101 44.494018 -7.454568 
-60.856201 43.788836 -7.060004 
-60.458034 42.986493 -6.615361 
-60.684212 42.012416 -6.611155 
-59.690851 41.910467 -6.664448 
-59.644479 41.152976 -6.013252 
-59.172921 41.642580 -5.279821 
-58.770213 40.790050 -4.946626 
-58.800836 40.490757 -3.992957 
-59.288861 39.639555 -3.799857 
-60.187749 39.649083 -4.237931 
-60.525822 40.451308 -4.730010 
-61.106618 39.839468 -5.266972 
-60.995250 39.164005 -5.995907 
-61.102824 38.212505 -5.707678 
-62.082047 38.391660 -5.612672 
-62.814460 38.528403 -6.279660 
-63.478034 37.917709 -5.847545 
-63.023291 37.700585 -4.983794 
-62.889190 36.800270 -4.569729 
-62.090188 36.234352 -4.773034 
-61.636340 37.051292 -4.417182 
-60.700847 36.749975 -4.232624 
-59.912490 36.286745 -4.637483 
-59.185576 36.762714 -4.142458 
-58.570904 35.976379 -4.080354 
-57.824937 35.621912 -3.516539 
-58.125843 36.424533 -3.001510 
-57.534139 37.226151 -2.916096 
-57.292341 37.739935 -3.739236 
-56.653089 37.952254 -4.478342 
-56.732923 38.097818 -5.464464 
-55.900923 38.427059 -5.017947 
-55.919350 39.107240 -5.750760 
-56.279254 38.421446 -6.383339 
-57.255746 38.301710 -6.562581 
-57.060489 37.781566 -7.394040 
-57.404244 36.891836 -7.093688 
-57.989234 37.488447 -7.643089 
-57.653137 36.661739 -8.094301 
-58.600345 36.679706 -8.414416 
-59.545097 36.996782 -8.497524 
-58.924214 37.127151 -9.270510 
-59.228244 37.825393 -9.918602 
-59.780786 38.220228 -9.184570 
-60.462490 37.593564 -8.806982 
-60.809216 38.373998 -8.286688 
-61.663608 37.858207 -8.223645 
-61.737275 37.341271 -9.076493 
-61.356993 38.252587 -9.234252 
-61.481117 37.628137 -10.005391 
-61.156525 37.599648 -10.950816 
-60.208707 37.514302 -10.643638 
-60.229902 36.838018 -11.379974 
-60.081578 36.224026 -12.155225 
-59.922168 35.745402 -11.291797 
-60.154900 35.144362 -12.056379 
-60.180938 34.156626 -11.902436 
-61.139328 34.433157 -11.973282 
-60.945474 33.773745 -11.246924 
-60.738987 32.818680 -11.034290 
-60.922215 31.899290 -11.382356 
-61.344561 31.058109 -11.044659 
-60.705163 30.998324 -10.278111 
-60.812305 30.512977 -9.410379 
-59.965979 30.042570 -9.660277 
-59.308632 30.739428 -9.373427 
-58.792717 31.171648 -10.113033 
-58.840790 30.605673 -10.936053 
-59.814771 30.813843 -11.025642 
-60.531957 30.125976 -11.137373 
-61.446080 30.149472 -11.542129 
-62.251032 30.286338 -12.119467 
-61.946414 30.933873 -12.817970 
-61.606059 31.847848 -13.038893 
-61.331696 32.676743 -13.526395 
Snapshot 5000 44.870617
-0.688126 -2.797604 -2.765303 
0.677149 -1.951906 -1.999253 
1.357897 -0.940478 -2.128075 
1.788369 -0.224549 -2.955745 
2.004960 0.901734 -1.994812 
2.564991 0.686478 -2.241373 
1.690600 0.796362 -3.233464 
0.835064 0.373796 -3.885414 
-0.016533 0.191052 -4.276313 
0.819281 -0.766135 -3.800940 
1.187379 -1.935348 -2.709913 
1.733630 -1.295040 -2.438908 
1.061493 -1.165185 -3.258745 
0.298123 -0.838195 -3.282208 
-0.340776 -0.533691 -3.284058 
1.026430 0.354619 -3.021100 
0.766714 1.803652 -3.033418 
0.393612 1.635917 -3.881155 
0.832511 0.585859 -4.251650 
2.171387 0.195108 -3.539995 
2.388091 -0.345857 -2.854835 
1.477988 -0.317981 -3.514369 
1.585963 -0.137281 -3.945187 
0.868833 -0.423031 -3.583915 
0.299596 0.547106 -3.443342 
0.934781 0.949817 -3.297851 
-0.010600 1.073213 -3.634863 
0.069424 1.760945 -3.363647 
0.457895 1.582808 -3.403553 
1.531299 1.330006 -2.270690 
2.038118 0.423187 -1.024486 
1.936899 0.669280 -0.527256 
1.575354 1.524911 -0.931325 
1.500366 2.274931 -1.580904 
1.160463 1.698210 -1.927038 
1.275569 1.901276 -3.046058 
1.998932 1.215396 -3.138387 
2.650038 1.195497 -2.524790 
3.769559 1.548493 -2.874788 
4.140651 2.647605 -1.881941 
3.879468 2.641032 -1.056816 
3.963293 2.331941 -0.406448 
4.852718 2.652774 -1.240894 
3.895751 2.255278 -2.517261 
2.360820 1.583595 -1.712874 
1.892829 1.833298 -0.349164 
2.049728 2.454304 0.181704 
2.642362 2.099768 -0.907789 
3.185772 2.436430 -1.162462 
4.308697 2.689222 -2.428535 
4.744852 3.276717 -1.925192 
5.002918 2.651225 -1.728606 
5.649948 1.927511 -0.895779 
5.922985 0.629530 -0.403274 
5.369903 0.870178 0.010087 
5.665331 1.676131 -0.592335 
5.942733 0.565007 -0.772592 
5.435305 0.591171 -0.167990 
5.342016 1.848144 -0.152921 
5.161026 1.811628 -0.069729 
5.305621 1.321870 -0.085143 
5.203698 0.426781 -0.446580 
4.644191 -0.763159 -0.547326 
5.182236 -0.533351 -0.577950 
5.492012 -0.081184 -0.356374 
3.976384 0.827125 -0.317464 
3.937892 0.560875 -0.399844 
4.515169 0.869909 -0.222434 
4.543853 1.569338 -0.562319 
3.402382 0.697512 -1.292645 
3.139771 2.016655 -1.028939 
2.688257 1.235221 -0.892035 
2.686123 0.084354 -1.350592 
4.014759 -0.176340 -0.944457 
3.812464 -0.076626 -1.014390 
2.909553 -0.073489 -1.738066 
3.038543 0.645166 -0.969853 
3.458635 1.356212 -0.284380 
3.093764 0.892355 -0.670083 
3.639999 0.299733 -0.443582 
2.717012 -1.261779 -0.523503 
3.707193 -1.394809 -1.190128 
3.989499 -1.540165 -1.633107 
2.639985 -0.808917 -1.935855 
3.042906 -1.100768 -1.983365 
3.911253 -1.609654 -1.708681 
3.830311 -0.699935 -1.124685 
2.064043 -0.763811 -1.682424 
1.196560 -0.333827 -1.533533 
2.088229 -0.740845 -1.273836 
1.612504 -2.324002 -1.906173 
2.049346 -2.678417 -1.714748 
3.055266 -2.542403 -1.450796 
3.659793 -1.956993 -1.273012 
2.787014 -1.175700 -0.750274 
3.305073 -0.705460 -1.308506 
2.949037 -1.661342 -1.330801 
2.691340 -2.803884 -1.261748 
2.646355 -2.139552 -1.825546 
1.639333 -2.314867 -1.443400 
1.508848 -3.413452 -1.627565 
1.551365 -2.770102 -1.957605 
-0.297121 2.049996 7.583981 
-0.878531 1.251849 6.764211 
-0.771203 0.497150 5.969602 
-2.189698 0.169870 5.730056 
-1.867378 1.161914 6.036877 
-1.184008 1.601093 5.837791 
-1.269668 1.466502 5.232759 
-0.228048 2.576132 4.806863 
0.981674 2.698769 4.244621 
-0.590145 2.909351 3.921214 
-1.552399 2.762232 4.204199 
-1.429491 2.214914 5.255941 
-2.114695 1.151352 4.949306 
-1.750130 2.272326 3.493019 
-0.243229 1.591270 3.909955 
0.144579 0.413700 4.756663 
1.794133 0.030566 4.194917 
1.441310 1.167198 3.773409 
0.058742 1.115997 4.312277 
0.448979 1.041541 5.075647 
-0.550472 1.528093 4.871956 
-0.697064 0.951094 5.764033 
-0.444926 0.411354 6.046919 
0.087753 0.179020 5.823072 
-0.296385 1.536701 5.672425 
-1.079328 1.995979 5.314914 
-1.649720 0.752514 5.736462 
-0.849693 -0.205758 5.614424 
-0.956281 -1.074133 6.003170 
-0.309973 -1.455800 5.756490 
-0.508771 -1.915316 5.546589 
-2.288091 -1.384086 5.484608 
-3.049867 -1.354323 6.107821 
-3.816295 -1.091075 5.897418 
-2.842633 -0.332111 5.713588 
-2.217180 0.085808 5.454686 
-1.078600 -0.485313 5.196421 
-1.536393 0.015274 4.690023 
-1.121340 -1.005238 4.482869 
-1.306561 -2.129918 4.962508 
-1.586175 -2.306880 5.398746 
-1.933661 -1.700302 5.679979 
-2.923873 -0.556925 5.920930 
-3.108951 -1.337537 5.536533 
-3.294823 -1.805075 5.701845 
-2.753641 -2.249304 5.630788 
-2.194578 -2.750723 5.333160 
-2.057570 -1.364029 4.814978 
-2.604145 -0.516682 4.630656 
-3.213707 -1.616538 5.788136 
-4.198984 -2.091959 5.703556 
-3.640291 -2.552596 5.784561 
-3.526134 -2.802087 5.318111 
-3.984821 -2.467004 4.870188 
-4.449610 -1.726197 4.313765 
-4.688356 -2.095947 4.265754 
-4.564966 -2.078990 5.171649 
-4.066797 -1.111254 5.766945 
-4.338347 -0.657405 5.712624 
-4.379340 -1.716723 5.545897 
-4.548295 -1.979602 4.507949 
-3.963159 -1.735535 3.837962 
-2.718692 -1.223034 2.598537 
-3.388776 -2.215941 3.007603 
-3.893078 -3.190883 3.187964 
-4.045574 -2.670424 2.963892 
-3.545124 -2.311717 4.461002 
-3.185930 -2.003737 5.208139 
-3.041348 -3.037319 3.946201 
-4.354370 -2.917609 4.160679 
-4.067977 -3.017520 4.383190 
-4.371788 -3.315565 4.148644 
-4.433743 -2.801820 3.618365 
-4.136981 -2.835347 2.341723 
-4.520243 -2.142881 2.171946 
-5.078997 -1.985634 2.214723 
-4.897504 -2.289855 2.755924 
-5.223900 -2.407343 2.991353 
-3.829883 -2.177975 2.487813 
-2.962689 -2.556294 2.497862 
-2.685628 -2.859783 2.102931 
-1.700262 -1.940961 1.399586 
-2.150244 -2.040885 1.692983 
-3.046305 -2.781647 1.974127 
-3.586676 -2.687416 2.175268 
-4.284457 -1.566700 1.392357 
-4.813337 -0.460128 1.595849 
-3.600718 -1.190354 1.737381 
-3.117474 -2.292817 1.778783 
-3.367583 -2.951112 1.170358 
-3.443007 -3.717816 1.385578 
-3.303931 -4.475325 1.363084 
-2.372989 -4.217470 1.306249 
-1.717444 -3.876203 1.233855 
-1.718301 -3.626852 2.316559 
-0.322096 -1.728521 0.466519 
0.743930 -1.113365 0.646978 
0.745119 -2.048652 0.246275 
1.231821 -2.111481 -0.918939 
2.040483 -1.712709 0.252119 
2.496877 -1.452066 1.394799 
2.756327 -1.734495 2.570990 
2.477697 -1.395989 1.913882 
2.168290 -0.741694 2.578231 
1.768608 -0.809970 1.627411 
1.129918 -1.284872 -0.195587 
1.554901 -1.305393 -0.542450 
0.589531 -1.526089 -0.458822 
1.353249 -1.962750 0.740281 
2.015144 -0.393037 1.110831 
2.917472 0.072666 1.229525 
3.122077 -0.840795 1.199549 
2.888510 -1.389291 0.338510 
2.508241 -0.078711 0.753779 
1.709576 -0.002380 1.302369 
0.446229 0.400123 2.036627 
-1.282340 0.311053 2.511284 
-2.075486 1.146940 3.090942 
-2.408337 2.531501 3.086840 
-2.996130 1.910251 2.830178 
-2.829007 0.980272 2.845300 
-2.855740 0.455369 1.994420 
-3.711745 0.268078 0.769773 
-3.885129 -0.019302 -0.385523 
-3.997524 0.629860 0.744874 
-4.701968 1.524570 1.223279 
-3.654076 1.389449 2.207324 
-2.580498 1.325158 2.635181 
-1.721859 1.037170 2.380988 
-1.774979 0.406480 1.365363 
-2.041514 0.332983 -0.152150 
-1.649471 0.915885 -1.459363 
-1.994561 0.763627 -2.137642 
-2.630819 0.106783 -1.901291 
-3.516944 0.046387 -1.231201 
-3.672201 -0.763621 -1.069369 
-2.764694 0.136935 -1.379494 
-1.637229 0.988940 -0.800903 
-0.592982 0.864764 0.021218 
-0.621436 0.064557 1.505158 
-1.336454 -1.528007 1.817701 
-1.718640 -1.404823 1.289677 
-2.286742 -0.286410 0.902471 
-1.922736 0.339324 0.722870 
-0.912767 0.770396 0.326111 
-0.149585 0.935685 -0.107583 
-1.016301 0.311574 -0.464548 
-1.083813 -0.025154 -0.913590 
-1.432011 0.293823 -0.193101 
-1.712118 -0.992935 -0.748675 
-2.119130 -1.482939 -1.150070 
-2.237597 -2.115993 -0.614700 
-2.790729 -2.123910 -0.669142 
-2.349813 -1.792431 0.093637 
-2.801251 -3.068633 -0.145674 
-1.882440 -3.148012 -0.633607 
-1.358694 -2.470019 -1.764790 
-1.284256 -2.697122 -2.122726 
-1.513932 -2.456851 -1.462688 
-1.326222 -2.913174 -1.474427 
-1.562880 -1.474080 -0.900190 
-2.134549 -1.488714 -1.457894 
-2.385511 -1.597382 -0.862798 
-2.217310 -0.769322 -0.011325 
-1.843923 -0.720258 -0.068316 
-2.212541 -1.480091 0.119269 
-2.918486 -2.449438 0.369557 
-2.609645 -3.350787 -0.124965 
-1.446989 -3.329925 -0.703467 
-0.919190 -3.696952 -0.801854 
-1.379358 -2.975559 -1.037514 
-2.559936 -2.667767 -0.282513 
-2.446198 -3.188043 0.121691 
-2.244676 -4.009045 1.123489 
-2.663699 -3.449791 0.201214 
-3.117649 -3.312117 0.517763 
-2.448710 -4.054302 0.708114 
-1.428869 -4.163400 0.606924 
-1.382822 -4.898954 -0.278179 
3.906058 3.977759 2.684480 
3.740753 2.854932 2.969686 
4.203362 2.047918 2.780365 
4.837930 1.278496 1.807838 
5.371109 -0.108191 1.205465 
4.643932 -0.586744 0.988321 
4.745526 1.119673 1.634888 
3.752146 1.532552 1.652099 
3.260055 1.235231 2.350343 
2.452322 1.670784 3.311279 
2.374085 2.387716 4.093774 
2.658391 2.364288 3.583688 
3.390038 1.399861 3.017456 
4.429068 0.409118 2.220226 
5.686595 -0.957651 1.973525 
5.827600 -0.262643 1.913875 
5.954784 -0.480169 1.240801 
4.848974 -1.333907 0.341299 
4.818807 -0.043126 1.429730 
4.197778 0.928444 1.430719 
4.139662 -0.031956 1.258689 
4.455139 -1.206839 1.466198 
4.222202 -1.755924 1.647362 
3.439281 -1.088231 1.908529 
4.183302 -0.775512 1.838049 
3.715846 -0.466871 2.092236 
3.562316 -0.603245 3.627141 
4.727412 -1.649336 2.750809 
5.426312 -2.751795 2.085295 
5.008351 -2.723376 3.024526 
4.159603 -1.815733 2.841263 
3.533941 -1.085061 3.461527 
4.021765 -0.878579 2.930944 
4.729695 -0.331621 2.585528 
4.893433 -0.998474 2.319840 
4.894572 -1.527258 3.236269 
4.773218 -0.484380 3.344785 
4.148574 0.175434 2.735574 
3.841392 -0.317650 2.238066 
4.323963 -1.520050 3.371752 
5.327135 -2.711541 2.996222 
4.960466 -2.170538 2.767919 
5.024613 -2.296044 3.360775 
3.893069 -2.169124 3.824199 
3.193759 -2.302387 4.734783 
2.462416 -1.758737 4.962052 
3.726438 -2.116782 4.408251 
4.143255 -3.067189 4.108545 
4.538558 -3.596632 3.413300 
4.403286 -3.044980 3.475171 
3.422350 -2.769348 4.744621 
3.580992 -2.285070 4.212442 
3.289159 -3.795891 3.426324 
3.190882 -4.431849 2.497673 
3.608928 -4.531588 1.474485 
3.204670 -3.891941 2.077685 
3.624092 -3.938508 1.721520 
2.945736 -4.705511 2.166637 
3.199186 -4.839343 2.850722 
4.085995 -3.934881 2.835538 
3.970202 -2.961260 2.409750 
3.835515 -2.302764 1.168119 
3.829795 -3.160560 1.383843 
3.966428 -4.208130 2.387709 
2.838331 -3.696387 2.563292 
2.467256 -2.449837 1.356757 
1.789965 -0.827926 0.489350 
2.616630 0.050421 -0.556484 
3.047155 -0.114911 -0.816494 
4.156965 -0.197904 -2.156614 
4.278512 -0.485318 -2.473723 
4.102401 -1.266403 -0.643316 
3.735652 -2.317714 0.560982 
3.322806 -3.519640 1.090488 
2.525168 -4.145231 1.757849 
2.430727 -3.040851 1.931102 
2.568047 -2.555777 2.651344 
2.110889 -2.982754 2.164896 
1.563776 -3.779368 2.147539 
2.281976 -3.589301 1.137787 
1.783273 -3.195615 1.187558 
1.624446 -2.402547 1.371316 
2.128033 -3.211710 -4.634391 
1.962733 -1.940378 -3.346814 
0.994590 -1.649024 -3.245464 
1.467171 -1.312915 -4.922079 
2.450126 -0.892811 -5.480671 
2.696608 -1.487186 -5.193419 
3.313580 -1.968028 -4.778613 
3.731800 -1.329634 -5.157897 
3.492416 -0.013260 -5.439674 
4.461677 0.936610 -5.185055 
4.951522 1.189591 -3.899516 
4.971426 -0.349736 -3.906750 
3.318461 -0.907278 -4.523843 
2.044379 -0.514761 -5.248339 
1.759761 -0.903554 -5.252453 
1.905421 -1.308404 -4.893401 
1.626704 -0.939813 -3.596843 
2.271698 -0.385166 -4.667313 
3.386942 -0.276804 -4.546426 
3.218599 0.449839 -5.026210 
2.753400 0.331222 -5.112663 
3.607764 1.277450 -4.212589 
3.872217 2.296690 -3.874145 
4.596366 1.981551 -4.091793 
4.145924 2.097827 -4.717614 
4.243734 0.962273 -5.145487 
4.083176 0.011745 -5.299377 
3.842942 -0.352617 -4.702051 
4.863088 -0.644727 -4.918289 
4.872514 -0.176433 -4.806671 
4.727383 1.116450 -4.205638 
3.493267 2.575088 -4.088531 
4.085598 2.340787 -4.639583 
3.907300 1.653163 -4.369911 
3.756337 0.107820 -4.169067 
4.575147 0.100482 -4.326561 
5.705043 -0.004228 -4.236187 
5.906974 0.176234 -3.365777 
4.733125 0.154641 -2.941272 
4.589635 0.674917 -3.292346 
4.479614 1.466017 -3.702703 
5.132045 1.173706 -4.178984 
6.138456 0.471688 -3.088316 
5.950018 1.303831 -3.199912 
5.319835 1.498822 -3.353622 
5.355243 2.483045 -2.917168 
5.564280 2.076175 -2.989392 
5.560832 2.216413 -2.109866 
4.946593 2.373713 -1.964795 
6.489318 2.256509 -2.160017 
6.124416 1.664269 -2.632048 
5.760496 2.183153 -2.596637 
5.418585 0.994832 -2.970111 
4.682264 0.428423 -3.195024 
5.379287 0.593164 -2.817278 
5.893643 1.094044 -1.955413 
5.414843 0.854952 -1.366377 
4.343678 -0.534155 -0.910960 
3.836057 -0.239449 -1.640695 
3.335745 0.569206 -2.559482 
3.622366 0.902959 -3.305559 
3.853985 0.761750 -2.619382 
4.818297 0.855202 -1.854720 
4.137328 1.600457 -1.526283 
4.213015 1.501355 -2.085062 
5.369524 1.258033 -2.203737 
5.574981 1.038129 -2.067428 
5.261886 0.302171 -1.952027 
6.262084 0.263371 -1.864499 
5.534879 0.228479 -1.513090 
3.929217 0.692784 -1.373796 
3.606840 -0.185641 -0.912791 
5.266476 -0.556291 -1.268134 
5.965581 -0.721588 -0.953704 
5.366477 -0.647536 -1.565950 
5.907786 -0.861765 -1.927457 
6.364893 -1.034896 -2.049689 
6.131356 -0.573041 -2.089083 
5.738301 -0.346767 -3.611820 
7.044135 -0.388107 -4.469085 
0.295050 -4.898738 -5.518682 
0.321352 -3.797953 -4.818599 
-0.027383 -2.771475 -4.254254 
-0.554995 -2.222228 -5.129146 
-0.473245 -1.650091 -4.401369 
-0.215512 -1.738631 -4.771300 
-0.714457 -1.266754 -5.240437 
-1.922934 -1.356041 -4.856332 
-2.443534 -1.561187 -4.490919 
-2.257915 -1.485085 -4.781542 
-1.279929 -2.170012 -4.579282 
-0.351103 -2.302541 -4.120570 
0.201190 -2.327499 -4.275920 
-1.047654 -2.137649 -4.817059 
-0.990575 -1.316288 -5.130946 
-1.396644 -0.153634 -4.665610 
-1.887112 -0.377336 -3.872699 
-1.527414 -0.118271 -4.262683 
0.321299 -0.602649 -4.734936 
-0.925907 -0.076884 -5.494569 
-1.266774 0.601872 -4.866609 
-1.887345 0.931534 -5.474128 
-1.615702 1.037963 -5.801842 
-1.102953 0.290345 -6.105467 
-1.282483 0.107590 -5.175133 
0.297879 -0.410489 -5.168188 
0.605124 0.091387 -5.599580 
-0.338911 0.521597 -4.677330 
-1.536532 1.060490 -4.127407 
-1.189840 1.518833 -5.213042 
-1.259637 1.977109 -5.889315 
-0.773110 1.844902 -6.581224 
-0.819185 1.202935 -6.819658 
0.153779 1.219982 -6.272904 
-0.504405 0.482569 -6.012367 
0.334198 0.059917 -5.567218 
0.181784 1.233357 -5.963951 
0.188513 1.864239 -4.640583 
0.839406 3.384117 -4.834935 
0.480429 2.670405 -5.449833 
0.550955 1.713162 -5.792797 
0.915083 0.512806 -5.806797 
0.977751 1.264478 -5.734541 
0.059981 1.026120 -4.744362 
-0.743118 1.673321 -4.576943 
-0.042715 2.586234 -4.405308 
0.183612 3.437251 -4.627805 
1.023246 2.663309 -4.548721 
1.306893 2.975620 -3.848084 
0.770712 3.990554 -4.469672 
0.843657 3.638507 -4.701413 
0.898077 2.637558 -5.732789 
0.915304 1.855956 -5.931226 
1.582982 2.658088 -5.135777 
1.551938 2.212043 -5.946867 
2.470043 1.624069 -6.077264 
2.227177 1.148759 -6.219516 
2.203628 0.531981 -5.928039 
1.434459 0.870433 -4.975642 
1.525808 1.940862 -4.223808 
2.198580 3.249883 -3.582504 
1.854275 2.987558 -4.414564 
0.253217 2.311364 -5.065003 
1.942385 1.837103 -5.719976 
2.722291 1.398872 -6.220342 
1.775920 1.623609 -5.939398 
2.853898 2.082026 -5.317127 
3.227186 2.413420 -5.166114 
2.558479 2.735153 -4.742288 
3.298665 2.320352 -4.462438 
3.211619 2.288671 -3.234463 
4.008648 2.094717 -3.942921 
3.804716 1.460986 -5.274224 
3.198911 1.907839 -5.500625 
3.368473 1.068039 -5.404149 
3.573553 1.186726 -5.290112 
4.064495 1.434527 -4.870724 
4.573755 0.434419 -3.875809 
2.907336 -3.977529 -0.044002 
2.817243 -2.699856 -0.635439 
2.375495 -2.658460 -2.405746 
2.380889 -3.506486 -3.213175 
2.497704 -4.551531 -3.763969 
2.636461 -4.247935 -3.051473 
3.296753 -3.892575 -1.978059 
3.306184 -3.386158 -2.512734 
3.866447 -2.241147 -1.044372 
3.777629 -3.106122 -1.203282 
4.250251 -3.345357 -0.890925 
4.589075 -4.363164 -1.569084 
4.772125 -2.478829 -1.194862 
4.814573 -2.703392 -2.360901 
4.366057 -1.938408 -2.058206 
3.285193 -1.841499 -1.526947 
3.229216 -2.647927 -2.834285 
3.998697 -2.314554 -2.937197 
4.596043 -2.083235 -3.602678 
4.454812 -2.702527 -2.812467 
4.272320 -3.405254 -2.500122 
3.929318 -2.972252 -2.620864 
3.155912 -2.173412 -3.610687 
3.136157 -1.318234 -3.435707 
4.511524 -0.771197 -3.598848 
5.144955 -1.673731 -3.735299 
5.398948 -2.774396 -3.505385 
4.934324 -3.189971 -2.947105 
4.683583 -3.127713 -3.787855 
4.515693 -2.158619 -4.457373 
4.721876 -1.756312 -4.481448 
5.154660 -2.713051 -4.241895 
5.353598 -2.580188 -3.517603 
5.909482 -2.947790 -2.640804 
5.695139 -3.051180 -2.004507 
6.252926 -3.585995 -1.876600 
6.873289 -3.406115 -1.227878 
6.663166 -2.807589 -2.264155 
6.029520 -1.791848 -3.139029 
5.766376 -1.248602 -3.404414 
6.108653 -1.124576 -3.061990 
4.955227 -1.066450 -3.304153 
5.810305 -0.997304 -2.632887 
6.127366 -0.986363 -1.310100 
6.882615 -1.851578 -0.787848 
7.127105 -1.826482 -1.741786 
6.663729 -2.048724 -1.856929 
6.853349 -2.839954 -2.361034 
6.522208 -3.207204 -1.851461 
5.997817 -2.419256 -0.950451 
6.053284 -2.091357 -0.452562 
4.684930 -1.841528 -0.498128 
5.612959 -2.153525 -0.375189 
5.858644 -2.353646 0.195323 
5.661700 -2.789009 -1.031005 
4.786441 -3.598000 -0.224997 
4.431562 -3.370036 -0.453158 
4.781294 -2.162585 -0.782094 
5.633270 -0.802437 -0.508774 
6.522963 -0.734263 -1.141321 
6.638999 -1.261541 -0.981346 
7.055498 -1.855898 -1.092101 
6.193417 -2.849688 -0.710498 
6.690988 -2.634048 -1.095220 
6.583235 -1.849697 -2.290028 
5.831482 -1.651069 -2.219480 
4.684351 -1.557015 -1.093603 
5.639352 -1.233235 -0.532126 
5.414430 -1.773877 -0.729966 
5.246718 -2.215708 -0.260369 
4.933131 -2.588079 0.435105 
5.130892 -2.830122 0.128909 
4.870959 -3.141803 0.235906 
4.992907 -2.671425 -0.483828 
6.005903 -2.679635 0.251789 
5.433347 -2.575907 0.768693 
3.993021 1.169680 4.504738 
3.067507 0.371031 3.756076 
2.551902 0.161847 4.970014 
3.116089 -0.784854 5.233985 
2.913633 -0.208959 5.436673 
1.592846 -0.364654 5.464288 
1.869634 -0.909483 5.137517 
1.781909 0.753320 4.754745 
1.362630 1.408797 5.138576 
1.228964 1.060680 4.713718 
1.047961 -0.253580 4.407762 
1.057034 -1.296438 4.793878 
-0.300782 -1.555001 3.927305 
-0.531540 -1.615699 4.974943 
0.366033 -2.408325 5.580432 
0.645954 -3.634910 5.447873 
1.372813 -2.163030 5.749392 
0.552460 -1.410360 5.262239 
1.271879 -2.352639 4.965805 
2.473062 -2.649860 5.670959 
2.856841 -2.414463 5.340909 
1.376829 -1.841968 5.344885 
1.424290 -3.466235 4.379609 
1.778453 -3.762601 4.674833 
1.834543 -3.823470 3.892541 
1.033413 -3.281621 4.931006 
1.524471 -4.054308 4.193568 
2.444676 -3.964374 2.807326 
2.661620 -3.964511 3.462076 
2.282653 -3.026148 4.677956 
1.774758 -2.984132 5.392110 
1.346684 -3.286332 5.033740 
0.194273 -3.162072 5.459803 
-0.151595 -3.526479 5.382020 
0.194773 -3.591083 5.611724 
-0.167237 -3.939924 4.907313 
-1.168437 -2.934776 3.896587 
-1.255622 -2.574545 4.498679 
-0.514651 -3.893357 4.919237 
-1.238345 -3.192274 4.673044 
-0.290821 -2.961811 5.246470 
-0.374483 -3.004305 4.940498 
-0.327648 -4.448671 3.823168 
0.475530 -4.317764 2.479052 
0.786926 -4.055234 1.748954 
1.414227 -4.216172 2.202086 
0.742670 -4.819227 2.865329 
0.183028 -5.085715 2.800621 
-0.489159 -4.556814 3.260780 
-0.245143 -4.091295 3.610973 
-0.401223 -4.474857 4.638363 
-0.046818 -4.618505 3.692722 
0.851752 -4.356337 2.601102 
0.985678 -4.971593 2.666960 
0.951425 -4.280626 2.898515 
0.333436 -3.399832 2.610134 
0.031555 -2.433719 3.117495 
0.646305 -2.271318 2.631209 
1.029590 -2.834290 3.318632 
0.460326 -2.636660 3.911083 
0.442462 -2.427136 4.539438 
0.313646 -2.405963 3.775730 
0.255953 -2.808915 2.738121 
-0.660902 -3.276224 1.605486 
0.309397 -3.055757 1.734493 
0.714273 -3.169189 3.597767 
0.994436 -4.229056 3.299828 
0.723696 -4.947782 4.095180 
7.482641 -1.797133 2.031219 
6.440369 -2.363344 1.224676 
5.898534 -3.243349 0.272111 
6.459092 -3.579964 1.179149 
6.292756 -3.544263 0.597933 
6.084464 -4.082578 -0.586978 
5.487614 -4.100173 -1.116805 
6.431647 -3.856744 -0.239679 
6.438273 -3.726711 0.944036 
5.510214 -3.505160 1.942309 
4.938243 -3.125954 1.858129 
5.240263 -2.699608 1.156675 
5.773981 -3.232045 2.070962 
5.798338 -2.904071 1.752424 
4.745785 -4.257276 1.350258 
4.480354 -4.572130 1.567484 
4.593944 -4.180789 1.301841 
4.916369 -3.938199 0.059560 
5.116246 -4.095102 0.344468 
5.605752 -4.063859 0.666384 
6.676472 -3.753626 -0.539489 
5.909186 -2.568027 -0.146929 
5.018316 -2.376233 0.437989 
3.891320 -3.302576 1.240095 
4.102810 -4.027032 0.642870 
3.487859 -4.404031 0.445428 
2.298779 -4.831235 0.940268 
2.924360 -4.673754 0.978511 
3.405449 -4.214753 0.028292 
2.649088 -3.269646 -0.636321 
2.890384 -1.794954 -0.544320 
2.743408 -1.665933 -0.752926 
1.301599 -2.659607 -0.497890 
0.402935 -3.133520 0.228860 
0.814217 -3.170871 1.224491 
1.595892 -3.828742 0.391010 
2.065894 -4.315423 0.432892 
1.683095 -4.091891 0.621215 
1.288103 -5.015599 0.643745 
1.985101 -4.893764 1.418633 
2.134297 -4.713586 -0.273999 
2.023579 -4.648107 -1.050988 
2.563012 -4.952760 -1.261239 
2.224321 -4.657076 -1.044742 
2.159827 -4.699667 -0.763790 
1.557162 -3.960977 -0.000387 
1.368296 -4.516964 -0.346895 
0.796157 -4.881462 -0.988639 
0.143554 -4.606801 -0.800794 
0.230517 -4.173245 -1.370544 
-0.160757 -3.845668 0.080382 
0.394259 -4.422554 0.160206 
1.032225 -4.367763 0.606090 
0.247930 -4.168019 0.676293 
-0.494438 -3.843921 -0.111212 
0.708932 -3.677618 -0.996595 
1.683728 -3.124433 -0.095216 
1.094927 -3.797426 0.900567 
0.682537 -4.218606 0.536958 
0.944643 -2.917813 -0.489316 
0.150023 -3.549627 -1.185490 
-0.742605 -3.641648 -0.339622 
-0.625864 -3.525365 0.616121 
-0.284160 -4.590653 1.471254 
-0.022379 -4.988425 1.831271 
-3.841803 1.578869 7.208887 
-3.495306 0.827267 5.737967 
-3.555864 0.682170 4.190647 
-3.836463 1.054246 4.500788 
-4.648770 1.573026 4.749467 
-4.534624 2.745397 4.440076 
-4.275984 2.435123 5.114539 
-3.970324 1.300607 5.275325 
-3.162239 1.600796 5.376383 
-3.955584 1.766327 4.697723 
-4.466154 1.493571 4.176811 
-4.064279 0.570626 3.888358 
-3.498773 1.401935 4.318306 
-3.110182 0.774147 5.037840 
-3.959392 0.331257 5.526174 
-4.930124 0.969682 5.398668 
-4.919838 1.170343 5.579522 
-4.896082 0.131290 5.556440 
-5.618292 0.347040 5.517876 
-5.887646 -0.115700 4.577378 
-5.311896 -0.295675 3.887812 
-4.377787 -0.757946 3.026852 
-4.298085 0.149711 3.809079 
-5.233326 -0.653697 4.058889 
-5.233633 -1.720764 4.873976 
-5.330640 -1.288387 4.922330 
-6.140002 -0.650377 3.887947 
-5.777524 -1.175742 4.165769 
-6.034926 -0.269232 4.469066 
-5.240006 0.791779 4.293962 
-4.336119 0.628943 4.314203 
-3.694703 -0.534264 4.678695 
-4.405003 -1.153914 3.576887 
-5.940564 -1.381967 3.407797 
-5.601576 -1.607168 3.319198 
-4.579288 -1.556282 2.327074 
-5.474843 -0.983755 2.271405 
-6.163657 -1.015965 2.876992 
-5.926278 -1.277293 3.866476 
-5.196998 -0.492517 4.341010 
-4.730640 -0.724241 2.594399 
-3.876840 -0.650044 1.804919 
-3.152376 -0.453088 0.417443 
-4.140081 -1.308426 1.448522 
-3.940230 -0.490455 1.263670 
-4.479122 -0.952611 1.962620 
-5.398964 -1.081526 1.665290 
-5.332806 -1.388990 1.953699 
-4.873067 -0.940538 1.686356 
-4.867523 -0.706450 0.930961 
-4.845538 0.091815 1.350007 
-4.253360 0.050582 1.770959 
-3.212212 0.678759 1.813179 
-3.330459 0.383557 1.550811 
-3.669510 -0.944110 2.082957 
-3.380490 -1.507973 2.089161 
-2.937749 -1.036333 1.690576 
-3.012863 -0.640532 1.797394 
-2.221126 -0.192974 1.613576 
-2.387818 -0.987911 1.595748 
-1.965595 -0.372352 1.798817 
-1.621574 -0.079470 1.067499 
-1.531254 -0.293118 0.269608 
-1.670564 0.557887 0.761210 
-1.570307 -0.278759 0.756237 
-1.611097 -0.276647 1.077752 
-1.844873 -1.124121 0.816856 
-2.773226 -1.875720 1.271950 
-2.397511 -2.170821 2.828934 
1.208657 3.941384 3.022331 
1.039904 2.637634 2.883958 
1.693952 1.500968 3.344973 
1.845617 1.086875 1.452674 
1.420644 1.098175 2.171437 
0.122205 2.137643 2.888537 
-0.362394 2.760124 2.234909 
0.761917 2.026465 2.273093 
1.331294 0.356858 1.819242 
2.007390 0.695678 2.515226 
1.486697 0.321308 3.189474 
0.810983 0.130220 3.662920 
0.981599 -1.523879 3.829972 
1.437214 -2.428375 3.648537 
1.622415 -2.499196 3.926736 
1.833841 -2.134262 3.191771 
1.896611 -1.407023 3.272294 
1.404219 -1.698526 2.634021 
0.998635 -1.150890 2.794452 
0.246852 -1.181068 2.895264 
0.222462 -0.851765 3.670587 
0.593630 -2.162812 4.092910 
1.232857 -1.708360 3.821285 
0.304939 -1.236286 3.684263 
0.148867 -0.142462 3.844676 
1.375637 0.013459 3.089142 
2.519542 -0.440385 1.841009 
2.590690 -0.216402 2.811029 
1.650938 -0.158478 2.734578 
1.005471 -0.599780 2.915921 
0.642938 -0.202867 2.523646 
1.125805 -0.561980 1.847793 
0.224486 -0.323634 1.319600 
0.777785 0.389445 1.191218 
1.571126 0.005657 0.403726 
1.741640 -0.524727 0.521478 
1.376345 -1.325547 1.092778 
0.255665 -1.601163 1.725689 
-0.774492 -1.227833 2.269089 
-0.077952 -0.843899 1.130072 
1.005031 -0.019312 -0.178907 
0.844201 0.326927 0.239091 
1.345382 0.204961 0.220903 
1.271259 -0.463866 1.466426 
0.573955 -1.662690 1.752635 
0.197622 -0.763053 0.710437 
0.346732 -0.856812 -0.723978 
0.278945 -0.381509 -1.483067 
0.826985 0.322972 -1.659189 
1.786069 0.876905 -0.752344 
1.081893 0.453550 0.538424 
1.925732 -1.009548 -0.264001 
1.295421 -0.621316 -0.210612 
-0.414629 -0.288036 -0.108153 
-1.078640 -1.043785 -0.648817 
-0.581861 -1.791652 -0.837739 
-0.207083 -2.179983 -1.824497 
0.328194 -3.078770 -1.810293 
-0.047572 -3.383602 -1.504449 
-0.523683 -2.857088 -0.590497 
-0.938647 -1.794953 0.370347 
-0.400308 -2.124297 1.238143 
-0.429609 -2.351965 0.555655 
0.412746 -2.377853 -0.451964 
-1.693320 1.659071 -2.723316 
-2.662984 2.821976 -2.975164 
-2.238086 2.393436 -3.035594 
-1.931645 2.829480 -3.256334 
-2.209763 3.467778 -3.695001 
-2.659915 4.019854 -3.784654 
-2.101954 4.235093 -4.371083 
-2.100696 4.530464 -4.390235 
-2.328873 3.986192 -3.364086 
-1.747498 3.150247 -2.621691 
-1.625296 2.478299 -2.065413 
-0.894535 2.872351 -1.704779 
-1.928408 3.208784 -1.751143 
-1.979629 4.244434 -1.447606 
-2.084020 3.951955 -1.472589 
-1.757410 4.023303 -1.416038 
-2.420577 3.974059 -1.660305 
-2.918141 4.416966 -1.581849 
-3.054858 3.913694 -1.597877 
-3.205619 3.635438 -1.391538 
-3.185182 4.151150 -2.232501 
-2.211905 4.440085 -3.033260 
-2.509222 4.789517 -2.052115 
-2.153579 4.347777 -0.808707 
-1.646727 3.631481 0.384008 
-2.665214 3.490841 0.300522 
-2.193264 3.214352 0.278420 
-1.989898 3.834884 0.282278 
-2.018411 3.222118 -0.249203 
-3.315917 2.831935 -0.631580 
-3.372004 2.898331 -1.242117 
-2.363484 4.250252 -1.268245 
-2.456353 4.679731 -0.710236 
-1.956617 4.247011 -1.137532 
-1.001535 4.858727 -0.983482 
-1.506104 4.364532 -0.490596 
-1.514471 3.807075 -0.350227 
-1.710515 2.894862 -0.835083 
-1.853328 4.369449 -0.917914 
-1.642202 3.775070 -1.610478 
-0.988925 4.479405 -2.369958 
-1.086909 3.676477 -2.059190 
-0.351907 3.716612 -0.648559 
0.615450 4.059191 -0.412031 
-0.233182 3.936636 -1.435553 
-0.086490 4.602621 -1.198635 
0.790372 4.983264 -1.069345 
0.826049 5.174287 -0.842427 
0.503716 5.148144 -1.760039 
-0.515105 5.010286 -1.377454 
-0.733971 4.427661 -0.061648 
-0.670106 3.041444 0.425828 
0.029977 2.289430 -0.067584 
0.721598 2.937336 -0.327895 
1.735180 3.185342 -0.237401 
0.960264 2.896648 -1.535545 
0.274971 3.312670 -1.853377 
0.042487 3.305165 -1.285092 
0.799722 4.315414 -0.929404 
0.791152 4.717338 -0.011601 
0.968712 3.626476 0.217922 
0.341873 3.285730 0.229766 
0.764728 3.920148 0.994725 
3.284677 2.578604 0.926858 
2.518550 1.285820 -0.381609 
1.884534 1.351275 -0.342994 
1.613681 1.691130 0.937663 
0.673734 0.816508 1.241198 
1.393020 1.248341 1.708001 
1.927738 1.596256 1.051567 
1.390344 2.149888 1.449608 
-0.107471 1.385323 1.608354 
-0.067241 0.742628 1.628131 
0.474474 1.666520 1.364037 
0.098071 1.382083 0.947421 
0.246345 1.527874 -0.380188 
-0.229819 2.313746 -0.798110 
-0.772416 1.772017 -0.394910 
-0.733033 2.903279 -0.043185 
-0.280498 3.352004 0.529107 
-1.028464 2.765682 0.894104 
-0.677387 3.914461 0.678868 
-0.770581 4.134687 0.585706 
-0.972860 3.280162 0.818554 
-0.498589 2.527930 0.511546 
0.385493 2.680161 0.439876 
0.884497 2.709725 0.176309 
0.757802 1.221360 -0.051146 
-0.182604 1.606192 0.388689 
-0.752929 2.589669 0.726278 
-1.517706 2.191129 0.341843 
-1.307758 1.620076 0.829955 
-0.884217 1.581024 -0.114353 
-0.335501 1.677016 -0.349099 
0.507045 1.790294 -1.094401 
-1.114912 1.908036 -1.572957 
-2.415612 1.866430 -1.157344 
-2.054911 1.316427 -1.040251 
-1.924298 1.841617 -0.176731 
-2.468835 1.884738 0.800380 
-2.656578 1.303301 0.693191 
-2.390295 0.650315 1.152165 
-2.951348 1.514380 0.567096 
-3.234560 2.292156 0.701506 
-3.394023 2.191868 1.416353 
-2.270356 2.549955 1.351307 
-2.211277 2.281495 1.390720 
-1.635722 2.309624 1.311587 
-1.378426 2.209864 1.109187 
-1.772498 0.989127 0.785482 
-2.647471 1.469048 0.949031 
-3.958744 1.798644 0.130701 
-3.529359 1.278337 -0.587766 
-2.859508 0.794654 0.249459 
-2.926412 -0.210114 0.518736 
-2.790602 1.062087 -0.341920 
-2.996256 1.747688 -0.151783 
-2.894677 2.199072 0.856665 
-3.429923 1.302948 1.465757 
-4.098237 0.955455 1.194205 
-3.259282 1.398891 0.267200 
-2.531346 1.879296 -0.750319 
-3.288989 1.725816 -0.452006 
-3.452493 2.510465 0.231017 
-3.794542 1.800501 1.164993 
-2.653180 2.739682 1.363601 
-2.277409 4.434986 3.924591 
-2.534532 3.082109 4.154425 
-2.738418 2.801856 4.783418 
-2.413061 3.163839 4.577901 
-1.438524 2.000257 3.991662 
-0.477254 1.413066 3.798617 
0.016776 0.377090 3.935478 
-0.219055 1.056592 3.037033 
-1.003751 0.294415 3.367796 
-1.967725 0.303334 3.645963 
-2.911625 1.195483 3.961914 
-3.585454 -0.002696 3.088543 
-3.179853 0.421700 2.732113 
-2.967801 -0.144817 2.017858 
-2.601399 -0.512566 3.215035 
-2.476292 -0.258145 3.911922 
-2.231779 -1.075896 3.979999 
-1.273129 -2.095395 2.948727 
-1.287049 -1.815681 2.933442 
-1.198610 -0.262663 3.376270 
-1.499534 -0.481785 4.074658 
-1.213568 0.318734 3.819606 
-0.115775 0.604207 2.799396 
-0.779510 0.081237 2.658169 
-0.513479 -0.153228 3.587980 
-0.628461 -0.983614 3.702061 
-1.520740 -0.787876 3.252432 
-1.931272 -1.391901 3.273624 
-2.327920 -2.245650 3.619832 
-2.109880 -3.145572 4.118170 
-1.765877 -3.849390 3.335059 
-1.199751 -3.867982 2.691707 
-0.772971 -2.592185 1.766508 
-0.727610 -2.299161 2.207900 
-0.401382 -1.606271 1.869263 
-0.102529 -1.838797 2.492822 
-0.860063 -2.088451 3.431937 
-0.768943 -1.276855 3.015617 
-0.661081 -1.634144 2.360208 
-0.974112 -1.512573 1.707328 
-0.469636 -2.632380 1.782483 
-0.661574 -4.274990 1.398420 
-1.384826 -4.887326 1.544234 
-2.058295 -4.935531 2.198003 
-2.805613 -4.730456 2.790763 
-2.332205 -4.799144 2.733086 
-1.851648 -4.930219 3.189605 
-1.611838 -4.717649 3.855748 
-2.590033 -4.768357 3.558742 
-2.519439 -4.823307 3.011444 
-3.193504 -3.817787 2.605733 
-2.739185 -4.089983 3.217657 
-2.010625 -4.071306 4.054231 
-1.281812 -4.283003 3.844497 
-1.042803 -5.001126 2.914913 
-0.760988 -5.320000 2.358341 
-1.056816 -5.332181 2.960372 
-2.541322 -4.728611 3.988170 
-2.742494 -4.552618 4.696347 
-1.992345 -3.813185 4.434835 
-1.913679 -4.116098 3.041021 
-1.922338 -4.169224 2.368077 
-2.272637 -4.239126 3.343548 
-3.166216 -3.696037 4.032642 
-3.314861 -3.970594 4.897695 
-3.258551 -4.752744 6.084886 
-4.129037 -1.288815 -4.046774 
-3.106076 -0.399989 -3.994931 
-3.081877 0.468172 -3.876167 
-2.726769 1.010726 -3.831822 
-3.155950 1.821972 -3.445854 
-3.966104 2.940930 -2.141400 
-4.133524 2.448762 -2.617797 
-4.169532 1.799995 -2.865276 
-4.831143 2.027020 -3.139476 
-3.493933 1.492429 -3.285516 
-2.952232 0.006316 -4.333527 
-2.532596 0.115639 -4.348674 
-2.651903 0.899976 -4.458716 
-2.988944 1.032685 -4.137537 
-4.288120 1.220540 -4.221976 
-3.546916 1.789007 -4.340099 
-2.932304 2.605436 -3.722477 
-2.558478 1.793635 -3.526308 
-3.487243 2.502755 -2.798451 
-4.301253 2.483909 -3.195611 
-3.173849 2.541180 -4.674592 
-3.389731 2.224277 -4.717148 
-3.815030 2.186566 -4.654991 
-3.236924 2.717868 -5.081324 
-3.897896 2.929823 -4.706801 
-2.987442 2.998405 -5.142640 
-1.708799 2.352275 -5.149864 
-1.259807 2.853203 -5.464712 
-1.305596 2.930698 -5.170990 
-2.376408 2.169542 -5.554727 
-1.501291 2.044893 -5.275063 
-1.571184 2.459309 -4.157397 
-1.035601 2.587159 -3.667244 
-1.022574 4.011780 -3.761366 
-1.148617 4.334343 -4.076095 
-0.574583 3.749430 -4.847359 
-1.231066 3.525772 -5.169169 
-2.245339 3.464283 -4.656627 
-2.993518 2.946780 -4.498349 
-1.955812 2.901639 -4.330200 
-1.364003 3.234050 -4.761413 
-1.050412 3.085979 -3.777130 
-1.210501 3.078680 -2.871473 
-2.663721 2.745820 -3.583114 
-1.675209 3.790442 -3.947494 
-0.531296 4.769804 -4.005050 
-0.329494 4.819116 -4.152881 
-0.108332 4.767501 -3.844039 
0.061658 4.641618 -3.597628 
0.111313 4.991164 -3.185738 
0.784011 4.650437 -2.065840 
0.999042 3.840463 -2.318727 
0.703396 4.315513 -2.925950 
-0.125448 4.135966 -3.312671 
-1.405341 5.156125 -2.635685 
-0.348797 -3.702685 -5.977645 
0.029883 -2.158003 -5.516294 
-0.098673 -1.047407 -4.567592 
-0.316953 -0.556283 -4.205527 
1.188323 -0.231350 -4.298155 
1.911666 -0.247641 -3.895764 
0.863398 0.828246 -4.217200 
1.956972 1.915146 -4.477206 
2.354557 2.588132 -3.539966 
2.663642 1.892257 -2.128102 
1.937114 1.604828 -2.712764 
0.437696 2.453520 -3.227496 
-0.258901 1.951478 -2.287279 
-0.486764 2.384413 -2.496908 
-0.159038 2.575442 -3.250205 
0.960249 2.517246 -2.980774 
2.398037 2.242995 -2.930073 
1.957689 3.500225 -2.899591 
1.063651 4.119937 -2.757934 
1.134251 3.869446 -3.556984 
1.951680 3.673226 -3.483843 
2.418310 3.961332 -3.320323 
2.776978 4.096345 -2.698991 
2.978246 3.505646 -3.239338 
3.405276 3.462170 -2.522097 
3.754357 2.903516 -1.246303 
3.880367 3.290104 -1.218829 
3.301661 4.150670 -2.595719 
2.932029 4.340881 -2.111133 
2.461549 4.666528 -1.322387 
2.967940 3.719574 -2.030830 
2.744055 4.334655 -1.156163 
3.360273 3.694494 -1.502595 
3.601904 3.807692 -2.130410 
3.169631 3.780398 -2.157921 
2.047228 4.361185 -2.852618 
2.144470 4.855732 -2.159309 
1.210524 5.245744 -1.823537 
1.317972 4.914815 -2.127002 
1.748242 4.089969 -1.225084 
2.176075 3.638794 -0.784707 
3.043257 2.456373 -0.554430 
1.937353 1.623916 -1.155324 
2.308765 2.581632 -0.870158 
1.628475 2.832915 -0.774323 
1.420475 2.246573 -1.097466 
0.922211 2.594297 -0.603055 
1.880475 2.139197 -0.159613 
2.638394 3.275762 -0.840755 
2.173212 3.575874 -1.265167 
1.250386 2.849296 -1.754928 
1.726074 2.925155 -2.480217 
0.140225 -4.450160 -3.480476 
0.965398 -3.269713 -3.212928 
1.166584 -2.397006 -2.788822 
1.835876 -1.245236 -1.656656 
3.011943 -0.957696 -0.016037 
3.792038 -1.995004 0.350232 
3.664644 -1.645107 1.110166 
3.456832 -1.121163 0.258901 
3.386077 -1.273044 0.589696 
2.181071 -0.225286 -0.003193 
1.324928 -0.633229 0.134445 
2.267399 -1.221592 0.259129 
3.034698 -0.581365 0.035319 
3.838706 -0.465906 -1.529163 
4.070427 -0.557955 -2.991866 
3.243783 -0.618355 -3.010142 
3.539589 -0.945324 -1.775569 
4.205598 -1.693670 -0.226363 
3.399636 -2.562992 -0.255714 
3.401743 -3.275629 -0.647379 
3.633551 -3.775050 -0.559719 
2.583341 -3.813514 -0.957830 
2.376363 -2.393671 -0.941519 
2.181912 -1.985120 -0.791858 
1.544546 -0.875697 -0.628847 
1.500650 -0.927828 -1.513723 
0.857989 -0.815239 -1.756356 
-0.751141 -0.667809 -1.807220 
-0.733437 -0.951396 -2.239200 
-0.414289 -0.982997 -1.955659 
-0.294124 -0.091459 -1.972284 
0.048099 0.520840 -1.869257 
-0.543449 -0.289170 -2.035347 
0.486964 -1.195552 -1.870443 
1.668217 0.035302 -1.727239 
1.096107 0.233299 -1.856997 
0.494877 0.622011 -1.538159 
1.077492 0.039167 -1.399157 
0.550269 -0.368834 -1.189574 
0.292165 -0.995405 -1.652661 
0.208324 -1.514233 -1.586528 
0.762793 -2.001302 -0.899513 
0.359973 -1.340068 -1.426943 
-0.213677 -0.595125 -1.632530 
0.137586 0.394173 -1.588680 
-0.043789 0.087246 -1.089994 
-0.789091 0.537778 -1.699409 
0.068108 1.486180 -1.383456 
0.202587 1.178080 -1.564155 
-0.836627 1.019869 -1.804707 
-3.395265 5.274836 2.644096 
-3.731810 4.181486 1.773428 
-3.337330 3.856579 1.962281 
-3.851826 4.256774 1.186487 
-4.023272 3.772768 1.704265 
-3.319511 2.582969 2.360299 
-4.412498 2.477109 0.865725 
-4.946396 1.952471 -0.585064 
-4.849829 2.484569 -0.086185 
-5.163417 2.257070 0.931109 
-4.948749 2.875035 0.099160 
-4.609420 3.127317 -0.321090 
-4.323942 2.547214 1.344470 
-4.730147 1.199286 0.352618 
-4.101859 0.725641 0.369379 
-4.058254 -0.365734 -0.409282 
-4.080366 0.268486 0.502518 
-4.245906 1.197822 2.072682 
-4.146214 0.884758 2.367586 
-4.472059 0.360573 0.919936 
-4.414708 -0.171138 -0.010106 
-5.280351 -0.481021 -0.313299 
-4.879509 -0.557456 -0.108449 
-6.364186 -0.098468 0.202737 
-7.073568 0.112290 1.288764 
-6.720060 -0.477467 1.217466 
-5.916166 0.711437 0.564106 
-5.323051 0.790082 0.752618 
-6.253406 0.487922 0.716579 
-6.172564 -0.326346 0.442993 
-5.382267 -0.561448 -0.615887 
-4.901165 0.161149 -0.947183 
-5.203758 0.160110 -1.046596 
-4.501502 -0.326584 -1.081127 
-4.382953 0.253790 -0.942098 
-4.431702 1.458381 -0.681412 
-5.218305 0.486224 0.494430 
-6.056718 -0.453568 1.382359 
-6.344069 -0.659067 1.088185 
-5.590628 -0.887213 0.746639 
-6.177218 0.198549 0.453491 
-6.416839 0.350122 -0.460866 
-5.416057 -0.068477 -0.337246 
-5.494225 0.244705 0.279358 
-5.702845 0.696018 0.561397 
-6.334335 0.123655 2.126069 
-6.845100 -0.258513 1.374572 
-7.450789 -0.819117 1.724044 
-6.505381 3.795060 3.491951 
-5.040567 3.266898 2.536481 
-5.087770 2.728307 1.610809 
-4.660987 2.732825 2.525133 
-4.603922 2.757975 3.396147 
-3.473315 2.995581 2.730803 
-5.023494 3.121399 2.933179 
-4.849841 3.809083 2.598310 
-5.192541 4.154324 2.239431 
-5.668132 3.722564 1.771400 
-6.213640 3.201675 2.129420 
-5.791904 2.159538 3.129225 
-5.129756 1.095234 3.921513 
-5.521411 1.439739 3.959268 
-5.285439 2.114533 3.476568 
-5.579671 1.529803 2.874880 
-6.268546 1.917170 3.017862 
-5.798839 2.635470 2.728306 
-6.399368 2.181288 1.715932 
-5.801065 1.270930 1.559206 
-5.720079 1.055537 2.876856 
-5.267835 0.516498 3.192282 
-5.553423 0.725305 2.675020 
-4.553692 0.140869 2.490662 
-3.912391 -0.311078 3.639413 
-5.468312 0.489774 3.466431 
-6.768735 0.694773 3.080329 
-6.534530 0.849823 2.554958 
-6.761860 0.932232 1.592392 
-6.750543 -0.271403 2.037377 
-6.517203 -0.786431 2.666717 
-6.604474 -0.422606 2.861621 
-3.663500 7.509558 1.910626 
-4.146816 7.115020 0.690982 
-3.166388 6.738529 0.207331 
-2.636564 5.514876 1.095003 
-1.728648 4.094026 1.820830 
-2.171079 4.817931 1.848219 
-3.354265 4.403645 0.982525 
-3.597079 4.760547 -0.060832 
-2.928237 4.869263 0.759227 
-3.083988 5.166176 1.202987 
-4.288659 5.217747 0.390188 
-5.307027 4.502595 -0.582147 
-5.247731 4.061943 -1.252173 
-4.846549 4.720116 -2.036760 
-4.716697 6.084512 -2.244164 
-4.259339 6.991204 -1.645671 
-3.227307 7.019164 -0.698956 
-4.179494 6.865690 -0.264255 
-4.420602 5.378851 -0.840088 
-3.789661 5.136502 -0.172421 
-4.608497 4.294763 -0.011471 
-4.527510 4.476757 0.331174 
-4.445881 4.010856 -0.593135 
-4.721439 3.975618 -1.854658 
-4.401989 3.871318 -1.675668 
-4.046371 3.914972 -1.791449 
-3.913634 3.789137 -1.418194 
-4.519500 3.663764 -0.317681 
-5.372806 4.472879 0.898456 
-4.518846 3.987140 1.604878 
-4.896019 3.953945 2.500805 
-4.901506 3.501249 1.600476 
-5.402176 3.847764 0.781724 
-5.585520 3.632968 -0.124932 
-6.015051 3.719806 -0.714135 
-5.745888 3.748763 -0.668413 
-5.110246 3.910601 -0.910866 
-4.165162 5.022769 -0.537035 
-4.943905 3.955941 -0.093637 
-5.229122 2.808177 -1.549634 
-5.664762 3.012530 -1.952587 
-6.461080 2.632853 -0.807437 
-6.856700 2.216943 0.490499 
-6.594554 2.832287 1.470005 
-6.460602 3.093470 -0.013513 
-6.868378 2.537463 -1.049593 
-6.651998 2.521300 -0.464230 
-6.148734 3.297078 0.201534 
-5.829146 2.756857 0.280485 
-6.383170 2.393677 0.448897 
-7.045078 1.295306 0.285728 
-6.311600 1.234726 -0.124713 
-5.138462 1.045567 -1.157356 
-5.393816 2.226368 -1.677211 
-6.013871 2.319362 -0.080784 
-6.605074 2.033365 -0.784390 
-6.827265 0.982528 -0.579379 
-6.426649 1.234211 -1.774507 
-6.240910 0.758305 -1.021640 
-6.503504 1.467279 -1.521068 
-6.101849 1.528614 -2.424407 
-5.831968 1.834479 -2.617773 
-5.234136 2.230137 -2.404962 
-5.595285 3.017374 -3.164139 
-5.674923 3.800200 -3.701773 
-4.810717 4.397210 -3.538601 
-4.032727 3.996447 -2.568730 
-3.936963 3.001937 -1.691291 
-3.946699 2.569049 -1.428065 
-4.801695 1.586015 -0.803240 
-4.964685 1.819523 -1.737734 
-6.299484 1.580566 -1.731766 
-5.891086 1.900488 -2.008371 
-4.658478 1.349037 -1.812394 
-3.550259 1.167142 -2.351364 
-3.078636 0.954929 -2.258276 
-3.699625 0.325434 -2.598870 
-2.530076 0.491970 -2.821250 
-2.860406 1.193862 -2.081404 
-4.000339 1.760005 -2.551276 
-5.624285 2.157481 -2.962842 
-5.915713 2.316019 -2.672876 
-5.380452 2.698832 -3.487693 
-5.154938 3.012399 -3.781333 
-4.057393 3.783892 -3.276461 
-3.424182 3.750033 -3.619748 
-4.117268 3.212344 -3.775242 
-4.891385 3.176394 -3.123210 
-4.898881 3.441466 -2.569031 
-3.515913 2.107306 -2.120309 
