Snapshot 0 0.000000
-6.577893 -31.251765 18.929428 
-6.871846 -30.556429 18.273608 
-6.732794 -30.011933 19.100765 
-5.891097 -30.391280 19.485007 
-6.142516 -31.029756 20.212425 
-5.332447 -30.745956 20.725499 
-4.334503 -30.756324 20.788749 
-3.941748 -31.622941 21.096512 
-4.600893 -31.698351 21.844738 
-4.124267 -31.496904 22.700452 
-4.814633 -32.168526 22.969372 
-5.314579 -32.864612 23.484657 
-5.118162 -32.071724 24.061500 
-5.985931 -32.163427 24.549933 
-6.944027 -31.946212 24.363197 
-6.769764 -30.961513 24.362444 
-6.139880 -30.255284 24.685689 
-6.772653 -29.903596 25.375554 
-7.022713 -29.120861 25.945462 
-7.854948 -28.755560 26.362525 
-8.724232 -28.747319 25.868282 
-7.961144 -28.761249 25.222138 
-7.876494 -28.031622 24.543552 
-8.836820 -27.768536 24.451032 
-9.080165 -26.997782 25.039863 
-9.657627 -27.312272 25.793277 
-10.500964 -27.812727 25.989051 
-10.203213 -28.716591 26.296256 
-10.083004 -28.901129 27.271702 
-9.266762 -28.894650 27.849377 
-9.000139 -28.226184 28.543687 
-9.220260 -27.415489 28.001174 
-10.198745 -27.238117 27.895790 
-10.490213 -26.397103 27.440004 
-11.326879 -25.850356 27.472542 
-10.643746 -25.120990 27.435726 
-10.636086 -25.314672 28.416761 
-10.116057 -26.154285 28.573669 
-9.129285 -25.993146 28.591406 
-8.374802 -26.567563 28.273914 
-7.754649 -27.151619 27.750188 
-7.191471 -26.329344 27.668382 
-6.473656 -26.553502 27.009220 
-7.205466 -26.989454 26.485388 
-7.135206 -27.003327 25.487956 
-7.510440 -26.261204 24.932570 
-7.626267 -25.352150 24.532314 
-7.461112 -24.486395 24.059882 
-8.151450 -23.771542 23.948447 
-9.054535 -24.047221 23.619147 
-9.561597 -23.209574 23.822211 
-10.217054 -23.943705 23.644934 
-10.514657 -24.097242 24.587197 
-10.905840 -23.296020 25.039986 
-10.812376 -23.027572 24.081237 
-10.379746 -22.477384 23.367007 
-10.474295 -22.064530 24.272884 
-10.257431 -21.226234 23.772655 
-10.580055 -20.924334 22.875565 
-11.352889 -20.351632 23.148954 
-12.143415 -20.508231 22.556886 
-12.553334 -19.781292 23.107817 
-13.517855 -19.520469 23.148687 
-13.751182 -20.485561 23.029699 
-14.641392 -20.065163 22.854225 
-14.895349 -20.407469 23.758842 
-15.710090 -20.917388 24.034849 
-15.772745 -20.289583 23.259004 
-16.763805 -20.420425 23.285081 
-16.698261 -19.729455 22.565175 
-16.053121 -19.272274 23.177367 
-16.286099 -18.300061 23.154502 
-15.420642 -17.885058 22.873865 
-14.526199 -17.578974 22.547853 
-14.695256 -17.554416 23.533153 
-14.252220 -18.171488 24.183493 
-13.726039 -17.893622 23.379800 
-13.073916 -17.383871 23.940950 
-12.643677 -17.876075 24.697673 
-13.162830 -18.723610 24.587382 
-13.992849 -19.080283 25.016164 
-13.534504 -19.948116 25.207960 
-13.079968 -20.157126 26.073819 
-12.199108 -19.828307 26.414353 
-12.429075 -18.861814 26.300309 
-12.076608 -18.603320 27.199724 
-12.266315 -17.850175 26.569816 
-11.990047 -17.077632 25.998105 
-12.003848 -16.555816 25.145159 
-12.283048 -15.628145 24.897217 
-12.575885 -15.304776 25.797039 
-11.724652 -15.617369 26.218568 
-11.243809 -15.317465 25.394646 
-10.347241 -15.695951 25.164612 
-9.883232 -14.996178 24.621460 
-8.955709 -14.683963 24.415977 
-8.952797 -13.693107 24.281081 
-9.635689 -13.781955 25.006178 
-10.360086 -13.438444 24.408475 
-10.504751 -12.681508 25.045751 
-9.994567 -12.478070 25.881409 
-10.934872 -12.284298 26.161193 
-2.541193 41.451835 -25.907852 
-1.892244 40.851517 -26.375274 
-1.735284 41.726000 -26.834233 
-1.498534 42.428909 -27.504956 
-2.428820 42.532603 -27.856830 
-1.995390 43.060855 -28.586960 
-1.436308 42.980281 -29.412148 
-2.006466 42.166083 -29.521701 
-1.992104 42.006503 -30.508781 
-2.262978 42.578371 -31.283116 
-2.354030 41.661605 -31.672025 
-3.176041 41.606975 -32.238871 
-3.455973 42.400384 -31.698371 
-4.246667 41.801745 -31.826569 
-4.718942 41.403209 -32.612779 
-5.196797 40.598552 -32.965173 
-4.648361 39.763642 -32.918883 
-4.425824 39.350842 -33.802100 
-5.337121 39.662342 -34.071368 
-6.212834 40.118016 -34.231016 
-7.055326 40.513761 -33.865512 
-7.233916 40.788587 -34.810275 
-7.133892 41.686369 -34.381341 
-7.466235 41.576141 -33.444645 
-6.565024 41.218202 -33.200312 
-6.147798 41.341467 -32.299908 
-6.994533 41.733545 -31.940305 
-6.655232 40.947263 -31.423936 
-7.069071 41.374196 -30.619904 
-7.969020 41.108697 -30.965740 
-8.677251 41.026274 -30.264587 
-9.469064 40.429143 -30.136269 
-9.296232 39.982876 -31.014320 
-10.217336 40.083153 -31.390501 
-11.140230 39.732277 -31.231904 
-10.794963 38.804827 -31.375530 
-10.763306 37.848881 -31.667361 
-10.564623 38.501326 -32.398690 
-10.669528 38.439120 -33.391224 
-11.520032 38.573464 -32.882702 
-12.051153 38.034042 -33.536104 
-12.703647 37.287680 -33.667233 
-13.136389 36.476338 -34.060245 
-13.536329 36.110957 -34.900808 
-13.887562 35.326993 -35.412703 
-14.290183 35.700379 -36.248454 
-15.271177 35.893562 -36.230244 
-16.244214 36.012400 -36.427919 
-16.120209 36.905873 -36.859578 
-17.019281 37.342467 -36.892038 
-17.362192 36.994566 -37.764607 
-16.904714 36.707415 -38.606188 
-16.884334 37.504580 -39.209605 
-17.125101 36.626731 -39.623623 
-17.435444 35.778903 -39.193651 
-18.260829 36.281209 -38.935912 
-18.167987 35.748824 -38.094516 
-18.753561 36.226110 -37.439305 
-19.698866 36.252543 -37.114189 
-19.517545 35.492735 -36.489837 
-18.539977 35.494148 -36.700452 
-18.874435 36.242443 -36.127572 
-18.180684 35.698607 -35.655393 
-17.416791 36.337807 -35.566567 
-17.687905 37.299985 -35.539927 
-18.084313 38.138208 -35.165436 
-18.511956 37.966609 -34.277925 
-18.536078 38.960636 -34.384366 
-18.429433 39.839422 -34.849513 
-19.320617 39.902007 -35.298817 
-20.140100 39.997412 -34.733711 
-21.000300 39.781448 -34.271742 
-20.939046 40.633175 -33.751348 
-20.150416 40.492732 -33.152734 
-20.176236 41.465008 -33.385140 
-19.848888 40.874637 -34.122910 
-19.570434 41.517870 -34.836153 
-19.730703 42.463036 -35.120713 
-19.556000 42.863429 -34.221177 
-20.468157 42.892259 -33.812352 
-21.437879 42.843004 -34.051545 
-21.277799 42.096345 -34.697202 
-21.445258 41.121666 -34.845390 
-21.364333 40.744364 -35.767938 
-21.530611 39.758285 -35.767815 
-21.942920 40.064170 -34.909657 
-22.622791 40.410002 -34.262992 
-22.604453 39.410409 -34.284818 
-23.493161 39.774678 -34.563215 
-24.215639 39.915040 -35.240213 
-24.469615 40.297930 -36.128408 
-24.560641 41.248874 -36.424076 
-25.378519 41.365599 -35.860649 
-24.822267 42.171000 -35.655921 
-24.780474 43.028552 -35.143225 
-14.323693 7.829075 14.221428 
-13.835779 8.037788 15.069000 
-13.724818 7.515621 15.914594 
-14.035169 6.744190 16.470091 
-15.005437 6.521842 16.374482 
-14.697132 5.654590 15.983558 
-15.444327 5.153337 15.547158 
-14.711444 4.500336 15.356181 
-14.659253 3.837760 14.609007 
-13.832722 4.399767 14.577477 
-13.620229 4.898233 13.737014 
-13.410569 4.703347 12.778858 
-13.854849 3.808872 12.728564 
-13.799347 3.094107 12.031406 
-12.991820 2.781699 11.531105 
-12.949310 3.014610 10.559537 
-13.783443 3.304035 11.029064 
-14.398564 2.517239 10.978291 
-15.181621 1.919341 11.149577 
-15.691981 2.765176 11.304807 
-15.970690 2.707258 12.263435 
-16.681029 2.009429 12.355373 
-16.602316 2.304272 11.403075 
-17.334328 1.636752 11.266783 
-16.972287 0.756160 11.572534 
-16.112783 0.903340 11.083054 
-15.421909 0.496966 11.681011 
-16.012007 -0.262657 11.407594 
-16.476671 -0.514431 12.256534 
-16.602954 -1.467265 11.980565 
-16.441752 -2.003242 11.151865 
-16.430796 -2.338505 10.209804 
-17.425264 -2.238990 10.176193 
-18.068310 -2.623070 10.838745 
-19.009579 -2.438969 10.555692 
-19.384481 -3.209037 10.039511 
-19.476400 -2.512385 9.328015 
-18.560485 -2.214423 9.596936 
-18.287984 -2.452448 8.664688 
-18.891132 -2.108341 7.945102 
-19.812659 -1.727619 7.868692 
-20.202917 -2.644848 7.948621 
-19.526535 -3.355154 7.753755 
-20.060059 -4.121472 7.395833 
-19.976261 -4.952575 6.846064 
-20.956806 -5.066930 6.686516 
-21.699126 -5.382479 6.095425 
-22.273548 -4.901849 6.758021 
-21.873736 -4.134082 7.258705 
-21.775449 -4.019452 8.247239 
-21.777738 -3.945167 9.244474 
-22.103647 -3.248674 9.883755 
-22.901494 -3.101400 10.468349 
-22.245178 -2.860173 11.183234 
-21.770540 -2.826208 12.062759 
-21.581884 -1.921803 11.680056 
-22.576537 -2.008792 11.624400 
-22.586521 -1.009206 11.651402 
-23.442009 -1.322871 11.239390 
-23.622578 -0.339650 11.265326 
-24.303860 0.382103 11.387504 
-23.504749 0.795762 11.823748 
-23.346372 1.197944 12.725505 
-22.482739 1.701929 12.737172 
-22.428463 1.123938 13.551408 
-22.151830 1.996019 13.955078 
-22.632076 2.812077 14.276657 
-22.730375 2.905660 13.285910 
-21.784661 2.634158 13.107270 
-21.147577 3.402068 13.173882 
-20.591784 3.541572 12.354351 
-21.349336 3.889537 11.802051 
-20.757880 4.527103 12.295701 
-19.818458 4.263012 12.514199 
-19.797905 4.143531 13.506823 
-19.861189 3.740254 14.419710 
-19.014442 4.269103 14.477488 
-18.422294 3.603944 14.932377 
-17.574313 4.105293 14.760397 
-17.047877 4.182780 13.913721 
-16.248220 4.696049 14.225336 
-16.574223 3.993068 14.857428 
-16.717151 4.822633 15.397237 
-16.498776 5.794940 15.480497 
2.190607 -22.219665 -35.256092 
1.370006 -22.627492 -35.656456 
0.538221 -22.259227 -36.071804 
0.761848 -22.444819 -37.028646 
0.996497 -23.324592 -37.442093 
1.666059 -23.464785 -38.171499 
1.459527 -24.046260 -38.958411 
1.361156 -24.964070 -39.343051 
0.798011 -25.753114 -39.097537 
1.644137 -26.284885 -39.133433 
1.156288 -27.007503 -39.623154 
1.119044 -27.065600 -40.620770 
0.935750 -27.985280 -40.273507 
0.425934 -28.037261 -41.132218 
0.194008 -27.247076 -41.699507 
-0.107379 -26.503938 -41.102087 
0.091636 -26.192198 -42.031178 
0.316733 -26.733416 -42.841372 
0.746158 -25.897655 -43.183568 
1.277457 -25.963837 -44.028164 
1.543205 -26.475319 -44.845332 
2.029834 -27.033644 -44.173420 
2.501483 -27.697294 -43.592803 
2.939623 -27.724947 -44.491284 
2.262026 -27.775038 -45.225009 
1.567361 -27.924092 -45.928731 
0.946675 -28.489805 -45.385852 
0.514177 -28.766177 -46.244085 
-0.435266 -28.574739 -45.995268 
-0.573655 -27.859833 -45.309880 
-0.610847 -26.868260 -45.433972 
0.013482 -26.420504 -44.793872 
0.578636 -27.016231 -45.364582 
0.657168 -26.047388 -45.599474 
1.213345 -26.018283 -46.430028 
1.975177 -26.391990 -45.900921 
2.219061 -25.796110 -46.666066 
1.742125 -24.954706 -46.920175 
1.206404 -24.110748 -46.893010 
0.423544 -23.940385 -46.294589 
0.942619 -23.086714 -46.252079 
0.598163 -22.148706 -46.213473 
0.202136 -21.278010 -46.505107 
-0.561334 -20.668697 -46.290976 
-1.267161 -20.197244 -46.819691 
-1.291781 -19.652776 -45.981272 
-2.246801 -19.402793 -46.140786 
-3.065897 -19.370686 -45.568029 
-2.607200 -18.960031 -44.780019 
-3.003561 -18.962697 -43.861928 
-3.394392 -18.534297 -43.047235 
-2.699273 -19.208397 -42.797439 
-1.849817 -18.960791 -43.263396 
-1.407265 -18.563475 -44.067316 
-1.073246 -19.456156 -43.764741 
-0.441271 -18.683194 -43.708729 
-0.470696 -18.416305 -44.672007 
-0.184557 -19.373495 -44.715738 
0.194000 -19.540531 -43.805357 
-0.266180 -19.479105 -42.919658 
-0.353339 -20.100501 -42.141025 
-1.245129 -20.550388 -42.092920 
-1.670429 -20.371776 -41.205667 
-1.210859 -20.429904 -40.319430 
-0.668084 -20.730653 -41.103614 
-0.853471 -21.369103 -40.356612 
0.073693 -21.132989 -40.065721 
0.494442 -20.769598 -40.896935 
1.150278 -21.254985 -40.318767 
1.583347 -20.916177 -39.483506 
1.209983 -21.605019 -38.862141 
0.491592 -21.051445 -38.440869 
-0.122826 -21.814407 -38.239924 
-0.981883 -22.304517 -38.092228 
-0.442839 -22.954612 -38.627772 
0.388568 -22.724857 -38.121832 
0.671544 -22.759411 -39.080336 
1.415610 -23.007415 -39.700708 
0.554498 -23.290503 -40.123021 
0.196684 -22.379935 -40.329985 
-0.204285 -22.679837 -41.195597 
-0.668676 -23.280038 -40.544368 
-2.422293 -68.342365 -34.761612 
-2.772350 -68.805084 -33.947148 
-2.021633 -68.212385 -33.655371 
-1.530915 -69.075517 -33.536213 
-1.622062 -69.097532 -32.540618 
-1.506655 -68.520424 -31.732146 
-1.332091 -69.180076 -31.001129 
-1.986667 -69.842074 -31.366217 
-1.621813 -70.737839 -31.112275 
-0.953880 -70.838056 -31.849718 
-0.610911 -70.015500 -32.303341 
-0.664105 -69.962795 -31.306148 
0.171998 -70.497087 -31.430499 
0.532270 -70.192844 -30.548659 
1.071540 -70.213236 -29.706773 
0.254999 -69.714106 -29.416719 
-0.401461 -68.971917 -29.281754 
-0.600577 -68.164846 -28.725887 
-0.246945 -67.937773 -29.633291 
0.418202 -68.361626 -29.018532 
1.371798 -68.068151 -28.951252 
1.352528 -68.378283 -29.901750 
1.325692 -69.305823 -30.274508 
1.771263 -69.681142 -31.087283 
1.257280 -70.451790 -31.464010 
1.635609 -70.100894 -32.320596 
1.888435 -69.142453 -32.188417 
2.235232 -68.328003 -31.723226 
2.136249 -67.361060 -31.958224 
1.429838 -66.895458 -32.491326 
1.555449 -66.992909 -33.478608 
1.424168 -66.713831 -34.429860 
1.169667 -65.831557 -34.033854 
0.226111 -66.009665 -33.754607 
0.207538 -66.796390 -33.137583 
0.394004 -67.335007 -33.959241 
0.210363 -68.314425 -34.043003 
0.566762 -68.871213 -33.292691 
1.257848 -68.179614 -33.502671 
2.025706 -68.009833 -32.884960 
2.796678 -67.378289 -32.967143 
3.506565 -67.867793 -32.460736 
4.046050 -67.142521 -32.888448 
4.323538 -66.953941 -33.830487 
4.010870 -67.660972 -34.464794 
4.500467 -68.470860 -34.787867 
4.166446 -67.846372 -35.493874 
3.412975 -68.021493 -36.127604 
3.027839 -67.424426 -35.423912 
3.327357 -66.663616 -35.999635 
3.158521 -66.698786 -36.984652 
2.537851 -67.340199 -37.435603 
1.713946 -66.970403 -37.006148 
1.148454 -66.354089 -36.458083 
1.967258 -66.610221 -35.944317 
1.825923 -65.730805 -35.489727 
2.179612 -65.111450 -36.190657 
2.090586 -65.375189 -37.151134 
1.792847 -65.243691 -38.096682 
2.551263 -64.730465 -38.498433 
2.667291 -64.841748 -39.485425 
2.823443 -65.645594 -40.059400 
3.669994 -65.807661 -40.566437 
3.070891 -66.425317 -41.075924 
3.148593 -66.481513 -42.071315 
3.654753 -65.767641 -41.587385 
3.243796 -65.089172 -42.196314 
3.596588 -64.517264 -42.936894 
2.762166 -64.117125 -43.315880 
2.804864 -63.244528 -43.802450 
2.903539 -63.257614 -44.797483 
2.685432 -62.769017 -45.642292 
3.263589 -61.956839 -45.564185 
3.070241 -60.977380 -45.506928 
2.314351 -61.500821 -45.900169 
1.436315 -61.464269 -46.377367 
1.776130 -61.351670 -47.311095 
2.155707 -60.584319 -47.827905 
1.943837 -59.617659 -47.971710 
2.631618 -58.975974 -48.311118 
-6.524193 -67.879065 21.483728 
-6.105733 -68.099176 22.364888 
-5.751442 -67.195880 22.606828 
-5.540817 -66.225001 22.492677 
-5.957171 -65.444400 22.958843 
-6.348481 -65.699703 23.842979 
-6.951579 -65.671228 24.640138 
-6.100705 -65.235952 24.934331 
-6.114328 -65.165819 25.931776 
-6.012484 -65.686236 26.779593 
-5.287928 -66.304038 27.085109 
-5.188014 -65.804874 27.945836 
-4.622717 -65.421980 28.676474 
-5.315862 -65.390801 29.396598 
-5.141178 -66.265137 28.943804 
-4.418078 -66.625818 29.532901 
-4.242496 -67.238973 28.762699 
-4.563051 -67.098968 27.825873 
-5.218810 -67.792892 27.528469 
-4.558886 -68.543982 27.547524 
-4.595244 -69.416165 27.059698 
-3.891506 -69.794160 27.661256 
-4.429720 -70.405352 27.080937 
-4.148050 -71.093749 26.412527 
-3.896690 -70.408990 25.728478 
-4.797838 -70.191107 26.103257 
-5.054078 -70.173898 25.136797 
-5.426568 -69.254864 25.007850 
-4.603893 -68.741559 25.252236 
-5.166390 -69.014147 26.032808 
-5.406677 -68.731984 26.961595 
-6.337890 -68.426937 26.762125 
-7.024989 -68.690227 27.439305 
-7.758914 -69.290200 27.757719 
-8.524513 -69.251218 27.115583 
-9.123128 -70.035832 27.276957 
-9.516864 -69.780821 26.393814 
-9.095166 -70.410334 25.741216 
-9.148173 -71.319570 25.328324 
-8.522834 -71.580069 24.592735 
-8.015113 -70.855828 24.126159 
-8.211098 -69.894836 24.321309 
-9.096216 -70.306303 24.538707 
-8.313555 -70.648996 25.058327 
-7.388149 -70.306001 25.219504 
-6.997701 -71.216896 25.086006 
-6.336076 -70.866271 24.423198 
-6.155206 -70.210651 25.156307 
-5.954969 -69.729404 26.009716 
-6.389570 -68.861669 25.768555 
-5.876279 -68.012195 25.646382 
-5.868984 -67.401840 26.438477 
-6.507950 -67.164310 25.706834 
-7.478992 -67.164117 25.467924 
-8.356419 -67.337315 25.915276 
-8.628790 -68.277598 26.119435 
-7.724917 -68.096780 26.507144 
-7.397079 -68.438983 25.626565 
-7.298616 -69.051250 26.411062 
-7.627777 -69.995409 26.396341 
-7.893667 -70.887858 26.760808 
-7.014533 -71.318135 26.965708 
-7.091795 -72.279180 27.231079 
-7.907360 -72.038167 27.757165 
-8.551284 -72.732747 27.436352 
-7.942863 -73.080762 26.723114 
-7.682164 -72.866963 25.781665 
-6.801296 -73.250204 25.503821 
-6.881812 -73.459954 26.478255 
-6.405578 -73.840332 27.271044 
-7.037042 -73.604169 28.009610 
-7.380296 -74.421388 28.472567 
-7.546444 -73.526716 28.887245 
-7.532797 -72.657025 29.380653 
-6.772751 -72.045901 29.159614 
-7.324431 -71.505867 28.523994 
-7.923728 -70.851497 28.062861 
-8.874563 -71.142621 28.168506 
-50.295193 -45.698165 -0.799972 
-49.958816 -46.485530 -1.316603 
-50.582139 -47.159114 -1.713784 
-51.115511 -47.103958 -0.869703 
-50.259078 -47.001047 -0.363805 
-49.622738 -47.467072 0.250924 
-49.650147 -46.541818 0.629279 
-49.944156 -45.646491 0.294691 
-49.002719 -45.549005 -0.028095 
-48.566236 -46.319428 -0.492779 
-48.697932 -47.257600 -0.812919 
-49.514283 -47.710346 -1.171517 
-48.945185 -48.499623 -1.402100 
-49.704079 -48.754493 -0.802834 
-50.053397 -48.987265 -1.710465 
-50.865233 -48.409188 -1.792621 
-50.742383 -48.593347 -2.767810 
-49.989790 -48.162661 -3.265922 
-49.036672 -48.342366 -3.509378 
-49.098242 -47.435309 -3.092897 
-48.645092 -47.024564 -3.884062 
-48.485734 -46.054910 -3.698651 
-48.542871 -45.541465 -4.554870 
-48.720839 -46.470662 -4.878785 
-49.139624 -47.377471 -4.926905 
-49.810972 -47.975938 -5.364089 
-49.517071 -47.257651 -5.994714 
-49.956186 -46.372667 -5.839852 
-50.122994 -46.356366 -6.825707 
-50.771600 -46.907020 -7.351151 
-50.307164 -46.309058 -8.004404 
-49.420812 -45.931793 -8.272829 
-49.431501 -45.042939 -8.730895 
-48.541841 -45.484042 -8.612851 
-47.545912 -45.559839 -8.564060 
-47.217268 -46.068871 -7.768524 
-46.247820 -46.154180 -7.538538 
-45.929350 -46.163919 -6.590655 
-45.076240 -45.825781 -6.987980 
-44.337727 -45.221692 -7.287436 
-44.737818 -45.647613 -8.098927 
-43.922600 -46.053692 -8.511866 
-43.661545 -46.970948 -8.211046 
-44.417081 -46.900644 -7.559723 
-44.494125 -47.271554 -6.634256 
-44.281484 -46.561678 -5.962794 
-44.144718 -46.730239 -4.986638 
-44.339632 -45.761759 -4.831547 
-43.900219 -45.067375 -4.261681 
-44.312853 -44.774268 -3.399230 
-44.889337 -44.000477 -3.661745 
-44.709988 -43.508111 -2.810035 
-44.319777 -44.005256 -2.035063 
-44.301565 -43.171340 -1.483472 
-43.433457 -43.299300 -1.003874 
-42.642167 -43.126136 -0.417466 
-42.010563 -43.138060 0.357733 
-41.181104 -43.608525 0.658834 
-40.851658 -44.495826 0.981575 
-40.014027 -44.886681 1.363160 
-40.375591 -44.474061 2.199232 
-39.994664 -43.666433 2.649377 
-39.659853 -43.723888 3.589909 
-40.497824 -44.210051 3.837802 
-40.571216 -45.172546 3.576620 
-40.871063 -45.699586 2.781433 
-40.559625 -46.639294 2.922693 
-41.250416 -47.045857 3.520618 
-40.900432 -47.522346 4.327135 
-40.052511 -47.679140 3.820731 
-39.734070 -47.169724 4.620162 
-39.603415 -48.095200 4.975723 
-38.970481 -48.359402 4.247992 
-39.057733 -49.197787 4.786043 
-38.338265 -49.126021 5.476851 
-38.751728 -49.597529 6.255778 
-11.097193 29.849435 -77.646772 
-10.892575 29.329196 -78.475918 
-10.853606 28.860682 -79.358514 
-10.407012 27.972037 -79.254281 
-10.641291 27.398797 -78.469101 
-11.383008 27.819503 -77.946738 
-12.202102 27.836643 -78.520140 
-13.076992 28.279581 -78.324247 
-14.075115 28.230178 -78.288045 
-14.760687 28.860084 -78.653023 
-15.433738 28.560460 -79.329209 
-15.986006 29.111303 -79.954966 
-16.866857 28.656738 -80.087150 
-16.924832 29.651284 -80.173846 
-17.121140 30.423679 -80.777890 
-17.632928 31.217036 -80.448256 
-17.059573 31.626625 -79.738678 
-17.267322 32.137768 -78.904667 
-18.187322 32.138135 -79.296587 
-18.274174 31.648667 -78.428902 
-18.828003 31.317087 -77.665142 
-18.903719 30.397470 -78.050592 
-18.088240 29.985257 -78.456884 
-17.676344 30.604589 -79.125292 
-18.350269 30.014996 -79.570494 
-19.329281 29.860787 -79.703742 
-19.927456 30.131597 -78.949521 
-20.688499 30.325359 -79.568608 
-21.650912 30.522426 -79.755493 
-21.125691 30.496448 -80.606063 
-22.012117 30.068070 -80.781395 
-22.979807 29.860834 -80.925022 
-23.794456 29.551595 -81.415652 
-23.974344 29.468384 -80.435491 
-23.286991 28.744361 -80.493257 
-22.299397 28.877957 -80.410737 
-22.208498 29.505268 -79.637291 
-21.358997 29.200827 -80.068177 
-20.430335 28.892517 -80.274412 
-20.834666 29.240214 -81.120358 
-20.252045 29.981583 -81.453410 
-20.370739 30.753392 -82.078088 
-20.248393 30.130633 -82.850878 
-20.792591 29.331326 -82.596014 
-21.586011 29.260574 -81.991466 
-22.437305 28.843461 -81.673165 
-23.024782 29.213028 -82.393089 
-23.377057 28.327735 -82.696666 
-22.436237 28.182620 -83.002935 
-21.642751 28.294955 -82.404805 
-21.054454 28.166337 -81.606453 
-21.709760 28.018844 -80.865629 
-20.832351 27.811507 -80.433002 
-21.541518 27.848206 -79.728918 
-21.503708 27.407452 -78.832086 
-21.611561 27.128516 -77.877852 
-21.714559 26.405724 -78.561199 
-21.443148 26.305317 -79.518411 
-22.408424 26.047532 -79.560728 
-22.290496 25.708594 -80.494117 
-22.835240 25.922008 -81.305109 
-22.994207 26.579731 -82.041404 
-22.759815 26.650398 -83.010975 
-23.005772 25.730234 -83.315612 
-22.819206 24.913427 -83.861523 
-22.811865 25.661518 -84.525078 
-21.924024 25.624922 -84.066386 
-21.437842 24.931919 -84.598716 
-40.549893 -12.905565 -36.658612 
-40.439954 -13.511422 -35.870672 
-40.432808 -13.914901 -34.955711 
-39.699058 -14.515255 -34.637611 
-39.975075 -14.789323 -33.716361 
-40.883316 -14.787592 -34.134805 
-40.748620 -15.706134 -33.763136 
-41.283791 -15.608346 -32.924071 
-41.554008 -14.718646 -32.556080 
-41.564830 -14.287978 -33.458526 
-40.825952 -13.751880 -33.866764 
-41.519443 -13.162205 -34.280713 
-42.320204 -13.057535 -34.870481 
-41.622597 -13.677128 -35.230272 
-42.221527 -13.700939 -36.030720 
-41.419333 -13.825691 -36.614605 
-41.280539 -14.706871 -37.066554 
-40.927288 -15.620664 -36.866065 
-39.930037 -15.582724 -36.802423 
-39.871987 -14.584574 -36.820470 
-39.443803 -14.653318 -37.721543 
-39.700775 -14.215348 -38.583023 
-39.139979 -13.791185 -39.294074 
-38.543685 -14.188666 -38.596620 
-38.165933 -15.054996 -38.269854 
-38.548442 -15.721642 -37.630113 
-38.524569 -14.893641 -37.069895 
-38.591569 -15.669065 -36.442019 
-38.820511 -15.872282 -35.490027 
-38.472529 -16.775516 -35.741179 
-37.734601 -16.312274 -36.231963 
-37.077713 -16.968920 -36.602523 
-36.953065 -16.926453 -37.593815 
-36.358125 -16.344517 -37.039381 
-36.128421 -15.983272 -37.943117 
-35.471171 -15.276741 -37.680751 
-35.413407 -14.955970 -38.626144 
-34.841326 -14.807540 -39.432799 
-34.266744 -14.023351 -39.667115 
-33.316957 -14.102675 -39.364440 
-33.432223 -14.453443 -38.435099 
-34.169095 -14.309069 -37.774663 
-33.475421 -14.919905 -37.392962 
-33.288711 -15.697109 -37.993873 
-33.338089 -15.669298 -38.992266 
-33.708405 -15.950041 -39.877732 
-34.448970 -15.439491 -40.314656 
-34.947706 -16.081518 -39.732364 
-35.612036 -16.816631 -39.867543 
-35.609107 -17.570637 -40.524405 
-35.146162 -17.686193 -39.645582 
-34.988451 -18.656364 -39.829688 
-34.505237 -18.261935 -40.611308 
-33.781767 -17.572378 -40.578099 
-34.121092 -16.926351 -41.261844 
-34.579679 -17.744226 -41.609377 
-35.522737 -17.935155 -41.881753 
-35.652797 -17.086092 -42.393785 
-36.426952 -17.708678 -42.279454 
-36.806464 -17.062156 -41.617653 
-36.950246 -17.760928 -40.916907 
-37.002034 -18.566992 -40.327349 
-37.682025 -18.102954 -39.759650 
-37.773518 -17.147004 -40.038555 
-38.100426 -16.298132 -39.623167 
23.745507 71.698435 -3.894172 
22.985734 72.337650 -3.775223 
22.228925 72.960739 -3.972706 
21.908620 72.652719 -4.868545 
22.249754 72.163157 -5.671014 
22.852012 72.944912 -5.832706 
23.115271 72.462105 -6.667925 
22.847926 71.528939 -6.427657 
22.111350 71.016118 -6.868644 
22.572566 70.278968 -6.374792 
22.715400 70.470920 -5.403838 
22.210490 70.939476 -4.678909 
22.460919 70.179408 -4.079259 
23.445300 70.328078 -4.173551 
23.900640 70.552881 -5.035020 
24.748458 70.287144 -4.576121 
24.708735 69.307821 -4.774488 
24.615414 69.108453 -3.799017 
24.524224 68.165201 -4.118329 
24.440316 68.353759 -3.139858 
24.259392 69.254381 -2.744704 
24.782463 69.415172 -1.907720 
25.509871 68.928985 -2.391971 
24.783874 68.413836 -1.936396 
24.259884 68.335109 -1.088317 
24.885003 68.275970 -0.310032 
25.102738 67.409750 -0.759759 
24.868483 66.706116 -1.430597 
24.183302 66.832136 -0.713209 
23.820408 66.612934 -1.618890 
23.627689 66.143100 -2.480351 
24.018317 65.425372 -3.056785 
23.653860 64.917043 -2.276546 
22.934005 65.442720 -1.823257 
22.095684 64.927507 -2.001511 
21.100155 65.005625 -2.054609 
21.633278 65.832957 -1.877684 
20.689349 65.960757 -1.573276 
19.994412 66.669557 -1.694382 
19.022688 66.841223 -1.532261 
18.734977 67.599673 -2.117047 
18.107121 67.829677 -1.373477 
17.995648 68.511562 -2.096393 
18.738428 68.924980 -1.569739 
18.142418 69.334721 -0.879171 
18.980340 69.678761 -0.455469 
19.947926 69.426290 -0.461461 
20.031618 69.070838 0.469479 
20.251628 68.180488 0.868065 
20.331497 68.861546 1.595925 
19.636261 69.450819 2.007513 
19.305102 69.544658 2.946410 
19.970246 70.288897 3.007171 
19.164838 70.695583 2.575983 
18.668958 71.128759 3.328620 
18.767858 71.604512 4.202621 
19.305371 72.213937 3.619800 
18.538926 72.313202 2.985206 
18.540430 71.510277 2.389128 
18.467450 71.641751 1.400498 
17.523591 71.834905 1.132502 
17.374801 71.058770 1.745263 
16.449200 71.266012 2.061984 
15.650956 71.608379 2.557557 
16.093890 72.496176 2.682563 
16.367727 72.227402 3.606020 
16.928988 71.774606 2.913226 
17.398399 72.507019 3.406405 
17.657189 73.301279 3.956113 
20.443907 17.256755 -26.041132 
20.152257 16.577762 -25.367405 
20.693292 15.821766 -24.998962 
21.246328 16.589427 -25.322765 
21.578416 15.852457 -25.911487 
21.718894 15.633195 -26.876987 
22.190903 14.772414 -26.686554 
22.805854 14.365984 -27.362312 
23.301753 15.067496 -26.850488 
23.594073 15.329046 -25.930628 
24.398062 15.697945 -26.397013 
24.535636 16.221517 -25.556213 
25.367973 16.696423 -25.842009 
26.343423 16.831692 -25.668231 
26.492490 15.891526 -25.361853 
26.803420 16.368136 -24.539561 
26.622787 15.535575 -24.015907 
26.037242 16.115878 -23.449881 
25.241307 15.534749 -23.280240 
25.265632 15.197542 -22.339124 
25.769597 14.746310 -21.602639 
26.468645 15.335891 -22.007270 
27.196966 14.673215 -21.832888 
27.178881 13.687418 -21.665922 
27.615187 12.826508 -21.927590 
27.714439 11.859464 -22.162059 
28.083985 12.123757 -23.052892 
28.154276 11.138392 -22.897603 
28.081592 10.193101 -22.579574 
28.116101 9.632194 -21.752415 
28.304301 8.703489 -21.432904 
27.962671 7.811285 -21.728306 
27.786635 6.839978 -21.568389 
27.037586 6.635942 -22.198702 
26.957489 6.287581 -21.264770 
27.658967 5.633359 -21.547476 
28.024595 4.992807 -22.222761 
27.760983 5.524324 -23.027744 
27.533777 6.303586 -23.611807 
27.895228 5.644534 -24.271356 
27.243207 5.338666 -24.965123 
26.834516 5.090978 -25.843543 
26.073186 4.517857 -25.540377 
25.897908 5.466627 -25.277484 
26.158976 5.860577 -24.396208 
25.539080 6.259873 -23.720715 
25.123119 6.246203 -24.629994 
25.329290 7.184779 -24.906703 
25.898874 7.937616 -25.236567 
26.666427 8.409828 -24.803117 
26.855140 7.435344 -24.681592 
27.332517 6.637521 -25.049817 
27.584829 7.334338 -25.721222 
28.495249 7.002077 -25.474770 
29.158961 7.634582 -25.874047 
29.629578 7.518717 -24.999350 
29.009122 6.908139 -24.507182 
28.713218 7.490527 -23.750040 
27.733143 7.298843 -23.697962 
27.011039 7.986948 -23.626701 
26.060258 8.081138 -23.921903 
25.157031 8.313228 -23.560911 
24.712160 8.388149 -24.453366 
24.547619 8.685970 -25.393701 
46.602007 -3.994665 45.493028 
47.431646 -3.871948 46.037674 
47.023617 -4.771790 46.191932 
47.098317 -5.281334 47.049128 
46.453619 -5.573594 47.755490 
45.537603 -5.502127 47.360765 
45.211626 -4.930379 48.113655 
45.117890 -5.696452 48.749536 
44.706593 -5.958426 49.622580 
43.857776 -5.811946 50.130568 
43.623136 -4.841596 50.188584 
44.613070 -4.715878 50.123585 
44.594147 -3.719116 50.201726 
44.932741 -2.910571 50.682985 
45.355160 -2.557976 51.517993 
45.393456 -3.056033 52.384291 
45.837997 -2.920612 53.269754 
44.846858 -3.051620 53.247820 
44.472370 -3.515553 52.444997 
44.619255 -3.641062 51.463838 
44.944698 -4.412373 52.010799 
45.924734 -4.605496 51.963547 
46.526143 -5.208378 51.439295 
46.136426 -5.515673 50.571141 
46.614673 -6.368136 50.359987 
46.729688 -5.622754 49.703347 
46.172887 -5.911540 48.924517 
45.980250 -6.736664 49.455611 
45.269159 -6.608121 50.146861 
44.882975 -7.430447 49.728959 
44.002836 -7.220481 49.303202 
43.535098 -6.870242 50.114716 
42.832349 -6.195860 49.888103 
42.961760 -6.782511 49.088669 
42.263417 -6.174461 48.711056 
41.773846 -6.259677 47.843267 
41.515411 -5.337433 47.555728 
42.451545 -5.178924 47.869620 
43.004589 -4.347584 47.924541 
43.634958 -4.794214 48.559488 
43.095822 -4.089902 49.021306 
43.346181 -3.287264 48.479925 
43.224227 -2.906787 49.396639 
43.251244 -3.071786 50.382563 
43.159796 -3.793393 51.068799 
42.700035 -2.969572 51.400368 
42.037090 -3.017274 52.147515 
42.473514 -2.687951 52.984820 
42.751780 -3.548510 53.411441 
42.850881 -3.385379 54.393056 
43.649940 -2.828897 54.620722 
43.404002 -2.227164 55.380611 
43.700833 -1.358919 55.778158 
44.452498 -0.734772 55.991324 
43.742693 -0.434586 55.354091 
43.429028 -0.032093 54.494083 
43.254767 -1.016099 54.531033 
43.803163 -1.392887 53.784512 
44.312371 -1.263812 54.635421 
44.590267 -0.306845 54.719021 
45.243733 0.268726 54.227391 
46.189365 0.559863 54.372368 
46.260538 1.232681 53.635992 
38.901707 10.029515 10.257328 
38.375811 10.694325 10.787856 
37.707779 11.368721 11.102379 
37.991659 12.225196 10.671262 
38.239519 12.776027 11.468226 
37.416292 13.220824 11.821005 
37.460574 14.217233 11.893176 
38.150961 14.778031 12.350200 
38.617619 15.363485 13.013129 
39.614121 15.447042 13.011950 
39.936620 16.220278 13.557936 
40.549443 16.966975 13.816569 
40.460634 17.898242 13.463221 
41.001382 18.718325 13.650455 
41.765392 18.372253 14.194995 
42.202191 18.250232 15.086240 
43.168476 18.373222 14.860040 
43.770755 18.223699 14.075882 
43.175028 17.902581 13.339680 
43.322695 17.046895 12.843701 
43.085379 16.102878 13.072859 
43.290356 15.937010 12.108248 
42.365676 15.559365 12.059762 
42.418470 16.526593 11.811401 
41.966127 16.572966 10.920763 
42.753086 16.736947 10.325948 
43.458708 16.029767 10.281298 
43.593919 15.987665 9.291376 
44.356553 16.596012 9.511158 
44.512084 17.557260 9.738782 
44.550104 18.508680 10.044320 
44.583601 17.890675 10.829780 
43.636698 17.908185 11.150822 
42.877122 18.549057 11.039787 
43.569277 18.814557 10.368645 
44.306540 19.273481 10.864459 
43.701881 18.906027 11.571117 
42.983909 19.541878 11.854330 
42.933783 19.236267 12.805165 
41.976871 19.281676 12.518358 
41.358731 20.029782 12.277029 
41.399426 20.052440 11.278114 
41.464587 20.503212 10.387856 
41.507653 19.901714 9.590143 
40.927270 19.954228 8.777495 
40.146557 19.344626 8.640120 
39.507822 19.636147 7.928057 
38.559144 19.951973 7.944258 
37.812093 20.612041 8.023165 
38.001601 21.238055 8.779599 
37.539633 21.393604 9.652749 
36.990292 21.652982 10.447071 
36.147666 21.930285 9.985462 
36.052419 21.138476 9.382166 
35.213365 20.656550 9.634624 
34.637886 19.949426 10.045478 
33.845618 20.559493 10.034112 
33.123298 21.229406 9.862445 
32.547439 20.698323 10.484005 
32.794089 21.054898 11.385125 
32.790788 21.252797 12.365342 
32.994013 20.979842 13.305658 
32.542877 20.154164 13.644381 
-46.823693 43.979335 -20.018472 
-46.453148 43.465298 -20.792076 
-45.946688 43.576323 -21.647162 
-45.273034 42.913390 -21.973828 
-46.219442 42.687520 -22.204684 
-46.995375 42.698393 -22.835405 
-46.289767 43.118247 -23.406228 
-45.405070 43.579403 -23.338058 
-44.731958 43.024262 -23.826667 
-44.398987 42.763078 -22.920624 
-44.050836 41.921592 -23.333774 
-43.258654 42.453770 -23.035050 
-42.656599 42.995844 -22.448804 
-41.740939 42.732449 -22.752434 
-41.115037 43.497626 -22.601601 
-41.835689 44.177605 -22.736841 
-41.814953 44.979537 -23.333896 
-42.262073 44.144238 -23.653832 
-42.297745 43.895038 -24.621627 
-41.586905 43.370066 -25.089721 
-42.311004 43.615564 -25.734246 
-43.202346 43.995042 -25.982245 
-43.130439 44.946384 -26.281876 
-42.565547 44.661238 -25.507545 
-42.440673 45.653129 -25.483910 
-41.525417 45.318395 -25.708096 
-41.190012 44.488987 -25.261346 
-41.189038 44.161520 -26.206208 
-40.285226 44.086706 -25.784869 
-40.166045 44.766564 -26.508464 
-40.074124 45.656544 -26.955102 
-41.070529 45.622315 -26.877608 
-41.487817 46.236373 -27.547536 
-41.135164 47.171508 -27.581572 
-40.931402 47.722778 -28.390635 
-40.852800 48.486218 -29.031713 
-39.870173 48.565224 -29.199649 
-38.907581 48.330191 -29.334472 
-38.512580 47.576466 -28.809236 
-38.297161 47.492753 -29.782163 
-39.289863 47.394284 -29.851786 
-40.279063 47.388089 -29.998226 
-41.080950 47.953198 -30.192207 
-40.469040 47.840913 -30.975123 
-40.984535 46.988913 -30.883693 
-40.935959 46.165200 -30.318770 
-41.192607 45.306853 -29.874504 
-40.224919 45.071000 -29.963689 
-40.386161 45.718546 -29.218918 
-40.182171 44.853922 -28.759774 
-39.619793 44.944273 -27.937845 
-38.900728 45.365491 -27.385106 
-38.863596 46.274567 -26.970132 
-38.675536 46.083629 -26.006713 
-39.157995 46.942055 -26.180890 
-39.361911 47.917229 -26.094560 
-40.132471 47.319418 -26.315602 
-41.067438 47.452811 -25.986901 
-40.837385 46.585745 -25.545005 
-40.846251 47.014410 -24.641585 
-40.362206 47.824588 -24.972208 
-39.903139 46.936227 -24.980649 
-39.353526 46.616855 -24.208686 
-38.690951 46.928473 -24.889779 
-38.468843 46.070457 -24.426664 
-38.367973 46.383724 -23.482371 
10.533707 -17.328365 65.058828 
9.886711 -17.692364 64.388827 
10.086073 -18.642538 64.149192 
10.806276 -18.152922 63.657680 
10.914127 -17.208449 63.347296 
11.210372 -17.760235 62.567699 
11.577817 -17.639724 61.645495 
12.041067 -17.607526 60.759852 
12.235119 -18.452548 60.261573 
11.315953 -18.820109 60.403111 
11.181048 -19.505270 59.687321 
11.222782 -20.504391 59.691271 
11.333453 -21.470157 59.925896 
10.788814 -21.501849 60.763968 
10.348117 -21.301516 59.888952 
9.405605 -21.371035 59.562090 
9.398898 -21.432672 58.564014 
8.662869 -22.108985 58.534663 
7.838055 -21.543583 58.536484 
7.223173 -21.802370 57.791535 
6.885894 -21.803336 58.732939 
6.750868 -21.675559 59.715508 
6.733334 -22.045811 60.644274 
5.863389 -21.853039 61.098185 
6.385208 -21.855012 61.951239 
7.353347 -21.606722 61.918720 
7.406060 -22.604821 61.950632 
7.999667 -22.955304 61.226206 
8.938621 -22.631003 61.341071 
9.325463 -23.531514 61.142490 
8.876551 -24.342910 61.516807 
8.236804 -23.698615 61.935863 
8.826247 -23.434326 62.699217 
8.212273 -22.817369 63.191558 
8.702496 -21.967371 62.998724 
9.202490 -21.101661 63.022211 
9.050024 -20.127760 63.190354 
9.635795 -20.016783 62.387511 
9.824969 -20.029251 61.405647 
10.744022 -20.331222 61.658934 
11.521423 -20.272756 62.285216 
12.429644 -20.684148 62.208458 
12.952309 -20.974689 63.009961 
13.700117 -20.586779 62.471156 
13.253268 -19.763907 62.822168 
12.652175 -19.008263 62.561997 
12.324055 -19.598040 63.299900 
12.993854 -19.360401 64.003389 
12.421769 -18.579856 63.751461 
12.682524 -17.683956 64.111141 
13.566093 -17.692050 64.579372 
14.197502 -17.745898 63.805794 
14.650145 -17.829375 64.693570 
15.547987 -17.424732 64.867185 
15.507955 -17.544993 63.875251 
40.731107 -35.742565 13.282928 
41.189489 -34.867537 13.438531 
41.005724 -34.048021 12.895737 
41.848475 -33.666318 13.275308 
42.530475 -33.406954 12.591491 
43.093599 -32.767997 13.115538 
43.823889 -32.920697 12.449687 
44.505077 -33.195258 13.128361 
45.362800 -33.709138 13.112868 
45.737929 -32.884701 12.689096 
45.485561 -32.795997 13.652653 
45.458541 -31.942408 13.132406 
45.975818 -31.913101 13.987722 
46.555859 -32.696992 13.766211 
46.633102 -33.512845 14.339288 
47.609116 -33.694793 14.458833 
47.881520 -32.841018 14.015140 
48.358312 -32.772519 14.891483 
48.970494 -32.847116 15.678674 
49.897318 -33.196486 15.541066 
49.568780 -32.599431 14.809227 
50.092362 -32.540989 13.959258 
49.361441 -32.782453 13.320941 
48.899547 -31.906154 13.457888 
49.155127 -30.940761 13.509807 
49.573214 -31.181996 14.385597 
49.456332 -30.979019 15.357780 
49.682418 -31.777012 15.916433 
50.650800 -31.994456 16.038719 
51.266100 -31.342388 15.595758 
52.039795 -31.097956 15.011252 
51.198947 -30.857598 14.526276 
51.776998 -30.043599 14.583396 
51.985484 -29.868777 15.545670 
51.688372 -30.527496 16.236911 
52.254198 -31.066030 16.861268 
52.595727 -30.274801 17.368531 
53.514125 -30.590199 17.129640 
54.354404 -31.130038 17.179687 
54.855663 -31.973178 17.374248 
55.497297 -32.734657 17.466201 
55.092814 -33.442717 16.887370 
55.496083 -32.787998 16.248060 
56.048383 -33.327096 15.612184 
56.572329 -33.551122 16.433946 
56.657267 -32.573929 16.628572 
57.568089 -32.887235 16.359792 
57.545149 -32.263355 15.578608 
57.301495 -31.349519 15.253744 
57.308109 -30.670889 14.519293 
57.784616 -29.835817 14.794239 
57.951629 -28.934411 15.193706 
21.120827 -38.620665 -6.019172 
20.900296 -38.168178 -5.155100 
21.291043 -38.091457 -4.237804 
21.845160 -38.860149 -4.557282 
20.998965 -39.392648 -4.537317 
20.502081 -40.014916 -5.142204 
19.576224 -39.643852 -5.213622 
18.703994 -39.450855 -4.764214 
18.353378 -40.128363 -5.410783 
17.696928 -40.842470 -5.653938 
17.574945 -41.663412 -6.211768 
18.226488 -42.100587 -5.591792 
18.697446 -42.537200 -6.358322 
18.584737 -41.543705 -6.342092 
19.140078 -40.879501 -6.842521 
19.518720 -39.954166 -6.822873 
19.102289 -39.066482 -7.019350 
19.546554 -38.687417 -7.831100 
20.246651 -38.867408 -7.140110 
20.996352 -39.428116 -6.788608 
21.586715 -39.760861 -6.053249 
21.974817 -40.223376 -5.256093 
22.884347 -40.626341 -5.154243 
22.821263 -39.674423 -4.854454 
22.608911 -40.269620 -4.079439 
21.677419 -39.923900 -3.966299 
21.947710 -39.757154 -3.018070 
22.234000 -38.801526 -3.087450 
21.515043 -38.237167 -2.681739 
21.654902 -37.255349 -2.553392 
20.951363 -37.240131 -1.842899 
19.987290 -37.132891 -2.085924 
20.104973 -36.204854 -1.732516 
21.057536 -35.905237 -1.679101 
21.429440 -35.620943 -0.795435 
21.035522 -34.765919 -1.132723 
21.119465 -34.709501 -2.127596 
20.737639 -34.091983 -2.815259 
20.365684 -33.494377 -3.525552 
20.859764 -32.951545 -4.204682 
20.533581 -32.254046 -4.842726 
21.494498 -32.484754 -4.995735 
20.884678 -33.145543 -5.433317 
20.686859 -33.045658 -6.408453 
20.182178 -32.470359 -7.052136 
19.902957 -31.993629 -7.885661 
19.206381 -32.585541 -7.480170 
19.727694 -33.326311 -7.903835 
20.654347 -33.659045 -7.728896 
20.838747 -32.801581 -8.209263 
-10.830493 34.085035 45.372628 
-11.515361 33.867172 46.067963 
-10.877566 33.097188 46.049481 
-11.016652 32.113853 46.166565 
-10.890081 31.886057 47.132013 
-11.674207 32.502483 47.203882 
-10.885488 33.033359 47.513870 
-10.744991 32.930844 48.498630 
-11.499950 32.278481 48.431853 
-12.148434 33.038587 48.390535 
-13.081528 33.347725 48.574300 
-12.727860 33.258972 49.505450 
-11.811634 33.067111 49.857190 
-12.075668 33.343302 50.781314 
-12.142797 34.167576 51.343512 
-12.822647 34.778735 51.748837 
-12.200420 34.519948 52.487662 
-12.302824 35.514646 52.497105 
-12.751625 36.316617 52.102871 
-13.669924 36.398953 52.490102 
-13.345719 36.847064 53.323220 
-14.338967 36.794334 53.426555 
-14.210131 37.784098 53.365175 
-13.788231 37.902646 54.264034 
-14.469569 37.218739 54.524900 
-14.438933 37.328941 55.518337 
-13.651868 37.942842 55.457892 
-14.204237 38.749286 55.668927 
-14.227019 38.852481 56.663328 
-13.418274 39.083942 57.204028 
-13.737922 39.741465 57.886295 
-14.663723 40.104423 57.991906 
-14.817943 40.575369 57.123329 
-15.341694 40.904495 57.909051 
-15.596523 41.768917 57.475649 
-16.171697 42.562650 57.277756 
-16.541253 42.455410 58.200755 
-16.336137 42.332348 59.171725 
-16.894555 41.505992 59.244566 
-17.626858 40.958808 59.649933 
-17.084291 40.198513 60.007106 
-16.114287 39.961671 60.061865 
-16.263685 39.275004 59.350410 
-16.089314 38.811161 58.481822 
-16.560384 38.098493 57.962017 
-16.936594 38.970397 57.648569 
-17.294503 39.633611 56.991265 
-17.514828 38.822862 56.448916 
-21.569293 81.714835 20.693028 
-20.709414 81.374163 20.312829 
-20.282238 81.343208 19.409191 
-20.743244 80.559930 18.992120 
-19.760626 80.420576 18.869477 
-18.830312 80.060568 18.799395 
-19.092666 79.156346 18.462419 
-19.091704 79.275277 17.469517 
-18.437813 78.524651 17.374715 
-18.045127 77.909068 18.057983 
-18.672613 77.266339 17.618484 
-19.630075 77.509147 17.462567 
-20.207813 78.307130 17.290980 
-19.706570 78.349203 18.155263 
-19.890132 78.117530 19.110581 
-19.660360 77.281867 19.609451 
-19.352965 76.577276 20.249030 
-19.231998 77.122756 21.078378 
-18.784173 76.479706 21.699618 
-19.339757 76.142864 22.459792 
-18.944322 75.493065 21.810645 
-18.376116 74.780323 22.221912 
-17.535862 75.137560 22.629779 
-16.719023 74.599924 22.838873 
-16.706032 73.625650 23.063867 
-15.834844 73.189519 23.289299 
-15.040521 72.898903 23.822774 
-14.060755 72.698783 23.819535 
-13.511529 73.113466 24.545061 
-14.164347 73.215768 25.295636 
-13.591211 73.624759 26.005734 
-12.859247 74.164044 26.422149 
25.345707 49.791835 43.807828 
25.018351 50.676848 43.476784 
24.325735 50.020583 43.776117 
23.712759 49.493282 43.187718 
22.751703 49.677860 43.393396 
22.440765 50.421635 42.801689 
23.247714 50.736424 43.301430 
23.942808 51.066387 43.940154 
24.768256 51.630776 43.930081 
25.396174 52.219913 43.421517 
26.335912 51.878035 43.418226 
26.477458 51.948142 42.430780 
26.419150 52.879974 42.788957 
27.145512 53.127005 42.147573 
27.454104 54.074508 42.063854 
27.569287 53.859262 43.033598 
27.455055 53.430700 43.929860 
28.221372 53.328294 44.564108 
29.094623 53.354651 45.050666 
29.564417 54.207821 45.277371 
29.507065 54.417768 46.253400 
28.556667 54.140188 46.113074 
27.873257 53.751673 46.731142 
28.473055 53.252963 47.356867 
28.331151 52.808301 48.241253 
28.688050 53.674090 48.592014 
29.288302 54.292464 49.099272 
28.893732 55.211300 49.106594 
29.498875 55.994221 48.962251 
30.472916 56.219896 48.980028 
30.115905 56.400101 49.896580 
30.560590 56.233812 50.776696 
30.755544 56.110910 51.749777 
31.219764 55.473611 51.134675 
31.611008 54.895625 50.418532 
31.143069 55.730006 50.127256 
30.446742 55.321609 49.537051 
30.968245 54.475125 49.429819 
30.605366 54.084536 48.583794 
30.518367 53.331350 47.931764 
29.606819 53.167256 47.554731 
29.378286 52.681544 48.398447 
30.285279 52.659883 48.819037 
29.976090 51.710302 48.870969 
29.068828 51.599831 49.276767 
28.355251 52.290024 49.156595 
28.142693 51.953862 50.074100 
28.644041 52.259486 50.883572 
29.299051 52.471486 50.158302 
30.279760 52.493394 49.964059 
30.678772 52.666122 50.864589 
31.672541 52.702205 50.759128 
32.425693 52.056360 50.634041 
32.091538 51.143134 50.400895 
31.731797 51.423259 49.510886 
32.690233 51.506254 49.237916 
32.638076 51.959080 48.347844 
33.183081 52.215544 47.549598 
33.819798 52.087314 46.789237 
33.889454 53.014944 46.422290 
34.104795 53.032796 47.398665 
34.942142 52.691815 46.971369 
35.100215 51.780059 47.350466 
35.283715 51.073220 48.033625 
35.159484 51.781764 48.728270 
34.759747 51.159837 49.401632 
35.331355 50.954067 50.195939 
35.262158 50.559686 51.112277 
34.379802 50.895434 50.782549 
34.816007 51.774838 50.973266 
34.185714 52.074537 50.257088 
34.903858 52.704862 50.551979 
35.185832 53.651765 50.706461 
35.831655 54.387233 50.501525 
35.871509 55.033699 51.263427 
35.467396 55.412118 50.430665 
36.353319 55.805307 50.676720 
36.125986 56.395546 51.451276 
36.829728 57.105537 51.425591 
36.864903 58.085770 51.230897 
37.513584 58.825588 51.409457 
37.772058 59.132817 50.493596 
38.557913 58.759079 50.986296 
38.638626 59.528591 51.619807 
39.472379 60.013261 51.355325 
39.318884 60.042219 50.367600 
38.357243 60.146514 50.113888 
38.632235 59.969629 49.168853 
37.648196 59.803921 49.103972 
37.103258 60.642385 49.108507 
Snapshot 5000 43.930461
-3.316088 -1.795466 1.449779 
-1.881884 -2.036184 0.309745 
-1.025327 -2.516469 0.412863 
-0.502751 -3.227953 1.322862 
0.805481 -2.930856 0.644181 
0.347667 -3.269974 0.410182 
0.409545 -3.040279 1.558128 
-0.257699 -3.039954 2.462900 
-0.698323 -2.806536 3.169718 
-1.228543 -3.086987 1.935751 
-2.172359 -2.817374 0.703685 
-1.269585 -2.982125 0.338849 
-1.793590 -2.643657 1.506739 
-1.523577 -2.257346 2.164571 
-1.480577 -1.683929 2.517043 
-0.185494 -2.423532 1.809280 
1.137993 -2.729540 2.390532 
0.677509 -2.923019 2.992372 
-0.242459 -3.474884 2.672175 
-0.179232 -4.085876 1.320990 
-0.668864 -3.604901 0.639918 
-0.908976 -3.295528 1.863015 
-0.509190 -3.234061 2.056848 
-1.000625 -2.668937 2.010338 
-0.319903 -2.064079 2.556317 
0.336968 -1.783351 2.498677 
0.292229 -2.288058 2.963802 
1.088535 -2.205122 3.037675 
0.864296 -2.383637 2.720130 
1.049877 -2.527616 1.198547 
0.421960 -2.241057 -0.380642 
0.785891 -1.780190 -0.623512 
1.578241 -1.924839 0.010846 
2.037527 -2.120240 0.817730 
1.289899 -1.923178 1.240010 
1.206665 -2.340977 2.003256 
0.939764 -3.239042 1.519423 
0.950835 -3.653192 0.628177 
1.439498 -4.762034 0.256964 
2.716409 -4.415868 -0.335068 
2.571525 -3.697754 -0.625363 
2.332563 -3.302696 -1.256696 
2.917094 -4.417029 -1.269726 
2.243712 -4.640145 0.043628 
1.524665 -2.937266 0.255681 
1.820624 -1.659958 -0.403202 
2.517747 -1.606257 -0.468686 
2.307569 -2.510701 -0.627527 
2.596811 -3.089869 -0.698177 
2.774917 -5.058138 -0.104543 
3.576092 -4.811716 -0.619398 
2.946237 -4.797379 -1.046542 
2.374381 -4.596725 -2.219578 
1.018673 -4.397184 -2.768985 
1.127431 -3.883094 -2.322069 
2.015286 -4.325353 -2.329443 
1.171131 -4.839129 -2.730637 
0.796741 -4.218820 -2.300661 
1.978122 -3.908687 -2.250197 
1.977889 -3.676203 -2.167828 
1.507097 -3.757697 -2.251329 
0.517200 -3.927587 -2.145978 
-0.885013 -4.025041 -1.972027 
-0.419664 -4.262000 -2.213911 
0.149461 -4.238339 -2.490680 
0.653318 -3.602252 -1.018152 
0.291164 -3.812288 -0.784899 
0.752741 -3.807536 -1.377724 
1.704652 -3.805369 -1.429479 
0.588387 -3.200215 -0.814425 
1.953127 -2.935121 -0.446100 
0.914044 -2.533007 0.071249 
-0.343894 -2.978850 -0.157160 
-0.546472 -4.113543 -0.931284 
-0.657000 -3.987319 -0.537933 
-0.747401 -3.332448 -0.165461 
0.336268 -3.198176 -0.065002 
1.199718 -3.173324 -0.531358 
0.760514 -2.992110 -0.487415 
0.080771 -3.362597 -0.839846 
-1.240827 -2.344460 -1.293628 
-1.694324 -3.466865 -1.092701 
-1.982747 -3.906743 -1.176936 
-1.426090 -3.153710 -0.137774 
-1.791289 -3.574319 -0.295423 
-2.180490 -3.885120 -1.076906 
-1.119111 -3.675737 -1.155051 
-1.311364 -2.219259 0.068461 
-0.810311 -1.580337 0.416515 
-1.072661 -2.279902 -0.236411 
-2.728977 -1.986193 0.010400 
-2.995527 -2.142334 -0.462588 
-2.843480 -3.003036 -1.292759 
-2.191444 -3.429192 -1.480631 
-1.439426 -2.369810 -1.171640 
-1.234408 -3.483008 -0.661761 
-2.016792 -2.991998 -0.875847 
-3.059744 -2.563427 -1.338511 
-2.596389 -2.863590 -0.764488 
-2.678576 -1.808184 -0.411311 
-3.576307 -1.742424 -0.364383 
-3.111455 -1.936019 -0.061747 
3.728192 5.166927 -4.893783 
2.615519 4.776842 -4.209916 
1.725997 4.483123 -3.922054 
1.001602 5.358153 -2.885159 
2.088327 5.112894 -3.009474 
2.636050 4.605200 -3.051344 
2.372631 4.222437 -2.737826 
3.406201 3.104546 -2.875549 
3.685855 1.770768 -3.005283 
3.432192 2.853372 -1.817321 
3.294559 3.802771 -1.469503 
2.981633 4.391957 -2.360304 
1.892223 4.785944 -2.084794 
2.586218 3.548724 -0.861465 
2.227548 2.542946 -2.308617 
1.342682 2.856402 -3.529546 
1.053108 1.210387 -4.312632 
1.965180 1.214972 -3.391736 
1.934898 2.554229 -2.957881 
2.265159 2.901929 -3.748240 
2.398464 3.391035 -2.844785 
1.960225 4.133878 -3.609816 
1.589267 4.114902 -4.001507 
1.336818 3.617078 -4.268343 
2.644830 3.836061 -3.715594 
2.795723 4.250118 -2.665204 
1.642113 4.859175 -3.067092 
0.882201 4.191558 -3.692698 
0.041944 4.565223 -4.129205 
-0.354531 3.996580 -4.521650 
-0.923366 4.083868 -4.449570 
-0.579416 5.269916 -3.087152 
-0.430805 6.243618 -3.026348 
-0.474488 6.818848 -2.327609 
0.481974 5.824855 -2.610934 
0.857352 5.257548 -2.710305 
0.385022 4.119587 -3.368490 
0.707591 4.199175 -2.601507 
-0.321271 3.749695 -2.949055 
-1.340671 4.256999 -3.614608 
-1.450398 4.812753 -3.717971 
-0.770582 5.083625 -3.563910 
0.189869 5.958771 -2.722836 
-0.598198 5.958870 -2.472238 
-1.001121 6.156033 -2.603209 
-1.391030 5.731458 -3.060897 
-1.839130 5.194973 -3.292638 
-0.731702 4.658342 -2.780290 
0.157093 4.923335 -2.096790 
-0.809406 6.197117 -2.656526 
-1.309158 6.962499 -2.181001 
-1.654798 6.548172 -2.734057 
-2.125043 6.378462 -2.438423 
-1.902338 6.298422 -1.724696 
-1.475261 6.143346 -0.917162 
-1.836851 6.388057 -0.725560 
-1.664188 6.822814 -1.525793 
-0.631258 6.873519 -2.064274 
-0.143698 7.146493 -1.802734 
-1.194127 7.052145 -1.874873 
-1.711793 6.402139 -1.011156 
-1.509853 5.520278 -0.841326 
-1.049811 3.740822 -0.619209 
-1.947347 4.486273 -0.760845 
-2.862240 4.937226 -0.595529 
-2.374334 4.943361 -0.494840 
-1.635562 5.412977 -1.741744 
-1.230062 5.733589 -2.333768 
-2.534948 4.891906 -1.843217 
-2.551372 6.028406 -1.185719 
-2.506105 5.879533 -1.483626 
-2.912209 5.967720 -1.187559 
-2.690200 5.725063 -0.644828 
-2.623223 4.690401 -0.022649 
-1.968201 4.603831 0.543075 
-2.195858 5.141400 0.922394 
-2.158058 5.310113 0.417665 
-2.453476 5.768066 0.338675 
-1.987158 4.538938 -0.052162 
-2.337904 3.825576 -0.763527 
-2.657715 3.454623 -0.670167 
-1.655947 2.372016 -0.542592 
-1.797312 2.692485 -0.513801 
-2.573853 3.616785 -0.383909 
-2.556791 4.056841 -0.146939 
-1.704743 4.065299 1.088528 
-0.844781 4.368620 1.567175 
-1.043862 3.693547 0.411361 
-2.053912 3.373024 -0.173644 
-2.807986 3.265458 0.319365 
-3.685795 3.637763 0.175138 
-4.223114 3.770479 0.124822 
-4.025310 2.953573 -0.370596 
-3.736804 2.297286 -0.754948 
-3.267868 2.900964 -1.508921 
-1.588013 0.285328 -0.954875 
-0.783531 -0.356479 -1.502237 
-1.815639 -0.620661 -1.347851 
-1.867477 -1.800418 -0.799686 
-0.972837 -1.712189 -1.966339 
-0.488889 -1.129065 -3.030523 
-0.854436 -0.593328 -3.973227 
-0.293428 -0.922256 -3.368104 
0.007675 -0.258953 -3.990430 
-0.071376 -0.530689 -2.803616 
-0.826415 -1.510441 -1.237062 
-0.463858 -1.744199 -0.855563 
-1.460889 -1.312582 -1.028006 
-1.090641 -1.187565 -2.472124 
0.538965 -1.141086 -2.333328 
1.018087 -1.715916 -2.684529 
0.330261 -1.908851 -2.940770 
-0.649971 -2.333861 -2.489338 
0.473076 -1.584573 -2.227881 
0.359698 -0.526823 -2.291341 
0.751282 0.951284 -1.804642 
0.624626 2.596298 -1.131113 
1.378805 3.413751 -0.841862 
2.824898 3.705082 -0.153568 
2.058125 4.050442 0.011959 
1.182398 3.965398 -0.293158 
0.512970 3.363393 0.354588 
-0.399489 3.168813 1.592696 
-0.729429 2.487926 2.409334 
-0.177807 3.123059 1.778720 
0.586131 3.677835 2.138213 
1.093309 3.869566 0.716073 
1.565026 3.560485 -0.218842 
1.379848 2.700259 -0.761074 
0.718034 2.019630 -0.515506 
0.635562 1.333132 0.531368 
0.765751 0.399149 2.015142 
0.572108 0.199410 2.895921 
-0.267095 0.676327 2.903690 
-0.545985 1.694147 2.951590 
-1.198990 1.753634 2.877057 
-0.154513 1.044308 2.552491 
0.904640 0.764508 1.510782 
0.973400 0.420627 0.287180 
0.349032 1.270989 -0.954539 
-1.255880 2.183847 -1.047848 
-1.166665 1.996639 -0.289455 
-0.074316 2.248980 -0.292305 
0.736899 1.759309 -0.107613 
0.987551 0.768709 0.103662 
0.953653 0.019201 0.266798 
0.342355 0.693800 1.034404 
-0.193115 0.444231 1.027936 
0.344075 1.052099 1.021740 
-1.039957 1.058960 1.248105 
-1.593797 1.045239 1.566207 
-2.231856 1.430900 1.083781 
-2.276340 1.789561 1.463435 
-1.643259 2.067207 0.827677 
-2.980026 2.246398 1.006113 
-3.270578 1.430373 0.925047 
-2.831810 0.480455 1.569441 
-3.119169 0.132481 1.763967 
-2.603799 0.417330 1.440905 
-3.171380 0.493038 1.370206 
-1.607245 0.921476 1.113231 
-1.699162 0.975349 1.910207 
-1.692082 1.456825 1.545839 
-0.732937 1.881173 1.090191 
-0.690678 1.551109 0.836202 
-1.356134 2.110484 0.735005 
-2.307280 2.661972 0.942941 
-3.334894 2.190964 0.909915 
-3.441148 1.059457 0.681459 
-3.800275 0.552961 0.406261 
-3.141627 0.769451 0.934232 
-2.648237 2.040850 0.997331 
-3.087359 2.290085 0.636246 
-3.923619 2.676767 -0.309295 
-3.478294 2.405248 0.660650 
-3.304654 2.948438 0.877517 
-4.062541 2.749681 0.126797 
-4.088091 1.907970 -0.546928 
-4.924038 1.606072 -0.026159 
5.303056 -1.595322 -3.699570 
4.092986 -1.403167 -3.931766 
3.359058 -1.816104 -3.769723 
2.403824 -2.943968 -3.980390 
1.056882 -3.829816 -4.276960 
0.442752 -3.301949 -3.786084 
2.237300 -2.978479 -3.817468 
2.375590 -2.098057 -3.070311 
2.311233 -1.226375 -3.470830 
2.780335 -0.023371 -3.806642 
3.536661 0.630641 -3.729807 
3.474979 -0.031711 -3.558479 
2.696237 -1.005441 -3.951255 
1.501081 -2.366670 -4.277501 
0.205469 -3.398944 -5.205427 
1.084524 -3.692777 -4.931508 
0.731513 -4.353177 -4.662360 
-0.302879 -3.892227 -3.677343 
1.042276 -3.399408 -4.081867 
1.932030 -2.674971 -3.541144 
0.967009 -2.726395 -3.541522 
-0.250659 -2.652413 -4.197720 
-0.796680 -2.243843 -4.270412 
0.094855 -1.732012 -3.811998 
0.518998 -2.257411 -4.130807 
0.692685 -1.784592 -4.067061 
0.593314 -0.536711 -4.982514 
-0.335263 -2.038940 -5.365348 
-1.455221 -2.749959 -5.474575 
-1.181717 -1.937695 -5.876803 
-0.485881 -1.402363 -5.060959 
0.780103 -0.963039 -5.394660 
0.645425 -1.504750 -4.892865 
1.010757 -2.406708 -4.907508 
0.208889 -2.484730 -4.931562 
-0.038453 -1.674560 -5.732451 
0.892963 -1.771495 -5.536099 
1.611841 -1.959171 -4.816608 
0.947062 -1.823390 -4.097555 
-0.052889 -1.278287 -5.433163 
-1.252648 -2.042010 -6.073637 
-0.805151 -2.183548 -5.577744 
-0.836306 -1.665033 -5.960295 
-0.806941 -0.529819 -5.644380 
-0.932436 0.601286 -5.975464 
-0.252530 1.217348 -5.666543 
-0.678442 -0.146115 -6.088708 
-1.739308 -0.436250 -6.328784 
-2.251702 -1.210298 -6.154235 
-1.711311 -1.047054 -6.016372 
-1.265352 0.399607 -6.137562 
-0.933006 -0.165140 -5.839544 
-2.519462 -0.297742 -5.371203 
-3.397029 -0.755505 -4.850089 
-3.805473 -1.619962 -4.285617 
-3.122080 -1.087177 -4.388766 
-3.062998 -1.611073 -4.481312 
-3.747164 -0.708508 -4.391430 
-3.767727 -0.574601 -5.255144 
-2.744608 -1.194742 -5.479007 
-1.860068 -1.421971 -4.877336 
-1.523708 -2.056180 -3.738256 
-2.308206 -1.933749 -4.077999 
-3.108018 -1.415765 -5.258336 
-2.809892 -0.445704 -4.521259 
-1.845951 -0.997125 -3.129902 
-0.475827 -1.037502 -1.662311 
0.370429 -2.448868 -1.183851 
0.180320 -2.887016 -1.312750 
-0.018419 -4.597635 -1.023681 
-0.367364 -4.846490 -0.964479 
-0.877411 -3.508884 -2.313992 
-1.701885 -2.522448 -3.248114 
-2.929590 -1.732513 -3.676353 
-3.403667 -0.705342 -3.761770 
-2.307188 -0.636373 -3.521015 
-1.612747 -0.353098 -4.053901 
-2.233622 -0.157637 -3.608469 
-3.063947 0.235503 -3.485749 
-2.997294 -0.930253 -3.027337 
-2.755096 -0.527622 -2.654712 
-1.882756 -0.393549 -2.581285 
-3.797433 -3.302722 1.129585 
-2.160745 -3.627010 0.850927 
-1.987398 -3.097508 1.290558 
-2.074963 -4.441165 2.338632 
-1.526661 -5.526508 2.180252 
-2.032975 -5.623366 1.618451 
-2.529955 -5.842448 0.788016 
-1.752628 -6.273081 1.091455 
-0.528802 -6.334304 1.700833 
0.606131 -6.919845 1.237286 
1.198806 -6.413346 -0.002961 
-0.313611 -6.311039 -0.358996 
-1.216737 -5.588609 0.982879 
-1.302421 -5.128675 2.548975 
-1.678210 -4.908483 2.541746 
-1.982675 -4.763376 2.069693 
-1.351513 -3.741577 1.379697 
-0.969709 -4.832846 1.837198 
-0.623630 -5.672196 1.113612 
-0.038822 -5.682038 1.709776 
-0.259833 -5.502281 2.110957 
0.890017 -5.491046 1.112763 
2.087353 -5.460931 1.040058 
1.811782 -6.100665 0.639204 
1.757217 -6.218007 1.423607 
0.687741 -6.749751 1.279745 
-0.370448 -6.732916 1.320392 
-0.594935 -6.121020 0.834917 
-0.800366 -6.993539 0.258792 
-0.211211 -6.813603 0.404022 
0.994987 -6.377731 0.354529 
2.099522 -5.242922 1.503667 
1.986163 -6.203542 1.387448 
1.344258 -5.939375 1.131554 
-0.037505 -5.667802 0.675475 
-0.050653 -6.295148 0.234451 
0.180210 -7.132114 -0.644862 
0.515189 -6.787059 -1.346106 
0.260202 -5.495443 -0.839885 
0.714814 -5.769300 -0.253864 
1.451582 -5.955468 0.222450 
1.108285 -6.654541 0.145991 
0.770993 -6.599704 -1.588812 
1.568227 -6.617940 -1.057823 
1.630246 -6.161657 -0.581718 
2.675535 -5.905380 -0.390374 
2.324144 -6.111790 -0.800241 
2.593119 -5.507098 -1.229324 
2.637769 -4.992078 -1.107681 
2.747478 -6.351142 -1.912413 
2.064818 -6.252801 -1.444705 
2.406207 -6.076602 -1.113077 
1.239720 -6.106602 -1.030228 
0.523628 -5.689320 -0.429818 
0.824060 -6.042431 -1.275726 
1.507192 -5.708065 -1.909539 
1.273968 -4.927048 -2.012400 
-0.205618 -3.759956 -2.074607 
-0.001994 -3.697379 -1.385565 
0.571242 -4.136134 -0.024378 
0.725024 -4.919616 0.408023 
0.792768 -4.707580 -0.280073 
1.134057 -4.759051 -1.417381 
1.858646 -4.116239 -0.975527 
1.605039 -4.619261 -0.766043 
1.554591 -5.538771 -1.407300 
1.547501 -5.442358 -1.814524 
0.731986 -5.177624 -1.828012 
0.779393 -5.799993 -2.668762 
0.710644 -5.081417 -2.312064 
0.973348 -3.700637 -1.379508 
0.088450 -3.220165 -1.748710 
-0.043698 -4.569478 -2.652119 
-0.168685 -4.987835 -3.174113 
-0.133873 -4.966389 -2.419323 
-0.311081 -5.677140 -2.574563 
-0.295584 -6.136468 -2.902528 
0.025806 -5.869156 -2.537628 
-0.056236 -6.687127 -1.168011 
0.075410 -8.139489 -1.522643 
-5.160689 -4.761085 2.602081 
-4.384046 -3.678694 2.502349 
-3.523797 -2.940778 2.208228 
-3.391781 -3.172443 3.517913 
-2.623395 -2.785776 3.080254 
-2.831712 -3.134931 3.058131 
-2.432090 -2.891707 3.723908 
-2.551877 -1.721757 4.212684 
-3.048902 -1.231974 4.080702 
-2.956658 -1.525352 4.358367 
-3.444674 -2.091055 3.403685 
-3.185339 -2.678478 2.521373 
-3.023760 -3.031570 2.233530 
-3.207219 -2.366951 3.540570 
-2.527372 -2.625698 4.002200 
-1.341939 -2.063452 4.154037 
-1.517064 -1.122746 3.738278 
-1.316681 -1.684521 3.884928 
-1.481881 -3.439388 3.123327 
-1.422223 -2.929728 4.434829 
-0.844557 -2.191204 4.514276 
-0.705792 -2.056590 5.325567 
-0.617389 -2.402385 5.455316 
-1.134227 -3.068941 5.192039 
-1.339954 -2.441381 4.482628 
-1.347921 -3.618479 3.485282 
-0.964756 -4.244279 3.795560 
-0.554826 -2.858021 3.725953 
-0.162245 -1.573623 4.220240 
0.043372 -2.462132 5.003136 
0.390192 -2.846704 5.596063 
0.109059 -3.662079 5.824481 
-0.449950 -3.574876 5.829968 
-0.177897 -4.248393 4.888144 
-1.002979 -3.638531 4.824931 
-1.108418 -3.992097 3.951514 
-0.078813 -4.077133 4.583200 
0.817930 -3.144292 3.818722 
2.376075 -3.726203 4.025869 
1.444475 -3.950278 4.469539 
0.475051 -4.474939 4.442738 
-0.546228 -4.647594 3.920169 
0.076186 -4.572486 3.864463 
-0.056177 -3.186176 3.665751 
0.357868 -2.492100 4.343795 
1.482909 -2.924096 4.009739 
2.236834 -3.157553 4.280694 
1.716009 -3.798443 3.509388 
2.277018 -3.534747 2.868566 
2.963291 -3.587324 3.854424 
2.602151 -3.737718 3.915926 
1.401021 -4.445492 4.357577 
0.660036 -4.654473 4.261488 
1.684102 -4.583636 3.480963 
1.124688 -4.960784 3.981035 
0.788589 -5.752051 3.310386 
0.223631 -5.863195 3.333405 
-0.385777 -5.658700 3.092229 
0.025989 -4.393084 2.990151 
1.164433 -3.913081 2.700616 
2.643796 -3.962274 2.216312 
2.208913 -4.227533 2.871443 
1.020094 -3.513137 4.191237 
0.868432 -5.246082 3.392881 
0.613233 -6.126786 3.096888 
0.702888 -5.358295 3.684778 
1.364453 -5.619458 2.702750 
1.814369 -5.786670 2.359096 
2.113903 -5.201965 2.743823 
1.878420 -5.485187 1.906216 
1.983815 -4.641142 1.002230 
1.831034 -5.678343 0.921080 
1.071981 -6.327443 1.837300 
1.211571 -5.963866 2.438008 
0.478735 -6.036474 2.096684 
0.603652 -6.196895 1.923025 
1.137259 -6.366099 1.406518 
0.338989 -6.165132 0.069465 
-2.369928 -1.645046 -2.765396 
-2.118317 -2.730579 -1.999176 
-2.737765 -3.486537 -0.420174 
-3.801467 -3.902803 -0.147532 
-4.889941 -4.040515 0.050370 
-4.388575 -3.927316 -0.655247 
-3.474614 -4.012180 -1.673284 
-3.225789 -4.557196 -1.257823 
-1.651452 -3.918118 -2.309066 
-2.502058 -3.650012 -2.134862 
-2.682251 -3.947270 -2.818930 
-3.812650 -4.735214 -2.640124 
-1.753953 -4.811020 -2.687746 
-2.309254 -5.379876 -1.896485 
-1.553816 -4.815883 -1.726767 
-1.435214 -3.692682 -1.420188 
-2.684489 -4.454013 -0.821226 
-2.185511 -5.201135 -1.020447 
-1.960033 -5.963060 -0.935726 
-2.483594 -5.469514 -1.464564 
-3.111894 -5.036330 -1.715152 
-2.745894 -5.029434 -1.348498 
-2.269451 -4.895479 0.087935 
-1.462743 -4.743473 0.194225 
-0.736015 -5.894767 -0.345488 
-1.454019 -6.545874 -0.966999 
-2.447279 -6.658027 -1.474437 
-2.833995 -6.005767 -1.768305 
-3.006330 -6.224891 -1.061663 
-2.217646 -6.540007 -0.205902 
-1.747467 -6.684532 -0.151377 
-2.588727 -6.997044 -0.863416 
-2.239672 -6.584724 -1.459947 
-2.339508 -6.320552 -2.600482 
-2.353193 -5.825669 -2.937795 
-2.888494 -6.132232 -3.441629 
-2.465361 -6.016338 -4.377641 
-2.122966 -6.549225 -3.287092 
-1.330880 -6.649405 -2.010723 
-0.908904 -6.626188 -1.528016 
-0.684049 -6.711574 -2.005259 
-0.903338 -5.982695 -1.030614 
-0.524624 -6.161086 -2.059063 
-0.576914 -5.252089 -2.978607 
-1.191496 -5.448156 -3.930582 
-0.970086 -6.318630 -3.918664 
-1.164326 -6.192997 -3.534289 
-2.012012 -6.753261 -3.424828 
-2.463487 -6.197672 -3.503690 
-2.073113 -4.923733 -3.354106 
-1.443736 -4.756257 -3.818200 
-1.233385 -3.841060 -3.013011 
-1.311001 -4.421397 -3.726180 
-1.775843 -4.228553 -4.321003 
-2.472831 -4.697773 -3.306977 
-3.331176 -3.683044 -3.629924 
-3.103380 -3.559616 -3.101909 
-2.032187 -4.045525 -2.613291 
-0.486748 -4.448554 -2.824585 
-0.103835 -5.534969 -3.415867 
-0.583243 -5.434064 -3.741893 
-1.072302 -5.698967 -4.024234 
-2.258649 -5.039789 -3.832995 
-1.829935 -5.664709 -3.973134 
-1.190965 -6.472976 -3.178019 
-1.195007 -5.865642 -2.572798 
-1.350631 -4.159201 -2.414380 
-0.975085 -4.662143 -2.809405 
-1.676576 -4.514162 -2.854709 
-1.670563 -4.015750 -3.509284 
-2.094003 -3.453882 -3.821733 
-2.376319 -3.786158 -3.887907 
-2.654575 -3.450380 -3.798044 
-2.267758 -3.920830 -3.305228 
-2.005380 -4.306954 -4.409357 
-1.876958 -3.517278 -4.311949 
2.730359 -0.306580 -5.573931 
1.662170 -0.145394 -4.445254 
1.552545 0.988635 -5.223065 
0.744809 0.790758 -5.882284 
1.229950 1.029733 -5.706685 
0.907288 2.104984 -5.069277 
0.458393 1.744223 -5.227348 
1.866840 1.444566 -4.534005 
2.576029 2.006513 -4.209998 
2.163203 2.042111 -4.155801 
0.807036 1.929239 -4.014930 
-0.036078 2.288602 -4.535748 
-0.785874 2.763873 -3.247103 
-0.665423 3.702560 -3.871533 
-1.240644 3.298328 -4.906213 
-2.351282 3.002416 -5.440287 
-0.709088 2.669242 -5.682562 
-0.258458 2.864379 -4.564398 
-1.108321 2.226400 -5.107571 
-1.100535 1.713637 -6.332163 
-1.035616 1.225893 -6.299884 
-0.688380 2.461326 -5.365034 
-2.406521 1.832657 -5.056016 
-2.356920 1.680693 -5.625270 
-2.624397 1.164943 -4.969662 
-2.034749 2.483282 -5.173267 
-2.979206 1.645054 -5.076684 
-2.989029 0.016141 -4.620292 
-2.846672 0.334601 -5.118159 
-1.728982 1.295550 -5.575485 
-1.544148 2.127184 -5.858034 
-2.066219 2.385764 -5.476832 
-1.980990 3.395956 -4.975783 
-2.394341 3.719558 -4.855868 
-2.346864 3.446484 -5.118017 
-2.945844 3.328061 -4.627930 
-2.367350 3.483415 -2.966610 
-1.813955 3.878774 -3.130631 
-2.879970 3.602071 -4.331869 
-2.316036 3.944544 -3.514039 
-1.887544 3.630281 -4.422883 
-1.987120 3.534768 -4.275752 
-3.631721 2.812932 -3.738169 
-3.674036 1.431452 -3.159845 
-3.540901 0.713937 -2.757746 
-3.538154 0.452624 -3.531646 
-4.062103 1.429660 -3.796705 
-4.301424 1.777654 -3.395410 
-3.906284 2.624682 -3.172725 
-3.340398 2.614559 -3.624211 
-3.497721 3.262754 -4.371726 
-3.955062 2.585526 -3.774584 
-3.719565 1.114178 -3.462612 
-4.267180 1.102667 -3.732660 
-3.500902 1.230940 -3.834754 
-2.759657 1.582238 -3.009265 
-1.609959 1.984072 -2.910281 
-1.519214 1.179139 -2.954935 
-2.050734 1.353618 -3.847480 
-1.835911 2.270590 -3.880004 
-1.355780 2.479758 -4.269116 
-1.553283 2.264867 -3.709448 
-2.152633 1.731020 -2.921331 
-2.926062 1.725878 -1.616183 
-2.601649 0.970789 -2.229261 
-2.292676 1.914162 -3.879497 
-3.228881 1.408855 -4.141017 
-3.872347 2.196291 -4.695881 
-0.653243 -5.028527 -6.399852 
-1.179272 -4.128199 -5.397891 
-2.098290 -4.398593 -4.713047 
-2.369545 -4.236292 -5.684355 
-2.276019 -4.439008 -5.325397 
-3.039410 -5.128487 -4.369851 
-3.255281 -5.141829 -3.653148 
-2.914057 -4.969399 -4.931079 
-2.648435 -4.118041 -5.519737 
-2.348133 -2.861888 -5.640890 
-2.027173 -2.472915 -5.138097 
-1.750358 -3.168680 -4.734304 
-1.855378 -3.023472 -5.712512 
-1.698085 -3.302755 -5.480785 
-3.208305 -2.667283 -4.875594 
-3.625757 -2.263356 -4.917786 
-3.219427 -2.677557 -4.745946 
-3.349868 -3.622556 -4.019326 
-3.359336 -3.495185 -4.329058 
-3.057077 -3.680356 -4.994411 
-2.779959 -5.368965 -4.734440 
-1.792430 -4.380186 -4.059753 
-1.717885 -3.462153 -3.850731 
-2.475733 -2.124809 -4.107858 
-3.405559 -2.607990 -3.930794 
-3.930014 -2.295484 -3.435345 
-4.307556 -0.966346 -3.184194 
-4.126676 -1.470174 -3.575928 
-3.830595 -2.433535 -2.952815 
-3.146910 -2.388124 -1.933995 
-1.610998 -2.452216 -1.727196 
-1.414434 -2.363335 -1.537808 
-2.526901 -1.001691 -1.036394 
-2.861384 0.100164 -1.204816 
-2.704576 0.345209 -2.135999 
-3.440631 -0.782587 -2.208060 
-3.952335 -1.061106 -2.559388 
-3.665926 -0.736650 -2.444285 
-4.596141 -0.229439 -2.441989 
-4.280445 -0.530518 -3.550075 
-4.505866 -1.681285 -2.201504 
-4.614171 -1.860021 -1.543255 
-4.812316 -2.523064 -1.698522 
-4.524609 -2.097132 -1.538053 
-4.598989 -1.809959 -1.788440 
-3.815250 -0.988377 -1.878453 
-4.368459 -0.862092 -1.695149 
-4.998434 -0.878613 -0.927419 
-4.721915 -0.288312 -0.436536 
-4.295306 -0.648695 -0.014655 
-3.778904 0.491679 -0.806779 
-4.210812 0.204671 -1.407831 
-4.069109 -0.167898 -2.060844 
-3.983134 0.505922 -1.643480 
-3.838068 0.628506 -0.411759 
-3.741607 -0.798656 -0.557483 
-2.949923 -1.140031 -1.669548 
-3.411200 0.035297 -2.142699 
-4.037186 0.111734 -1.715347 
-2.884435 -0.746456 -0.914450 
-3.690070 -0.516967 -0.036594 
-3.772549 0.683924 -0.062193 
-3.451363 1.089815 -0.919364 
-4.185185 1.430190 -1.957392 
-4.593945 1.425667 -2.400260 
2.380560 7.246069 -2.630990 
1.306739 6.399776 -1.837988 
0.949325 5.337214 -0.775989 
1.229414 5.835392 -0.634900 
1.636930 6.700865 -0.214449 
2.617562 6.324399 0.345646 
2.556642 6.434227 -0.390703 
1.613272 6.329502 -1.100547 
2.110007 5.798946 -1.644118 
1.900074 6.119419 -0.457551 
1.465507 6.109934 0.121870 
0.668882 5.647074 -0.237022 
1.640225 5.538216 -0.786398 
1.265021 5.715305 -1.588171 
0.828166 6.700451 -1.488498 
1.257266 7.296298 -0.616777 
1.392094 7.423630 -0.616761 
0.452819 7.425415 -1.025178 
0.464210 7.691109 -0.430668 
-0.186799 7.575487 0.448262 
-0.462304 6.584970 0.412130 
-0.862651 5.351463 0.164872 
0.211355 5.768919 -0.121335 
-0.626693 6.658488 0.157230 
-1.475563 7.065242 -0.778032 
-1.089806 7.223430 -0.677405 
-0.872753 6.989383 0.798500 
-1.307235 6.943928 0.275000 
-0.453698 7.491691 0.465865 
0.551711 6.876812 0.324890 
0.675930 6.115140 -0.369242 
-0.208138 5.795290 -1.343707 
-1.095189 5.646602 -0.230392 
-1.705113 6.642749 0.835674 
-1.858995 6.377765 0.667042 
-1.553386 4.951430 0.772969 
-1.308578 5.558021 1.474952 
-1.558997 6.439318 1.517297 
-1.536135 7.036273 0.525353 
-0.498224 6.822625 -0.095826 
-0.857391 5.341972 0.792190 
-0.256373 4.261615 0.618019 
-0.308477 2.658858 0.878187 
-1.325311 4.053436 0.949773 
-0.370646 3.928301 1.185578 
-0.810408 4.706012 1.041145 
-1.567521 4.992260 1.805870 
-1.548249 5.116141 1.507023 
-0.838481 4.795629 1.402560 
-0.842427 4.413563 2.110134 
-0.002577 4.766760 2.033747 
0.194539 4.562141 1.473473 
1.139024 3.767577 1.083116 
0.642210 3.720754 0.895955 
-0.616513 4.274848 0.396936 
-1.081595 4.140080 0.051714 
-0.392223 3.738389 -0.026811 
0.160594 3.872622 0.215297 
0.452891 2.889941 0.034399 
-0.383419 3.009770 -0.030566 
0.330804 2.808270 -0.148817 
0.431057 2.217786 0.336646 
-0.055204 1.560857 0.817103 
0.829967 1.998791 0.754822 
0.059486 1.984170 0.436010 
0.169097 2.144597 0.238612 
-0.748645 2.152789 0.063404 
-1.385154 3.101380 0.042089 
-1.264895 3.621199 -1.216347 
4.876712 1.136614 -1.893843 
3.462720 0.971722 -1.918684 
2.458062 0.675050 -3.080448 
1.813985 -0.631449 -1.869931 
1.976358 0.184964 -2.250613 
2.715831 1.727929 -1.587666 
3.193064 1.798113 -0.570855 
2.577338 0.833492 -1.644192 
1.018424 0.014493 -2.140122 
1.545194 0.001803 -2.985512 
1.248184 0.753157 -3.353666 
0.992695 1.517283 -3.138263 
-0.586483 1.620840 -3.815586 
-1.456177 1.120071 -4.279170 
-1.485232 1.418195 -4.468517 
-1.271390 0.540592 -3.970497 
-0.505998 0.584410 -3.997850 
-0.862969 0.474040 -3.380447 
-0.413680 0.972813 -3.038569 
-0.598338 1.541294 -2.664066 
-0.176896 2.031729 -3.228405 
-1.139708 2.134970 -4.008274 
-0.804331 1.415643 -4.083374 
-0.378305 2.036648 -3.458789 
0.686436 2.240603 -3.335915 
0.884390 0.753398 -3.307075 
0.485553 -0.994120 -3.231944 
0.854347 -0.344578 -3.857060 
0.562249 0.398796 -3.194428 
0.089291 0.969092 -3.172748 
0.292811 0.804059 -2.525070 
-0.243866 0.191540 -2.218658 
0.052578 0.541651 -1.286861 
0.756626 0.139412 -1.627655 
0.309452 -0.964825 -1.339938 
-0.247086 -0.980148 -1.653493 
-0.935966 -0.348195 -2.034367 
-1.154297 0.825888 -1.945298 
-0.850560 2.077554 -1.558840 
-0.595690 0.833403 -1.066594 
-0.009149 -0.873851 -0.628154 
0.276771 -0.521732 -0.562610 
0.421989 -0.926010 -0.938696 
0.049022 -0.153031 -2.043757 
-1.166985 0.628291 -2.068731 
-0.750233 0.296008 -0.840735 
-1.120867 -0.538011 0.122623 
-0.829049 -0.865872 0.924753 
-0.186990 -1.411055 0.889444 
0.657081 -1.821132 -0.073473 
0.628482 -0.518980 -0.973557 
-1.126529 -1.230922 -1.204753 
-0.725703 -0.973597 -0.780296 
-0.241570 0.363355 0.118928 
-1.126528 0.729753 0.691339 
-1.931263 0.201358 0.449823 
-2.527016 -0.724927 1.095804 
-3.527862 -1.052572 0.605476 
-3.572831 -0.557576 0.355493 
-2.890289 0.256126 0.099273 
-1.643036 0.972109 -0.244709 
-1.769905 1.110560 -1.179647 
-2.300687 0.822215 -0.758768 
-2.423807 -0.338970 -0.457290 
0.946293 -0.422339 3.477106 
1.901707 0.028917 4.658976 
1.529984 -0.313686 4.282040 
2.049764 -0.723055 4.435518 
2.179224 -0.896692 5.077401 
2.673746 -0.554937 5.531941 
2.730504 -1.468062 5.816856 
2.934734 -1.433946 5.782176 
2.904892 -0.521726 5.117364 
2.484351 -0.330796 3.957565 
2.004297 -0.084188 3.188584 
2.485670 -0.345734 2.668723 
2.575965 0.342083 3.397463 
3.756153 0.585005 3.639661 
3.384937 0.548528 3.437650 
3.425905 0.322664 3.260486 
3.271333 0.751407 3.906526 
3.614103 1.287319 4.152303 
3.214267 1.332384 4.338652 
2.965541 1.546301 4.161748 
3.105885 0.841066 4.859197 
3.324536 -0.361227 4.915258 
3.791580 0.360639 4.349168 
3.798278 1.053694 3.215624 
3.667072 1.417857 1.717709 
3.356777 2.090298 2.400196 
3.033334 1.800001 2.083597 
3.686133 1.517128 2.182291 
2.992916 1.353128 2.379954 
2.279882 2.058439 3.355197 
2.064601 1.598862 3.802764 
3.547300 0.871600 3.546054 
4.082599 1.396268 3.421040 
3.643158 0.708347 3.237359 
4.256239 -0.052363 2.624688 
4.211521 0.607003 2.481530 
3.791782 0.877501 2.143124 
2.585238 0.759414 2.402623 
3.907614 0.858253 3.156876 
3.247438 0.143659 3.201669 
3.782201 -0.860265 3.576250 
3.189765 -0.615307 3.160915 
3.578584 -0.245920 1.816919 
3.941801 -0.832656 0.925889 
3.504903 -0.885664 2.258064 
4.253136 -0.859690 2.200105 
4.691308 -1.402982 1.537349 
4.928695 -1.228839 1.443911 
4.600834 -1.668378 2.308556 
4.607512 -0.560748 2.555146 
4.512687 0.483466 1.645969 
3.319478 0.753813 0.637909 
2.409233 0.105322 0.212076 
2.874814 -0.774724 0.274454 
3.312026 -1.559058 -0.227258 
2.800156 -1.766763 1.132947 
2.889459 -1.481265 1.953182 
3.037411 -0.997239 1.792110 
4.132458 -1.370624 1.333474 
4.635102 -0.671408 0.612666 
3.876072 -0.650379 -0.019361 
3.422390 -0.161996 -0.105454 
4.412295 -0.161116 -0.471475 
3.155733 -2.277697 -2.049355 
1.388741 -2.228278 -0.867851 
1.502613 -1.691747 -0.549595 
2.098745 -0.908067 -1.351709 
1.167278 0.123246 -1.425140 
1.574722 -0.386436 -2.219692 
2.087842 -1.121642 -1.605786 
2.636030 -0.439133 -1.531547 
1.845412 0.894387 -1.177304 
1.251654 0.984913 -1.226572 
2.088952 0.207526 -1.283190 
1.913472 0.386137 -0.597552 
1.503440 -0.259552 0.362494 
2.323787 -0.144277 0.831501 
1.759283 0.496142 0.714425 
3.147467 0.787811 0.333769 
3.528195 0.382773 0.970322 
2.951617 1.324452 0.835722 
4.105161 0.915491 0.787981 
4.383511 0.903054 0.990673 
3.484539 1.111874 1.057116 
2.718735 0.602131 0.908860 
2.790692 -0.214055 0.454754 
2.561523 -0.585701 0.640195 
1.033068 -0.595171 -0.107561 
1.760395 0.464854 0.206125 
2.878824 0.988860 0.509179 
2.288194 1.289066 1.322090 
1.940322 1.607659 0.589115 
1.679816 0.722118 0.687846 
1.652272 0.010861 0.988114 
1.665700 -1.158544 1.031659 
1.643369 -0.277949 2.330639 
1.418687 1.058927 2.740575 
0.962012 0.868446 2.156270 
1.792393 1.380652 1.667709 
2.016301 2.408703 1.332398 
1.376288 2.492306 1.415817 
1.139502 2.717936 0.614778 
1.421064 2.547601 1.803110 
1.987797 2.959090 2.170513 
2.105698 3.533642 1.878600 
2.818943 2.669847 1.209948 
2.658203 2.638896 1.051912 
2.720420 2.109410 0.657247 
2.527750 1.889999 0.555819 
1.218168 2.021007 0.818070 
1.705301 2.709335 1.396899 
1.232214 2.991198 2.808796 
0.814779 2.181919 2.776497 
0.693926 2.346061 1.664095 
0.000642 2.559791 1.078734 
0.831683 1.837581 2.077115 
1.545335 2.022004 2.419422 
2.244773 2.781283 1.754066 
1.416864 3.581929 1.552278 
0.895987 4.047405 2.008569 
1.230893 2.758868 2.173896 
1.510417 1.478934 2.520273 
1.301934 2.041922 2.687393 
2.120662 2.660398 2.711228 
1.595955 3.580740 2.194124 
2.956305 2.923068 1.641869 
4.764445 4.445007 -0.417493 
3.328036 4.692430 -0.592063 
3.295659 5.267861 -0.890090 
3.574060 4.753149 -1.030079 
2.524793 3.651872 -1.500512 
1.881099 2.797821 -2.119968 
1.096398 2.395191 -2.950408 
1.486730 1.993825 -2.147151 
0.676835 2.833936 -1.925171 
0.823572 3.838793 -1.759700 
1.447345 4.815504 -0.906083 
0.020855 4.553551 -0.202607 
0.557333 4.120091 -0.409616 
-0.001170 3.396401 0.203373 
-0.121396 4.085045 -1.085273 
0.316925 4.387545 -1.580363 
-0.553111 4.272745 -1.945500 
-1.716297 2.862137 -1.969582 
-1.420436 2.918862 -1.933747 
0.080325 2.885044 -1.906214 
0.250955 3.624342 -2.579025 
0.888151 3.284206 -2.126544 
1.166343 1.663263 -1.968226 
0.361066 2.140107 -1.714116 
0.399558 2.519062 -2.520560 
-0.331918 2.771844 -2.657419 
-0.270493 3.182412 -1.761039 
-0.830062 3.670887 -1.877736 
-1.747813 4.190188 -1.909028 
-2.522425 4.252416 -2.599065 
-3.345349 3.546143 -2.391809 
-3.357719 2.800519 -2.222639 
-2.219426 1.797221 -1.520392 
-1.824069 2.055468 -1.714975 
-1.235284 1.504464 -1.661220 
-1.305443 1.569212 -2.359624 
-1.236945 2.911663 -2.568007 
-0.763533 2.424583 -2.180137 
-1.277754 2.039675 -1.733640 
-1.168492 1.855021 -1.150730 
-2.246591 1.574505 -1.703738 
-3.904049 1.592393 -1.662409 
-4.654983 2.256603 -1.434012 
-4.499138 3.205232 -1.419902 
-4.290966 4.174502 -1.467675 
-4.451357 3.877696 -1.643893 
-4.361194 3.752969 -2.372001 
-4.214382 3.769262 -2.847238 
-4.120626 4.500361 -2.157385 
-4.334583 4.091767 -1.779494 
-3.518585 4.197480 -0.925525 
-3.561499 4.306212 -1.785417 
-3.431059 4.237664 -2.874405 
-3.552823 3.530395 -3.029965 
-4.380621 2.826208 -2.673868 
-4.861955 2.255224 -2.558653 
-4.674056 2.943183 -2.874772 
-4.085131 4.685287 -2.523123 
-3.823178 5.188594 -2.946980 
-3.128791 4.474848 -3.023894 
-3.591426 3.548270 -2.022369 
-3.845147 3.210676 -1.468174 
-3.697290 4.052915 -2.072825 
-3.026114 5.090926 -1.983204 
-3.254881 5.835354 -2.373143 
-3.690324 6.672487 -3.554672 
-2.911345 0.579237 4.699599 
-1.715135 -0.260711 4.295191 
-0.920504 -0.208419 4.536859 
-0.252539 -0.479794 4.547233 
0.392745 0.145974 4.847767 
1.526109 1.736948 4.767307 
1.043137 1.334177 5.029605 
0.303338 1.279531 4.968523 
0.450978 1.563602 5.764231 
-0.041083 0.518394 4.817633 
-1.510503 -0.605575 4.706519 
-1.363650 -0.935277 4.671572 
-0.717185 -0.850475 5.007716 
-0.337256 -0.466479 4.948549 
-0.542008 0.324420 5.892285 
0.071576 -0.238501 5.642754 
1.229074 -0.146548 5.178869 
0.622703 -0.361129 4.411912 
1.183693 0.817617 4.778748 
0.805272 1.143640 5.621277 
0.704338 -0.621599 5.931571 
0.438871 -0.524482 6.102204 
0.394057 -0.198424 6.354299 
0.890390 -0.927204 6.399631 
0.962584 -0.162148 6.651651 
1.109771 -1.168492 6.396608 
0.795917 -2.073751 5.502066 
1.329992 -2.754802 5.511253 
1.424651 -2.398364 5.355283 
0.389985 -1.768905 6.041504 
0.457744 -2.284760 5.347121 
1.142186 -1.495873 4.670476 
1.658817 -1.622742 3.990320 
2.962596 -1.746019 4.422252 
3.164271 -1.836411 4.878607 
2.519464 -2.765603 4.899128 
2.080169 -2.515290 5.593013 
2.006260 -1.456338 5.908358 
1.297436 -0.688862 5.917430 
1.487158 -1.431840 5.240520 
1.883249 -2.185051 5.277878 
2.070062 -1.681961 4.319215 
2.326531 -0.961695 3.769614 
1.599775 -0.439144 5.187601 
2.630531 -1.525548 5.188611 
3.633244 -2.272981 4.536024 
3.671891 -2.552162 4.657438 
3.663886 -2.561723 4.191103 
3.631642 -2.449445 3.835252 
4.187772 -2.375403 3.554636 
4.134618 -2.036123 2.241597 
3.343430 -2.315033 2.046127 
3.583208 -2.489063 2.842407 
3.243915 -2.088530 3.602375 
4.228758 -0.803035 4.163835 
-4.592043 -4.040023 4.205152 
-3.031126 -3.915635 3.664721 
-1.919699 -3.153209 3.178557 
-1.809292 -2.753671 2.872297 
-0.914625 -3.843610 2.283803 
-0.617990 -4.012959 1.645040 
0.046642 -3.533502 2.793761 
1.278430 -4.411659 2.572349 
2.021141 -4.160484 1.802336 
1.773057 -3.442431 0.322270 
1.212580 -3.257092 1.243172 
1.751565 -2.487162 2.839140 
1.701027 -1.245365 2.325766 
2.054688 -1.337063 2.661392 
1.777378 -1.982856 3.222659 
1.915371 -2.800442 2.316708 
1.869880 -3.727046 1.367415 
3.002779 -3.431874 1.939886 
3.584194 -2.623160 2.367175 
3.107934 -3.191769 2.939815 
3.081772 -3.691212 2.463831 
3.355501 -3.961138 1.949123 
3.783703 -3.832799 1.311999 
3.268802 -4.492384 1.512557 
3.159325 -4.220970 0.791450 
2.818503 -3.746884 -0.417181 
3.255761 -3.730755 -0.351285 
3.751460 -4.195240 1.110060 
4.057097 -3.624588 0.924151 
4.596966 -2.838334 0.603228 
3.574956 -3.732252 0.748782 
4.200162 -2.915797 0.244804 
3.630192 -3.562859 0.079028 
3.743758 -4.169814 0.326248 
3.795828 -4.248253 0.767690 
3.997947 -3.493330 2.077621 
4.600055 -3.112314 1.550751 
4.905129 -2.154889 1.998331 
4.523466 -2.514089 2.134398 
3.832562 -2.198927 0.964179 
3.553126 -2.265675 0.268802 
2.246870 -2.955125 -0.004189 
1.384381 -2.150235 0.617139 
2.346160 -2.505359 0.392352 
2.725613 -1.805273 0.256510 
2.046591 -1.634261 0.665994 
2.399476 -0.942312 -0.015313 
2.282501 -1.555111 -0.673453 
3.312972 -2.523101 -0.195729 
3.365448 -2.464049 0.530432 
2.556096 -1.995109 1.249215 
2.441823 -2.625530 1.823338 
-4.137580 -4.988494 1.056434 
-3.242243 -4.007715 0.968477 
-2.496986 -3.305006 0.634924 
-0.983990 -2.705448 -0.323288 
-0.380896 -2.612324 -2.107248 
-1.098771 -2.891148 -3.240974 
-0.641011 -2.284328 -3.539328 
-0.329172 -2.705041 -2.671842 
-0.395804 -2.555250 -2.903898 
0.275182 -1.892406 -1.408068 
0.080503 -1.439382 -1.175559 
-0.416759 -1.842404 -1.916765 
-0.097680 -2.413113 -2.185080 
-0.339669 -3.788102 -1.357614 
-0.540304 -5.161654 -0.538262 
-0.725018 -4.464490 -0.003208 
-0.760251 -3.810306 -1.078687 
-1.254161 -3.308293 -2.852160 
-2.302243 -2.542553 -2.462095 
-3.204679 -2.835969 -2.329028 
-3.736555 -3.050509 -2.573408 
-3.854960 -2.308372 -1.658402 
-2.446738 -2.207568 -1.267702 
-2.138010 -1.836334 -1.284794 
-1.160277 -1.286736 -0.720152 
-1.467199 -1.799497 0.058914 
-1.447928 -1.529029 0.822599 
-1.051260 -0.304817 1.650810 
-1.535241 -0.540350 1.981607 
-1.450035 -0.570954 1.578557 
-0.444811 -0.689849 1.695150 
0.011267 -1.032449 1.493886 
-0.765761 -0.642957 1.729221 
-1.743073 -1.248822 1.041525 
-0.519228 -2.184232 0.751043 
-0.353808 -1.653475 1.057411 
0.239892 -1.117968 1.042502 
-0.450341 -1.498703 0.528966 
-0.867499 -0.885659 0.416361 
-1.483288 -1.031056 0.981111 
-1.868160 -0.906590 0.752571 
-2.250783 -0.919062 -0.128147 
-1.708742 -0.846119 0.655283 
-1.064363 -0.546880 1.144133 
-0.068534 -0.783019 1.182518 
-0.268131 -0.509971 0.922321 
0.133658 -0.243030 1.756855 
1.105028 -0.665682 1.091237 
0.775360 -0.922544 1.417996 
0.721610 -0.237713 1.789640 
4.726353 2.568793 2.831779 
3.484811 3.610074 2.403553 
3.502750 4.042032 1.946103 
3.691321 4.002224 2.861221 
3.341993 4.294723 2.302802 
2.351978 4.130484 0.994215 
1.616351 3.957267 2.722535 
0.765631 3.376504 3.978050 
1.326498 3.509610 3.661052 
1.100538 4.331886 3.149996 
1.712124 3.838377 3.792349 
1.940488 3.294919 3.887311 
1.808986 4.161447 2.428836 
0.279856 3.494127 2.763273 
0.057877 2.895028 2.065805 
-1.299936 2.717197 2.390782 
-0.251387 3.257883 2.118453 
0.836825 4.400863 1.274408 
0.577303 4.641258 0.981751 
0.005257 3.837971 2.104536 
-0.806836 3.113535 2.547391 
-1.577183 3.504320 3.174905 
-1.265094 3.337943 2.781863 
-1.404679 4.595712 3.606038 
-1.210949 5.986922 3.508284 
-1.440433 5.569285 3.181763 
-0.357985 4.544068 3.532976 
0.061358 4.285397 2.982006 
-0.655099 4.854380 3.445539 
-1.419934 4.624264 3.259311 
-1.565362 3.370069 3.439690 
-0.857980 2.730965 3.632621 
-0.913788 3.003731 3.891078 
-1.096769 2.470125 3.215973 
-0.459095 2.478540 3.253926 
0.619439 2.742110 3.593614 
-0.280284 4.078814 2.991948 
-1.188957 5.273640 2.585463 
-1.637754 5.295341 3.041030 
-1.538992 4.453607 2.655503 
-1.028188 4.691187 3.409831 
-1.075571 4.224245 4.260958 
-1.083907 3.544275 3.441824 
-0.571602 4.184730 3.158966 
-0.217388 4.486291 3.339838 
-0.661678 5.904547 2.410640 
-1.286339 5.744581 3.285855 
-1.992160 6.313876 3.168540 
3.409055 6.709361 2.602888 
2.702842 5.145908 1.902741 
1.838353 4.882739 2.723495 
2.099144 5.271385 1.786828 
2.597693 5.807067 1.150718 
2.670159 4.528914 0.958159 
2.585664 5.773380 1.875467 
3.124346 5.459739 2.064612 
3.294777 5.557982 2.794837 
2.654460 5.629996 3.317877 
1.975415 6.201676 3.174462 
1.623032 6.481420 1.818962 
0.967992 6.367990 0.529652 
1.246108 6.830215 0.821139 
1.716874 6.459744 1.350457 
1.021146 6.087472 1.818336 
1.305298 6.601824 2.258756 
1.944894 6.261969 2.342315 
1.153361 5.902266 3.317889 
0.372743 5.370272 2.812473 
0.517876 6.283167 1.750314 
0.124907 6.139863 1.100221 
0.143565 5.921486 1.679689 
-0.057465 5.055552 0.954581 
-0.208333 5.338836 -0.353305 
0.164056 6.445658 1.009967 
-0.110488 7.100950 2.180218 
0.058906 6.494158 2.481631 
-0.164757 5.999142 3.225981 
-1.119776 6.149997 2.688418 
-1.408278 6.495837 1.905149 
-1.069787 6.707888 1.951259 
7.006159 3.974938 2.393999 
6.354419 4.064326 3.488684 
5.701693 3.124935 3.875568 
4.960865 2.920800 2.457265 
4.059110 2.703181 0.974562 
4.438365 3.367716 1.459181 
3.935566 3.565113 2.640834 
3.901815 2.863310 3.629835 
4.360103 2.925495 2.683628 
4.806843 3.372050 2.432353 
4.231117 3.694237 3.646564 
3.091586 3.814424 4.818645 
2.509766 3.189994 5.272779 
2.879557 2.561759 5.873791 
4.250014 3.018091 6.508619 
5.364108 3.136408 5.996932 
5.960438 2.969672 4.766867 
5.560031 3.777558 4.356318 
4.091805 3.071790 4.807976 
4.072852 3.097198 3.966625 
3.105971 3.612047 4.004565 
3.458186 3.896844 3.930198 
2.768131 3.114390 4.291334 
2.285942 2.548632 5.043735 
2.561827 2.205843 5.010159 
2.566807 1.901783 4.749075 
2.567343 2.170727 4.541451 
2.544665 3.362886 4.099075 
3.326100 4.758264 3.856511 
3.190802 4.618059 2.776613 
3.215424 5.576899 2.381138 
2.630867 4.844708 2.845775 
2.636463 4.850896 3.932055 
2.250939 4.252149 4.598180 
2.193320 3.994274 5.372816 
2.287772 4.067125 5.067230 
2.520519 3.334355 4.947491 
3.863204 3.004807 4.363315 
2.687860 3.904023 4.107824 
1.323344 2.944464 5.071682 
1.288052 2.994670 5.765027 
1.088595 4.329321 5.346820 
0.766018 5.385563 4.509931 
1.547293 5.873211 3.784730 
1.480732 4.893206 4.826538 
0.762487 4.538578 5.754958 
0.885130 4.793635 5.241932 
1.813681 4.793840 4.535343 
1.492008 4.644877 4.202227 
1.058738 5.097601 4.289860 
-0.169942 5.254750 4.558034 
-0.112423 4.524814 4.224494 
-0.129292 2.910420 4.289596 
0.742256 2.993106 5.201017 
0.941981 4.478740 4.394194 
0.328653 4.499931 5.221125 
-0.657240 4.445625 4.748021 
-0.441013 3.315940 5.439371 
-0.743725 3.593602 4.708014 
-0.148173 3.717772 5.438935 
-0.156234 2.798170 5.929001 
0.189391 2.500189 5.958405 
0.961614 2.252885 5.611985 
1.413279 2.070689 6.556686 
2.068942 1.521786 7.109043 
2.790263 1.035491 6.572331 
2.751785 1.242816 5.426694 
1.960862 1.712997 4.581566 
1.635311 1.869638 4.243663 
0.569988 2.910815 3.975272 
0.563057 2.390024 4.815209 
-0.043376 3.479795 5.492738 
0.370984 3.052977 5.642802 
0.235351 2.228292 4.462239 
0.354921 1.090670 4.105357 
0.239539 0.785309 3.561453 
-0.352682 0.889792 4.073653 
-0.120827 -0.054167 3.646109 
0.598416 0.791286 3.574734 
0.777571 1.261062 4.808533 
0.587326 2.188306 6.309215 
0.585177 2.678093 6.181446 
0.818043 1.781440 6.524202 
1.201636 1.363993 6.847451 
2.223329 0.814319 6.010980 
2.328035 0.268486 5.846660 
1.650381 0.459099 6.268341 
1.573729 1.424116 6.147334 
2.305902 1.792108 6.015102 
3.710032 1.254464 7.065323 
