Snapshot 0 0.000000
-1.059368 0.016061 -0.094635 
-1.850042 0.089424 -0.702462 
-2.061839 0.881792 -0.130364 
-2.769754 0.589346 -0.773273 
-2.120900 1.190570 -1.239662 
-1.731857 0.984340 -2.137501 
-1.001700 0.308502 -2.036935 
-0.196451 0.488407 -1.471949 
0.421623 1.083551 -0.958347 
1.080697 0.333765 -1.017013 
0.555489 -0.470575 -1.294850 
0.328407 -0.330754 -0.331064 
0.655156 -0.776084 0.502552 
1.421069 -1.284520 0.109017 
1.772478 -1.746390 0.923380 
1.350034 -1.046353 1.499131 
1.921500 -1.066559 2.319507 
1.033413 -0.626390 2.451997 
1.384193 0.263793 2.161263 
0.867852 1.118076 2.221207 
Snapshot 10000 473.392268
-2.091391 0.259599 1.457988 
0.178138 0.320348 1.438232 
-1.181971 0.364077 2.541579 
-1.468520 0.949083 1.073806 
-2.696332 1.675211 1.171254 
-3.017487 0.490328 1.110332 
-2.528542 1.508287 2.225668 
-0.304845 1.541758 0.638407 
-1.186469 1.614790 1.734252 
0.306562 -0.010103 2.843144 
-1.050209 0.420175 1.778107 
-1.673325 -1.022825 2.659854 
-1.143233 -0.405535 2.376441 
0.181827 0.803011 2.000613 
-2.012844 -1.145842 0.986708 
-2.665457 -0.051037 2.066104 
-2.286569 0.696997 2.476167 
-0.248324 -0.870774 1.656031 
0.846526 -0.945119 1.880709 
-0.740641 -1.473110 2.059069 
