-8.3306 -38.0477 -45.5535
20.2781 -89.97 23.4846
8.90516 -49.6036 -13.9472
-20.8885 -83.9905 -35.939
-42.2216 -78.1934 -77.5212
-25.3738 -21.5762 -72.2584
-57.8779 -31.9574 -28.3693
-21.2798 -121.858 12.5048
-35.5018 -86.1164 -11.1458
61.4717 -86.5299 26.2324
27.2477 -85.9282 -16.5767
52.4924 -30.1582 -56.7506
54.6924 -78.9146 -37.682
-6.15268 -71.3989 42.376
30.6058 8.22288 -49.7196
25.0962 -57.2648 -80.1383
-2.05796 -64.8477 -66.7087
33.8622 -30.4724 7.96012
49.468 -27.6098 53.0035
77.8594 -32.0983 -13.1787
